SaveTime,SaveTimeUTC,DeviceName,PortName,InPkts,InOctets,OutPkts,OutOctets,InRatio,OutRatio
2024/05/24 星期五 00:00:00.930,1716480000930,NH-DC-NM129-B05-ROCE-Leaf-3.GPU.S9825,FourHundredGigE1/0/43,0,0,0,0,0,0
2024/05/24 星期五 00:00:01.433,1716480001433,NH-DC-NM129-B05-ROCE-Leaf-3.GPU.S9825,FourHundredGigE1/0/43,4192,11903844,510,41844,0.02,0
2024/05/24 星期五 00:04:14.360,1716480254360,NH-DC-NM129-B05-ROCE-Leaf-3.GPU.S9825,FourHundredGigE1/0/43,18120651,69992056454,16637451,64180101282,0.35,0.32
2024/05/24 星期五 00:04:14.927,1716480254927,NH-DC-NM129-B05-ROCE-Leaf-3.GPU.S9825,FourHundredGigE1/0/43,0,0,0,0,0,0
2024/05/24 星期五 00:04:15.428,1716480255428,NH-DC-NM129-B05-ROCE-Leaf-3.GPU.S9825,FourHundredGigE1/0/43,34088,2754408,17312,23756528,0,0.05
2024/05/24 星期五 00:04:16.462,1716480256462,NH-DC-NM129-B05-ROCE-Leaf-3.GPU.S9825,FourHundredGigE1/0/43,4209,11974530,1530,125200,0.01,0
2024/05/24 星期五 00:04:16.993,1716480256993,NH-DC-NM129-B05-ROCE-Leaf-3.GPU.S9825,FourHundredGigE1/0/43,0,0,0,0,0,0
2024/05/24 星期五 00:04:17.508,1716480257508,NH-DC-NM129-B05-ROCE-Leaf-3.GPU.S9825,FourHundredGigE1/0/43,47198,159823248,2584,224084,0.36,0
2024/05/24 星期五 00:04:18.071,1716480258071,NH-DC-NM129-B05-ROCE-Leaf-3.GPU.S9825,FourHundredGigE1/0/43,0,0,0,0,0,0
2024/05/24 星期五 00:04:18.576,1716480258576,NH-DC-NM129-B05-ROCE-Leaf-3.GPU.S9825,FourHundredGigE1/0/43,94530,381702344,10512,12021736,0.94,0.02
2024/05/24 星期五 00:04:19.079,1716480259079,NH-DC-NM129-B05-ROCE-Leaf-3.GPU.S9825,FourHundredGigE1/0/43,3652,16085156,3608,11839088,0.02,0.02
2024/05/24 星期五 00:04:19.717,1716480259717,NH-DC-NM129-B05-ROCE-Leaf-3.GPU.S9825,FourHundredGigE1/0/43,0,0,0,0,0,0
2024/05/24 星期五 00:04:20.388,1716480260388,NH-DC-NM129-B05-ROCE-Leaf-3.GPU.S9825,FourHundredGigE1/0/43,70413,272953978,60059,220068114,0.50,0.41
2024/05/24 星期五 00:04:20.904,1716480260904,NH-DC-NM129-B05-ROCE-Leaf-3.GPU.S9825,FourHundredGigE1/0/43,0,0,0,0,0,0
2024/05/24 星期五 00:04:21.404,1716480261404,NH-DC-NM129-B05-ROCE-Leaf-3.GPU.S9825,FourHundredGigE1/0/43,101801,395397882,23142,61087636,0.98,0.15
2024/05/24 星期五 00:04:21.905,1716480261905,NH-DC-NM129-B05-ROCE-Leaf-3.GPU.S9825,FourHundredGigE1/0/43,0,0,0,0,0,0
2024/05/24 星期五 00:04:22.429,1716480262429,NH-DC-NM129-B05-ROCE-Leaf-3.GPU.S9825,FourHundredGigE1/0/43,5352,431368,29762,104419460,0,0.24
2024/05/24 星期五 00:04:23.005,1716480263005,NH-DC-NM129-B05-ROCE-Leaf-3.GPU.S9825,FourHundredGigE1/0/43,76207,244486262,5990,5074960,0.52,0
2024/05/24 星期五 00:04:23.725,1716480263725,NH-DC-NM129-B05-ROCE-Leaf-3.GPU.S9825,FourHundredGigE1/0/43,12464,39657776,6749,12100822,0.05,0.02
2024/05/24 星期五 00:04:24.522,1716480264522,NH-DC-NM129-B05-ROCE-Leaf-3.GPU.S9825,FourHundredGigE1/0/43,0,0,0,0,0,0
2024/05/24 星期五 00:04:25.021,1716480265021,NH-DC-NM129-B05-ROCE-Leaf-3.GPU.S9825,FourHundredGigE1/0/43,0,0,0,0,0,0
2024/05/24 星期五 00:04:25.528,1716480265528,NH-DC-NM129-B05-ROCE-Leaf-3.GPU.S9825,FourHundredGigE1/0/43,108675,432499618,198411,784474554,1.06,1.92
2024/05/24 星期五 00:04:26.128,1716480266128,NH-DC-NM129-B05-ROCE-Leaf-3.GPU.S9825,FourHundredGigE1/0/43,13354,18780772,53682,196532172,0.02,0.40
2024/05/24 星期五 00:04:26.780,1716480266780,NH-DC-NM129-B05-ROCE-Leaf-3.GPU.S9825,FourHundredGigE1/0/43,0,0,0,0,0,0
2024/05/24 星期五 00:04:27.380,1716480267380,NH-DC-NM129-B05-ROCE-Leaf-3.GPU.S9825,FourHundredGigE1/0/43,5056,12130020,23769,82869158,0.02,0.17
2024/05/24 星期五 00:04:27.953,1716480267953,NH-DC-NM129-B05-ROCE-Leaf-3.GPU.S9825,FourHundredGigE1/0/43,0,0,0,0,0,0
2024/05/24 星期五 00:04:28.457,1716480268457,NH-DC-NM129-B05-ROCE-Leaf-3.GPU.S9825,FourHundredGigE1/0/43,23143,77112474,36315,101770582,0.17,0.25
2024/05/24 星期五 00:04:29.021,1716480269021,NH-DC-NM129-B05-ROCE-Leaf-3.GPU.S9825,FourHundredGigE1/0/43,25842,92548524,29395,67954446,0.20,0.13
2024/05/24 星期五 00:04:29.648,1716480269648,NH-DC-NM129-B05-ROCE-Leaf-3.GPU.S9825,FourHundredGigE1/0/43,0,0,0,0,0,0
2024/05/24 星期五 00:04:30.304,1716480270304,NH-DC-NM129-B05-ROCE-Leaf-3.GPU.S9825,FourHundredGigE1/0/43,14300,44369992,11668,34842636,0.08,0.06
2024/05/24 星期五 00:04:30.885,1716480270885,NH-DC-NM129-B05-ROCE-Leaf-3.GPU.S9825,FourHundredGigE1/0/43,0,0,0,0,0,0
2024/05/24 星期五 00:04:31.386,1716480271386,NH-DC-NM129-B05-ROCE-Leaf-3.GPU.S9825,FourHundredGigE1/0/43,50428,157331340,20756,72277868,0.37,0.17
2024/05/24 星期五 00:04:31.890,1716480271890,NH-DC-NM129-B05-ROCE-Leaf-3.GPU.S9825,FourHundredGigE1/0/43,0,0,0,0,0,0
2024/05/24 星期五 00:04:32.391,1716480272391,NH-DC-NM129-B05-ROCE-Leaf-3.GPU.S9825,FourHundredGigE1/0/43,123527,479056418,200579,784457250,1.17,1.95
2024/05/24 星期五 00:04:32.934,1716480272934,NH-DC-NM129-B05-ROCE-Leaf-3.GPU.S9825,FourHundredGigE1/0/43,0,0,0,0,0,0
2024/05/24 星期五 00:04:33.436,1716480273436,NH-DC-NM129-B05-ROCE-Leaf-3.GPU.S9825,FourHundredGigE1/0/43,8068,20594748,19699,68311750,0.05,0.15
2024/05/24 星期五 00:04:34.337,1716480274337,NH-DC-NM129-B05-ROCE-Leaf-3.GPU.S9825,FourHundredGigE1/0/43,69032,234612744,15261,53513738,0.32,0.07
2024/05/24 星期五 00:04:35.006,1716480275006,NH-DC-NM129-B05-ROCE-Leaf-3.GPU.S9825,FourHundredGigE1/0/43,0,0,0,0,0,0
2024/05/24 星期五 00:04:35.506,1716480275506,NH-DC-NM129-B05-ROCE-Leaf-3.GPU.S9825,FourHundredGigE1/0/43,35164,126698908,55392,149352320,0.3,0.35
2024/05/24 星期五 00:04:36.150,1716480276150,NH-DC-NM129-B05-ROCE-Leaf-3.GPU.S9825,FourHundredGigE1/0/43,43990,143883520,199059,793943814,0.27,1.53
2024/05/24 星期五 00:04:36.734,1716480276734,NH-DC-NM129-B05-ROCE-Leaf-3.GPU.S9825,FourHundredGigE1/0/43,0,0,0,0,0,0
2024/05/24 星期五 00:04:37.274,1716480277274,NH-DC-NM129-B05-ROCE-Leaf-3.GPU.S9825,FourHundredGigE1/0/43,24903,43117690,9585,29621990,0.09,0.05
2024/05/24 星期五 00:04:37.901,1716480277901,NH-DC-NM129-B05-ROCE-Leaf-3.GPU.S9825,FourHundredGigE1/0/43,0,0,0,0,0,0
2024/05/24 星期五 00:04:38.472,1716480278472,NH-DC-NM129-B05-ROCE-Leaf-3.GPU.S9825,FourHundredGigE1/0/43,7229,585610,32646,83316732,0,0.18
2024/05/24 星期五 00:04:38.993,1716480278993,NH-DC-NM129-B05-ROCE-Leaf-3.GPU.S9825,FourHundredGigE1/0/43,190887,744281126,223348,882620404,1.78,2.11
2024/05/24 星期五 00:04:39.636,1716480279636,NH-DC-NM129-B05-ROCE-Leaf-3.GPU.S9825,FourHundredGigE1/0/43,0,0,0,0,0,0
2024/05/24 星期五 00:04:40.210,1716480280210,NH-DC-NM129-B05-ROCE-Leaf-3.GPU.S9825,FourHundredGigE1/0/43,3258,264044,100004,403637620,0,0.87
2024/05/24 星期五 00:04:40.876,1716480280876,NH-DC-NM129-B05-ROCE-Leaf-3.GPU.S9825,FourHundredGigE1/0/43,0,0,0,0,0,0
2024/05/24 星期五 00:04:41.378,1716480281378,NH-DC-NM129-B05-ROCE-Leaf-3.GPU.S9825,FourHundredGigE1/0/43,27186,64560623,25730,72592544,0.15,0.17
2024/05/24 星期五 00:04:41.892,1716480281892,NH-DC-NM129-B05-ROCE-Leaf-3.GPU.S9825,FourHundredGigE1/0/43,0,0,0,0,0,0
2024/05/24 星期五 00:04:42.395,1716480282395,NH-DC-NM129-B05-ROCE-Leaf-3.GPU.S9825,FourHundredGigE1/0/43,37570,133290740,12274,42516708,0.32,0.10
2024/05/24 星期五 00:04:42.999,1716480282999,NH-DC-NM129-B05-ROCE-Leaf-3.GPU.S9825,FourHundredGigE1/0/43,0,0,0,0,0,0
2024/05/24 星期五 00:04:43.502,1716480283502,NH-DC-NM129-B05-ROCE-Leaf-3.GPU.S9825,FourHundredGigE1/0/43,305727,1227317510,203470,793396792,3.03,1.96
2024/05/24 星期五 00:04:44.037,1716480284037,NH-DC-NM129-B05-ROCE-Leaf-3.GPU.S9825,FourHundredGigE1/0/43,20119,35501222,18883,60867822,0.07,0.14
2024/05/24 星期五 00:04:44.685,1716480284685,NH-DC-NM129-B05-ROCE-Leaf-3.GPU.S9825,FourHundredGigE1/0/43,0,0,0,0,0,0
2024/05/24 星期五 00:04:45.299,1716480285299,NH-DC-NM129-B05-ROCE-Leaf-3.GPU.S9825,FourHundredGigE1/0/43,43550,103731312,59564,147212764,0.20,0.29
2024/05/24 星期五 00:04:48.112,1716480288112,NH-DC-NM129-B05-ROCE-Leaf-3.GPU.S9825,FourHundredGigE1/0/43,123679,448842850,87292,315943884,0.20,0.14
2024/05/24 星期五 00:04:49.868,1716480289868,NH-DC-NM129-B05-ROCE-Leaf-3.GPU.S9825,FourHundredGigE1/0/43,392,1438352,3108,11422840,0,0.01
2024/05/24 星期五 00:04:50.444,1716480290444,NH-DC-NM129-B05-ROCE-Leaf-3.GPU.S9825,FourHundredGigE1/0/43,9666,35835056,4159,11508670,0.07,0.02
2024/05/24 星期五 00:04:51.142,1716480291142,NH-DC-NM129-B05-ROCE-Leaf-3.GPU.S9825,FourHundredGigE1/0/43,273859,1083263366,179664,737850824,1.93,1.31
2024/05/24 星期五 00:04:51.663,1716480291663,NH-DC-NM129-B05-ROCE-Leaf-3.GPU.S9825,FourHundredGigE1/0/43,0,0,0,0,0,0
2024/05/24 星期五 00:04:52.172,1716480292172,NH-DC-NM129-B05-ROCE-Leaf-3.GPU.S9825,FourHundredGigE1/0/43,3867,10776566,4759,11557018,0.02,0.02
2024/05/24 星期五 00:04:52.782,1716480292782,NH-DC-NM129-B05-ROCE-Leaf-3.GPU.S9825,FourHundredGigE1/0/43,0,0,0,0,0,0
2024/05/24 星期五 00:04:53.287,1716480293287,NH-DC-NM129-B05-ROCE-Leaf-3.GPU.S9825,FourHundredGigE1/0/43,74011,207099262,3745,11850302,0.50,0.02
2024/05/24 星期五 00:04:53.838,1716480293838,NH-DC-NM129-B05-ROCE-Leaf-3.GPU.S9825,FourHundredGigE1/0/43,0,0,0,0,0,0
2024/05/24 星期五 00:04:54.456,1716480294456,NH-DC-NM129-B05-ROCE-Leaf-3.GPU.S9825,FourHundredGigE1/0/43,272454,939460352,89791,369786262,1.88,0.73
2024/05/24 星期五 00:04:55.192,1716480295192,NH-DC-NM129-B05-ROCE-Leaf-3.GPU.S9825,FourHundredGigE1/0/43,75188,29250886,39688,3209976,0.03,0
2024/05/24 星期五 00:04:55.736,1716480295736,NH-DC-NM129-B05-ROCE-Leaf-3.GPU.S9825,FourHundredGigE1/0/43,0,0,0,0,0,0
2024/05/24 星期五 00:04:56.327,1716480296327,NH-DC-NM129-B05-ROCE-Leaf-3.GPU.S9825,FourHundredGigE1/0/43,34680,14393750,4250,11891564,0.02,0.02
2024/05/24 星期五 00:04:56.902,1716480296902,NH-DC-NM129-B05-ROCE-Leaf-3.GPU.S9825,FourHundredGigE1/0/43,0,0,0,0,0,0
2024/05/24 星期五 00:04:57.403,1716480297403,NH-DC-NM129-B05-ROCE-Leaf-3.GPU.S9825,FourHundredGigE1/0/43,3390,274604,2599,203570,0,0
2024/05/24 星期五 00:04:58.079,1716480298079,NH-DC-NM129-B05-ROCE-Leaf-3.GPU.S9825,FourHundredGigE1/0/43,7109,11907346,13410,1091692,0.02,0
2024/05/24 星期五 00:04:58.646,1716480298646,NH-DC-NM129-B05-ROCE-Leaf-3.GPU.S9825,FourHundredGigE1/0/43,0,0,0,0,0,0
2024/05/24 星期五 00:04:59.149,1716480299149,NH-DC-NM129-B05-ROCE-Leaf-3.GPU.S9825,FourHundredGigE1/0/43,174073,651487770,8573,23960098,1.62,0.05
2024/05/24 星期五 00:04:59.721,1716480299721,NH-DC-NM129-B05-ROCE-Leaf-3.GPU.S9825,FourHundredGigE1/0/43,0,0,0,0,0,0
2024/05/24 星期五 00:05:00.281,1716480300281,NH-DC-NM129-B05-ROCE-Leaf-3.GPU.S9825,FourHundredGigE1/0/43,13414,28382704,38228,135797856,0.04,0.29
2024/05/24 星期五 00:05:00.821,1716480300821,NH-DC-NM129-B05-ROCE-Leaf-3.GPU.S9825,FourHundredGigE1/0/43,0,0,0,0,0,0
2024/05/24 星期五 00:05:01.350,1716480301350,NH-DC-NM129-B05-ROCE-Leaf-3.GPU.S9825,FourHundredGigE1/0/43,153948,576484960,339289,1355416374,1.35,3.19
2024/05/24 星期五 00:05:01.918,1716480301918,NH-DC-NM129-B05-ROCE-Leaf-3.GPU.S9825,FourHundredGigE1/0/43,0,0,0,0,0,0
2024/05/24 星期五 00:05:02.448,1716480302448,NH-DC-NM129-B05-ROCE-Leaf-3.GPU.S9825,FourHundredGigE1/0/43,9969,12370542,40945,144037538,0.02,0.33
2024/05/24 星期五 00:05:02.980,1716480302980,NH-DC-NM129-B05-ROCE-Leaf-3.GPU.S9825,FourHundredGigE1/0/43,0,0,0,0,0,0
2024/05/24 星期五 00:05:03.486,1716480303486,NH-DC-NM129-B05-ROCE-Leaf-3.GPU.S9825,FourHundredGigE1/0/43,40087,144613970,3624,290908,0.35,0
2024/05/24 星期五 00:05:04.008,1716480304008,NH-DC-NM129-B05-ROCE-Leaf-3.GPU.S9825,FourHundredGigE1/0/43,10855,30870038,11083,23467022,0.07,0.05
2024/05/24 星期五 00:05:04.528,1716480304528,NH-DC-NM129-B05-ROCE-Leaf-3.GPU.S9825,FourHundredGigE1/0/43,0,0,0,0,0,0
2024/05/24 星期五 00:05:05.151,1716480305151,NH-DC-NM129-B05-ROCE-Leaf-3.GPU.S9825,FourHundredGigE1/0/43,96378,392158084,42828,143127340,0.78,0.28
2024/05/24 星期五 00:05:05.709,1716480305709,NH-DC-NM129-B05-ROCE-Leaf-3.GPU.S9825,FourHundredGigE1/0/43,0,0,0,0,0,0
2024/05/24 星期五 00:05:06.210,1716480306210,NH-DC-NM129-B05-ROCE-Leaf-3.GPU.S9825,FourHundredGigE1/0/43,27323,83288178,8751,19859410,0.20,0.02
2024/05/24 星期五 00:05:06.813,1716480306813,NH-DC-NM129-B05-ROCE-Leaf-3.GPU.S9825,FourHundredGigE1/0/43,0,0,0,0,0,0
2024/05/24 星期五 00:05:07.313,1716480307313,NH-DC-NM129-B05-ROCE-Leaf-3.GPU.S9825,FourHundredGigE1/0/43,7778,631488,31778,92198232,0,0.22
2024/05/24 星期五 00:05:07.904,1716480307904,NH-DC-NM129-B05-ROCE-Leaf-3.GPU.S9825,FourHundredGigE1/0/43,0,0,0,0,0,0
2024/05/24 星期五 00:05:08.553,1716480308553,NH-DC-NM129-B05-ROCE-Leaf-3.GPU.S9825,FourHundredGigE1/0/43,53331,162124534,208183,838036558,0.31,1.60
2024/05/24 星期五 00:05:09.074,1716480309074,NH-DC-NM129-B05-ROCE-Leaf-3.GPU.S9825,FourHundredGigE1/0/43,28891,77960602,68355,236658522,0.17,0.55
2024/05/24 星期五 00:05:09.625,1716480309625,NH-DC-NM129-B05-ROCE-Leaf-3.GPU.S9825,FourHundredGigE1/0/43,0,0,0,0,0,0
2024/05/24 星期五 00:05:10.235,1716480310235,NH-DC-NM129-B05-ROCE-Leaf-3.GPU.S9825,FourHundredGigE1/0/43,46271,131627946,15930,55396884,0.27,0.10
2024/05/24 星期五 00:05:10.784,1716480310784,NH-DC-NM129-B05-ROCE-Leaf-3.GPU.S9825,FourHundredGigE1/0/43,0,0,0,0,0,0
2024/05/24 星期五 00:05:11.285,1716480311285,NH-DC-NM129-B05-ROCE-Leaf-3.GPU.S9825,FourHundredGigE1/0/43,24495,66505941,12004,34432364,0.15,0.07
2024/05/24 星期五 00:05:11.929,1716480311929,NH-DC-NM129-B05-ROCE-Leaf-3.GPU.S9825,FourHundredGigE1/0/43,0,0,0,0,0,0
2024/05/24 星期五 00:05:12.475,1716480312475,NH-DC-NM129-B05-ROCE-Leaf-3.GPU.S9825,FourHundredGigE1/0/43,189572,750045748,563827,2330424962,1.72,5.33
2024/05/24 星期五 00:05:12.975,1716480312975,NH-DC-NM129-B05-ROCE-Leaf-3.GPU.S9825,FourHundredGigE1/0/43,0,0,0,0,0,0
2024/05/24 星期五 00:05:13.474,1716480313474,NH-DC-NM129-B05-ROCE-Leaf-3.GPU.S9825,FourHundredGigE1/0/43,19454,52628080,5650,15516264,0.13,0.03
2024/05/24 星期五 00:05:14.033,1716480314033,NH-DC-NM129-B05-ROCE-Leaf-3.GPU.S9825,FourHundredGigE1/0/43,8970,21016168,28182,100955752,0.04,0.22
2024/05/24 星期五 00:05:14.585,1716480314585,NH-DC-NM129-B05-ROCE-Leaf-3.GPU.S9825,FourHundredGigE1/0/43,0,0,0,0,0,0
2024/05/24 星期五 00:05:15.091,1716480315091,NH-DC-NM129-B05-ROCE-Leaf-3.GPU.S9825,FourHundredGigE1/0/43,190851,770295086,203847,829107906,1.90,2.03
2024/05/24 星期五 00:05:15.629,1716480315629,NH-DC-NM129-B05-ROCE-Leaf-3.GPU.S9825,FourHundredGigE1/0/43,0,0,0,0,0,0
2024/05/24 星期五 00:05:16.130,1716480316130,NH-DC-NM129-B05-ROCE-Leaf-3.GPU.S9825,FourHundredGigE1/0/43,9597,21077978,71466,284778072,0.05,0.70
2024/05/24 星期五 00:05:16.790,1716480316790,NH-DC-NM129-B05-ROCE-Leaf-3.GPU.S9825,FourHundredGigE1/0/43,0,0,0,0,0,0
2024/05/24 星期五 00:05:17.307,1716480317307,NH-DC-NM129-B05-ROCE-Leaf-3.GPU.S9825,FourHundredGigE1/0/43,11617,23919398,6067,11663182,0.05,0.02
2024/05/24 星期五 00:05:17.886,1716480317886,NH-DC-NM129-B05-ROCE-Leaf-3.GPU.S9825,FourHundredGigE1/0/43,0,0,0,0,0,0
2024/05/24 星期五 00:05:18.514,1716480318514,NH-DC-NM129-B05-ROCE-Leaf-3.GPU.S9825,FourHundredGigE1/0/43,26760,75879494,48638,168932852,0.14,0.32
2024/05/24 星期五 00:05:19.033,1716480319033,NH-DC-NM129-B05-ROCE-Leaf-3.GPU.S9825,FourHundredGigE1/0/43,0,0,0,0,0,0
2024/05/24 星期五 00:05:19.536,1716480319536,NH-DC-NM129-B05-ROCE-Leaf-3.GPU.S9825,FourHundredGigE1/0/43,217290,873867658,212698,825258852,2.16,2.04
2024/05/24 星期五 00:05:20.166,1716480320166,NH-DC-NM129-B05-ROCE-Leaf-3.GPU.S9825,FourHundredGigE1/0/43,19592,60920612,17596,47791064,0.12,0.08
2024/05/24 星期五 00:05:20.739,1716480320739,NH-DC-NM129-B05-ROCE-Leaf-3.GPU.S9825,FourHundredGigE1/0/43,0,0,0,0,0,0
2024/05/24 星期五 00:05:21.240,1716480321240,NH-DC-NM129-B05-ROCE-Leaf-3.GPU.S9825,FourHundredGigE1/0/43,21920,75813624,3119,11424038,0.17,0.02
2024/05/24 星期五 00:05:21.857,1716480321857,NH-DC-NM129-B05-ROCE-Leaf-3.GPU.S9825,FourHundredGigE1/0/43,0,0,0,0,0,0
2024/05/24 星期五 00:05:22.486,1716480322486,NH-DC-NM129-B05-ROCE-Leaf-3.GPU.S9825,FourHundredGigE1/0/43,16304,24015488,166715,654011262,0.04,1.29
2024/05/24 星期五 00:05:22.985,1716480322985,NH-DC-NM129-B05-ROCE-Leaf-3.GPU.S9825,FourHundredGigE1/0/43,0,0,0,0,0,0
2024/05/24 星期五 00:05:23.542,1716480323542,NH-DC-NM129-B05-ROCE-Leaf-3.GPU.S9825,FourHundredGigE1/0/43,32999,74931966,107784,428076164,0.16,0.94
2024/05/24 星期五 00:05:24.366,1716480324366,NH-DC-NM129-B05-ROCE-Leaf-3.GPU.S9825,FourHundredGigE1/0/43,8824,15649492,14562,52180912,0.02,0.08
2024/05/24 星期五 00:05:24.961,1716480324961,NH-DC-NM129-B05-ROCE-Leaf-3.GPU.S9825,FourHundredGigE1/0/43,0,0,0,0,0,0
2024/05/24 星期五 00:05:25.461,1716480325461,NH-DC-NM129-B05-ROCE-Leaf-3.GPU.S9825,FourHundredGigE1/0/43,42864,161218404,13513,45424102,0.4,0.1
2024/05/24 星期五 00:05:25.972,1716480325972,NH-DC-NM129-B05-ROCE-Leaf-3.GPU.S9825,FourHundredGigE1/0/43,0,0,0,0,0,0
2024/05/24 星期五 00:05:26.542,1716480326542,NH-DC-NM129-B05-ROCE-Leaf-3.GPU.S9825,FourHundredGigE1/0/43,139770,542660852,138317,540592318,1.18,1.18
2024/05/24 星期五 00:05:27.078,1716480327078,NH-DC-NM129-B05-ROCE-Leaf-3.GPU.S9825,FourHundredGigE1/0/43,3603,2535134,39947,126575054,0,0.28
2024/05/24 星期五 00:05:27.673,1716480327673,NH-DC-NM129-B05-ROCE-Leaf-3.GPU.S9825,FourHundredGigE1/0/43,0,0,0,0,0,0
2024/05/24 星期五 00:05:28.396,1716480328396,NH-DC-NM129-B05-ROCE-Leaf-3.GPU.S9825,FourHundredGigE1/0/43,21453,66951954,10912,40888496,0.10,0.07
2024/05/24 星期五 00:05:28.967,1716480328967,NH-DC-NM129-B05-ROCE-Leaf-3.GPU.S9825,FourHundredGigE1/0/43,6427,23645814,16776,60697828,0.04,0.13
2024/05/24 星期五 00:05:29.486,1716480329486,NH-DC-NM129-B05-ROCE-Leaf-3.GPU.S9825,FourHundredGigE1/0/43,0,0,0,0,0,0
2024/05/24 星期五 00:05:30.187,1716480330187,NH-DC-NM129-B05-ROCE-Leaf-3.GPU.S9825,FourHundredGigE1/0/43,443308,1833711392,33332,106386044,3.26,0.18
2024/05/24 星期五 00:05:30.772,1716480330772,NH-DC-NM129-B05-ROCE-Leaf-3.GPU.S9825,FourHundredGigE1/0/43,0,0,0,0,0,0
2024/05/24 星期五 00:05:31.329,1716480331329,NH-DC-NM129-B05-ROCE-Leaf-3.GPU.S9825,FourHundredGigE1/0/43,10753,31502794,29889,99497006,0.07,0.20
2024/05/24 星期五 00:05:31.959,1716480331959,NH-DC-NM129-B05-ROCE-Leaf-3.GPU.S9825,FourHundredGigE1/0/43,1150,162480,3614,11464420,0,0.02
2024/05/24 星期五 00:05:32.561,1716480332561,NH-DC-NM129-B05-ROCE-Leaf-3.GPU.S9825,FourHundredGigE1/0/43,0,0,0,0,0,0
2024/05/24 星期五 00:05:33.061,1716480333061,NH-DC-NM129-B05-ROCE-Leaf-3.GPU.S9825,FourHundredGigE1/0/43,25058,87886304,79085,293882454,0.2,0.72
2024/05/24 星期五 00:05:33.811,1716480333811,NH-DC-NM129-B05-ROCE-Leaf-3.GPU.S9825,FourHundredGigE1/0/43,32815,78576390,6252,20071684,0.12,0.03
2024/05/24 星期五 00:05:34.603,1716480334603,NH-DC-NM129-B05-ROCE-Leaf-3.GPU.S9825,FourHundredGigE1/0/43,0,0,0,0,0,0
2024/05/24 星期五 00:05:35.207,1716480335207,NH-DC-NM129-B05-ROCE-Leaf-3.GPU.S9825,FourHundredGigE1/0/43,37720,127952400,28518,79764348,0.25,0.14
2024/05/24 星期五 00:05:35.789,1716480335789,NH-DC-NM129-B05-ROCE-Leaf-3.GPU.S9825,FourHundredGigE1/0/43,0,0,0,0,0,0
2024/05/24 星期五 00:05:36.316,1716480336316,NH-DC-NM129-B05-ROCE-Leaf-3.GPU.S9825,FourHundredGigE1/0/43,47450,173269052,76082,301190212,0.40,0.71
2024/05/24 星期五 00:05:36.935,1716480336935,NH-DC-NM129-B05-ROCE-Leaf-3.GPU.S9825,FourHundredGigE1/0/43,0,0,0,0,0,0
2024/05/24 星期五 00:05:37.515,1716480337515,NH-DC-NM129-B05-ROCE-Leaf-3.GPU.S9825,FourHundredGigE1/0/43,11187,23793194,89083,368863894,0.04,0.78
2024/05/24 星期五 00:05:38.132,1716480338132,NH-DC-NM129-B05-ROCE-Leaf-3.GPU.S9825,FourHundredGigE1/0/43,21809,81876062,6809,22894654,0.16,0.04
2024/05/24 星期五 00:05:38.677,1716480338677,NH-DC-NM129-B05-ROCE-Leaf-3.GPU.S9825,FourHundredGigE1/0/43,0,0,0,0,0,0
2024/05/24 星期五 00:05:39.273,1716480339273,NH-DC-NM129-B05-ROCE-Leaf-3.GPU.S9825,FourHundredGigE1/0/43,19296,72533384,2537,212834,0.15,0
2024/05/24 星期五 00:05:39.773,1716480339773,NH-DC-NM129-B05-ROCE-Leaf-3.GPU.S9825,FourHundredGigE1/0/43,0,0,0,0,0,0
2024/05/24 星期五 00:05:40.275,1716480340275,NH-DC-NM129-B05-ROCE-Leaf-3.GPU.S9825,FourHundredGigE1/0/43,33642,59863740,123583,459733438,0.12,1.12
2024/05/24 星期五 00:05:40.851,1716480340851,NH-DC-NM129-B05-ROCE-Leaf-3.GPU.S9825,FourHundredGigE1/0/43,0,0,0,0,0,0
2024/05/24 星期五 00:05:41.391,1716480341391,NH-DC-NM129-B05-ROCE-Leaf-3.GPU.S9825,FourHundredGigE1/0/43,289009,1174447289,55963,183126202,2.71,0.42
2024/05/24 星期五 00:05:41.992,1716480341992,NH-DC-NM129-B05-ROCE-Leaf-3.GPU.S9825,FourHundredGigE1/0/43,46262,149979936,44663,147136618,0.29,0.29
2024/05/24 星期五 00:05:42.551,1716480342551,NH-DC-NM129-B05-ROCE-Leaf-3.GPU.S9825,FourHundredGigE1/0/43,0,0,0,0,0,0
2024/05/24 星期五 00:05:43.053,1716480343053,NH-DC-NM129-B05-ROCE-Leaf-3.GPU.S9825,FourHundredGigE1/0/43,0,0,0,0,0,0
2024/05/24 星期五 00:05:43.553,1716480343553,NH-DC-NM129-B05-ROCE-Leaf-3.GPU.S9825,FourHundredGigE1/0/43,5254,11761716,31046,109784240,0.02,0.25
2024/05/24 星期五 00:05:44.187,1716480344187,NH-DC-NM129-B05-ROCE-Leaf-3.GPU.S9825,FourHundredGigE1/0/43,87633,315394842,24081,47772782,0.61,0.08
2024/05/24 星期五 00:05:44.786,1716480344786,NH-DC-NM129-B05-ROCE-Leaf-3.GPU.S9825,FourHundredGigE1/0/43,0,0,0,0,0,0
2024/05/24 星期五 00:05:45.420,1716480345420,NH-DC-NM129-B05-ROCE-Leaf-3.GPU.S9825,FourHundredGigE1/0/43,19440,63237016,35356,88150392,0.12,0.16
2024/05/24 星期五 00:05:47.458,1716480347458,NH-DC-NM129-B05-ROCE-Leaf-3.GPU.S9825,FourHundredGigE1/0/43,17359,59318870,9943,34784518,0.03,0.02
2024/05/24 星期五 00:05:48.095,1716480348095,NH-DC-NM129-B05-ROCE-Leaf-3.GPU.S9825,FourHundredGigE1/0/43,229132,912266036,274982,1107272080,1.79,2.16
2024/05/24 星期五 00:05:48.717,1716480348717,NH-DC-NM129-B05-ROCE-Leaf-3.GPU.S9825,FourHundredGigE1/0/43,0,0,0,0,0,0
2024/05/24 星期五 00:05:49.246,1716480349246,NH-DC-NM129-B05-ROCE-Leaf-3.GPU.S9825,FourHundredGigE1/0/43,76662,247159256,14553,52179854,0.57,0.12
2024/05/24 星期五 00:05:49.884,1716480349884,NH-DC-NM129-B05-ROCE-Leaf-3.GPU.S9825,FourHundredGigE1/0/43,0,0,0,0,0,0
2024/05/24 星期五 00:05:50.472,1716480350472,NH-DC-NM129-B05-ROCE-Leaf-3.GPU.S9825,FourHundredGigE1/0/43,5035,17863670,1029,88742,0.02,0
2024/05/24 星期五 00:05:51.106,1716480351106,NH-DC-NM129-B05-ROCE-Leaf-3.GPU.S9825,FourHundredGigE1/0/43,48342,146625548,62559,253391192,0.28,0.49
2024/05/24 星期五 00:05:51.846,1716480351846,NH-DC-NM129-B05-ROCE-Leaf-3.GPU.S9825,FourHundredGigE1/0/43,0,0,0,0,0,0
2024/05/24 星期五 00:05:52.348,1716480352348,NH-DC-NM129-B05-ROCE-Leaf-3.GPU.S9825,FourHundredGigE1/0/43,107358,416654476,329002,1335482154,1.02,3.31
2024/05/24 星期五 00:05:52.903,1716480352903,NH-DC-NM129-B05-ROCE-Leaf-3.GPU.S9825,FourHundredGigE1/0/43,0,0,0,0,0,0
2024/05/24 星期五 00:05:53.477,1716480353477,NH-DC-NM129-B05-ROCE-Leaf-3.GPU.S9825,FourHundredGigE1/0/43,41399,155800982,19402,67997508,0.33,0.13
2024/05/24 星期五 00:05:54.000,1716480354000,NH-DC-NM129-B05-ROCE-Leaf-3.GPU.S9825,FourHundredGigE1/0/43,10701,12427698,37361,135704722,0.02,0.31
2024/05/24 星期五 00:05:54.851,1716480354851,NH-DC-NM129-B05-ROCE-Leaf-3.GPU.S9825,FourHundredGigE1/0/43,227616,921570800,135677,494520070,1.35,0.72
2024/05/24 星期五 00:05:55.636,1716480355636,NH-DC-NM129-B05-ROCE-Leaf-3.GPU.S9825,FourHundredGigE1/0/43,0,0,0,0,0,0
2024/05/24 星期五 00:05:56.246,1716480356246,NH-DC-NM129-B05-ROCE-Leaf-3.GPU.S9825,FourHundredGigE1/0/43,35159,123079566,51412,193504924,0.25,0.39
2024/05/24 星期五 00:05:56.870,1716480356870,NH-DC-NM129-B05-ROCE-Leaf-3.GPU.S9825,FourHundredGigE1/0/43,0,0,0,0,0,0
2024/05/24 星期五 00:05:57.538,1716480357538,NH-DC-NM129-B05-ROCE-Leaf-3.GPU.S9825,FourHundredGigE1/0/43,101805,328080762,112200,450663508,0.60,0.84
2024/05/24 星期五 00:05:58.039,1716480358039,NH-DC-NM129-B05-ROCE-Leaf-3.GPU.S9825,FourHundredGigE1/0/43,13417,45915550,25060,63402552,0.10,0.15
2024/05/24 星期五 00:05:58.786,1716480358786,NH-DC-NM129-B05-ROCE-Leaf-3.GPU.S9825,FourHundredGigE1/0/43,0,0,0,0,0,0
2024/05/24 星期五 00:05:59.444,1716480359444,NH-DC-NM129-B05-ROCE-Leaf-3.GPU.S9825,FourHundredGigE1/0/43,116567,438730582,99363,361623562,0.82,0.68
2024/05/24 星期五 00:05:59.948,1716480359948,NH-DC-NM129-B05-ROCE-Leaf-3.GPU.S9825,FourHundredGigE1/0/43,29128,84817624,23640,71608872,0.20,0.17
2024/05/24 星期五 00:06:00.526,1716480360526,NH-DC-NM129-B05-ROCE-Leaf-3.GPU.S9825,FourHundredGigE1/0/43,0,0,0,0,0,0
2024/05/24 星期五 00:06:01.509,1716480361509,NH-DC-NM129-B05-ROCE-Leaf-3.GPU.S9825,FourHundredGigE1/0/43,38330,64276914,62561,229068890,0.08,0.28
2024/05/24 星期五 00:06:02.157,1716480362157,NH-DC-NM129-B05-ROCE-Leaf-3.GPU.S9825,FourHundredGigE1/0/43,77045,269826704,119873,472679038,0.50,0.91
2024/05/24 星期五 00:06:02.802,1716480362802,NH-DC-NM129-B05-ROCE-Leaf-3.GPU.S9825,FourHundredGigE1/0/43,0,0,0,0,0,0
2024/05/24 星期五 00:06:03.305,1716480363305,NH-DC-NM129-B05-ROCE-Leaf-3.GPU.S9825,FourHundredGigE1/0/43,306809,1253153298,97811,392671442,3.11,0.97
2024/05/24 星期五 00:06:03.873,1716480363873,NH-DC-NM129-B05-ROCE-Leaf-3.GPU.S9825,FourHundredGigE1/0/43,0,0,0,0,0,0
2024/05/24 星期五 00:06:04.445,1716480364445,NH-DC-NM129-B05-ROCE-Leaf-3.GPU.S9825,FourHundredGigE1/0/43,6167,513946,8619,714322,0,0
2024/05/24 星期五 00:06:04.946,1716480364946,NH-DC-NM129-B05-ROCE-Leaf-3.GPU.S9825,FourHundredGigE1/0/43,0,0,0,0,0,0
2024/05/24 星期五 00:06:05.454,1716480365454,NH-DC-NM129-B05-ROCE-Leaf-3.GPU.S9825,FourHundredGigE1/0/43,59772,183283788,10367,12373038,0.44,0.02
2024/05/24 星期五 00:06:06.183,1716480366183,NH-DC-NM129-B05-ROCE-Leaf-3.GPU.S9825,FourHundredGigE1/0/43,115320,359921816,211798,834601676,0.60,1.42
2024/05/24 星期五 00:06:06.684,1716480366684,NH-DC-NM129-B05-ROCE-Leaf-3.GPU.S9825,FourHundredGigE1/0/43,0,0,0,0,0,0
2024/05/24 星期五 00:06:07.185,1716480367185,NH-DC-NM129-B05-ROCE-Leaf-3.GPU.S9825,FourHundredGigE1/0/43,27736,85909096,43582,141004332,0.20,0.35
2024/05/24 星期五 00:06:07.839,1716480367839,NH-DC-NM129-B05-ROCE-Leaf-3.GPU.S9825,FourHundredGigE1/0/43,0,0,0,0,0,0
2024/05/24 星期五 00:06:08.370,1716480368370,NH-DC-NM129-B05-ROCE-Leaf-3.GPU.S9825,FourHundredGigE1/0/43,52415,202737534,23193,75974630,0.47,0.16
2024/05/24 星期五 00:06:09.094,1716480369094,NH-DC-NM129-B05-ROCE-Leaf-3.GPU.S9825,FourHundredGigE1/0/43,17315,20310054,11420,12469960,0.03,0.02
2024/05/24 星期五 00:06:09.783,1716480369783,NH-DC-NM129-B05-ROCE-Leaf-3.GPU.S9825,FourHundredGigE1/0/43,0,0,0,0,0,0
2024/05/24 星期五 00:06:10.304,1716480370304,NH-DC-NM129-B05-ROCE-Leaf-3.GPU.S9825,FourHundredGigE1/0/43,70066,211077936,377962,1536547388,0.50,3.67
2024/05/24 星期五 00:06:10.834,1716480370834,NH-DC-NM129-B05-ROCE-Leaf-3.GPU.S9825,FourHundredGigE1/0/43,0,0,0,0,0,0
2024/05/24 星期五 00:06:11.337,1716480371337,NH-DC-NM129-B05-ROCE-Leaf-3.GPU.S9825,FourHundredGigE1/0/43,9470,18987479,17095,52653382,0.02,0.12
2024/05/24 星期五 00:06:11.839,1716480371839,NH-DC-NM129-B05-ROCE-Leaf-3.GPU.S9825,FourHundredGigE1/0/43,0,0,0,0,0,0
2024/05/24 星期五 00:06:12.573,1716480372573,NH-DC-NM129-B05-ROCE-Leaf-3.GPU.S9825,FourHundredGigE1/0/43,13448,28447964,416,31184,0.03,0
2024/05/24 星期五 00:06:13.136,1716480373136,NH-DC-NM129-B05-ROCE-Leaf-3.GPU.S9825,FourHundredGigE1/0/43,118265,451601076,24631,72506310,1.00,0.16
2024/05/24 星期五 00:06:13.638,1716480373638,NH-DC-NM129-B05-ROCE-Leaf-3.GPU.S9825,FourHundredGigE1/0/43,0,0,0,0,0,0
2024/05/24 星期五 00:06:14.141,1716480374141,NH-DC-NM129-B05-ROCE-Leaf-3.GPU.S9825,FourHundredGigE1/0/43,43638,133444010,63735,185079234,0.32,0.45
2024/05/24 星期五 00:06:14.789,1716480374789,NH-DC-NM129-B05-ROCE-Leaf-3.GPU.S9825,FourHundredGigE1/0/43,0,0,0,0,0,0
2024/05/24 星期五 00:06:15.290,1716480375290,NH-DC-NM129-B05-ROCE-Leaf-3.GPU.S9825,FourHundredGigE1/0/43,34596,91083404,25847,72616646,0.22,0.17
2024/05/24 星期五 00:06:16.102,1716480376102,NH-DC-NM129-B05-ROCE-Leaf-3.GPU.S9825,FourHundredGigE1/0/43,111267,360830486,37652,127774772,0.55,0.18
2024/05/24 星期五 00:06:16.664,1716480376664,NH-DC-NM129-B05-ROCE-Leaf-3.GPU.S9825,FourHundredGigE1/0/43,0,0,0,0,0,0
2024/05/24 星期五 00:06:17.166,1716480377166,NH-DC-NM129-B05-ROCE-Leaf-3.GPU.S9825,FourHundredGigE1/0/43,323962,1317119656,241281,823215962,3.26,2.04
2024/05/24 星期五 00:06:17.716,1716480377716,NH-DC-NM129-B05-ROCE-Leaf-3.GPU.S9825,FourHundredGigE1/0/43,0,0,0,0,0,0
2024/05/24 星期五 00:06:18.332,1716480378332,NH-DC-NM129-B05-ROCE-Leaf-3.GPU.S9825,FourHundredGigE1/0/43,3645,11630178,509,41778,0.02,0
2024/05/24 星期五 00:06:18.838,1716480378838,NH-DC-NM129-B05-ROCE-Leaf-3.GPU.S9825,FourHundredGigE1/0/43,3697,11932202,2018,166036,0.02,0
2024/05/24 星期五 00:06:19.647,1716480379647,NH-DC-NM129-B05-ROCE-Leaf-3.GPU.S9825,FourHundredGigE1/0/43,0,0,0,0,0,0
2024/05/24 星期五 00:06:20.154,1716480380154,NH-DC-NM129-B05-ROCE-Leaf-3.GPU.S9825,FourHundredGigE1/0/43,266834,905596244,183596,738177412,2.22,1.80
2024/05/24 星期五 00:06:20.665,1716480380665,NH-DC-NM129-B05-ROCE-Leaf-3.GPU.S9825,FourHundredGigE1/0/43,0,0,0,0,0,0
2024/05/24 星期五 00:06:21.166,1716480381166,NH-DC-NM129-B05-ROCE-Leaf-3.GPU.S9825,FourHundredGigE1/0/43,165622,553463780,6827,23270750,1.37,0.05
2024/05/24 星期五 00:06:21.802,1716480381802,NH-DC-NM129-B05-ROCE-Leaf-3.GPU.S9825,FourHundredGigE1/0/43,0,0,0,0,0,0
2024/05/24 星期五 00:06:22.338,1716480382338,NH-DC-NM129-B05-ROCE-Leaf-3.GPU.S9825,FourHundredGigE1/0/43,45115,26849158,6620,12090224,0.05,0.02
2024/05/24 星期五 00:06:23.062,1716480383062,NH-DC-NM129-B05-ROCE-Leaf-3.GPU.S9825,FourHundredGigE1/0/43,54400,27519640,518,42548,0.03,0
2024/05/24 星期五 00:06:23.615,1716480383615,NH-DC-NM129-B05-ROCE-Leaf-3.GPU.S9825,FourHundredGigE1/0/43,0,0,0,0,0,0
2024/05/24 星期五 00:06:24.198,1716480384198,NH-DC-NM129-B05-ROCE-Leaf-3.GPU.S9825,FourHundredGigE1/0/43,131383,503492886,57578,202497140,1.07,0.43
2024/05/24 星期五 00:06:24.720,1716480384720,NH-DC-NM129-B05-ROCE-Leaf-3.GPU.S9825,FourHundredGigE1/0/43,0,0,0,0,0,0
2024/05/24 星期五 00:06:25.321,1716480385321,NH-DC-NM129-B05-ROCE-Leaf-3.GPU.S9825,FourHundredGigE1/0/43,9525,31527222,13258,12629024,0.06,0.02
2024/05/24 星期五 00:06:25.990,1716480385990,NH-DC-NM129-B05-ROCE-Leaf-3.GPU.S9825,FourHundredGigE1/0/43,6811,23290282,12945,43416682,0.04,0.07
2024/05/24 星期五 00:06:26.654,1716480386654,NH-DC-NM129-B05-ROCE-Leaf-3.GPU.S9825,FourHundredGigE1/0/43,0,0,0,0,0,0
2024/05/24 星期五 00:06:27.154,1716480387154,NH-DC-NM129-B05-ROCE-Leaf-3.GPU.S9825,FourHundredGigE1/0/43,70750,260296088,3625,11465146,0.65,0.02
2024/05/24 星期五 00:06:27.680,1716480387680,NH-DC-NM129-B05-ROCE-Leaf-3.GPU.S9825,FourHundredGigE1/0/43,0,0,0,0,0,0
2024/05/24 星期五 00:06:28.226,1716480388226,NH-DC-NM129-B05-ROCE-Leaf-3.GPU.S9825,FourHundredGigE1/0/43,49137,155418898,8497,12255970,0.34,0.02
2024/05/24 星期五 00:06:28.858,1716480388858,NH-DC-NM129-B05-ROCE-Leaf-3.GPU.S9825,FourHundredGigE1/0/43,0,0,0,0,0,0
2024/05/24 星期五 00:06:29.488,1716480389488,NH-DC-NM129-B05-ROCE-Leaf-3.GPU.S9825,FourHundredGigE1/0/43,35264,125573528,18164,63644076,0.24,0.12
2024/05/24 星期五 00:06:30.130,1716480390130,NH-DC-NM129-B05-ROCE-Leaf-3.GPU.S9825,FourHundredGigE1/0/43,16053,28779302,47285,165172442,0.04,0.31
2024/05/24 星期五 00:06:30.633,1716480390633,NH-DC-NM129-B05-ROCE-Leaf-3.GPU.S9825,FourHundredGigE1/0/43,0,0,0,0,0,0
2024/05/24 星期五 00:06:31.135,1716480391135,NH-DC-NM129-B05-ROCE-Leaf-3.GPU.S9825,FourHundredGigE1/0/43,27954,70534824,334248,1335213388,0.17,3.31
2024/05/24 星期五 00:06:31.699,1716480391699,NH-DC-NM129-B05-ROCE-Leaf-3.GPU.S9825,FourHundredGigE1/0/43,0,0,0,0,0,0
2024/05/24 星期五 00:06:32.275,1716480392275,NH-DC-NM129-B05-ROCE-Leaf-3.GPU.S9825,FourHundredGigE1/0/43,16658,59530628,48508,173619516,0.11,0.37
2024/05/24 星期五 00:06:33.037,1716480393037,NH-DC-NM129-B05-ROCE-Leaf-3.GPU.S9825,FourHundredGigE1/0/43,13464,32931988,19267,68879282,0.05,0.10
2024/05/24 星期五 00:06:33.646,1716480393646,NH-DC-NM129-B05-ROCE-Leaf-3.GPU.S9825,FourHundredGigE1/0/43,0,0,0,0,0,0
2024/05/24 星期五 00:06:34.239,1716480394239,NH-DC-NM129-B05-ROCE-Leaf-3.GPU.S9825,FourHundredGigE1/0/43,51415,185787002,2201,179082,0.38,0
2024/05/24 星期五 00:06:35.042,1716480395042,NH-DC-NM129-B05-ROCE-Leaf-3.GPU.S9825,FourHundredGigE1/0/43,28600,79210116,491378,2000345148,0.11,3.11
2024/05/24 星期五 00:06:35.654,1716480395654,NH-DC-NM129-B05-ROCE-Leaf-3.GPU.S9825,FourHundredGigE1/0/43,0,0,0,0,0,0
2024/05/24 星期五 00:06:36.457,1716480396457,NH-DC-NM129-B05-ROCE-Leaf-3.GPU.S9825,FourHundredGigE1/0/43,21520,77717336,37151,116281758,0.11,0.17
2024/05/24 星期五 00:06:37.010,1716480397010,NH-DC-NM129-B05-ROCE-Leaf-3.GPU.S9825,FourHundredGigE1/0/43,0,0,0,0,0,0
2024/05/24 星期五 00:06:38.139,1716480398139,NH-DC-NM129-B05-ROCE-Leaf-3.GPU.S9825,FourHundredGigE1/0/43,38589,82474450,262612,1036324380,0.09,1.14
2024/05/24 星期五 00:06:38.678,1716480398678,NH-DC-NM129-B05-ROCE-Leaf-3.GPU.S9825,FourHundredGigE1/0/43,0,0,0,0,0,0
2024/05/24 星期五 00:06:39.182,1716480399182,NH-DC-NM129-B05-ROCE-Leaf-3.GPU.S9825,FourHundredGigE1/0/43,97560,392677860,202036,810533108,0.97,2.01
2024/05/24 星期五 00:06:40.005,1716480400005,NH-DC-NM129-B05-ROCE-Leaf-3.GPU.S9825,FourHundredGigE1/0/43,5281,17658098,29688,90556944,0.02,0.14
2024/05/24 星期五 00:06:40.511,1716480400511,NH-DC-NM129-B05-ROCE-Leaf-3.GPU.S9825,FourHundredGigE1/0/43,0,0,0,0,0,0
2024/05/24 星期五 00:06:41.022,1716480401022,NH-DC-NM129-B05-ROCE-Leaf-3.GPU.S9825,FourHundredGigE1/0/43,0,0,0,0,0,0
2024/05/24 星期五 00:06:41.533,1716480401533,NH-DC-NM129-B05-ROCE-Leaf-3.GPU.S9825,FourHundredGigE1/0/43,20044,30415995,10980,31100768,0.07,0.07
2024/05/24 星期五 00:06:42.108,1716480402108,NH-DC-NM129-B05-ROCE-Leaf-3.GPU.S9825,FourHundredGigE1/0/43,6001,544270,466256,1920704460,0,4.17
2024/05/24 星期五 00:06:42.749,1716480402749,NH-DC-NM129-B05-ROCE-Leaf-3.GPU.S9825,FourHundredGigE1/0/43,0,0,0,0,0,0
2024/05/24 星期五 00:06:43.498,1716480403498,NH-DC-NM129-B05-ROCE-Leaf-3.GPU.S9825,FourHundredGigE1/0/43,38348,121781844,44013,135183942,0.20,0.22
2024/05/24 星期五 00:06:43.998,1716480403998,NH-DC-NM129-B05-ROCE-Leaf-3.GPU.S9825,FourHundredGigE1/0/43,0,0,0,0,0,0
2024/05/24 星期五 00:06:44.499,1716480404499,NH-DC-NM129-B05-ROCE-Leaf-3.GPU.S9825,FourHundredGigE1/0/43,14586,42734672,81381,290459830,0.10,0.72
2024/05/24 星期五 00:06:45.120,1716480405120,NH-DC-NM129-B05-ROCE-Leaf-3.GPU.S9825,FourHundredGigE1/0/43,74178,241728888,22729,76818430,0.48,0.14
2024/05/24 星期五 00:06:46.661,1716480406661,NH-DC-NM129-B05-ROCE-Leaf-3.GPU.S9825,FourHundredGigE1/0/43,87111,236800390,39655,112292626,0.19,0.09
2024/05/24 星期五 00:06:48.009,1716480408009,NH-DC-NM129-B05-ROCE-Leaf-3.GPU.S9825,FourHundredGigE1/0/43,0,0,0,0,0,0
2024/05/24 星期五 00:06:48.546,1716480408546,NH-DC-NM129-B05-ROCE-Leaf-3.GPU.S9825,FourHundredGigE1/0/43,9857,976302,30917,71221002,0,0.16
2024/05/24 星期五 00:06:49.207,1716480409207,NH-DC-NM129-B05-ROCE-Leaf-3.GPU.S9825,FourHundredGigE1/0/43,14745,12541426,50001,93878878,0.02,0.17
2024/05/24 星期五 00:06:49.756,1716480409756,NH-DC-NM129-B05-ROCE-Leaf-3.GPU.S9825,FourHundredGigE1/0/43,0,0,0,0,0,0
2024/05/24 星期五 00:06:51.194,1716480411194,NH-DC-NM129-B05-ROCE-Leaf-3.GPU.S9825,FourHundredGigE1/0/43,50844,122743160,58627,161227294,0.10,0.14
2024/05/24 星期五 00:06:51.694,1716480411694,NH-DC-NM129-B05-ROCE-Leaf-3.GPU.S9825,FourHundredGigE1/0/43,0,0,0,0,0,0
2024/05/24 星期五 00:06:52.195,1716480412195,NH-DC-NM129-B05-ROCE-Leaf-3.GPU.S9825,FourHundredGigE1/0/43,90265,317737458,80883,292595166,0.77,0.72
2024/05/24 星期五 00:06:52.856,1716480412856,NH-DC-NM129-B05-ROCE-Leaf-3.GPU.S9825,FourHundredGigE1/0/43,0,0,0,0,0,0
2024/05/24 星期五 00:06:53.357,1716480413357,NH-DC-NM129-B05-ROCE-Leaf-3.GPU.S9825,FourHundredGigE1/0/43,11034,37686516,372341,1512276434,0.07,3.77
2024/05/24 星期五 00:06:53.911,1716480413911,NH-DC-NM129-B05-ROCE-Leaf-3.GPU.S9825,FourHundredGigE1/0/43,630,5565688,213859,864933818,0,1.94
2024/05/24 星期五 00:06:54.751,1716480414751,NH-DC-NM129-B05-ROCE-Leaf-3.GPU.S9825,FourHundredGigE1/0/43,0,0,0,0,0,0
2024/05/24 星期五 00:06:55.255,1716480415255,NH-DC-NM129-B05-ROCE-Leaf-3.GPU.S9825,FourHundredGigE1/0/43,153944,568046120,166131,582363582,1.39,1.44
2024/05/24 星期五 00:06:55.835,1716480415835,NH-DC-NM129-B05-ROCE-Leaf-3.GPU.S9825,FourHundredGigE1/0/43,173979,703265262,3609,11464110,1.51,0.02
2024/05/24 星期五 00:06:56.561,1716480416561,NH-DC-NM129-B05-ROCE-Leaf-3.GPU.S9825,FourHundredGigE1/0/43,0,0,0,0,0,0
2024/05/24 星期五 00:06:57.061,1716480417061,NH-DC-NM129-B05-ROCE-Leaf-3.GPU.S9825,FourHundredGigE1/0/43,40748,145703852,9422,34651776,0.35,0.08
2024/05/24 星期五 00:06:58.266,1716480418266,NH-DC-NM129-B05-ROCE-Leaf-3.GPU.S9825,FourHundredGigE1/0/43,8332,31930444,6892,23276228,0.03,0.02
2024/05/24 星期五 00:06:58.769,1716480418769,NH-DC-NM129-B05-ROCE-Leaf-3.GPU.S9825,FourHundredGigE1/0/43,0,0,0,0,0,0
2024/05/24 星期五 00:06:59.270,1716480419270,NH-DC-NM129-B05-ROCE-Leaf-3.GPU.S9825,FourHundredGigE1/0/43,35720,126052424,17807,58425210,0.30,0.12
2024/05/24 星期五 00:06:59.874,1716480419874,NH-DC-NM129-B05-ROCE-Leaf-3.GPU.S9825,FourHundredGigE1/0/43,0,0,0,0,0,0
2024/05/24 星期五 00:07:00.374,1716480420374,NH-DC-NM129-B05-ROCE-Leaf-3.GPU.S9825,FourHundredGigE1/0/43,190020,739740344,3784,298460,1.82,0
2024/05/24 星期五 00:07:01.029,1716480421029,NH-DC-NM129-B05-ROCE-Leaf-3.GPU.S9825,FourHundredGigE1/0/43,15274,52233588,3620,11464816,0.10,0.02
2024/05/24 星期五 00:07:01.592,1716480421592,NH-DC-NM129-B05-ROCE-Leaf-3.GPU.S9825,FourHundredGigE1/0/43,0,0,0,0,0,0
2024/05/24 星期五 00:07:02.094,1716480422094,NH-DC-NM129-B05-ROCE-Leaf-3.GPU.S9825,FourHundredGigE1/0/43,6750,27261664,7419,23694842,0.05,0.05
2024/05/24 星期五 00:07:02.662,1716480422662,NH-DC-NM129-B05-ROCE-Leaf-3.GPU.S9825,FourHundredGigE1/0/43,0,0,0,0,0,0
2024/05/24 星期五 00:07:03.193,1716480423193,NH-DC-NM129-B05-ROCE-Leaf-3.GPU.S9825,FourHundredGigE1/0/43,71521,246741290,267534,1001397048,0.56,2.35
2024/05/24 星期五 00:07:03.693,1716480423693,NH-DC-NM129-B05-ROCE-Leaf-3.GPU.S9825,FourHundredGigE1/0/43,0,0,0,0,0,0
2024/05/24 星期五 00:07:04.250,1716480424250,NH-DC-NM129-B05-ROCE-Leaf-3.GPU.S9825,FourHundredGigE1/0/43,98709,369712018,178155,737727391,0.81,1.64
2024/05/24 星期五 00:07:04.950,1716480424950,NH-DC-NM129-B05-ROCE-Leaf-3.GPU.S9825,FourHundredGigE1/0/43,0,0,0,0,0,0
2024/05/24 星期五 00:07:05.453,1716480425453,NH-DC-NM129-B05-ROCE-Leaf-3.GPU.S9825,FourHundredGigE1/0/43,23414,80777188,101672,373741312,0.20,0.92
2024/05/24 星期五 00:07:06.026,1716480426026,NH-DC-NM129-B05-ROCE-Leaf-3.GPU.S9825,FourHundredGigE1/0/43,84503,312611706,23662,64090344,0.68,0.13
2024/05/24 星期五 00:07:06.612,1716480426612,NH-DC-NM129-B05-ROCE-Leaf-3.GPU.S9825,FourHundredGigE1/0/43,0,0,0,0,0,0
2024/05/24 星期五 00:07:07.124,1716480427124,NH-DC-NM129-B05-ROCE-Leaf-3.GPU.S9825,FourHundredGigE1/0/43,10940,12228436,50423,168413868,0.02,0.39
2024/05/24 星期五 00:07:07.870,1716480427870,NH-DC-NM129-B05-ROCE-Leaf-3.GPU.S9825,FourHundredGigE1/0/43,0,0,0,0,0,0
2024/05/24 星期五 00:07:08.416,1716480428416,NH-DC-NM129-B05-ROCE-Leaf-3.GPU.S9825,FourHundredGigE1/0/43,28698,68687764,98017,369816756,0.14,0.82
2024/05/24 星期五 00:07:08.938,1716480428938,NH-DC-NM129-B05-ROCE-Leaf-3.GPU.S9825,FourHundredGigE1/0/43,0,0,0,0,0,0
2024/05/24 星期五 00:07:09.476,1716480429476,NH-DC-NM129-B05-ROCE-Leaf-3.GPU.S9825,FourHundredGigE1/0/43,29707,97151802,29520,99919252,0.21,0.21
2024/05/24 星期五 00:07:10.042,1716480430042,NH-DC-NM129-B05-ROCE-Leaf-3.GPU.S9825,FourHundredGigE1/0/43,38957,127292890,44275,154611474,0.27,0.33
2024/05/24 星期五 00:07:10.566,1716480430566,NH-DC-NM129-B05-ROCE-Leaf-3.GPU.S9825,FourHundredGigE1/0/43,0,0,0,0,0,0
2024/05/24 星期五 00:07:11.136,1716480431136,NH-DC-NM129-B05-ROCE-Leaf-3.GPU.S9825,FourHundredGigE1/0/43,95812,351724263,131269,506037506,0.77,1.10
2024/05/24 星期五 00:07:11.726,1716480431726,NH-DC-NM129-B05-ROCE-Leaf-3.GPU.S9825,FourHundredGigE1/0/43,0,0,0,0,0,0
2024/05/24 星期五 00:07:12.225,1716480432225,NH-DC-NM129-B05-ROCE-Leaf-3.GPU.S9825,FourHundredGigE1/0/43,6795,549582,11214,23999244,0,0.05
2024/05/24 星期五 00:07:12.797,1716480432797,NH-DC-NM129-B05-ROCE-Leaf-3.GPU.S9825,FourHundredGigE1/0/43,0,0,0,0,0,0
2024/05/24 星期五 00:07:13.298,1716480433298,NH-DC-NM129-B05-ROCE-Leaf-3.GPU.S9825,FourHundredGigE1/0/43,42045,133487834,42175,128861290,0.32,0.30
2024/05/24 星期五 00:07:13.853,1716480433853,NH-DC-NM129-B05-ROCE-Leaf-3.GPU.S9825,FourHundredGigE1/0/43,0,0,0,0,0,0
2024/05/24 星期五 00:07:14.366,1716480434366,NH-DC-NM129-B05-ROCE-Leaf-3.GPU.S9825,FourHundredGigE1/0/43,37395,135760782,7350,23313768,0.32,0.05
2024/05/24 星期五 00:07:15.025,1716480435025,NH-DC-NM129-B05-ROCE-Leaf-3.GPU.S9825,FourHundredGigE1/0/43,0,0,0,0,0,0
2024/05/24 星期五 00:07:15.525,1716480435525,NH-DC-NM129-B05-ROCE-Leaf-3.GPU.S9825,FourHundredGigE1/0/43,272172,1073905552,93924,369254016,2.68,0.9
2024/05/24 星期五 00:07:16.093,1716480436093,NH-DC-NM129-B05-ROCE-Leaf-3.GPU.S9825,FourHundredGigE1/0/43,37586,133062948,24433,63013758,0.29,0.13
2024/05/24 星期五 00:07:16.595,1716480436595,NH-DC-NM129-B05-ROCE-Leaf-3.GPU.S9825,FourHundredGigE1/0/43,0,0,0,0,0,0
2024/05/24 星期五 00:07:17.096,1716480437096,NH-DC-NM129-B05-ROCE-Leaf-3.GPU.S9825,FourHundredGigE1/0/43,67201,240088726,9917,23523654,0.60,0.05
2024/05/24 星期五 00:07:17.714,1716480437714,NH-DC-NM129-B05-ROCE-Leaf-3.GPU.S9825,FourHundredGigE1/0/43,0,0,0,0,0,0
2024/05/24 星期五 00:07:18.380,1716480438380,NH-DC-NM129-B05-ROCE-Leaf-3.GPU.S9825,FourHundredGigE1/0/43,272226,1118628076,121199,470402298,2.08,0.88
2024/05/24 星期五 00:07:18.945,1716480438945,NH-DC-NM129-B05-ROCE-Leaf-3.GPU.S9825,FourHundredGigE1/0/43,1640,141512,14035,47984270,0,0.09
2024/05/24 星期五 00:07:19.839,1716480439839,NH-DC-NM129-B05-ROCE-Leaf-3.GPU.S9825,FourHundredGigE1/0/43,0,0,0,0,0,0
2024/05/24 星期五 00:07:20.342,1716480440342,NH-DC-NM129-B05-ROCE-Leaf-3.GPU.S9825,FourHundredGigE1/0/43,20164,75204780,10537,35118186,0.17,0.07
2024/05/24 星期五 00:07:20.925,1716480440925,NH-DC-NM129-B05-ROCE-Leaf-3.GPU.S9825,FourHundredGigE1/0/43,0,0,0,0,0,0
2024/05/24 星期五 00:07:21.832,1716480441832,NH-DC-NM129-B05-ROCE-Leaf-3.GPU.S9825,FourHundredGigE1/0/43,9474,34856700,10600,12402928,0.04,0.01
2024/05/24 星期五 00:07:22.350,1716480442350,NH-DC-NM129-B05-ROCE-Leaf-3.GPU.S9825,FourHundredGigE1/0/43,215780,851129672,279440,1136322896,2.05,2.73
2024/05/24 星期五 00:07:22.851,1716480442851,NH-DC-NM129-B05-ROCE-Leaf-3.GPU.S9825,FourHundredGigE1/0/43,0,0,0,0,0,0
2024/05/24 星期五 00:07:23.353,1716480443353,NH-DC-NM129-B05-ROCE-Leaf-3.GPU.S9825,FourHundredGigE1/0/43,8498,27056172,11788,35548900,0.05,0.07
2024/05/24 星期五 00:07:24.307,1716480444307,NH-DC-NM129-B05-ROCE-Leaf-3.GPU.S9825,FourHundredGigE1/0/43,4851,11964382,0,0,0.01,0
2024/05/24 星期五 00:07:24.943,1716480444943,NH-DC-NM129-B05-ROCE-Leaf-3.GPU.S9825,FourHundredGigE1/0/43,0,0,0,0,0,0
2024/05/24 星期五 00:07:25.442,1716480445442,NH-DC-NM129-B05-ROCE-Leaf-3.GPU.S9825,FourHundredGigE1/0/43,13431,37276222,3971,322034,0.08,0
2024/05/24 星期五 00:07:26.000,1716480446000,NH-DC-NM129-B05-ROCE-Leaf-3.GPU.S9825,FourHundredGigE1/0/43,107429,0,50556,0,0,0
2024/05/24 星期五 00:07:26.503,1716480446503,NH-DC-NM129-B05-ROCE-Leaf-3.GPU.S9825,FourHundredGigE1/0/43,0,421419946,0,134324844,1.04,0.32
2024/05/24 星期五 00:07:27.040,1716480447040,NH-DC-NM129-B05-ROCE-Leaf-3.GPU.S9825,FourHundredGigE1/0/43,18111,65409254,13846,15548964,0.14,0.02
2024/05/24 星期五 00:07:27.607,1716480447607,NH-DC-NM129-B05-ROCE-Leaf-3.GPU.S9825,FourHundredGigE1/0/43,0,0,0,0,0,0
2024/05/24 星期五 00:07:28.355,1716480448355,NH-DC-NM129-B05-ROCE-Leaf-3.GPU.S9825,FourHundredGigE1/0/43,13222,37313004,10068,17769236,0.05,0.02
2024/05/24 星期五 00:07:28.944,1716480448944,NH-DC-NM129-B05-ROCE-Leaf-3.GPU.S9825,FourHundredGigE1/0/43,434746,1752642992,222021,910697824,3.71,1.93
2024/05/24 星期五 00:07:29.632,1716480449632,NH-DC-NM129-B05-ROCE-Leaf-3.GPU.S9825,FourHundredGigE1/0/43,0,0,0,0,0,0
2024/05/24 星期五 00:07:30.206,1716480450206,NH-DC-NM129-B05-ROCE-Leaf-3.GPU.S9825,FourHundredGigE1/0/43,22476,71392308,24136,87781268,0.15,0.17
2024/05/24 星期五 00:07:30.812,1716480450812,NH-DC-NM129-B05-ROCE-Leaf-3.GPU.S9825,FourHundredGigE1/0/43,0,0,0,0,0,0
2024/05/24 星期五 00:07:31.429,1716480451429,NH-DC-NM129-B05-ROCE-Leaf-3.GPU.S9825,FourHundredGigE1/0/43,25510,96690400,31052,107094144,0.18,0.20
2024/05/24 星期五 00:07:32.007,1716480452007,NH-DC-NM129-B05-ROCE-Leaf-3.GPU.S9825,FourHundredGigE1/0/43,27411,87688094,562,46464,0.17,0
2024/05/24 星期五 00:07:32.615,1716480452615,NH-DC-NM129-B05-ROCE-Leaf-3.GPU.S9825,FourHundredGigE1/0/43,0,0,0,0,0,0
2024/05/24 星期五 00:07:33.117,1716480453117,NH-DC-NM129-B05-ROCE-Leaf-3.GPU.S9825,FourHundredGigE1/0/43,284465,1131164270,231934,927660008,2.81,2.29
2024/05/24 星期五 00:07:33.689,1716480453689,NH-DC-NM129-B05-ROCE-Leaf-3.GPU.S9825,FourHundredGigE1/0/43,20034,55027784,9193,23837918,0.11,0.04
2024/05/24 星期五 00:07:34.547,1716480454547,NH-DC-NM129-B05-ROCE-Leaf-3.GPU.S9825,FourHundredGigE1/0/43,0,0,0,0,0,0
2024/05/24 星期五 00:07:35.317,1716480455317,NH-DC-NM129-B05-ROCE-Leaf-3.GPU.S9825,FourHundredGigE1/0/43,39471,126577634,10483,34370522,0.19,0.05
2024/05/24 星期五 00:07:35.821,1716480455821,NH-DC-NM129-B05-ROCE-Leaf-3.GPU.S9825,FourHundredGigE1/0/43,0,0,0,0,0,0
2024/05/24 星期五 00:07:36.435,1716480456435,NH-DC-NM129-B05-ROCE-Leaf-3.GPU.S9825,FourHundredGigE1/0/43,19248,49453628,501471,2047794002,0.08,4.15
2024/05/24 星期五 00:07:37.375,1716480457375,NH-DC-NM129-B05-ROCE-Leaf-3.GPU.S9825,FourHundredGigE1/0/43,2450,213444,21064,67348640,0,0.08
2024/05/24 星期五 00:07:38.003,1716480458003,NH-DC-NM129-B05-ROCE-Leaf-3.GPU.S9825,FourHundredGigE1/0/43,44468,159039384,6838,24617924,0.30,0.04
2024/05/24 星期五 00:07:38.713,1716480458713,NH-DC-NM129-B05-ROCE-Leaf-3.GPU.S9825,FourHundredGigE1/0/43,0,0,0,0,0,0
2024/05/24 星期五 00:07:39.213,1716480459213,NH-DC-NM129-B05-ROCE-Leaf-3.GPU.S9825,FourHundredGigE1/0/43,47907,159209542,26046,97554572,0.38,0.22
2024/05/24 星期五 00:07:39.797,1716480459797,NH-DC-NM129-B05-ROCE-Leaf-3.GPU.S9825,FourHundredGigE1/0/43,0,0,0,0,0,0
2024/05/24 星期五 00:07:40.297,1716480460297,NH-DC-NM129-B05-ROCE-Leaf-3.GPU.S9825,FourHundredGigE1/0/43,18121,46910398,35701,121581686,0.1,0.3
2024/05/24 星期五 00:07:40.886,1716480460886,NH-DC-NM129-B05-ROCE-Leaf-3.GPU.S9825,FourHundredGigE1/0/43,0,0,0,0,0,0
2024/05/24 星期五 00:07:41.387,1716480461387,NH-DC-NM129-B05-ROCE-Leaf-3.GPU.S9825,FourHundredGigE1/0/43,40252,143400487,10461,23954542,0.35,0.05
2024/05/24 星期五 00:07:42.092,1716480462092,NH-DC-NM129-B05-ROCE-Leaf-3.GPU.S9825,FourHundredGigE1/0/43,1702,134832,39767,128843918,0,0.21
2024/05/24 星期五 00:07:42.594,1716480462594,NH-DC-NM129-B05-ROCE-Leaf-3.GPU.S9825,FourHundredGigE1/0/43,0,0,0,0,0,0
2024/05/24 星期五 00:07:43.097,1716480463097,NH-DC-NM129-B05-ROCE-Leaf-3.GPU.S9825,FourHundredGigE1/0/43,79950,303055048,166944,672930398,0.75,1.67
2024/05/24 星期五 00:07:43.597,1716480463597,NH-DC-NM129-B05-ROCE-Leaf-3.GPU.S9825,FourHundredGigE1/0/43,0,0,0,0,0,0
2024/05/24 星期五 00:07:44.098,1716480464098,NH-DC-NM129-B05-ROCE-Leaf-3.GPU.S9825,FourHundredGigE1/0/43,15918,59950120,98743,389604768,0.12,0.95
2024/05/24 星期五 00:07:44.674,1716480464674,NH-DC-NM129-B05-ROCE-Leaf-3.GPU.S9825,FourHundredGigE1/0/43,0,0,0,0,0,0
2024/05/24 星期五 00:07:45.412,1716480465412,NH-DC-NM129-B05-ROCE-Leaf-3.GPU.S9825,FourHundredGigE1/0/43,36941,129993014,8238,23011532,0.20,0.03
2024/05/24 星期五 00:07:47.414,1716480467414,NH-DC-NM129-B05-ROCE-Leaf-3.GPU.S9825,FourHundredGigE1/0/43,361302,1487186276,135032,534831856,0.92,0.33
2024/05/24 星期五 00:07:47.938,1716480467938,NH-DC-NM129-B05-ROCE-Leaf-3.GPU.S9825,FourHundredGigE1/0/43,0,0,0,0,0,0
2024/05/24 星期五 00:07:48.527,1716480468527,NH-DC-NM129-B05-ROCE-Leaf-3.GPU.S9825,FourHundredGigE1/0/43,6671,23661826,4163,11509254,0.04,0.02
2024/05/24 星期五 00:07:49.281,1716480469281,NH-DC-NM129-B05-ROCE-Leaf-3.GPU.S9825,FourHundredGigE1/0/43,54857,195978210,5641,470866,0.31,0
2024/05/24 星期五 00:07:49.800,1716480469800,NH-DC-NM129-B05-ROCE-Leaf-3.GPU.S9825,FourHundredGigE1/0/43,0,0,0,0,0,0
2024/05/24 星期五 00:07:50.400,1716480470400,NH-DC-NM129-B05-ROCE-Leaf-3.GPU.S9825,FourHundredGigE1/0/43,31179,107694322,3545,9583938,0.21,0
2024/05/24 星期五 00:07:51.395,1716480471395,NH-DC-NM129-B05-ROCE-Leaf-3.GPU.S9825,FourHundredGigE1/0/43,123674,487416172,278821,1143669346,0.60,1.43
2024/05/24 星期五 00:07:51.900,1716480471900,NH-DC-NM129-B05-ROCE-Leaf-3.GPU.S9825,FourHundredGigE1/0/43,6297,23178450,9002,23463076,0.05,0.05
2024/05/24 星期五 00:07:53.383,1716480473383,NH-DC-NM129-B05-ROCE-Leaf-3.GPU.S9825,FourHundredGigE1/0/43,36503,127281110,18463,13041046,0.10,0.01
2024/05/24 星期五 00:07:53.901,1716480473901,NH-DC-NM129-B05-ROCE-Leaf-3.GPU.S9825,FourHundredGigE1/0/43,0,0,0,0,0,0
2024/05/24 星期五 00:07:54.413,1716480474413,NH-DC-NM129-B05-ROCE-Leaf-3.GPU.S9825,FourHundredGigE1/0/43,37845,135225446,5119,414722,0.32,0
2024/05/24 星期五 00:07:55.079,1716480475079,NH-DC-NM129-B05-ROCE-Leaf-3.GPU.S9825,FourHundredGigE1/0/43,63765,83562138,2575,8588598,0.15,0
2024/05/24 星期五 00:07:55.702,1716480475702,NH-DC-NM129-B05-ROCE-Leaf-3.GPU.S9825,FourHundredGigE1/0/43,0,0,0,0,0,0
2024/05/24 星期五 00:07:56.431,1716480476431,NH-DC-NM129-B05-ROCE-Leaf-3.GPU.S9825,FourHundredGigE1/0/43,12564,12586460,6545,37212606,0.02,0.05
2024/05/24 星期五 00:07:56.935,1716480476935,NH-DC-NM129-B05-ROCE-Leaf-3.GPU.S9825,FourHundredGigE1/0/43,0,0,0,0,0,0
2024/05/24 星期五 00:07:57.438,1716480477438,NH-DC-NM129-B05-ROCE-Leaf-3.GPU.S9825,FourHundredGigE1/0/43,9430,31064468,10607,53922362,0.07,0.12
2024/05/24 星期五 00:07:58.076,1716480478076,NH-DC-NM129-B05-ROCE-Leaf-3.GPU.S9825,FourHundredGigE1/0/43,0,0,0,0,0,0
2024/05/24 星期五 00:07:58.577,1716480478577,NH-DC-NM129-B05-ROCE-Leaf-3.GPU.S9825,FourHundredGigE1/0/43,10462,12418492,6307,51895762,0.02,0.12
2024/05/24 星期五 00:07:59.130,1716480479130,NH-DC-NM129-B05-ROCE-Leaf-3.GPU.S9825,FourHundredGigE1/0/43,4423,6628926,26617,112294351,0,0.25
2024/05/24 星期五 00:07:59.906,1716480479906,NH-DC-NM129-B05-ROCE-Leaf-3.GPU.S9825,FourHundredGigE1/0/43,0,0,0,0,0,0
2024/05/24 星期五 00:08:00.412,1716480480412,NH-DC-NM129-B05-ROCE-Leaf-3.GPU.S9825,FourHundredGigE1/0/43,12776,23298248,53045,157307998,0.05,0.37
2024/05/24 星期五 00:08:00.939,1716480480939,NH-DC-NM129-B05-ROCE-Leaf-3.GPU.S9825,FourHundredGigE1/0/43,0,0,0,0,0,0
2024/05/24 星期五 00:08:01.458,1716480481458,NH-DC-NM129-B05-ROCE-Leaf-3.GPU.S9825,FourHundredGigE1/0/43,9611,35466266,6164,11035240,0.07,0.02
2024/05/24 星期五 00:08:01.960,1716480481960,NH-DC-NM129-B05-ROCE-Leaf-3.GPU.S9825,FourHundredGigE1/0/43,0,0,0,0,0,0
2024/05/24 星期五 00:08:02.539,1716480482539,NH-DC-NM129-B05-ROCE-Leaf-3.GPU.S9825,FourHundredGigE1/0/43,71970,279564864,108917,411006562,0.58,0.89
2024/05/24 星期五 00:08:03.209,1716480483209,NH-DC-NM129-B05-ROCE-Leaf-3.GPU.S9825,FourHundredGigE1/0/43,38632,135895592,58529,210761564,0.24,0.39
2024/05/24 星期五 00:08:03.713,1716480483713,NH-DC-NM129-B05-ROCE-Leaf-3.GPU.S9825,FourHundredGigE1/0/43,0,0,0,0,0,0
2024/05/24 星期五 00:08:04.222,1716480484222,NH-DC-NM129-B05-ROCE-Leaf-3.GPU.S9825,FourHundredGigE1/0/43,63879,229511606,19711,92965786,0.54,0.22
2024/05/24 星期五 00:08:04.826,1716480484826,NH-DC-NM129-B05-ROCE-Leaf-3.GPU.S9825,FourHundredGigE1/0/43,0,0,0,0,0,0
2024/05/24 星期五 00:08:05.326,1716480485326,NH-DC-NM129-B05-ROCE-Leaf-3.GPU.S9825,FourHundredGigE1/0/43,59180,198550816,100647,412871129,0.48,1.02
2024/05/24 星期五 00:08:05.996,1716480485996,NH-DC-NM129-B05-ROCE-Leaf-3.GPU.S9825,FourHundredGigE1/0/43,6929,23230022,20788,88275248,0.04,0.15
2024/05/24 星期五 00:08:06.928,1716480486928,NH-DC-NM129-B05-ROCE-Leaf-3.GPU.S9825,FourHundredGigE1/0/43,0,0,0,0,0,0
2024/05/24 星期五 00:08:07.430,1716480487430,NH-DC-NM129-B05-ROCE-Leaf-3.GPU.S9825,FourHundredGigE1/0/43,23297,84119994,39868,122549632,0.20,0.30
2024/05/24 星期五 00:08:07.992,1716480487992,NH-DC-NM129-B05-ROCE-Leaf-3.GPU.S9825,FourHundredGigE1/0/43,0,0,0,0,0,0
2024/05/24 星期五 00:08:08.496,1716480488496,NH-DC-NM129-B05-ROCE-Leaf-3.GPU.S9825,FourHundredGigE1/0/43,43167,132304874,7032,570860,0.32,0
2024/05/24 星期五 00:08:09.006,1716480489006,NH-DC-NM129-B05-ROCE-Leaf-3.GPU.S9825,FourHundredGigE1/0/43,12109,41399818,62168,218680032,0.10,0.51
2024/05/24 星期五 00:08:09.771,1716480489771,NH-DC-NM129-B05-ROCE-Leaf-3.GPU.S9825,FourHundredGigE1/0/43,0,0,0,0,0,0
2024/05/24 星期五 00:08:10.275,1716480490275,NH-DC-NM129-B05-ROCE-Leaf-3.GPU.S9825,FourHundredGigE1/0/43,53576,189429916,6686,11076648,0.45,0.02
2024/05/24 星期五 00:08:10.838,1716480490838,NH-DC-NM129-B05-ROCE-Leaf-3.GPU.S9825,FourHundredGigE1/0/43,0,0,0,0,0,0
2024/05/24 星期五 00:08:11.341,1716480491341,NH-DC-NM129-B05-ROCE-Leaf-3.GPU.S9825,FourHundredGigE1/0/43,8781,18460261,27184,72709300,0.02,0.17
2024/05/24 星期五 00:08:11.913,1716480491913,NH-DC-NM129-B05-ROCE-Leaf-3.GPU.S9825,FourHundredGigE1/0/43,0,0,0,0,0,0
2024/05/24 星期五 00:08:12.419,1716480492419,NH-DC-NM129-B05-ROCE-Leaf-3.GPU.S9825,FourHundredGigE1/0/43,19090,65331560,8421,22403586,0.15,0.05
2024/05/24 星期五 00:08:13.140,1716480493140,NH-DC-NM129-B05-ROCE-Leaf-3.GPU.S9825,FourHundredGigE1/0/43,65365,222414150,37672,127638688,0.38,0.21
2024/05/24 星期五 00:08:13.641,1716480493641,NH-DC-NM129-B05-ROCE-Leaf-3.GPU.S9825,FourHundredGigE1/0/43,0,0,0,0,0,0
2024/05/24 星期五 00:08:14.142,1716480494142,NH-DC-NM129-B05-ROCE-Leaf-3.GPU.S9825,FourHundredGigE1/0/43,491,44754,7109,12138574,0,0.02
2024/05/24 星期五 00:08:14.642,1716480494642,NH-DC-NM129-B05-ROCE-Leaf-3.GPU.S9825,FourHundredGigE1/0/43,0,0,0,0,0,0
2024/05/24 星期五 00:08:15.143,1716480495143,NH-DC-NM129-B05-ROCE-Leaf-3.GPU.S9825,FourHundredGigE1/0/43,17263,57069396,25567,61410995,0.12,0.15
2024/05/24 星期五 00:08:15.728,1716480495728,NH-DC-NM129-B05-ROCE-Leaf-3.GPU.S9825,FourHundredGigE1/0/43,0,0,0,0,0,0
2024/05/24 星期五 00:08:16.751,1716480496751,NH-DC-NM129-B05-ROCE-Leaf-3.GPU.S9825,FourHundredGigE1/0/43,27373,96683338,34066,95714890,0.11,0.11
2024/05/24 星期五 00:08:17.259,1716480497259,NH-DC-NM129-B05-ROCE-Leaf-3.GPU.S9825,FourHundredGigE1/0/43,3303,1334348,20416,46576716,0,0.10
2024/05/24 星期五 00:08:17.778,1716480497778,NH-DC-NM129-B05-ROCE-Leaf-3.GPU.S9825,FourHundredGigE1/0/43,0,0,0,0,0,0
2024/05/24 星期五 00:08:18.288,1716480498288,NH-DC-NM129-B05-ROCE-Leaf-3.GPU.S9825,FourHundredGigE1/0/43,37810,137316484,35424,94332528,0.32,0.22
2024/05/24 星期五 00:08:18.860,1716480498860,NH-DC-NM129-B05-ROCE-Leaf-3.GPU.S9825,FourHundredGigE1/0/43,0,0,0,0,0,0
2024/05/24 星期五 00:08:19.361,1716480499361,NH-DC-NM129-B05-ROCE-Leaf-3.GPU.S9825,FourHundredGigE1/0/43,34273,101086942,29020,89747968,0.25,0.20
2024/05/24 星期五 00:08:20.020,1716480500020,NH-DC-NM129-B05-ROCE-Leaf-3.GPU.S9825,FourHundredGigE1/0/43,186639,746041334,233283,937315366,1.40,1.76
2024/05/24 星期五 00:08:20.608,1716480500608,NH-DC-NM129-B05-ROCE-Leaf-3.GPU.S9825,FourHundredGigE1/0/43,0,0,0,0,0,0
2024/05/24 星期五 00:08:21.111,1716480501111,NH-DC-NM129-B05-ROCE-Leaf-3.GPU.S9825,FourHundredGigE1/0/43,130420,514986276,38523,113566030,1.27,0.27
2024/05/24 星期五 00:08:21.674,1716480501674,NH-DC-NM129-B05-ROCE-Leaf-3.GPU.S9825,FourHundredGigE1/0/43,0,0,0,0,0,0
2024/05/24 星期五 00:08:22.270,1716480502270,NH-DC-NM129-B05-ROCE-Leaf-3.GPU.S9825,FourHundredGigE1/0/43,113480,433838556,22759,72353942,0.90,0.15
2024/05/24 星期五 00:08:22.811,1716480502811,NH-DC-NM129-B05-ROCE-Leaf-3.GPU.S9825,FourHundredGigE1/0/43,0,0,0,0,0,0
2024/05/24 星期五 00:08:23.339,1716480503339,NH-DC-NM129-B05-ROCE-Leaf-3.GPU.S9825,FourHundredGigE1/0/43,243878,910701836,9928,34693480,2.15,0.07
2024/05/24 星期五 00:08:24.219,1716480504219,NH-DC-NM129-B05-ROCE-Leaf-3.GPU.S9825,FourHundredGigE1/0/43,28059,98237774,181270,749158536,0.13,1.05
2024/05/24 星期五 00:08:24.720,1716480504720,NH-DC-NM129-B05-ROCE-Leaf-3.GPU.S9825,FourHundredGigE1/0/43,0,0,0,0,0,0
2024/05/24 星期五 00:08:25.222,1716480505222,NH-DC-NM129-B05-ROCE-Leaf-3.GPU.S9825,FourHundredGigE1/0/43,277322,1032068416,14974,36026244,2.56,0.07
2024/05/24 星期五 00:08:25.793,1716480505793,NH-DC-NM129-B05-ROCE-Leaf-3.GPU.S9825,FourHundredGigE1/0/43,0,0,0,0,0,0
2024/05/24 星期五 00:08:26.475,1716480506475,NH-DC-NM129-B05-ROCE-Leaf-3.GPU.S9825,FourHundredGigE1/0/43,38098,28698224,3704,11847052,0.04,0.02
2024/05/24 星期五 00:08:27.011,1716480507011,NH-DC-NM129-B05-ROCE-Leaf-3.GPU.S9825,FourHundredGigE1/0/43,125425,259478002,11964,23695108,0.58,0.05
2024/05/24 星期五 00:08:27.575,1716480507575,NH-DC-NM129-B05-ROCE-Leaf-3.GPU.S9825,FourHundredGigE1/0/43,0,0,0,0,0,0
2024/05/24 星期五 00:08:28.078,1716480508078,NH-DC-NM129-B05-ROCE-Leaf-3.GPU.S9825,FourHundredGigE1/0/43,61421,16660790,105154,419387560,0.02,1.02
2024/05/24 星期五 00:08:28.655,1716480508655,NH-DC-NM129-B05-ROCE-Leaf-3.GPU.S9825,FourHundredGigE1/0/43,0,0,0,0,0,0
2024/05/24 星期五 00:08:29.157,1716480509157,NH-DC-NM129-B05-ROCE-Leaf-3.GPU.S9825,FourHundredGigE1/0/43,1005,152778,120199,448658194,0,1.10
2024/05/24 星期五 00:08:29.792,1716480509792,NH-DC-NM129-B05-ROCE-Leaf-3.GPU.S9825,FourHundredGigE1/0/43,0,0,0,0,0,0
2024/05/24 星期五 00:08:30.367,1716480510367,NH-DC-NM129-B05-ROCE-Leaf-3.GPU.S9825,FourHundredGigE1/0/43,3706,11986724,15585,12806826,0.02,0.02
2024/05/24 星期五 00:08:30.928,1716480510928,NH-DC-NM129-B05-ROCE-Leaf-3.GPU.S9825,FourHundredGigE1/0/43,0,0,0,0,0,0
2024/05/24 星期五 00:08:31.431,1716480511431,NH-DC-NM129-B05-ROCE-Leaf-3.GPU.S9825,FourHundredGigE1/0/43,3963,1408758,12494,34771808,0,0.07
2024/05/24 星期五 00:08:32.069,1716480512069,NH-DC-NM129-B05-ROCE-Leaf-3.GPU.S9825,FourHundredGigE1/0/43,104688,393254700,6470,12070108,0.76,0.02
2024/05/24 星期五 00:08:32.608,1716480512608,NH-DC-NM129-B05-ROCE-Leaf-3.GPU.S9825,FourHundredGigE1/0/43,0,0,0,0,0,0
2024/05/24 星期五 00:08:33.121,1716480513121,NH-DC-NM129-B05-ROCE-Leaf-3.GPU.S9825,FourHundredGigE1/0/43,59279,152168026,46778,15328596,0.37,0.02
2024/05/24 星期五 00:08:33.992,1716480513992,NH-DC-NM129-B05-ROCE-Leaf-3.GPU.S9825,FourHundredGigE1/0/43,32174,121282444,96494,354380028,0.17,0.50
2024/05/24 星期五 00:08:34.620,1716480514620,NH-DC-NM129-B05-ROCE-Leaf-3.GPU.S9825,FourHundredGigE1/0/43,0,0,0,0,0,0
2024/05/24 星期五 00:08:35.173,1716480515173,NH-DC-NM129-B05-ROCE-Leaf-3.GPU.S9825,FourHundredGigE1/0/43,202294,802014044,278531,1131860818,1.81,2.55
2024/05/24 星期五 00:08:35.787,1716480515787,NH-DC-NM129-B05-ROCE-Leaf-3.GPU.S9825,FourHundredGigE1/0/43,0,0,0,0,0,0
2024/05/24 星期五 00:08:36.496,1716480516496,NH-DC-NM129-B05-ROCE-Leaf-3.GPU.S9825,FourHundredGigE1/0/43,43332,148133452,16732,51956636,0.25,0.09
2024/05/24 星期五 00:08:37.027,1716480517027,NH-DC-NM129-B05-ROCE-Leaf-3.GPU.S9825,FourHundredGigE1/0/43,28243,84193770,9996,34698656,0.19,0.07
2024/05/24 星期五 00:08:37.588,1716480517588,NH-DC-NM129-B05-ROCE-Leaf-3.GPU.S9825,FourHundredGigE1/0/43,0,0,0,0,0,0
2024/05/24 星期五 00:08:38.089,1716480518089,NH-DC-NM129-B05-ROCE-Leaf-3.GPU.S9825,FourHundredGigE1/0/43,11426,12478300,38321,128970822,0.02,0.30
2024/05/24 星期五 00:08:38.644,1716480518644,NH-DC-NM129-B05-ROCE-Leaf-3.GPU.S9825,FourHundredGigE1/0/43,0,0,0,0,0,0
2024/05/24 星期五 00:08:39.214,1716480519214,NH-DC-NM129-B05-ROCE-Leaf-3.GPU.S9825,FourHundredGigE1/0/43,37953,157590726,182993,738123174,0.33,1.60
2024/05/24 星期五 00:08:39.924,1716480519924,NH-DC-NM129-B05-ROCE-Leaf-3.GPU.S9825,FourHundredGigE1/0/43,0,0,0,0,0,0
2024/05/24 星期五 00:08:40.442,1716480520442,NH-DC-NM129-B05-ROCE-Leaf-3.GPU.S9825,FourHundredGigE1/0/43,29359,83232682,30621,76909682,0.19,0.17
2024/05/24 星期五 00:08:41.011,1716480521011,NH-DC-NM129-B05-ROCE-Leaf-3.GPU.S9825,FourHundredGigE1/0/43,0,0,0,0,0,0
2024/05/24 星期五 00:08:41.514,1716480521514,NH-DC-NM129-B05-ROCE-Leaf-3.GPU.S9825,FourHundredGigE1/0/43,20504,58584879,79674,278061432,0.12,0.67
2024/05/24 星期五 00:08:42.093,1716480522093,NH-DC-NM129-B05-ROCE-Leaf-3.GPU.S9825,FourHundredGigE1/0/43,27915,75789380,101751,411164470,0.15,0.89
2024/05/24 星期五 00:08:42.701,1716480522701,NH-DC-NM129-B05-ROCE-Leaf-3.GPU.S9825,FourHundredGigE1/0/43,0,0,0,0,0,0
2024/05/24 星期五 00:08:43.283,1716480523283,NH-DC-NM129-B05-ROCE-Leaf-3.GPU.S9825,FourHundredGigE1/0/43,131347,476734990,180609,724203562,1.01,1.55
2024/05/24 星期五 00:08:43.855,1716480523855,NH-DC-NM129-B05-ROCE-Leaf-3.GPU.S9825,FourHundredGigE1/0/43,0,0,0,0,0,0
2024/05/24 星期五 00:08:44.357,1716480524357,NH-DC-NM129-B05-ROCE-Leaf-3.GPU.S9825,FourHundredGigE1/0/43,51642,170500234,39824,110125684,0.42,0.27
2024/05/24 星期五 00:08:44.901,1716480524901,NH-DC-NM129-B05-ROCE-Leaf-3.GPU.S9825,FourHundredGigE1/0/43,0,0,0,0,0,0
2024/05/24 星期五 00:08:45.705,1716480525705,NH-DC-NM129-B05-ROCE-Leaf-3.GPU.S9825,FourHundredGigE1/0/43,352750,1386456556,419907,1672391762,2.15,2.60
2024/05/24 星期五 00:08:47.846,1716480527846,NH-DC-NM129-B05-ROCE-Leaf-3.GPU.S9825,FourHundredGigE1/0/43,0,0,0,0,0,0
2024/05/24 星期五 00:08:48.349,1716480528349,NH-DC-NM129-B05-ROCE-Leaf-3.GPU.S9825,FourHundredGigE1/0/43,65702,158337288,22175,64624126,0.37,0.15
2024/05/24 星期五 00:08:48.853,1716480528853,NH-DC-NM129-B05-ROCE-Leaf-3.GPU.S9825,FourHundredGigE1/0/43,33727,65292258,142970,542116370,0.15,1.34
2024/05/24 星期五 00:08:49.685,1716480529685,NH-DC-NM129-B05-ROCE-Leaf-3.GPU.S9825,FourHundredGigE1/0/43,0,0,0,0,0,0
2024/05/24 星期五 00:08:50.250,1716480530250,NH-DC-NM129-B05-ROCE-Leaf-3.GPU.S9825,FourHundredGigE1/0/43,302012,1216692084,211933,835419096,2.68,1.84
2024/05/24 星期五 00:08:50.982,1716480530982,NH-DC-NM129-B05-ROCE-Leaf-3.GPU.S9825,FourHundredGigE1/0/43,48312,156326232,33185,119298134,0.26,0.19
2024/05/24 星期五 00:08:51.526,1716480531526,NH-DC-NM129-B05-ROCE-Leaf-3.GPU.S9825,FourHundredGigE1/0/43,0,0,0,0,0,0
2024/05/24 星期五 00:08:52.029,1716480532029,NH-DC-NM129-B05-ROCE-Leaf-3.GPU.S9825,FourHundredGigE1/0/43,27678,64810808,64690,201355444,0.15,0.50
2024/05/24 星期五 00:08:52.562,1716480532562,NH-DC-NM129-B05-ROCE-Leaf-3.GPU.S9825,FourHundredGigE1/0/43,0,0,0,0,0,0
2024/05/24 星期五 00:08:53.268,1716480533268,NH-DC-NM129-B05-ROCE-Leaf-3.GPU.S9825,FourHundredGigE1/0/43,218209,872223602,303246,1198475288,1.54,2.11
2024/05/24 星期五 00:08:53.770,1716480533770,NH-DC-NM129-B05-ROCE-Leaf-3.GPU.S9825,FourHundredGigE1/0/43,0,0,0,0,0,0
2024/05/24 星期五 00:08:54.546,1716480534546,NH-DC-NM129-B05-ROCE-Leaf-3.GPU.S9825,FourHundredGigE1/0/43,41597,128105150,57298,197052192,0.19,0.31
2024/05/24 星期五 00:08:55.231,1716480535231,NH-DC-NM129-B05-ROCE-Leaf-3.GPU.S9825,FourHundredGigE1/0/43,21707,47832822,5140,11588596,0.07,0.02
2024/05/24 星期五 00:08:55.736,1716480535736,NH-DC-NM129-B05-ROCE-Leaf-3.GPU.S9825,FourHundredGigE1/0/43,0,0,0,0,0,0
2024/05/24 星期五 00:08:56.236,1716480536236,NH-DC-NM129-B05-ROCE-Leaf-3.GPU.S9825,FourHundredGigE1/0/43,27793,85565646,32623,101219622,0.2,0.25
2024/05/24 星期五 00:08:56.875,1716480536875,NH-DC-NM129-B05-ROCE-Leaf-3.GPU.S9825,FourHundredGigE1/0/43,0,0,0,0,0,0
2024/05/24 星期五 00:08:57.378,1716480537378,NH-DC-NM129-B05-ROCE-Leaf-3.GPU.S9825,FourHundredGigE1/0/43,290501,1183401034,126573,442459690,2.93,1.09
2024/05/24 星期五 00:08:58.080,1716480538080,NH-DC-NM129-B05-ROCE-Leaf-3.GPU.S9825,FourHundredGigE1/0/43,58937,168401590,14423,35058262,0.28,0.05
2024/05/24 星期五 00:08:58.635,1716480538635,NH-DC-NM129-B05-ROCE-Leaf-3.GPU.S9825,FourHundredGigE1/0/43,0,0,0,0,0,0
2024/05/24 星期五 00:08:59.133,1716480539133,NH-DC-NM129-B05-ROCE-Leaf-3.GPU.S9825,FourHundredGigE1/0/43,121677,450926974,67583,266238650,1.13,0.65
2024/05/24 星期五 00:08:59.727,1716480539727,NH-DC-NM129-B05-ROCE-Leaf-3.GPU.S9825,FourHundredGigE1/0/43,0,0,0,0,0,0
2024/05/24 星期五 00:09:00.382,1716480540382,NH-DC-NM129-B05-ROCE-Leaf-3.GPU.S9825,FourHundredGigE1/0/43,13695,30875930,40408,128363456,0.06,0.23
2024/05/24 星期五 00:09:01.008,1716480541008,NH-DC-NM129-B05-ROCE-Leaf-3.GPU.S9825,FourHundredGigE1/0/43,97307,392195094,382161,1317588154,0.78,2.62
2024/05/24 星期五 00:09:01.637,1716480541637,NH-DC-NM129-B05-ROCE-Leaf-3.GPU.S9825,FourHundredGigE1/0/43,0,0,0,0,0,0
2024/05/24 星期五 00:09:02.137,1716480542137,NH-DC-NM129-B05-ROCE-Leaf-3.GPU.S9825,FourHundredGigE1/0/43,3207,11822310,384285,1352904898,0.02,3.38
2024/05/24 星期五 00:09:02.643,1716480542643,NH-DC-NM129-B05-ROCE-Leaf-3.GPU.S9825,FourHundredGigE1/0/43,0,0,0,0,0,0
2024/05/24 星期五 00:09:03.145,1716480543145,NH-DC-NM129-B05-ROCE-Leaf-3.GPU.S9825,FourHundredGigE1/0/43,4165,11672330,377858,1329746276,0.02,3.29
2024/05/24 星期五 00:09:03.771,1716480543771,NH-DC-NM129-B05-ROCE-Leaf-3.GPU.S9825,FourHundredGigE1/0/43,0,0,0,0,0,0
2024/05/24 星期五 00:09:04.410,1716480544410,NH-DC-NM129-B05-ROCE-Leaf-3.GPU.S9825,FourHundredGigE1/0/43,135542,527261984,196162,687165668,1.02,1.33
2024/05/24 星期五 00:09:05.041,1716480545041,NH-DC-NM129-B05-ROCE-Leaf-3.GPU.S9825,FourHundredGigE1/0/43,3205,11822318,12932,35311380,0.02,0.06
2024/05/24 星期五 00:09:05.541,1716480545541,NH-DC-NM129-B05-ROCE-Leaf-3.GPU.S9825,FourHundredGigE1/0/43,0,0,0,0,0,0
2024/05/24 星期五 00:09:06.043,1716480546043,NH-DC-NM129-B05-ROCE-Leaf-3.GPU.S9825,FourHundredGigE1/0/43,48503,181682646,414872,1211612136,0.45,3.01
2024/05/24 星期五 00:09:06.625,1716480546625,NH-DC-NM129-B05-ROCE-Leaf-3.GPU.S9825,FourHundredGigE1/0/43,0,0,0,0,0,0
2024/05/24 星期五 00:09:08.020,1716480548020,NH-DC-NM129-B05-ROCE-Leaf-3.GPU.S9825,FourHundredGigE1/0/43,132673,493124590,62485,221019180,0.44,0.20
2024/05/24 星期五 00:09:08.527,1716480548527,NH-DC-NM129-B05-ROCE-Leaf-3.GPU.S9825,FourHundredGigE1/0/43,174009,663005602,316001,1301689000,1.63,3.21
2024/05/24 星期五 00:09:09.030,1716480549030,NH-DC-NM129-B05-ROCE-Leaf-3.GPU.S9825,FourHundredGigE1/0/43,6300,23179000,3242,262352,0.05,0
2024/05/24 星期五 00:09:09.549,1716480549549,NH-DC-NM129-B05-ROCE-Leaf-3.GPU.S9825,FourHundredGigE1/0/43,0,0,0,0,0,0
2024/05/24 星期五 00:09:10.155,1716480550155,NH-DC-NM129-B05-ROCE-Leaf-3.GPU.S9825,FourHundredGigE1/0/43,118708,443463800,20937,36885434,0.91,0.06
2024/05/24 星期五 00:09:10.681,1716480550681,NH-DC-NM129-B05-ROCE-Leaf-3.GPU.S9825,FourHundredGigE1/0/43,0,0,0,0,0,0
2024/05/24 星期五 00:09:11.408,1716480551408,NH-DC-NM129-B05-ROCE-Leaf-3.GPU.S9825,FourHundredGigE1/0/43,215600,868118147,219353,851396962,1.48,1.46
2024/05/24 星期五 00:09:11.969,1716480551969,NH-DC-NM129-B05-ROCE-Leaf-3.GPU.S9825,FourHundredGigE1/0/43,0,0,0,0,0,0
2024/05/24 星期五 00:09:12.472,1716480552472,NH-DC-NM129-B05-ROCE-Leaf-3.GPU.S9825,FourHundredGigE1/0/43,31444,87142844,4379,364102,0.20,0
2024/05/24 星期五 00:09:12.973,1716480552973,NH-DC-NM129-B05-ROCE-Leaf-3.GPU.S9825,FourHundredGigE1/0/43,0,0,0,0,0,0
2024/05/24 星期五 00:09:13.473,1716480553473,NH-DC-NM129-B05-ROCE-Leaf-3.GPU.S9825,FourHundredGigE1/0/43,5114,2299364,4033,334518,0,0
2024/05/24 星期五 00:09:14.051,1716480554051,NH-DC-NM129-B05-ROCE-Leaf-3.GPU.S9825,FourHundredGigE1/0/43,7195,30661130,28539,87906646,0.06,0.17
2024/05/24 星期五 00:09:14.752,1716480554752,NH-DC-NM129-B05-ROCE-Leaf-3.GPU.S9825,FourHundredGigE1/0/43,0,0,0,0,0,0
2024/05/24 星期五 00:09:15.334,1716480555334,NH-DC-NM129-B05-ROCE-Leaf-3.GPU.S9825,FourHundredGigE1/0/43,290424,1178691164,37150,89288484,2.51,0.17
2024/05/24 星期五 00:09:15.838,1716480555838,NH-DC-NM129-B05-ROCE-Leaf-3.GPU.S9825,FourHundredGigE1/0/43,0,0,0,0,0,0
2024/05/24 星期五 00:09:16.359,1716480556359,NH-DC-NM129-B05-ROCE-Leaf-3.GPU.S9825,FourHundredGigE1/0/43,26605,95970582,6989,12113934,0.22,0.02
2024/05/24 星期五 00:09:16.902,1716480556902,NH-DC-NM129-B05-ROCE-Leaf-3.GPU.S9825,FourHundredGigE1/0/43,0,0,0,0,0,0
2024/05/24 星期五 00:09:17.405,1716480557405,NH-DC-NM129-B05-ROCE-Leaf-3.GPU.S9825,FourHundredGigE1/0/43,13113,27660510,25463,79443086,0.05,0.17
2024/05/24 星期五 00:09:19.083,1716480559083,NH-DC-NM129-B05-ROCE-Leaf-3.GPU.S9825,FourHundredGigE1/0/43,183928,729422588,396292,1590886840,0.54,1.18
2024/05/24 星期五 00:09:19.585,1716480559585,NH-DC-NM129-B05-ROCE-Leaf-3.GPU.S9825,FourHundredGigE1/0/43,0,0,0,0,0,0
2024/05/24 星期五 00:09:20.161,1716480560161,NH-DC-NM129-B05-ROCE-Leaf-3.GPU.S9825,FourHundredGigE1/0/43,28149,98740494,15212,35111540,0.20,0.07
2024/05/24 星期五 00:09:21.095,1716480561095,NH-DC-NM129-B05-ROCE-Leaf-3.GPU.S9825,FourHundredGigE1/0/43,23030,72074848,71538,280706644,0.09,0.37
2024/05/24 星期五 00:09:21.791,1716480561791,NH-DC-NM129-B05-ROCE-Leaf-3.GPU.S9825,FourHundredGigE1/0/43,0,0,0,0,0,0
2024/05/24 星期五 00:09:22.295,1716480562295,NH-DC-NM129-B05-ROCE-Leaf-3.GPU.S9825,FourHundredGigE1/0/43,399392,1632674616,194217,781032002,4.04,1.93
2024/05/24 星期五 00:09:22.804,1716480562804,NH-DC-NM129-B05-ROCE-Leaf-3.GPU.S9825,FourHundredGigE1/0/43,0,0,0,0,0,0
2024/05/24 星期五 00:09:23.305,1716480563305,NH-DC-NM129-B05-ROCE-Leaf-3.GPU.S9825,FourHundredGigE1/0/43,9474,26762256,3112,269860,0.05,0
2024/05/24 星期五 00:09:24.169,1716480564169,NH-DC-NM129-B05-ROCE-Leaf-3.GPU.S9825,FourHundredGigE1/0/43,11267,35671230,7598,11786708,0.04,0.01
2024/05/24 星期五 00:09:24.917,1716480564917,NH-DC-NM129-B05-ROCE-Leaf-3.GPU.S9825,FourHundredGigE1/0/43,6594,11867668,3940,8842912,0.02,0
2024/05/24 星期五 00:09:25.499,1716480565499,NH-DC-NM129-B05-ROCE-Leaf-3.GPU.S9825,FourHundredGigE1/0/43,0,0,0,0,0,0
2024/05/24 星期五 00:09:26.005,1716480566005,NH-DC-NM129-B05-ROCE-Leaf-3.GPU.S9825,FourHundredGigE1/0/43,0,0,0,0,0,0
2024/05/24 星期五 00:09:26.516,1716480566516,NH-DC-NM129-B05-ROCE-Leaf-3.GPU.S9825,FourHundredGigE1/0/43,39770,130890888,464496,1896865856,0.32,4.62
2024/05/24 星期五 00:09:27.027,1716480567027,NH-DC-NM129-B05-ROCE-Leaf-3.GPU.S9825,FourHundredGigE1/0/43,26413,67402698,35745,125070154,0.15,0.29
2024/05/24 星期五 00:09:27.657,1716480567657,NH-DC-NM129-B05-ROCE-Leaf-3.GPU.S9825,FourHundredGigE1/0/43,0,0,0,0,0,0
2024/05/24 星期五 00:09:28.597,1716480568597,NH-DC-NM129-B05-ROCE-Leaf-3.GPU.S9825,FourHundredGigE1/0/43,14384,45498756,10660,35142928,0.05,0.04
2024/05/24 星期五 00:09:29.114,1716480569114,NH-DC-NM129-B05-ROCE-Leaf-3.GPU.S9825,FourHundredGigE1/0/43,198637,777625342,50951,172424454,1.86,0.41
2024/05/24 星期五 00:09:29.640,1716480569640,NH-DC-NM129-B05-ROCE-Leaf-3.GPU.S9825,FourHundredGigE1/0/43,0,0,0,0,0,0
2024/05/24 星期五 00:09:30.241,1716480570241,NH-DC-NM129-B05-ROCE-Leaf-3.GPU.S9825,FourHundredGigE1/0/43,30029,89977330,5266,426872,0.17,0
2024/05/24 星期五 00:09:30.870,1716480570870,NH-DC-NM129-B05-ROCE-Leaf-3.GPU.S9825,FourHundredGigE1/0/43,0,0,0,0,0,0
2024/05/24 星期五 00:09:31.370,1716480571370,NH-DC-NM129-B05-ROCE-Leaf-3.GPU.S9825,FourHundredGigE1/0/43,14610,47351352,15342,32475348,0.1,0.08
2024/05/24 星期五 00:09:32.173,1716480572173,NH-DC-NM129-B05-ROCE-Leaf-3.GPU.S9825,FourHundredGigE1/0/43,11461,35700182,21718,78767616,0.05,0.11
2024/05/24 星期五 00:09:32.673,1716480572673,NH-DC-NM129-B05-ROCE-Leaf-3.GPU.S9825,FourHundredGigE1/0/43,0,0,0,0,0,0
2024/05/24 星期五 00:09:33.174,1716480573174,NH-DC-NM129-B05-ROCE-Leaf-3.GPU.S9825,FourHundredGigE1/0/43,218933,827132790,27620,53292256,2.05,0.12
2024/05/24 星期五 00:09:33.884,1716480573884,NH-DC-NM129-B05-ROCE-Leaf-3.GPU.S9825,FourHundredGigE1/0/43,16104,50807004,50223,179385406,0.09,0.30
2024/05/24 星期五 00:09:34.676,1716480574676,NH-DC-NM129-B05-ROCE-Leaf-3.GPU.S9825,FourHundredGigE1/0/43,0,0,0,0,0,0
2024/05/24 星期五 00:09:35.481,1716480575481,NH-DC-NM129-B05-ROCE-Leaf-3.GPU.S9825,FourHundredGigE1/0/43,43944,152509788,85029,317273614,0.23,0.48
2024/05/24 星期五 00:09:36.036,1716480576036,NH-DC-NM129-B05-ROCE-Leaf-3.GPU.S9825,FourHundredGigE1/0/43,68090,269009624,130022,494972560,0.59,1.10
2024/05/24 星期五 00:09:36.534,1716480576534,NH-DC-NM129-B05-ROCE-Leaf-3.GPU.S9825,FourHundredGigE1/0/43,0,0,0,0,0,0
2024/05/24 星期五 00:09:37.093,1716480577093,NH-DC-NM129-B05-ROCE-Leaf-3.GPU.S9825,FourHundredGigE1/0/43,336124,1362834538,54338,174075392,3.04,0.38
2024/05/24 星期五 00:09:37.705,1716480577705,NH-DC-NM129-B05-ROCE-Leaf-3.GPU.S9825,FourHundredGigE1/0/43,0,0,0,0,0,0
2024/05/24 星期五 00:09:38.272,1716480578272,NH-DC-NM129-B05-ROCE-Leaf-3.GPU.S9825,FourHundredGigE1/0/43,26612,76110550,34536,120854012,0.15,0.26
2024/05/24 星期五 00:09:39.046,1716480579046,NH-DC-NM129-B05-ROCE-Leaf-3.GPU.S9825,FourHundredGigE1/0/43,11750,27529736,8883,25998450,0.03,0.03
2024/05/24 星期五 00:09:39.599,1716480579599,NH-DC-NM129-B05-ROCE-Leaf-3.GPU.S9825,FourHundredGigE1/0/43,0,0,0,0,0,0
2024/05/24 星期五 00:09:40.098,1716480580098,NH-DC-NM129-B05-ROCE-Leaf-3.GPU.S9825,FourHundredGigE1/0/43,28048,87702564,181857,738017398,0.20,1.83
2024/05/24 星期五 00:09:40.646,1716480580646,NH-DC-NM129-B05-ROCE-Leaf-3.GPU.S9825,FourHundredGigE1/0/43,0,0,0,0,0,0
2024/05/24 星期五 00:09:41.157,1716480581157,NH-DC-NM129-B05-ROCE-Leaf-3.GPU.S9825,FourHundredGigE1/0/43,36277,119468517,37325,124904750,0.27,0.29
2024/05/24 星期五 00:09:41.689,1716480581689,NH-DC-NM129-B05-ROCE-Leaf-3.GPU.S9825,FourHundredGigE1/0/43,0,0,0,0,0,0
2024/05/24 星期五 00:09:42.449,1716480582449,NH-DC-NM129-B05-ROCE-Leaf-3.GPU.S9825,FourHundredGigE1/0/43,39499,107434506,38106,129675724,0.16,0.20
2024/05/24 星期五 00:09:42.966,1716480582966,NH-DC-NM129-B05-ROCE-Leaf-3.GPU.S9825,FourHundredGigE1/0/43,0,0,0,0,0,0
2024/05/24 星期五 00:09:43.470,1716480583470,NH-DC-NM129-B05-ROCE-Leaf-3.GPU.S9825,FourHundredGigE1/0/43,19097,61203710,40664,118826952,0.15,0.27
2024/05/24 星期五 00:09:43.995,1716480583995,NH-DC-NM129-B05-ROCE-Leaf-3.GPU.S9825,FourHundredGigE1/0/43,253268,1010484504,219317,886050654,2.40,2.10
2024/05/24 星期五 00:09:45.225,1716480585225,NH-DC-NM129-B05-ROCE-Leaf-3.GPU.S9825,FourHundredGigE1/0/43,99699,339998958,77246,249805128,0.34,0.24
2024/05/24 星期五 00:09:47.004,1716480587004,NH-DC-NM129-B05-ROCE-Leaf-3.GPU.S9825,FourHundredGigE1/0/43,48128,137727160,308308,1220124242,0.09,0.86
2024/05/24 星期五 00:09:47.826,1716480587826,NH-DC-NM129-B05-ROCE-Leaf-3.GPU.S9825,FourHundredGigE1/0/43,0,0,0,0,0,0
2024/05/24 星期五 00:09:48.490,1716480588490,NH-DC-NM129-B05-ROCE-Leaf-3.GPU.S9825,FourHundredGigE1/0/43,24604,74811556,147177,588760044,0.13,1.09
2024/05/24 星期五 00:09:49.087,1716480589087,NH-DC-NM129-B05-ROCE-Leaf-3.GPU.S9825,FourHundredGigE1/0/43,4091,20064466,6680,23265888,0.04,0.04
2024/05/24 星期五 00:09:49.917,1716480589917,NH-DC-NM129-B05-ROCE-Leaf-3.GPU.S9825,FourHundredGigE1/0/43,0,0,0,0,0,0
2024/05/24 星期五 00:09:50.445,1716480590445,NH-DC-NM129-B05-ROCE-Leaf-3.GPU.S9825,FourHundredGigE1/0/43,7386,23725124,6862,23273820,0.05,0.05
2024/05/24 星期五 00:09:50.945,1716480590945,NH-DC-NM129-B05-ROCE-Leaf-3.GPU.S9825,FourHundredGigE1/0/43,0,0,0,0,0,0
2024/05/24 星期五 00:09:51.591,1716480591591,NH-DC-NM129-B05-ROCE-Leaf-3.GPU.S9825,FourHundredGigE1/0/43,509,42070,186738,761137584,0,1.47
2024/05/24 星期五 00:09:52.167,1716480592167,NH-DC-NM129-B05-ROCE-Leaf-3.GPU.S9825,FourHundredGigE1/0/43,51381,38862408,4326,11896684,0.07,0.02
2024/05/24 星期五 00:09:52.888,1716480592888,NH-DC-NM129-B05-ROCE-Leaf-3.GPU.S9825,FourHundredGigE1/0/43,0,0,0,0,0,0
2024/05/24 星期五 00:09:53.462,1716480593462,NH-DC-NM129-B05-ROCE-Leaf-3.GPU.S9825,FourHundredGigE1/0/43,33325,25659416,1038,89448,0.04,0
2024/05/24 星期五 00:09:53.968,1716480593968,NH-DC-NM129-B05-ROCE-Leaf-3.GPU.S9825,FourHundredGigE1/0/43,0,0,0,0,0,0
2024/05/24 星期五 00:09:54.471,1716480594471,NH-DC-NM129-B05-ROCE-Leaf-3.GPU.S9825,FourHundredGigE1/0/43,6271,12085774,1514,124480,0.02,0
2024/05/24 星期五 00:09:55.398,1716480595398,NH-DC-NM129-B05-ROCE-Leaf-3.GPU.S9825,FourHundredGigE1/0/43,183704,749505840,182766,738103056,1.00,0.98
2024/05/24 星期五 00:09:56.042,1716480596042,NH-DC-NM129-B05-ROCE-Leaf-3.GPU.S9825,FourHundredGigE1/0/43,1192,6197232,7072,22673888,0,0.04
2024/05/24 星期五 00:09:56.698,1716480596698,NH-DC-NM129-B05-ROCE-Leaf-3.GPU.S9825,FourHundredGigE1/0/43,0,0,0,0,0,0
2024/05/24 星期五 00:09:57.742,1716480597742,NH-DC-NM129-B05-ROCE-Leaf-3.GPU.S9825,FourHundredGigE1/0/43,6930,12115892,19002,36191652,0.01,0.04
2024/05/24 星期五 00:09:58.245,1716480598245,NH-DC-NM129-B05-ROCE-Leaf-3.GPU.S9825,FourHundredGigE1/0/43,4639,11712150,3722,11848352,0.02,0.02
2024/05/24 星期五 00:09:59.248,1716480599248,NH-DC-NM129-B05-ROCE-Leaf-3.GPU.S9825,FourHundredGigE1/0/43,3982,14413988,11816,12509116,0.01,0.01
2024/05/24 星期五 00:09:59.892,1716480599892,NH-DC-NM129-B05-ROCE-Leaf-3.GPU.S9825,FourHundredGigE1/0/43,0,0,0,0,0,0
2024/05/24 星期五 00:10:00.405,1716480600405,NH-DC-NM129-B05-ROCE-Leaf-3.GPU.S9825,FourHundredGigE1/0/43,267745,1106841338,451058,1844782992,2.68,4.48
2024/05/24 星期五 00:10:00.906,1716480600906,NH-DC-NM129-B05-ROCE-Leaf-3.GPU.S9825,FourHundredGigE1/0/43,0,0,0,0,0,0
2024/05/24 星期五 00:10:01.410,1716480601410,NH-DC-NM129-B05-ROCE-Leaf-3.GPU.S9825,FourHundredGigE1/0/43,16509,25422998,46356,26463280,0.05,0.05
2024/05/24 星期五 00:10:01.943,1716480601943,NH-DC-NM129-B05-ROCE-Leaf-3.GPU.S9825,FourHundredGigE1/0/43,32913,80593662,43625,134394302,0.19,0.30
2024/05/24 星期五 00:10:02.672,1716480602672,NH-DC-NM129-B05-ROCE-Leaf-3.GPU.S9825,FourHundredGigE1/0/43,0,0,0,0,0,0
2024/05/24 星期五 00:10:03.791,1716480603791,NH-DC-NM129-B05-ROCE-Leaf-3.GPU.S9825,FourHundredGigE1/0/43,26911,85972878,60836,196032144,0.09,0.21
2024/05/24 星期五 00:10:04.304,1716480604304,NH-DC-NM129-B05-ROCE-Leaf-3.GPU.S9825,FourHundredGigE1/0/43,268425,1044262786,13400,15132856,2.53,0.02
2024/05/24 星期五 00:10:04.868,1716480604868,NH-DC-NM129-B05-ROCE-Leaf-3.GPU.S9825,FourHundredGigE1/0/43,0,0,0,0,0,0
2024/05/24 星期五 00:10:05.369,1716480605369,NH-DC-NM129-B05-ROCE-Leaf-3.GPU.S9825,FourHundredGigE1/0/43,45784,168349988,45353,158423966,0.40,0.37
2024/05/24 星期五 00:10:06.265,1716480606265,NH-DC-NM129-B05-ROCE-Leaf-3.GPU.S9825,FourHundredGigE1/0/43,14299,12490114,61040,181641020,0.01,0.25
2024/05/24 星期五 00:10:06.909,1716480606909,NH-DC-NM129-B05-ROCE-Leaf-3.GPU.S9825,FourHundredGigE1/0/43,0,0,0,0,0,0
2024/05/24 星期五 00:10:07.412,1716480607412,NH-DC-NM129-B05-ROCE-Leaf-3.GPU.S9825,FourHundredGigE1/0/43,215038,808759384,381200,1565701372,1.99,3.88
2024/05/24 星期五 00:10:07.939,1716480607939,NH-DC-NM129-B05-ROCE-Leaf-3.GPU.S9825,FourHundredGigE1/0/43,0,0,0,0,0,0
2024/05/24 星期五 00:10:08.442,1716480608442,NH-DC-NM129-B05-ROCE-Leaf-3.GPU.S9825,FourHundredGigE1/0/43,38176,141497368,18850,66581980,0.35,0.15
2024/05/24 星期五 00:10:08.937,1716480608937,NH-DC-NM129-B05-ROCE-Leaf-3.GPU.S9825,FourHundredGigE1/0/43,53097,194326514,39264,100728104,0.48,0.25
2024/05/24 星期五 00:10:09.793,1716480609793,NH-DC-NM129-B05-ROCE-Leaf-3.GPU.S9825,FourHundredGigE1/0/43,0,0,0,0,0,0
2024/05/24 星期五 00:10:10.363,1716480610363,NH-DC-NM129-B05-ROCE-Leaf-3.GPU.S9825,FourHundredGigE1/0/43,35926,125151508,14027,30470682,0.26,0.07
2024/05/24 星期五 00:10:10.857,1716480610857,NH-DC-NM129-B05-ROCE-Leaf-3.GPU.S9825,FourHundredGigE1/0/43,0,0,0,0,0,0
2024/05/24 星期五 00:10:11.357,1716480611357,NH-DC-NM129-B05-ROCE-Leaf-3.GPU.S9825,FourHundredGigE1/0/43,199849,807194869,440689,1789513950,2,4.45
2024/05/24 星期五 00:10:11.941,1716480611941,NH-DC-NM129-B05-ROCE-Leaf-3.GPU.S9825,FourHundredGigE1/0/43,0,0,0,0,0,0
2024/05/24 星期五 00:10:12.441,1716480612441,NH-DC-NM129-B05-ROCE-Leaf-3.GPU.S9825,FourHundredGigE1/0/43,31237,94632090,16687,24084142,0.22,0.05
2024/05/24 星期五 00:10:13.139,1716480613139,NH-DC-NM129-B05-ROCE-Leaf-3.GPU.S9825,FourHundredGigE1/0/43,45321,136719794,22484,80483984,0.23,0.14
2024/05/24 星期五 00:10:13.788,1716480613788,NH-DC-NM129-B05-ROCE-Leaf-3.GPU.S9825,FourHundredGigE1/0/43,0,0,0,0,0,0
2024/05/24 星期五 00:10:14.291,1716480614291,NH-DC-NM129-B05-ROCE-Leaf-3.GPU.S9825,FourHundredGigE1/0/43,17551,46130958,8224,26429460,0.10,0.05
2024/05/24 星期五 00:10:14.810,1716480614810,NH-DC-NM129-B05-ROCE-Leaf-3.GPU.S9825,FourHundredGigE1/0/43,0,0,0,0,0,0
2024/05/24 星期五 00:10:15.314,1716480615314,NH-DC-NM129-B05-ROCE-Leaf-3.GPU.S9825,FourHundredGigE1/0/43,150337,591055142,120019,434726042,1.46,1.07
2024/05/24 星期五 00:10:16.346,1716480616346,NH-DC-NM129-B05-ROCE-Leaf-3.GPU.S9825,FourHundredGigE1/0/43,29821,95986190,54784,171490124,0.11,0.21
2024/05/24 星期五 00:10:17.069,1716480617069,NH-DC-NM129-B05-ROCE-Leaf-3.GPU.S9825,FourHundredGigE1/0/43,0,0,0,0,0,0
2024/05/24 星期五 00:10:17.573,1716480617573,NH-DC-NM129-B05-ROCE-Leaf-3.GPU.S9825,FourHundredGigE1/0/43,10181,35291150,34493,124686842,0.07,0.30
2024/05/24 星期五 00:10:18.078,1716480618078,NH-DC-NM129-B05-ROCE-Leaf-3.GPU.S9825,FourHundredGigE1/0/43,197480,793769180,26759,80882150,1.96,0.20
2024/05/24 星期五 00:10:18.629,1716480618629,NH-DC-NM129-B05-ROCE-Leaf-3.GPU.S9825,FourHundredGigE1/0/43,0,0,0,0,0,0
2024/05/24 星期五 00:10:19.131,1716480619131,NH-DC-NM129-B05-ROCE-Leaf-3.GPU.S9825,FourHundredGigE1/0/43,153349,592610078,26534,72662504,1.47,0.17
2024/05/24 星期五 00:10:19.828,1716480619828,NH-DC-NM129-B05-ROCE-Leaf-3.GPU.S9825,FourHundredGigE1/0/43,85902,299977156,11606,37708860,0.52,0.05
2024/05/24 星期五 00:10:20.508,1716480620508,NH-DC-NM129-B05-ROCE-Leaf-3.GPU.S9825,FourHundredGigE1/0/43,0,0,0,0,0,0
2024/05/24 星期五 00:10:21.009,1716480621009,NH-DC-NM129-B05-ROCE-Leaf-3.GPU.S9825,FourHundredGigE1/0/43,0,0,0,0,0,0
2024/05/24 星期五 00:10:21.510,1716480621510,NH-DC-NM129-B05-ROCE-Leaf-3.GPU.S9825,FourHundredGigE1/0/43,18205,63810514,36943,121864194,0.15,0.30
2024/05/24 星期五 00:10:22.083,1716480622083,NH-DC-NM129-B05-ROCE-Leaf-3.GPU.S9825,FourHundredGigE1/0/43,243073,919981018,209180,812919420,1.99,1.77
2024/05/24 星期五 00:10:22.659,1716480622659,NH-DC-NM129-B05-ROCE-Leaf-3.GPU.S9825,FourHundredGigE1/0/43,0,0,0,0,0,0
2024/05/24 星期五 00:10:23.316,1716480623316,NH-DC-NM129-B05-ROCE-Leaf-3.GPU.S9825,FourHundredGigE1/0/43,28732,73897072,30147,104444454,0.13,0.19
2024/05/24 星期五 00:10:24.837,1716480624837,NH-DC-NM129-B05-ROCE-Leaf-3.GPU.S9825,FourHundredGigE1/0/43,24000,84179312,39176,121853752,0.07,0.10
2024/05/24 星期五 00:10:25.337,1716480625337,NH-DC-NM129-B05-ROCE-Leaf-3.GPU.S9825,FourHundredGigE1/0/43,84188,295265112,49469,165793966,0.72,0.4
2024/05/24 星期五 00:10:25.868,1716480625868,NH-DC-NM129-B05-ROCE-Leaf-3.GPU.S9825,FourHundredGigE1/0/43,0,0,0,0,0,0
2024/05/24 星期五 00:10:26.468,1716480626468,NH-DC-NM129-B05-ROCE-Leaf-3.GPU.S9825,FourHundredGigE1/0/43,35635,88715698,166625,633904802,0.17,1.31
2024/05/24 星期五 00:10:27.215,1716480627215,NH-DC-NM129-B05-ROCE-Leaf-3.GPU.S9825,FourHundredGigE1/0/43,78436,305888704,23362,85055696,0.50,0.13
2024/05/24 星期五 00:10:27.715,1716480627715,NH-DC-NM129-B05-ROCE-Leaf-3.GPU.S9825,FourHundredGigE1/0/43,0,0,0,0,0,0
2024/05/24 星期五 00:10:28.234,1716480628234,NH-DC-NM129-B05-ROCE-Leaf-3.GPU.S9825,FourHundredGigE1/0/43,7301,23261082,410335,1505701110,0.05,3.61
2024/05/24 星期五 00:10:29.347,1716480629347,NH-DC-NM129-B05-ROCE-Leaf-3.GPU.S9825,FourHundredGigE1/0/43,438923,1796311190,308375,1129827782,2.01,1.26
2024/05/24 星期五 00:10:29.945,1716480629945,NH-DC-NM129-B05-ROCE-Leaf-3.GPU.S9825,FourHundredGigE1/0/43,4202,11904692,34820,2829860,0.02,0
2024/05/24 星期五 00:10:30.657,1716480630657,NH-DC-NM129-B05-ROCE-Leaf-3.GPU.S9825,FourHundredGigE1/0/43,0,0,0,0,0,0
2024/05/24 星期五 00:10:31.157,1716480631157,NH-DC-NM129-B05-ROCE-Leaf-3.GPU.S9825,FourHundredGigE1/0/43,14816,51283376,506,41228,0.12,0
2024/05/24 星期五 00:10:31.706,1716480631706,NH-DC-NM129-B05-ROCE-Leaf-3.GPU.S9825,FourHundredGigE1/0/43,0,0,0,0,0,0
2024/05/24 星期五 00:10:32.205,1716480632205,NH-DC-NM129-B05-ROCE-Leaf-3.GPU.S9825,FourHundredGigE1/0/43,19496,69327960,18442,35013308,0.15,0.08
2024/05/24 星期五 00:10:32.854,1716480632854,NH-DC-NM129-B05-ROCE-Leaf-3.GPU.S9825,FourHundredGigE1/0/43,0,0,0,0,0,0
2024/05/24 星期五 00:10:33.367,1716480633367,NH-DC-NM129-B05-ROCE-Leaf-3.GPU.S9825,FourHundredGigE1/0/43,412273,1640126338,301358,1128264352,4.00,2.73
2024/05/24 星期五 00:10:34.251,1716480634251,NH-DC-NM129-B05-ROCE-Leaf-3.GPU.S9825,FourHundredGigE1/0/43,54752,38456656,52132,194786648,0.04,0.27
2024/05/24 星期五 00:10:34.922,1716480634922,NH-DC-NM129-B05-ROCE-Leaf-3.GPU.S9825,FourHundredGigE1/0/43,0,0,0,0,0,0
2024/05/24 星期五 00:10:35.488,1716480635488,NH-DC-NM129-B05-ROCE-Leaf-3.GPU.S9825,FourHundredGigE1/0/43,138537,245023106,11716,34838620,0.53,0.07
2024/05/24 星期五 00:10:35.991,1716480635991,NH-DC-NM129-B05-ROCE-Leaf-3.GPU.S9825,FourHundredGigE1/0/43,357244,1119646836,607128,2488007414,2.76,6.16
2024/05/24 星期五 00:10:36.695,1716480636695,NH-DC-NM129-B05-ROCE-Leaf-3.GPU.S9825,FourHundredGigE1/0/43,0,0,0,0,0,0
2024/05/24 星期五 00:10:37.425,1716480637425,NH-DC-NM129-B05-ROCE-Leaf-3.GPU.S9825,FourHundredGigE1/0/43,88394,313151256,112277,373621772,0.53,0.63
2024/05/24 星期五 00:10:37.933,1716480637933,NH-DC-NM129-B05-ROCE-Leaf-3.GPU.S9825,FourHundredGigE1/0/43,0,0,0,0,0,0
2024/05/24 星期五 00:10:38.505,1716480638505,NH-DC-NM129-B05-ROCE-Leaf-3.GPU.S9825,FourHundredGigE1/0/43,18828,3437976,102773,353609762,0,0.76
2024/05/24 星期五 00:10:39.018,1716480639018,NH-DC-NM129-B05-ROCE-Leaf-3.GPU.S9825,FourHundredGigE1/0/43,0,0,0,0,0,0
2024/05/24 星期五 00:10:39.520,1716480639520,NH-DC-NM129-B05-ROCE-Leaf-3.GPU.S9825,FourHundredGigE1/0/43,19981,63953410,27,2426,0.15,0
2024/05/24 星期五 00:10:40.134,1716480640134,NH-DC-NM129-B05-ROCE-Leaf-3.GPU.S9825,FourHundredGigE1/0/43,190860,718482628,270668,1118414848,1.45,2.26
2024/05/24 星期五 00:10:40.865,1716480640865,NH-DC-NM129-B05-ROCE-Leaf-3.GPU.S9825,FourHundredGigE1/0/43,0,0,0,0,0,0
2024/05/24 星期五 00:10:41.368,1716480641368,NH-DC-NM129-B05-ROCE-Leaf-3.GPU.S9825,FourHundredGigE1/0/43,24332,76396287,19242,35824288,0.17,0.07
2024/05/24 星期五 00:10:41.949,1716480641949,NH-DC-NM129-B05-ROCE-Leaf-3.GPU.S9825,FourHundredGigE1/0/43,0,0,0,0,0,0
2024/05/24 星期五 00:10:42.454,1716480642454,NH-DC-NM129-B05-ROCE-Leaf-3.GPU.S9825,FourHundredGigE1/0/43,35819,111171774,18716,52497884,0.27,0.12
2024/05/24 星期五 00:10:42.969,1716480642969,NH-DC-NM129-B05-ROCE-Leaf-3.GPU.S9825,FourHundredGigE1/0/43,0,0,0,0,0,0
2024/05/24 星期五 00:10:43.470,1716480643470,NH-DC-NM129-B05-ROCE-Leaf-3.GPU.S9825,FourHundredGigE1/0/43,13331,12642330,52253,173127318,0.02,0.42
2024/05/24 星期五 00:10:44.182,1716480644182,NH-DC-NM129-B05-ROCE-Leaf-3.GPU.S9825,FourHundredGigE1/0/43,148603,542827022,69801,169570458,0.95,0.28
2024/05/24 星期五 00:10:44.723,1716480644723,NH-DC-NM129-B05-ROCE-Leaf-3.GPU.S9825,FourHundredGigE1/0/43,0,0,0,0,0,0
2024/05/24 星期五 00:10:45.335,1716480645335,NH-DC-NM129-B05-ROCE-Leaf-3.GPU.S9825,FourHundredGigE1/0/43,59119,201545922,120361,407824214,0.41,0.82
2024/05/24 星期五 00:10:47.513,1716480647513,NH-DC-NM129-B05-ROCE-Leaf-3.GPU.S9825,FourHundredGigE1/0/43,31564,93215028,13015,16420838,0.05,0.01
2024/05/24 星期五 00:10:48.196,1716480648196,NH-DC-NM129-B05-ROCE-Leaf-3.GPU.S9825,FourHundredGigE1/0/43,6019,486970,18297,39687930,0,0.05
2024/05/24 星期五 00:10:48.743,1716480648743,NH-DC-NM129-B05-ROCE-Leaf-3.GPU.S9825,FourHundredGigE1/0/43,0,0,0,0,0,0
2024/05/24 星期五 00:10:49.351,1716480649351,NH-DC-NM129-B05-ROCE-Leaf-3.GPU.S9825,FourHundredGigE1/0/43,109153,380655878,17281,52403010,0.78,0.10
2024/05/24 星期五 00:10:49.984,1716480649984,NH-DC-NM129-B05-ROCE-Leaf-3.GPU.S9825,FourHundredGigE1/0/43,38645,129309258,23163,36355142,0.24,0.06
2024/05/24 星期五 00:10:50.571,1716480650571,NH-DC-NM129-B05-ROCE-Leaf-3.GPU.S9825,FourHundredGigE1/0/43,0,0,0,0,0,0
2024/05/24 星期五 00:10:51.253,1716480651253,NH-DC-NM129-B05-ROCE-Leaf-3.GPU.S9825,FourHundredGigE1/0/43,407071,1640671026,306432,1234697296,3.01,2.25
2024/05/24 星期五 00:10:51.810,1716480651810,NH-DC-NM129-B05-ROCE-Leaf-3.GPU.S9825,FourHundredGigE1/0/43,0,0,0,0,0,0
2024/05/24 星期五 00:10:52.398,1716480652398,NH-DC-NM129-B05-ROCE-Leaf-3.GPU.S9825,FourHundredGigE1/0/43,65586,224107804,28826,92605304,0.47,0.19
2024/05/24 星期五 00:10:52.955,1716480652955,NH-DC-NM129-B05-ROCE-Leaf-3.GPU.S9825,FourHundredGigE1/0/43,0,0,0,0,0,0
2024/05/24 星期五 00:10:53.488,1716480653488,NH-DC-NM129-B05-ROCE-Leaf-3.GPU.S9825,FourHundredGigE1/0/43,32220,67942180,6319,23237638,0.14,0.05
2024/05/24 星期五 00:10:54.054,1716480654054,NH-DC-NM129-B05-ROCE-Leaf-3.GPU.S9825,FourHundredGigE1/0/43,45479,132684710,74010,278989354,0.29,0.60
2024/05/24 星期五 00:10:55.001,1716480655001,NH-DC-NM129-B05-ROCE-Leaf-3.GPU.S9825,FourHundredGigE1/0/43,96893,389738742,245556,1000255814,0.50,1.32
2024/05/24 星期五 00:10:55.586,1716480655586,NH-DC-NM129-B05-ROCE-Leaf-3.GPU.S9825,FourHundredGigE1/0/43,0,0,0,0,0,0
2024/05/24 星期五 00:10:56.279,1716480656279,NH-DC-NM129-B05-ROCE-Leaf-3.GPU.S9825,FourHundredGigE1/0/43,44272,133745036,40297,116430362,0.23,0.20
2024/05/24 星期五 00:10:57.008,1716480657008,NH-DC-NM129-B05-ROCE-Leaf-3.GPU.S9825,FourHundredGigE1/0/43,61881,216046410,15654,41962592,0.36,0.07
2024/05/24 星期五 00:10:57.652,1716480657652,NH-DC-NM129-B05-ROCE-Leaf-3.GPU.S9825,FourHundredGigE1/0/43,0,0,0,0,0,0
2024/05/24 星期五 00:10:58.514,1716480658514,NH-DC-NM129-B05-ROCE-Leaf-3.GPU.S9825,FourHundredGigE1/0/43,173526,639571228,123800,464497060,0.91,0.67
2024/05/24 星期五 00:10:59.060,1716480659060,NH-DC-NM129-B05-ROCE-Leaf-3.GPU.S9825,FourHundredGigE1/0/43,1872,7921828,25299,87123978,0,0.18
2024/05/24 星期五 00:10:59.563,1716480659563,NH-DC-NM129-B05-ROCE-Leaf-3.GPU.S9825,FourHundredGigE1/0/43,0,0,0,0,0,0
2024/05/24 星期五 00:11:00.476,1716480660476,NH-DC-NM129-B05-ROCE-Leaf-3.GPU.S9825,FourHundredGigE1/0/43,24916,41660164,23343,83320810,0.05,0.11
2024/05/24 星期五 00:11:00.980,1716480660980,NH-DC-NM129-B05-ROCE-Leaf-3.GPU.S9825,FourHundredGigE1/0/43,0,0,0,0,0,0
2024/05/24 星期五 00:11:01.485,1716480661485,NH-DC-NM129-B05-ROCE-Leaf-3.GPU.S9825,FourHundredGigE1/0/43,18427,52773846,36884,130437476,0.12,0.32
2024/05/24 星期五 00:11:02.342,1716480662342,NH-DC-NM129-B05-ROCE-Leaf-3.GPU.S9825,FourHundredGigE1/0/43,205157,809867994,12871,1042250,1.17,0
2024/05/24 星期五 00:11:02.841,1716480662841,NH-DC-NM129-B05-ROCE-Leaf-3.GPU.S9825,FourHundredGigE1/0/43,0,0,0,0,0,0
2024/05/24 星期五 00:11:03.342,1716480663342,NH-DC-NM129-B05-ROCE-Leaf-3.GPU.S9825,FourHundredGigE1/0/43,252,2258272,1007,82598,0,0
2024/05/24 星期五 00:11:04.050,1716480664050,NH-DC-NM129-B05-ROCE-Leaf-3.GPU.S9825,FourHundredGigE1/0/43,6810,25291240,48305,180622810,0.04,0.32
2024/05/24 星期五 00:11:05.012,1716480665012,NH-DC-NM129-B05-ROCE-Leaf-3.GPU.S9825,FourHundredGigE1/0/43,32442,66010492,238894,916462032,0.08,1.18
2024/05/24 星期五 00:11:05.691,1716480665691,NH-DC-NM129-B05-ROCE-Leaf-3.GPU.S9825,FourHundredGigE1/0/43,0,0,0,0,0,0
2024/05/24 星期五 00:11:06.191,1716480666191,NH-DC-NM129-B05-ROCE-Leaf-3.GPU.S9825,FourHundredGigE1/0/43,33795,14316494,115941,423139594,0.02,1.05
2024/05/24 星期五 00:11:07.020,1716480667020,NH-DC-NM129-B05-ROCE-Leaf-3.GPU.S9825,FourHundredGigE1/0/43,9635,778558,1017,83378,0,0
2024/05/24 星期五 00:11:07.565,1716480667565,NH-DC-NM129-B05-ROCE-Leaf-3.GPU.S9825,FourHundredGigE1/0/43,0,0,0,0,0,0
2024/05/24 星期五 00:11:08.065,1716480668065,NH-DC-NM129-B05-ROCE-Leaf-3.GPU.S9825,FourHundredGigE1/0/43,10335,29789134,14985,34904966,0.05,0.08
2024/05/24 星期五 00:11:09.022,1716480669022,NH-DC-NM129-B05-ROCE-Leaf-3.GPU.S9825,FourHundredGigE1/0/43,285653,1066132822,127864,456026728,1.38,0.59
2024/05/24 星期五 00:11:09.545,1716480669545,NH-DC-NM129-B05-ROCE-Leaf-3.GPU.S9825,FourHundredGigE1/0/43,0,0,0,0,0,0
2024/05/24 星期五 00:11:10.053,1716480670053,NH-DC-NM129-B05-ROCE-Leaf-3.GPU.S9825,FourHundredGigE1/0/43,6407,23652398,12527,46074306,0.05,0.10
2024/05/24 星期五 00:11:10.722,1716480670722,NH-DC-NM129-B05-ROCE-Leaf-3.GPU.S9825,FourHundredGigE1/0/43,0,0,0,0,0,0
2024/05/24 星期五 00:11:11.236,1716480671236,NH-DC-NM129-B05-ROCE-Leaf-3.GPU.S9825,FourHundredGigE1/0/43,14246,47178231,3714,11847356,0.10,0.02
2024/05/24 星期五 00:11:11.763,1716480671763,NH-DC-NM129-B05-ROCE-Leaf-3.GPU.S9825,FourHundredGigE1/0/43,0,0,0,0,0,0
2024/05/24 星期五 00:11:12.591,1716480672591,NH-DC-NM129-B05-ROCE-Leaf-3.GPU.S9825,FourHundredGigE1/0/43,108269,411857282,14129,24232014,0.62,0.03
2024/05/24 星期五 00:11:13.091,1716480673091,NH-DC-NM129-B05-ROCE-Leaf-3.GPU.S9825,FourHundredGigE1/0/43,76683,263613942,6411,23611914,0.65,0.05
2024/05/24 星期五 00:11:13.606,1716480673606,NH-DC-NM129-B05-ROCE-Leaf-3.GPU.S9825,FourHundredGigE1/0/43,0,0,0,0,0,0
2024/05/24 星期五 00:11:14.331,1716480674331,NH-DC-NM129-B05-ROCE-Leaf-3.GPU.S9825,FourHundredGigE1/0/43,38672,131334372,11725,12130206,0.22,0.02
2024/05/24 星期五 00:11:14.832,1716480674832,NH-DC-NM129-B05-ROCE-Leaf-3.GPU.S9825,FourHundredGigE1/0/43,0,0,0,0,0,0
2024/05/24 星期五 00:11:15.333,1716480675333,NH-DC-NM129-B05-ROCE-Leaf-3.GPU.S9825,FourHundredGigE1/0/43,1971,168410,23744,77097932,0,0.17
2024/05/24 星期五 00:11:16.075,1716480676075,NH-DC-NM129-B05-ROCE-Leaf-3.GPU.S9825,FourHundredGigE1/0/43,303077,1223133994,36521,122345666,2.06,0.20
2024/05/24 星期五 00:11:16.574,1716480676574,NH-DC-NM129-B05-ROCE-Leaf-3.GPU.S9825,FourHundredGigE1/0/43,0,0,0,0,0,0
2024/05/24 星期五 00:11:17.084,1716480677084,NH-DC-NM129-B05-ROCE-Leaf-3.GPU.S9825,FourHundredGigE1/0/43,24941,82701678,21303,72611334,0.20,0.17
2024/05/24 星期五 00:11:17.734,1716480677734,NH-DC-NM129-B05-ROCE-Leaf-3.GPU.S9825,FourHundredGigE1/0/43,0,0,0,0,0,0
2024/05/24 星期五 00:11:18.235,1716480678235,NH-DC-NM129-B05-ROCE-Leaf-3.GPU.S9825,FourHundredGigE1/0/43,42055,153588038,11482,12101672,0.37,0.02
2024/05/24 星期五 00:11:18.936,1716480678936,NH-DC-NM129-B05-ROCE-Leaf-3.GPU.S9825,FourHundredGigE1/0/43,212507,876413278,66896,247343584,1.55,0.43
2024/05/24 星期五 00:11:19.661,1716480679661,NH-DC-NM129-B05-ROCE-Leaf-3.GPU.S9825,FourHundredGigE1/0/43,0,0,0,0,0,0
2024/05/24 星期五 00:11:20.161,1716480680161,NH-DC-NM129-B05-ROCE-Leaf-3.GPU.S9825,FourHundredGigE1/0/43,29076,103536668,26227,75891998,0.25,0.18
2024/05/24 星期五 00:11:20.723,1716480680723,NH-DC-NM129-B05-ROCE-Leaf-3.GPU.S9825,FourHundredGigE1/0/43,0,0,0,0,0,0
2024/05/24 星期五 00:11:21.323,1716480681323,NH-DC-NM129-B05-ROCE-Leaf-3.GPU.S9825,FourHundredGigE1/0/43,3931,11945958,4132,11515396,0.02,0.02
2024/05/24 星期五 00:11:21.826,1716480681826,NH-DC-NM129-B05-ROCE-Leaf-3.GPU.S9825,FourHundredGigE1/0/43,0,0,0,0,0,0
2024/05/24 星期五 00:11:23.036,1716480683036,NH-DC-NM129-B05-ROCE-Leaf-3.GPU.S9825,FourHundredGigE1/0/43,3094,6516904,21455,75130062,0,0.07
2024/05/24 星期五 00:11:23.538,1716480683538,NH-DC-NM129-B05-ROCE-Leaf-3.GPU.S9825,FourHundredGigE1/0/43,117100,464832460,13582,30208668,1.15,0.07
2024/05/24 星期五 00:11:24.243,1716480684243,NH-DC-NM129-B05-ROCE-Leaf-3.GPU.S9825,FourHundredGigE1/0/43,11256,14964160,6240,9801364,0.02,0
2024/05/24 星期五 00:11:24.892,1716480684892,NH-DC-NM129-B05-ROCE-Leaf-3.GPU.S9825,FourHundredGigE1/0/43,0,0,0,0,0,0
2024/05/24 星期五 00:11:25.394,1716480685394,NH-DC-NM129-B05-ROCE-Leaf-3.GPU.S9825,FourHundredGigE1/0/43,16255,51106030,12534,37860248,0.12,0.07
2024/05/24 星期五 00:11:26.240,1716480686240,NH-DC-NM129-B05-ROCE-Leaf-3.GPU.S9825,FourHundredGigE1/0/43,20822,74295312,14365,35429122,0.10,0.04
2024/05/24 星期五 00:11:26.741,1716480686741,NH-DC-NM129-B05-ROCE-Leaf-3.GPU.S9825,FourHundredGigE1/0/43,0,0,0,0,0,0
2024/05/24 星期五 00:11:27.243,1716480687243,NH-DC-NM129-B05-ROCE-Leaf-3.GPU.S9825,FourHundredGigE1/0/43,204170,803374364,503153,2050398110,1.99,5.10
2024/05/24 星期五 00:11:28.546,1716480688546,NH-DC-NM129-B05-ROCE-Leaf-3.GPU.S9825,FourHundredGigE1/0/43,3893,308430,5028,15753828,0,0.01
2024/05/24 星期五 00:11:29.047,1716480689047,NH-DC-NM129-B05-ROCE-Leaf-3.GPU.S9825,FourHundredGigE1/0/43,26139,87363782,18035,41356786,0.20,0.10
2024/05/24 星期五 00:11:30.000,1716480690000,NH-DC-NM129-B05-ROCE-Leaf-3.GPU.S9825,FourHundredGigE1/0/43,0,0,0,0,0,0
2024/05/24 星期五 00:11:30.503,1716480690503,NH-DC-NM129-B05-ROCE-Leaf-3.GPU.S9825,FourHundredGigE1/0/43,240194,962466184,388578,1571104720,2.39,3.90
2024/05/24 星期五 00:11:31.015,1716480691015,NH-DC-NM129-B05-ROCE-Leaf-3.GPU.S9825,FourHundredGigE1/0/43,111241,442688210,123577,507945414,1.07,1.22
2024/05/24 星期五 00:11:31.638,1716480691638,NH-DC-NM129-B05-ROCE-Leaf-3.GPU.S9825,FourHundredGigE1/0/43,0,0,0,0,0,0
2024/05/24 星期五 00:11:32.138,1716480692138,NH-DC-NM129-B05-ROCE-Leaf-3.GPU.S9825,FourHundredGigE1/0/43,35409,127555202,6982,23806488,0.3,0.05
2024/05/24 星期五 00:11:32.944,1716480692944,NH-DC-NM129-B05-ROCE-Leaf-3.GPU.S9825,FourHundredGigE1/0/43,0,0,0,0,0,0
2024/05/24 星期五 00:11:33.550,1716480693550,NH-DC-NM129-B05-ROCE-Leaf-3.GPU.S9825,FourHundredGigE1/0/43,7701,23685462,13841,42487330,0.04,0.08
2024/05/24 星期五 00:11:34.198,1716480694198,NH-DC-NM129-B05-ROCE-Leaf-3.GPU.S9825,FourHundredGigE1/0/43,34677,91935042,49733,188748152,0.17,0.35
2024/05/24 星期五 00:11:34.860,1716480694860,NH-DC-NM129-B05-ROCE-Leaf-3.GPU.S9825,FourHundredGigE1/0/43,0,0,0,0,0,0
2024/05/24 星期五 00:11:36.081,1716480696081,NH-DC-NM129-B05-ROCE-Leaf-3.GPU.S9825,FourHundredGigE1/0/43,44548,127042864,105657,402627116,0.12,0.41
2024/05/24 星期五 00:11:36.726,1716480696726,NH-DC-NM129-B05-ROCE-Leaf-3.GPU.S9825,FourHundredGigE1/0/43,0,0,0,0,0,0
2024/05/24 星期五 00:11:37.225,1716480697225,NH-DC-NM129-B05-ROCE-Leaf-3.GPU.S9825,FourHundredGigE1/0/43,9142,23637676,16328,58304248,0.05,0.13
2024/05/24 星期五 00:11:37.726,1716480697726,NH-DC-NM129-B05-ROCE-Leaf-3.GPU.S9825,FourHundredGigE1/0/43,0,0,0,0,0,0
2024/05/24 星期五 00:11:38.226,1716480698226,NH-DC-NM129-B05-ROCE-Leaf-3.GPU.S9825,FourHundredGigE1/0/43,95959,330735594,276657,1118529118,0.82,2.78
2024/05/24 星期五 00:11:38.817,1716480698817,NH-DC-NM129-B05-ROCE-Leaf-3.GPU.S9825,FourHundredGigE1/0/43,0,0,0,0,0,0
2024/05/24 星期五 00:11:39.319,1716480699319,NH-DC-NM129-B05-ROCE-Leaf-3.GPU.S9825,FourHundredGigE1/0/43,11532,37823200,51460,181960160,0.07,0.45
2024/05/24 星期五 00:11:40.601,1716480700601,NH-DC-NM129-B05-ROCE-Leaf-3.GPU.S9825,FourHundredGigE1/0/43,7246,654716,41656,148626792,0,0.14
2024/05/24 星期五 00:11:41.101,1716480701101,NH-DC-NM129-B05-ROCE-Leaf-3.GPU.S9825,FourHundredGigE1/0/43,162984,649020817,154392,604982556,1.6,1.5
2024/05/24 星期五 00:11:42.097,1716480702097,NH-DC-NM129-B05-ROCE-Leaf-3.GPU.S9825,FourHundredGigE1/0/43,63081,249620504,69726,257048736,0.30,0.31
2024/05/24 星期五 00:11:42.585,1716480702585,NH-DC-NM129-B05-ROCE-Leaf-3.GPU.S9825,FourHundredGigE1/0/43,0,0,0,0,0,0
2024/05/24 星期五 00:11:43.214,1716480703214,NH-DC-NM129-B05-ROCE-Leaf-3.GPU.S9825,FourHundredGigE1/0/43,13595,36003958,17154,49820468,0.06,0.08
2024/05/24 星期五 00:11:43.771,1716480703771,NH-DC-NM129-B05-ROCE-Leaf-3.GPU.S9825,FourHundredGigE1/0/43,0,0,0,0,0,0
2024/05/24 星期五 00:11:44.273,1716480704273,NH-DC-NM129-B05-ROCE-Leaf-3.GPU.S9825,FourHundredGigE1/0/43,41786,152285816,2778,226116,0.37,0
2024/05/24 星期五 00:11:44.883,1716480704883,NH-DC-NM129-B05-ROCE-Leaf-3.GPU.S9825,FourHundredGigE1/0/43,100265,396010422,9316,12299288,0.80,0.02
2024/05/24 星期五 00:11:45.940,1716480705940,NH-DC-NM129-B05-ROCE-Leaf-3.GPU.S9825,FourHundredGigE1/0/43,83184,285057780,26465,73051694,0.33,0.08
2024/05/24 星期五 00:11:47.760,1716480707760,NH-DC-NM129-B05-ROCE-Leaf-3.GPU.S9825,FourHundredGigE1/0/43,0,0,0,0,0,0
2024/05/24 星期五 00:11:48.258,1716480708258,NH-DC-NM129-B05-ROCE-Leaf-3.GPU.S9825,FourHundredGigE1/0/43,34566,105055360,69301,236492498,0.25,0.58
2024/05/24 星期五 00:11:48.924,1716480708924,NH-DC-NM129-B05-ROCE-Leaf-3.GPU.S9825,FourHundredGigE1/0/43,195988,787143208,229247,896675498,1.46,1.67
2024/05/24 星期五 00:11:49.548,1716480709548,NH-DC-NM129-B05-ROCE-Leaf-3.GPU.S9825,FourHundredGigE1/0/43,0,0,0,0,0,0
2024/05/24 星期五 00:11:50.109,1716480710109,NH-DC-NM129-B05-ROCE-Leaf-3.GPU.S9825,FourHundredGigE1/0/43,27717,94123446,3433,285574,0.20,0
2024/05/24 星期五 00:11:50.812,1716480710812,NH-DC-NM129-B05-ROCE-Leaf-3.GPU.S9825,FourHundredGigE1/0/43,0,0,0,0,0,0
2024/05/24 星期五 00:11:51.450,1716480711450,NH-DC-NM129-B05-ROCE-Leaf-3.GPU.S9825,FourHundredGigE1/0/43,36241,113195434,6828,19551080,0.22,0.02
2024/05/24 星期五 00:11:51.951,1716480711951,NH-DC-NM129-B05-ROCE-Leaf-3.GPU.S9825,FourHundredGigE1/0/43,74507,259329366,185718,718326644,0.62,1.77
2024/05/24 星期五 00:11:52.676,1716480712676,NH-DC-NM129-B05-ROCE-Leaf-3.GPU.S9825,FourHundredGigE1/0/43,0,0,0,0,0,0
2024/05/24 星期五 00:11:53.176,1716480713176,NH-DC-NM129-B05-ROCE-Leaf-3.GPU.S9825,FourHundredGigE1/0/43,42173,128993094,22453,78045326,0.3,0.18
2024/05/24 星期五 00:11:53.678,1716480713678,NH-DC-NM129-B05-ROCE-Leaf-3.GPU.S9825,FourHundredGigE1/0/43,0,0,0,0,0,0
2024/05/24 星期五 00:11:55.139,1716480715139,NH-DC-NM129-B05-ROCE-Leaf-3.GPU.S9825,FourHundredGigE1/0/43,38165,134953450,32346,99626116,0.11,0.08
2024/05/24 星期五 00:11:55.665,1716480715665,NH-DC-NM129-B05-ROCE-Leaf-3.GPU.S9825,FourHundredGigE1/0/43,0,0,0,0,0,0
2024/05/24 星期五 00:11:56.445,1716480716445,NH-DC-NM129-B05-ROCE-Leaf-3.GPU.S9825,FourHundredGigE1/0/43,100305,380549226,125721,452024614,0.61,0.72
2024/05/24 星期五 00:11:56.959,1716480716959,NH-DC-NM129-B05-ROCE-Leaf-3.GPU.S9825,FourHundredGigE1/0/43,0,0,0,0,0,0
2024/05/24 星期五 00:11:57.543,1716480717543,NH-DC-NM129-B05-ROCE-Leaf-3.GPU.S9825,FourHundredGigE1/0/43,10187,35051958,1647,133046,0.06,0
2024/05/24 星期五 00:11:58.249,1716480718249,NH-DC-NM129-B05-ROCE-Leaf-3.GPU.S9825,FourHundredGigE1/0/43,0,0,1628,132680,0,0
2024/05/24 星期五 00:11:58.750,1716480718750,NH-DC-NM129-B05-ROCE-Leaf-3.GPU.S9825,FourHundredGigE1/0/43,0,0,0,0,0,0
2024/05/24 星期五 00:11:59.251,1716480719251,NH-DC-NM129-B05-ROCE-Leaf-3.GPU.S9825,FourHundredGigE1/0/43,5958,20909236,18785,1534262,0.05,0
2024/05/24 星期五 00:11:59.943,1716480719943,NH-DC-NM129-B05-ROCE-Leaf-3.GPU.S9825,FourHundredGigE1/0/43,0,0,0,0,0,0
2024/05/24 星期五 00:12:00.442,1716480720442,NH-DC-NM129-B05-ROCE-Leaf-3.GPU.S9825,FourHundredGigE1/0/43,222799,910835990,93947,369248602,2.28,0.90
2024/05/24 星期五 00:12:00.983,1716480720983,NH-DC-NM129-B05-ROCE-Leaf-3.GPU.S9825,FourHundredGigE1/0/43,7341,23493310,511,42262,0.05,0
2024/05/24 星期五 00:12:01.691,1716480721691,NH-DC-NM129-B05-ROCE-Leaf-3.GPU.S9825,FourHundredGigE1/0/43,0,0,0,0,0,0
2024/05/24 星期五 00:12:02.190,1716480722190,NH-DC-NM129-B05-ROCE-Leaf-3.GPU.S9825,FourHundredGigE1/0/43,171289,679246982,235421,882544592,1.68,2.20
2024/05/24 星期五 00:12:02.772,1716480722772,NH-DC-NM129-B05-ROCE-Leaf-3.GPU.S9825,FourHundredGigE1/0/43,0,0,0,0,0,0
2024/05/24 星期五 00:12:04.168,1716480724168,NH-DC-NM129-B05-ROCE-Leaf-3.GPU.S9825,FourHundredGigE1/0/43,273686,1114407800,437594,1664194082,0.99,1.49
2024/05/24 星期五 00:12:04.924,1716480724924,NH-DC-NM129-B05-ROCE-Leaf-3.GPU.S9825,FourHundredGigE1/0/43,0,0,0,0,0,0
2024/05/24 星期五 00:12:05.456,1716480725456,NH-DC-NM129-B05-ROCE-Leaf-3.GPU.S9825,FourHundredGigE1/0/43,193379,710565258,8583,701678,1.67,0
2024/05/24 星期五 00:12:05.958,1716480725958,NH-DC-NM129-B05-ROCE-Leaf-3.GPU.S9825,FourHundredGigE1/0/43,0,0,0,0,0,0
2024/05/24 星期五 00:12:06.532,1716480726532,NH-DC-NM129-B05-ROCE-Leaf-3.GPU.S9825,FourHundredGigE1/0/43,202344,760818104,23622,1918048,1.66,0
2024/05/24 星期五 00:12:07.692,1716480727692,NH-DC-NM129-B05-ROCE-Leaf-3.GPU.S9825,FourHundredGigE1/0/43,393383,1607352758,270217,1115924606,1.72,1.20
2024/05/24 星期五 00:12:08.343,1716480728343,NH-DC-NM129-B05-ROCE-Leaf-3.GPU.S9825,FourHundredGigE1/0/43,4777,17616650,13240,48610916,0.02,0.08
2024/05/24 星期五 00:12:08.843,1716480728843,NH-DC-NM129-B05-ROCE-Leaf-3.GPU.S9825,FourHundredGigE1/0/43,0,0,0,0,0,0
2024/05/24 星期五 00:12:09.372,1716480729372,NH-DC-NM129-B05-ROCE-Leaf-3.GPU.S9825,FourHundredGigE1/0/43,9644,28207708,19026,61782920,0.05,0.14
2024/05/24 星期五 00:12:09.984,1716480729984,NH-DC-NM129-B05-ROCE-Leaf-3.GPU.S9825,FourHundredGigE1/0/43,62659,215360986,62647,250450206,0.43,0.51
2024/05/24 星期五 00:12:10.555,1716480730555,NH-DC-NM129-B05-ROCE-Leaf-3.GPU.S9825,FourHundredGigE1/0/43,0,0,0,0,0,0
2024/05/24 星期五 00:12:11.050,1716480731050,NH-DC-NM129-B05-ROCE-Leaf-3.GPU.S9825,FourHundredGigE1/0/43,54052,180796177,289989,1183585078,0.45,2.98
2024/05/24 星期五 00:12:11.846,1716480731846,NH-DC-NM129-B05-ROCE-Leaf-3.GPU.S9825,FourHundredGigE1/0/43,0,0,0,0,0,0
2024/05/24 星期五 00:12:12.346,1716480732346,NH-DC-NM129-B05-ROCE-Leaf-3.GPU.S9825,FourHundredGigE1/0/43,30339,103410470,26798,58520004,0.25,0.12
2024/05/24 星期五 00:12:12.856,1716480732856,NH-DC-NM129-B05-ROCE-Leaf-3.GPU.S9825,FourHundredGigE1/0/43,0,0,0,0,0,0
2024/05/24 星期五 00:12:13.359,1716480733359,NH-DC-NM129-B05-ROCE-Leaf-3.GPU.S9825,FourHundredGigE1/0/43,24410,76166384,79750,281394228,0.17,0.70
2024/05/24 星期五 00:12:13.949,1716480733949,NH-DC-NM129-B05-ROCE-Leaf-3.GPU.S9825,FourHundredGigE1/0/43,0,0,0,0,0,0
2024/05/24 星期五 00:12:14.451,1716480734451,NH-DC-NM129-B05-ROCE-Leaf-3.GPU.S9825,FourHundredGigE1/0/43,221424,892262304,113741,443610186,2.22,1.10
2024/05/24 星期五 00:12:15.264,1716480735264,NH-DC-NM129-B05-ROCE-Leaf-3.GPU.S9825,FourHundredGigE1/0/43,82877,306813474,53084,185127408,0.46,0.28
2024/05/24 星期五 00:12:15.765,1716480735765,NH-DC-NM129-B05-ROCE-Leaf-3.GPU.S9825,FourHundredGigE1/0/43,0,0,0,0,0,0
2024/05/24 星期五 00:12:16.269,1716480736269,NH-DC-NM129-B05-ROCE-Leaf-3.GPU.S9825,FourHundredGigE1/0/43,8829,735834,39649,135611346,0,0.32
2024/05/24 星期五 00:12:16.851,1716480736851,NH-DC-NM129-B05-ROCE-Leaf-3.GPU.S9825,FourHundredGigE1/0/43,0,0,0,0,0,0
2024/05/24 星期五 00:12:17.365,1716480737365,NH-DC-NM129-B05-ROCE-Leaf-3.GPU.S9825,FourHundredGigE1/0/43,13171,44873018,59324,204775096,0.10,0.49
2024/05/24 星期五 00:12:17.901,1716480737901,NH-DC-NM129-B05-ROCE-Leaf-3.GPU.S9825,FourHundredGigE1/0/43,28039,95029278,2414,186980,0.21,0
2024/05/24 星期五 00:12:18.643,1716480738643,NH-DC-NM129-B05-ROCE-Leaf-3.GPU.S9825,FourHundredGigE1/0/43,0,0,0,0,0,0
2024/05/24 星期五 00:12:19.143,1716480739143,NH-DC-NM129-B05-ROCE-Leaf-3.GPU.S9825,FourHundredGigE1/0/43,52501,171816110,19904,52605884,0.42,0.12
2024/05/24 星期五 00:12:19.641,1716480739641,NH-DC-NM129-B05-ROCE-Leaf-3.GPU.S9825,FourHundredGigE1/0/43,0,0,0,0,0,0
2024/05/24 星期五 00:12:20.721,1716480740721,NH-DC-NM129-B05-ROCE-Leaf-3.GPU.S9825,FourHundredGigE1/0/43,18673,60857746,13060,12241920,0.07,0.01
2024/05/24 星期五 00:12:21.206,1716480741206,NH-DC-NM129-B05-ROCE-Leaf-3.GPU.S9825,FourHundredGigE1/0/43,70884,268919628,3831,324478,0.67,0
2024/05/24 星期五 00:12:22.037,1716480742037,NH-DC-NM129-B05-ROCE-Leaf-3.GPU.S9825,FourHundredGigE1/0/43,148083,586415038,94898,380902092,0.87,0.57
2024/05/24 星期五 00:12:22.538,1716480742538,NH-DC-NM129-B05-ROCE-Leaf-3.GPU.S9825,FourHundredGigE1/0/43,0,0,0,0,0,0
2024/05/24 星期五 00:12:23.041,1716480743041,NH-DC-NM129-B05-ROCE-Leaf-3.GPU.S9825,FourHundredGigE1/0/43,12888,0,9150,0,0,0
2024/05/24 星期五 00:12:23.722,1716480743722,NH-DC-NM129-B05-ROCE-Leaf-3.GPU.S9825,FourHundredGigE1/0/43,0,40790304,0,19041680,0.07,0.02
2024/05/24 星期五 00:12:24.383,1716480744383,NH-DC-NM129-B05-ROCE-Leaf-3.GPU.S9825,FourHundredGigE1/0/43,23430,80464628,3718,11852176,0.15,0.02
2024/05/24 星期五 00:12:24.933,1716480744933,NH-DC-NM129-B05-ROCE-Leaf-3.GPU.S9825,FourHundredGigE1/0/43,187535,743929862,432602,1691080588,1.68,3.84
2024/05/24 星期五 00:12:25.657,1716480745657,NH-DC-NM129-B05-ROCE-Leaf-3.GPU.S9825,FourHundredGigE1/0/43,0,0,0,0,0,0
2024/05/24 星期五 00:12:26.159,1716480746159,NH-DC-NM129-B05-ROCE-Leaf-3.GPU.S9825,FourHundredGigE1/0/43,15400,38026216,8081,22998534,0.07,0.05
2024/05/24 星期五 00:12:26.699,1716480746699,NH-DC-NM129-B05-ROCE-Leaf-3.GPU.S9825,FourHundredGigE1/0/43,0,0,0,0,0,0
2024/05/24 星期五 00:12:27.199,1716480747199,NH-DC-NM129-B05-ROCE-Leaf-3.GPU.S9825,FourHundredGigE1/0/43,6345,527346,8671,15852094,0,0.02
2024/05/24 星期五 00:12:27.737,1716480747737,NH-DC-NM129-B05-ROCE-Leaf-3.GPU.S9825,FourHundredGigE1/0/43,0,0,0,0,0,0
2024/05/24 星期五 00:12:28.240,1716480748240,NH-DC-NM129-B05-ROCE-Leaf-3.GPU.S9825,FourHundredGigE1/0/43,12264,34560424,46013,163947462,0.07,0.40
2024/05/24 星期五 00:12:29.037,1716480749037,NH-DC-NM129-B05-ROCE-Leaf-3.GPU.S9825,FourHundredGigE1/0/43,6129,11898398,182476,738098108,0.02,1.14
2024/05/24 星期五 00:12:29.537,1716480749537,NH-DC-NM129-B05-ROCE-Leaf-3.GPU.S9825,FourHundredGigE1/0/43,0,0,0,0,0,0
2024/05/24 星期五 00:12:30.101,1716480750101,NH-DC-NM129-B05-ROCE-Leaf-3.GPU.S9825,FourHundredGigE1/0/43,30961,107913650,19244,50758308,0.22,0.11
2024/05/24 星期五 00:12:30.671,1716480750671,NH-DC-NM129-B05-ROCE-Leaf-3.GPU.S9825,FourHundredGigE1/0/43,0,0,0,0,0,0
2024/05/24 星期五 00:12:31.170,1716480751170,NH-DC-NM129-B05-ROCE-Leaf-3.GPU.S9825,FourHundredGigE1/0/43,39370,140287208,26954,95919584,0.35,0.23
2024/05/24 星期五 00:12:31.760,1716480751760,NH-DC-NM129-B05-ROCE-Leaf-3.GPU.S9825,FourHundredGigE1/0/43,0,0,0,0,0,0
2024/05/24 星期五 00:12:32.541,1716480752541,NH-DC-NM129-B05-ROCE-Leaf-3.GPU.S9825,FourHundredGigE1/0/43,153190,551319384,195371,775228694,0.88,1.23
2024/05/24 星期五 00:12:33.045,1716480753045,NH-DC-NM129-B05-ROCE-Leaf-3.GPU.S9825,FourHundredGigE1/0/43,15669,0,12900,39281744,0,0.07
2024/05/24 星期五 00:12:33.637,1716480753637,NH-DC-NM129-B05-ROCE-Leaf-3.GPU.S9825,FourHundredGigE1/0/43,0,44575338,0,0,0.08,0
2024/05/24 星期五 00:12:34.428,1716480754428,NH-DC-NM129-B05-ROCE-Leaf-3.GPU.S9825,FourHundredGigE1/0/43,67777,241042878,298,24068,0.38,0
2024/05/24 星期五 00:12:35.032,1716480755032,NH-DC-NM129-B05-ROCE-Leaf-3.GPU.S9825,FourHundredGigE1/0/43,18468,60834052,47842,171908496,0.12,0.35
2024/05/24 星期五 00:12:35.832,1716480755832,NH-DC-NM129-B05-ROCE-Leaf-3.GPU.S9825,FourHundredGigE1/0/43,0,0,0,0,0,0
2024/05/24 星期五 00:12:36.333,1716480756333,NH-DC-NM129-B05-ROCE-Leaf-3.GPU.S9825,FourHundredGigE1/0/43,198350,780305236,306554,1182603520,1.95,2.94
2024/05/24 星期五 00:12:36.873,1716480756873,NH-DC-NM129-B05-ROCE-Leaf-3.GPU.S9825,FourHundredGigE1/0/43,0,0,0,0,0,0
2024/05/24 星期五 00:12:37.442,1716480757442,NH-DC-NM129-B05-ROCE-Leaf-3.GPU.S9825,FourHundredGigE1/0/43,13054,13489236,537,44166,0.02,0
2024/05/24 星期五 00:12:37.996,1716480757996,NH-DC-NM129-B05-ROCE-Leaf-3.GPU.S9825,FourHundredGigE1/0/43,0,0,0,0,0,0
2024/05/24 星期五 00:12:38.502,1716480758502,NH-DC-NM129-B05-ROCE-Leaf-3.GPU.S9825,FourHundredGigE1/0/43,4115,11669382,0,0,0.02,0
2024/05/24 星期五 00:12:39.338,1716480759338,NH-DC-NM129-B05-ROCE-Leaf-3.GPU.S9825,FourHundredGigE1/0/43,4147,11671494,69324,260066192,0.01,0.39
2024/05/24 星期五 00:12:39.841,1716480759841,NH-DC-NM129-B05-ROCE-Leaf-3.GPU.S9825,FourHundredGigE1/0/43,0,0,0,0,0,0
2024/05/24 星期五 00:12:40.352,1716480760352,NH-DC-NM129-B05-ROCE-Leaf-3.GPU.S9825,FourHundredGigE1/0/43,89838,375675488,21449,47565606,0.91,0.10
2024/05/24 星期五 00:12:40.945,1716480760945,NH-DC-NM129-B05-ROCE-Leaf-3.GPU.S9825,FourHundredGigE1/0/43,0,0,0,0,0,0
2024/05/24 星期五 00:12:41.456,1716480761456,NH-DC-NM129-B05-ROCE-Leaf-3.GPU.S9825,FourHundredGigE1/0/43,10,70747,3198,11805340,0,0.02
2024/05/24 星期五 00:12:41.990,1716480761990,NH-DC-NM129-B05-ROCE-Leaf-3.GPU.S9825,FourHundredGigE1/0/43,206314,765938628,6710,551848,1.78,0
2024/05/24 星期五 00:12:42.704,1716480762704,NH-DC-NM129-B05-ROCE-Leaf-3.GPU.S9825,FourHundredGigE1/0/43,0,0,0,0,0,0
2024/05/24 星期五 00:12:43.205,1716480763205,NH-DC-NM129-B05-ROCE-Leaf-3.GPU.S9825,FourHundredGigE1/0/43,362705,1499096890,282465,1119343039,3.72,2.77
2024/05/24 星期五 00:12:43.766,1716480763766,NH-DC-NM129-B05-ROCE-Leaf-3.GPU.S9825,FourHundredGigE1/0/43,0,0,0,0,0,0
2024/05/24 星期五 00:12:44.307,1716480764307,NH-DC-NM129-B05-ROCE-Leaf-3.GPU.S9825,FourHundredGigE1/0/43,8252,36367540,4152,11508576,0.07,0.02
2024/05/24 星期五 00:12:44.890,1716480764890,NH-DC-NM129-B05-ROCE-Leaf-3.GPU.S9825,FourHundredGigE1/0/43,0,0,0,0,0,0
2024/05/24 星期五 00:12:45.778,1716480765778,NH-DC-NM129-B05-ROCE-Leaf-3.GPU.S9825,FourHundredGigE1/0/43,141875,534876338,297083,1167336450,0.75,1.63
2024/05/24 星期五 00:12:47.777,1716480767777,NH-DC-NM129-B05-ROCE-Leaf-3.GPU.S9825,FourHundredGigE1/0/43,0,0,0,0,0,0
2024/05/24 星期五 00:12:48.318,1716480768318,NH-DC-NM129-B05-ROCE-Leaf-3.GPU.S9825,FourHundredGigE1/0/43,7679,27319222,70228,277999280,0.05,0.62
2024/05/24 星期五 00:12:48.861,1716480768861,NH-DC-NM129-B05-ROCE-Leaf-3.GPU.S9825,FourHundredGigE1/0/43,0,0,0,0,0,0
2024/05/24 星期五 00:12:49.501,1716480769501,NH-DC-NM129-B05-ROCE-Leaf-3.GPU.S9825,FourHundredGigE1/0/43,58730,177424748,10528,35117472,0.33,0.06
2024/05/24 星期五 00:12:50.113,1716480770113,NH-DC-NM129-B05-ROCE-Leaf-3.GPU.S9825,FourHundredGigE1/0/43,16858,1375576,220255,893710474,0,1.82
2024/05/24 星期五 00:12:50.774,1716480770774,NH-DC-NM129-B05-ROCE-Leaf-3.GPU.S9825,FourHundredGigE1/0/43,0,0,0,0,0,0
2024/05/24 星期五 00:12:51.420,1716480771420,NH-DC-NM129-B05-ROCE-Leaf-3.GPU.S9825,FourHundredGigE1/0/43,157727,628728210,214008,870854040,1.20,1.68
2024/05/24 星期五 00:12:51.928,1716480771928,NH-DC-NM129-B05-ROCE-Leaf-3.GPU.S9825,FourHundredGigE1/0/43,0,0,0,0,0,0
2024/05/24 星期五 00:12:52.506,1716480772506,NH-DC-NM129-B05-ROCE-Leaf-3.GPU.S9825,FourHundredGigE1/0/43,24456,53640208,14948,48064948,0.11,0.09
2024/05/24 星期五 00:12:53.073,1716480773073,NH-DC-NM129-B05-ROCE-Leaf-3.GPU.S9825,FourHundredGigE1/0/43,0,0,0,0,0,0
2024/05/24 星期五 00:12:53.573,1716480773573,NH-DC-NM129-B05-ROCE-Leaf-3.GPU.S9825,FourHundredGigE1/0/43,37521,125358718,40395,132666722,0.3,0.32
2024/05/24 星期五 00:12:54.292,1716480774292,NH-DC-NM129-B05-ROCE-Leaf-3.GPU.S9825,FourHundredGigE1/0/43,280020,1119033024,414745,1685044494,1.93,2.92
2024/05/24 星期五 00:12:55.780,1716480775780,NH-DC-NM129-B05-ROCE-Leaf-3.GPU.S9825,FourHundredGigE1/0/43,36286,76850168,33899,108389654,0.06,0.08
2024/05/24 星期五 00:12:56.282,1716480776282,NH-DC-NM129-B05-ROCE-Leaf-3.GPU.S9825,FourHundredGigE1/0/43,52634,157257732,68271,239996806,0.37,0.57
2024/05/24 星期五 00:12:56.781,1716480776781,NH-DC-NM129-B05-ROCE-Leaf-3.GPU.S9825,FourHundredGigE1/0/43,0,0,0,0,0,0
2024/05/24 星期五 00:12:57.345,1716480777345,NH-DC-NM129-B05-ROCE-Leaf-3.GPU.S9825,FourHundredGigE1/0/43,239969,936537498,51024,182154304,2.06,0.40
2024/05/24 星期五 00:12:57.912,1716480777912,NH-DC-NM129-B05-ROCE-Leaf-3.GPU.S9825,FourHundredGigE1/0/43,0,0,0,0,0,0
2024/05/24 星期五 00:12:58.519,1716480778519,NH-DC-NM129-B05-ROCE-Leaf-3.GPU.S9825,FourHundredGigE1/0/43,48540,151851040,35181,81953658,0.31,0.16
2024/05/24 星期五 00:12:59.036,1716480779036,NH-DC-NM129-B05-ROCE-Leaf-3.GPU.S9825,FourHundredGigE1/0/43,91926,317450936,58832,205347824,0.75,0.48
2024/05/24 星期五 00:12:59.618,1716480779618,NH-DC-NM129-B05-ROCE-Leaf-3.GPU.S9825,FourHundredGigE1/0/43,0,0,0,0,0,0
2024/05/24 星期五 00:13:00.135,1716480780135,NH-DC-NM129-B05-ROCE-Leaf-3.GPU.S9825,FourHundredGigE1/0/43,51994,160531976,50954,170679336,0.39,0.41
2024/05/24 星期五 00:13:00.798,1716480780798,NH-DC-NM129-B05-ROCE-Leaf-3.GPU.S9825,FourHundredGigE1/0/43,0,0,0,0,0,0
2024/05/24 星期五 00:13:01.304,1716480781304,NH-DC-NM129-B05-ROCE-Leaf-3.GPU.S9825,FourHundredGigE1/0/43,28364,78202252,223924,905646596,0.17,2.22
2024/05/24 星期五 00:13:01.864,1716480781864,NH-DC-NM129-B05-ROCE-Leaf-3.GPU.S9825,FourHundredGigE1/0/43,0,0,0,0,0,0
2024/05/24 星期五 00:13:02.366,1716480782366,NH-DC-NM129-B05-ROCE-Leaf-3.GPU.S9825,FourHundredGigE1/0/43,78820,255846996,25156,70394428,0.62,0.17
2024/05/24 星期五 00:13:02.961,1716480782961,NH-DC-NM129-B05-ROCE-Leaf-3.GPU.S9825,FourHundredGigE1/0/43,0,0,0,0,0,0
2024/05/24 星期五 00:13:03.462,1716480783462,NH-DC-NM129-B05-ROCE-Leaf-3.GPU.S9825,FourHundredGigE1/0/43,82130,276342936,23586,75632568,0.67,0.17
2024/05/24 星期五 00:13:04.215,1716480784215,NH-DC-NM129-B05-ROCE-Leaf-3.GPU.S9825,FourHundredGigE1/0/43,7284,23259608,21229,56366630,0.03,0.08
2024/05/24 星期五 00:13:04.764,1716480784764,NH-DC-NM129-B05-ROCE-Leaf-3.GPU.S9825,FourHundredGigE1/0/43,0,0,0,0,0,0
2024/05/24 星期五 00:13:05.265,1716480785265,NH-DC-NM129-B05-ROCE-Leaf-3.GPU.S9825,FourHundredGigE1/0/43,319104,1300210560,208281,802608230,3.24,2.00
2024/05/24 星期五 00:13:05.813,1716480785813,NH-DC-NM129-B05-ROCE-Leaf-3.GPU.S9825,FourHundredGigE1/0/43,0,0,0,0,0,0
2024/05/24 星期五 00:13:06.327,1716480786327,NH-DC-NM129-B05-ROCE-Leaf-3.GPU.S9825,FourHundredGigE1/0/43,34415,119848290,12922,35310904,0.27,0.07
2024/05/24 星期五 00:13:06.841,1716480786841,NH-DC-NM129-B05-ROCE-Leaf-3.GPU.S9825,FourHundredGigE1/0/43,0,0,0,0,0,0
2024/05/24 星期五 00:13:07.455,1716480787455,NH-DC-NM129-B05-ROCE-Leaf-3.GPU.S9825,FourHundredGigE1/0/43,14583,35419990,38602,116287132,0.06,0.22
2024/05/24 星期五 00:13:08.023,1716480788023,NH-DC-NM129-B05-ROCE-Leaf-3.GPU.S9825,FourHundredGigE1/0/43,314347,1266864390,172468,668056320,2.77,1.45
2024/05/24 星期五 00:13:08.577,1716480788577,NH-DC-NM129-B05-ROCE-Leaf-3.GPU.S9825,FourHundredGigE1/0/43,0,0,0,0,0,0
2024/05/24 星期五 00:13:09.081,1716480789081,NH-DC-NM129-B05-ROCE-Leaf-3.GPU.S9825,FourHundredGigE1/0/43,20319,54221306,22454,75662628,0.12,0.17
2024/05/24 星期五 00:13:09.680,1716480789680,NH-DC-NM129-B05-ROCE-Leaf-3.GPU.S9825,FourHundredGigE1/0/43,0,0,0,0,0,0
2024/05/24 星期五 00:13:10.171,1716480790171,NH-DC-NM129-B05-ROCE-Leaf-3.GPU.S9825,FourHundredGigE1/0/43,84006,300748392,61986,221226624,0.76,0.56
2024/05/24 星期五 00:13:10.930,1716480790930,NH-DC-NM129-B05-ROCE-Leaf-3.GPU.S9825,FourHundredGigE1/0/43,0,0,0,0,0,0
2024/05/24 星期五 00:13:11.466,1716480791466,NH-DC-NM129-B05-ROCE-Leaf-3.GPU.S9825,FourHundredGigE1/0/43,7091,12134301,19308,62933424,0.02,0.14
2024/05/24 星期五 00:13:12.078,1716480792078,NH-DC-NM129-B05-ROCE-Leaf-3.GPU.S9825,FourHundredGigE1/0/43,96470,381157140,274897,1118372938,0.78,2.27
2024/05/24 星期五 00:13:12.649,1716480792649,NH-DC-NM129-B05-ROCE-Leaf-3.GPU.S9825,FourHundredGigE1/0/43,0,0,0,0,0,0
2024/05/24 星期五 00:13:13.154,1716480793154,NH-DC-NM129-B05-ROCE-Leaf-3.GPU.S9825,FourHundredGigE1/0/43,0,0,3621,11464998,0,0.02
2024/05/24 星期五 00:13:13.659,1716480793659,NH-DC-NM129-B05-ROCE-Leaf-3.GPU.S9825,FourHundredGigE1/0/43,0,0,0,0,0,0
2024/05/24 星期五 00:13:14.435,1716480794435,NH-DC-NM129-B05-ROCE-Leaf-3.GPU.S9825,FourHundredGigE1/0/43,3650,11638828,127944,446468668,0.02,0.71
2024/05/24 星期五 00:13:14.939,1716480794939,NH-DC-NM129-B05-ROCE-Leaf-3.GPU.S9825,FourHundredGigE1/0/43,0,0,0,0,0,0
2024/05/24 星期五 00:13:15.876,1716480795876,NH-DC-NM129-B05-ROCE-Leaf-3.GPU.S9825,FourHundredGigE1/0/43,50869,183089330,250075,997995542,0.24,1.32
2024/05/24 星期五 00:13:16.377,1716480796377,NH-DC-NM129-B05-ROCE-Leaf-3.GPU.S9825,FourHundredGigE1/0/43,3681,11632994,35275,95219146,0.02,0.22
2024/05/24 星期五 00:13:16.877,1716480796877,NH-DC-NM129-B05-ROCE-Leaf-3.GPU.S9825,FourHundredGigE1/0/43,89250,321468396,31649,108288818,0.8,0.25
2024/05/24 星期五 00:13:17.889,1716480797889,NH-DC-NM129-B05-ROCE-Leaf-3.GPU.S9825,FourHundredGigE1/0/43,0,0,0,0,0,0
2024/05/24 星期五 00:13:18.390,1716480798390,NH-DC-NM129-B05-ROCE-Leaf-3.GPU.S9825,FourHundredGigE1/0/43,15345,52946254,20674,24772368,0.12,0.05
2024/05/24 星期五 00:13:19.024,1716480799024,NH-DC-NM129-B05-ROCE-Leaf-3.GPU.S9825,FourHundredGigE1/0/43,481414,1963291020,27487,92762886,3.86,0.18
2024/05/24 星期五 00:13:19.620,1716480799620,NH-DC-NM129-B05-ROCE-Leaf-3.GPU.S9825,FourHundredGigE1/0/43,0,0,0,0,0,0
2024/05/24 星期五 00:13:20.125,1716480800125,NH-DC-NM129-B05-ROCE-Leaf-3.GPU.S9825,FourHundredGigE1/0/43,132583,437573674,187567,658861894,1.06,1.61
2024/05/24 星期五 00:13:20.875,1716480800875,NH-DC-NM129-B05-ROCE-Leaf-3.GPU.S9825,FourHundredGigE1/0/43,0,0,0,0,0,0
2024/05/24 星期五 00:13:21.459,1716480801459,NH-DC-NM129-B05-ROCE-Leaf-3.GPU.S9825,FourHundredGigE1/0/43,56354,212268812,48953,170094618,0.45,0.36
2024/05/24 星期五 00:13:21.959,1716480801959,NH-DC-NM129-B05-ROCE-Leaf-3.GPU.S9825,FourHundredGigE1/0/43,36105,129078610,14263,1169438,0.3,0
2024/05/24 星期五 00:13:22.558,1716480802558,NH-DC-NM129-B05-ROCE-Leaf-3.GPU.S9825,FourHundredGigE1/0/43,0,0,0,0,0,0
2024/05/24 星期五 00:13:23.060,1716480803060,NH-DC-NM129-B05-ROCE-Leaf-3.GPU.S9825,FourHundredGigE1/0/43,0,0,0,0,0,0
2024/05/24 星期五 00:13:23.564,1716480803564,NH-DC-NM129-B05-ROCE-Leaf-3.GPU.S9825,FourHundredGigE1/0/43,291110,1177421512,430169,1678715766,2.90,4.14
2024/05/24 星期五 00:13:24.629,1716480804629,NH-DC-NM129-B05-ROCE-Leaf-3.GPU.S9825,FourHundredGigE1/0/43,0,0,0,0,0,0
2024/05/24 星期五 00:13:25.131,1716480805131,NH-DC-NM129-B05-ROCE-Leaf-3.GPU.S9825,FourHundredGigE1/0/43,45665,152255498,83076,316285572,0.37,0.77
2024/05/24 星期五 00:13:25.783,1716480805783,NH-DC-NM129-B05-ROCE-Leaf-3.GPU.S9825,FourHundredGigE1/0/43,0,0,0,0,0,0
2024/05/24 星期五 00:13:26.396,1716480806396,NH-DC-NM129-B05-ROCE-Leaf-3.GPU.S9825,FourHundredGigE1/0/43,205825,813839506,12503,24675094,1.65,0.04
2024/05/24 星期五 00:13:26.898,1716480806898,NH-DC-NM129-B05-ROCE-Leaf-3.GPU.S9825,FourHundredGigE1/0/43,0,0,0,0,0,0
2024/05/24 星期五 00:13:27.400,1716480807400,NH-DC-NM129-B05-ROCE-Leaf-3.GPU.S9825,FourHundredGigE1/0/43,5321,11996762,18117,52620378,0.02,0.12
2024/05/24 星期五 00:13:28.258,1716480808258,NH-DC-NM129-B05-ROCE-Leaf-3.GPU.S9825,FourHundredGigE1/0/43,24750,89409768,4376,354728,0.12,0
2024/05/24 星期五 00:13:28.788,1716480808788,NH-DC-NM129-B05-ROCE-Leaf-3.GPU.S9825,FourHundredGigE1/0/43,6237,8069898,4460,358392,0,0
2024/05/24 星期五 00:13:29.552,1716480809552,NH-DC-NM129-B05-ROCE-Leaf-3.GPU.S9825,FourHundredGigE1/0/43,0,0,0,0,0,0
2024/05/24 星期五 00:13:30.916,1716480810916,NH-DC-NM129-B05-ROCE-Leaf-3.GPU.S9825,FourHundredGigE1/0/43,23973,46540726,467040,1882653392,0.04,1.72
2024/05/24 星期五 00:13:31.623,1716480811623,NH-DC-NM129-B05-ROCE-Leaf-3.GPU.S9825,FourHundredGigE1/0/43,0,0,0,0,0,0
2024/05/24 星期五 00:13:32.144,1716480812144,NH-DC-NM129-B05-ROCE-Leaf-3.GPU.S9825,FourHundredGigE1/0/43,755,61978,17662,63602872,0,0.14
2024/05/24 星期五 00:13:32.795,1716480812795,NH-DC-NM129-B05-ROCE-Leaf-3.GPU.S9825,FourHundredGigE1/0/43,0,0,0,0,0,0
2024/05/24 星期五 00:13:33.323,1716480813323,NH-DC-NM129-B05-ROCE-Leaf-3.GPU.S9825,FourHundredGigE1/0/43,21120,77015532,128692,496367822,0.17,1.16
2024/05/24 星期五 00:13:33.964,1716480813964,NH-DC-NM129-B05-ROCE-Leaf-3.GPU.S9825,FourHundredGigE1/0/43,25078,85578328,339990,1386415963,0.16,2.69
2024/05/24 星期五 00:13:34.736,1716480814736,NH-DC-NM129-B05-ROCE-Leaf-3.GPU.S9825,FourHundredGigE1/0/43,0,0,0,0,0,0
2024/05/24 星期五 00:13:35.418,1716480815418,NH-DC-NM129-B05-ROCE-Leaf-3.GPU.S9825,FourHundredGigE1/0/43,22430,83575476,33261,113037742,0.15,0.20
2024/05/24 星期五 00:13:35.970,1716480815970,NH-DC-NM129-B05-ROCE-Leaf-3.GPU.S9825,FourHundredGigE1/0/43,43205,146469514,62820,217438508,0.32,0.48
2024/05/24 星期五 00:13:36.602,1716480816602,NH-DC-NM129-B05-ROCE-Leaf-3.GPU.S9825,FourHundredGigE1/0/43,0,0,0,0,0,0
2024/05/24 星期五 00:13:37.147,1716480817147,NH-DC-NM129-B05-ROCE-Leaf-3.GPU.S9825,FourHundredGigE1/0/43,25870,91681812,9849,959998,0.21,0
2024/05/24 星期五 00:13:37.651,1716480817651,NH-DC-NM129-B05-ROCE-Leaf-3.GPU.S9825,FourHundredGigE1/0/43,0,0,0,0,0,0
2024/05/24 星期五 00:13:38.151,1716480818151,NH-DC-NM129-B05-ROCE-Leaf-3.GPU.S9825,FourHundredGigE1/0/43,2422,196876,21464,73228444,0,0.18
2024/05/24 星期五 00:13:38.838,1716480818838,NH-DC-NM129-B05-ROCE-Leaf-3.GPU.S9825,FourHundredGigE1/0/43,0,0,0,0,0,0
2024/05/24 星期五 00:13:39.340,1716480819340,NH-DC-NM129-B05-ROCE-Leaf-3.GPU.S9825,FourHundredGigE1/0/43,31264,88588672,22150,78564612,0.20,0.17
2024/05/24 星期五 00:13:39.907,1716480819907,NH-DC-NM129-B05-ROCE-Leaf-3.GPU.S9825,FourHundredGigE1/0/43,0,0,0,0,0,0
2024/05/24 星期五 00:13:40.938,1716480820938,NH-DC-NM129-B05-ROCE-Leaf-3.GPU.S9825,FourHundredGigE1/0/43,9386,26214936,13049,47238910,0.02,0.05
2024/05/24 星期五 00:13:41.443,1716480821443,NH-DC-NM129-B05-ROCE-Leaf-3.GPU.S9825,FourHundredGigE1/0/43,226235,864583557,102019,395851646,2.13,0.97
2024/05/24 星期五 00:13:42.476,1716480822476,NH-DC-NM129-B05-ROCE-Leaf-3.GPU.S9825,FourHundredGigE1/0/43,2975,369914,37098,134504936,0,0.16
2024/05/24 星期五 00:13:43.052,1716480823052,NH-DC-NM129-B05-ROCE-Leaf-3.GPU.S9825,FourHundredGigE1/0/43,0,0,0,0,0,0
2024/05/24 星期五 00:13:43.571,1716480823571,NH-DC-NM129-B05-ROCE-Leaf-3.GPU.S9825,FourHundredGigE1/0/43,30997,84420198,22599,72330550,0.19,0.17
2024/05/24 星期五 00:13:44.083,1716480824083,NH-DC-NM129-B05-ROCE-Leaf-3.GPU.S9825,FourHundredGigE1/0/43,149995,552535414,33715,105918814,1.34,0.24
2024/05/24 星期五 00:13:44.587,1716480824587,NH-DC-NM129-B05-ROCE-Leaf-3.GPU.S9825,FourHundredGigE1/0/43,0,0,0,0,0,0
2024/05/24 星期五 00:13:45.332,1716480825332,NH-DC-NM129-B05-ROCE-Leaf-3.GPU.S9825,FourHundredGigE1/0/43,158600,613145564,55309,156716678,1.02,0.25
2024/05/24 星期五 00:13:47.483,1716480827483,NH-DC-NM129-B05-ROCE-Leaf-3.GPU.S9825,FourHundredGigE1/0/43,19935,59333054,34232,88202616,0.03,0.05
2024/05/24 星期五 00:13:48.005,1716480828005,NH-DC-NM129-B05-ROCE-Leaf-3.GPU.S9825,FourHundredGigE1/0/43,0,0,0,0,0,0
2024/05/24 星期五 00:13:48.509,1716480828509,NH-DC-NM129-B05-ROCE-Leaf-3.GPU.S9825,FourHundredGigE1/0/43,29408,101613796,48296,157741344,0.25,0.37
2024/05/24 星期五 00:13:49.301,1716480829301,NH-DC-NM129-B05-ROCE-Leaf-3.GPU.S9825,FourHundredGigE1/0/43,48315,178425682,49578,165253168,0.27,0.25
2024/05/24 星期五 00:13:50.048,1716480830048,NH-DC-NM129-B05-ROCE-Leaf-3.GPU.S9825,FourHundredGigE1/0/43,8929,23917590,7772,23282180,0.03,0.03
2024/05/24 星期五 00:13:50.651,1716480830651,NH-DC-NM129-B05-ROCE-Leaf-3.GPU.S9825,FourHundredGigE1/0/43,0,0,0,0,0,0
2024/05/24 星期五 00:13:51.204,1716480831204,NH-DC-NM129-B05-ROCE-Leaf-3.GPU.S9825,FourHundredGigE1/0/43,7035,15129398,20829,52689154,0.02,0.11
2024/05/24 星期五 00:13:51.717,1716480831717,NH-DC-NM129-B05-ROCE-Leaf-3.GPU.S9825,FourHundredGigE1/0/43,0,0,0,0,0,0
2024/05/24 星期五 00:13:52.267,1716480832267,NH-DC-NM129-B05-ROCE-Leaf-3.GPU.S9825,FourHundredGigE1/0/43,124542,477483444,275375,1089238866,1.07,2.45
2024/05/24 星期五 00:13:53.121,1716480833121,NH-DC-NM129-B05-ROCE-Leaf-3.GPU.S9825,FourHundredGigE1/0/43,22576,65358964,30894,99293268,0.09,0.13
2024/05/24 星期五 00:13:53.632,1716480833632,NH-DC-NM129-B05-ROCE-Leaf-3.GPU.S9825,FourHundredGigE1/0/43,0,0,0,0,0,0
2024/05/24 星期五 00:13:54.209,1716480834209,NH-DC-NM129-B05-ROCE-Leaf-3.GPU.S9825,FourHundredGigE1/0/43,11349,12252646,12931,29996178,0.02,0.04
2024/05/24 星期五 00:13:54.962,1716480834962,NH-DC-NM129-B05-ROCE-Leaf-3.GPU.S9825,FourHundredGigE1/0/43,0,0,0,0,0,0
2024/05/24 星期五 00:13:55.464,1716480835464,NH-DC-NM129-B05-ROCE-Leaf-3.GPU.S9825,FourHundredGigE1/0/43,79259,313271672,51528,172668072,0.77,0.42
2024/05/24 星期五 00:13:56.211,1716480836211,NH-DC-NM129-B05-ROCE-Leaf-3.GPU.S9825,FourHundredGigE1/0/43,85925,307791348,210714,850432676,0.50,1.42
2024/05/24 星期五 00:13:56.982,1716480836982,NH-DC-NM129-B05-ROCE-Leaf-3.GPU.S9825,FourHundredGigE1/0/43,0,0,0,0,0,0
2024/05/24 星期五 00:13:57.483,1716480837483,NH-DC-NM129-B05-ROCE-Leaf-3.GPU.S9825,FourHundredGigE1/0/43,24203,34335906,22461,60690978,0.07,0.15
2024/05/24 星期五 00:13:58.039,1716480838039,NH-DC-NM129-B05-ROCE-Leaf-3.GPU.S9825,FourHundredGigE1/0/43,0,0,0,0,0,0
2024/05/24 星期五 00:13:58.548,1716480838548,NH-DC-NM129-B05-ROCE-Leaf-3.GPU.S9825,FourHundredGigE1/0/43,1656,2919336,20719,52687438,0,0.12
2024/05/24 星期五 00:13:59.050,1716480839050,NH-DC-NM129-B05-ROCE-Leaf-3.GPU.S9825,FourHundredGigE1/0/43,224565,902304002,192512,767116828,2.24,1.89
2024/05/24 星期五 00:13:59.863,1716480839863,NH-DC-NM129-B05-ROCE-Leaf-3.GPU.S9825,FourHundredGigE1/0/43,4601,513214,5526,4637760,0,0
2024/05/24 星期五 00:14:00.536,1716480840536,NH-DC-NM129-B05-ROCE-Leaf-3.GPU.S9825,FourHundredGigE1/0/43,0,0,0,0,0,0
2024/05/24 星期五 00:14:01.037,1716480841037,NH-DC-NM129-B05-ROCE-Leaf-3.GPU.S9825,FourHundredGigE1/0/43,16153,47179570,1184,2575492,0.10,0
2024/05/24 星期五 00:14:01.587,1716480841587,NH-DC-NM129-B05-ROCE-Leaf-3.GPU.S9825,FourHundredGigE1/0/43,0,0,0,0,0,0
2024/05/24 星期五 00:14:02.092,1716480842092,NH-DC-NM129-B05-ROCE-Leaf-3.GPU.S9825,FourHundredGigE1/0/43,38780,141025876,17472,60024772,0.35,0.15
2024/05/24 星期五 00:14:02.593,1716480842593,NH-DC-NM129-B05-ROCE-Leaf-3.GPU.S9825,FourHundredGigE1/0/43,0,0,0,0,0,0
2024/05/24 星期五 00:14:03.153,1716480843153,NH-DC-NM129-B05-ROCE-Leaf-3.GPU.S9825,FourHundredGigE1/0/43,121805,472084802,100489,395348938,1.05,0.87
2024/05/24 星期五 00:14:03.901,1716480843901,NH-DC-NM129-B05-ROCE-Leaf-3.GPU.S9825,FourHundredGigE1/0/43,0,0,0,0,0,0
2024/05/24 星期五 00:14:04.405,1716480844405,NH-DC-NM129-B05-ROCE-Leaf-3.GPU.S9825,FourHundredGigE1/0/43,15273,1310662,670,61720,0,0
2024/05/24 星期五 00:14:04.984,1716480844984,NH-DC-NM129-B05-ROCE-Leaf-3.GPU.S9825,FourHundredGigE1/0/43,0,0,0,0,0,0
2024/05/24 星期五 00:14:05.485,1716480845485,NH-DC-NM129-B05-ROCE-Leaf-3.GPU.S9825,FourHundredGigE1/0/43,58315,157734482,61758,253030240,0.37,0.62
2024/05/24 星期五 00:14:05.999,1716480845999,NH-DC-NM129-B05-ROCE-Leaf-3.GPU.S9825,FourHundredGigE1/0/43,268482,1033739836,357147,1475518562,2.50,3.57
2024/05/24 星期五 00:14:06.655,1716480846655,NH-DC-NM129-B05-ROCE-Leaf-3.GPU.S9825,FourHundredGigE1/0/43,0,0,0,0,0,0
2024/05/24 星期五 00:14:07.440,1716480847440,NH-DC-NM129-B05-ROCE-Leaf-3.GPU.S9825,FourHundredGigE1/0/43,24189,83101602,110297,449008922,0.13,0.70
2024/05/24 星期五 00:14:08.042,1716480848042,NH-DC-NM129-B05-ROCE-Leaf-3.GPU.S9825,FourHundredGigE1/0/43,33499,114169610,223795,839375834,0.23,1.72
2024/05/24 星期五 00:14:08.571,1716480848571,NH-DC-NM129-B05-ROCE-Leaf-3.GPU.S9825,FourHundredGigE1/0/43,0,0,0,0,0,0
2024/05/24 星期五 00:14:09.073,1716480849073,NH-DC-NM129-B05-ROCE-Leaf-3.GPU.S9825,FourHundredGigE1/0/43,6405,23644010,335293,1254720682,0.05,3.11
2024/05/24 星期五 00:14:09.662,1716480849662,NH-DC-NM129-B05-ROCE-Leaf-3.GPU.S9825,FourHundredGigE1/0/43,0,0,0,0,0,0
2024/05/24 星期五 00:14:10.327,1716480850327,NH-DC-NM129-B05-ROCE-Leaf-3.GPU.S9825,FourHundredGigE1/0/43,181299,749323998,291593,1202763314,1.39,2.26
2024/05/24 星期五 00:14:11.051,1716480851051,NH-DC-NM129-B05-ROCE-Leaf-3.GPU.S9825,FourHundredGigE1/0/43,101294,362199155,4129,11507226,0.62,0.02
2024/05/24 星期五 00:14:11.623,1716480851623,NH-DC-NM129-B05-ROCE-Leaf-3.GPU.S9825,FourHundredGigE1/0/43,0,0,0,0,0,0
2024/05/24 星期五 00:14:12.130,1716480852130,NH-DC-NM129-B05-ROCE-Leaf-3.GPU.S9825,FourHundredGigE1/0/43,1501,123670,6823,23270614,0,0.05
2024/05/24 星期五 00:14:12.633,1716480852633,NH-DC-NM129-B05-ROCE-Leaf-3.GPU.S9825,FourHundredGigE1/0/43,0,0,0,0,0,0
2024/05/24 星期五 00:14:13.134,1716480853134,NH-DC-NM129-B05-ROCE-Leaf-3.GPU.S9825,FourHundredGigE1/0/43,311586,1196221048,217199,811843926,2.97,2.02
2024/05/24 星期五 00:14:13.782,1716480853782,NH-DC-NM129-B05-ROCE-Leaf-3.GPU.S9825,FourHundredGigE1/0/43,0,0,0,0,0,0
2024/05/24 星期五 00:14:14.482,1716480854482,NH-DC-NM129-B05-ROCE-Leaf-3.GPU.S9825,FourHundredGigE1/0/43,89565,368903670,67883,162801458,0.64,0.29
2024/05/24 星期五 00:14:15.038,1716480855038,NH-DC-NM129-B05-ROCE-Leaf-3.GPU.S9825,FourHundredGigE1/0/43,38181,0,29788,0,0,0
2024/05/24 星期五 00:14:15.542,1716480855542,NH-DC-NM129-B05-ROCE-Leaf-3.GPU.S9825,FourHundredGigE1/0/43,0,134728218,0,26031200,0.32,0.05
2024/05/24 星期五 00:14:16.042,1716480856042,NH-DC-NM129-B05-ROCE-Leaf-3.GPU.S9825,FourHundredGigE1/0/43,1380,112816,8928,721932,0,0
2024/05/24 星期五 00:14:16.590,1716480856590,NH-DC-NM129-B05-ROCE-Leaf-3.GPU.S9825,FourHundredGigE1/0/43,0,0,0,0,0,0
2024/05/24 星期五 00:14:17.090,1716480857090,NH-DC-NM129-B05-ROCE-Leaf-3.GPU.S9825,FourHundredGigE1/0/43,479042,1948692824,113656,440902008,4.85,1.1
2024/05/24 星期五 00:14:18.091,1716480858091,NH-DC-NM129-B05-ROCE-Leaf-3.GPU.S9825,FourHundredGigE1/0/43,20616,71651876,76090,242974288,0.09,0.30
2024/05/24 星期五 00:14:18.613,1716480858613,NH-DC-NM129-B05-ROCE-Leaf-3.GPU.S9825,FourHundredGigE1/0/43,0,0,0,0,0,0
2024/05/24 星期五 00:14:19.113,1716480859113,NH-DC-NM129-B05-ROCE-Leaf-3.GPU.S9825,FourHundredGigE1/0/43,49889,153490974,45391,130069470,0.38,0.32
2024/05/24 星期五 00:14:19.715,1716480859715,NH-DC-NM129-B05-ROCE-Leaf-3.GPU.S9825,FourHundredGigE1/0/43,0,0,0,0,0,0
2024/05/24 星期五 00:14:20.383,1716480860383,NH-DC-NM129-B05-ROCE-Leaf-3.GPU.S9825,FourHundredGigE1/0/43,16869,24490878,29013,91493154,0.04,0.17
2024/05/24 星期五 00:14:20.921,1716480860921,NH-DC-NM129-B05-ROCE-Leaf-3.GPU.S9825,FourHundredGigE1/0/43,126201,506255366,561159,2295442033,1.16,5.32
2024/05/24 星期五 00:14:21.565,1716480861565,NH-DC-NM129-B05-ROCE-Leaf-3.GPU.S9825,FourHundredGigE1/0/43,0,0,0,0,0,0
2024/05/24 星期五 00:14:22.065,1716480862065,NH-DC-NM129-B05-ROCE-Leaf-3.GPU.S9825,FourHundredGigE1/0/43,0,0,0,0,0,0
2024/05/24 星期五 00:14:22.574,1716480862574,NH-DC-NM129-B05-ROCE-Leaf-3.GPU.S9825,FourHundredGigE1/0/43,34450,96350904,20961,65275618,0.22,0.15
2024/05/24 星期五 00:14:23.078,1716480863078,NH-DC-NM129-B05-ROCE-Leaf-3.GPU.S9825,FourHundredGigE1/0/43,37762,123375196,76664,279568556,0.30,0.67
2024/05/24 星期五 00:14:23.813,1716480863813,NH-DC-NM129-B05-ROCE-Leaf-3.GPU.S9825,FourHundredGigE1/0/43,266223,1082010506,208926,839711764,1.84,1.41
2024/05/24 星期五 00:14:24.606,1716480864606,NH-DC-NM129-B05-ROCE-Leaf-3.GPU.S9825,FourHundredGigE1/0/43,0,0,0,0,0,0
2024/05/24 星期五 00:14:25.215,1716480865215,NH-DC-NM129-B05-ROCE-Leaf-3.GPU.S9825,FourHundredGigE1/0/43,124658,506719816,14072,28407312,1.03,0.04
2024/05/24 星期五 00:14:25.714,1716480865714,NH-DC-NM129-B05-ROCE-Leaf-3.GPU.S9825,FourHundredGigE1/0/43,0,0,0,0,0,0
2024/05/24 星期五 00:14:26.214,1716480866214,NH-DC-NM129-B05-ROCE-Leaf-3.GPU.S9825,FourHundredGigE1/0/43,14469,37237822,21153,73050654,0.08,0.18
2024/05/24 星期五 00:14:26.792,1716480866792,NH-DC-NM129-B05-ROCE-Leaf-3.GPU.S9825,FourHundredGigE1/0/43,0,0,0,0,0,0
2024/05/24 星期五 00:14:27.295,1716480867295,NH-DC-NM129-B05-ROCE-Leaf-3.GPU.S9825,FourHundredGigE1/0/43,36616,107652040,11181,33755538,0.25,0.07
2024/05/24 星期五 00:14:27.908,1716480867908,NH-DC-NM129-B05-ROCE-Leaf-3.GPU.S9825,FourHundredGigE1/0/43,222674,892551588,245295,971276113,1.81,1.98
2024/05/24 星期五 00:14:29.135,1716480869135,NH-DC-NM129-B05-ROCE-Leaf-3.GPU.S9825,FourHundredGigE1/0/43,8707,23491094,45869,168447130,0.02,0.16
2024/05/24 星期五 00:14:29.726,1716480869726,NH-DC-NM129-B05-ROCE-Leaf-3.GPU.S9825,FourHundredGigE1/0/43,0,0,0,0,0,0
2024/05/24 星期五 00:14:30.436,1716480870436,NH-DC-NM129-B05-ROCE-Leaf-3.GPU.S9825,FourHundredGigE1/0/43,50088,181778032,59005,199463406,0.32,0.33
2024/05/24 星期五 00:14:30.934,1716480870934,NH-DC-NM129-B05-ROCE-Leaf-3.GPU.S9825,FourHundredGigE1/0/43,0,0,0,0,0,0
2024/05/24 星期五 00:14:31.449,1716480871449,NH-DC-NM129-B05-ROCE-Leaf-3.GPU.S9825,FourHundredGigE1/0/43,242064,971035912,215206,861966388,2.35,2.09
2024/05/24 星期五 00:14:32.133,1716480872133,NH-DC-NM129-B05-ROCE-Leaf-3.GPU.S9825,FourHundredGigE1/0/43,3890,308760,23668,68945892,0,0.11
2024/05/24 星期五 00:14:32.643,1716480872643,NH-DC-NM129-B05-ROCE-Leaf-3.GPU.S9825,FourHundredGigE1/0/43,0,0,0,0,0,0
2024/05/24 星期五 00:14:33.144,1716480873144,NH-DC-NM129-B05-ROCE-Leaf-3.GPU.S9825,FourHundredGigE1/0/43,68247,232472546,54252,164004156,0.57,0.40
2024/05/24 星期五 00:14:33.941,1716480873941,NH-DC-NM129-B05-ROCE-Leaf-3.GPU.S9825,FourHundredGigE1/0/43,4529,6081702,11348,23652196,0,0.03
2024/05/24 星期五 00:14:34.678,1716480874678,NH-DC-NM129-B05-ROCE-Leaf-3.GPU.S9825,FourHundredGigE1/0/43,0,0,0,0,0,0
2024/05/24 星期五 00:14:35.329,1716480875329,NH-DC-NM129-B05-ROCE-Leaf-3.GPU.S9825,FourHundredGigE1/0/43,274481,1107245370,279549,1151127906,2.11,2.21
2024/05/24 星期五 00:14:35.829,1716480875829,NH-DC-NM129-B05-ROCE-Leaf-3.GPU.S9825,FourHundredGigE1/0/43,0,0,0,0,0,0
2024/05/24 星期五 00:14:36.410,1716480876410,NH-DC-NM129-B05-ROCE-Leaf-3.GPU.S9825,FourHundredGigE1/0/43,11282,24036364,26936,87976180,0.04,0.17
2024/05/24 星期五 00:14:37.001,1716480877001,NH-DC-NM129-B05-ROCE-Leaf-3.GPU.S9825,FourHundredGigE1/0/43,30290,104436940,19332,54044428,0.21,0.11
2024/05/24 星期五 00:14:37.621,1716480877621,NH-DC-NM129-B05-ROCE-Leaf-3.GPU.S9825,FourHundredGigE1/0/43,0,0,0,0,0,0
2024/05/24 星期五 00:14:38.189,1716480878189,NH-DC-NM129-B05-ROCE-Leaf-3.GPU.S9825,FourHundredGigE1/0/43,40428,146821036,16171,23008982,0.31,0.04
2024/05/24 星期五 00:14:38.885,1716480878885,NH-DC-NM129-B05-ROCE-Leaf-3.GPU.S9825,FourHundredGigE1/0/43,0,0,0,0,0,0
2024/05/24 星期五 00:14:39.389,1716480879389,NH-DC-NM129-B05-ROCE-Leaf-3.GPU.S9825,FourHundredGigE1/0/43,221445,908252962,333112,1339324964,2.23,3.30
2024/05/24 星期五 00:14:39.953,1716480879953,NH-DC-NM129-B05-ROCE-Leaf-3.GPU.S9825,FourHundredGigE1/0/43,6262,12278432,49483,178311674,0.02,0.38
2024/05/24 星期五 00:14:40.557,1716480880557,NH-DC-NM129-B05-ROCE-Leaf-3.GPU.S9825,FourHundredGigE1/0/43,0,0,0,0,0,0
2024/05/24 星期五 00:14:41.081,1716480881081,NH-DC-NM129-B05-ROCE-Leaf-3.GPU.S9825,FourHundredGigE1/0/43,8162,18625563,71900,270244828,0.02,0.64
2024/05/24 星期五 00:14:41.621,1716480881621,NH-DC-NM129-B05-ROCE-Leaf-3.GPU.S9825,FourHundredGigE1/0/43,0,0,0,0,0,0
2024/05/24 星期五 00:14:42.213,1716480882213,NH-DC-NM129-B05-ROCE-Leaf-3.GPU.S9825,FourHundredGigE1/0/43,294334,1189401388,158364,599310884,2.49,1.25
2024/05/24 星期五 00:14:42.725,1716480882725,NH-DC-NM129-B05-ROCE-Leaf-3.GPU.S9825,FourHundredGigE1/0/43,0,0,0,0,0,0
2024/05/24 星期五 00:14:43.229,1716480883229,NH-DC-NM129-B05-ROCE-Leaf-3.GPU.S9825,FourHundredGigE1/0/43,2784,225808,30280,75003708,0,0.17
2024/05/24 星期五 00:14:43.731,1716480883731,NH-DC-NM129-B05-ROCE-Leaf-3.GPU.S9825,FourHundredGigE1/0/43,0,0,0,0,0,0
2024/05/24 星期五 00:14:44.322,1716480884322,NH-DC-NM129-B05-ROCE-Leaf-3.GPU.S9825,FourHundredGigE1/0/43,23271,91434634,17195,1395982,0.19,0
2024/05/24 星期五 00:14:44.921,1716480884921,NH-DC-NM129-B05-ROCE-Leaf-3.GPU.S9825,FourHundredGigE1/0/43,83104,306629004,3118,11423860,0.63,0.02
2024/05/24 星期五 00:14:47.172,1716480887172,NH-DC-NM129-B05-ROCE-Leaf-3.GPU.S9825,FourHundredGigE1/0/43,296783,968815214,225341,876691446,0.53,0.48
2024/05/24 星期五 00:14:47.919,1716480887919,NH-DC-NM129-B05-ROCE-Leaf-3.GPU.S9825,FourHundredGigE1/0/43,0,0,0,0,0,0
2024/05/24 星期五 00:14:50.164,1716480890164,NH-DC-NM129-B05-ROCE-Leaf-3.GPU.S9825,FourHundredGigE1/0/43,257070,985539604,208940,797213544,0.55,0.44
2024/05/24 星期五 00:14:50.803,1716480890803,NH-DC-NM129-B05-ROCE-Leaf-3.GPU.S9825,FourHundredGigE1/0/43,0,0,0,0,0,0
2024/05/24 星期五 00:14:51.306,1716480891306,NH-DC-NM129-B05-ROCE-Leaf-3.GPU.S9825,FourHundredGigE1/0/43,26671,93175114,9931,34693326,0.22,0.07
2024/05/24 星期五 00:14:53.665,1716480893665,NH-DC-NM129-B05-ROCE-Leaf-3.GPU.S9825,FourHundredGigE1/0/43,228326,911198168,461936,1868930324,0.48,0.99
2024/05/24 星期五 00:14:54.188,1716480894188,NH-DC-NM129-B05-ROCE-Leaf-3.GPU.S9825,FourHundredGigE1/0/43,3689,11861998,119538,459631460,0.02,1.08
2024/05/24 星期五 00:14:55.054,1716480895054,NH-DC-NM129-B05-ROCE-Leaf-3.GPU.S9825,FourHundredGigE1/0/43,77700,274752880,6646,549204,0.39,0
2024/05/24 星期五 00:14:55.562,1716480895562,NH-DC-NM129-B05-ROCE-Leaf-3.GPU.S9825,FourHundredGigE1/0/43,0,0,0,0,0,0
2024/05/24 星期五 00:14:56.126,1716480896126,NH-DC-NM129-B05-ROCE-Leaf-3.GPU.S9825,FourHundredGigE1/0/43,15798,59247652,53205,169616822,0.11,0.35
2024/05/24 星期五 00:14:56.677,1716480896677,NH-DC-NM129-B05-ROCE-Leaf-3.GPU.S9825,FourHundredGigE1/0/43,0,0,0,0,0,0
2024/05/24 星期五 00:14:57.178,1716480897178,NH-DC-NM129-B05-ROCE-Leaf-3.GPU.S9825,FourHundredGigE1/0/43,27673,87586974,44551,116112850,0.20,0.27
2024/05/24 星期五 00:14:57.848,1716480897848,NH-DC-NM129-B05-ROCE-Leaf-3.GPU.S9825,FourHundredGigE1/0/43,0,0,0,0,0,0
2024/05/24 星期五 00:14:58.410,1716480898410,NH-DC-NM129-B05-ROCE-Leaf-3.GPU.S9825,FourHundredGigE1/0/43,225859,894368842,133402,505518328,1.98,1.11
2024/05/24 星期五 00:14:58.913,1716480898913,NH-DC-NM129-B05-ROCE-Leaf-3.GPU.S9825,FourHundredGigE1/0/43,0,0,0,0,0,0
2024/05/24 星期五 00:14:59.414,1716480899414,NH-DC-NM129-B05-ROCE-Leaf-3.GPU.S9825,FourHundredGigE1/0/43,34228,67693076,11196,12077208,0.15,0.02
2024/05/24 星期五 00:15:00.087,1716480900087,NH-DC-NM129-B05-ROCE-Leaf-3.GPU.S9825,FourHundredGigE1/0/43,67138,230653056,21224,69779956,0.43,0.11
2024/05/24 星期五 00:15:00.668,1716480900668,NH-DC-NM129-B05-ROCE-Leaf-3.GPU.S9825,FourHundredGigE1/0/43,0,0,0,0,0,0
2024/05/24 星期五 00:15:01.236,1716480901236,NH-DC-NM129-B05-ROCE-Leaf-3.GPU.S9825,FourHundredGigE1/0/43,4991,398210,17169,54721342,0,0.11
2024/05/24 星期五 00:15:01.815,1716480901815,NH-DC-NM129-B05-ROCE-Leaf-3.GPU.S9825,FourHundredGigE1/0/43,0,0,0,0,0,0
2024/05/24 星期五 00:15:02.316,1716480902316,NH-DC-NM129-B05-ROCE-Leaf-3.GPU.S9825,FourHundredGigE1/0/43,30675,85171082,196699,791229010,0.20,1.97
2024/05/24 星期五 00:15:02.966,1716480902966,NH-DC-NM129-B05-ROCE-Leaf-3.GPU.S9825,FourHundredGigE1/0/43,0,0,0,0,0,0
2024/05/24 星期五 00:15:03.469,1716480903469,NH-DC-NM129-B05-ROCE-Leaf-3.GPU.S9825,FourHundredGigE1/0/43,25818,78766908,97253,325147406,0.17,0.80
2024/05/24 星期五 00:15:04.086,1716480904086,NH-DC-NM129-B05-ROCE-Leaf-3.GPU.S9825,FourHundredGigE1/0/43,51929,130929726,8754,14769480,0.26,0.02
2024/05/24 星期五 00:15:04.645,1716480904645,NH-DC-NM129-B05-ROCE-Leaf-3.GPU.S9825,FourHundredGigE1/0/43,0,0,0,0,0,0
2024/05/24 星期五 00:15:05.146,1716480905146,NH-DC-NM129-B05-ROCE-Leaf-3.GPU.S9825,FourHundredGigE1/0/43,40091,105123114,58271,196463266,0.25,0.47
2024/05/24 星期五 00:15:06.221,1716480906221,NH-DC-NM129-B05-ROCE-Leaf-3.GPU.S9825,FourHundredGigE1/0/43,43585,145610110,272846,1118597832,0.16,1.29
2024/05/24 星期五 00:15:06.854,1716480906854,NH-DC-NM129-B05-ROCE-Leaf-3.GPU.S9825,FourHundredGigE1/0/43,0,0,0,0,0,0
2024/05/24 星期五 00:15:07.382,1716480907382,NH-DC-NM129-B05-ROCE-Leaf-3.GPU.S9825,FourHundredGigE1/0/43,70620,265424184,7790,23349652,0.62,0.05
2024/05/24 星期五 00:15:08.030,1716480908030,NH-DC-NM129-B05-ROCE-Leaf-3.GPU.S9825,FourHundredGigE1/0/43,9235,20481046,6449,7713850,0.04,0
2024/05/24 星期五 00:15:08.618,1716480908618,NH-DC-NM129-B05-ROCE-Leaf-3.GPU.S9825,FourHundredGigE1/0/43,0,0,0,0,0,0
2024/05/24 星期五 00:15:09.138,1716480909138,NH-DC-NM129-B05-ROCE-Leaf-3.GPU.S9825,FourHundredGigE1/0/43,156333,627644278,240039,978354978,1.49,2.33
2024/05/24 星期五 00:15:09.759,1716480909759,NH-DC-NM129-B05-ROCE-Leaf-3.GPU.S9825,FourHundredGigE1/0/43,0,0,0,0,0,0
2024/05/24 星期五 00:15:10.400,1716480910400,NH-DC-NM129-B05-ROCE-Leaf-3.GPU.S9825,FourHundredGigE1/0/43,38081,140080614,43680,159614752,0.27,0.29
2024/05/24 星期五 00:15:11.050,1716480911050,NH-DC-NM129-B05-ROCE-Leaf-3.GPU.S9825,FourHundredGigE1/0/43,11039,12456881,30433,100320258,0.02,0.19
2024/05/24 星期五 00:15:11.601,1716480911601,NH-DC-NM129-B05-ROCE-Leaf-3.GPU.S9825,FourHundredGigE1/0/43,0,0,0,0,0,0
2024/05/24 星期五 00:15:12.182,1716480912182,NH-DC-NM129-B05-ROCE-Leaf-3.GPU.S9825,FourHundredGigE1/0/43,8957,12466766,12298,32528824,0.02,0.06
2024/05/24 星期五 00:15:12.683,1716480912683,NH-DC-NM129-B05-ROCE-Leaf-3.GPU.S9825,FourHundredGigE1/0/43,0,0,0,0,0,0
2024/05/24 星期五 00:15:13.184,1716480913184,NH-DC-NM129-B05-ROCE-Leaf-3.GPU.S9825,FourHundredGigE1/0/43,16307,50682978,5368,11977616,0.12,0.02
2024/05/24 星期五 00:15:13.770,1716480913770,NH-DC-NM129-B05-ROCE-Leaf-3.GPU.S9825,FourHundredGigE1/0/43,0,0,0,0,0,0
2024/05/24 星期五 00:15:14.320,1716480914320,NH-DC-NM129-B05-ROCE-Leaf-3.GPU.S9825,FourHundredGigE1/0/43,8181,6703762,8549,23424402,0,0.05
2024/05/24 星期五 00:15:14.915,1716480914915,NH-DC-NM129-B05-ROCE-Leaf-3.GPU.S9825,FourHundredGigE1/0/43,0,0,0,0,0,0
2024/05/24 星期五 00:15:15.417,1716480915417,NH-DC-NM129-B05-ROCE-Leaf-3.GPU.S9825,FourHundredGigE1/0/43,13317,35306062,75169,252762806,0.07,0.62
2024/05/24 星期五 00:15:15.917,1716480915917,NH-DC-NM129-B05-ROCE-Leaf-3.GPU.S9825,FourHundredGigE1/0/43,0,0,0,0,0,0
2024/05/24 星期五 00:15:16.425,1716480916425,NH-DC-NM129-B05-ROCE-Leaf-3.GPU.S9825,FourHundredGigE1/0/43,21365,44893454,190015,761039474,0.10,1.87
2024/05/24 星期五 00:15:17.137,1716480917137,NH-DC-NM129-B05-ROCE-Leaf-3.GPU.S9825,FourHundredGigE1/0/43,67521,219215918,71997,239485986,0.37,0.40
2024/05/24 星期五 00:15:17.721,1716480917721,NH-DC-NM129-B05-ROCE-Leaf-3.GPU.S9825,FourHundredGigE1/0/43,0,0,0,0,0,0
2024/05/24 星期五 00:15:18.338,1716480918338,NH-DC-NM129-B05-ROCE-Leaf-3.GPU.S9825,FourHundredGigE1/0/43,41528,145456812,8727,31634030,0.28,0.06
2024/05/24 星期五 00:15:18.864,1716480918864,NH-DC-NM129-B05-ROCE-Leaf-3.GPU.S9825,FourHundredGigE1/0/43,0,0,0,0,0,0
2024/05/24 星期五 00:15:19.365,1716480919365,NH-DC-NM129-B05-ROCE-Leaf-3.GPU.S9825,FourHundredGigE1/0/43,197030,773557020,183376,739153800,1.92,1.82
2024/05/24 星期五 00:15:19.910,1716480919910,NH-DC-NM129-B05-ROCE-Leaf-3.GPU.S9825,FourHundredGigE1/0/43,16392,64135156,18785,57588802,0.14,0.11
2024/05/24 星期五 00:15:20.603,1716480920603,NH-DC-NM129-B05-ROCE-Leaf-3.GPU.S9825,FourHundredGigE1/0/43,0,0,0,0,0,0
2024/05/24 星期五 00:15:21.772,1716480921772,NH-DC-NM129-B05-ROCE-Leaf-3.GPU.S9825,FourHundredGigE1/0/43,1977,233314,4755,11932498,0,0.01
2024/05/24 星期五 00:15:22.273,1716480922273,NH-DC-NM129-B05-ROCE-Leaf-3.GPU.S9825,FourHundredGigE1/0/43,494,40964,12537,1020990,0,0
2024/05/24 星期五 00:15:22.788,1716480922788,NH-DC-NM129-B05-ROCE-Leaf-3.GPU.S9825,FourHundredGigE1/0/43,0,0,0,0,0,0
2024/05/24 星期五 00:15:23.290,1716480923290,NH-DC-NM129-B05-ROCE-Leaf-3.GPU.S9825,FourHundredGigE1/0/43,53051,171429858,8055,657206,0.42,0
2024/05/24 星期五 00:15:24.303,1716480924303,NH-DC-NM129-B05-ROCE-Leaf-3.GPU.S9825,FourHundredGigE1/0/43,220634,829389984,29463,13559806,1.01,0.01
2024/05/24 星期五 00:15:24.974,1716480924974,NH-DC-NM129-B05-ROCE-Leaf-3.GPU.S9825,FourHundredGigE1/0/43,0,0,0,0,0,0
2024/05/24 星期五 00:15:25.478,1716480925478,NH-DC-NM129-B05-ROCE-Leaf-3.GPU.S9825,FourHundredGigE1/0/43,50393,186059358,6106,502700,0.45,0
2024/05/24 星期五 00:15:26.001,1716480926001,NH-DC-NM129-B05-ROCE-Leaf-3.GPU.S9825,FourHundredGigE1/0/43,64522,0,15009,0,0,0
2024/05/24 星期五 00:15:26.539,1716480926539,NH-DC-NM129-B05-ROCE-Leaf-3.GPU.S9825,FourHundredGigE1/0/43,0,188069100,0,12393742,0.42,0.02
2024/05/24 星期五 00:15:27.043,1716480927043,NH-DC-NM129-B05-ROCE-Leaf-3.GPU.S9825,FourHundredGigE1/0/43,120728,490474388,28065,13818018,1.22,0.02
2024/05/24 星期五 00:15:27.711,1716480927711,NH-DC-NM129-B05-ROCE-Leaf-3.GPU.S9825,FourHundredGigE1/0/43,0,0,0,0,0,0
2024/05/24 星期五 00:15:28.487,1716480928487,NH-DC-NM129-B05-ROCE-Leaf-3.GPU.S9825,FourHundredGigE1/0/43,48993,177847502,6313,23228650,0.27,0.03
2024/05/24 星期五 00:15:28.985,1716480928985,NH-DC-NM129-B05-ROCE-Leaf-3.GPU.S9825,FourHundredGigE1/0/43,0,0,0,0,0,0
2024/05/24 星期五 00:15:29.485,1716480929485,NH-DC-NM129-B05-ROCE-Leaf-3.GPU.S9825,FourHundredGigE1/0/43,119606,439104124,5385,443454,1.08,0
2024/05/24 星期五 00:15:30.133,1716480930133,NH-DC-NM129-B05-ROCE-Leaf-3.GPU.S9825,FourHundredGigE1/0/43,255693,1020406194,248892,972670996,1.97,1.87
2024/05/24 星期五 00:15:30.797,1716480930797,NH-DC-NM129-B05-ROCE-Leaf-3.GPU.S9825,FourHundredGigE1/0/43,0,0,0,0,0,0
2024/05/24 星期五 00:15:31.530,1716480931530,NH-DC-NM129-B05-ROCE-Leaf-3.GPU.S9825,FourHundredGigE1/0/43,102992,246331348,300090,1043144308,0.41,1.77
2024/05/24 星期五 00:15:32.089,1716480932089,NH-DC-NM129-B05-ROCE-Leaf-3.GPU.S9825,FourHundredGigE1/0/43,46319,185977906,67520,266232396,0.40,0.58
2024/05/24 星期五 00:15:33.327,1716480933327,NH-DC-NM129-B05-ROCE-Leaf-3.GPU.S9825,FourHundredGigE1/0/43,49740,160390244,128486,508536212,0.16,0.50
2024/05/24 星期五 00:15:34.099,1716480934099,NH-DC-NM129-B05-ROCE-Leaf-3.GPU.S9825,FourHundredGigE1/0/43,66288,236294964,93780,380792000,0.37,0.62
2024/05/24 星期五 00:15:35.097,1716480935097,NH-DC-NM129-B05-ROCE-Leaf-3.GPU.S9825,FourHundredGigE1/0/43,633,1435186,14627,39137138,0,0.04
2024/05/24 星期五 00:15:35.619,1716480935619,NH-DC-NM129-B05-ROCE-Leaf-3.GPU.S9825,FourHundredGigE1/0/43,0,0,0,0,0,0
2024/05/24 星期五 00:15:36.122,1716480936122,NH-DC-NM129-B05-ROCE-Leaf-3.GPU.S9825,FourHundredGigE1/0/43,7419,11930402,22862,72376240,0.02,0.17
2024/05/24 星期五 00:15:36.677,1716480936677,NH-DC-NM129-B05-ROCE-Leaf-3.GPU.S9825,FourHundredGigE1/0/43,0,0,0,0,0,0
2024/05/24 星期五 00:15:37.177,1716480937177,NH-DC-NM129-B05-ROCE-Leaf-3.GPU.S9825,FourHundredGigE1/0/43,99818,392768804,21419,27345834,0.98,0.05
2024/05/24 星期五 00:15:37.794,1716480937794,NH-DC-NM129-B05-ROCE-Leaf-3.GPU.S9825,FourHundredGigE1/0/43,29971,92597782,5235,19618650,0.18,0.02
2024/05/24 星期五 00:15:38.564,1716480938564,NH-DC-NM129-B05-ROCE-Leaf-3.GPU.S9825,FourHundredGigE1/0/43,0,0,0,0,0,0
2024/05/24 星期五 00:15:39.065,1716480939065,NH-DC-NM129-B05-ROCE-Leaf-3.GPU.S9825,FourHundredGigE1/0/43,39075,131736002,3895,324114,0.32,0
2024/05/24 星期五 00:15:39.565,1716480939565,NH-DC-NM129-B05-ROCE-Leaf-3.GPU.S9825,FourHundredGigE1/0/43,0,0,0,0,0,0
2024/05/24 星期五 00:15:40.101,1716480940101,NH-DC-NM129-B05-ROCE-Leaf-3.GPU.S9825,FourHundredGigE1/0/43,26094,92290332,41109,141081722,0.21,0.33
2024/05/24 星期五 00:15:40.659,1716480940659,NH-DC-NM129-B05-ROCE-Leaf-3.GPU.S9825,FourHundredGigE1/0/43,0,0,0,0,0,0
2024/05/24 星期五 00:15:41.162,1716480941162,NH-DC-NM129-B05-ROCE-Leaf-3.GPU.S9825,FourHundredGigE1/0/43,413275,1650367881,47406,154489348,4.10,0.37
2024/05/24 星期五 00:15:42.401,1716480942401,NH-DC-NM129-B05-ROCE-Leaf-3.GPU.S9825,FourHundredGigE1/0/43,11468,46011048,18641,32659550,0.04,0.03
2024/05/24 星期五 00:15:42.911,1716480942911,NH-DC-NM129-B05-ROCE-Leaf-3.GPU.S9825,FourHundredGigE1/0/43,0,0,0,0,0,0
2024/05/24 星期五 00:15:43.414,1716480943414,NH-DC-NM129-B05-ROCE-Leaf-3.GPU.S9825,FourHundredGigE1/0/43,31661,87463286,5041,2129468,0.20,0
2024/05/24 星期五 00:15:43.972,1716480943972,NH-DC-NM129-B05-ROCE-Leaf-3.GPU.S9825,FourHundredGigE1/0/43,4050,345596,161172,617047510,0,1.37
2024/05/24 星期五 00:15:44.501,1716480944501,NH-DC-NM129-B05-ROCE-Leaf-3.GPU.S9825,FourHundredGigE1/0/43,0,0,0,0,0,0
2024/05/24 星期五 00:15:45.269,1716480945269,NH-DC-NM129-B05-ROCE-Leaf-3.GPU.S9825,FourHundredGigE1/0/43,131097,446403774,191265,766148670,0.72,1.24
2024/05/24 星期五 00:15:48.896,1716480948896,NH-DC-NM129-B05-ROCE-Leaf-3.GPU.S9825,FourHundredGigE1/0/43,361076,1407552200,319384,1250026476,0.48,0.43
2024/05/24 星期五 00:15:49.417,1716480949417,NH-DC-NM129-B05-ROCE-Leaf-3.GPU.S9825,FourHundredGigE1/0/43,34250,121633488,18778,42632768,0.29,0.10
2024/05/24 星期五 00:15:49.941,1716480949941,NH-DC-NM129-B05-ROCE-Leaf-3.GPU.S9825,FourHundredGigE1/0/43,0,0,0,0,0,0
2024/05/24 星期五 00:15:50.464,1716480950464,NH-DC-NM129-B05-ROCE-Leaf-3.GPU.S9825,FourHundredGigE1/0/43,26613,64521294,16158,48155044,0.14,0.10
2024/05/24 星期五 00:15:51.131,1716480951131,NH-DC-NM129-B05-ROCE-Leaf-3.GPU.S9825,FourHundredGigE1/0/43,71644,257373764,61578,228362488,0.47,0.41
2024/05/24 星期五 00:15:51.718,1716480951718,NH-DC-NM129-B05-ROCE-Leaf-3.GPU.S9825,FourHundredGigE1/0/43,0,0,0,0,0,0
2024/05/24 星期五 00:15:52.441,1716480952441,NH-DC-NM129-B05-ROCE-Leaf-3.GPU.S9825,FourHundredGigE1/0/43,250508,1004606776,143655,579080306,1.73,0.99
2024/05/24 星期五 00:15:52.993,1716480952993,NH-DC-NM129-B05-ROCE-Leaf-3.GPU.S9825,FourHundredGigE1/0/43,0,0,0,0,0,0
2024/05/24 星期五 00:15:53.494,1716480953494,NH-DC-NM129-B05-ROCE-Leaf-3.GPU.S9825,FourHundredGigE1/0/43,50059,166346290,14236,36122656,0.40,0.07
2024/05/24 星期五 00:15:53.997,1716480953997,NH-DC-NM129-B05-ROCE-Leaf-3.GPU.S9825,FourHundredGigE1/0/43,0,0,0,0,0,0
2024/05/24 星期五 00:15:54.667,1716480954667,NH-DC-NM129-B05-ROCE-Leaf-3.GPU.S9825,FourHundredGigE1/0/43,36567,120552958,43741,140140226,0.22,0.26
2024/05/24 星期五 00:15:55.529,1716480955529,NH-DC-NM129-B05-ROCE-Leaf-3.GPU.S9825,FourHundredGigE1/0/43,227593,894161218,123797,481000502,1.29,0.70
2024/05/24 星期五 00:15:56.327,1716480956327,NH-DC-NM129-B05-ROCE-Leaf-3.GPU.S9825,FourHundredGigE1/0/43,32172,73284500,44128,142051244,0.11,0.22
2024/05/24 星期五 00:15:56.867,1716480956867,NH-DC-NM129-B05-ROCE-Leaf-3.GPU.S9825,FourHundredGigE1/0/43,0,0,0,0,0,0
2024/05/24 星期五 00:15:57.459,1716480957459,NH-DC-NM129-B05-ROCE-Leaf-3.GPU.S9825,FourHundredGigE1/0/43,17399,48803770,7680,24053712,0.08,0.04
2024/05/24 星期五 00:15:58.133,1716480958133,NH-DC-NM129-B05-ROCE-Leaf-3.GPU.S9825,FourHundredGigE1/0/43,23047,71501398,14061,42413386,0.13,0.07
2024/05/24 星期五 00:15:58.839,1716480958839,NH-DC-NM129-B05-ROCE-Leaf-3.GPU.S9825,FourHundredGigE1/0/43,0,0,0,0,0,0
2024/05/24 星期五 00:15:59.462,1716480959462,NH-DC-NM129-B05-ROCE-Leaf-3.GPU.S9825,FourHundredGigE1/0/43,5845,13257438,226229,905791066,0.02,1.81
2024/05/24 星期五 00:16:00.030,1716480960030,NH-DC-NM129-B05-ROCE-Leaf-3.GPU.S9825,FourHundredGigE1/0/43,48798,153762700,13788,37889444,0.33,0.07
2024/05/24 星期五 00:16:00.531,1716480960531,NH-DC-NM129-B05-ROCE-Leaf-3.GPU.S9825,FourHundredGigE1/0/43,0,0,0,0,0,0
2024/05/24 星期五 00:16:01.032,1716480961032,NH-DC-NM129-B05-ROCE-Leaf-3.GPU.S9825,FourHundredGigE1/0/43,18352,55477340,180130,693491540,0.12,1.72
2024/05/24 星期五 00:16:01.581,1716480961581,NH-DC-NM129-B05-ROCE-Leaf-3.GPU.S9825,FourHundredGigE1/0/43,0,0,0,0,0,0
2024/05/24 星期五 00:16:02.302,1716480962302,NH-DC-NM129-B05-ROCE-Leaf-3.GPU.S9825,FourHundredGigE1/0/43,504,41624,13036,39464564,0,0.05
2024/05/24 星期五 00:16:02.924,1716480962924,NH-DC-NM129-B05-ROCE-Leaf-3.GPU.S9825,FourHundredGigE1/0/43,0,0,0,0,0,0
2024/05/24 星期五 00:16:03.457,1716480963457,NH-DC-NM129-B05-ROCE-Leaf-3.GPU.S9825,FourHundredGigE1/0/43,495,40854,59516,238351024,0,0.54
2024/05/24 星期五 00:16:03.958,1716480963958,NH-DC-NM129-B05-ROCE-Leaf-3.GPU.S9825,FourHundredGigE1/0/43,0,0,0,0,0,0
2024/05/24 星期五 00:16:04.467,1716480964467,NH-DC-NM129-B05-ROCE-Leaf-3.GPU.S9825,FourHundredGigE1/0/43,434317,1760759810,252278,1019953200,4.32,2.48
2024/05/24 星期五 00:16:05.051,1716480965051,NH-DC-NM129-B05-ROCE-Leaf-3.GPU.S9825,FourHundredGigE1/0/43,87386,92938012,28110,110049328,0.19,0.24
2024/05/24 星期五 00:16:05.713,1716480965713,NH-DC-NM129-B05-ROCE-Leaf-3.GPU.S9825,FourHundredGigE1/0/43,0,0,0,0,0,0
2024/05/24 星期五 00:16:06.331,1716480966331,NH-DC-NM129-B05-ROCE-Leaf-3.GPU.S9825,FourHundredGigE1/0/43,38254,3185044,196773,651524070,0,1.31
2024/05/24 星期五 00:16:06.869,1716480966869,NH-DC-NM129-B05-ROCE-Leaf-3.GPU.S9825,FourHundredGigE1/0/43,0,0,0,0,0,0
2024/05/24 星期五 00:16:07.372,1716480967372,NH-DC-NM129-B05-ROCE-Leaf-3.GPU.S9825,FourHundredGigE1/0/43,14160,50896040,1463,118954,0.12,0
2024/05/24 星期五 00:16:07.953,1716480967953,NH-DC-NM129-B05-ROCE-Leaf-3.GPU.S9825,FourHundredGigE1/0/43,0,0,0,0,0,0
2024/05/24 星期五 00:16:08.501,1716480968501,NH-DC-NM129-B05-ROCE-Leaf-3.GPU.S9825,FourHundredGigE1/0/43,148397,572200378,189185,710434514,1.30,1.62
2024/05/24 星期五 00:16:09.297,1716480969297,NH-DC-NM129-B05-ROCE-Leaf-3.GPU.S9825,FourHundredGigE1/0/43,0,0,4106,11505076,0,0.02
2024/05/24 星期五 00:16:09.941,1716480969941,NH-DC-NM129-B05-ROCE-Leaf-3.GPU.S9825,FourHundredGigE1/0/43,0,0,0,0,0,0
2024/05/24 星期五 00:16:10.441,1716480970441,NH-DC-NM129-B05-ROCE-Leaf-3.GPU.S9825,FourHundredGigE1/0/43,7719,23760814,3201,11805542,0.05,0.02
2024/05/24 星期五 00:16:10.939,1716480970939,NH-DC-NM129-B05-ROCE-Leaf-3.GPU.S9825,FourHundredGigE1/0/43,0,0,0,0,0,0
2024/05/24 星期五 00:16:11.441,1716480971441,NH-DC-NM129-B05-ROCE-Leaf-3.GPU.S9825,FourHundredGigE1/0/43,3817,11644797,28985,88349630,0.02,0.20
2024/05/24 星期五 00:16:11.983,1716480971983,NH-DC-NM129-B05-ROCE-Leaf-3.GPU.S9825,FourHundredGigE1/0/43,34802,130840360,335613,1387846494,0.30,3.18
2024/05/24 星期五 00:16:12.850,1716480972850,NH-DC-NM129-B05-ROCE-Leaf-3.GPU.S9825,FourHundredGigE1/0/43,0,0,0,0,0,0
2024/05/24 星期五 00:16:13.436,1716480973436,NH-DC-NM129-B05-ROCE-Leaf-3.GPU.S9825,FourHundredGigE1/0/43,232350,869225124,224068,905896116,1.83,1.92
2024/05/24 星期五 00:16:13.938,1716480973938,NH-DC-NM129-B05-ROCE-Leaf-3.GPU.S9825,FourHundredGigE1/0/43,0,0,0,0,0,0
2024/05/24 星期五 00:16:14.438,1716480974438,NH-DC-NM129-B05-ROCE-Leaf-3.GPU.S9825,FourHundredGigE1/0/43,55177,197523230,38100,125350324,0.48,0.3
2024/05/24 星期五 00:16:14.968,1716480974968,NH-DC-NM129-B05-ROCE-Leaf-3.GPU.S9825,FourHundredGigE1/0/43,0,0,0,0,0,0
2024/05/24 星期五 00:16:15.470,1716480975470,NH-DC-NM129-B05-ROCE-Leaf-3.GPU.S9825,FourHundredGigE1/0/43,74454,263718844,27947,87383778,0.65,0.20
2024/05/24 星期五 00:16:16.415,1716480976415,NH-DC-NM129-B05-ROCE-Leaf-3.GPU.S9825,FourHundredGigE1/0/43,43559,156417570,18248,56897952,0.20,0.07
2024/05/24 星期五 00:16:16.917,1716480976917,NH-DC-NM129-B05-ROCE-Leaf-3.GPU.S9825,FourHundredGigE1/0/43,0,0,0,0,0,0
2024/05/24 星期五 00:16:17.431,1716480977431,NH-DC-NM129-B05-ROCE-Leaf-3.GPU.S9825,FourHundredGigE1/0/43,206257,817991770,192240,789855340,1.97,1.90
2024/05/24 星期五 00:16:18.004,1716480978004,NH-DC-NM129-B05-ROCE-Leaf-3.GPU.S9825,FourHundredGigE1/0/43,0,0,0,0,0,0
2024/05/24 星期五 00:16:18.505,1716480978505,NH-DC-NM129-B05-ROCE-Leaf-3.GPU.S9825,FourHundredGigE1/0/43,6914,23685788,74826,269156880,0.05,0.65
2024/05/24 星期五 00:16:19.005,1716480979005,NH-DC-NM129-B05-ROCE-Leaf-3.GPU.S9825,FourHundredGigE1/0/43,2482,269792,3721,11848282,0,0.02
2024/05/24 星期五 00:16:19.932,1716480979932,NH-DC-NM129-B05-ROCE-Leaf-3.GPU.S9825,FourHundredGigE1/0/43,0,0,0,0,0,0
2024/05/24 星期五 00:16:20.434,1716480980434,NH-DC-NM129-B05-ROCE-Leaf-3.GPU.S9825,FourHundredGigE1/0/43,21517,35359078,11976,26194192,0.07,0.05
2024/05/24 星期五 00:16:20.937,1716480980937,NH-DC-NM129-B05-ROCE-Leaf-3.GPU.S9825,FourHundredGigE1/0/43,0,0,0,0,0,0
2024/05/24 星期五 00:16:21.440,1716480981440,NH-DC-NM129-B05-ROCE-Leaf-3.GPU.S9825,FourHundredGigE1/0/43,61387,222691270,321837,1305771038,0.55,3.23
2024/05/24 星期五 00:16:21.946,1716480981946,NH-DC-NM129-B05-ROCE-Leaf-3.GPU.S9825,FourHundredGigE1/0/43,0,0,0,0,0,0
2024/05/24 星期五 00:16:22.492,1716480982492,NH-DC-NM129-B05-ROCE-Leaf-3.GPU.S9825,FourHundredGigE1/0/43,16673,44748554,45924,171191192,0.09,0.39
2024/05/24 星期五 00:16:23.221,1716480983221,NH-DC-NM129-B05-ROCE-Leaf-3.GPU.S9825,FourHundredGigE1/0/43,11777,23771518,25310,82498396,0.03,0.14
2024/05/24 星期五 00:16:24.002,1716480984002,NH-DC-NM129-B05-ROCE-Leaf-3.GPU.S9825,FourHundredGigE1/0/43,216503,868166894,12205,22829078,1.38,0.03
2024/05/24 星期五 00:16:24.539,1716480984539,NH-DC-NM129-B05-ROCE-Leaf-3.GPU.S9825,FourHundredGigE1/0/43,0,0,0,0,0,0
2024/05/24 星期五 00:16:25.071,1716480985071,NH-DC-NM129-B05-ROCE-Leaf-3.GPU.S9825,FourHundredGigE1/0/43,96782,381127440,28521,61581098,0.89,0.14
2024/05/24 星期五 00:16:25.574,1716480985574,NH-DC-NM129-B05-ROCE-Leaf-3.GPU.S9825,FourHundredGigE1/0/43,0,0,0,0,0,0
2024/05/24 星期五 00:16:26.186,1716480986186,NH-DC-NM129-B05-ROCE-Leaf-3.GPU.S9825,FourHundredGigE1/0/43,17427,36011338,8918,29900444,0.06,0.04
2024/05/24 星期五 00:16:26.979,1716480986979,NH-DC-NM129-B05-ROCE-Leaf-3.GPU.S9825,FourHundredGigE1/0/43,0,0,0,0,0,0
2024/05/24 星期五 00:16:30.527,1716480990527,NH-DC-NM129-B05-ROCE-Leaf-3.GPU.S9825,FourHundredGigE1/0/43,442764,1674995092,39045,102430866,0.59,0.04
2024/05/24 星期五 00:16:31.029,1716480991029,NH-DC-NM129-B05-ROCE-Leaf-3.GPU.S9825,FourHundredGigE1/0/43,0,0,0,0,0,0
2024/05/24 星期五 00:16:31.529,1716480991529,NH-DC-NM129-B05-ROCE-Leaf-3.GPU.S9825,FourHundredGigE1/0/43,71360,259073992,66783,239974878,0.62,0.58
2024/05/24 星期五 00:16:32.029,1716480992029,NH-DC-NM129-B05-ROCE-Leaf-3.GPU.S9825,FourHundredGigE1/0/43,17229,20271174,39173,115002090,0.05,0.28
2024/05/24 星期五 00:16:32.647,1716480992647,NH-DC-NM129-B05-ROCE-Leaf-3.GPU.S9825,FourHundredGigE1/0/43,0,0,0,0,0,0
2024/05/24 星期五 00:16:33.249,1716480993249,NH-DC-NM129-B05-ROCE-Leaf-3.GPU.S9825,FourHundredGigE1/0/43,307080,1255457908,100240,397950784,2.60,0.81
2024/05/24 星期五 00:16:34.013,1716480994013,NH-DC-NM129-B05-ROCE-Leaf-3.GPU.S9825,FourHundredGigE1/0/43,4678,11941784,49922,131253724,0.02,0.21
2024/05/24 星期五 00:16:34.788,1716480994788,NH-DC-NM129-B05-ROCE-Leaf-3.GPU.S9825,FourHundredGigE1/0/43,0,0,0,0,0,0
2024/05/24 星期五 00:16:35.288,1716480995288,NH-DC-NM129-B05-ROCE-Leaf-3.GPU.S9825,FourHundredGigE1/0/43,51577,196768294,4597,4711218,0.48,0
2024/05/24 星期五 00:16:35.982,1716480995982,NH-DC-NM129-B05-ROCE-Leaf-3.GPU.S9825,FourHundredGigE1/0/43,130308,510546272,83475,306738390,0.92,0.54
2024/05/24 星期五 00:16:36.729,1716480996729,NH-DC-NM129-B05-ROCE-Leaf-3.GPU.S9825,FourHundredGigE1/0/43,0,0,0,0,0,0
2024/05/24 星期五 00:16:37.255,1716480997255,NH-DC-NM129-B05-ROCE-Leaf-3.GPU.S9825,FourHundredGigE1/0/43,36648,73792412,99762,399970504,0.17,0.93
2024/05/24 星期五 00:16:37.854,1716480997854,NH-DC-NM129-B05-ROCE-Leaf-3.GPU.S9825,FourHundredGigE1/0/43,0,0,0,0,0,0
2024/05/24 星期五 00:16:38.355,1716480998355,NH-DC-NM129-B05-ROCE-Leaf-3.GPU.S9825,FourHundredGigE1/0/43,123452,416937804,25794,96253864,1.02,0.22
2024/05/24 星期五 00:16:38.853,1716480998853,NH-DC-NM129-B05-ROCE-Leaf-3.GPU.S9825,FourHundredGigE1/0/43,37645,120487278,44720,152227912,0.30,0.38
2024/05/24 星期五 00:16:39.531,1716480999531,NH-DC-NM129-B05-ROCE-Leaf-3.GPU.S9825,FourHundredGigE1/0/43,0,0,0,0,0,0
2024/05/24 星期五 00:16:40.360,1716481000360,NH-DC-NM129-B05-ROCE-Leaf-3.GPU.S9825,FourHundredGigE1/0/43,222305,894507402,75994,246224368,1.34,0.36
2024/05/24 星期五 00:16:40.870,1716481000870,NH-DC-NM129-B05-ROCE-Leaf-3.GPU.S9825,FourHundredGigE1/0/43,0,0,0,0,0,0
2024/05/24 星期五 00:16:41.386,1716481001386,NH-DC-NM129-B05-ROCE-Leaf-3.GPU.S9825,FourHundredGigE1/0/43,116515,472870469,94877,383129954,1.14,0.92
2024/05/24 星期五 00:16:41.875,1716481001875,NH-DC-NM129-B05-ROCE-Leaf-3.GPU.S9825,FourHundredGigE1/0/43,0,0,0,0,0,0
2024/05/24 星期五 00:16:42.377,1716481002377,NH-DC-NM129-B05-ROCE-Leaf-3.GPU.S9825,FourHundredGigE1/0/43,5420,11772848,3372,11444184,0.02,0.02
2024/05/24 星期五 00:16:43.064,1716481003064,NH-DC-NM129-B05-ROCE-Leaf-3.GPU.S9825,FourHundredGigE1/0/43,77494,290655220,225941,802139106,0.53,1.46
2024/05/24 星期五 00:16:43.742,1716481003742,NH-DC-NM129-B05-ROCE-Leaf-3.GPU.S9825,FourHundredGigE1/0/43,0,0,0,0,0,0
2024/05/24 星期五 00:16:44.254,1716481004254,NH-DC-NM129-B05-ROCE-Leaf-3.GPU.S9825,FourHundredGigE1/0/43,42857,149060798,185574,749492436,0.34,1.81
2024/05/24 星期五 00:16:44.900,1716481004900,NH-DC-NM129-B05-ROCE-Leaf-3.GPU.S9825,FourHundredGigE1/0/43,0,0,0,0,0,0
2024/05/24 星期五 00:16:45.564,1716481005564,NH-DC-NM129-B05-ROCE-Leaf-3.GPU.S9825,FourHundredGigE1/0/43,113762,415953912,3598,11463048,0.77,0.02
2024/05/24 星期五 00:16:47.636,1716481007636,NH-DC-NM129-B05-ROCE-Leaf-3.GPU.S9825,FourHundredGigE1/0/43,9023,25472782,4133,11507258,0.01,0.01
2024/05/24 星期五 00:16:48.237,1716481008237,NH-DC-NM129-B05-ROCE-Leaf-3.GPU.S9825,FourHundredGigE1/0/43,178623,737765398,181839,749571926,1.52,1.54
2024/05/24 星期五 00:16:48.853,1716481008853,NH-DC-NM129-B05-ROCE-Leaf-3.GPU.S9825,FourHundredGigE1/0/43,0,0,0,0,0,0
2024/05/24 星期五 00:16:49.354,1716481009354,NH-DC-NM129-B05-ROCE-Leaf-3.GPU.S9825,FourHundredGigE1/0/43,187485,762384100,9052,23103028,1.90,0.05
2024/05/24 星期五 00:16:50.064,1716481010064,NH-DC-NM129-B05-ROCE-Leaf-3.GPU.S9825,FourHundredGigE1/0/43,13139,51175396,130296,487592808,0.09,0.85
2024/05/24 星期五 00:16:50.767,1716481010767,NH-DC-NM129-B05-ROCE-Leaf-3.GPU.S9825,FourHundredGigE1/0/43,0,0,0,0,0,0
2024/05/24 星期五 00:16:51.347,1716481011347,NH-DC-NM129-B05-ROCE-Leaf-3.GPU.S9825,FourHundredGigE1/0/43,1057,9347958,12326,12176284,0,0.02
2024/05/24 星期五 00:16:51.912,1716481011912,NH-DC-NM129-B05-ROCE-Leaf-3.GPU.S9825,FourHundredGigE1/0/43,0,0,0,0,0,0
2024/05/24 星期五 00:16:52.472,1716481012472,NH-DC-NM129-B05-ROCE-Leaf-3.GPU.S9825,FourHundredGigE1/0/43,55481,194672786,9634,787400,0.42,0
2024/05/24 星期五 00:16:52.970,1716481012970,NH-DC-NM129-B05-ROCE-Leaf-3.GPU.S9825,FourHundredGigE1/0/43,0,0,0,0,0,0
2024/05/24 星期五 00:16:53.574,1716481013574,NH-DC-NM129-B05-ROCE-Leaf-3.GPU.S9825,FourHundredGigE1/0/43,187504,761674856,100522,393876312,1.57,0.81
2024/05/24 星期五 00:16:54.246,1716481014246,NH-DC-NM129-B05-ROCE-Leaf-3.GPU.S9825,FourHundredGigE1/0/43,42476,141612524,28276,53289932,0.26,0.09
2024/05/24 星期五 00:16:55.026,1716481015026,NH-DC-NM129-B05-ROCE-Leaf-3.GPU.S9825,FourHundredGigE1/0/43,8230,3956244,17200,56070560,0,0.08
2024/05/24 星期五 00:16:55.653,1716481015653,NH-DC-NM129-B05-ROCE-Leaf-3.GPU.S9825,FourHundredGigE1/0/43,0,0,0,0,0,0
2024/05/24 星期五 00:16:56.168,1716481016168,NH-DC-NM129-B05-ROCE-Leaf-3.GPU.S9825,FourHundredGigE1/0/43,39506,108854368,45117,146011938,0.24,0.34
2024/05/24 星期五 00:16:56.669,1716481016669,NH-DC-NM129-B05-ROCE-Leaf-3.GPU.S9825,FourHundredGigE1/0/43,0,0,0,0,0,0
2024/05/24 星期五 00:16:57.336,1716481017336,NH-DC-NM129-B05-ROCE-Leaf-3.GPU.S9825,FourHundredGigE1/0/43,35726,116541532,33945,64913598,0.21,0.11
2024/05/24 星期五 00:16:58.089,1716481018089,NH-DC-NM129-B05-ROCE-Leaf-3.GPU.S9825,FourHundredGigE1/0/43,52072,203714048,32136,100457384,0.33,0.17
2024/05/24 星期五 00:16:58.590,1716481018590,NH-DC-NM129-B05-ROCE-Leaf-3.GPU.S9825,FourHundredGigE1/0/43,0,0,0,0,0,0
2024/05/24 星期五 00:16:59.110,1716481019110,NH-DC-NM129-B05-ROCE-Leaf-3.GPU.S9825,FourHundredGigE1/0/43,33706,103838996,5980,474168,0.24,0
2024/05/24 星期五 00:16:59.616,1716481019616,NH-DC-NM129-B05-ROCE-Leaf-3.GPU.S9825,FourHundredGigE1/0/43,0,0,0,0,0,0
2024/05/24 星期五 00:17:00.118,1716481020118,NH-DC-NM129-B05-ROCE-Leaf-3.GPU.S9825,FourHundredGigE1/0/43,14665,33667566,203414,820755532,0.07,2.04
2024/05/24 星期五 00:17:00.890,1716481020890,NH-DC-NM129-B05-ROCE-Leaf-3.GPU.S9825,FourHundredGigE1/0/43,21511,68647598,15844,52536460,0.10,0.08
2024/05/24 星期五 00:17:01.544,1716481021544,NH-DC-NM129-B05-ROCE-Leaf-3.GPU.S9825,FourHundredGigE1/0/43,0,0,0,0,0,0
2024/05/24 星期五 00:17:02.083,1716481022083,NH-DC-NM129-B05-ROCE-Leaf-3.GPU.S9825,FourHundredGigE1/0/43,7502,16157344,21731,61113426,0.02,0.14
2024/05/24 星期五 00:17:02.634,1716481022634,NH-DC-NM129-B05-ROCE-Leaf-3.GPU.S9825,FourHundredGigE1/0/43,0,0,0,0,0,0
2024/05/24 星期五 00:17:03.134,1716481023134,NH-DC-NM129-B05-ROCE-Leaf-3.GPU.S9825,FourHundredGigE1/0/43,21358,76040684,73284,265207188,0.18,0.65
2024/05/24 星期五 00:17:03.678,1716481023678,NH-DC-NM129-B05-ROCE-Leaf-3.GPU.S9825,FourHundredGigE1/0/43,0,0,0,0,0,0
2024/05/24 星期五 00:17:04.510,1716481024510,NH-DC-NM129-B05-ROCE-Leaf-3.GPU.S9825,FourHundredGigE1/0/43,49357,148972486,83627,337231178,0.21,0.50
2024/05/24 星期五 00:17:05.032,1716481025032,NH-DC-NM129-B05-ROCE-Leaf-3.GPU.S9825,FourHundredGigE1/0/43,187499,734673164,40055,135555922,1.75,0.31
2024/05/24 星期五 00:17:05.574,1716481025574,NH-DC-NM129-B05-ROCE-Leaf-3.GPU.S9825,FourHundredGigE1/0/43,0,0,0,0,0,0
2024/05/24 星期五 00:17:06.171,1716481026171,NH-DC-NM129-B05-ROCE-Leaf-3.GPU.S9825,FourHundredGigE1/0/43,399210,1612237494,138434,539934572,3.37,1.11
2024/05/24 星期五 00:17:06.670,1716481026670,NH-DC-NM129-B05-ROCE-Leaf-3.GPU.S9825,FourHundredGigE1/0/43,0,0,0,0,0,0
2024/05/24 星期五 00:17:07.169,1716481027169,NH-DC-NM129-B05-ROCE-Leaf-3.GPU.S9825,FourHundredGigE1/0/43,38578,120923480,21162,41013956,0.30,0.10
2024/05/24 星期五 00:17:08.008,1716481028008,NH-DC-NM129-B05-ROCE-Leaf-3.GPU.S9825,FourHundredGigE1/0/43,0,0,0,0,0,0
2024/05/24 星期五 00:17:08.529,1716481028529,NH-DC-NM129-B05-ROCE-Leaf-3.GPU.S9825,FourHundredGigE1/0/43,26866,90384684,27807,87124962,0.22,0.19
2024/05/24 星期五 00:17:09.099,1716481029099,NH-DC-NM129-B05-ROCE-Leaf-3.GPU.S9825,FourHundredGigE1/0/43,19318,70945680,41491,147142282,0.15,0.31
2024/05/24 星期五 00:17:09.681,1716481029681,NH-DC-NM129-B05-ROCE-Leaf-3.GPU.S9825,FourHundredGigE1/0/43,0,0,0,0,0,0
2024/05/24 星期五 00:17:10.183,1716481030183,NH-DC-NM129-B05-ROCE-Leaf-3.GPU.S9825,FourHundredGigE1/0/43,290697,1206899098,234757,893003614,2.99,2.22
2024/05/24 星期五 00:17:10.722,1716481030722,NH-DC-NM129-B05-ROCE-Leaf-3.GPU.S9825,FourHundredGigE1/0/43,0,0,0,0,0,0
2024/05/24 星期五 00:17:11.544,1716481031544,NH-DC-NM129-B05-ROCE-Leaf-3.GPU.S9825,FourHundredGigE1/0/43,15721,18597365,62536,230138204,0.02,0.35
2024/05/24 星期五 00:17:12.073,1716481032073,NH-DC-NM129-B05-ROCE-Leaf-3.GPU.S9825,FourHundredGigE1/0/43,6583,12097918,8903,11905894,0.02,0.02
2024/05/24 星期五 00:17:12.625,1716481032625,NH-DC-NM129-B05-ROCE-Leaf-3.GPU.S9825,FourHundredGigE1/0/43,0,0,0,0,0,0
2024/05/24 星期五 00:17:13.125,1716481033125,NH-DC-NM129-B05-ROCE-Leaf-3.GPU.S9825,FourHundredGigE1/0/43,134116,497731548,197114,790253928,1.22,1.98
2024/05/24 星期五 00:17:13.627,1716481033627,NH-DC-NM129-B05-ROCE-Leaf-3.GPU.S9825,FourHundredGigE1/0/43,0,0,0,0,0,0
2024/05/24 星期五 00:17:14.126,1716481034126,NH-DC-NM129-B05-ROCE-Leaf-3.GPU.S9825,FourHundredGigE1/0/43,5004,418344,14643,45653466,0,0.10
2024/05/24 星期五 00:17:14.942,1716481034942,NH-DC-NM129-B05-ROCE-Leaf-3.GPU.S9825,FourHundredGigE1/0/43,0,0,0,0,0,0
2024/05/24 星期五 00:17:15.505,1716481035505,NH-DC-NM129-B05-ROCE-Leaf-3.GPU.S9825,FourHundredGigE1/0/43,17127,63521966,50769,182930954,0.13,0.40
2024/05/24 星期五 00:17:16.093,1716481036093,NH-DC-NM129-B05-ROCE-Leaf-3.GPU.S9825,FourHundredGigE1/0/43,21078,72380696,18154,50683336,0.15,0.11
2024/05/24 星期五 00:17:16.593,1716481036593,NH-DC-NM129-B05-ROCE-Leaf-3.GPU.S9825,FourHundredGigE1/0/43,0,0,0,0,0,0
2024/05/24 星期五 00:17:17.097,1716481037097,NH-DC-NM129-B05-ROCE-Leaf-3.GPU.S9825,FourHundredGigE1/0/43,43723,158793922,43732,132808032,0.37,0.32
2024/05/24 星期五 00:17:17.703,1716481037703,NH-DC-NM129-B05-ROCE-Leaf-3.GPU.S9825,FourHundredGigE1/0/43,0,0,0,0,0,0
2024/05/24 星期五 00:17:18.545,1716481038545,NH-DC-NM129-B05-ROCE-Leaf-3.GPU.S9825,FourHundredGigE1/0/43,53565,184039446,37607,135058357,0.27,0.19
2024/05/24 星期五 00:17:19.131,1716481039131,NH-DC-NM129-B05-ROCE-Leaf-3.GPU.S9825,FourHundredGigE1/0/43,17044,47318700,24527,69232902,0.09,0.13
2024/05/24 星期五 00:17:19.730,1716481039730,NH-DC-NM129-B05-ROCE-Leaf-3.GPU.S9825,FourHundredGigE1/0/43,0,0,0,0,0,0
2024/05/24 星期五 00:17:20.246,1716481040246,NH-DC-NM129-B05-ROCE-Leaf-3.GPU.S9825,FourHundredGigE1/0/43,2315,7585822,128630,507859684,0,1.21
2024/05/24 星期五 00:17:20.794,1716481040794,NH-DC-NM129-B05-ROCE-Leaf-3.GPU.S9825,FourHundredGigE1/0/43,0,0,0,0,0,0
2024/05/24 星期五 00:17:21.304,1716481041304,NH-DC-NM129-B05-ROCE-Leaf-3.GPU.S9825,FourHundredGigE1/0/43,48591,170988602,9121,24771582,0.42,0.05
2024/05/24 星期五 00:17:22.057,1716481042057,NH-DC-NM129-B05-ROCE-Leaf-3.GPU.S9825,FourHundredGigE1/0/43,2009,165682,22742,47883768,0,0.07
2024/05/24 星期五 00:17:22.644,1716481042644,NH-DC-NM129-B05-ROCE-Leaf-3.GPU.S9825,FourHundredGigE1/0/43,0,0,0,0,0,0
2024/05/24 星期五 00:17:23.145,1716481043145,NH-DC-NM129-B05-ROCE-Leaf-3.GPU.S9825,FourHundredGigE1/0/43,87710,201126766,8219,667766,0.50,0
2024/05/24 星期五 00:17:23.783,1716481043783,NH-DC-NM129-B05-ROCE-Leaf-3.GPU.S9825,FourHundredGigE1/0/43,246164,844145698,7333,23698801,1.65,0.04
2024/05/24 星期五 00:17:24.520,1716481044520,NH-DC-NM129-B05-ROCE-Leaf-3.GPU.S9825,FourHundredGigE1/0/43,0,0,0,0,0,0
2024/05/24 星期五 00:17:25.099,1716481045099,NH-DC-NM129-B05-ROCE-Leaf-3.GPU.S9825,FourHundredGigE1/0/43,11008,43800276,3736,11849800,0.09,0.02
2024/05/24 星期五 00:17:25.778,1716481045778,NH-DC-NM129-B05-ROCE-Leaf-3.GPU.S9825,FourHundredGigE1/0/43,0,0,0,0,0,0
2024/05/24 星期五 00:17:26.368,1716481046368,NH-DC-NM129-B05-ROCE-Leaf-3.GPU.S9825,FourHundredGigE1/0/43,52008,182605768,2529,204378,0.38,0
2024/05/24 星期五 00:17:26.871,1716481046871,NH-DC-NM129-B05-ROCE-Leaf-3.GPU.S9825,FourHundredGigE1/0/43,0,0,0,0,0,0
2024/05/24 星期五 00:17:27.374,1716481047374,NH-DC-NM129-B05-ROCE-Leaf-3.GPU.S9825,FourHundredGigE1/0/43,110366,349301600,195511,761482686,0.84,1.89
2024/05/24 星期五 00:17:28.047,1716481048047,NH-DC-NM129-B05-ROCE-Leaf-3.GPU.S9825,FourHundredGigE1/0/43,8644,705320,10952,34400828,0,0.06
2024/05/24 星期五 00:17:28.759,1716481048759,NH-DC-NM129-B05-ROCE-Leaf-3.GPU.S9825,FourHundredGigE1/0/43,0,0,0,0,0,0
2024/05/24 星期五 00:17:29.480,1716481049480,NH-DC-NM129-B05-ROCE-Leaf-3.GPU.S9825,FourHundredGigE1/0/43,101494,395581168,1314,104532,0.68,0
2024/05/24 星期五 00:17:30.052,1716481050052,NH-DC-NM129-B05-ROCE-Leaf-3.GPU.S9825,FourHundredGigE1/0/43,78068,259786840,537,44270,0.55,0
2024/05/24 星期五 00:17:30.553,1716481050553,NH-DC-NM129-B05-ROCE-Leaf-3.GPU.S9825,FourHundredGigE1/0/43,0,0,0,0,0,0
2024/05/24 星期五 00:17:31.082,1716481051082,NH-DC-NM129-B05-ROCE-Leaf-3.GPU.S9825,FourHundredGigE1/0/43,492396,1971444652,371593,1532974490,4.66,3.62
2024/05/24 星期五 00:17:31.809,1716481051809,NH-DC-NM129-B05-ROCE-Leaf-3.GPU.S9825,FourHundredGigE1/0/43,0,0,0,0,0,0
2024/05/24 星期五 00:17:32.446,1716481052446,NH-DC-NM129-B05-ROCE-Leaf-3.GPU.S9825,FourHundredGigE1/0/43,31272,108099356,38400,124429304,0.20,0.24
2024/05/24 星期五 00:17:33.048,1716481053048,NH-DC-NM129-B05-ROCE-Leaf-3.GPU.S9825,FourHundredGigE1/0/43,0,0,0,0,0,0
2024/05/24 星期五 00:17:33.589,1716481053589,NH-DC-NM129-B05-ROCE-Leaf-3.GPU.S9825,FourHundredGigE1/0/43,12942,24466684,22967,73784490,0.05,0.16
2024/05/24 星期五 00:17:34.312,1716481054312,NH-DC-NM129-B05-ROCE-Leaf-3.GPU.S9825,FourHundredGigE1/0/43,270974,1087005644,466833,1911149994,1.87,3.30
2024/05/24 星期五 00:17:35.128,1716481055128,NH-DC-NM129-B05-ROCE-Leaf-3.GPU.S9825,FourHundredGigE1/0/43,30359,106874334,48784,166881300,0.15,0.25
2024/05/24 星期五 00:17:35.629,1716481055629,NH-DC-NM129-B05-ROCE-Leaf-3.GPU.S9825,FourHundredGigE1/0/43,0,0,0,0,0,0
2024/05/24 星期五 00:17:36.370,1716481056370,NH-DC-NM129-B05-ROCE-Leaf-3.GPU.S9825,FourHundredGigE1/0/43,7299,20522494,43281,139834918,0.03,0.22
2024/05/24 星期五 00:17:36.902,1716481056902,NH-DC-NM129-B05-ROCE-Leaf-3.GPU.S9825,FourHundredGigE1/0/43,0,0,0,0,0,0
2024/05/24 星期五 00:17:37.406,1716481057406,NH-DC-NM129-B05-ROCE-Leaf-3.GPU.S9825,FourHundredGigE1/0/43,33556,116857432,34995,119661978,0.27,0.27
2024/05/24 星期五 00:17:38.010,1716481058010,NH-DC-NM129-B05-ROCE-Leaf-3.GPU.S9825,FourHundredGigE1/0/43,201552,806223112,17485,54997686,1.66,0.10
2024/05/24 星期五 00:17:38.698,1716481058698,NH-DC-NM129-B05-ROCE-Leaf-3.GPU.S9825,FourHundredGigE1/0/43,0,0,0,0,0,0
2024/05/24 星期五 00:17:39.201,1716481059201,NH-DC-NM129-B05-ROCE-Leaf-3.GPU.S9825,FourHundredGigE1/0/43,21590,72657000,50917,181932718,0.17,0.45
2024/05/24 星期五 00:17:39.880,1716481059880,NH-DC-NM129-B05-ROCE-Leaf-3.GPU.S9825,FourHundredGigE1/0/43,0,0,0,0,0,0
2024/05/24 星期五 00:17:40.432,1716481060432,NH-DC-NM129-B05-ROCE-Leaf-3.GPU.S9825,FourHundredGigE1/0/43,113445,453596662,159111,609595634,1.02,1.36
2024/05/24 星期五 00:17:40.909,1716481060909,NH-DC-NM129-B05-ROCE-Leaf-3.GPU.S9825,FourHundredGigE1/0/43,0,0,0,0,0,0
2024/05/24 星期五 00:17:41.413,1716481061413,NH-DC-NM129-B05-ROCE-Leaf-3.GPU.S9825,FourHundredGigE1/0/43,31902,94897787,42814,133323592,0.22,0.32
2024/05/24 星期五 00:17:42.153,1716481062153,NH-DC-NM129-B05-ROCE-Leaf-3.GPU.S9825,FourHundredGigE1/0/43,53352,182127496,11647,942534,0.30,0
2024/05/24 星期五 00:17:42.658,1716481062658,NH-DC-NM129-B05-ROCE-Leaf-3.GPU.S9825,FourHundredGigE1/0/43,0,0,0,0,0,0
2024/05/24 星期五 00:17:43.321,1716481063321,NH-DC-NM129-B05-ROCE-Leaf-3.GPU.S9825,FourHundredGigE1/0/43,372839,1511013302,193877,773962438,2.85,1.45
2024/05/24 星期五 00:17:43.843,1716481063843,NH-DC-NM129-B05-ROCE-Leaf-3.GPU.S9825,FourHundredGigE1/0/43,0,0,0,0,0,0
2024/05/24 星期五 00:17:44.342,1716481064342,NH-DC-NM129-B05-ROCE-Leaf-3.GPU.S9825,FourHundredGigE1/0/43,23255,64443342,36422,101747796,0.15,0.25
2024/05/24 星期五 00:17:45.017,1716481065017,NH-DC-NM129-B05-ROCE-Leaf-3.GPU.S9825,FourHundredGigE1/0/43,18894,64094048,12756,28036076,0.11,0.04
2024/05/24 星期五 00:17:46.265,1716481066265,NH-DC-NM129-B05-ROCE-Leaf-3.GPU.S9825,FourHundredGigE1/0/43,247620,939992896,59916,171221456,0.93,0.17
2024/05/24 星期五 00:17:47.798,1716481067798,NH-DC-NM129-B05-ROCE-Leaf-3.GPU.S9825,FourHundredGigE1/0/43,0,0,0,0,0,0
2024/05/24 星期五 00:17:48.297,1716481068297,NH-DC-NM129-B05-ROCE-Leaf-3.GPU.S9825,FourHundredGigE1/0/43,29735,108100422,41039,133180202,0.25,0.33
2024/05/24 星期五 00:17:48.972,1716481068972,NH-DC-NM129-B05-ROCE-Leaf-3.GPU.S9825,FourHundredGigE1/0/43,28481,88307626,31508,87493256,0.15,0.15
2024/05/24 星期五 00:17:49.676,1716481069676,NH-DC-NM129-B05-ROCE-Leaf-3.GPU.S9825,FourHundredGigE1/0/43,0,0,0,0,0,0
2024/05/24 星期五 00:17:50.382,1716481070382,NH-DC-NM129-B05-ROCE-Leaf-3.GPU.S9825,FourHundredGigE1/0/43,9620,12634492,12380,12173128,0.02,0.02
2024/05/24 星期五 00:17:50.985,1716481070985,NH-DC-NM129-B05-ROCE-Leaf-3.GPU.S9825,FourHundredGigE1/0/43,0,0,0,0,0,0
2024/05/24 星期五 00:17:51.485,1716481071485,NH-DC-NM129-B05-ROCE-Leaf-3.GPU.S9825,FourHundredGigE1/0/43,232494,922036304,103628,399431460,2.3,0.98
2024/05/24 星期五 00:17:51.986,1716481071986,NH-DC-NM129-B05-ROCE-Leaf-3.GPU.S9825,FourHundredGigE1/0/43,24164,86988900,47718,172789152,0.20,0.42
2024/05/24 星期五 00:17:52.822,1716481072822,NH-DC-NM129-B05-ROCE-Leaf-3.GPU.S9825,FourHundredGigE1/0/43,0,0,0,0,0,0
2024/05/24 星期五 00:17:53.340,1716481073340,NH-DC-NM129-B05-ROCE-Leaf-3.GPU.S9825,FourHundredGigE1/0/43,14871,51713670,8449,24106942,0.12,0.05
2024/05/24 星期五 00:17:53.966,1716481073966,NH-DC-NM129-B05-ROCE-Leaf-3.GPU.S9825,FourHundredGigE1/0/43,207900,845300452,120151,464335406,1.68,0.92
2024/05/24 星期五 00:17:54.669,1716481074669,NH-DC-NM129-B05-ROCE-Leaf-3.GPU.S9825,FourHundredGigE1/0/43,0,0,0,0,0,0
2024/05/24 星期五 00:17:55.170,1716481075170,NH-DC-NM129-B05-ROCE-Leaf-3.GPU.S9825,FourHundredGigE1/0/43,46605,153369670,41124,144733396,0.37,0.35
2024/05/24 星期五 00:17:55.710,1716481075710,NH-DC-NM129-B05-ROCE-Leaf-3.GPU.S9825,FourHundredGigE1/0/43,46756,163401728,6968,11737204,0.37,0.02
2024/05/24 星期五 00:17:56.578,1716481076578,NH-DC-NM129-B05-ROCE-Leaf-3.GPU.S9825,FourHundredGigE1/0/43,0,0,0,0,0,0
2024/05/24 星期五 00:17:57.126,1716481077126,NH-DC-NM129-B05-ROCE-Leaf-3.GPU.S9825,FourHundredGigE1/0/43,22333,81313242,13580,35952576,0.18,0.07
2024/05/24 星期五 00:17:57.756,1716481077756,NH-DC-NM129-B05-ROCE-Leaf-3.GPU.S9825,FourHundredGigE1/0/43,0,0,0,0,0,0
2024/05/24 星期五 00:17:58.316,1716481078316,NH-DC-NM129-B05-ROCE-Leaf-3.GPU.S9825,FourHundredGigE1/0/43,10223,35815130,214933,853632894,0.07,1.90
2024/05/24 星期五 00:17:58.817,1716481078817,NH-DC-NM129-B05-ROCE-Leaf-3.GPU.S9825,FourHundredGigE1/0/43,0,0,0,0,0,0
2024/05/24 星期五 00:17:59.321,1716481079321,NH-DC-NM129-B05-ROCE-Leaf-3.GPU.S9825,FourHundredGigE1/0/43,28421,109123622,30857,112838210,0.25,0.27
2024/05/24 星期五 00:18:00.117,1716481080117,NH-DC-NM129-B05-ROCE-Leaf-3.GPU.S9825,FourHundredGigE1/0/43,11619,12504082,27825,98971286,0.02,0.14
2024/05/24 星期五 00:18:00.695,1716481080695,NH-DC-NM129-B05-ROCE-Leaf-3.GPU.S9825,FourHundredGigE1/0/43,0,0,0,0,0,0
2024/05/24 星期五 00:18:01.262,1716481081262,NH-DC-NM129-B05-ROCE-Leaf-3.GPU.S9825,FourHundredGigE1/0/43,273735,1107176574,6577,11699894,2.43,0.02
2024/05/24 星期五 00:18:01.763,1716481081763,NH-DC-NM129-B05-ROCE-Leaf-3.GPU.S9825,FourHundredGigE1/0/43,0,0,0,0,0,0
2024/05/24 星期五 00:18:02.261,1716481082261,NH-DC-NM129-B05-ROCE-Leaf-3.GPU.S9825,FourHundredGigE1/0/43,17213,46401978,3706,11847052,0.10,0.03
2024/05/24 星期五 00:18:02.891,1716481082891,NH-DC-NM129-B05-ROCE-Leaf-3.GPU.S9825,FourHundredGigE1/0/43,0,0,0,0,0,0
2024/05/24 星期五 00:18:03.547,1716481083547,NH-DC-NM129-B05-ROCE-Leaf-3.GPU.S9825,FourHundredGigE1/0/43,667,140806,3750,13554464,0,0.02
2024/05/24 星期五 00:18:04.133,1716481084133,NH-DC-NM129-B05-ROCE-Leaf-3.GPU.S9825,FourHundredGigE1/0/43,19,1606,32339,120472670,0,0.26
2024/05/24 星期五 00:18:04.693,1716481084693,NH-DC-NM129-B05-ROCE-Leaf-3.GPU.S9825,FourHundredGigE1/0/43,0,0,0,0,0,0
2024/05/24 星期五 00:18:06.820,1716481086820,NH-DC-NM129-B05-ROCE-Leaf-3.GPU.S9825,FourHundredGigE1/0/43,193038,785491472,189108,772503948,0.46,0.45
2024/05/24 星期五 00:18:07.321,1716481087321,NH-DC-NM129-B05-ROCE-Leaf-3.GPU.S9825,FourHundredGigE1/0/43,633,1222186,28829,25056722,0,0.05
2024/05/24 星期五 00:18:07.919,1716481087919,NH-DC-NM129-B05-ROCE-Leaf-3.GPU.S9825,FourHundredGigE1/0/43,0,0,0,0,0,0
2024/05/24 星期五 00:18:08.423,1716481088423,NH-DC-NM129-B05-ROCE-Leaf-3.GPU.S9825,FourHundredGigE1/0/43,431193,1743968754,5629,456610,4.32,0
2024/05/24 星期五 00:18:08.924,1716481088924,NH-DC-NM129-B05-ROCE-Leaf-3.GPU.S9825,FourHundredGigE1/0/43,0,0,0,0,0,0
2024/05/24 星期五 00:18:09.426,1716481089426,NH-DC-NM129-B05-ROCE-Leaf-3.GPU.S9825,FourHundredGigE1/0/43,502,41320,9854,11977064,0,0.02
2024/05/24 星期五 00:18:10.330,1716481090330,NH-DC-NM129-B05-ROCE-Leaf-3.GPU.S9825,FourHundredGigE1/0/43,45624,3750760,94171,380819654,0,0.53
2024/05/24 星期五 00:18:10.963,1716481090963,NH-DC-NM129-B05-ROCE-Leaf-3.GPU.S9825,FourHundredGigE1/0/43,0,0,0,0,0,0
2024/05/24 星期五 00:18:11.477,1716481091477,NH-DC-NM129-B05-ROCE-Leaf-3.GPU.S9825,FourHundredGigE1/0/43,1076,87395,0,0,0,0
2024/05/24 星期五 00:18:11.978,1716481091978,NH-DC-NM129-B05-ROCE-Leaf-3.GPU.S9825,FourHundredGigE1/0/43,0,0,0,0,0,0
2024/05/24 星期五 00:18:12.489,1716481092489,NH-DC-NM129-B05-ROCE-Leaf-3.GPU.S9825,FourHundredGigE1/0/43,27914,100596992,57666,202708060,0.24,0.49
2024/05/24 星期五 00:18:13.148,1716481093148,NH-DC-NM129-B05-ROCE-Leaf-3.GPU.S9825,FourHundredGigE1/0/43,70777,231516076,22242,69383908,0.44,0.11
2024/05/24 星期五 00:18:13.753,1716481093753,NH-DC-NM129-B05-ROCE-Leaf-3.GPU.S9825,FourHundredGigE1/0/43,0,0,0,0,0,0
2024/05/24 星期五 00:18:14.392,1716481094392,NH-DC-NM129-B05-ROCE-Leaf-3.GPU.S9825,FourHundredGigE1/0/43,339435,1328668232,131391,482382862,2.58,0.94
2024/05/24 星期五 00:18:14.924,1716481094924,NH-DC-NM129-B05-ROCE-Leaf-3.GPU.S9825,FourHundredGigE1/0/43,0,0,0,0,0,0
2024/05/24 星期五 00:18:15.425,1716481095425,NH-DC-NM129-B05-ROCE-Leaf-3.GPU.S9825,FourHundredGigE1/0/43,52868,177883152,24716,90426256,0.42,0.22
2024/05/24 星期五 00:18:15.954,1716481095954,NH-DC-NM129-B05-ROCE-Leaf-3.GPU.S9825,FourHundredGigE1/0/43,0,0,0,0,0,0
2024/05/24 星期五 00:18:16.500,1716481096500,NH-DC-NM129-B05-ROCE-Leaf-3.GPU.S9825,FourHundredGigE1/0/43,22373,61008070,45925,160712166,0.14,0.37
2024/05/24 星期五 00:18:17.040,1716481097040,NH-DC-NM129-B05-ROCE-Leaf-3.GPU.S9825,FourHundredGigE1/0/43,122417,481835426,214774,859571024,1.11,1.97
2024/05/24 星期五 00:18:17.750,1716481097750,NH-DC-NM129-B05-ROCE-Leaf-3.GPU.S9825,FourHundredGigE1/0/43,0,0,0,0,0,0
2024/05/24 星期五 00:18:18.259,1716481098259,NH-DC-NM129-B05-ROCE-Leaf-3.GPU.S9825,FourHundredGigE1/0/43,37665,131205866,19679,54822986,0.32,0.12
2024/05/24 星期五 00:18:18.762,1716481098762,NH-DC-NM129-B05-ROCE-Leaf-3.GPU.S9825,FourHundredGigE1/0/43,0,0,0,0,0,0
2024/05/24 星期五 00:18:19.266,1716481099266,NH-DC-NM129-B05-ROCE-Leaf-3.GPU.S9825,FourHundredGigE1/0/43,20884,56917428,16827,51712130,0.12,0.12
2024/05/24 星期五 00:18:19.893,1716481099893,NH-DC-NM129-B05-ROCE-Leaf-3.GPU.S9825,FourHundredGigE1/0/43,0,0,0,0,0,0
2024/05/24 星期五 00:18:20.489,1716481100489,NH-DC-NM129-B05-ROCE-Leaf-3.GPU.S9825,FourHundredGigE1/0/43,10751,12432914,36433,121628570,0.02,0.25
2024/05/24 星期五 00:18:21.866,1716481101866,NH-DC-NM129-B05-ROCE-Leaf-3.GPU.S9825,FourHundredGigE1/0/43,238179,928515514,272256,1118168220,0.84,1.01
2024/05/24 星期五 00:18:22.367,1716481102367,NH-DC-NM129-B05-ROCE-Leaf-3.GPU.S9825,FourHundredGigE1/0/43,14575,35651158,17160,35289220,0.07,0.07
2024/05/24 星期五 00:18:22.927,1716481102927,NH-DC-NM129-B05-ROCE-Leaf-3.GPU.S9825,FourHundredGigE1/0/43,0,0,0,0,0,0
2024/05/24 星期五 00:18:23.429,1716481103429,NH-DC-NM129-B05-ROCE-Leaf-3.GPU.S9825,FourHundredGigE1/0/43,16908,22971556,30096,88482818,0.05,0.20
2024/05/24 星期五 00:18:24.467,1716481104467,NH-DC-NM129-B05-ROCE-Leaf-3.GPU.S9825,FourHundredGigE1/0/43,16133,43993958,21173,37957034,0.05,0.04
2024/05/24 星期五 00:18:25.036,1716481105036,NH-DC-NM129-B05-ROCE-Leaf-3.GPU.S9825,FourHundredGigE1/0/43,0,0,0,0,0,0
2024/05/24 星期五 00:18:25.540,1716481105540,NH-DC-NM129-B05-ROCE-Leaf-3.GPU.S9825,FourHundredGigE1/0/43,216250,847344140,189044,763301972,2.08,1.88
2024/05/24 星期五 00:18:26.056,1716481106056,NH-DC-NM129-B05-ROCE-Leaf-3.GPU.S9825,FourHundredGigE1/0/43,111905,407874062,12587,12191550,0.97,0.02
2024/05/24 星期五 00:18:26.599,1716481106599,NH-DC-NM129-B05-ROCE-Leaf-3.GPU.S9825,FourHundredGigE1/0/43,0,0,0,0,0,0
2024/05/24 星期五 00:18:27.130,1716481107130,NH-DC-NM129-B05-ROCE-Leaf-3.GPU.S9825,FourHundredGigE1/0/43,71882,236033480,21582,66800144,0.54,0.14
2024/05/24 星期五 00:18:27.792,1716481107792,NH-DC-NM129-B05-ROCE-Leaf-3.GPU.S9825,FourHundredGigE1/0/43,0,0,0,0,0,0
2024/05/24 星期五 00:18:28.409,1716481108409,NH-DC-NM129-B05-ROCE-Leaf-3.GPU.S9825,FourHundredGigE1/0/43,190722,761776588,487849,1959041570,1.54,3.95
2024/05/24 星期五 00:18:28.909,1716481108909,NH-DC-NM129-B05-ROCE-Leaf-3.GPU.S9825,FourHundredGigE1/0/43,0,0,0,0,0,0
2024/05/24 星期五 00:18:29.410,1716481109410,NH-DC-NM129-B05-ROCE-Leaf-3.GPU.S9825,FourHundredGigE1/0/43,25992,85840444,68463,233074638,0.20,0.57
2024/05/24 星期五 00:18:30.080,1716481110080,NH-DC-NM129-B05-ROCE-Leaf-3.GPU.S9825,FourHundredGigE1/0/43,15277,27372846,47942,128519188,0.04,0.22
2024/05/24 星期五 00:18:30.632,1716481110632,NH-DC-NM129-B05-ROCE-Leaf-3.GPU.S9825,FourHundredGigE1/0/43,0,0,0,0,0,0
2024/05/24 星期五 00:18:31.912,1716481111912,NH-DC-NM129-B05-ROCE-Leaf-3.GPU.S9825,FourHundredGigE1/0/43,55539,188328740,56182,185082888,0.18,0.18
2024/05/24 星期五 00:18:32.414,1716481112414,NH-DC-NM129-B05-ROCE-Leaf-3.GPU.S9825,FourHundredGigE1/0/43,517116,2098159850,303662,1233825764,5.20,3.06
2024/05/24 星期五 00:18:32.966,1716481112966,NH-DC-NM129-B05-ROCE-Leaf-3.GPU.S9825,FourHundredGigE1/0/43,0,0,0,0,0,0
2024/05/24 星期五 00:18:33.482,1716481113482,NH-DC-NM129-B05-ROCE-Leaf-3.GPU.S9825,FourHundredGigE1/0/43,8274,27030000,15376,23961504,0.05,0.05
2024/05/24 星期五 00:18:34.303,1716481114303,NH-DC-NM129-B05-ROCE-Leaf-3.GPU.S9825,FourHundredGigE1/0/43,4353,361142,19804,41054036,0,0.06
2024/05/24 星期五 00:18:35.093,1716481115093,NH-DC-NM129-B05-ROCE-Leaf-3.GPU.S9825,FourHundredGigE1/0/43,111417,437103890,358190,1444527080,0.68,2.28
2024/05/24 星期五 00:18:35.965,1716481115965,NH-DC-NM129-B05-ROCE-Leaf-3.GPU.S9825,FourHundredGigE1/0/43,0,0,0,0,0,0
2024/05/24 星期五 00:18:36.508,1716481116508,NH-DC-NM129-B05-ROCE-Leaf-3.GPU.S9825,FourHundredGigE1/0/43,91272,309236416,51056,182166548,0.69,0.41
2024/05/24 星期五 00:18:37.127,1716481117127,NH-DC-NM129-B05-ROCE-Leaf-3.GPU.S9825,FourHundredGigE1/0/43,20563,68420882,4222,11889412,0.12,0.02
2024/05/24 星期五 00:18:37.703,1716481117703,NH-DC-NM129-B05-ROCE-Leaf-3.GPU.S9825,FourHundredGigE1/0/43,0,0,0,0,0,0
2024/05/24 星期五 00:18:38.334,1716481118334,NH-DC-NM129-B05-ROCE-Leaf-3.GPU.S9825,FourHundredGigE1/0/43,64931,197343618,18511,56154222,0.38,0.10
2024/05/24 星期五 00:18:38.835,1716481118835,NH-DC-NM129-B05-ROCE-Leaf-3.GPU.S9825,FourHundredGigE1/0/43,0,0,0,0,0,0
2024/05/24 星期五 00:18:39.337,1716481119337,NH-DC-NM129-B05-ROCE-Leaf-3.GPU.S9825,FourHundredGigE1/0/43,274124,1087872460,363226,1474323420,2.69,3.66
2024/05/24 星期五 00:18:39.936,1716481119936,NH-DC-NM129-B05-ROCE-Leaf-3.GPU.S9825,FourHundredGigE1/0/43,7913,23772254,42630,151383240,0.04,0.31
2024/05/24 星期五 00:18:40.996,1716481120996,NH-DC-NM129-B05-ROCE-Leaf-3.GPU.S9825,FourHundredGigE1/0/43,0,0,0,0,0,0
2024/05/24 星期五 00:18:41.498,1716481121498,NH-DC-NM129-B05-ROCE-Leaf-3.GPU.S9825,FourHundredGigE1/0/43,110642,444736145,10649,21313422,1.10,0.05
2024/05/24 星期五 00:18:42.068,1716481122068,NH-DC-NM129-B05-ROCE-Leaf-3.GPU.S9825,FourHundredGigE1/0/43,48604,170989492,28480,68828764,0.37,0.13
2024/05/24 星期五 00:18:42.619,1716481122619,NH-DC-NM129-B05-ROCE-Leaf-3.GPU.S9825,FourHundredGigE1/0/43,0,0,0,0,0,0
2024/05/24 星期五 00:18:43.122,1716481123122,NH-DC-NM129-B05-ROCE-Leaf-3.GPU.S9825,FourHundredGigE1/0/43,356985,1203097910,27181,85619766,2.98,0.20
2024/05/24 星期五 00:18:43.692,1716481123692,NH-DC-NM129-B05-ROCE-Leaf-3.GPU.S9825,FourHundredGigE1/0/43,0,0,0,0,0,0
2024/05/24 星期五 00:18:44.344,1716481124344,NH-DC-NM129-B05-ROCE-Leaf-3.GPU.S9825,FourHundredGigE1/0/43,41954,26986520,6302,23227916,0.04,0.04
2024/05/24 星期五 00:18:44.954,1716481124954,NH-DC-NM129-B05-ROCE-Leaf-3.GPU.S9825,FourHundredGigE1/0/43,139490,524231266,10010,35075332,1.07,0.06
2024/05/24 星期五 00:18:45.989,1716481125989,NH-DC-NM129-B05-ROCE-Leaf-3.GPU.S9825,FourHundredGigE1/0/43,181252,656131252,243096,728502662,0.79,0.87
2024/05/24 星期五 00:18:47.599,1716481127599,NH-DC-NM129-B05-ROCE-Leaf-3.GPU.S9825,FourHundredGigE1/0/43,0,267978,0,72955830,0,0.05
2024/05/24 星期五 00:18:48.263,1716481128263,NH-DC-NM129-B05-ROCE-Leaf-3.GPU.S9825,FourHundredGigE1/0/43,16371,35694534,7238,1979992,0.06,0
2024/05/24 星期五 00:18:48.861,1716481128861,NH-DC-NM129-B05-ROCE-Leaf-3.GPU.S9825,FourHundredGigE1/0/43,0,0,0,0,0,0
2024/05/24 星期五 00:18:49.401,1716481129401,NH-DC-NM129-B05-ROCE-Leaf-3.GPU.S9825,FourHundredGigE1/0/43,34475,120456958,36228,2935504,0.28,0
2024/05/24 星期五 00:18:50.007,1716481130007,NH-DC-NM129-B05-ROCE-Leaf-3.GPU.S9825,FourHundredGigE1/0/43,98631,369643386,300859,1242770118,0.74,2.56
2024/05/24 星期五 00:18:50.588,1716481130588,NH-DC-NM129-B05-ROCE-Leaf-3.GPU.S9825,FourHundredGigE1/0/43,0,0,0,0,0,0
2024/05/24 星期五 00:18:51.317,1716481131317,NH-DC-NM129-B05-ROCE-Leaf-3.GPU.S9825,FourHundredGigE1/0/43,25801,91470106,144680,540347664,0.15,0.93
2024/05/24 星期五 00:18:51.874,1716481131874,NH-DC-NM129-B05-ROCE-Leaf-3.GPU.S9825,FourHundredGigE1/0/43,0,0,0,0,0,0
2024/05/24 星期五 00:18:52.462,1716481132462,NH-DC-NM129-B05-ROCE-Leaf-3.GPU.S9825,FourHundredGigE1/0/43,22524,71595952,84964,280726052,0.15,0.60
2024/05/24 星期五 00:18:52.994,1716481132994,NH-DC-NM129-B05-ROCE-Leaf-3.GPU.S9825,FourHundredGigE1/0/43,0,0,0,0,0,0
2024/05/24 星期五 00:18:53.571,1716481133571,NH-DC-NM129-B05-ROCE-Leaf-3.GPU.S9825,FourHundredGigE1/0/43,204677,817804982,188377,760268906,1.75,1.65
2024/05/24 星期五 00:18:54.083,1716481134083,NH-DC-NM129-B05-ROCE-Leaf-3.GPU.S9825,FourHundredGigE1/0/43,51833,164751686,185403,739500022,0.39,1.78
2024/05/24 星期五 00:18:55.022,1716481135022,NH-DC-NM129-B05-ROCE-Leaf-3.GPU.S9825,FourHundredGigE1/0/43,21272,69213116,31504,103356276,0.08,0.13
2024/05/24 星期五 00:18:55.686,1716481135686,NH-DC-NM129-B05-ROCE-Leaf-3.GPU.S9825,FourHundredGigE1/0/43,0,0,0,0,0,0
2024/05/24 星期五 00:18:56.189,1716481136189,NH-DC-NM129-B05-ROCE-Leaf-3.GPU.S9825,FourHundredGigE1/0/43,28523,105866710,54547,156230706,0.25,0.37
2024/05/24 星期五 00:18:56.793,1716481136793,NH-DC-NM129-B05-ROCE-Leaf-3.GPU.S9825,FourHundredGigE1/0/43,0,0,0,0,0,0
2024/05/24 星期五 00:18:57.308,1716481137308,NH-DC-NM129-B05-ROCE-Leaf-3.GPU.S9825,FourHundredGigE1/0/43,27853,47994110,719647,2975311730,0.10,7.21
2024/05/24 星期五 00:18:58.022,1716481138022,NH-DC-NM129-B05-ROCE-Leaf-3.GPU.S9825,FourHundredGigE1/0/43,24340,80207372,1420,106188,0.14,0
2024/05/24 星期五 00:18:58.605,1716481138605,NH-DC-NM129-B05-ROCE-Leaf-3.GPU.S9825,FourHundredGigE1/0/43,0,0,0,0,0,0
2024/05/24 星期五 00:18:59.226,1716481139226,NH-DC-NM129-B05-ROCE-Leaf-3.GPU.S9825,FourHundredGigE1/0/43,9516,14117260,19231,35447706,0.02,0.06
2024/05/24 星期五 00:18:59.778,1716481139778,NH-DC-NM129-B05-ROCE-Leaf-3.GPU.S9825,FourHundredGigE1/0/43,0,0,0,0,0,0
2024/05/24 星期五 00:19:00.284,1716481140284,NH-DC-NM129-B05-ROCE-Leaf-3.GPU.S9825,FourHundredGigE1/0/43,15278,37366752,46153,155459426,0.07,0.37
2024/05/24 星期五 00:19:00.785,1716481140785,NH-DC-NM129-B05-ROCE-Leaf-3.GPU.S9825,FourHundredGigE1/0/43,0,0,0,0,0,0
2024/05/24 星期五 00:19:01.329,1716481141329,NH-DC-NM129-B05-ROCE-Leaf-3.GPU.S9825,FourHundredGigE1/0/43,238896,888377908,291509,1176986466,2.02,2.69
2024/05/24 星期五 00:19:01.896,1716481141896,NH-DC-NM129-B05-ROCE-Leaf-3.GPU.S9825,FourHundredGigE1/0/43,0,0,0,0,0,0
2024/05/24 星期五 00:19:02.510,1716481142510,NH-DC-NM129-B05-ROCE-Leaf-3.GPU.S9825,FourHundredGigE1/0/43,35384,124186484,19051,12721434,0.24,0.02
2024/05/24 星期五 00:19:03.013,1716481143013,NH-DC-NM129-B05-ROCE-Leaf-3.GPU.S9825,FourHundredGigE1/0/43,0,0,0,0,0,0
2024/05/24 星期五 00:19:04.064,1716481144064,NH-DC-NM129-B05-ROCE-Leaf-3.GPU.S9825,FourHundredGigE1/0/43,248088,949614348,204604,778312840,1.12,0.92
2024/05/24 星期五 00:19:04.740,1716481144740,NH-DC-NM129-B05-ROCE-Leaf-3.GPU.S9825,FourHundredGigE1/0/43,0,0,0,0,0,0
2024/05/24 星期五 00:19:05.302,1716481145302,NH-DC-NM129-B05-ROCE-Leaf-3.GPU.S9825,FourHundredGigE1/0/43,5782,15234432,113011,433357530,0.02,0.96
2024/05/24 星期五 00:19:05.856,1716481145856,NH-DC-NM129-B05-ROCE-Leaf-3.GPU.S9825,FourHundredGigE1/0/43,0,0,0,0,0,0
2024/05/24 星期五 00:19:06.393,1716481146393,NH-DC-NM129-B05-ROCE-Leaf-3.GPU.S9825,FourHundredGigE1/0/43,34209,82925594,32871,80820646,0.19,0.19
2024/05/24 星期五 00:19:06.969,1716481146969,NH-DC-NM129-B05-ROCE-Leaf-3.GPU.S9825,FourHundredGigE1/0/43,0,0,0,0,0,0
2024/05/24 星期五 00:19:07.469,1716481147469,NH-DC-NM129-B05-ROCE-Leaf-3.GPU.S9825,FourHundredGigE1/0/43,85980,313293356,60292,217493404,0.78,0.52
2024/05/24 星期五 00:19:08.213,1716481148213,NH-DC-NM129-B05-ROCE-Leaf-3.GPU.S9825,FourHundredGigE1/0/43,225736,903298216,132998,504085996,1.51,0.84
2024/05/24 星期五 00:19:08.784,1716481148784,NH-DC-NM129-B05-ROCE-Leaf-3.GPU.S9825,FourHundredGigE1/0/43,0,0,0,0,0,0
2024/05/24 星期五 00:19:09.287,1716481149287,NH-DC-NM129-B05-ROCE-Leaf-3.GPU.S9825,FourHundredGigE1/0/43,28766,92644096,17040,62593644,0.22,0.15
2024/05/24 星期五 00:19:09.832,1716481149832,NH-DC-NM129-B05-ROCE-Leaf-3.GPU.S9825,FourHundredGigE1/0/43,0,0,0,0,0,0
2024/05/24 星期五 00:19:10.379,1716481150379,NH-DC-NM129-B05-ROCE-Leaf-3.GPU.S9825,FourHundredGigE1/0/43,65453,223138418,92291,305585726,0.50,0.69
2024/05/24 星期五 00:19:10.885,1716481150885,NH-DC-NM129-B05-ROCE-Leaf-3.GPU.S9825,FourHundredGigE1/0/43,0,0,0,0,0,0
2024/05/24 星期五 00:19:11.432,1716481151432,NH-DC-NM129-B05-ROCE-Leaf-3.GPU.S9825,FourHundredGigE1/0/43,112096,460521561,25126,86932580,1.05,0.18
2024/05/24 星期五 00:19:12.042,1716481152042,NH-DC-NM129-B05-ROCE-Leaf-3.GPU.S9825,FourHundredGigE1/0/43,164067,616244416,100604,383861464,1.25,0.78
2024/05/24 星期五 00:19:12.610,1716481152610,NH-DC-NM129-B05-ROCE-Leaf-3.GPU.S9825,FourHundredGigE1/0/43,0,0,0,0,0,0
2024/05/24 星期五 00:19:13.111,1716481153111,NH-DC-NM129-B05-ROCE-Leaf-3.GPU.S9825,FourHundredGigE1/0/43,22908,73923868,20941,64400574,0.17,0.15
2024/05/24 星期五 00:19:13.699,1716481153699,NH-DC-NM129-B05-ROCE-Leaf-3.GPU.S9825,FourHundredGigE1/0/43,0,0,0,0,0,0
2024/05/24 星期五 00:19:14.217,1716481154217,NH-DC-NM129-B05-ROCE-Leaf-3.GPU.S9825,FourHundredGigE1/0/43,4426,4354324,30405,110914218,0,0.27
2024/05/24 星期五 00:19:15.096,1716481155096,NH-DC-NM129-B05-ROCE-Leaf-3.GPU.S9825,FourHundredGigE1/0/43,290535,1180128654,62020,203608136,1.68,0.28
2024/05/24 星期五 00:19:15.606,1716481155606,NH-DC-NM129-B05-ROCE-Leaf-3.GPU.S9825,FourHundredGigE1/0/43,0,0,0,0,0,0
2024/05/24 星期五 00:19:16.175,1716481156175,NH-DC-NM129-B05-ROCE-Leaf-3.GPU.S9825,FourHundredGigE1/0/43,44556,135675324,59125,206242554,0.29,0.44
2024/05/24 星期五 00:19:16.732,1716481156732,NH-DC-NM129-B05-ROCE-Leaf-3.GPU.S9825,FourHundredGigE1/0/43,0,0,0,0,0,0
2024/05/24 星期五 00:19:17.234,1716481157234,NH-DC-NM129-B05-ROCE-Leaf-3.GPU.S9825,FourHundredGigE1/0/43,39317,124076734,41052,128864196,0.30,0.30
2024/05/24 星期五 00:19:17.747,1716481157747,NH-DC-NM129-B05-ROCE-Leaf-3.GPU.S9825,FourHundredGigE1/0/43,0,0,0,0,0,0
2024/05/24 星期五 00:19:18.407,1716481158407,NH-DC-NM129-B05-ROCE-Leaf-3.GPU.S9825,FourHundredGigE1/0/43,200096,772011688,4390,11911140,1.46,0.02
2024/05/24 星期五 00:19:18.935,1716481158935,NH-DC-NM129-B05-ROCE-Leaf-3.GPU.S9825,FourHundredGigE1/0/43,0,0,0,0,0,0
2024/05/24 星期五 00:19:19.436,1716481159436,NH-DC-NM129-B05-ROCE-Leaf-3.GPU.S9825,FourHundredGigE1/0/43,328586,1345167172,391575,1589971742,3.34,3.94
2024/05/24 星期五 00:19:20.040,1716481160040,NH-DC-NM129-B05-ROCE-Leaf-3.GPU.S9825,FourHundredGigE1/0/43,2539,1192182,6882,23274880,0,0.04
2024/05/24 星期五 00:19:20.554,1716481160554,NH-DC-NM129-B05-ROCE-Leaf-3.GPU.S9825,FourHundredGigE1/0/43,0,0,0,0,0,0
2024/05/24 星期五 00:19:21.055,1716481161055,NH-DC-NM129-B05-ROCE-Leaf-3.GPU.S9825,FourHundredGigE1/0/43,10989,35123334,8940,23824696,0.07,0.05
2024/05/24 星期五 00:19:21.784,1716481161784,NH-DC-NM129-B05-ROCE-Leaf-3.GPU.S9825,FourHundredGigE1/0/43,0,0,0,0,0,0
2024/05/24 星期五 00:19:26.641,1716481166641,NH-DC-NM129-B05-ROCE-Leaf-3.GPU.S9825,FourHundredGigE1/0/43,166930,652104116,295401,1143739938,0.17,0.29
2024/05/24 星期五 00:19:27.141,1716481167141,NH-DC-NM129-B05-ROCE-Leaf-3.GPU.S9825,FourHundredGigE1/0/43,49265,176962862,3614,11468644,0.42,0.02
2024/05/24 星期五 00:19:27.657,1716481167657,NH-DC-NM129-B05-ROCE-Leaf-3.GPU.S9825,FourHundredGigE1/0/43,0,0,0,0,0,0
2024/05/24 星期五 00:19:28.582,1716481168582,NH-DC-NM129-B05-ROCE-Leaf-3.GPU.S9825,FourHundredGigE1/0/43,992,151216,13606,23818488,0,0.03
2024/05/24 星期五 00:19:29.085,1716481169085,NH-DC-NM129-B05-ROCE-Leaf-3.GPU.S9825,FourHundredGigE1/0/43,55675,190328206,8780,23811408,0.47,0.05
2024/05/24 星期五 00:19:29.785,1716481169785,NH-DC-NM129-B05-ROCE-Leaf-3.GPU.S9825,FourHundredGigE1/0/43,0,0,0,0,0,0
2024/05/24 星期五 00:19:30.393,1716481170393,NH-DC-NM129-B05-ROCE-Leaf-3.GPU.S9825,FourHundredGigE1/0/43,6173,24535770,113225,467945910,0.04,0.95
2024/05/24 星期五 00:19:30.907,1716481170907,NH-DC-NM129-B05-ROCE-Leaf-3.GPU.S9825,FourHundredGigE1/0/43,0,0,0,0,0,0
2024/05/24 星期五 00:19:31.409,1716481171409,NH-DC-NM129-B05-ROCE-Leaf-3.GPU.S9825,FourHundredGigE1/0/43,18222,63881712,123230,469435524,0.15,1.15
2024/05/24 星期五 00:19:32.226,1716481172226,NH-DC-NM129-B05-ROCE-Leaf-3.GPU.S9825,FourHundredGigE1/0/43,4173,6587210,52338,162440772,0,0.24
2024/05/24 星期五 00:19:32.731,1716481172731,NH-DC-NM129-B05-ROCE-Leaf-3.GPU.S9825,FourHundredGigE1/0/43,0,0,0,0,0,0
2024/05/24 星期五 00:19:33.389,1716481173389,NH-DC-NM129-B05-ROCE-Leaf-3.GPU.S9825,FourHundredGigE1/0/43,98234,324930168,399581,1588636398,0.61,3.00
2024/05/24 星期五 00:19:34.175,1716481174175,NH-DC-NM129-B05-ROCE-Leaf-3.GPU.S9825,FourHundredGigE1/0/43,15595,36029614,36358,112338624,0.05,0.17
2024/05/24 星期五 00:19:34.730,1716481174730,NH-DC-NM129-B05-ROCE-Leaf-3.GPU.S9825,FourHundredGigE1/0/43,0,0,0,0,0,0
2024/05/24 星期五 00:19:35.500,1716481175500,NH-DC-NM129-B05-ROCE-Leaf-3.GPU.S9825,FourHundredGigE1/0/43,53736,176525032,49177,168532050,0.28,0.26
2024/05/24 星期五 00:19:36.035,1716481176035,NH-DC-NM129-B05-ROCE-Leaf-3.GPU.S9825,FourHundredGigE1/0/43,31402,104545300,18392,46791760,0.23,0.09
2024/05/24 星期五 00:19:36.589,1716481176589,NH-DC-NM129-B05-ROCE-Leaf-3.GPU.S9825,FourHundredGigE1/0/43,0,0,0,0,0,0
2024/05/24 星期五 00:19:37.197,1716481177197,NH-DC-NM129-B05-ROCE-Leaf-3.GPU.S9825,FourHundredGigE1/0/43,210319,825557030,246354,957988316,1.69,1.95
2024/05/24 星期五 00:19:37.761,1716481177761,NH-DC-NM129-B05-ROCE-Leaf-3.GPU.S9825,FourHundredGigE1/0/43,0,0,0,0,0,0
2024/05/24 星期五 00:19:38.262,1716481178262,NH-DC-NM129-B05-ROCE-Leaf-3.GPU.S9825,FourHundredGigE1/0/43,3907,337218,66956,232852172,0,0.57
2024/05/24 星期五 00:19:38.997,1716481178997,NH-DC-NM129-B05-ROCE-Leaf-3.GPU.S9825,FourHundredGigE1/0/43,13749,26209206,39558,120269624,0.03,0.20
2024/05/24 星期五 00:19:39.530,1716481179530,NH-DC-NM129-B05-ROCE-Leaf-3.GPU.S9825,FourHundredGigE1/0/43,0,0,0,0,0,0
2024/05/24 星期五 00:19:40.130,1716481180130,NH-DC-NM129-B05-ROCE-Leaf-3.GPU.S9825,FourHundredGigE1/0/43,82745,315121730,33976,105456536,0.65,0.21
2024/05/24 星期五 00:19:40.703,1716481180703,NH-DC-NM129-B05-ROCE-Leaf-3.GPU.S9825,FourHundredGigE1/0/43,0,0,0,0,0,0
2024/05/24 星期五 00:19:41.206,1716481181206,NH-DC-NM129-B05-ROCE-Leaf-3.GPU.S9825,FourHundredGigE1/0/43,17981,52473465,17871,23797330,0.12,0.05
2024/05/24 星期五 00:19:41.728,1716481181728,NH-DC-NM129-B05-ROCE-Leaf-3.GPU.S9825,FourHundredGigE1/0/43,0,0,0,0,0,0
2024/05/24 星期五 00:19:42.453,1716481182453,NH-DC-NM129-B05-ROCE-Leaf-3.GPU.S9825,FourHundredGigE1/0/43,35028,116403144,33832,99551928,0.19,0.16
2024/05/24 星期五 00:19:42.980,1716481182980,NH-DC-NM129-B05-ROCE-Leaf-3.GPU.S9825,FourHundredGigE1/0/43,0,0,0,0,0,0
2024/05/24 星期五 00:19:43.482,1716481183482,NH-DC-NM129-B05-ROCE-Leaf-3.GPU.S9825,FourHundredGigE1/0/43,40048,128803068,29126,76079672,0.30,0.17
2024/05/24 星期五 00:19:44.115,1716481184115,NH-DC-NM129-B05-ROCE-Leaf-3.GPU.S9825,FourHundredGigE1/0/43,196713,790233842,26209,64296802,1.56,0.12
2024/05/24 星期五 00:19:45.211,1716481185211,NH-DC-NM129-B05-ROCE-Leaf-3.GPU.S9825,FourHundredGigE1/0/43,88523,296725614,27615,75636890,0.33,0.08
2024/05/24 星期五 00:19:47.705,1716481187705,NH-DC-NM129-B05-ROCE-Leaf-3.GPU.S9825,FourHundredGigE1/0/43,33618,113057808,36333,100785066,0.06,0.05
2024/05/24 星期五 00:19:48.263,1716481188263,NH-DC-NM129-B05-ROCE-Leaf-3.GPU.S9825,FourHundredGigE1/0/43,279315,1107690546,213626,817231276,2.46,1.81
2024/05/24 星期五 00:19:48.821,1716481188821,NH-DC-NM129-B05-ROCE-Leaf-3.GPU.S9825,FourHundredGigE1/0/43,62795,227871618,27861,94727274,0.49,0.20
2024/05/24 星期五 00:19:49.574,1716481189574,NH-DC-NM129-B05-ROCE-Leaf-3.GPU.S9825,FourHundredGigE1/0/43,0,0,0,0,0,0
2024/05/24 星期五 00:19:50.188,1716481190188,NH-DC-NM129-B05-ROCE-Leaf-3.GPU.S9825,FourHundredGigE1/0/43,2743,372674,4371,11908062,0,0.02
2024/05/24 星期五 00:19:50.815,1716481190815,NH-DC-NM129-B05-ROCE-Leaf-3.GPU.S9825,FourHundredGigE1/0/43,0,0,0,0,0,0
2024/05/24 星期五 00:19:51.370,1716481191370,NH-DC-NM129-B05-ROCE-Leaf-3.GPU.S9825,FourHundredGigE1/0/43,64894,255432468,24789,72894582,0.56,0.16
2024/05/24 星期五 00:19:51.879,1716481191879,NH-DC-NM129-B05-ROCE-Leaf-3.GPU.S9825,FourHundredGigE1/0/43,0,0,0,0,0,0
2024/05/24 星期五 00:19:52.705,1716481192705,NH-DC-NM129-B05-ROCE-Leaf-3.GPU.S9825,FourHundredGigE1/0/43,36509,102553918,55090,185692364,0.15,0.27
2024/05/24 星期五 00:19:53.261,1716481193261,NH-DC-NM129-B05-ROCE-Leaf-3.GPU.S9825,FourHundredGigE1/0/43,22347,81196934,4265,11893166,0.18,0.02
2024/05/24 星期五 00:19:53.836,1716481193836,NH-DC-NM129-B05-ROCE-Leaf-3.GPU.S9825,FourHundredGigE1/0/43,0,0,0,0,0,0
2024/05/24 星期五 00:19:54.343,1716481194343,NH-DC-NM129-B05-ROCE-Leaf-3.GPU.S9825,FourHundredGigE1/0/43,43328,158561948,19394,60909556,0.37,0.15
2024/05/24 星期五 00:19:55.136,1716481195136,NH-DC-NM129-B05-ROCE-Leaf-3.GPU.S9825,FourHundredGigE1/0/43,322841,1309514138,152092,570293108,2.05,0.90
2024/05/24 星期五 00:19:55.767,1716481195767,NH-DC-NM129-B05-ROCE-Leaf-3.GPU.S9825,FourHundredGigE1/0/43,0,0,0,0,0,0
2024/05/24 星期五 00:19:56.455,1716481196455,NH-DC-NM129-B05-ROCE-Leaf-3.GPU.S9825,FourHundredGigE1/0/43,38171,113059702,11030,24324388,0.20,0.04
2024/05/24 星期五 00:19:56.960,1716481196960,NH-DC-NM129-B05-ROCE-Leaf-3.GPU.S9825,FourHundredGigE1/0/43,0,0,0,0,0,0
2024/05/24 星期五 00:19:57.493,1716481197493,NH-DC-NM129-B05-ROCE-Leaf-3.GPU.S9825,FourHundredGigE1/0/43,4821,403518,6468,11703468,0,0.02
2024/05/24 星期五 00:19:58.068,1716481198068,NH-DC-NM129-B05-ROCE-Leaf-3.GPU.S9825,FourHundredGigE1/0/43,16876,46937280,2952,2973516,0.09,0
2024/05/24 星期五 00:19:58.568,1716481198568,NH-DC-NM129-B05-ROCE-Leaf-3.GPU.S9825,FourHundredGigE1/0/43,0,0,0,0,0,0
2024/05/24 星期五 00:19:59.070,1716481199070,NH-DC-NM129-B05-ROCE-Leaf-3.GPU.S9825,FourHundredGigE1/0/43,191197,761456746,45636,142004784,1.89,0.35
2024/05/24 星期五 00:19:59.799,1716481199799,NH-DC-NM129-B05-ROCE-Leaf-3.GPU.S9825,FourHundredGigE1/0/43,0,0,0,0,0,0
2024/05/24 星期五 00:20:00.299,1716481200299,NH-DC-NM129-B05-ROCE-Leaf-3.GPU.S9825,FourHundredGigE1/0/43,20250,74384956,23670,72434652,0.18,0.18
2024/05/24 星期五 00:20:00.889,1716481200889,NH-DC-NM129-B05-ROCE-Leaf-3.GPU.S9825,FourHundredGigE1/0/43,0,0,0,0,0,0
2024/05/24 星期五 00:20:01.794,1716481201794,NH-DC-NM129-B05-ROCE-Leaf-3.GPU.S9825,FourHundredGigE1/0/43,166381,628969414,18411,48008854,0.86,0.06
2024/05/24 星期五 00:20:02.297,1716481202297,NH-DC-NM129-B05-ROCE-Leaf-3.GPU.S9825,FourHundredGigE1/0/43,22237,67488928,30875,108163148,0.15,0.25
2024/05/24 星期五 00:20:03.025,1716481203025,NH-DC-NM129-B05-ROCE-Leaf-3.GPU.S9825,FourHundredGigE1/0/43,0,0,0,0,0,0
2024/05/24 星期五 00:20:03.526,1716481203526,NH-DC-NM129-B05-ROCE-Leaf-3.GPU.S9825,FourHundredGigE1/0/43,174658,709469822,349256,1431767502,1.75,3.57
2024/05/24 星期五 00:20:04.078,1716481204078,NH-DC-NM129-B05-ROCE-Leaf-3.GPU.S9825,FourHundredGigE1/0/43,7,53846,6311,22853178,0,0.05
2024/05/24 星期五 00:20:04.649,1716481204649,NH-DC-NM129-B05-ROCE-Leaf-3.GPU.S9825,FourHundredGigE1/0/43,0,0,0,0,0,0
2024/05/24 星期五 00:20:05.154,1716481205154,NH-DC-NM129-B05-ROCE-Leaf-3.GPU.S9825,FourHundredGigE1/0/43,4652,11713012,4726,11930856,0.02,0.02
2024/05/24 星期五 00:20:05.654,1716481205654,NH-DC-NM129-B05-ROCE-Leaf-3.GPU.S9825,FourHundredGigE1/0/43,0,0,0,0,0,0
2024/05/24 星期五 00:20:06.477,1716481206477,NH-DC-NM129-B05-ROCE-Leaf-3.GPU.S9825,FourHundredGigE1/0/43,419196,1618603778,367964,1487574460,2.45,2.25
2024/05/24 星期五 00:20:06.996,1716481206996,NH-DC-NM129-B05-ROCE-Leaf-3.GPU.S9825,FourHundredGigE1/0/43,0,0,0,0,0,0
2024/05/24 星期五 00:20:07.515,1716481207515,NH-DC-NM129-B05-ROCE-Leaf-3.GPU.S9825,FourHundredGigE1/0/43,314426,1175802306,178636,737766264,2.82,1.76
2024/05/24 星期五 00:20:08.175,1716481208175,NH-DC-NM129-B05-ROCE-Leaf-3.GPU.S9825,FourHundredGigE1/0/43,41965,148437738,51319,177509258,0.27,0.32
2024/05/24 星期五 00:20:08.686,1716481208686,NH-DC-NM129-B05-ROCE-Leaf-3.GPU.S9825,FourHundredGigE1/0/43,0,0,0,0,0,0
2024/05/24 星期五 00:20:09.190,1716481209190,NH-DC-NM129-B05-ROCE-Leaf-3.GPU.S9825,FourHundredGigE1/0/43,49658,19646540,19947,12785278,0.02,0.02
2024/05/24 星期五 00:20:09.906,1716481209906,NH-DC-NM129-B05-ROCE-Leaf-3.GPU.S9825,FourHundredGigE1/0/43,0,0,0,0,0,0
2024/05/24 星期五 00:20:10.418,1716481210418,NH-DC-NM129-B05-ROCE-Leaf-3.GPU.S9825,FourHundredGigE1/0/43,189114,761508784,15861,59976158,1.86,0.12
2024/05/24 星期五 00:20:10.945,1716481210945,NH-DC-NM129-B05-ROCE-Leaf-3.GPU.S9825,FourHundredGigE1/0/43,0,0,0,0,0,0
2024/05/24 星期五 00:20:11.474,1716481211474,NH-DC-NM129-B05-ROCE-Leaf-3.GPU.S9825,FourHundredGigE1/0/43,25803,88899073,3608,293220,0.19,0
2024/05/24 星期五 00:20:12.038,1716481212038,NH-DC-NM129-B05-ROCE-Leaf-3.GPU.S9825,FourHundredGigE1/0/43,0,0,0,0,0,0
2024/05/24 星期五 00:20:12.538,1716481212538,NH-DC-NM129-B05-ROCE-Leaf-3.GPU.S9825,FourHundredGigE1/0/43,33560,14307936,73031,242778898,0.02,0.6
2024/05/24 星期五 00:20:13.179,1716481213179,NH-DC-NM129-B05-ROCE-Leaf-3.GPU.S9825,FourHundredGigE1/0/43,49057,171027522,5844,12015220,0.33,0.02
2024/05/24 星期五 00:20:13.723,1716481213723,NH-DC-NM129-B05-ROCE-Leaf-3.GPU.S9825,FourHundredGigE1/0/43,0,0,0,0,0,0
2024/05/24 星期五 00:20:14.221,1716481214221,NH-DC-NM129-B05-ROCE-Leaf-3.GPU.S9825,FourHundredGigE1/0/43,486,97348,109950,393660316,0,0.98
2024/05/24 星期五 00:20:14.865,1716481214865,NH-DC-NM129-B05-ROCE-Leaf-3.GPU.S9825,FourHundredGigE1/0/43,0,0,0,0,0,0
2024/05/24 星期五 00:20:15.369,1716481215369,NH-DC-NM129-B05-ROCE-Leaf-3.GPU.S9825,FourHundredGigE1/0/43,64768,242750352,3618,11464804,0.60,0.02
2024/05/24 星期五 00:20:15.870,1716481215870,NH-DC-NM129-B05-ROCE-Leaf-3.GPU.S9825,FourHundredGigE1/0/43,75090,301409324,7270,597696,0.75,0
2024/05/24 星期五 00:20:16.669,1716481216669,NH-DC-NM129-B05-ROCE-Leaf-3.GPU.S9825,FourHundredGigE1/0/43,0,0,0,0,0,0
2024/05/24 星期五 00:20:17.169,1716481217169,NH-DC-NM129-B05-ROCE-Leaf-3.GPU.S9825,FourHundredGigE1/0/43,37704,134132460,136290,511858912,0.32,1.28
2024/05/24 星期五 00:20:17.674,1716481217674,NH-DC-NM129-B05-ROCE-Leaf-3.GPU.S9825,FourHundredGigE1/0/43,0,0,0,0,0,0
2024/05/24 星期五 00:20:18.272,1716481218272,NH-DC-NM129-B05-ROCE-Leaf-3.GPU.S9825,FourHundredGigE1/0/43,6365,21465906,8634,12260768,0.04,0.02
2024/05/24 星期五 00:20:19.349,1716481219349,NH-DC-NM129-B05-ROCE-Leaf-3.GPU.S9825,FourHundredGigE1/0/43,18224,52476392,6812,23269416,0.06,0.02
2024/05/24 星期五 00:20:20.015,1716481220015,NH-DC-NM129-B05-ROCE-Leaf-3.GPU.S9825,FourHundredGigE1/0/43,12359,34471030,20599,67664162,0.06,0.11
2024/05/24 星期五 00:20:20.550,1716481220550,NH-DC-NM129-B05-ROCE-Leaf-3.GPU.S9825,FourHundredGigE1/0/43,0,0,0,0,0,0
2024/05/24 星期五 00:20:21.050,1716481221050,NH-DC-NM129-B05-ROCE-Leaf-3.GPU.S9825,FourHundredGigE1/0/43,366904,1473833248,189846,750234640,3.68,1.88
2024/05/24 星期五 00:20:21.630,1716481221630,NH-DC-NM129-B05-ROCE-Leaf-3.GPU.S9825,FourHundredGigE1/0/43,0,0,0,0,0,0
2024/05/24 星期五 00:20:22.208,1716481222208,NH-DC-NM129-B05-ROCE-Leaf-3.GPU.S9825,FourHundredGigE1/0/43,13333,36764202,25400,88024536,0.06,0.17
2024/05/24 星期五 00:20:22.737,1716481222737,NH-DC-NM129-B05-ROCE-Leaf-3.GPU.S9825,FourHundredGigE1/0/43,0,0,0,0,0,0
2024/05/24 星期五 00:20:23.285,1716481223285,NH-DC-NM129-B05-ROCE-Leaf-3.GPU.S9825,FourHundredGigE1/0/43,34237,121280594,126986,426176104,0.27,0.96
2024/05/24 星期五 00:20:24.066,1716481224066,NH-DC-NM129-B05-ROCE-Leaf-3.GPU.S9825,FourHundredGigE1/0/43,441093,1761327584,206301,812395544,2.82,1.30
2024/05/24 星期五 00:20:24.656,1716481224656,NH-DC-NM129-B05-ROCE-Leaf-3.GPU.S9825,FourHundredGigE1/0/43,0,0,0,0,0,0
2024/05/24 星期五 00:20:25.179,1716481225179,NH-DC-NM129-B05-ROCE-Leaf-3.GPU.S9825,FourHundredGigE1/0/43,27820,110115742,68367,247681658,0.26,0.57
2024/05/24 星期五 00:20:26.379,1716481226379,NH-DC-NM129-B05-ROCE-Leaf-3.GPU.S9825,FourHundredGigE1/0/43,65649,224301350,41127,135449596,0.23,0.14
2024/05/24 星期五 00:20:26.889,1716481226889,NH-DC-NM129-B05-ROCE-Leaf-3.GPU.S9825,FourHundredGigE1/0/43,0,0,0,0,0,0
2024/05/24 星期五 00:20:27.391,1716481227391,NH-DC-NM129-B05-ROCE-Leaf-3.GPU.S9825,FourHundredGigE1/0/43,14014,36677220,5916,15529244,0.07,0.02
2024/05/24 星期五 00:20:27.932,1716481227932,NH-DC-NM129-B05-ROCE-Leaf-3.GPU.S9825,FourHundredGigE1/0/43,0,0,0,0,0,0
2024/05/24 星期五 00:20:28.544,1716481228544,NH-DC-NM129-B05-ROCE-Leaf-3.GPU.S9825,FourHundredGigE1/0/43,96070,369499956,153704,554972012,0.74,1.12
2024/05/24 星期五 00:20:29.045,1716481229045,NH-DC-NM129-B05-ROCE-Leaf-3.GPU.S9825,FourHundredGigE1/0/43,25633,92120438,35605,120532586,0.22,0.30
2024/05/24 星期五 00:20:29.709,1716481229709,NH-DC-NM129-B05-ROCE-Leaf-3.GPU.S9825,FourHundredGigE1/0/43,0,0,0,0,0,0
2024/05/24 星期五 00:20:30.282,1716481230282,NH-DC-NM129-B05-ROCE-Leaf-3.GPU.S9825,FourHundredGigE1/0/43,24975,80170962,48798,170564796,0.17,0.37
2024/05/24 星期五 00:20:30.783,1716481230783,NH-DC-NM129-B05-ROCE-Leaf-3.GPU.S9825,FourHundredGigE1/0/43,0,0,0,0,0,0
2024/05/24 星期五 00:20:31.283,1716481231283,NH-DC-NM129-B05-ROCE-Leaf-3.GPU.S9825,FourHundredGigE1/0/43,137700,548836494,250509,1013040712,1.35,2.52
2024/05/24 星期五 00:20:31.952,1716481231952,NH-DC-NM129-B05-ROCE-Leaf-3.GPU.S9825,FourHundredGigE1/0/43,77710,255167934,164374,637964730,0.47,1.18
2024/05/24 星期五 00:20:32.638,1716481232638,NH-DC-NM129-B05-ROCE-Leaf-3.GPU.S9825,FourHundredGigE1/0/43,0,0,0,0,0,0
2024/05/24 星期五 00:20:33.144,1716481233144,NH-DC-NM129-B05-ROCE-Leaf-3.GPU.S9825,FourHundredGigE1/0/43,7869,23763430,38481,101575894,0.05,0.25
2024/05/24 星期五 00:20:33.816,1716481233816,NH-DC-NM129-B05-ROCE-Leaf-3.GPU.S9825,FourHundredGigE1/0/43,0,0,0,0,0,0
2024/05/24 星期五 00:20:34.448,1716481234448,NH-DC-NM129-B05-ROCE-Leaf-3.GPU.S9825,FourHundredGigE1/0/43,34033,85349522,63644,229408944,0.16,0.44
2024/05/24 星期五 00:20:35.066,1716481235066,NH-DC-NM129-B05-ROCE-Leaf-3.GPU.S9825,FourHundredGigE1/0/43,156830,593942044,666716,2699134660,1.19,5.44
2024/05/24 星期五 00:20:35.796,1716481235796,NH-DC-NM129-B05-ROCE-Leaf-3.GPU.S9825,FourHundredGigE1/0/43,0,0,0,0,0,0
2024/05/24 星期五 00:20:36.423,1716481236423,NH-DC-NM129-B05-ROCE-Leaf-3.GPU.S9825,FourHundredGigE1/0/43,59834,210451472,65075,237714690,0.42,0.46
2024/05/24 星期五 00:20:36.988,1716481236988,NH-DC-NM129-B05-ROCE-Leaf-3.GPU.S9825,FourHundredGigE1/0/43,108782,353960080,19955,35505554,0.77,0.07
2024/05/24 星期五 00:20:37.535,1716481237535,NH-DC-NM129-B05-ROCE-Leaf-3.GPU.S9825,FourHundredGigE1/0/43,0,0,0,0,0,0
2024/05/24 星期五 00:20:38.042,1716481238042,NH-DC-NM129-B05-ROCE-Leaf-3.GPU.S9825,FourHundredGigE1/0/43,0,0,0,0,0,0
2024/05/24 星期五 00:20:38.594,1716481238594,NH-DC-NM129-B05-ROCE-Leaf-3.GPU.S9825,FourHundredGigE1/0/43,34118,126116716,41903,113263942,0.27,0.25
2024/05/24 星期五 00:20:39.390,1716481239390,NH-DC-NM129-B05-ROCE-Leaf-3.GPU.S9825,FourHundredGigE1/0/43,203947,794710350,267340,1106599496,1.24,1.73
2024/05/24 星期五 00:20:39.968,1716481239968,NH-DC-NM129-B05-ROCE-Leaf-3.GPU.S9825,FourHundredGigE1/0/43,34080,101596952,33682,110710968,0.22,0.24
2024/05/24 星期五 00:20:40.534,1716481240534,NH-DC-NM129-B05-ROCE-Leaf-3.GPU.S9825,FourHundredGigE1/0/43,0,0,0,0,0,0
2024/05/24 星期五 00:20:41.039,1716481241039,NH-DC-NM129-B05-ROCE-Leaf-3.GPU.S9825,FourHundredGigE1/0/43,0,0,0,0,0,0
2024/05/24 星期五 00:20:41.543,1716481241543,NH-DC-NM129-B05-ROCE-Leaf-3.GPU.S9825,FourHundredGigE1/0/43,24051,82460097,45014,143474732,0.20,0.35
2024/05/24 星期五 00:20:42.107,1716481242107,NH-DC-NM129-B05-ROCE-Leaf-3.GPU.S9825,FourHundredGigE1/0/43,18884,64095524,185548,749884656,0.13,1.64
2024/05/24 星期五 00:20:42.897,1716481242897,NH-DC-NM129-B05-ROCE-Leaf-3.GPU.S9825,FourHundredGigE1/0/43,0,0,0,0,0,0
2024/05/24 星期五 00:20:43.397,1716481243397,NH-DC-NM129-B05-ROCE-Leaf-3.GPU.S9825,FourHundredGigE1/0/43,72282,254185500,3580,290936,0.62,0
2024/05/24 星期五 00:20:43.963,1716481243963,NH-DC-NM129-B05-ROCE-Leaf-3.GPU.S9825,FourHundredGigE1/0/43,0,0,0,0,0,0
2024/05/24 星期五 00:20:44.463,1716481244463,NH-DC-NM129-B05-ROCE-Leaf-3.GPU.S9825,FourHundredGigE1/0/43,24293,34937070,3726,11848844,0.08,0.02
2024/05/24 星期五 00:20:44.968,1716481244968,NH-DC-NM129-B05-ROCE-Leaf-3.GPU.S9825,FourHundredGigE1/0/43,42376,151741056,156409,569300106,0.37,1.39
2024/05/24 星期五 00:20:46.096,1716481246096,NH-DC-NM129-B05-ROCE-Leaf-3.GPU.S9825,FourHundredGigE1/0/43,121960,312052204,25974,47162080,0.34,0.04
2024/05/24 星期五 00:20:47.913,1716481247913,NH-DC-NM129-B05-ROCE-Leaf-3.GPU.S9825,FourHundredGigE1/0/43,0,0,0,0,0,0
2024/05/24 星期五 00:20:48.421,1716481248421,NH-DC-NM129-B05-ROCE-Leaf-3.GPU.S9825,FourHundredGigE1/0/43,26831,98817654,22449,36086858,0.22,0.07
2024/05/24 星期五 00:20:48.922,1716481248922,NH-DC-NM129-B05-ROCE-Leaf-3.GPU.S9825,FourHundredGigE1/0/43,36570,91456500,120948,463133660,0.22,1.15
2024/05/24 星期五 00:20:49.822,1716481249822,NH-DC-NM129-B05-ROCE-Leaf-3.GPU.S9825,FourHundredGigE1/0/43,0,0,0,0,0,0
2024/05/24 星期五 00:20:50.383,1716481250383,NH-DC-NM129-B05-ROCE-Leaf-3.GPU.S9825,FourHundredGigE1/0/43,37759,120681710,121327,491317158,0.27,1.09
2024/05/24 星期五 00:20:51.131,1716481251131,NH-DC-NM129-B05-ROCE-Leaf-3.GPU.S9825,FourHundredGigE1/0/43,5152,13841196,1825,148730,0.02,0
2024/05/24 星期五 00:20:51.688,1716481251688,NH-DC-NM129-B05-ROCE-Leaf-3.GPU.S9825,FourHundredGigE1/0/43,0,0,0,0,0,0
2024/05/24 星期五 00:20:52.189,1716481252189,NH-DC-NM129-B05-ROCE-Leaf-3.GPU.S9825,FourHundredGigE1/0/43,18765,70329886,143148,473299984,0.17,1.17
2024/05/24 星期五 00:20:52.760,1716481252760,NH-DC-NM129-B05-ROCE-Leaf-3.GPU.S9825,FourHundredGigE1/0/43,0,0,0,0,0,0
2024/05/24 星期五 00:20:53.401,1716481253401,NH-DC-NM129-B05-ROCE-Leaf-3.GPU.S9825,FourHundredGigE1/0/43,167611,662103258,188459,752646857,1.29,1.46
2024/05/24 星期五 00:20:54.023,1716481254023,NH-DC-NM129-B05-ROCE-Leaf-3.GPU.S9825,FourHundredGigE1/0/43,6947,583682,73710,271378264,0,0.54
2024/05/24 星期五 00:20:54.736,1716481254736,NH-DC-NM129-B05-ROCE-Leaf-3.GPU.S9825,FourHundredGigE1/0/43,0,0,0,0,0,0
2024/05/24 星期五 00:20:55.346,1716481255346,NH-DC-NM129-B05-ROCE-Leaf-3.GPU.S9825,FourHundredGigE1/0/43,19190,65253524,33673,104295274,0.12,0.20
2024/05/24 星期五 00:20:55.938,1716481255938,NH-DC-NM129-B05-ROCE-Leaf-3.GPU.S9825,FourHundredGigE1/0/43,36997,131833914,48891,136750954,0.27,0.27
2024/05/24 星期五 00:20:56.799,1716481256799,NH-DC-NM129-B05-ROCE-Leaf-3.GPU.S9825,FourHundredGigE1/0/43,110164,433037784,110052,428240860,0.62,0.61
2024/05/24 星期五 00:20:57.697,1716481257697,NH-DC-NM129-B05-ROCE-Leaf-3.GPU.S9825,FourHundredGigE1/0/43,0,0,0,0,0,0
2024/05/24 星期五 00:20:58.198,1716481258198,NH-DC-NM129-B05-ROCE-Leaf-3.GPU.S9825,FourHundredGigE1/0/43,18180,61961352,39048,128578832,0.15,0.30
2024/05/24 星期五 00:20:58.746,1716481258746,NH-DC-NM129-B05-ROCE-Leaf-3.GPU.S9825,FourHundredGigE1/0/43,0,0,0,0,0,0
2024/05/24 星期五 00:20:59.322,1716481259322,NH-DC-NM129-B05-ROCE-Leaf-3.GPU.S9825,FourHundredGigE1/0/43,9592,26428008,1549,127378,0.04,0
2024/05/24 星期五 00:20:59.823,1716481259823,NH-DC-NM129-B05-ROCE-Leaf-3.GPU.S9825,FourHundredGigE1/0/43,0,0,0,0,0,0
2024/05/24 星期五 00:21:00.326,1716481260326,NH-DC-NM129-B05-ROCE-Leaf-3.GPU.S9825,FourHundredGigE1/0/43,31064,75669246,25125,89885006,0.17,0.20
2024/05/24 星期五 00:21:01.171,1716481261171,NH-DC-NM129-B05-ROCE-Leaf-3.GPU.S9825,FourHundredGigE1/0/43,184644,730672486,224377,892773414,1.08,1.32
2024/05/24 星期五 00:21:01.674,1716481261674,NH-DC-NM129-B05-ROCE-Leaf-3.GPU.S9825,FourHundredGigE1/0/43,0,0,0,0,0,0
2024/05/24 星期五 00:21:02.178,1716481262178,NH-DC-NM129-B05-ROCE-Leaf-3.GPU.S9825,FourHundredGigE1/0/43,6476,12157500,44071,135262162,0.02,0.32
2024/05/24 星期五 00:21:02.750,1716481262750,NH-DC-NM129-B05-ROCE-Leaf-3.GPU.S9825,FourHundredGigE1/0/43,0,0,0,0,0,0
2024/05/24 星期五 00:21:03.250,1716481263250,NH-DC-NM129-B05-ROCE-Leaf-3.GPU.S9825,FourHundredGigE1/0/43,71400,235053780,36629,133809530,0.58,0.32
2024/05/24 星期五 00:21:03.903,1716481263903,NH-DC-NM129-B05-ROCE-Leaf-3.GPU.S9825,FourHundredGigE1/0/43,313016,1230367628,8004,2360624,2.35,0
2024/05/24 星期五 00:21:04.745,1716481264745,NH-DC-NM129-B05-ROCE-Leaf-3.GPU.S9825,FourHundredGigE1/0/43,0,0,0,0,0,0
2024/05/24 星期五 00:21:05.247,1716481265247,NH-DC-NM129-B05-ROCE-Leaf-3.GPU.S9825,FourHundredGigE1/0/43,11949,23865178,32760,116322384,0.05,0.27
2024/05/24 星期五 00:21:05.815,1716481265815,NH-DC-NM129-B05-ROCE-Leaf-3.GPU.S9825,FourHundredGigE1/0/43,0,0,0,0,0,0
2024/05/24 星期五 00:21:06.326,1716481266326,NH-DC-NM129-B05-ROCE-Leaf-3.GPU.S9825,FourHundredGigE1/0/43,7035,26582634,34815,101175498,0.05,0.24
2024/05/24 星期五 00:21:06.829,1716481266829,NH-DC-NM129-B05-ROCE-Leaf-3.GPU.S9825,FourHundredGigE1/0/43,0,0,0,0,0,0
2024/05/24 星期五 00:21:07.351,1716481267351,NH-DC-NM129-B05-ROCE-Leaf-3.GPU.S9825,FourHundredGigE1/0/43,72345,259793054,13378,23793660,0.60,0.05
2024/05/24 星期五 00:21:08.229,1716481268229,NH-DC-NM129-B05-ROCE-Leaf-3.GPU.S9825,FourHundredGigE1/0/43,98621,393235550,32863,119422806,0.56,0.16
2024/05/24 星期五 00:21:08.730,1716481268730,NH-DC-NM129-B05-ROCE-Leaf-3.GPU.S9825,FourHundredGigE1/0/43,0,0,0,0,0,0
2024/05/24 星期五 00:21:09.334,1716481269334,NH-DC-NM129-B05-ROCE-Leaf-3.GPU.S9825,FourHundredGigE1/0/43,4894,15651640,241888,946799256,0.02,1.95
2024/05/24 星期五 00:21:09.879,1716481269879,NH-DC-NM129-B05-ROCE-Leaf-3.GPU.S9825,FourHundredGigE1/0/43,0,0,0,0,0,0
2024/05/24 星期五 00:21:10.396,1716481270396,NH-DC-NM129-B05-ROCE-Leaf-3.GPU.S9825,FourHundredGigE1/0/43,9309,23651298,62819,213620666,0.05,0.51
2024/05/24 星期五 00:21:10.920,1716481270920,NH-DC-NM129-B05-ROCE-Leaf-3.GPU.S9825,FourHundredGigE1/0/43,13347,12410933,587214,2383782252,0.02,5.68
2024/05/24 星期五 00:21:12.581,1716481272581,NH-DC-NM129-B05-ROCE-Leaf-3.GPU.S9825,FourHundredGigE1/0/43,14759,37965594,198266,801905248,0.02,0.60
2024/05/24 星期五 00:21:13.082,1716481273082,NH-DC-NM129-B05-ROCE-Leaf-3.GPU.S9825,FourHundredGigE1/0/43,0,0,0,0,0,0
2024/05/24 星期五 00:21:13.591,1716481273591,NH-DC-NM129-B05-ROCE-Leaf-3.GPU.S9825,FourHundredGigE1/0/43,41175,140007114,27794,74473084,0.34,0.17
2024/05/24 星期五 00:21:14.628,1716481274628,NH-DC-NM129-B05-ROCE-Leaf-3.GPU.S9825,FourHundredGigE1/0/43,5348,11764720,8731,11880242,0.01,0.01
2024/05/24 星期五 00:21:15.198,1716481275198,NH-DC-NM129-B05-ROCE-Leaf-3.GPU.S9825,FourHundredGigE1/0/43,256007,958667610,275923,1119931678,2.08,2.43
2024/05/24 星期五 00:21:15.787,1716481275787,NH-DC-NM129-B05-ROCE-Leaf-3.GPU.S9825,FourHundredGigE1/0/43,0,0,0,0,0,0
2024/05/24 星期五 00:21:16.346,1716481276346,NH-DC-NM129-B05-ROCE-Leaf-3.GPU.S9825,FourHundredGigE1/0/43,37147,92353282,10443,24357138,0.20,0.04
2024/05/24 星期五 00:21:17.614,1716481277614,NH-DC-NM129-B05-ROCE-Leaf-3.GPU.S9825,FourHundredGigE1/0/43,30868,74423740,77296,279875924,0.07,0.27
2024/05/24 星期五 00:21:18.402,1716481278402,NH-DC-NM129-B05-ROCE-Leaf-3.GPU.S9825,FourHundredGigE1/0/43,43437,124338690,35658,105003200,0.19,0.16
2024/05/24 星期五 00:21:19.007,1716481279007,NH-DC-NM129-B05-ROCE-Leaf-3.GPU.S9825,FourHundredGigE1/0/43,77946,292620556,289181,1166004722,0.60,2.40
2024/05/24 星期五 00:21:19.585,1716481279585,NH-DC-NM129-B05-ROCE-Leaf-3.GPU.S9825,FourHundredGigE1/0/43,0,0,0,0,0,0
2024/05/24 星期五 00:21:20.092,1716481280092,NH-DC-NM129-B05-ROCE-Leaf-3.GPU.S9825,FourHundredGigE1/0/43,6696,12105178,55354,191753076,0.02,0.47
2024/05/24 星期五 00:21:20.634,1716481280634,NH-DC-NM129-B05-ROCE-Leaf-3.GPU.S9825,FourHundredGigE1/0/43,0,0,0,0,0,0
2024/05/24 星期五 00:21:21.133,1716481281133,NH-DC-NM129-B05-ROCE-Leaf-3.GPU.S9825,FourHundredGigE1/0/43,1608,269118,13140,34579372,0,0.08
2024/05/24 星期五 00:21:21.935,1716481281935,NH-DC-NM129-B05-ROCE-Leaf-3.GPU.S9825,FourHundredGigE1/0/43,0,0,0,0,0,0
2024/05/24 星期五 00:21:22.539,1716481282539,NH-DC-NM129-B05-ROCE-Leaf-3.GPU.S9825,FourHundredGigE1/0/43,39173,134852234,189174,749807372,0.27,1.53
2024/05/24 星期五 00:21:23.200,1716481283200,NH-DC-NM129-B05-ROCE-Leaf-3.GPU.S9825,FourHundredGigE1/0/43,10367,38106346,23503,84335706,0.06,0.15
2024/05/24 星期五 00:21:23.902,1716481283902,NH-DC-NM129-B05-ROCE-Leaf-3.GPU.S9825,FourHundredGigE1/0/43,4262,17113004,97875,351465398,0.02,0.62
2024/05/24 星期五 00:21:24.524,1716481284524,NH-DC-NM129-B05-ROCE-Leaf-3.GPU.S9825,FourHundredGigE1/0/43,0,0,0,0,0,0
2024/05/24 星期五 00:21:25.116,1716481285116,NH-DC-NM129-B05-ROCE-Leaf-3.GPU.S9825,FourHundredGigE1/0/43,11629,35172242,526,59756,0.06,0
2024/05/24 星期五 00:21:25.777,1716481285777,NH-DC-NM129-B05-ROCE-Leaf-3.GPU.S9825,FourHundredGigE1/0/43,0,0,0,0,0,0
2024/05/24 星期五 00:21:26.314,1716481286314,NH-DC-NM129-B05-ROCE-Leaf-3.GPU.S9825,FourHundredGigE1/0/43,94333,369288618,280010,1096347924,0.84,2.54
2024/05/24 星期五 00:21:26.815,1716481286815,NH-DC-NM129-B05-ROCE-Leaf-3.GPU.S9825,FourHundredGigE1/0/43,0,0,0,0,0,0
2024/05/24 星期五 00:21:27.317,1716481287317,NH-DC-NM129-B05-ROCE-Leaf-3.GPU.S9825,FourHundredGigE1/0/43,33463,111053926,51766,182792404,0.27,0.45
2024/05/24 星期五 00:21:28.639,1716481288639,NH-DC-NM129-B05-ROCE-Leaf-3.GPU.S9825,FourHundredGigE1/0/43,6783,23218714,104909,354874618,0.02,0.33
2024/05/24 星期五 00:21:29.275,1716481289275,NH-DC-NM129-B05-ROCE-Leaf-3.GPU.S9825,FourHundredGigE1/0/43,121651,447800174,20221,66086790,0.86,0.12
2024/05/24 星期五 00:21:29.820,1716481289820,NH-DC-NM129-B05-ROCE-Leaf-3.GPU.S9825,FourHundredGigE1/0/43,0,0,0,0,0,0
2024/05/24 星期五 00:21:30.341,1716481290341,NH-DC-NM129-B05-ROCE-Leaf-3.GPU.S9825,FourHundredGigE1/0/43,14579,47260356,626568,2593467884,0.10,6.21
2024/05/24 星期五 00:21:30.913,1716481290913,NH-DC-NM129-B05-ROCE-Leaf-3.GPU.S9825,FourHundredGigE1/0/43,0,0,0,0,0,0
2024/05/24 星期五 00:21:32.276,1716481292276,NH-DC-NM129-B05-ROCE-Leaf-3.GPU.S9825,FourHundredGigE1/0/43,30444,106153342,138499,368593162,0.09,0.33
2024/05/24 星期五 00:21:32.847,1716481292847,NH-DC-NM129-B05-ROCE-Leaf-3.GPU.S9825,FourHundredGigE1/0/43,0,0,0,0,0,0
2024/05/24 星期五 00:21:33.351,1716481293351,NH-DC-NM129-B05-ROCE-Leaf-3.GPU.S9825,FourHundredGigE1/0/43,347683,1435007382,376444,1496142316,3.55,3.70
2024/05/24 星期五 00:21:34.114,1716481294114,NH-DC-NM129-B05-ROCE-Leaf-3.GPU.S9825,FourHundredGigE1/0/43,20391,72321022,18992,59230708,0.11,0.08
2024/05/24 星期五 00:21:34.983,1716481294983,NH-DC-NM129-B05-ROCE-Leaf-3.GPU.S9825,FourHundredGigE1/0/43,0,0,0,0,0,0
2024/05/24 星期五 00:21:35.554,1716481295554,NH-DC-NM129-B05-ROCE-Leaf-3.GPU.S9825,FourHundredGigE1/0/43,21900,86167772,32484,86119988,0.18,0.18
2024/05/24 星期五 00:21:36.228,1716481296228,NH-DC-NM129-B05-ROCE-Leaf-3.GPU.S9825,FourHundredGigE1/0/43,23449,78554034,27928,87153392,0.13,0.15
2024/05/24 星期五 00:21:36.738,1716481296738,NH-DC-NM129-B05-ROCE-Leaf-3.GPU.S9825,FourHundredGigE1/0/43,0,0,0,0,0,0
2024/05/24 星期五 00:21:37.241,1716481297241,NH-DC-NM129-B05-ROCE-Leaf-3.GPU.S9825,FourHundredGigE1/0/43,95766,380963620,254875,1026725074,0.94,2.53
2024/05/24 星期五 00:21:37.878,1716481297878,NH-DC-NM129-B05-ROCE-Leaf-3.GPU.S9825,FourHundredGigE1/0/43,0,0,0,0,0,0
2024/05/24 星期五 00:21:38.503,1716481298503,NH-DC-NM129-B05-ROCE-Leaf-3.GPU.S9825,FourHundredGigE1/0/43,51160,168161954,13733,20137442,0.32,0.04
2024/05/24 星期五 00:21:39.148,1716481299148,NH-DC-NM129-B05-ROCE-Leaf-3.GPU.S9825,FourHundredGigE1/0/43,49777,164587424,32164,95459868,0.31,0.17
2024/05/24 星期五 00:21:39.839,1716481299839,NH-DC-NM129-B05-ROCE-Leaf-3.GPU.S9825,FourHundredGigE1/0/43,0,0,0,0,0,0
2024/05/24 星期五 00:21:40.341,1716481300341,NH-DC-NM129-B05-ROCE-Leaf-3.GPU.S9825,FourHundredGigE1/0/43,38069,105503346,28994,73025928,0.25,0.17
2024/05/24 星期五 00:21:40.854,1716481300854,NH-DC-NM129-B05-ROCE-Leaf-3.GPU.S9825,FourHundredGigE1/0/43,0,0,0,0,0,0
2024/05/24 星期五 00:21:41.381,1716481301381,NH-DC-NM129-B05-ROCE-Leaf-3.GPU.S9825,FourHundredGigE1/0/43,153090,576888075,36529,114428786,1.35,0.26
2024/05/24 星期五 00:21:41.951,1716481301951,NH-DC-NM129-B05-ROCE-Leaf-3.GPU.S9825,FourHundredGigE1/0/43,0,0,0,0,0,0
2024/05/24 星期五 00:21:42.500,1716481302500,NH-DC-NM129-B05-ROCE-Leaf-3.GPU.S9825,FourHundredGigE1/0/43,19308,60901592,12057,35947702,0.14,0.07
2024/05/24 星期五 00:21:43.200,1716481303200,NH-DC-NM129-B05-ROCE-Leaf-3.GPU.S9825,FourHundredGigE1/0/43,20398,67698172,12250,23162144,0.11,0.04
2024/05/24 星期五 00:21:43.701,1716481303701,NH-DC-NM129-B05-ROCE-Leaf-3.GPU.S9825,FourHundredGigE1/0/43,0,0,0,0,0,0
2024/05/24 星期五 00:21:44.201,1716481304201,NH-DC-NM129-B05-ROCE-Leaf-3.GPU.S9825,FourHundredGigE1/0/43,39476,124871256,427117,1739816478,0.3,4.32
2024/05/24 星期五 00:21:44.829,1716481304829,NH-DC-NM129-B05-ROCE-Leaf-3.GPU.S9825,FourHundredGigE1/0/43,0,0,0,0,0,0
2024/05/24 星期五 00:21:45.494,1716481305494,NH-DC-NM129-B05-ROCE-Leaf-3.GPU.S9825,FourHundredGigE1/0/43,47174,141742060,42565,143291926,0.26,0.26
2024/05/24 星期五 00:21:47.519,1716481307519,NH-DC-NM129-B05-ROCE-Leaf-3.GPU.S9825,FourHundredGigE1/0/43,24671,87637094,12052,12153280,0.05,0.01
2024/05/24 星期五 00:21:48.099,1716481308099,NH-DC-NM129-B05-ROCE-Leaf-3.GPU.S9825,FourHundredGigE1/0/43,39608,129301420,224546,914528096,0.26,1.96
2024/05/24 星期五 00:21:48.796,1716481308796,NH-DC-NM129-B05-ROCE-Leaf-3.GPU.S9825,FourHundredGigE1/0/43,0,0,0,0,0,0
2024/05/24 星期五 00:21:49.391,1716481309391,NH-DC-NM129-B05-ROCE-Leaf-3.GPU.S9825,FourHundredGigE1/0/43,22459,79024158,68029,236693146,0.15,0.48
2024/05/24 星期五 00:21:50.178,1716481310178,NH-DC-NM129-B05-ROCE-Leaf-3.GPU.S9825,FourHundredGigE1/0/43,14458,37068888,52704,189478616,0.05,0.29
2024/05/24 星期五 00:21:50.694,1716481310694,NH-DC-NM129-B05-ROCE-Leaf-3.GPU.S9825,FourHundredGigE1/0/43,0,0,0,0,0,0
2024/05/24 星期五 00:21:51.197,1716481311197,NH-DC-NM129-B05-ROCE-Leaf-3.GPU.S9825,FourHundredGigE1/0/43,53961,185040910,92772,338207492,0.45,0.82
2024/05/24 星期五 00:21:51.936,1716481311936,NH-DC-NM129-B05-ROCE-Leaf-3.GPU.S9825,FourHundredGigE1/0/43,0,0,0,0,0,0
2024/05/24 星期五 00:21:52.479,1716481312479,NH-DC-NM129-B05-ROCE-Leaf-3.GPU.S9825,FourHundredGigE1/0/43,34265,100968502,14189,24222338,0.23,0.05
2024/05/24 星期五 00:21:53.020,1716481313020,NH-DC-NM129-B05-ROCE-Leaf-3.GPU.S9825,FourHundredGigE1/0/43,11952,35724756,1702,2617660,0.07,0
2024/05/24 星期五 00:21:53.709,1716481313709,NH-DC-NM129-B05-ROCE-Leaf-3.GPU.S9825,FourHundredGigE1/0/43,0,0,0,0,0,0
2024/05/24 星期五 00:21:54.212,1716481314212,NH-DC-NM129-B05-ROCE-Leaf-3.GPU.S9825,FourHundredGigE1/0/43,9678,12347112,5189,15565978,0.02,0.02
2024/05/24 星期五 00:21:55.052,1716481315052,NH-DC-NM129-B05-ROCE-Leaf-3.GPU.S9825,FourHundredGigE1/0/43,187438,762259392,13930,29099724,1.13,0.03
2024/05/24 星期五 00:21:55.707,1716481315707,NH-DC-NM129-B05-ROCE-Leaf-3.GPU.S9825,FourHundredGigE1/0/43,0,0,0,0,0,0
2024/05/24 星期五 00:21:56.231,1716481316231,NH-DC-NM129-B05-ROCE-Leaf-3.GPU.S9825,FourHundredGigE1/0/43,7621,23742526,23640,87548708,0.05,0.19
2024/05/24 星期五 00:21:56.809,1716481316809,NH-DC-NM129-B05-ROCE-Leaf-3.GPU.S9825,FourHundredGigE1/0/43,0,0,0,0,0,0
2024/05/24 星期五 00:21:58.283,1716481318283,NH-DC-NM129-B05-ROCE-Leaf-3.GPU.S9825,FourHundredGigE1/0/43,18815,73757378,11799,23289958,0.06,0.02
2024/05/24 星期五 00:21:58.964,1716481318964,NH-DC-NM129-B05-ROCE-Leaf-3.GPU.S9825,FourHundredGigE1/0/43,0,0,0,0,0,0
2024/05/24 星期五 00:21:59.463,1716481319463,NH-DC-NM129-B05-ROCE-Leaf-3.GPU.S9825,FourHundredGigE1/0/43,10405,23739346,195669,787078626,0.05,1.95
2024/05/24 星期五 00:22:00.046,1716481320046,NH-DC-NM129-B05-ROCE-Leaf-3.GPU.S9825,FourHundredGigE1/0/43,9000,15388084,22235,78092450,0.02,0.15
2024/05/24 星期五 00:22:00.649,1716481320649,NH-DC-NM129-B05-ROCE-Leaf-3.GPU.S9825,FourHundredGigE1/0/43,0,0,0,0,0,0
2024/05/24 星期五 00:22:01.149,1716481321149,NH-DC-NM129-B05-ROCE-Leaf-3.GPU.S9825,FourHundredGigE1/0/43,31004,101609280,24092,89320148,0.25,0.2
2024/05/24 星期五 00:22:01.722,1716481321722,NH-DC-NM129-B05-ROCE-Leaf-3.GPU.S9825,FourHundredGigE1/0/43,0,0,0,0,0,0
2024/05/24 星期五 00:22:02.374,1716481322374,NH-DC-NM129-B05-ROCE-Leaf-3.GPU.S9825,FourHundredGigE1/0/43,72907,253206034,364473,1499101686,0.48,2.86
2024/05/24 星期五 00:22:02.969,1716481322969,NH-DC-NM129-B05-ROCE-Leaf-3.GPU.S9825,FourHundredGigE1/0/43,0,0,0,0,0,0
2024/05/24 星期五 00:22:03.473,1716481323473,NH-DC-NM129-B05-ROCE-Leaf-3.GPU.S9825,FourHundredGigE1/0/43,39771,144447894,30072,111885756,0.35,0.27
2024/05/24 星期五 00:22:04.065,1716481324065,NH-DC-NM129-B05-ROCE-Leaf-3.GPU.S9825,FourHundredGigE1/0/43,9649,22900822,6679,7084498,0.04,0
2024/05/24 星期五 00:22:04.572,1716481324572,NH-DC-NM129-B05-ROCE-Leaf-3.GPU.S9825,FourHundredGigE1/0/43,0,0,0,0,0,0
2024/05/24 星期五 00:22:05.089,1716481325089,NH-DC-NM129-B05-ROCE-Leaf-3.GPU.S9825,FourHundredGigE1/0/43,23652,83151520,15778,34799424,0.19,0.07
2024/05/24 星期五 00:22:05.676,1716481325676,NH-DC-NM129-B05-ROCE-Leaf-3.GPU.S9825,FourHundredGigE1/0/43,0,0,0,0,0,0
2024/05/24 星期五 00:22:06.276,1716481326276,NH-DC-NM129-B05-ROCE-Leaf-3.GPU.S9825,FourHundredGigE1/0/43,74769,258342194,221973,867881302,0.52,1.79
2024/05/24 星期五 00:22:06.854,1716481326854,NH-DC-NM129-B05-ROCE-Leaf-3.GPU.S9825,FourHundredGigE1/0/43,0,0,0,0,0,0
2024/05/24 星期五 00:22:07.355,1716481327355,NH-DC-NM129-B05-ROCE-Leaf-3.GPU.S9825,FourHundredGigE1/0/43,5751,12582970,16839,52498166,0.02,0.12
2024/05/24 星期五 00:22:07.913,1716481327913,NH-DC-NM129-B05-ROCE-Leaf-3.GPU.S9825,FourHundredGigE1/0/43,0,0,0,0,0,0
2024/05/24 星期五 00:22:08.486,1716481328486,NH-DC-NM129-B05-ROCE-Leaf-3.GPU.S9825,FourHundredGigE1/0/43,26825,96566842,45370,164737700,0.20,0.35
2024/05/24 星期五 00:22:09.051,1716481329051,NH-DC-NM129-B05-ROCE-Leaf-3.GPU.S9825,FourHundredGigE1/0/43,19812,72522700,21956,80555928,0.15,0.18
2024/05/24 星期五 00:22:10.373,1716481330373,NH-DC-NM129-B05-ROCE-Leaf-3.GPU.S9825,FourHundredGigE1/0/43,232336,919303322,29991,101746930,0.86,0.09
2024/05/24 星期五 00:22:10.900,1716481330900,NH-DC-NM129-B05-ROCE-Leaf-3.GPU.S9825,FourHundredGigE1/0/43,0,0,0,0,0,0
2024/05/24 星期五 00:22:11.403,1716481331403,NH-DC-NM129-B05-ROCE-Leaf-3.GPU.S9825,FourHundredGigE1/0/43,18714,66183357,25973,93536994,0.15,0.22
2024/05/24 星期五 00:22:12.027,1716481332027,NH-DC-NM129-B05-ROCE-Leaf-3.GPU.S9825,FourHundredGigE1/0/43,19857,55567826,8024,11807992,0.10,0.02
2024/05/24 星期五 00:22:12.556,1716481332556,NH-DC-NM129-B05-ROCE-Leaf-3.GPU.S9825,FourHundredGigE1/0/43,0,0,0,0,0,0
2024/05/24 星期五 00:22:13.064,1716481333064,NH-DC-NM129-B05-ROCE-Leaf-3.GPU.S9825,FourHundredGigE1/0/43,0,0,0,0,0,0
2024/05/24 星期五 00:22:13.572,1716481333572,NH-DC-NM129-B05-ROCE-Leaf-3.GPU.S9825,FourHundredGigE1/0/43,18238,24140940,460894,1882040588,0.05,4.63
2024/05/24 星期五 00:22:14.134,1716481334134,NH-DC-NM129-B05-ROCE-Leaf-3.GPU.S9825,FourHundredGigE1/0/43,21512,36493304,7261,591502,0.07,0
2024/05/24 星期五 00:22:14.673,1716481334673,NH-DC-NM129-B05-ROCE-Leaf-3.GPU.S9825,FourHundredGigE1/0/43,0,0,0,0,0,0
2024/05/24 星期五 00:22:15.174,1716481335174,NH-DC-NM129-B05-ROCE-Leaf-3.GPU.S9825,FourHundredGigE1/0/43,6701,11880782,8451,12229818,0.02,0.02
2024/05/24 星期五 00:22:15.769,1716481335769,NH-DC-NM129-B05-ROCE-Leaf-3.GPU.S9825,FourHundredGigE1/0/43,0,0,0,0,0,0
2024/05/24 星期五 00:22:16.348,1716481336348,NH-DC-NM129-B05-ROCE-Leaf-3.GPU.S9825,FourHundredGigE1/0/43,52874,188519212,3290,267236,0.39,0
2024/05/24 星期五 00:22:16.850,1716481336850,NH-DC-NM129-B05-ROCE-Leaf-3.GPU.S9825,FourHundredGigE1/0/43,0,0,0,0,0,0
2024/05/24 星期五 00:22:17.350,1716481337350,NH-DC-NM129-B05-ROCE-Leaf-3.GPU.S9825,FourHundredGigE1/0/43,181074,737959468,67811,266253438,1.82,0.65
2024/05/24 星期五 00:22:17.998,1716481337998,NH-DC-NM129-B05-ROCE-Leaf-3.GPU.S9825,FourHundredGigE1/0/43,33488,115340028,6224,22846560,0.21,0.04
2024/05/24 星期五 00:22:18.669,1716481338669,NH-DC-NM129-B05-ROCE-Leaf-3.GPU.S9825,FourHundredGigE1/0/43,0,0,0,0,0,0
2024/05/24 星期五 00:22:19.275,1716481339275,NH-DC-NM129-B05-ROCE-Leaf-3.GPU.S9825,FourHundredGigE1/0/43,4173,11882386,6,636,0.02,0
2024/05/24 星期五 00:22:19.870,1716481339870,NH-DC-NM129-B05-ROCE-Leaf-3.GPU.S9825,FourHundredGigE1/0/43,0,0,0,0,0,0
2024/05/24 星期五 00:22:20.373,1716481340373,NH-DC-NM129-B05-ROCE-Leaf-3.GPU.S9825,FourHundredGigE1/0/43,39662,144436884,17579,24140498,0.35,0.05
2024/05/24 星期五 00:22:20.991,1716481340991,NH-DC-NM129-B05-ROCE-Leaf-3.GPU.S9825,FourHundredGigE1/0/43,0,0,0,0,0,0
2024/05/24 星期五 00:22:21.489,1716481341489,NH-DC-NM129-B05-ROCE-Leaf-3.GPU.S9825,FourHundredGigE1/0/43,108637,427801170,217343,850983774,1.05,2.13
2024/05/24 星期五 00:22:22.182,1716481342182,NH-DC-NM129-B05-ROCE-Leaf-3.GPU.S9825,FourHundredGigE1/0/43,31096,111921176,8462,23404596,0.20,0.04
2024/05/24 星期五 00:22:22.729,1716481342729,NH-DC-NM129-B05-ROCE-Leaf-3.GPU.S9825,FourHundredGigE1/0/43,0,0,0,0,0,0
2024/05/24 星期五 00:22:23.234,1716481343234,NH-DC-NM129-B05-ROCE-Leaf-3.GPU.S9825,FourHundredGigE1/0/43,3205,11822170,12221,12167298,0.02,0.02
2024/05/24 星期五 00:22:23.804,1716481343804,NH-DC-NM129-B05-ROCE-Leaf-3.GPU.S9825,FourHundredGigE1/0/43,0,0,0,0,0,0
2024/05/24 星期五 00:22:24.446,1716481344446,NH-DC-NM129-B05-ROCE-Leaf-3.GPU.S9825,FourHundredGigE1/0/43,243443,998744486,347221,1383462258,1.93,2.69
2024/05/24 星期五 00:22:25.028,1716481345028,NH-DC-NM129-B05-ROCE-Leaf-3.GPU.S9825,FourHundredGigE1/0/43,19285,68481794,74675,246720146,0.13,0.52
2024/05/24 星期五 00:22:25.587,1716481345587,NH-DC-NM129-B05-ROCE-Leaf-3.GPU.S9825,FourHundredGigE1/0/43,0,0,0,0,0,0
2024/05/24 星期五 00:22:26.168,1716481346168,NH-DC-NM129-B05-ROCE-Leaf-3.GPU.S9825,FourHundredGigE1/0/43,6917,23756062,486333,1824026734,0.04,3.92
2024/05/24 星期五 00:22:26.752,1716481346752,NH-DC-NM129-B05-ROCE-Leaf-3.GPU.S9825,FourHundredGigE1/0/43,0,0,0,0,0,0
2024/05/24 星期五 00:22:27.258,1716481347258,NH-DC-NM129-B05-ROCE-Leaf-3.GPU.S9825,FourHundredGigE1/0/43,9236,12082432,437192,1626793920,0.02,4.00
2024/05/24 星期五 00:22:28.042,1716481348042,NH-DC-NM129-B05-ROCE-Leaf-3.GPU.S9825,FourHundredGigE1/0/43,166341,668198434,576649,2197825690,1.05,3.49
2024/05/24 星期五 00:22:28.668,1716481348668,NH-DC-NM129-B05-ROCE-Leaf-3.GPU.S9825,FourHundredGigE1/0/43,0,0,0,0,0,0
2024/05/24 星期五 00:22:30.928,1716481350928,NH-DC-NM129-B05-ROCE-Leaf-3.GPU.S9825,FourHundredGigE1/0/43,77974,223556692,145332,509953096,0.12,0.28
2024/05/24 星期五 00:22:31.930,1716481351930,NH-DC-NM129-B05-ROCE-Leaf-3.GPU.S9825,FourHundredGigE1/0/43,0,0,0,0,0,0
2024/05/24 星期五 00:22:32.507,1716481352507,NH-DC-NM129-B05-ROCE-Leaf-3.GPU.S9825,FourHundredGigE1/0/43,39313,124086378,129279,471510034,0.26,1.02
2024/05/24 星期五 00:22:33.066,1716481353066,NH-DC-NM129-B05-ROCE-Leaf-3.GPU.S9825,FourHundredGigE1/0/43,0,0,0,0,0,0
2024/05/24 星期五 00:22:33.573,1716481353573,NH-DC-NM129-B05-ROCE-Leaf-3.GPU.S9825,FourHundredGigE1/0/43,58600,189265068,12433,35602546,0.44,0.07
2024/05/24 星期五 00:22:34.306,1716481354306,NH-DC-NM129-B05-ROCE-Leaf-3.GPU.S9825,FourHundredGigE1/0/43,15939,12705750,67525,224283126,0.02,0.38
2024/05/24 星期五 00:22:35.079,1716481355079,NH-DC-NM129-B05-ROCE-Leaf-3.GPU.S9825,FourHundredGigE1/0/43,202514,791940772,147368,530984384,1.28,0.86
2024/05/24 星期五 00:22:35.713,1716481355713,NH-DC-NM129-B05-ROCE-Leaf-3.GPU.S9825,FourHundredGigE1/0/43,0,0,0,0,0,0
2024/05/24 星期五 00:22:36.305,1716481356305,NH-DC-NM129-B05-ROCE-Leaf-3.GPU.S9825,FourHundredGigE1/0/43,58410,154045972,63282,222969108,0.32,0.46
2024/05/24 星期五 00:22:36.816,1716481356816,NH-DC-NM129-B05-ROCE-Leaf-3.GPU.S9825,FourHundredGigE1/0/43,0,0,0,0,0,0
2024/05/24 星期五 00:22:37.326,1716481357326,NH-DC-NM129-B05-ROCE-Leaf-3.GPU.S9825,FourHundredGigE1/0/43,2655,371378,10915,2231478,0,0
2024/05/24 星期五 00:22:37.919,1716481357919,NH-DC-NM129-B05-ROCE-Leaf-3.GPU.S9825,FourHundredGigE1/0/43,0,0,0,0,0,0
2024/05/24 星期五 00:22:38.553,1716481358553,NH-DC-NM129-B05-ROCE-Leaf-3.GPU.S9825,FourHundredGigE1/0/43,50790,162478172,62582,196693996,0.32,0.37
2024/05/24 星期五 00:22:39.240,1716481359240,NH-DC-NM129-B05-ROCE-Leaf-3.GPU.S9825,FourHundredGigE1/0/43,378308,1550844508,479125,1901819510,2.82,3.46
2024/05/24 星期五 00:22:39.869,1716481359869,NH-DC-NM129-B05-ROCE-Leaf-3.GPU.S9825,FourHundredGigE1/0/43,0,0,0,0,0,0
2024/05/24 星期五 00:22:40.370,1716481360370,NH-DC-NM129-B05-ROCE-Leaf-3.GPU.S9825,FourHundredGigE1/0/43,11316,26933152,22717,66036694,0.05,0.15
2024/05/24 星期五 00:22:40.871,1716481360871,NH-DC-NM129-B05-ROCE-Leaf-3.GPU.S9825,FourHundredGigE1/0/43,0,0,0,0,0,0
2024/05/24 星期五 00:22:41.368,1716481361368,NH-DC-NM129-B05-ROCE-Leaf-3.GPU.S9825,FourHundredGigE1/0/43,56882,180731131,39714,138943152,0.45,0.33
2024/05/24 星期五 00:22:42.056,1716481362056,NH-DC-NM129-B05-ROCE-Leaf-3.GPU.S9825,FourHundredGigE1/0/43,164963,644899518,45985,139697942,1.16,0.24
2024/05/24 星期五 00:22:42.772,1716481362772,NH-DC-NM129-B05-ROCE-Leaf-3.GPU.S9825,FourHundredGigE1/0/43,0,0,0,0,0,0
2024/05/24 星期五 00:22:43.308,1716481363308,NH-DC-NM129-B05-ROCE-Leaf-3.GPU.S9825,FourHundredGigE1/0/43,116342,447101036,98800,392743604,1.03,0.91
2024/05/24 星期五 00:22:43.810,1716481363810,NH-DC-NM129-B05-ROCE-Leaf-3.GPU.S9825,FourHundredGigE1/0/43,0,0,0,0,0,0
2024/05/24 星期五 00:22:44.310,1716481364310,NH-DC-NM129-B05-ROCE-Leaf-3.GPU.S9825,FourHundredGigE1/0/43,52717,144988322,52714,151446432,0.35,0.38
2024/05/24 星期五 00:22:44.909,1716481364909,NH-DC-NM129-B05-ROCE-Leaf-3.GPU.S9825,FourHundredGigE1/0/43,0,0,0,0,0,0
2024/05/24 星期五 00:22:45.711,1716481365711,NH-DC-NM129-B05-ROCE-Leaf-3.GPU.S9825,FourHundredGigE1/0/43,55419,167292742,233058,880186840,0.25,1.37
2024/05/24 星期五 00:22:47.647,1716481367647,NH-DC-NM129-B05-ROCE-Leaf-3.GPU.S9825,FourHundredGigE1/0/43,48447,167703386,73013,244024954,0.10,0.15
2024/05/24 星期五 00:22:48.231,1716481368231,NH-DC-NM129-B05-ROCE-Leaf-3.GPU.S9825,FourHundredGigE1/0/43,13723,24237130,44114,144958116,0.04,0.30
2024/05/24 星期五 00:22:48.765,1716481368765,NH-DC-NM129-B05-ROCE-Leaf-3.GPU.S9825,FourHundredGigE1/0/43,0,0,0,0,0,0
2024/05/24 星期五 00:22:49.363,1716481369363,NH-DC-NM129-B05-ROCE-Leaf-3.GPU.S9825,FourHundredGigE1/0/43,3240,263912,32474,111110160,0,0.23
2024/05/24 星期五 00:22:49.980,1716481369980,NH-DC-NM129-B05-ROCE-Leaf-3.GPU.S9825,FourHundredGigE1/0/43,277329,1118805486,187736,749668376,2.25,1.50
2024/05/24 星期五 00:22:50.718,1716481370718,NH-DC-NM129-B05-ROCE-Leaf-3.GPU.S9825,FourHundredGigE1/0/43,0,0,0,0,0,0
2024/05/24 星期五 00:22:51.219,1716481371219,NH-DC-NM129-B05-ROCE-Leaf-3.GPU.S9825,FourHundredGigE1/0/43,17280,50184080,10192,23919120,0.12,0.05
2024/05/24 星期五 00:22:51.766,1716481371766,NH-DC-NM129-B05-ROCE-Leaf-3.GPU.S9825,FourHundredGigE1/0/43,0,0,0,0,0,0
2024/05/24 星期五 00:22:52.452,1716481372452,NH-DC-NM129-B05-ROCE-Leaf-3.GPU.S9825,FourHundredGigE1/0/43,39952,140533316,137571,540924738,0.26,0.98
2024/05/24 星期五 00:22:52.954,1716481372954,NH-DC-NM129-B05-ROCE-Leaf-3.GPU.S9825,FourHundredGigE1/0/43,0,0,0,0,0,0
2024/05/24 星期五 00:22:53.529,1716481373529,NH-DC-NM129-B05-ROCE-Leaf-3.GPU.S9825,FourHundredGigE1/0/43,66825,213253498,304161,1232066418,0.46,2.67
2024/05/24 星期五 00:22:57.520,1716481377520,NH-DC-NM129-B05-ROCE-Leaf-3.GPU.S9825,FourHundredGigE1/0/43,479380,1738030096,685382,2660366856,0.54,0.83
2024/05/24 星期五 00:22:58.042,1716481378042,NH-DC-NM129-B05-ROCE-Leaf-3.GPU.S9825,FourHundredGigE1/0/43,0,0,0,0,0,0
2024/05/24 星期五 00:22:58.574,1716481378574,NH-DC-NM129-B05-ROCE-Leaf-3.GPU.S9825,FourHundredGigE1/0/43,9087,26907054,14100,1140656,0.05,0
2024/05/24 星期五 00:22:59.209,1716481379209,NH-DC-NM129-B05-ROCE-Leaf-3.GPU.S9825,FourHundredGigE1/0/43,74365,268119346,3613,11464358,0.51,0.02
2024/05/24 星期五 00:22:59.771,1716481379771,NH-DC-NM129-B05-ROCE-Leaf-3.GPU.S9825,FourHundredGigE1/0/43,0,0,0,0,0,0
2024/05/24 星期五 00:23:00.393,1716481380393,NH-DC-NM129-B05-ROCE-Leaf-3.GPU.S9825,FourHundredGigE1/0/43,17422,62295452,234521,952777746,0.12,1.91
2024/05/24 星期五 00:23:00.965,1716481380965,NH-DC-NM129-B05-ROCE-Leaf-3.GPU.S9825,FourHundredGigE1/0/43,0,0,0,0,0,0
2024/05/24 星期五 00:23:01.465,1716481381465,NH-DC-NM129-B05-ROCE-Leaf-3.GPU.S9825,FourHundredGigE1/0/43,183490,738222984,99794,381300168,1.82,0.95
2024/05/24 星期五 00:23:02.003,1716481382003,NH-DC-NM129-B05-ROCE-Leaf-3.GPU.S9825,FourHundredGigE1/0/43,0,0,0,0,0,0
2024/05/24 星期五 00:23:02.530,1716481382530,NH-DC-NM129-B05-ROCE-Leaf-3.GPU.S9825,FourHundredGigE1/0/43,4521,11930850,305237,992803958,0.02,2.35
2024/05/24 星期五 00:23:03.126,1716481383126,NH-DC-NM129-B05-ROCE-Leaf-3.GPU.S9825,FourHundredGigE1/0/43,10972,28983500,117588,437699332,0.04,0.90
2024/05/24 星期五 00:23:03.721,1716481383721,NH-DC-NM129-B05-ROCE-Leaf-3.GPU.S9825,FourHundredGigE1/0/43,0,0,0,0,0,0
2024/05/24 星期五 00:23:04.297,1716481384297,NH-DC-NM129-B05-ROCE-Leaf-3.GPU.S9825,FourHundredGigE1/0/43,450615,1856316786,164135,664786572,4.01,1.43
2024/05/24 星期五 00:23:04.862,1716481384862,NH-DC-NM129-B05-ROCE-Leaf-3.GPU.S9825,FourHundredGigE1/0/43,0,0,0,0,0,0
2024/05/24 星期五 00:23:05.365,1716481385365,NH-DC-NM129-B05-ROCE-Leaf-3.GPU.S9825,FourHundredGigE1/0/43,5853,12037646,7106,12130632,0.02,0.02
2024/05/24 星期五 00:23:05.881,1716481385881,NH-DC-NM129-B05-ROCE-Leaf-3.GPU.S9825,FourHundredGigE1/0/43,0,0,0,0,0,0
2024/05/24 星期五 00:23:06.460,1716481386460,NH-DC-NM129-B05-ROCE-Leaf-3.GPU.S9825,FourHundredGigE1/0/43,22688,68757700,2217,180278,0.13,0
2024/05/24 星期五 00:23:07.052,1716481387052,NH-DC-NM129-B05-ROCE-Leaf-3.GPU.S9825,FourHundredGigE1/0/43,28996,105250748,6557,17604062,0.21,0.02
2024/05/24 星期五 00:23:07.644,1716481387644,NH-DC-NM129-B05-ROCE-Leaf-3.GPU.S9825,FourHundredGigE1/0/43,0,0,0,0,0,0
2024/05/24 星期五 00:23:08.211,1716481388211,NH-DC-NM129-B05-ROCE-Leaf-3.GPU.S9825,FourHundredGigE1/0/43,216432,856042364,187520,767078508,1.87,1.68
2024/05/24 星期五 00:23:08.712,1716481388712,NH-DC-NM129-B05-ROCE-Leaf-3.GPU.S9825,FourHundredGigE1/0/43,0,0,0,0,0,0
2024/05/24 星期五 00:23:09.213,1716481389213,NH-DC-NM129-B05-ROCE-Leaf-3.GPU.S9825,FourHundredGigE1/0/43,4367,11753682,9306,747928,0.02,0
2024/05/24 星期五 00:23:09.816,1716481389816,NH-DC-NM129-B05-ROCE-Leaf-3.GPU.S9825,FourHundredGigE1/0/43,0,0,0,0,0,0
2024/05/24 星期五 00:23:10.378,1716481390378,NH-DC-NM129-B05-ROCE-Leaf-3.GPU.S9825,FourHundredGigE1/0/43,10324,835384,37940,116253084,0,0.24
2024/05/24 星期五 00:23:10.982,1716481390982,NH-DC-NM129-B05-ROCE-Leaf-3.GPU.S9825,FourHundredGigE1/0/43,0,0,0,0,0,0
2024/05/24 星期五 00:23:11.487,1716481391487,NH-DC-NM129-B05-ROCE-Leaf-3.GPU.S9825,FourHundredGigE1/0/43,71616,242353499,74860,273626752,0.59,0.67
2024/05/24 星期五 00:23:12.042,1716481392042,NH-DC-NM129-B05-ROCE-Leaf-3.GPU.S9825,FourHundredGigE1/0/43,0,0,0,0,0,0
2024/05/24 星期五 00:23:12.543,1716481392543,NH-DC-NM129-B05-ROCE-Leaf-3.GPU.S9825,FourHundredGigE1/0/43,31457,107696278,25602,84505308,0.25,0.20
2024/05/24 星期五 00:23:13.155,1716481393155,NH-DC-NM129-B05-ROCE-Leaf-3.GPU.S9825,FourHundredGigE1/0/43,19691,39564194,27334,86114064,0.06,0.16
2024/05/24 星期五 00:23:13.698,1716481393698,NH-DC-NM129-B05-ROCE-Leaf-3.GPU.S9825,FourHundredGigE1/0/43,0,0,0,0,0,0
2024/05/24 星期五 00:23:14.342,1716481394342,NH-DC-NM129-B05-ROCE-Leaf-3.GPU.S9825,FourHundredGigE1/0/43,33497,118021242,46532,180437500,0.21,0.35
2024/05/24 星期五 00:23:14.906,1716481394906,NH-DC-NM129-B05-ROCE-Leaf-3.GPU.S9825,FourHundredGigE1/0/43,0,0,0,0,0,0
2024/05/24 星期五 00:23:15.405,1716481395405,NH-DC-NM129-B05-ROCE-Leaf-3.GPU.S9825,FourHundredGigE1/0/43,413417,1618651202,222668,894357108,4.03,2.23
2024/05/24 星期五 00:23:15.905,1716481395905,NH-DC-NM129-B05-ROCE-Leaf-3.GPU.S9825,FourHundredGigE1/0/43,30152,91497720,31652,89261276,0.22,0.2
2024/05/24 星期五 00:23:16.588,1716481396588,NH-DC-NM129-B05-ROCE-Leaf-3.GPU.S9825,FourHundredGigE1/0/43,0,0,0,0,0,0
2024/05/24 星期五 00:23:17.089,1716481397089,NH-DC-NM129-B05-ROCE-Leaf-3.GPU.S9825,FourHundredGigE1/0/43,36016,90338844,64511,233474882,0.22,0.57
2024/05/24 星期五 00:23:17.760,1716481397760,NH-DC-NM129-B05-ROCE-Leaf-3.GPU.S9825,FourHundredGigE1/0/43,0,0,0,0,0,0
2024/05/24 星期五 00:23:18.327,1716481398327,NH-DC-NM129-B05-ROCE-Leaf-3.GPU.S9825,FourHundredGigE1/0/43,18664,56716916,14198,35789596,0.11,0.07
2024/05/24 星期五 00:23:18.830,1716481398830,NH-DC-NM129-B05-ROCE-Leaf-3.GPU.S9825,FourHundredGigE1/0/43,0,0,0,0,0,0
2024/05/24 星期五 00:23:19.331,1716481399331,NH-DC-NM129-B05-ROCE-Leaf-3.GPU.S9825,FourHundredGigE1/0/43,368027,1488455820,185974,749887316,3.69,1.85
2024/05/24 星期五 00:23:20.051,1716481400051,NH-DC-NM129-B05-ROCE-Leaf-3.GPU.S9825,FourHundredGigE1/0/43,10181,26400476,54882,146250188,0.03,0.24
2024/05/24 星期五 00:23:20.591,1716481400591,NH-DC-NM129-B05-ROCE-Leaf-3.GPU.S9825,FourHundredGigE1/0/43,0,0,0,0,0,0
2024/05/24 星期五 00:23:21.170,1716481401170,NH-DC-NM129-B05-ROCE-Leaf-3.GPU.S9825,FourHundredGigE1/0/43,146145,522542862,53257,190680702,1.12,0.41
2024/05/24 星期五 00:23:21.733,1716481401733,NH-DC-NM129-B05-ROCE-Leaf-3.GPU.S9825,FourHundredGigE1/0/43,0,0,0,0,0,0
2024/05/24 星期五 00:23:22.233,1716481402233,NH-DC-NM129-B05-ROCE-Leaf-3.GPU.S9825,FourHundredGigE1/0/43,294447,1192986154,280459,1130017806,2.98,2.82
2024/05/24 星期五 00:23:22.736,1716481402736,NH-DC-NM129-B05-ROCE-Leaf-3.GPU.S9825,FourHundredGigE1/0/43,0,0,0,0,0,0
2024/05/24 星期五 00:23:23.247,1716481403247,NH-DC-NM129-B05-ROCE-Leaf-3.GPU.S9825,FourHundredGigE1/0/43,28192,70141144,30656,93879784,0.17,0.22
2024/05/24 星期五 00:23:24.170,1716481404170,NH-DC-NM129-B05-ROCE-Leaf-3.GPU.S9825,FourHundredGigE1/0/43,22787,61212586,7329,22936366,0.08,0.03
2024/05/24 星期五 00:23:24.842,1716481404842,NH-DC-NM129-B05-ROCE-Leaf-3.GPU.S9825,FourHundredGigE1/0/43,0,0,0,0,0,0
2024/05/24 星期五 00:23:25.357,1716481405357,NH-DC-NM129-B05-ROCE-Leaf-3.GPU.S9825,FourHundredGigE1/0/43,42300,133664932,52754,183101228,0.32,0.44
2024/05/24 星期五 00:23:25.859,1716481405859,NH-DC-NM129-B05-ROCE-Leaf-3.GPU.S9825,FourHundredGigE1/0/43,0,0,0,0,0,0
2024/05/24 星期五 00:23:26.362,1716481406362,NH-DC-NM129-B05-ROCE-Leaf-3.GPU.S9825,FourHundredGigE1/0/43,283032,1123662900,172355,640816858,2.78,1.59
2024/05/24 星期五 00:23:27.085,1716481407085,NH-DC-NM129-B05-ROCE-Leaf-3.GPU.S9825,FourHundredGigE1/0/43,37107,95940290,62261,198445650,0.16,0.33
2024/05/24 星期五 00:23:27.771,1716481407771,NH-DC-NM129-B05-ROCE-Leaf-3.GPU.S9825,FourHundredGigE1/0/43,0,0,0,0,0,0
2024/05/24 星期五 00:23:28.436,1716481408436,NH-DC-NM129-B05-ROCE-Leaf-3.GPU.S9825,FourHundredGigE1/0/43,31544,65126488,63817,217513546,0.11,0.39
2024/05/24 星期五 00:23:28.950,1716481408950,NH-DC-NM129-B05-ROCE-Leaf-3.GPU.S9825,FourHundredGigE1/0/43,0,0,0,0,0,0
2024/05/24 星期五 00:23:29.449,1716481409449,NH-DC-NM129-B05-ROCE-Leaf-3.GPU.S9825,FourHundredGigE1/0/43,29919,78859086,147797,573581776,0.18,1.43
2024/05/24 星期五 00:23:30.127,1716481410127,NH-DC-NM129-B05-ROCE-Leaf-3.GPU.S9825,FourHundredGigE1/0/43,30884,73132484,100909,365473024,0.13,0.66
2024/05/24 星期五 00:23:30.846,1716481410846,NH-DC-NM129-B05-ROCE-Leaf-3.GPU.S9825,FourHundredGigE1/0/43,0,0,0,0,0,0
2024/05/24 星期五 00:23:31.421,1716481411421,NH-DC-NM129-B05-ROCE-Leaf-3.GPU.S9825,FourHundredGigE1/0/43,6752,15732580,18543,35388350,0.02,0.07
2024/05/24 星期五 00:23:31.989,1716481411989,NH-DC-NM129-B05-ROCE-Leaf-3.GPU.S9825,FourHundredGigE1/0/43,0,0,0,0,0,0
2024/05/24 星期五 00:23:32.625,1716481412625,NH-DC-NM129-B05-ROCE-Leaf-3.GPU.S9825,FourHundredGigE1/0/43,48586,170988252,6747,22888998,0.33,0.04
2024/05/24 星期五 00:23:33.125,1716481413125,NH-DC-NM129-B05-ROCE-Leaf-3.GPU.S9825,FourHundredGigE1/0/43,189682,775384512,16581,12930886,1.92,0.02
2024/05/24 星期五 00:23:34.621,1716481414621,NH-DC-NM129-B05-ROCE-Leaf-3.GPU.S9825,FourHundredGigE1/0/43,3203,11822038,70,9364,0.01,0
2024/05/24 星期五 00:23:35.264,1716481415264,NH-DC-NM129-B05-ROCE-Leaf-3.GPU.S9825,FourHundredGigE1/0/43,41854,165158064,11060,23234420,0.31,0.04
2024/05/24 星期五 00:23:35.771,1716481415771,NH-DC-NM129-B05-ROCE-Leaf-3.GPU.S9825,FourHundredGigE1/0/43,0,0,0,0,0,0
2024/05/24 星期五 00:23:36.273,1716481416273,NH-DC-NM129-B05-ROCE-Leaf-3.GPU.S9825,FourHundredGigE1/0/43,10123,35508402,3729,11849118,0.07,0.02
2024/05/24 星期五 00:23:36.880,1716481416880,NH-DC-NM129-B05-ROCE-Leaf-3.GPU.S9825,FourHundredGigE1/0/43,0,0,0,0,0,0
2024/05/24 星期五 00:23:37.398,1716481417398,NH-DC-NM129-B05-ROCE-Leaf-3.GPU.S9825,FourHundredGigE1/0/43,130523,496048442,184541,761336654,1.18,1.83
2024/05/24 星期五 00:23:38.143,1716481418143,NH-DC-NM129-B05-ROCE-Leaf-3.GPU.S9825,FourHundredGigE1/0/43,6356,23411964,15735,1271798,0.03,0
2024/05/24 星期五 00:23:38.740,1716481418740,NH-DC-NM129-B05-ROCE-Leaf-3.GPU.S9825,FourHundredGigE1/0/43,0,0,0,0,0,0
2024/05/24 星期五 00:23:39.242,1716481419242,NH-DC-NM129-B05-ROCE-Leaf-3.GPU.S9825,FourHundredGigE1/0/43,2284,184624,54776,171489068,0,0.42
2024/05/24 星期五 00:23:39.745,1716481419745,NH-DC-NM129-B05-ROCE-Leaf-3.GPU.S9825,FourHundredGigE1/0/43,0,0,0,0,0,0
2024/05/24 星期五 00:23:40.245,1716481420245,NH-DC-NM129-B05-ROCE-Leaf-3.GPU.S9825,FourHundredGigE1/0/43,292330,1205751220,221788,893534704,3,2.22
2024/05/24 星期五 00:23:40.787,1716481420787,NH-DC-NM129-B05-ROCE-Leaf-3.GPU.S9825,FourHundredGigE1/0/43,0,0,0,0,0,0
2024/05/24 星期五 00:23:41.454,1716481421454,NH-DC-NM129-B05-ROCE-Leaf-3.GPU.S9825,FourHundredGigE1/0/43,1157,1597497,51640,213546416,0,0.39
2024/05/24 星期五 00:23:42.047,1716481422047,NH-DC-NM129-B05-ROCE-Leaf-3.GPU.S9825,FourHundredGigE1/0/43,4193,11973470,66388,266141304,0.02,0.55
2024/05/24 星期五 00:23:42.550,1716481422550,NH-DC-NM129-B05-ROCE-Leaf-3.GPU.S9825,FourHundredGigE1/0/43,0,0,0,0,0,0
2024/05/24 星期五 00:23:43.064,1716481423064,NH-DC-NM129-B05-ROCE-Leaf-3.GPU.S9825,FourHundredGigE1/0/43,51867,193824822,8235,11843646,0.46,0.02
2024/05/24 星期五 00:23:43.604,1716481423604,NH-DC-NM129-B05-ROCE-Leaf-3.GPU.S9825,FourHundredGigE1/0/43,0,0,0,0,0,0
2024/05/24 星期五 00:23:44.105,1716481424105,NH-DC-NM129-B05-ROCE-Leaf-3.GPU.S9825,FourHundredGigE1/0/43,21023,25193338,206065,803605118,0.05,2.00
2024/05/24 星期五 00:23:44.841,1716481424841,NH-DC-NM129-B05-ROCE-Leaf-3.GPU.S9825,FourHundredGigE1/0/43,86048,298300964,11161,21736770,0.49,0.03
2024/05/24 星期五 00:23:45.898,1716481425898,NH-DC-NM129-B05-ROCE-Leaf-3.GPU.S9825,FourHundredGigE1/0/43,14774,36182112,26609,73254702,0.04,0.08
2024/05/24 星期五 00:23:47.401,1716481427401,NH-DC-NM129-B05-ROCE-Leaf-3.GPU.S9825,FourHundredGigE1/0/43,32781,116032466,9513,12917790,0.09,0.01
2024/05/24 星期五 00:23:48.034,1716481428034,NH-DC-NM129-B05-ROCE-Leaf-3.GPU.S9825,FourHundredGigE1/0/43,99046,393091780,106800,427625152,0.77,0.83
2024/05/24 星期五 00:23:48.729,1716481428729,NH-DC-NM129-B05-ROCE-Leaf-3.GPU.S9825,FourHundredGigE1/0/43,0,0,0,0,0,0
2024/05/24 星期五 00:23:49.353,1716481429353,NH-DC-NM129-B05-ROCE-Leaf-3.GPU.S9825,FourHundredGigE1/0/43,63005,244819614,22458,58921336,0.48,0.10
2024/05/24 星期五 00:23:49.902,1716481429902,NH-DC-NM129-B05-ROCE-Leaf-3.GPU.S9825,FourHundredGigE1/0/43,0,0,0,0,0,0
2024/05/24 星期五 00:23:50.465,1716481430465,NH-DC-NM129-B05-ROCE-Leaf-3.GPU.S9825,FourHundredGigE1/0/43,70283,243694458,5653,465542,0.53,0
2024/05/24 星期五 00:23:51.034,1716481431034,NH-DC-NM129-B05-ROCE-Leaf-3.GPU.S9825,FourHundredGigE1/0/43,502032,2069354996,61956,203337576,4.53,0.44
2024/05/24 星期五 00:23:51.750,1716481431750,NH-DC-NM129-B05-ROCE-Leaf-3.GPU.S9825,FourHundredGigE1/0/43,0,0,0,0,0,0
2024/05/24 星期五 00:23:52.403,1716481432403,NH-DC-NM129-B05-ROCE-Leaf-3.GPU.S9825,FourHundredGigE1/0/43,7440,12023616,39142,133393080,0.02,0.25
2024/05/24 星期五 00:23:52.962,1716481432962,NH-DC-NM129-B05-ROCE-Leaf-3.GPU.S9825,FourHundredGigE1/0/43,0,0,0,0,0,0
2024/05/24 星期五 00:23:53.463,1716481433463,NH-DC-NM129-B05-ROCE-Leaf-3.GPU.S9825,FourHundredGigE1/0/43,19114,52618012,20739,52680994,0.12,0.12
2024/05/24 星期五 00:23:53.966,1716481433966,NH-DC-NM129-B05-ROCE-Leaf-3.GPU.S9825,FourHundredGigE1/0/43,0,0,0,0,0,0
2024/05/24 星期五 00:23:54.594,1716481434594,NH-DC-NM129-B05-ROCE-Leaf-3.GPU.S9825,FourHundredGigE1/0/43,349043,12138642,247676,61266562,0.02,0.12
2024/05/24 星期五 00:23:55.553,1716481435553,NH-DC-NM129-B05-ROCE-Leaf-3.GPU.S9825,FourHundredGigE1/0/43,0,1367008908,0,898304338,1.77,1.16
2024/05/24 星期五 00:23:56.183,1716481436183,NH-DC-NM129-B05-ROCE-Leaf-3.GPU.S9825,FourHundredGigE1/0/43,17152,47480236,11305,23633726,0.08,0.04
2024/05/24 星期五 00:23:56.747,1716481436747,NH-DC-NM129-B05-ROCE-Leaf-3.GPU.S9825,FourHundredGigE1/0/43,0,0,0,0,0,0
2024/05/24 星期五 00:23:57.249,1716481437249,NH-DC-NM129-B05-ROCE-Leaf-3.GPU.S9825,FourHundredGigE1/0/43,9771,23930634,61597,194018822,0.05,0.47
2024/05/24 星期五 00:23:57.840,1716481437840,NH-DC-NM129-B05-ROCE-Leaf-3.GPU.S9825,FourHundredGigE1/0/43,0,0,0,0,0,0
2024/05/24 星期五 00:23:58.501,1716481438501,NH-DC-NM129-B05-ROCE-Leaf-3.GPU.S9825,FourHundredGigE1/0/43,52434,155642402,198502,790371812,0.28,1.49
2024/05/24 星期五 00:23:59.204,1716481439204,NH-DC-NM129-B05-ROCE-Leaf-3.GPU.S9825,FourHundredGigE1/0/43,99079,374871724,39868,131209032,0.66,0.23
2024/05/24 星期五 00:23:59.835,1716481439835,NH-DC-NM129-B05-ROCE-Leaf-3.GPU.S9825,FourHundredGigE1/0/43,0,0,0,0,0,0
2024/05/24 星期五 00:24:00.349,1716481440349,NH-DC-NM129-B05-ROCE-Leaf-3.GPU.S9825,FourHundredGigE1/0/43,20960,76672500,22282,61078852,0.17,0.15
2024/05/24 星期五 00:24:00.874,1716481440874,NH-DC-NM129-B05-ROCE-Leaf-3.GPU.S9825,FourHundredGigE1/0/43,0,0,0,0,0,0
2024/05/24 星期五 00:24:01.375,1716481441375,NH-DC-NM129-B05-ROCE-Leaf-3.GPU.S9825,FourHundredGigE1/0/43,8638,23595896,24150,72919676,0.05,0.17
2024/05/24 星期五 00:24:02.001,1716481442001,NH-DC-NM129-B05-ROCE-Leaf-3.GPU.S9825,FourHundredGigE1/0/43,202225,786108570,101349,393284762,1.56,0.78
2024/05/24 星期五 00:24:02.774,1716481442774,NH-DC-NM129-B05-ROCE-Leaf-3.GPU.S9825,FourHundredGigE1/0/43,0,0,0,0,0,0
2024/05/24 星期五 00:24:03.284,1716481443284,NH-DC-NM129-B05-ROCE-Leaf-3.GPU.S9825,FourHundredGigE1/0/43,17853,52445186,1026,84084,0.12,0
2024/05/24 星期五 00:24:03.803,1716481443803,NH-DC-NM129-B05-ROCE-Leaf-3.GPU.S9825,FourHundredGigE1/0/43,0,0,0,0,0,0
2024/05/24 星期五 00:24:04.323,1716481444323,NH-DC-NM129-B05-ROCE-Leaf-3.GPU.S9825,FourHundredGigE1/0/43,3894,18281264,13242,23803392,0.02,0.05
2024/05/24 星期五 00:24:04.840,1716481444840,NH-DC-NM129-B05-ROCE-Leaf-3.GPU.S9825,FourHundredGigE1/0/43,0,0,0,0,0,0
2024/05/24 星期五 00:24:05.355,1716481445355,NH-DC-NM129-B05-ROCE-Leaf-3.GPU.S9825,FourHundredGigE1/0/43,39833,134504030,26810,98403524,0.32,0.22
2024/05/24 星期五 00:24:06.286,1716481446286,NH-DC-NM129-B05-ROCE-Leaf-3.GPU.S9825,FourHundredGigE1/0/43,108375,421419690,183804,749729236,0.56,0.99
2024/05/24 星期五 00:24:06.886,1716481446886,NH-DC-NM129-B05-ROCE-Leaf-3.GPU.S9825,FourHundredGigE1/0/43,0,0,0,0,0,0
2024/05/24 星期五 00:24:07.386,1716481447386,NH-DC-NM129-B05-ROCE-Leaf-3.GPU.S9825,FourHundredGigE1/0/43,1152,232336,32169,104610510,0,0.25
2024/05/24 星期五 00:24:07.988,1716481447988,NH-DC-NM129-B05-ROCE-Leaf-3.GPU.S9825,FourHundredGigE1/0/43,0,0,0,0,0,0
2024/05/24 星期五 00:24:08.490,1716481448490,NH-DC-NM129-B05-ROCE-Leaf-3.GPU.S9825,FourHundredGigE1/0/43,1624,5905652,7866,22979616,0,0.05
2024/05/24 星期五 00:24:08.990,1716481448990,NH-DC-NM129-B05-ROCE-Leaf-3.GPU.S9825,FourHundredGigE1/0/43,45143,132418310,184144,738217180,0.32,1.82
2024/05/24 星期五 00:24:09.850,1716481449850,NH-DC-NM129-B05-ROCE-Leaf-3.GPU.S9825,FourHundredGigE1/0/43,0,0,0,0,0,0
2024/05/24 星期五 00:24:10.353,1716481450353,NH-DC-NM129-B05-ROCE-Leaf-3.GPU.S9825,FourHundredGigE1/0/43,1869,151602,5339,11611954,0,0.02
2024/05/24 星期五 00:24:10.854,1716481450854,NH-DC-NM129-B05-ROCE-Leaf-3.GPU.S9825,FourHundredGigE1/0/43,0,0,0,0,0,0
2024/05/24 星期五 00:24:11.350,1716481451350,NH-DC-NM129-B05-ROCE-Leaf-3.GPU.S9825,FourHundredGigE1/0/43,7045,21915229,12544,12552128,0.05,0.03
2024/05/24 星期五 00:24:11.862,1716481451862,NH-DC-NM129-B05-ROCE-Leaf-3.GPU.S9825,FourHundredGigE1/0/43,0,0,0,0,0,0
2024/05/24 星期五 00:24:12.366,1716481452366,NH-DC-NM129-B05-ROCE-Leaf-3.GPU.S9825,FourHundredGigE1/0/43,19567,65218194,5778,12977324,0.15,0.02
2024/05/24 星期五 00:24:13.154,1716481453154,NH-DC-NM129-B05-ROCE-Leaf-3.GPU.S9825,FourHundredGigE1/0/43,28706,81732032,18260,55920980,0.13,0.08
2024/05/24 星期五 00:24:13.669,1716481453669,NH-DC-NM129-B05-ROCE-Leaf-3.GPU.S9825,FourHundredGigE1/0/43,0,0,0,0,0,0
2024/05/24 星期五 00:24:14.169,1716481454169,NH-DC-NM129-B05-ROCE-Leaf-3.GPU.S9825,FourHundredGigE1/0/43,43324,159791320,36384,105137280,0.38,0.25
2024/05/24 星期五 00:24:15.318,1716481455318,NH-DC-NM129-B05-ROCE-Leaf-3.GPU.S9825,FourHundredGigE1/0/43,4551,2464274,36683,138070502,0,0.14
2024/05/24 星期五 00:24:16.069,1716481456069,NH-DC-NM129-B05-ROCE-Leaf-3.GPU.S9825,FourHundredGigE1/0/43,39497,153406074,302741,1219795418,0.25,2.01
2024/05/24 星期五 00:24:16.846,1716481456846,NH-DC-NM129-B05-ROCE-Leaf-3.GPU.S9825,FourHundredGigE1/0/43,0,0,0,0,0,0
2024/05/24 星期五 00:24:17.349,1716481457349,NH-DC-NM129-B05-ROCE-Leaf-3.GPU.S9825,FourHundredGigE1/0/43,21580,47786212,16257,35580678,0.10,0.07
2024/05/24 星期五 00:24:17.867,1716481457867,NH-DC-NM129-B05-ROCE-Leaf-3.GPU.S9825,FourHundredGigE1/0/43,0,0,0,0,0,0
2024/05/24 星期五 00:24:18.367,1716481458367,NH-DC-NM129-B05-ROCE-Leaf-3.GPU.S9825,FourHundredGigE1/0/43,9736,12360488,23825,64110266,0.02,0.15
2024/05/24 星期五 00:24:18.868,1716481458868,NH-DC-NM129-B05-ROCE-Leaf-3.GPU.S9825,FourHundredGigE1/0/43,0,0,0,0,0,0
2024/05/24 星期五 00:24:19.371,1716481459371,NH-DC-NM129-B05-ROCE-Leaf-3.GPU.S9825,FourHundredGigE1/0/43,34069,116751942,29074,88333652,0.27,0.20
2024/05/24 星期五 00:24:20.189,1716481460189,NH-DC-NM129-B05-ROCE-Leaf-3.GPU.S9825,FourHundredGigE1/0/43,95195,370964618,60409,177774078,0.57,0.26
2024/05/24 星期五 00:24:20.690,1716481460690,NH-DC-NM129-B05-ROCE-Leaf-3.GPU.S9825,FourHundredGigE1/0/43,0,0,0,0,0,0
2024/05/24 星期五 00:24:21.196,1716481461196,NH-DC-NM129-B05-ROCE-Leaf-3.GPU.S9825,FourHundredGigE1/0/43,86319,299644134,5385,11614658,0.72,0.02
2024/05/24 星期五 00:24:21.762,1716481461762,NH-DC-NM129-B05-ROCE-Leaf-3.GPU.S9825,FourHundredGigE1/0/43,0,0,0,0,0,0
2024/05/24 星期五 00:24:22.292,1716481462292,NH-DC-NM129-B05-ROCE-Leaf-3.GPU.S9825,FourHundredGigE1/0/43,29117,64987422,7887,12741790,0.14,0.02
2024/05/24 星期五 00:24:23.357,1716481463357,NH-DC-NM129-B05-ROCE-Leaf-3.GPU.S9825,FourHundredGigE1/0/43,20336,72016104,287937,1175900214,0.08,1.37
2024/05/24 星期五 00:24:24.078,1716481464078,NH-DC-NM129-B05-ROCE-Leaf-3.GPU.S9825,FourHundredGigE1/0/43,789,63382,7299,26704614,0,0.03
2024/05/24 星期五 00:24:24.581,1716481464581,NH-DC-NM129-B05-ROCE-Leaf-3.GPU.S9825,FourHundredGigE1/0/43,0,0,0,0,0,0
2024/05/24 星期五 00:24:25.082,1716481465082,NH-DC-NM129-B05-ROCE-Leaf-3.GPU.S9825,FourHundredGigE1/0/43,7343,23493422,15469,24352498,0.05,0.05
2024/05/24 星期五 00:24:25.585,1716481465585,NH-DC-NM129-B05-ROCE-Leaf-3.GPU.S9825,FourHundredGigE1/0/43,0,0,0,0,0,0
2024/05/24 星期五 00:24:26.141,1716481466141,NH-DC-NM129-B05-ROCE-Leaf-3.GPU.S9825,FourHundredGigE1/0/43,28941,99136086,8309,26130282,0.20,0.04
2024/05/24 星期五 00:24:26.978,1716481466978,NH-DC-NM129-B05-ROCE-Leaf-3.GPU.S9825,FourHundredGigE1/0/43,0,0,0,0,0,0
2024/05/24 星期五 00:24:27.478,1716481467478,NH-DC-NM129-B05-ROCE-Leaf-3.GPU.S9825,FourHundredGigE1/0/43,3674,290372,189244,758247240,0,1.88
2024/05/24 星期五 00:24:28.002,1716481468002,NH-DC-NM129-B05-ROCE-Leaf-3.GPU.S9825,FourHundredGigE1/0/43,0,0,0,0,0,0
2024/05/24 星期五 00:24:28.502,1716481468502,NH-DC-NM129-B05-ROCE-Leaf-3.GPU.S9825,FourHundredGigE1/0/43,4130,11686824,3105,11422642,0.02,0.02
2024/05/24 星期五 00:24:29.003,1716481469003,NH-DC-NM129-B05-ROCE-Leaf-3.GPU.S9825,FourHundredGigE1/0/43,0,0,0,0,0,0
2024/05/24 星期五 00:24:29.505,1716481469505,NH-DC-NM129-B05-ROCE-Leaf-3.GPU.S9825,FourHundredGigE1/0/43,49088,171029568,6635,22880022,0.42,0.05
2024/05/24 星期五 00:24:30.272,1716481470272,NH-DC-NM129-B05-ROCE-Leaf-3.GPU.S9825,FourHundredGigE1/0/43,180574,737935348,176511,709787476,1.19,1.14
2024/05/24 星期五 00:24:30.772,1716481470772,NH-DC-NM129-B05-ROCE-Leaf-3.GPU.S9825,FourHundredGigE1/0/43,0,0,0,0,0,0
2024/05/24 星期五 00:24:31.274,1716481471274,NH-DC-NM129-B05-ROCE-Leaf-3.GPU.S9825,FourHundredGigE1/0/43,10963,35432658,69787,286253720,0.07,0.70
2024/05/24 星期五 00:24:31.854,1716481471854,NH-DC-NM129-B05-ROCE-Leaf-3.GPU.S9825,FourHundredGigE1/0/43,0,0,0,0,0,0
2024/05/24 星期五 00:24:32.423,1716481472423,NH-DC-NM129-B05-ROCE-Leaf-3.GPU.S9825,FourHundredGigE1/0/43,3464,9374088,21291,24825442,0,0.04
2024/05/24 星期五 00:24:32.927,1716481472927,NH-DC-NM129-B05-ROCE-Leaf-3.GPU.S9825,FourHundredGigE1/0/43,0,0,0,0,0,0
2024/05/24 星期五 00:24:33.572,1716481473572,NH-DC-NM129-B05-ROCE-Leaf-3.GPU.S9825,FourHundredGigE1/0/43,673,2296890,22,2212,0,0
2024/05/24 星期五 00:24:34.325,1716481474325,NH-DC-NM129-B05-ROCE-Leaf-3.GPU.S9825,FourHundredGigE1/0/43,39945,14625242,387698,1576908464,0.02,2.61
2024/05/24 星期五 00:24:34.946,1716481474946,NH-DC-NM129-B05-ROCE-Leaf-3.GPU.S9825,FourHundredGigE1/0/43,0,0,0,0,0,0
2024/05/24 星期五 00:24:35.486,1716481475486,NH-DC-NM129-B05-ROCE-Leaf-3.GPU.S9825,FourHundredGigE1/0/43,67602,273047380,70954,266509952,0.62,0.60
2024/05/24 星期五 00:24:36.063,1716481476063,NH-DC-NM129-B05-ROCE-Leaf-3.GPU.S9825,FourHundredGigE1/0/43,8635,23595766,91992,287309216,0.04,0.61
2024/05/24 星期五 00:24:36.668,1716481476668,NH-DC-NM129-B05-ROCE-Leaf-3.GPU.S9825,FourHundredGigE1/0/43,0,0,0,0,0,0
2024/05/24 星期五 00:24:37.491,1716481477491,NH-DC-NM129-B05-ROCE-Leaf-3.GPU.S9825,FourHundredGigE1/0/43,189068,760664410,251210,959133896,1.15,1.44
2024/05/24 星期五 00:24:37.993,1716481477993,NH-DC-NM129-B05-ROCE-Leaf-3.GPU.S9825,FourHundredGigE1/0/43,0,0,0,0,0,0
2024/05/24 星期五 00:24:38.577,1716481478577,NH-DC-NM129-B05-ROCE-Leaf-3.GPU.S9825,FourHundredGigE1/0/43,19113,65731716,56910,186067388,0.13,0.39
2024/05/24 星期五 00:24:39.116,1716481479116,NH-DC-NM129-B05-ROCE-Leaf-3.GPU.S9825,FourHundredGigE1/0/43,23547,55081386,77192,263691116,0.12,0.60
2024/05/24 星期五 00:24:39.618,1716481479618,NH-DC-NM129-B05-ROCE-Leaf-3.GPU.S9825,FourHundredGigE1/0/43,0,0,0,0,0,0
2024/05/24 星期五 00:24:40.161,1716481480161,NH-DC-NM129-B05-ROCE-Leaf-3.GPU.S9825,FourHundredGigE1/0/43,11424,25848228,55045,198888978,0.05,0.44
2024/05/24 星期五 00:24:40.902,1716481480902,NH-DC-NM129-B05-ROCE-Leaf-3.GPU.S9825,FourHundredGigE1/0/43,0,0,0,0,0,0
2024/05/24 星期五 00:24:41.417,1716481481417,NH-DC-NM129-B05-ROCE-Leaf-3.GPU.S9825,FourHundredGigE1/0/43,227154,911744195,227362,900915484,2.21,2.18
2024/05/24 星期五 00:24:41.961,1716481481961,NH-DC-NM129-B05-ROCE-Leaf-3.GPU.S9825,FourHundredGigE1/0/43,0,0,0,0,0,0
2024/05/24 星期五 00:24:42.915,1716481482915,NH-DC-NM129-B05-ROCE-Leaf-3.GPU.S9825,FourHundredGigE1/0/43,28427,83840714,47174,173176260,0.10,0.22
2024/05/24 星期五 00:24:43.418,1716481483418,NH-DC-NM129-B05-ROCE-Leaf-3.GPU.S9825,FourHundredGigE1/0/43,5303,11993862,11296,913424,0.02,0
2024/05/24 星期五 00:24:44.200,1716481484200,NH-DC-NM129-B05-ROCE-Leaf-3.GPU.S9825,FourHundredGigE1/0/43,43759,157759238,18710,56170428,0.24,0.08
2024/05/24 星期五 00:24:44.707,1716481484707,NH-DC-NM129-B05-ROCE-Leaf-3.GPU.S9825,FourHundredGigE1/0/43,0,0,0,0,0,0
2024/05/24 星期五 00:24:45.300,1716481485300,NH-DC-NM129-B05-ROCE-Leaf-3.GPU.S9825,FourHundredGigE1/0/43,235429,918171190,37547,98348486,1.92,0.19
2024/05/24 星期五 00:24:47.225,1716481487225,NH-DC-NM129-B05-ROCE-Leaf-3.GPU.S9825,FourHundredGigE1/0/43,11247,23809654,74009,269565778,0.01,0.17
2024/05/24 星期五 00:24:49.427,1716481489427,NH-DC-NM129-B05-ROCE-Leaf-3.GPU.S9825,FourHundredGigE1/0/43,482038,1921856880,387558,1529643108,1.09,0.86
2024/05/24 星期五 00:24:49.971,1716481489971,NH-DC-NM129-B05-ROCE-Leaf-3.GPU.S9825,FourHundredGigE1/0/43,15486,38436020,38607,123728278,0.07,0.28
2024/05/24 星期五 00:24:50.547,1716481490547,NH-DC-NM129-B05-ROCE-Leaf-3.GPU.S9825,FourHundredGigE1/0/43,0,0,0,0,0,0
2024/05/24 星期五 00:24:51.303,1716481491303,NH-DC-NM129-B05-ROCE-Leaf-3.GPU.S9825,FourHundredGigE1/0/43,8614,26832312,20783,48153726,0.03,0.07
2024/05/24 星期五 00:24:51.804,1716481491804,NH-DC-NM129-B05-ROCE-Leaf-3.GPU.S9825,FourHundredGigE1/0/43,0,0,0,0,0,0
2024/05/24 星期五 00:24:52.305,1716481492305,NH-DC-NM129-B05-ROCE-Leaf-3.GPU.S9825,FourHundredGigE1/0/43,46835,162095558,24936,82880584,0.40,0.20
2024/05/24 星期五 00:24:52.984,1716481492984,NH-DC-NM129-B05-ROCE-Leaf-3.GPU.S9825,FourHundredGigE1/0/43,0,0,0,0,0,0
2024/05/24 星期五 00:24:53.485,1716481493485,NH-DC-NM129-B05-ROCE-Leaf-3.GPU.S9825,FourHundredGigE1/0/43,35982,115385232,52031,162602310,0.27,0.40
2024/05/24 星期五 00:24:53.987,1716481493987,NH-DC-NM129-B05-ROCE-Leaf-3.GPU.S9825,FourHundredGigE1/0/43,41605,119555230,28417,95604142,0.27,0.22
2024/05/24 星期五 00:24:54.872,1716481494872,NH-DC-NM129-B05-ROCE-Leaf-3.GPU.S9825,FourHundredGigE1/0/43,0,0,0,0,0,0
2024/05/24 星期五 00:24:55.362,1716481495362,NH-DC-NM129-B05-ROCE-Leaf-3.GPU.S9825,FourHundredGigE1/0/43,58604,181198272,22917,83912698,0.46,0.20
2024/05/24 星期五 00:24:55.926,1716481495926,NH-DC-NM129-B05-ROCE-Leaf-3.GPU.S9825,FourHundredGigE1/0/43,29620,87747968,213238,836491560,0.18,1.84
2024/05/24 星期五 00:24:56.612,1716481496612,NH-DC-NM129-B05-ROCE-Leaf-3.GPU.S9825,FourHundredGigE1/0/43,0,0,0,0,0,0
2024/05/24 星期五 00:24:57.118,1716481497118,NH-DC-NM129-B05-ROCE-Leaf-3.GPU.S9825,FourHundredGigE1/0/43,118052,455544424,69782,246785304,1.11,0.59
2024/05/24 星期五 00:24:57.831,1716481497831,NH-DC-NM129-B05-ROCE-Leaf-3.GPU.S9825,FourHundredGigE1/0/43,0,0,0,0,0,0
2024/05/24 星期五 00:24:58.491,1716481498491,NH-DC-NM129-B05-ROCE-Leaf-3.GPU.S9825,FourHundredGigE1/0/43,68389,220872194,4327,366322,0.42,0
2024/05/24 星期五 00:24:58.993,1716481498993,NH-DC-NM129-B05-ROCE-Leaf-3.GPU.S9825,FourHundredGigE1/0/43,243317,988848394,194264,757168528,2.44,1.87
2024/05/24 星期五 00:24:59.585,1716481499585,NH-DC-NM129-B05-ROCE-Leaf-3.GPU.S9825,FourHundredGigE1/0/43,0,0,0,0,0,0
2024/05/24 星期五 00:25:00.433,1716481500433,NH-DC-NM129-B05-ROCE-Leaf-3.GPU.S9825,FourHundredGigE1/0/43,14185,31545866,111914,430051780,0.04,0.63
2024/05/24 星期五 00:25:00.933,1716481500933,NH-DC-NM129-B05-ROCE-Leaf-3.GPU.S9825,FourHundredGigE1/0/43,6634,27482320,3592,11836512,0.05,0.02
2024/05/24 星期五 00:25:01.628,1716481501628,NH-DC-NM129-B05-ROCE-Leaf-3.GPU.S9825,FourHundredGigE1/0/43,0,0,0,0,0,0
2024/05/24 星期五 00:25:02.143,1716481502143,NH-DC-NM129-B05-ROCE-Leaf-3.GPU.S9825,FourHundredGigE1/0/43,9621,35471066,38788,14322244,0.07,0.02
2024/05/24 星期五 00:25:02.668,1716481502668,NH-DC-NM129-B05-ROCE-Leaf-3.GPU.S9825,FourHundredGigE1/0/43,0,0,0,0,0,0
2024/05/24 星期五 00:25:03.182,1716481503182,NH-DC-NM129-B05-ROCE-Leaf-3.GPU.S9825,FourHundredGigE1/0/43,34579,118855334,10902,23603928,0.27,0.05
2024/05/24 星期五 00:25:03.736,1716481503736,NH-DC-NM129-B05-ROCE-Leaf-3.GPU.S9825,FourHundredGigE1/0/43,0,0,0,0,0,0
2024/05/24 星期五 00:25:04.238,1716481504238,NH-DC-NM129-B05-ROCE-Leaf-3.GPU.S9825,FourHundredGigE1/0/43,23880,86314080,10120,35458920,0.20,0.07
2024/05/24 星期五 00:25:05.041,1716481505041,NH-DC-NM129-B05-ROCE-Leaf-3.GPU.S9825,FourHundredGigE1/0/43,0,0,0,0,0,0
2024/05/24 星期五 00:25:05.542,1716481505542,NH-DC-NM129-B05-ROCE-Leaf-3.GPU.S9825,FourHundredGigE1/0/43,63660,221915064,32678,93865448,0.55,0.22
2024/05/24 星期五 00:25:06.041,1716481506041,NH-DC-NM129-B05-ROCE-Leaf-3.GPU.S9825,FourHundredGigE1/0/43,41867,160020650,14536,35441288,0.40,0.08
2024/05/24 星期五 00:25:06.620,1716481506620,NH-DC-NM129-B05-ROCE-Leaf-3.GPU.S9825,FourHundredGigE1/0/43,0,0,0,0,0,0
2024/05/24 星期五 00:25:07.172,1716481507172,NH-DC-NM129-B05-ROCE-Leaf-3.GPU.S9825,FourHundredGigE1/0/43,221177,816228878,343639,1365203350,1.83,3.08
2024/05/24 星期五 00:25:07.675,1716481507675,NH-DC-NM129-B05-ROCE-Leaf-3.GPU.S9825,FourHundredGigE1/0/43,0,0,0,0,0,0
2024/05/24 星期五 00:25:08.511,1716481508511,NH-DC-NM129-B05-ROCE-Leaf-3.GPU.S9825,FourHundredGigE1/0/43,83809,307833346,8445,23426186,0.45,0.03
2024/05/24 星期五 00:25:09.013,1716481509013,NH-DC-NM129-B05-ROCE-Leaf-3.GPU.S9825,FourHundredGigE1/0/43,0,0,0,0,0,0
2024/05/24 星期五 00:25:09.515,1716481509515,NH-DC-NM129-B05-ROCE-Leaf-3.GPU.S9825,FourHundredGigE1/0/43,6870,23458184,3108,11422840,0.05,0.02
2024/05/24 星期五 00:25:10.105,1716481510105,NH-DC-NM129-B05-ROCE-Leaf-3.GPU.S9825,FourHundredGigE1/0/43,206513,832212918,254812,1020966578,1.76,2.16
2024/05/24 星期五 00:25:10.698,1716481510698,NH-DC-NM129-B05-ROCE-Leaf-3.GPU.S9825,FourHundredGigE1/0/43,0,0,0,0,0,0
2024/05/24 星期五 00:25:11.201,1716481511201,NH-DC-NM129-B05-ROCE-Leaf-3.GPU.S9825,FourHundredGigE1/0/43,15992,50046631,24204,98133974,0.12,0.22
2024/05/24 星期五 00:25:12.009,1716481512009,NH-DC-NM129-B05-ROCE-Leaf-3.GPU.S9825,FourHundredGigE1/0/43,0,0,0,0,0,0
2024/05/24 星期五 00:25:12.509,1716481512509,NH-DC-NM129-B05-ROCE-Leaf-3.GPU.S9825,FourHundredGigE1/0/43,47890,132554516,11319,923742,0.32,0
2024/05/24 星期五 00:25:13.009,1716481513009,NH-DC-NM129-B05-ROCE-Leaf-3.GPU.S9825,FourHundredGigE1/0/43,0,0,0,0,0,0
2024/05/24 星期五 00:25:13.511,1716481513511,NH-DC-NM129-B05-ROCE-Leaf-3.GPU.S9825,FourHundredGigE1/0/43,3721,11864734,7656,22194372,0.02,0.05
2024/05/24 星期五 00:25:14.107,1716481514107,NH-DC-NM129-B05-ROCE-Leaf-3.GPU.S9825,FourHundredGigE1/0/43,206088,821948208,141031,499177250,1.72,1.03
2024/05/24 星期五 00:25:14.612,1716481514612,NH-DC-NM129-B05-ROCE-Leaf-3.GPU.S9825,FourHundredGigE1/0/43,0,0,0,0,0,0
2024/05/24 星期五 00:25:15.360,1716481515360,NH-DC-NM129-B05-ROCE-Leaf-3.GPU.S9825,FourHundredGigE1/0/43,15055,52221170,9128,18247432,0.08,0.02
2024/05/24 星期五 00:25:15.861,1716481515861,NH-DC-NM129-B05-ROCE-Leaf-3.GPU.S9825,FourHundredGigE1/0/43,0,0,0,0,0,0
2024/05/24 星期五 00:25:16.369,1716481516369,NH-DC-NM129-B05-ROCE-Leaf-3.GPU.S9825,FourHundredGigE1/0/43,39006,145945756,18691,39373498,0.34,0.07
2024/05/24 星期五 00:25:16.991,1716481516991,NH-DC-NM129-B05-ROCE-Leaf-3.GPU.S9825,FourHundredGigE1/0/43,0,0,0,0,0,0
2024/05/24 星期五 00:25:17.500,1716481517500,NH-DC-NM129-B05-ROCE-Leaf-3.GPU.S9825,FourHundredGigE1/0/43,55887,178341010,6344,11482128,0.42,0.02
2024/05/24 星期五 00:25:18.018,1716481518018,NH-DC-NM129-B05-ROCE-Leaf-3.GPU.S9825,FourHundredGigE1/0/43,7429,9521422,37115,98129598,0,0.22
2024/05/24 星期五 00:25:18.768,1716481518768,NH-DC-NM129-B05-ROCE-Leaf-3.GPU.S9825,FourHundredGigE1/0/43,0,0,0,0,0,0
2024/05/24 星期五 00:25:19.271,1716481519271,NH-DC-NM129-B05-ROCE-Leaf-3.GPU.S9825,FourHundredGigE1/0/43,46607,160151538,79410,297473148,0.40,0.72
2024/05/24 星期五 00:25:19.796,1716481519796,NH-DC-NM129-B05-ROCE-Leaf-3.GPU.S9825,FourHundredGigE1/0/43,0,0,0,0,0,0
2024/05/24 星期五 00:25:20.312,1716481520312,NH-DC-NM129-B05-ROCE-Leaf-3.GPU.S9825,FourHundredGigE1/0/43,52888,185773836,42628,143663308,0.44,0.34
2024/05/24 星期五 00:25:20.921,1716481520921,NH-DC-NM129-B05-ROCE-Leaf-3.GPU.S9825,FourHundredGigE1/0/43,0,0,0,0,0,0
2024/05/24 星期五 00:25:21.425,1716481521425,NH-DC-NM129-B05-ROCE-Leaf-3.GPU.S9825,FourHundredGigE1/0/43,25416,40768996,163822,593410456,0.10,1.46
2024/05/24 星期五 00:25:22.254,1716481522254,NH-DC-NM129-B05-ROCE-Leaf-3.GPU.S9825,FourHundredGigE1/0/43,16645,24770066,23794,80080484,0.03,0.12
2024/05/24 星期五 00:25:23.564,1716481523564,NH-DC-NM129-B05-ROCE-Leaf-3.GPU.S9825,FourHundredGigE1/0/43,54078,204690164,46983,158642706,0.19,0.14
2024/05/24 星期五 00:25:24.348,1716481524348,NH-DC-NM129-B05-ROCE-Leaf-3.GPU.S9825,FourHundredGigE1/0/43,25025,78188758,3206,11814208,0.11,0.02
2024/05/24 星期五 00:25:24.926,1716481524926,NH-DC-NM129-B05-ROCE-Leaf-3.GPU.S9825,FourHundredGigE1/0/43,211271,841743242,34899,64388618,1.82,0.13
2024/05/24 星期五 00:25:25.600,1716481525600,NH-DC-NM129-B05-ROCE-Leaf-3.GPU.S9825,FourHundredGigE1/0/43,0,0,0,0,0,0
2024/05/24 星期五 00:25:26.102,1716481526102,NH-DC-NM129-B05-ROCE-Leaf-3.GPU.S9825,FourHundredGigE1/0/43,18106,26861836,46149,144758026,0.05,0.35
2024/05/24 星期五 00:25:26.647,1716481526647,NH-DC-NM129-B05-ROCE-Leaf-3.GPU.S9825,FourHundredGigE1/0/43,0,0,0,0,0,0
2024/05/24 星期五 00:25:27.159,1716481527159,NH-DC-NM129-B05-ROCE-Leaf-3.GPU.S9825,FourHundredGigE1/0/43,34666,121485372,2672,216556,0.29,0
2024/05/24 星期五 00:25:27.784,1716481527784,NH-DC-NM129-B05-ROCE-Leaf-3.GPU.S9825,FourHundredGigE1/0/43,0,0,0,0,0,0
2024/05/24 星期五 00:25:28.517,1716481528517,NH-DC-NM129-B05-ROCE-Leaf-3.GPU.S9825,FourHundredGigE1/0/43,111555,434002166,296817,1134431030,0.73,1.93
2024/05/24 星期五 00:25:29.214,1716481529214,NH-DC-NM129-B05-ROCE-Leaf-3.GPU.S9825,FourHundredGigE1/0/43,89980,323881108,27080,78008628,0.57,0.13
2024/05/24 星期五 00:25:29.838,1716481529838,NH-DC-NM129-B05-ROCE-Leaf-3.GPU.S9825,FourHundredGigE1/0/43,0,0,0,0,0,0
2024/05/24 星期五 00:25:30.441,1716481530441,NH-DC-NM129-B05-ROCE-Leaf-3.GPU.S9825,FourHundredGigE1/0/43,12044,28404544,72658,249463064,0.04,0.50
2024/05/24 星期五 00:25:31.039,1716481531039,NH-DC-NM129-B05-ROCE-Leaf-3.GPU.S9825,FourHundredGigE1/0/43,16820,17164128,17150,48998188,0.02,0.08
2024/05/24 星期五 00:25:31.556,1716481531556,NH-DC-NM129-B05-ROCE-Leaf-3.GPU.S9825,FourHundredGigE1/0/43,0,0,0,0,0,0
2024/05/24 星期五 00:25:32.344,1716481532344,NH-DC-NM129-B05-ROCE-Leaf-3.GPU.S9825,FourHundredGigE1/0/43,192847,750330378,219929,863153646,1.19,1.36
2024/05/24 星期五 00:25:32.845,1716481532845,NH-DC-NM129-B05-ROCE-Leaf-3.GPU.S9825,FourHundredGigE1/0/43,0,0,0,0,0,0
2024/05/24 星期五 00:25:33.347,1716481533347,NH-DC-NM129-B05-ROCE-Leaf-3.GPU.S9825,FourHundredGigE1/0/43,9064,16532336,8233,11837298,0.02,0.02
2024/05/24 星期五 00:25:34.132,1716481534132,NH-DC-NM129-B05-ROCE-Leaf-3.GPU.S9825,FourHundredGigE1/0/43,17367,33266122,7097,11761926,0.05,0.02
2024/05/24 星期五 00:25:34.816,1716481534816,NH-DC-NM129-B05-ROCE-Leaf-3.GPU.S9825,FourHundredGigE1/0/43,0,0,0,0,0,0
2024/05/24 星期五 00:25:35.492,1716481535492,NH-DC-NM129-B05-ROCE-Leaf-3.GPU.S9825,FourHundredGigE1/0/43,23772,77591648,28674,103830000,0.13,0.18
2024/05/24 星期五 00:25:36.121,1716481536121,NH-DC-NM129-B05-ROCE-Leaf-3.GPU.S9825,FourHundredGigE1/0/43,428883,1742660050,289619,1165760970,3.46,2.31
2024/05/24 星期五 00:25:36.622,1716481536622,NH-DC-NM129-B05-ROCE-Leaf-3.GPU.S9825,FourHundredGigE1/0/43,0,0,0,0,0,0
2024/05/24 星期五 00:25:37.158,1716481537158,NH-DC-NM129-B05-ROCE-Leaf-3.GPU.S9825,FourHundredGigE1/0/43,59160,246749592,65457,265243078,0.56,0.61
2024/05/24 星期五 00:25:37.700,1716481537700,NH-DC-NM129-B05-ROCE-Leaf-3.GPU.S9825,FourHundredGigE1/0/43,0,0,0,0,0,0
2024/05/24 星期五 00:25:38.255,1716481538255,NH-DC-NM129-B05-ROCE-Leaf-3.GPU.S9825,FourHundredGigE1/0/43,7333,23492410,506,41580,0.05,0
2024/05/24 星期五 00:25:38.975,1716481538975,NH-DC-NM129-B05-ROCE-Leaf-3.GPU.S9825,FourHundredGigE1/0/43,231253,928719526,359482,1487256660,1.60,2.57
2024/05/24 星期五 00:25:39.591,1716481539591,NH-DC-NM129-B05-ROCE-Leaf-3.GPU.S9825,FourHundredGigE1/0/43,0,0,0,0,0,0
2024/05/24 星期五 00:25:40.093,1716481540093,NH-DC-NM129-B05-ROCE-Leaf-3.GPU.S9825,FourHundredGigE1/0/43,98224,392269544,93552,343994760,0.97,0.85
2024/05/24 星期五 00:25:40.643,1716481540643,NH-DC-NM129-B05-ROCE-Leaf-3.GPU.S9825,FourHundredGigE1/0/43,0,0,0,0,0,0
2024/05/24 星期五 00:25:41.143,1716481541143,NH-DC-NM129-B05-ROCE-Leaf-3.GPU.S9825,FourHundredGigE1/0/43,3650,11700595,6730,23638292,0.02,0.05
2024/05/24 星期五 00:25:41.641,1716481541641,NH-DC-NM129-B05-ROCE-Leaf-3.GPU.S9825,FourHundredGigE1/0/43,0,0,0,0,0,0
2024/05/24 星期五 00:25:42.301,1716481542301,NH-DC-NM129-B05-ROCE-Leaf-3.GPU.S9825,FourHundredGigE1/0/43,15713,37802906,13465,37743598,0.06,0.06
2024/05/24 星期五 00:25:42.929,1716481542929,NH-DC-NM129-B05-ROCE-Leaf-3.GPU.S9825,FourHundredGigE1/0/43,0,0,0,0,0,0
2024/05/24 星期五 00:25:43.429,1716481543429,NH-DC-NM129-B05-ROCE-Leaf-3.GPU.S9825,FourHundredGigE1/0/43,68351,225644050,270959,1106901470,0.55,2.75
2024/05/24 星期五 00:25:43.985,1716481543985,NH-DC-NM129-B05-ROCE-Leaf-3.GPU.S9825,FourHundredGigE1/0/43,0,0,0,0,0,0
2024/05/24 星期五 00:25:44.493,1716481544493,NH-DC-NM129-B05-ROCE-Leaf-3.GPU.S9825,FourHundredGigE1/0/43,487,40326,60281,204669130,0,0.49
2024/05/24 星期五 00:25:45.101,1716481545101,NH-DC-NM129-B05-ROCE-Leaf-3.GPU.S9825,FourHundredGigE1/0/43,55708,182968512,494,40500,0.37,0
2024/05/24 星期五 00:25:46.525,1716481546525,NH-DC-NM129-B05-ROCE-Leaf-3.GPU.S9825,FourHundredGigE1/0/43,343964,1381336256,42181,132716502,1.21,0.11
2024/05/24 星期五 00:25:47.911,1716481547911,NH-DC-NM129-B05-ROCE-Leaf-3.GPU.S9825,FourHundredGigE1/0/43,0,0,0,0,0,0
2024/05/24 星期五 00:25:48.418,1716481548418,NH-DC-NM129-B05-ROCE-Leaf-3.GPU.S9825,FourHundredGigE1/0/43,17721,63934526,83798,312244872,0.15,0.76
2024/05/24 星期五 00:25:48.964,1716481548964,NH-DC-NM129-B05-ROCE-Leaf-3.GPU.S9825,FourHundredGigE1/0/43,24377,51173754,12119,35841318,0.11,0.07
2024/05/24 星期五 00:25:49.627,1716481549627,NH-DC-NM129-B05-ROCE-Leaf-3.GPU.S9825,FourHundredGigE1/0/43,0,0,0,0,0,0
2024/05/24 星期五 00:25:50.271,1716481550271,NH-DC-NM129-B05-ROCE-Leaf-3.GPU.S9825,FourHundredGigE1/0/43,209788,849865672,300336,1208766040,1.63,2.33
2024/05/24 星期五 00:25:50.941,1716481550941,NH-DC-NM129-B05-ROCE-Leaf-3.GPU.S9825,FourHundredGigE1/0/43,24305,84393326,6709,12085770,0.15,0.02
2024/05/24 星期五 00:25:51.619,1716481551619,NH-DC-NM129-B05-ROCE-Leaf-3.GPU.S9825,FourHundredGigE1/0/43,0,0,0,0,0,0
2024/05/24 星期五 00:25:52.121,1716481552121,NH-DC-NM129-B05-ROCE-Leaf-3.GPU.S9825,FourHundredGigE1/0/43,33794,111679360,4639,377530,0.27,0
2024/05/24 星期五 00:25:52.695,1716481552695,NH-DC-NM129-B05-ROCE-Leaf-3.GPU.S9825,FourHundredGigE1/0/43,0,0,0,0,0,0
2024/05/24 星期五 00:25:53.245,1716481553245,NH-DC-NM129-B05-ROCE-Leaf-3.GPU.S9825,FourHundredGigE1/0/43,21735,68867838,22075,72672414,0.14,0.16
2024/05/24 星期五 00:25:53.871,1716481553871,NH-DC-NM129-B05-ROCE-Leaf-3.GPU.S9825,FourHundredGigE1/0/43,0,0,0,0,0,0
2024/05/24 星期五 00:25:54.472,1716481554472,NH-DC-NM129-B05-ROCE-Leaf-3.GPU.S9825,FourHundredGigE1/0/43,278789,1143998634,514621,2100735818,2.37,4.37
2024/05/24 星期五 00:25:55.333,1716481555333,NH-DC-NM129-B05-ROCE-Leaf-3.GPU.S9825,FourHundredGigE1/0/43,15485,52386662,55817,187290322,0.07,0.26
2024/05/24 星期五 00:25:55.953,1716481555953,NH-DC-NM129-B05-ROCE-Leaf-3.GPU.S9825,FourHundredGigE1/0/43,16154,47326040,32966,114912796,0.08,0.22
2024/05/24 星期五 00:25:56.620,1716481556620,NH-DC-NM129-B05-ROCE-Leaf-3.GPU.S9825,FourHundredGigE1/0/43,0,0,0,0,0,0
2024/05/24 星期五 00:25:57.295,1716481557295,NH-DC-NM129-B05-ROCE-Leaf-3.GPU.S9825,FourHundredGigE1/0/43,214063,844072962,17071,46463502,1.56,0.07
2024/05/24 星期五 00:25:57.958,1716481557958,NH-DC-NM129-B05-ROCE-Leaf-3.GPU.S9825,FourHundredGigE1/0/43,93961,385037954,99753,404922370,0.72,0.75
2024/05/24 星期五 00:25:58.633,1716481558633,NH-DC-NM129-B05-ROCE-Leaf-3.GPU.S9825,FourHundredGigE1/0/43,0,0,0,0,0,0
2024/05/24 星期五 00:25:59.134,1716481559134,NH-DC-NM129-B05-ROCE-Leaf-3.GPU.S9825,FourHundredGigE1/0/43,4155,11741750,10360,24869524,0.02,0.05
2024/05/24 星期五 00:25:59.683,1716481559683,NH-DC-NM129-B05-ROCE-Leaf-3.GPU.S9825,FourHundredGigE1/0/43,0,0,0,0,0,0
2024/05/24 星期五 00:26:00.248,1716481560248,NH-DC-NM129-B05-ROCE-Leaf-3.GPU.S9825,FourHundredGigE1/0/43,26875,87425550,3723,11848238,0.18,0.02
2024/05/24 星期五 00:26:00.864,1716481560864,NH-DC-NM129-B05-ROCE-Leaf-3.GPU.S9825,FourHundredGigE1/0/43,0,0,0,0,0,0
2024/05/24 星期五 00:26:02.216,1716481562216,NH-DC-NM129-B05-ROCE-Leaf-3.GPU.S9825,FourHundredGigE1/0/43,749743,3081093950,62261,202118886,2.85,0.18
2024/05/24 星期五 00:26:02.717,1716481562717,NH-DC-NM129-B05-ROCE-Leaf-3.GPU.S9825,FourHundredGigE1/0/43,0,0,0,0,0,0
2024/05/24 星期五 00:26:03.218,1716481563218,NH-DC-NM129-B05-ROCE-Leaf-3.GPU.S9825,FourHundredGigE1/0/43,17532,28601364,19454,52590616,0.05,0.12
2024/05/24 星期五 00:26:03.719,1716481563719,NH-DC-NM129-B05-ROCE-Leaf-3.GPU.S9825,FourHundredGigE1/0/43,0,0,0,0,0,0
2024/05/24 星期五 00:26:04.319,1716481564319,NH-DC-NM129-B05-ROCE-Leaf-3.GPU.S9825,FourHundredGigE1/0/43,13045,47243950,3365,12373162,0.08,0.02
2024/05/24 星期五 00:26:04.866,1716481564866,NH-DC-NM129-B05-ROCE-Leaf-3.GPU.S9825,FourHundredGigE1/0/43,0,0,0,0,0,0
2024/05/24 星期五 00:26:05.456,1716481565456,NH-DC-NM129-B05-ROCE-Leaf-3.GPU.S9825,FourHundredGigE1/0/43,273322,1118644276,13674,23831488,2.35,0.04
2024/05/24 星期五 00:26:05.959,1716481565959,NH-DC-NM129-B05-ROCE-Leaf-3.GPU.S9825,FourHundredGigE1/0/43,0,0,0,0,0,0
2024/05/24 星期五 00:26:06.508,1716481566508,NH-DC-NM129-B05-ROCE-Leaf-3.GPU.S9825,FourHundredGigE1/0/43,23928,88760188,8320,24853544,0.18,0.05
2024/05/24 星期五 00:26:07.015,1716481567015,NH-DC-NM129-B05-ROCE-Leaf-3.GPU.S9825,FourHundredGigE1/0/43,0,0,0,0,0,0
2024/05/24 星期五 00:26:07.589,1716481567589,NH-DC-NM129-B05-ROCE-Leaf-3.GPU.S9825,FourHundredGigE1/0/43,30639,112821010,9712,35756060,0.24,0.07
2024/05/24 星期五 00:26:08.221,1716481568221,NH-DC-NM129-B05-ROCE-Leaf-3.GPU.S9825,FourHundredGigE1/0/43,215660,879232882,269296,1070439968,1.72,2.12
2024/05/24 星期五 00:26:08.827,1716481568827,NH-DC-NM129-B05-ROCE-Leaf-3.GPU.S9825,FourHundredGigE1/0/43,0,0,0,0,0,0
2024/05/24 星期五 00:26:09.330,1716481569330,NH-DC-NM129-B05-ROCE-Leaf-3.GPU.S9825,FourHundredGigE1/0/43,9553,38757060,28958,75860388,0.07,0.17
2024/05/24 星期五 00:26:09.923,1716481569923,NH-DC-NM129-B05-ROCE-Leaf-3.GPU.S9825,FourHundredGigE1/0/43,0,0,0,0,0,0
2024/05/24 星期五 00:26:10.661,1716481570661,NH-DC-NM129-B05-ROCE-Leaf-3.GPU.S9825,FourHundredGigE1/0/43,39166,139401964,17630,64875956,0.22,0.10
2024/05/24 星期五 00:26:11.210,1716481571210,NH-DC-NM129-B05-ROCE-Leaf-3.GPU.S9825,FourHundredGigE1/0/43,3214,11823479,5726,9260630,0.02,0
2024/05/24 星期五 00:26:11.862,1716481571862,NH-DC-NM129-B05-ROCE-Leaf-3.GPU.S9825,FourHundredGigE1/0/43,0,0,0,0,0,0
2024/05/24 星期五 00:26:12.435,1716481572435,NH-DC-NM129-B05-ROCE-Leaf-3.GPU.S9825,FourHundredGigE1/0/43,24817,88689430,452311,1858840312,0.17,4.04
2024/05/24 星期五 00:26:12.953,1716481572953,NH-DC-NM129-B05-ROCE-Leaf-3.GPU.S9825,FourHundredGigE1/0/43,0,0,0,0,0,0
2024/05/24 星期五 00:26:13.457,1716481573457,NH-DC-NM129-B05-ROCE-Leaf-3.GPU.S9825,FourHundredGigE1/0/43,10553,34498774,4520,365904,0.07,0
2024/05/24 星期五 00:26:14.015,1716481574015,NH-DC-NM129-B05-ROCE-Leaf-3.GPU.S9825,FourHundredGigE1/0/43,7927,22549778,7845,11804158,0.04,0.02
2024/05/24 星期五 00:26:14.568,1716481574568,NH-DC-NM129-B05-ROCE-Leaf-3.GPU.S9825,FourHundredGigE1/0/43,0,0,0,0,0,0
2024/05/24 星期五 00:26:15.070,1716481575070,NH-DC-NM129-B05-ROCE-Leaf-3.GPU.S9825,FourHundredGigE1/0/43,47849,164100270,14175,35036702,0.40,0.07
2024/05/24 星期五 00:26:15.587,1716481575587,NH-DC-NM129-B05-ROCE-Leaf-3.GPU.S9825,FourHundredGigE1/0/43,0,0,0,0,0,0
2024/05/24 星期五 00:26:16.803,1716481576803,NH-DC-NM129-B05-ROCE-Leaf-3.GPU.S9825,FourHundredGigE1/0/43,209754,812125320,273132,1120457088,0.83,1.15
2024/05/24 星期五 00:26:17.305,1716481577305,NH-DC-NM129-B05-ROCE-Leaf-3.GPU.S9825,FourHundredGigE1/0/43,17903,45364710,49948,179711808,0.10,0.42
2024/05/24 星期五 00:26:18.795,1716481578795,NH-DC-NM129-B05-ROCE-Leaf-3.GPU.S9825,FourHundredGigE1/0/43,107,7942,128668,515753472,0,0.43
2024/05/24 星期五 00:26:19.299,1716481579299,NH-DC-NM129-B05-ROCE-Leaf-3.GPU.S9825,FourHundredGigE1/0/43,23122,84104208,181906,738040860,0.20,1.81
2024/05/24 星期五 00:26:19.866,1716481579866,NH-DC-NM129-B05-ROCE-Leaf-3.GPU.S9825,FourHundredGigE1/0/43,0,0,0,0,0,0
2024/05/24 星期五 00:26:20.367,1716481580367,NH-DC-NM129-B05-ROCE-Leaf-3.GPU.S9825,FourHundredGigE1/0/43,34243,133876406,17512,22209644,0.32,0.05
2024/05/24 星期五 00:26:21.002,1716481581002,NH-DC-NM129-B05-ROCE-Leaf-3.GPU.S9825,FourHundredGigE1/0/43,0,0,0,0,0,0
2024/05/24 星期五 00:26:21.512,1716481581512,NH-DC-NM129-B05-ROCE-Leaf-3.GPU.S9825,FourHundredGigE1/0/43,10040,35044864,34322,123190424,0.07,0.29
2024/05/24 星期五 00:26:22.014,1716481582014,NH-DC-NM129-B05-ROCE-Leaf-3.GPU.S9825,FourHundredGigE1/0/43,34322,124595692,22138,65934784,0.30,0.15
2024/05/24 星期五 00:26:22.610,1716481582610,NH-DC-NM129-B05-ROCE-Leaf-3.GPU.S9825,FourHundredGigE1/0/43,0,0,0,0,0,0
2024/05/24 星期五 00:26:23.135,1716481583135,NH-DC-NM129-B05-ROCE-Leaf-3.GPU.S9825,FourHundredGigE1/0/43,99282,378058664,270686,1118040992,0.88,2.64
2024/05/24 星期五 00:26:23.775,1716481583775,NH-DC-NM129-B05-ROCE-Leaf-3.GPU.S9825,FourHundredGigE1/0/43,7696,21420328,59195,193769238,0.04,0.37
2024/05/24 星期五 00:26:24.634,1716481584634,NH-DC-NM129-B05-ROCE-Leaf-3.GPU.S9825,FourHundredGigE1/0/43,0,0,0,0,0,0
2024/05/24 星期五 00:26:25.133,1716481585133,NH-DC-NM129-B05-ROCE-Leaf-3.GPU.S9825,FourHundredGigE1/0/43,25327,93892166,16246,34980780,0.23,0.08
2024/05/24 星期五 00:26:25.736,1716481585736,NH-DC-NM129-B05-ROCE-Leaf-3.GPU.S9825,FourHundredGigE1/0/43,0,0,0,0,0,0
2024/05/24 星期五 00:26:26.342,1716481586342,NH-DC-NM129-B05-ROCE-Leaf-3.GPU.S9825,FourHundredGigE1/0/43,6933,23230730,46348,143694760,0.04,0.29
2024/05/24 星期五 00:26:26.848,1716481586848,NH-DC-NM129-B05-ROCE-Leaf-3.GPU.S9825,FourHundredGigE1/0/43,0,0,0,0,0,0
2024/05/24 星期五 00:26:27.355,1716481587355,NH-DC-NM129-B05-ROCE-Leaf-3.GPU.S9825,FourHundredGigE1/0/43,341959,1377881046,166061,656210322,3.38,1.60
2024/05/24 星期五 00:26:27.995,1716481587995,NH-DC-NM129-B05-ROCE-Leaf-3.GPU.S9825,FourHundredGigE1/0/43,0,0,0,0,0,0
2024/05/24 星期五 00:26:28.546,1716481588546,NH-DC-NM129-B05-ROCE-Leaf-3.GPU.S9825,FourHundredGigE1/0/43,28050,100701212,4916,12881468,0.23,0.02
2024/05/24 星期五 00:26:29.049,1716481589049,NH-DC-NM129-B05-ROCE-Leaf-3.GPU.S9825,FourHundredGigE1/0/43,31675,115013414,46056,158643992,0.27,0.37
2024/05/24 星期五 00:26:29.700,1716481589700,NH-DC-NM129-B05-ROCE-Leaf-3.GPU.S9825,FourHundredGigE1/0/43,0,0,0,0,0,0
2024/05/24 星期五 00:26:32.883,1716481592883,NH-DC-NM129-B05-ROCE-Leaf-3.GPU.S9825,FourHundredGigE1/0/43,293188,1175224404,326303,1267240294,0.46,0.49
2024/05/24 星期五 00:26:33.408,1716481593408,NH-DC-NM129-B05-ROCE-Leaf-3.GPU.S9825,FourHundredGigE1/0/43,142814,555990136,3448,286288,1.31,0
2024/05/24 星期五 00:26:34.394,1716481594394,NH-DC-NM129-B05-ROCE-Leaf-3.GPU.S9825,FourHundredGigE1/0/43,271838,1106957824,92588,369143600,1.39,0.46
2024/05/24 星期五 00:26:35.079,1716481595079,NH-DC-NM129-B05-ROCE-Leaf-3.GPU.S9825,FourHundredGigE1/0/43,70438,280291128,6210,22845284,0.51,0.04
2024/05/24 星期五 00:26:35.582,1716481595582,NH-DC-NM129-B05-ROCE-Leaf-3.GPU.S9825,FourHundredGigE1/0/43,0,0,0,0,0,0
2024/05/24 星期五 00:26:36.318,1716481596318,NH-DC-NM129-B05-ROCE-Leaf-3.GPU.S9825,FourHundredGigE1/0/43,38947,139676102,4732,11931276,0.22,0.02
2024/05/24 星期五 00:26:36.840,1716481596840,NH-DC-NM129-B05-ROCE-Leaf-3.GPU.S9825,FourHundredGigE1/0/43,0,0,0,0,0,0
2024/05/24 星期五 00:26:37.337,1716481597337,NH-DC-NM129-B05-ROCE-Leaf-3.GPU.S9825,FourHundredGigE1/0/43,328598,1271850384,181939,749579182,3.19,1.86
2024/05/24 星期五 00:26:38.041,1716481598041,NH-DC-NM129-B05-ROCE-Leaf-3.GPU.S9825,FourHundredGigE1/0/43,138549,510488778,9295,23861098,0.91,0.04
2024/05/24 星期五 00:26:38.572,1716481598572,NH-DC-NM129-B05-ROCE-Leaf-3.GPU.S9825,FourHundredGigE1/0/43,0,0,0,0,0,0
2024/05/24 星期五 00:26:39.073,1716481599073,NH-DC-NM129-B05-ROCE-Leaf-3.GPU.S9825,FourHundredGigE1/0/43,63411,236040182,10962,34777848,0.57,0.07
2024/05/24 星期五 00:26:39.893,1716481599893,NH-DC-NM129-B05-ROCE-Leaf-3.GPU.S9825,FourHundredGigE1/0/43,0,0,0,0,0,0
2024/05/24 星期五 00:26:40.396,1716481600396,NH-DC-NM129-B05-ROCE-Leaf-3.GPU.S9825,FourHundredGigE1/0/43,1655,10403374,151680,568192448,0.02,1.39
2024/05/24 星期五 00:26:41.065,1716481601065,NH-DC-NM129-B05-ROCE-Leaf-3.GPU.S9825,FourHundredGigE1/0/43,134750,514413079,324547,1218982758,0.95,2.26
2024/05/24 星期五 00:26:41.687,1716481601687,NH-DC-NM129-B05-ROCE-Leaf-3.GPU.S9825,FourHundredGigE1/0/43,0,0,0,0,0,0
2024/05/24 星期五 00:26:42.186,1716481602186,NH-DC-NM129-B05-ROCE-Leaf-3.GPU.S9825,FourHundredGigE1/0/43,70537,260807462,6668,539960,0.65,0
2024/05/24 星期五 00:26:42.686,1716481602686,NH-DC-NM129-B05-ROCE-Leaf-3.GPU.S9825,FourHundredGigE1/0/43,0,0,0,0,0,0
2024/05/24 星期五 00:26:43.312,1716481603312,NH-DC-NM129-B05-ROCE-Leaf-3.GPU.S9825,FourHundredGigE1/0/43,3588,15224380,5510,11625072,0.02,0.02
2024/05/24 星期五 00:26:43.813,1716481603813,NH-DC-NM129-B05-ROCE-Leaf-3.GPU.S9825,FourHundredGigE1/0/43,0,0,0,0,0,0
2024/05/24 星期五 00:26:44.379,1716481604379,NH-DC-NM129-B05-ROCE-Leaf-3.GPU.S9825,FourHundredGigE1/0/43,10449,34850450,283278,1062038508,0.07,2.34
2024/05/24 星期五 00:26:45.026,1716481605026,NH-DC-NM129-B05-ROCE-Leaf-3.GPU.S9825,FourHundredGigE1/0/43,7310,14219408,151943,569705302,0.02,1.08
2024/05/24 星期五 00:26:46.118,1716481606118,NH-DC-NM129-B05-ROCE-Leaf-3.GPU.S9825,FourHundredGigE1/0/43,27209,75797394,49558,150836812,0.08,0.17
2024/05/24 星期五 00:26:47.806,1716481607806,NH-DC-NM129-B05-ROCE-Leaf-3.GPU.S9825,FourHundredGigE1/0/43,0,0,0,0,0,0
2024/05/24 星期五 00:26:48.380,1716481608380,NH-DC-NM129-B05-ROCE-Leaf-3.GPU.S9825,FourHundredGigE1/0/43,120663,461015738,268523,1043234446,1.00,2.26
2024/05/24 星期五 00:26:48.992,1716481608992,NH-DC-NM129-B05-ROCE-Leaf-3.GPU.S9825,FourHundredGigE1/0/43,12765,42543942,25284,70321192,0.08,0.14
2024/05/24 星期五 00:26:49.519,1716481609519,NH-DC-NM129-B05-ROCE-Leaf-3.GPU.S9825,FourHundredGigE1/0/43,0,0,0,0,0,0
2024/05/24 星期五 00:26:50.134,1716481610134,NH-DC-NM129-B05-ROCE-Leaf-3.GPU.S9825,FourHundredGigE1/0/43,8714,20365028,5553,11621886,0.04,0.02
2024/05/24 星期五 00:26:50.880,1716481610880,NH-DC-NM129-B05-ROCE-Leaf-3.GPU.S9825,FourHundredGigE1/0/43,5219,6675470,219791,866947980,0,1.44
2024/05/24 星期五 00:26:51.535,1716481611535,NH-DC-NM129-B05-ROCE-Leaf-3.GPU.S9825,FourHundredGigE1/0/43,0,0,0,0,0,0
2024/05/24 星期五 00:26:52.035,1716481612035,NH-DC-NM129-B05-ROCE-Leaf-3.GPU.S9825,FourHundredGigE1/0/43,243756,954436328,393160,1582969922,2.38,3.95
2024/05/24 星期五 00:26:52.603,1716481612603,NH-DC-NM129-B05-ROCE-Leaf-3.GPU.S9825,FourHundredGigE1/0/43,0,0,0,0,0,0
2024/05/24 星期五 00:26:53.105,1716481613105,NH-DC-NM129-B05-ROCE-Leaf-3.GPU.S9825,FourHundredGigE1/0/43,0,0,0,0,0,0
2024/05/24 星期五 00:26:53.626,1716481613626,NH-DC-NM129-B05-ROCE-Leaf-3.GPU.S9825,FourHundredGigE1/0/43,6232,12088304,4148,11508024,0.02,0.02
2024/05/24 星期五 00:26:54.407,1716481614407,NH-DC-NM129-B05-ROCE-Leaf-3.GPU.S9825,FourHundredGigE1/0/43,31387,119889538,61885,206914846,0.18,0.32
2024/05/24 星期五 00:26:55.236,1716481615236,NH-DC-NM129-B05-ROCE-Leaf-3.GPU.S9825,FourHundredGigE1/0/43,35840,84193880,33893,119041042,0.12,0.17
2024/05/24 星期五 00:26:55.821,1716481615821,NH-DC-NM129-B05-ROCE-Leaf-3.GPU.S9825,FourHundredGigE1/0/43,0,0,0,0,0,0
2024/05/24 星期五 00:26:56.411,1716481616411,NH-DC-NM129-B05-ROCE-Leaf-3.GPU.S9825,FourHundredGigE1/0/43,123814,461131204,116596,433285740,0.97,0.91
2024/05/24 星期五 00:26:56.914,1716481616914,NH-DC-NM129-B05-ROCE-Leaf-3.GPU.S9825,FourHundredGigE1/0/43,0,0,0,0,0,0
2024/05/24 星期五 00:26:57.598,1716481617598,NH-DC-NM129-B05-ROCE-Leaf-3.GPU.S9825,FourHundredGigE1/0/43,8942,12378312,46611,151051742,0.02,0.27
2024/05/24 星期五 00:26:58.396,1716481618396,NH-DC-NM129-B05-ROCE-Leaf-3.GPU.S9825,FourHundredGigE1/0/43,35181,125965890,30226,104450480,0.19,0.16
2024/05/24 星期五 00:26:58.902,1716481618902,NH-DC-NM129-B05-ROCE-Leaf-3.GPU.S9825,FourHundredGigE1/0/43,0,0,0,0,0,0
2024/05/24 星期五 00:26:59.446,1716481619446,NH-DC-NM129-B05-ROCE-Leaf-3.GPU.S9825,FourHundredGigE1/0/43,193244,781136260,92556,380315736,1.79,0.87
2024/05/24 星期五 00:26:59.978,1716481619978,NH-DC-NM129-B05-ROCE-Leaf-3.GPU.S9825,FourHundredGigE1/0/43,0,0,0,0,0,0
2024/05/24 星期五 00:27:00.478,1716481620478,NH-DC-NM129-B05-ROCE-Leaf-3.GPU.S9825,FourHundredGigE1/0/43,14096,31509600,10556,23204852,0.08,0.05
2024/05/24 星期五 00:27:01.193,1716481621193,NH-DC-NM129-B05-ROCE-Leaf-3.GPU.S9825,FourHundredGigE1/0/43,9336,13665412,50165,167755842,0.02,0.28
2024/05/24 星期五 00:27:01.836,1716481621836,NH-DC-NM129-B05-ROCE-Leaf-3.GPU.S9825,FourHundredGigE1/0/43,0,0,0,0,0,0
2024/05/24 星期五 00:27:02.997,1716481622997,NH-DC-NM129-B05-ROCE-Leaf-3.GPU.S9825,FourHundredGigE1/0/43,145144,576461566,265279,1050674074,0.61,1.13
2024/05/24 星期五 00:27:03.501,1716481623501,NH-DC-NM129-B05-ROCE-Leaf-3.GPU.S9825,FourHundredGigE1/0/43,173041,706418976,216881,876537954,1.74,2.16
2024/05/24 星期五 00:27:04.005,1716481624005,NH-DC-NM129-B05-ROCE-Leaf-3.GPU.S9825,FourHundredGigE1/0/43,20192,65851212,70371,253855262,0.15,0.62
2024/05/24 星期五 00:27:04.901,1716481624901,NH-DC-NM129-B05-ROCE-Leaf-3.GPU.S9825,FourHundredGigE1/0/43,0,0,0,0,0,0
2024/05/24 星期五 00:27:05.428,1716481625428,NH-DC-NM129-B05-ROCE-Leaf-3.GPU.S9825,FourHundredGigE1/0/43,21827,60970642,40010,136306568,0.14,0.31
2024/05/24 星期五 00:27:06.030,1716481626030,NH-DC-NM129-B05-ROCE-Leaf-3.GPU.S9825,FourHundredGigE1/0/43,182007,668664410,54218,181514084,1.37,0.37
2024/05/24 星期五 00:27:06.605,1716481626605,NH-DC-NM129-B05-ROCE-Leaf-3.GPU.S9825,FourHundredGigE1/0/43,0,0,0,0,0,0
2024/05/24 星期五 00:27:07.106,1716481627106,NH-DC-NM129-B05-ROCE-Leaf-3.GPU.S9825,FourHundredGigE1/0/43,27086,92873484,22590,71995764,0.22,0.17
2024/05/24 星期五 00:27:07.688,1716481627688,NH-DC-NM129-B05-ROCE-Leaf-3.GPU.S9825,FourHundredGigE1/0/43,0,0,0,0,0,0
2024/05/24 星期五 00:27:09.029,1716481629029,NH-DC-NM129-B05-ROCE-Leaf-3.GPU.S9825,FourHundredGigE1/0/43,37767,113362118,53754,134200984,0.10,0.12
2024/05/24 星期五 00:27:09.629,1716481629629,NH-DC-NM129-B05-ROCE-Leaf-3.GPU.S9825,FourHundredGigE1/0/43,0,0,0,0,0,0
2024/05/24 星期五 00:27:10.188,1716481630188,NH-DC-NM129-B05-ROCE-Leaf-3.GPU.S9825,FourHundredGigE1/0/43,219987,853980862,29668,80260488,1.90,0.18
2024/05/24 星期五 00:27:10.692,1716481630692,NH-DC-NM129-B05-ROCE-Leaf-3.GPU.S9825,FourHundredGigE1/0/43,0,0,0,0,0,0
2024/05/24 星期五 00:27:11.192,1716481631192,NH-DC-NM129-B05-ROCE-Leaf-3.GPU.S9825,FourHundredGigE1/0/43,16677,46869437,4509,11537262,0.1,0.02
2024/05/24 星期五 00:27:12.000,1716481632000,NH-DC-NM129-B05-ROCE-Leaf-3.GPU.S9825,FourHundredGigE1/0/43,18724,53738304,25103,81539754,0.08,0.12
2024/05/24 星期五 00:27:12.583,1716481632583,NH-DC-NM129-B05-ROCE-Leaf-3.GPU.S9825,FourHundredGigE1/0/43,0,0,0,0,0,0
2024/05/24 星期五 00:27:13.153,1716481633153,NH-DC-NM129-B05-ROCE-Leaf-3.GPU.S9825,FourHundredGigE1/0/43,4980,409780,286739,1174068702,0,2.57
2024/05/24 星期五 00:27:13.673,1716481633673,NH-DC-NM129-B05-ROCE-Leaf-3.GPU.S9825,FourHundredGigE1/0/43,0,0,0,0,0,0
2024/05/24 星期五 00:27:14.193,1716481634193,NH-DC-NM129-B05-ROCE-Leaf-3.GPU.S9825,FourHundredGigE1/0/43,3060,5996632,11577,16138074,0,0.02
2024/05/24 星期五 00:27:14.776,1716481634776,NH-DC-NM129-B05-ROCE-Leaf-3.GPU.S9825,FourHundredGigE1/0/43,0,0,0,0,0,0
2024/05/24 星期五 00:27:15.487,1716481635487,NH-DC-NM129-B05-ROCE-Leaf-3.GPU.S9825,FourHundredGigE1/0/43,125242,456830780,16033,9768478,0.79,0
2024/05/24 星期五 00:27:16.049,1716481636049,NH-DC-NM129-B05-ROCE-Leaf-3.GPU.S9825,FourHundredGigE1/0/43,7981,26211330,24136,84717824,0.04,0.18
2024/05/24 星期五 00:27:16.616,1716481636616,NH-DC-NM129-B05-ROCE-Leaf-3.GPU.S9825,FourHundredGigE1/0/43,0,0,0,0,0,0
2024/05/24 星期五 00:27:17.116,1716481637116,NH-DC-NM129-B05-ROCE-Leaf-3.GPU.S9825,FourHundredGigE1/0/43,159203,631361510,454755,1856635154,1.58,4.62
2024/05/24 星期五 00:27:17.703,1716481637703,NH-DC-NM129-B05-ROCE-Leaf-3.GPU.S9825,FourHundredGigE1/0/43,0,0,0,0,0,0
2024/05/24 星期五 00:27:18.301,1716481638301,NH-DC-NM129-B05-ROCE-Leaf-3.GPU.S9825,FourHundredGigE1/0/43,3650,11630512,20480,24388752,0.02,0.04
2024/05/24 星期五 00:27:19.124,1716481639124,NH-DC-NM129-B05-ROCE-Leaf-3.GPU.S9825,FourHundredGigE1/0/43,54501,189593682,6840,23272428,0.27,0.03
2024/05/24 星期五 00:27:19.776,1716481639776,NH-DC-NM129-B05-ROCE-Leaf-3.GPU.S9825,FourHundredGigE1/0/43,0,0,0,0,0,0
2024/05/24 星期五 00:27:20.277,1716481640277,NH-DC-NM129-B05-ROCE-Leaf-3.GPU.S9825,FourHundredGigE1/0/43,19929,50152618,21861,36067518,0.12,0.07
2024/05/24 星期五 00:27:20.809,1716481640809,NH-DC-NM129-B05-ROCE-Leaf-3.GPU.S9825,FourHundredGigE1/0/43,0,0,0,0,0,0
2024/05/24 星期五 00:27:21.312,1716481641312,NH-DC-NM129-B05-ROCE-Leaf-3.GPU.S9825,FourHundredGigE1/0/43,96454,392587680,93284,380751432,0.97,0.94
2024/05/24 星期五 00:27:21.886,1716481641886,NH-DC-NM129-B05-ROCE-Leaf-3.GPU.S9825,FourHundredGigE1/0/43,0,0,3745,11850610,0,0.02
2024/05/24 星期五 00:27:22.654,1716481642654,NH-DC-NM129-B05-ROCE-Leaf-3.GPU.S9825,FourHundredGigE1/0/43,0,0,0,0,0,0
2024/05/24 星期五 00:27:23.211,1716481643211,NH-DC-NM129-B05-ROCE-Leaf-3.GPU.S9825,FourHundredGigE1/0/43,76955,270357714,6216,22845680,0.61,0.04
2024/05/24 星期五 00:27:23.808,1716481643808,NH-DC-NM129-B05-ROCE-Leaf-3.GPU.S9825,FourHundredGigE1/0/43,0,0,0,0,0,0
2024/05/24 星期五 00:27:24.355,1716481644355,NH-DC-NM129-B05-ROCE-Leaf-3.GPU.S9825,FourHundredGigE1/0/43,136003,559873622,106626,381445648,1.26,0.87
2024/05/24 星期五 00:27:24.890,1716481644890,NH-DC-NM129-B05-ROCE-Leaf-3.GPU.S9825,FourHundredGigE1/0/43,0,0,0,0,0,0
2024/05/24 星期五 00:27:25.423,1716481645423,NH-DC-NM129-B05-ROCE-Leaf-3.GPU.S9825,FourHundredGigE1/0/43,133612,514049216,13517,24382030,1.20,0.05
2024/05/24 星期五 00:27:26.201,1716481646201,NH-DC-NM129-B05-ROCE-Leaf-3.GPU.S9825,FourHundredGigE1/0/43,34904,120569272,31158,112871632,0.19,0.18
2024/05/24 星期五 00:27:26.725,1716481646725,NH-DC-NM129-B05-ROCE-Leaf-3.GPU.S9825,FourHundredGigE1/0/43,0,0,0,0,0,0
2024/05/24 星期五 00:27:27.225,1716481647225,NH-DC-NM129-B05-ROCE-Leaf-3.GPU.S9825,FourHundredGigE1/0/43,22306,71880500,69550,242457832,0.18,0.6
2024/05/24 星期五 00:27:27.855,1716481647855,NH-DC-NM129-B05-ROCE-Leaf-3.GPU.S9825,FourHundredGigE1/0/43,0,0,0,0,0,0
2024/05/24 星期五 00:27:28.530,1716481648530,NH-DC-NM129-B05-ROCE-Leaf-3.GPU.S9825,FourHundredGigE1/0/43,302283,1231396762,481731,1967064546,2.28,3.63
2024/05/24 星期五 00:27:29.162,1716481649162,NH-DC-NM129-B05-ROCE-Leaf-3.GPU.S9825,FourHundredGigE1/0/43,13514,47941704,12660,23748572,0.08,0.04
2024/05/24 星期五 00:27:30.028,1716481650028,NH-DC-NM129-B05-ROCE-Leaf-3.GPU.S9825,FourHundredGigE1/0/43,29836,61777588,20967,75792074,0.09,0.10
2024/05/24 星期五 00:27:30.539,1716481650539,NH-DC-NM129-B05-ROCE-Leaf-3.GPU.S9825,FourHundredGigE1/0/43,0,0,0,0,0,0
2024/05/24 星期五 00:27:31.050,1716481651050,NH-DC-NM129-B05-ROCE-Leaf-3.GPU.S9825,FourHundredGigE1/0/43,40575,127725054,263653,1052677374,0.29,2.57
2024/05/24 星期五 00:27:31.571,1716481651571,NH-DC-NM129-B05-ROCE-Leaf-3.GPU.S9825,FourHundredGigE1/0/43,0,0,0,0,0,0
2024/05/24 星期五 00:27:32.207,1716481652207,NH-DC-NM129-B05-ROCE-Leaf-3.GPU.S9825,FourHundredGigE1/0/43,137859,543190410,153786,578965472,1.06,1.12
2024/05/24 星期五 00:27:32.818,1716481652818,NH-DC-NM129-B05-ROCE-Leaf-3.GPU.S9825,FourHundredGigE1/0/43,0,0,0,0,0,0
2024/05/24 星期五 00:27:33.528,1716481653528,NH-DC-NM129-B05-ROCE-Leaf-3.GPU.S9825,FourHundredGigE1/0/43,129270,413388476,19906,60951948,0.72,0.11
2024/05/24 星期五 00:27:34.127,1716481654127,NH-DC-NM129-B05-ROCE-Leaf-3.GPU.S9825,FourHundredGigE1/0/43,66480,237705952,48327,155051706,0.48,0.31
2024/05/24 星期五 00:27:34.810,1716481654810,NH-DC-NM129-B05-ROCE-Leaf-3.GPU.S9825,FourHundredGigE1/0/43,0,0,0,0,0,0
2024/05/24 星期五 00:27:35.414,1716481655414,NH-DC-NM129-B05-ROCE-Leaf-3.GPU.S9825,FourHundredGigE1/0/43,172192,695143680,388494,1591233436,1.43,3.29
2024/05/24 星期五 00:27:36.053,1716481656053,NH-DC-NM129-B05-ROCE-Leaf-3.GPU.S9825,FourHundredGigE1/0/43,41044,121299136,18135,65491874,0.23,0.12
2024/05/24 星期五 00:27:36.846,1716481656846,NH-DC-NM129-B05-ROCE-Leaf-3.GPU.S9825,FourHundredGigE1/0/43,0,0,0,0,0,0
2024/05/24 星期五 00:27:37.350,1716481657350,NH-DC-NM129-B05-ROCE-Leaf-3.GPU.S9825,FourHundredGigE1/0/43,172434,686110768,39039,128263830,1.69,0.30
2024/05/24 星期五 00:27:37.906,1716481657906,NH-DC-NM129-B05-ROCE-Leaf-3.GPU.S9825,FourHundredGigE1/0/43,0,0,0,0,0,0
2024/05/24 星期五 00:27:38.451,1716481658451,NH-DC-NM129-B05-ROCE-Leaf-3.GPU.S9825,FourHundredGigE1/0/43,124550,492247194,87117,341142924,1.12,0.78
2024/05/24 星期五 00:27:39.023,1716481659023,NH-DC-NM129-B05-ROCE-Leaf-3.GPU.S9825,FourHundredGigE1/0/43,142436,542942962,203711,843581216,1.18,1.84
2024/05/24 星期五 00:27:39.620,1716481659620,NH-DC-NM129-B05-ROCE-Leaf-3.GPU.S9825,FourHundredGigE1/0/43,0,0,0,0,0,0
2024/05/24 星期五 00:27:40.284,1716481660284,NH-DC-NM129-B05-ROCE-Leaf-3.GPU.S9825,FourHundredGigE1/0/43,35238,120789592,23938,83056796,0.23,0.15
2024/05/24 星期五 00:27:40.785,1716481660785,NH-DC-NM129-B05-ROCE-Leaf-3.GPU.S9825,FourHundredGigE1/0/43,0,0,0,0,0,0
2024/05/24 星期五 00:27:41.294,1716481661294,NH-DC-NM129-B05-ROCE-Leaf-3.GPU.S9825,FourHundredGigE1/0/43,59461,213380025,34708,106290000,0.52,0.25
2024/05/24 星期五 00:27:41.864,1716481661864,NH-DC-NM129-B05-ROCE-Leaf-3.GPU.S9825,FourHundredGigE1/0/43,0,0,0,0,0,0
2024/05/24 星期五 00:27:42.444,1716481662444,NH-DC-NM129-B05-ROCE-Leaf-3.GPU.S9825,FourHundredGigE1/0/43,146010,544471476,214690,816886572,1.16,1.75
2024/05/24 星期五 00:27:43.042,1716481663042,NH-DC-NM129-B05-ROCE-Leaf-3.GPU.S9825,FourHundredGigE1/0/43,0,0,0,0,0,0
2024/05/24 星期五 00:27:43.566,1716481663566,NH-DC-NM129-B05-ROCE-Leaf-3.GPU.S9825,FourHundredGigE1/0/43,10675,12198350,27842,86482036,0.02,0.19
2024/05/24 星期五 00:27:44.069,1716481664069,NH-DC-NM129-B05-ROCE-Leaf-3.GPU.S9825,FourHundredGigE1/0/43,49096,174352424,44308,163771296,0.42,0.40
2024/05/24 星期五 00:27:44.608,1716481664608,NH-DC-NM129-B05-ROCE-Leaf-3.GPU.S9825,FourHundredGigE1/0/43,0,0,0,0,0,0
2024/05/24 星期五 00:27:45.382,1716481665382,NH-DC-NM129-B05-ROCE-Leaf-3.GPU.S9825,FourHundredGigE1/0/43,331005,1279297054,290333,1164932414,2.05,1.87
2024/05/24 星期五 00:27:47.600,1716481667600,NH-DC-NM129-B05-ROCE-Leaf-3.GPU.S9825,FourHundredGigE1/0/43,17525,57767698,68708,243789244,0.03,0.14
2024/05/24 星期五 00:27:48.100,1716481668100,NH-DC-NM129-B05-ROCE-Leaf-3.GPU.S9825,FourHundredGigE1/0/43,46567,144133834,38043,124091334,0.35,0.3
2024/05/24 星期五 00:27:48.680,1716481668680,NH-DC-NM129-B05-ROCE-Leaf-3.GPU.S9825,FourHundredGigE1/0/43,0,0,0,0,0,0
2024/05/24 星期五 00:27:49.182,1716481669182,NH-DC-NM129-B05-ROCE-Leaf-3.GPU.S9825,FourHundredGigE1/0/43,4152,11672176,9321,12316002,0.02,0.02
2024/05/24 星期五 00:27:49.844,1716481669844,NH-DC-NM129-B05-ROCE-Leaf-3.GPU.S9825,FourHundredGigE1/0/43,0,0,0,0,0,0
2024/05/24 星期五 00:27:50.579,1716481670579,NH-DC-NM129-B05-ROCE-Leaf-3.GPU.S9825,FourHundredGigE1/0/43,192088,784648160,6361,12070010,1.33,0.02
2024/05/24 星期五 00:27:51.185,1716481671185,NH-DC-NM129-B05-ROCE-Leaf-3.GPU.S9825,FourHundredGigE1/0/43,27220,109154720,3207,11806394,0.21,0.02
2024/05/24 星期五 00:27:51.689,1716481671689,NH-DC-NM129-B05-ROCE-Leaf-3.GPU.S9825,FourHundredGigE1/0/43,0,0,0,0,0,0
2024/05/24 星期五 00:27:52.283,1716481672283,NH-DC-NM129-B05-ROCE-Leaf-3.GPU.S9825,FourHundredGigE1/0/43,27550,94508888,7543,12173250,0.19,0.02
2024/05/24 星期五 00:27:52.828,1716481672828,NH-DC-NM129-B05-ROCE-Leaf-3.GPU.S9825,FourHundredGigE1/0/43,0,0,0,0,0,0
2024/05/24 星期五 00:27:53.329,1716481673329,NH-DC-NM129-B05-ROCE-Leaf-3.GPU.S9825,FourHundredGigE1/0/43,262746,1044759444,363881,1488213282,2.59,3.69
2024/05/24 星期五 00:27:53.947,1716481673947,NH-DC-NM129-B05-ROCE-Leaf-3.GPU.S9825,FourHundredGigE1/0/43,30675,107932234,10032,35077082,0.20,0.06
2024/05/24 星期五 00:27:54.774,1716481674774,NH-DC-NM129-B05-ROCE-Leaf-3.GPU.S9825,FourHundredGigE1/0/43,0,0,0,0,0,0
2024/05/24 星期五 00:27:55.275,1716481675275,NH-DC-NM129-B05-ROCE-Leaf-3.GPU.S9825,FourHundredGigE1/0/43,160239,598586058,1651,133914,1.47,0
2024/05/24 星期五 00:27:55.847,1716481675847,NH-DC-NM129-B05-ROCE-Leaf-3.GPU.S9825,FourHundredGigE1/0/43,0,0,0,0,0,0
2024/05/24 星期五 00:27:56.400,1716481676400,NH-DC-NM129-B05-ROCE-Leaf-3.GPU.S9825,FourHundredGigE1/0/43,4639,11712150,10659,23580466,0.02,0.05
2024/05/24 星期五 00:27:57.116,1716481677116,NH-DC-NM129-B05-ROCE-Leaf-3.GPU.S9825,FourHundredGigE1/0/43,22416,78205984,182586,738091484,0.12,1.27
2024/05/24 星期五 00:27:57.803,1716481677803,NH-DC-NM129-B05-ROCE-Leaf-3.GPU.S9825,FourHundredGigE1/0/43,0,0,0,0,0,0
2024/05/24 星期五 00:27:58.310,1716481678310,NH-DC-NM129-B05-ROCE-Leaf-3.GPU.S9825,FourHundredGigE1/0/43,89816,329805252,7672,11791824,0.79,0.02
2024/05/24 星期五 00:27:58.811,1716481678811,NH-DC-NM129-B05-ROCE-Leaf-3.GPU.S9825,FourHundredGigE1/0/43,0,0,0,0,0,0
2024/05/24 星期五 00:27:59.311,1716481679311,NH-DC-NM129-B05-ROCE-Leaf-3.GPU.S9825,FourHundredGigE1/0/43,28801,102166106,9832,800536,0.25,0
2024/05/24 星期五 00:27:59.827,1716481679827,NH-DC-NM129-B05-ROCE-Leaf-3.GPU.S9825,FourHundredGigE1/0/43,0,0,0,0,0,0
2024/05/24 星期五 00:28:00.483,1716481680483,NH-DC-NM129-B05-ROCE-Leaf-3.GPU.S9825,FourHundredGigE1/0/43,61462,227378028,7036,15003380,0.42,0.02
2024/05/24 星期五 00:28:01.053,1716481681053,NH-DC-NM129-B05-ROCE-Leaf-3.GPU.S9825,FourHundredGigE1/0/43,12204,23893004,19662,32367820,0.04,0.07
2024/05/24 星期五 00:28:01.606,1716481681606,NH-DC-NM129-B05-ROCE-Leaf-3.GPU.S9825,FourHundredGigE1/0/43,0,0,0,0,0,0
2024/05/24 星期五 00:28:02.106,1716481682106,NH-DC-NM129-B05-ROCE-Leaf-3.GPU.S9825,FourHundredGigE1/0/43,27073,94246470,38985,144560066,0.22,0.35
2024/05/24 星期五 00:28:02.686,1716481682686,NH-DC-NM129-B05-ROCE-Leaf-3.GPU.S9825,FourHundredGigE1/0/43,0,0,0,0,0,0
2024/05/24 星期五 00:28:03.187,1716481683187,NH-DC-NM129-B05-ROCE-Leaf-3.GPU.S9825,FourHundredGigE1/0/43,5399,6883970,4395,11535866,0,0.02
2024/05/24 星期五 00:28:03.889,1716481683889,NH-DC-NM129-B05-ROCE-Leaf-3.GPU.S9825,FourHundredGigE1/0/43,0,0,0,0,0,0
2024/05/24 星期五 00:28:04.442,1716481684442,NH-DC-NM129-B05-ROCE-Leaf-3.GPU.S9825,FourHundredGigE1/0/43,204234,810507852,209203,843978198,1.83,1.90
2024/05/24 星期五 00:28:05.018,1716481685018,NH-DC-NM129-B05-ROCE-Leaf-3.GPU.S9825,FourHundredGigE1/0/43,0,0,0,0,0,0
2024/05/24 星期五 00:28:05.526,1716481685526,NH-DC-NM129-B05-ROCE-Leaf-3.GPU.S9825,FourHundredGigE1/0/43,121027,466921170,100553,410026370,1.13,1.01
2024/05/24 星期五 00:28:06.080,1716481686080,NH-DC-NM129-B05-ROCE-Leaf-3.GPU.S9825,FourHundredGigE1/0/43,20559,54772854,20435,64202398,0.11,0.14
2024/05/24 星期五 00:28:06.615,1716481686615,NH-DC-NM129-B05-ROCE-Leaf-3.GPU.S9825,FourHundredGigE1/0/43,0,0,0,0,0,0
2024/05/24 星期五 00:28:07.326,1716481687326,NH-DC-NM129-B05-ROCE-Leaf-3.GPU.S9825,FourHundredGigE1/0/43,491,40766,4923,11571670,0,0.02
2024/05/24 星期五 00:28:07.925,1716481687925,NH-DC-NM129-B05-ROCE-Leaf-3.GPU.S9825,FourHundredGigE1/0/43,0,0,0,0,0,0
2024/05/24 星期五 00:28:08.436,1716481688436,NH-DC-NM129-B05-ROCE-Leaf-3.GPU.S9825,FourHundredGigE1/0/43,103652,411570744,24649,65083594,1.00,0.15
2024/05/24 星期五 00:28:08.946,1716481688946,NH-DC-NM129-B05-ROCE-Leaf-3.GPU.S9825,FourHundredGigE1/0/43,0,0,0,0,0,0
2024/05/24 星期五 00:28:09.483,1716481689483,NH-DC-NM129-B05-ROCE-Leaf-3.GPU.S9825,FourHundredGigE1/0/43,5675,460306,19545,64131362,0,0.14
2024/05/24 星期五 00:28:09.984,1716481689984,NH-DC-NM129-B05-ROCE-Leaf-3.GPU.S9825,FourHundredGigE1/0/43,32186,120084988,64813,224079870,0.30,0.55
2024/05/24 星期五 00:28:10.644,1716481690644,NH-DC-NM129-B05-ROCE-Leaf-3.GPU.S9825,FourHundredGigE1/0/43,0,0,0,0,0,0
2024/05/24 星期五 00:28:11.182,1716481691182,NH-DC-NM129-B05-ROCE-Leaf-3.GPU.S9825,FourHundredGigE1/0/43,57975,196464237,71482,253908104,0.44,0.58
2024/05/24 星期五 00:28:11.752,1716481691752,NH-DC-NM129-B05-ROCE-Leaf-3.GPU.S9825,FourHundredGigE1/0/43,0,0,0,0,0,0
2024/05/24 星期五 00:28:12.253,1716481692253,NH-DC-NM129-B05-ROCE-Leaf-3.GPU.S9825,FourHundredGigE1/0/43,284179,1158963262,273277,1118246274,2.87,2.77
2024/05/24 星期五 00:28:12.829,1716481692829,NH-DC-NM129-B05-ROCE-Leaf-3.GPU.S9825,FourHundredGigE1/0/43,0,0,0,0,0,0
2024/05/24 星期五 00:28:13.333,1716481693333,NH-DC-NM129-B05-ROCE-Leaf-3.GPU.S9825,FourHundredGigE1/0/43,22528,72724444,2987,250778,0.17,0
2024/05/24 星期五 00:28:14.093,1716481694093,NH-DC-NM129-B05-ROCE-Leaf-3.GPU.S9825,FourHundredGigE1/0/43,2556,1346596,9000,27667780,0,0.03
2024/05/24 星期五 00:28:14.651,1716481694651,NH-DC-NM129-B05-ROCE-Leaf-3.GPU.S9825,FourHundredGigE1/0/43,0,0,0,0,0,0
2024/05/24 星期五 00:28:15.153,1716481695153,NH-DC-NM129-B05-ROCE-Leaf-3.GPU.S9825,FourHundredGigE1/0/43,11506,35226108,9719,20599798,0.07,0.05
2024/05/24 星期五 00:28:15.704,1716481695704,NH-DC-NM129-B05-ROCE-Leaf-3.GPU.S9825,FourHundredGigE1/0/43,0,0,0,0,0,0
2024/05/24 星期五 00:28:16.280,1716481696280,NH-DC-NM129-B05-ROCE-Leaf-3.GPU.S9825,FourHundredGigE1/0/43,195752,783576524,10418,12017688,1.69,0.02
2024/05/24 星期五 00:28:16.784,1716481696784,NH-DC-NM129-B05-ROCE-Leaf-3.GPU.S9825,FourHundredGigE1/0/43,0,0,0,0,0,0
2024/05/24 星期五 00:28:17.327,1716481697327,NH-DC-NM129-B05-ROCE-Leaf-3.GPU.S9825,FourHundredGigE1/0/43,7534,13310496,41316,142536640,0.02,0.32
2024/05/24 星期五 00:28:17.903,1716481697903,NH-DC-NM129-B05-ROCE-Leaf-3.GPU.S9825,FourHundredGigE1/0/43,0,0,0,0,0,0
2024/05/24 星期五 00:28:18.499,1716481698499,NH-DC-NM129-B05-ROCE-Leaf-3.GPU.S9825,FourHundredGigE1/0/43,35566,126309244,27251,83895378,0.25,0.17
2024/05/24 星期五 00:28:19.020,1716481699020,NH-DC-NM129-B05-ROCE-Leaf-3.GPU.S9825,FourHundredGigE1/0/43,189548,742027360,94059,380438066,1.78,0.91
2024/05/24 星期五 00:28:19.597,1716481699597,NH-DC-NM129-B05-ROCE-Leaf-3.GPU.S9825,FourHundredGigE1/0/43,0,0,0,0,0,0
2024/05/24 星期五 00:28:20.127,1716481700127,NH-DC-NM129-B05-ROCE-Leaf-3.GPU.S9825,FourHundredGigE1/0/43,13844,42401384,38303,119372730,0.09,0.26
2024/05/24 星期五 00:28:20.791,1716481700791,NH-DC-NM129-B05-ROCE-Leaf-3.GPU.S9825,FourHundredGigE1/0/43,0,0,0,0,0,0
2024/05/24 星期五 00:28:21.295,1716481701295,NH-DC-NM129-B05-ROCE-Leaf-3.GPU.S9825,FourHundredGigE1/0/43,4943,399694,44198,149799084,0,0.35
2024/05/24 星期五 00:28:21.859,1716481701859,NH-DC-NM129-B05-ROCE-Leaf-3.GPU.S9825,FourHundredGigE1/0/43,0,0,0,0,0,0
2024/05/24 星期五 00:28:22.363,1716481702363,NH-DC-NM129-B05-ROCE-Leaf-3.GPU.S9825,FourHundredGigE1/0/43,71093,275494350,29391,104377946,0.67,0.25
2024/05/24 星期五 00:28:22.930,1716481702930,NH-DC-NM129-B05-ROCE-Leaf-3.GPU.S9825,FourHundredGigE1/0/43,0,0,0,0,0,0
2024/05/24 星期五 00:28:23.430,1716481703430,NH-DC-NM129-B05-ROCE-Leaf-3.GPU.S9825,FourHundredGigE1/0/43,292174,1172858444,188852,738581408,2.92,1.82
2024/05/24 星期五 00:28:24.475,1716481704475,NH-DC-NM129-B05-ROCE-Leaf-3.GPU.S9825,FourHundredGigE1/0/43,5136,11746080,15573,22413726,0.01,0.02
2024/05/24 星期五 00:28:25.023,1716481705023,NH-DC-NM129-B05-ROCE-Leaf-3.GPU.S9825,FourHundredGigE1/0/43,0,0,0,0,0,0
2024/05/24 星期五 00:28:25.549,1716481705549,NH-DC-NM129-B05-ROCE-Leaf-3.GPU.S9825,FourHundredGigE1/0/43,16410,55996080,22760,61190408,0.12,0.14
2024/05/24 星期五 00:28:26.079,1716481706079,NH-DC-NM129-B05-ROCE-Leaf-3.GPU.S9825,FourHundredGigE1/0/43,27300,80479112,260308,1032236264,0.19,2.43
2024/05/24 星期五 00:28:26.581,1716481706581,NH-DC-NM129-B05-ROCE-Leaf-3.GPU.S9825,FourHundredGigE1/0/43,0,0,0,0,0,0
2024/05/24 星期五 00:28:27.081,1716481707081,NH-DC-NM129-B05-ROCE-Leaf-3.GPU.S9825,FourHundredGigE1/0/43,21787,64465438,217207,879602802,0.15,2.18
2024/05/24 星期五 00:28:27.737,1716481707737,NH-DC-NM129-B05-ROCE-Leaf-3.GPU.S9825,FourHundredGigE1/0/43,0,0,0,0,0,0
2024/05/24 星期五 00:28:28.355,1716481708355,NH-DC-NM129-B05-ROCE-Leaf-3.GPU.S9825,FourHundredGigE1/0/43,3270,516012,51816,185036532,0,0.36
2024/05/24 星期五 00:28:28.872,1716481708872,NH-DC-NM129-B05-ROCE-Leaf-3.GPU.S9825,FourHundredGigE1/0/43,0,0,0,0,0,0
2024/05/24 星期五 00:28:29.397,1716481709397,NH-DC-NM129-B05-ROCE-Leaf-3.GPU.S9825,FourHundredGigE1/0/43,28724,80106668,15537,43232946,0.19,0.10
2024/05/24 星期五 00:28:29.921,1716481709921,NH-DC-NM129-B05-ROCE-Leaf-3.GPU.S9825,FourHundredGigE1/0/43,475225,1917699554,57281,175225194,4.56,0.41
2024/05/24 星期五 00:28:30.600,1716481710600,NH-DC-NM129-B05-ROCE-Leaf-3.GPU.S9825,FourHundredGigE1/0/43,0,0,0,0,0,0
2024/05/24 星期五 00:28:31.115,1716481711115,NH-DC-NM129-B05-ROCE-Leaf-3.GPU.S9825,FourHundredGigE1/0/43,55701,180842646,17784,63987688,0.44,0.15
2024/05/24 星期五 00:28:31.616,1716481711616,NH-DC-NM129-B05-ROCE-Leaf-3.GPU.S9825,FourHundredGigE1/0/43,0,0,0,0,0,0
2024/05/24 星期五 00:28:32.220,1716481712220,NH-DC-NM129-B05-ROCE-Leaf-3.GPU.S9825,FourHundredGigE1/0/43,56300,171561241,21577,66009438,0.35,0.12
2024/05/24 星期五 00:28:32.791,1716481712791,NH-DC-NM129-B05-ROCE-Leaf-3.GPU.S9825,FourHundredGigE1/0/43,0,0,0,0,0,0
2024/05/24 星期五 00:28:33.293,1716481713293,NH-DC-NM129-B05-ROCE-Leaf-3.GPU.S9825,FourHundredGigE1/0/43,38734,133542302,57899,225585962,0.32,0.55
2024/05/24 星期五 00:28:34.285,1716481714285,NH-DC-NM129-B05-ROCE-Leaf-3.GPU.S9825,FourHundredGigE1/0/43,60902,186918590,358587,1465763442,0.23,1.84
2024/05/24 星期五 00:28:34.987,1716481714987,NH-DC-NM129-B05-ROCE-Leaf-3.GPU.S9825,FourHundredGigE1/0/43,25567,64475790,20831,63742994,0.11,0.11
2024/05/24 星期五 00:28:35.534,1716481715534,NH-DC-NM129-B05-ROCE-Leaf-3.GPU.S9825,FourHundredGigE1/0/43,0,0,0,0,0,0
2024/05/24 星期五 00:28:36.108,1716481716108,NH-DC-NM129-B05-ROCE-Leaf-3.GPU.S9825,FourHundredGigE1/0/43,43688,131983896,56708,198702100,0.28,0.41
2024/05/24 星期五 00:28:36.668,1716481716668,NH-DC-NM129-B05-ROCE-Leaf-3.GPU.S9825,FourHundredGigE1/0/43,0,0,0,0,0,0
2024/05/24 星期五 00:28:37.171,1716481717171,NH-DC-NM129-B05-ROCE-Leaf-3.GPU.S9825,FourHundredGigE1/0/43,226028,890830336,15347,32765422,2.21,0.07
2024/05/24 星期五 00:28:37.868,1716481717868,NH-DC-NM129-B05-ROCE-Leaf-3.GPU.S9825,FourHundredGigE1/0/43,0,0,0,0,0,0
2024/05/24 星期五 00:28:38.397,1716481718397,NH-DC-NM129-B05-ROCE-Leaf-3.GPU.S9825,FourHundredGigE1/0/43,87467,354576834,6427,525226,0.83,0
2024/05/24 星期五 00:28:38.980,1716481718980,NH-DC-NM129-B05-ROCE-Leaf-3.GPU.S9825,FourHundredGigE1/0/43,9571,35313290,1439,117958,0.06,0
2024/05/24 星期五 00:28:39.817,1716481719817,NH-DC-NM129-B05-ROCE-Leaf-3.GPU.S9825,FourHundredGigE1/0/43,0,0,0,0,0,0
2024/05/24 星期五 00:28:40.321,1716481720321,NH-DC-NM129-B05-ROCE-Leaf-3.GPU.S9825,FourHundredGigE1/0/43,4624,11711584,7399,23330838,0.02,0.05
2024/05/24 星期五 00:28:41.047,1716481721047,NH-DC-NM129-B05-ROCE-Leaf-3.GPU.S9825,FourHundredGigE1/0/43,2993,238769,205765,836156926,0,1.43
2024/05/24 星期五 00:28:41.577,1716481721577,NH-DC-NM129-B05-ROCE-Leaf-3.GPU.S9825,FourHundredGigE1/0/43,0,0,0,0,0,0
2024/05/24 星期五 00:28:42.816,1716481722816,NH-DC-NM129-B05-ROCE-Leaf-3.GPU.S9825,FourHundredGigE1/0/43,10861,35341706,187454,701231688,0.03,0.71
2024/05/24 星期五 00:28:43.318,1716481723318,NH-DC-NM129-B05-ROCE-Leaf-3.GPU.S9825,FourHundredGigE1/0/43,4319,11755726,485424,1818686288,0.02,4.51
2024/05/24 星期五 00:28:43.824,1716481723824,NH-DC-NM129-B05-ROCE-Leaf-3.GPU.S9825,FourHundredGigE1/0/43,0,0,0,0,0,0
2024/05/24 星期五 00:28:44.456,1716481724456,NH-DC-NM129-B05-ROCE-Leaf-3.GPU.S9825,FourHundredGigE1/0/43,122056,496991128,441083,1654606746,0.97,3.26
2024/05/24 星期五 00:28:45.085,1716481725085,NH-DC-NM129-B05-ROCE-Leaf-3.GPU.S9825,FourHundredGigE1/0/43,196809,772555678,233512,770894000,1.53,1.53
2024/05/24 星期五 00:28:46.455,1716481726455,NH-DC-NM129-B05-ROCE-Leaf-3.GPU.S9825,FourHundredGigE1/0/43,10125,35509982,190516,550887136,0.03,0.50
2024/05/24 星期五 00:28:47.768,1716481727768,NH-DC-NM129-B05-ROCE-Leaf-3.GPU.S9825,FourHundredGigE1/0/43,0,0,0,0,0,0
2024/05/24 星期五 00:28:48.430,1716481728430,NH-DC-NM129-B05-ROCE-Leaf-3.GPU.S9825,FourHundredGigE1/0/43,369695,1528638222,267564,1107579420,2.87,2.08
2024/05/24 星期五 00:28:49.019,1716481729019,NH-DC-NM129-B05-ROCE-Leaf-3.GPU.S9825,FourHundredGigE1/0/43,3719,11865226,4136,11508004,0.02,0.02
2024/05/24 星期五 00:28:49.641,1716481729641,NH-DC-NM129-B05-ROCE-Leaf-3.GPU.S9825,FourHundredGigE1/0/43,0,0,0,0,0,0
2024/05/24 星期五 00:28:50.271,1716481730271,NH-DC-NM129-B05-ROCE-Leaf-3.GPU.S9825,FourHundredGigE1/0/43,16887,45662090,9622,23497356,0.08,0.04
2024/05/24 星期五 00:28:50.829,1716481730829,NH-DC-NM129-B05-ROCE-Leaf-3.GPU.S9825,FourHundredGigE1/0/43,0,0,0,0,0,0
2024/05/24 星期五 00:28:51.490,1716481731490,NH-DC-NM129-B05-ROCE-Leaf-3.GPU.S9825,FourHundredGigE1/0/43,59284,216817904,27137,99395726,0.40,0.17
2024/05/24 星期五 00:28:52.068,1716481732068,NH-DC-NM129-B05-ROCE-Leaf-3.GPU.S9825,FourHundredGigE1/0/43,240014,960439088,20533,49076498,2.08,0.09
2024/05/24 星期五 00:28:52.664,1716481732664,NH-DC-NM129-B05-ROCE-Leaf-3.GPU.S9825,FourHundredGigE1/0/43,0,0,0,0,0,0
2024/05/24 星期五 00:28:53.166,1716481733166,NH-DC-NM129-B05-ROCE-Leaf-3.GPU.S9825,FourHundredGigE1/0/43,30516,69207052,24508,88281372,0.15,0.20
2024/05/24 星期五 00:28:53.744,1716481733744,NH-DC-NM129-B05-ROCE-Leaf-3.GPU.S9825,FourHundredGigE1/0/43,0,0,0,0,0,0
2024/05/24 星期五 00:28:54.259,1716481734259,NH-DC-NM129-B05-ROCE-Leaf-3.GPU.S9825,FourHundredGigE1/0/43,10268,30483396,31892,92428572,0.07,0.22
2024/05/24 星期五 00:28:55.873,1716481735873,NH-DC-NM129-B05-ROCE-Leaf-3.GPU.S9825,FourHundredGigE1/0/43,114254,469812196,199669,801661998,0.36,0.62
2024/05/24 星期五 00:28:56.377,1716481736377,NH-DC-NM129-B05-ROCE-Leaf-3.GPU.S9825,FourHundredGigE1/0/43,29750,76306968,18804,35405692,0.17,0.07
2024/05/24 星期五 00:28:56.905,1716481736905,NH-DC-NM129-B05-ROCE-Leaf-3.GPU.S9825,FourHundredGigE1/0/43,0,0,0,0,0,0
2024/05/24 星期五 00:28:57.406,1716481737406,NH-DC-NM129-B05-ROCE-Leaf-3.GPU.S9825,FourHundredGigE1/0/43,4428,7450720,11004,23233616,0,0.05
2024/05/24 星期五 00:28:58.086,1716481738086,NH-DC-NM129-B05-ROCE-Leaf-3.GPU.S9825,FourHundredGigE1/0/43,111591,423224682,35402,98972328,0.77,0.17
2024/05/24 星期五 00:28:58.661,1716481738661,NH-DC-NM129-B05-ROCE-Leaf-3.GPU.S9825,FourHundredGigE1/0/43,0,0,0,0,0,0
2024/05/24 星期五 00:28:59.197,1716481739197,NH-DC-NM129-B05-ROCE-Leaf-3.GPU.S9825,FourHundredGigE1/0/43,151866,607123816,306788,1212615760,1.40,2.82
2024/05/24 星期五 00:28:59.759,1716481739759,NH-DC-NM129-B05-ROCE-Leaf-3.GPU.S9825,FourHundredGigE1/0/43,0,0,0,0,0,0
2024/05/24 星期五 00:29:00.306,1716481740306,NH-DC-NM129-B05-ROCE-Leaf-3.GPU.S9825,FourHundredGigE1/0/43,33944,112915584,25545,81835914,0.25,0.18
2024/05/24 星期五 00:29:00.819,1716481740819,NH-DC-NM129-B05-ROCE-Leaf-3.GPU.S9825,FourHundredGigE1/0/43,0,0,0,0,0,0
2024/05/24 星期五 00:29:01.321,1716481741321,NH-DC-NM129-B05-ROCE-Leaf-3.GPU.S9825,FourHundredGigE1/0/43,13628,35794980,73273,256686246,0.07,0.62
2024/05/24 星期五 00:29:01.946,1716481741946,NH-DC-NM129-B05-ROCE-Leaf-3.GPU.S9825,FourHundredGigE1/0/43,0,0,0,0,0,0
2024/05/24 星期五 00:29:02.549,1716481742549,NH-DC-NM129-B05-ROCE-Leaf-3.GPU.S9825,FourHundredGigE1/0/43,114960,456117312,293550,1184071412,0.93,2.45
2024/05/24 星期五 00:29:03.076,1716481743076,NH-DC-NM129-B05-ROCE-Leaf-3.GPU.S9825,FourHundredGigE1/0/43,10675,17342998,62008,184867492,0.02,0.43
2024/05/24 星期五 00:29:03.623,1716481743623,NH-DC-NM129-B05-ROCE-Leaf-3.GPU.S9825,FourHundredGigE1/0/43,0,0,0,0,0,0
2024/05/24 星期五 00:29:04.125,1716481744125,NH-DC-NM129-B05-ROCE-Leaf-3.GPU.S9825,FourHundredGigE1/0/43,14315,28315602,26257,92039418,0.05,0.22
2024/05/24 星期五 00:29:04.737,1716481744737,NH-DC-NM129-B05-ROCE-Leaf-3.GPU.S9825,FourHundredGigE1/0/43,0,0,0,0,0,0
2024/05/24 星期五 00:29:05.384,1716481745384,NH-DC-NM129-B05-ROCE-Leaf-3.GPU.S9825,FourHundredGigE1/0/43,18623,60867338,35712,127281492,0.12,0.23
2024/05/24 星期五 00:29:05.950,1716481745950,NH-DC-NM129-B05-ROCE-Leaf-3.GPU.S9825,FourHundredGigE1/0/43,0,0,0,0,0,0
2024/05/24 星期五 00:29:06.542,1716481746542,NH-DC-NM129-B05-ROCE-Leaf-3.GPU.S9825,FourHundredGigE1/0/43,129724,494037828,12407,12557862,1.03,0.02
2024/05/24 星期五 00:29:07.057,1716481747057,NH-DC-NM129-B05-ROCE-Leaf-3.GPU.S9825,FourHundredGigE1/0/43,10505,0,4531,0,0,0
2024/05/24 星期五 00:29:08.405,1716481748405,NH-DC-NM129-B05-ROCE-Leaf-3.GPU.S9825,FourHundredGigE1/0/43,7100,23503790,114491,462400984,0.02,0.43
2024/05/24 星期五 00:29:08.914,1716481748914,NH-DC-NM129-B05-ROCE-Leaf-3.GPU.S9825,FourHundredGigE1/0/43,0,0,0,0,0,0
2024/05/24 星期五 00:29:09.417,1716481749417,NH-DC-NM129-B05-ROCE-Leaf-3.GPU.S9825,FourHundredGigE1/0/43,233038,930506972,47955,148058598,2.31,0.35
2024/05/24 星期五 00:29:09.980,1716481749980,NH-DC-NM129-B05-ROCE-Leaf-3.GPU.S9825,FourHundredGigE1/0/43,116780,422122448,115628,458593180,0.93,1.00
2024/05/24 星期五 00:29:10.586,1716481750586,NH-DC-NM129-B05-ROCE-Leaf-3.GPU.S9825,FourHundredGigE1/0/43,0,0,0,0,0,0
2024/05/24 星期五 00:29:11.088,1716481751088,NH-DC-NM129-B05-ROCE-Leaf-3.GPU.S9825,FourHundredGigE1/0/43,17595,24034677,13312,25668140,0.05,0.05
2024/05/24 星期五 00:29:11.723,1716481751723,NH-DC-NM129-B05-ROCE-Leaf-3.GPU.S9825,FourHundredGigE1/0/43,0,0,0,0,0,0
2024/05/24 星期五 00:29:12.296,1716481752296,NH-DC-NM129-B05-ROCE-Leaf-3.GPU.S9825,FourHundredGigE1/0/43,56317,190982134,9061,21965586,0.41,0.04
2024/05/24 星期五 00:29:12.833,1716481752833,NH-DC-NM129-B05-ROCE-Leaf-3.GPU.S9825,FourHundredGigE1/0/43,0,0,0,0,0,0
2024/05/24 星期五 00:29:13.333,1716481753333,NH-DC-NM129-B05-ROCE-Leaf-3.GPU.S9825,FourHundredGigE1/0/43,9843,32139970,221269,873898570,0.08,2.18
2024/05/24 星期五 00:29:13.916,1716481753916,NH-DC-NM129-B05-ROCE-Leaf-3.GPU.S9825,FourHundredGigE1/0/43,0,0,0,0,0,0
2024/05/24 星期五 00:29:14.417,1716481754417,NH-DC-NM129-B05-ROCE-Leaf-3.GPU.S9825,FourHundredGigE1/0/43,26965,99789970,18253,52598198,0.22,0.12
2024/05/24 星期五 00:29:15.086,1716481755086,NH-DC-NM129-B05-ROCE-Leaf-3.GPU.S9825,FourHundredGigE1/0/43,31878,104584548,65813,189832382,0.19,0.34
2024/05/24 星期五 00:29:15.590,1716481755590,NH-DC-NM129-B05-ROCE-Leaf-3.GPU.S9825,FourHundredGigE1/0/43,0,0,0,0,0,0
2024/05/24 星期五 00:29:16.095,1716481756095,NH-DC-NM129-B05-ROCE-Leaf-3.GPU.S9825,FourHundredGigE1/0/43,205006,820237632,32699,85412390,2.03,0.20
2024/05/24 星期五 00:29:16.698,1716481756698,NH-DC-NM129-B05-ROCE-Leaf-3.GPU.S9825,FourHundredGigE1/0/43,0,0,0,0,0,0
2024/05/24 星期五 00:29:17.197,1716481757197,NH-DC-NM129-B05-ROCE-Leaf-3.GPU.S9825,FourHundredGigE1/0/43,97746,390486488,19444,63937952,0.98,0.15
2024/05/24 星期五 00:29:17.718,1716481757718,NH-DC-NM129-B05-ROCE-Leaf-3.GPU.S9825,FourHundredGigE1/0/43,0,0,0,0,0,0
2024/05/24 星期五 00:29:18.424,1716481758424,NH-DC-NM129-B05-ROCE-Leaf-3.GPU.S9825,FourHundredGigE1/0/43,3127,11852900,17239,55750498,0.02,0.09
2024/05/24 星期五 00:29:18.941,1716481758941,NH-DC-NM129-B05-ROCE-Leaf-3.GPU.S9825,FourHundredGigE1/0/43,0,0,0,0,0,0
2024/05/24 星期五 00:29:19.441,1716481759441,NH-DC-NM129-B05-ROCE-Leaf-3.GPU.S9825,FourHundredGigE1/0/43,1400,3200158,37497,29610786,0,0.05
2024/05/24 星期五 00:29:20.083,1716481760083,NH-DC-NM129-B05-ROCE-Leaf-3.GPU.S9825,FourHundredGigE1/0/43,344296,1385684956,273606,1130199040,2.69,2.20
2024/05/24 星期五 00:29:21.083,1716481761083,NH-DC-NM129-B05-ROCE-Leaf-3.GPU.S9825,FourHundredGigE1/0/43,44411,3588334,3109,11422906,0,0.01
2024/05/24 星期五 00:29:21.731,1716481761731,NH-DC-NM129-B05-ROCE-Leaf-3.GPU.S9825,FourHundredGigE1/0/43,0,0,0,0,0,0
2024/05/24 星期五 00:29:22.304,1716481762304,NH-DC-NM129-B05-ROCE-Leaf-3.GPU.S9825,FourHundredGigE1/0/43,5187,12007270,3728,11473248,0.02,0.02
2024/05/24 星期五 00:29:23.547,1716481763547,NH-DC-NM129-B05-ROCE-Leaf-3.GPU.S9825,FourHundredGigE1/0/43,15971,55064250,3621,11464882,0.05,0.01
2024/05/24 星期五 00:29:25.015,1716481765015,NH-DC-NM129-B05-ROCE-Leaf-3.GPU.S9825,FourHundredGigE1/0/43,5486,11845484,285602,1119621568,0.01,0.95
2024/05/24 星期五 00:29:25.517,1716481765517,NH-DC-NM129-B05-ROCE-Leaf-3.GPU.S9825,FourHundredGigE1/0/43,490,40524,6179,500494,0,0
2024/05/24 星期五 00:29:26.022,1716481766022,NH-DC-NM129-B05-ROCE-Leaf-3.GPU.S9825,FourHundredGigE1/0/43,30636,99225488,4152,11508484,0.22,0.02
2024/05/24 星期五 00:29:27.046,1716481767046,NH-DC-NM129-B05-ROCE-Leaf-3.GPU.S9825,FourHundredGigE1/0/43,0,0,0,0,0,0
2024/05/24 星期五 00:29:27.557,1716481767557,NH-DC-NM129-B05-ROCE-Leaf-3.GPU.S9825,FourHundredGigE1/0/43,179709,721853432,172427,676050716,1.76,1.64
2024/05/24 星期五 00:29:28.337,1716481768337,NH-DC-NM129-B05-ROCE-Leaf-3.GPU.S9825,FourHundredGigE1/0/43,311982,1220788330,274379,1089274768,1.96,1.73
2024/05/24 星期五 00:29:28.890,1716481768890,NH-DC-NM129-B05-ROCE-Leaf-3.GPU.S9825,FourHundredGigE1/0/43,0,0,0,0,0,0
2024/05/24 星期五 00:29:29.390,1716481769390,NH-DC-NM129-B05-ROCE-Leaf-3.GPU.S9825,FourHundredGigE1/0/43,7483,26067978,14632,12730304,0.05,0.02
2024/05/24 星期五 00:29:30.171,1716481770171,NH-DC-NM129-B05-ROCE-Leaf-3.GPU.S9825,FourHundredGigE1/0/43,76747,281538878,11257,35949502,0.45,0.05
2024/05/24 星期五 00:29:30.715,1716481770715,NH-DC-NM129-B05-ROCE-Leaf-3.GPU.S9825,FourHundredGigE1/0/43,0,0,0,0,0,0
2024/05/24 星期五 00:29:31.373,1716481771373,NH-DC-NM129-B05-ROCE-Leaf-3.GPU.S9825,FourHundredGigE1/0/43,191869,757747506,94032,328527120,1.42,0.61
2024/05/24 星期五 00:29:31.959,1716481771959,NH-DC-NM129-B05-ROCE-Leaf-3.GPU.S9825,FourHundredGigE1/0/43,0,0,0,0,0,0
2024/05/24 星期五 00:29:32.519,1716481772519,NH-DC-NM129-B05-ROCE-Leaf-3.GPU.S9825,FourHundredGigE1/0/43,23436,51010480,4447,361042,0.11,0
2024/05/24 星期五 00:29:33.020,1716481773020,NH-DC-NM129-B05-ROCE-Leaf-3.GPU.S9825,FourHundredGigE1/0/43,52101,167785594,50355,168627946,0.40,0.40
2024/05/24 星期五 00:29:33.788,1716481773788,NH-DC-NM129-B05-ROCE-Leaf-3.GPU.S9825,FourHundredGigE1/0/43,47605,139740610,41659,142219810,0.21,0.23
2024/05/24 星期五 00:29:34.591,1716481774591,NH-DC-NM129-B05-ROCE-Leaf-3.GPU.S9825,FourHundredGigE1/0/43,0,0,0,0,0,0
2024/05/24 星期五 00:29:35.255,1716481775255,NH-DC-NM129-B05-ROCE-Leaf-3.GPU.S9825,FourHundredGigE1/0/43,36653,133130414,217610,839255416,0.24,1.56
2024/05/24 星期五 00:29:35.815,1716481775815,NH-DC-NM129-B05-ROCE-Leaf-3.GPU.S9825,FourHundredGigE1/0/43,0,0,0,0,0,0
2024/05/24 星期五 00:29:37.025,1716481777025,NH-DC-NM129-B05-ROCE-Leaf-3.GPU.S9825,FourHundredGigE1/0/43,55269,205915174,21478,68838072,0.21,0.06
2024/05/24 星期五 00:29:37.542,1716481777542,NH-DC-NM129-B05-ROCE-Leaf-3.GPU.S9825,FourHundredGigE1/0/43,27076,64837924,25756,78689144,0.15,0.17
2024/05/24 星期五 00:29:38.117,1716481778117,NH-DC-NM129-B05-ROCE-Leaf-3.GPU.S9825,FourHundredGigE1/0/43,63527,228257348,364651,1468212222,0.48,3.17
2024/05/24 星期五 00:29:38.756,1716481778756,NH-DC-NM129-B05-ROCE-Leaf-3.GPU.S9825,FourHundredGigE1/0/43,0,0,0,0,0,0
2024/05/24 星期五 00:29:39.259,1716481779259,NH-DC-NM129-B05-ROCE-Leaf-3.GPU.S9825,FourHundredGigE1/0/43,43796,167900682,139888,564963360,0.40,1.39
2024/05/24 星期五 00:29:39.758,1716481779758,NH-DC-NM129-B05-ROCE-Leaf-3.GPU.S9825,FourHundredGigE1/0/43,0,0,0,0,0,0
2024/05/24 星期五 00:29:40.261,1716481780261,NH-DC-NM129-B05-ROCE-Leaf-3.GPU.S9825,FourHundredGigE1/0/43,9297,3772946,26784,94977120,0,0.22
2024/05/24 星期五 00:29:40.852,1716481780852,NH-DC-NM129-B05-ROCE-Leaf-3.GPU.S9825,FourHundredGigE1/0/43,0,0,0,0,0,0
2024/05/24 星期五 00:29:41.354,1716481781354,NH-DC-NM129-B05-ROCE-Leaf-3.GPU.S9825,FourHundredGigE1/0/43,31324,96255255,11609,23955726,0.22,0.05
2024/05/24 星期五 00:29:42.045,1716481782045,NH-DC-NM129-B05-ROCE-Leaf-3.GPU.S9825,FourHundredGigE1/0/43,210369,785967250,90314,286338904,1.41,0.51
2024/05/24 星期五 00:29:42.611,1716481782611,NH-DC-NM129-B05-ROCE-Leaf-3.GPU.S9825,FourHundredGigE1/0/43,0,0,0,0,0,0
2024/05/24 星期五 00:29:43.114,1716481783114,NH-DC-NM129-B05-ROCE-Leaf-3.GPU.S9825,FourHundredGigE1/0/43,7872,20627480,3439,294054,0.05,0
2024/05/24 星期五 00:29:43.680,1716481783680,NH-DC-NM129-B05-ROCE-Leaf-3.GPU.S9825,FourHundredGigE1/0/43,0,0,0,0,0,0
2024/05/24 星期五 00:29:44.328,1716481784328,NH-DC-NM129-B05-ROCE-Leaf-3.GPU.S9825,FourHundredGigE1/0/43,19249,60920402,31749,95653302,0.12,0.17
2024/05/24 星期五 00:29:44.900,1716481784900,NH-DC-NM129-B05-ROCE-Leaf-3.GPU.S9825,FourHundredGigE1/0/43,8936,43947784,4221,11891258,0.09,0.02
2024/05/24 星期五 00:29:45.978,1716481785978,NH-DC-NM129-B05-ROCE-Leaf-3.GPU.S9825,FourHundredGigE1/0/43,159595,623196566,26897,29101858,0.72,0.02
2024/05/24 星期五 00:29:47.649,1716481787649,NH-DC-NM129-B05-ROCE-Leaf-3.GPU.S9825,FourHundredGigE1/0/43,0,0,0,0,0,0
2024/05/24 星期五 00:29:48.199,1716481788199,NH-DC-NM129-B05-ROCE-Leaf-3.GPU.S9825,FourHundredGigE1/0/43,13868,20335012,21315,62087346,0.05,0.14
2024/05/24 星期五 00:29:48.867,1716481788867,NH-DC-NM129-B05-ROCE-Leaf-3.GPU.S9825,FourHundredGigE1/0/43,0,0,0,0,0,0
2024/05/24 星期五 00:29:49.501,1716481789501,NH-DC-NM129-B05-ROCE-Leaf-3.GPU.S9825,FourHundredGigE1/0/43,65714,197184740,17206,61943776,0.37,0.12
2024/05/24 星期五 00:29:50.048,1716481790048,NH-DC-NM129-B05-ROCE-Leaf-3.GPU.S9825,FourHundredGigE1/0/43,64282,218365692,16173,42828410,0.48,0.09
2024/05/24 星期五 00:29:50.583,1716481790583,NH-DC-NM129-B05-ROCE-Leaf-3.GPU.S9825,FourHundredGigE1/0/43,0,0,0,0,0,0
2024/05/24 星期五 00:29:51.342,1716481791342,NH-DC-NM129-B05-ROCE-Leaf-3.GPU.S9825,FourHundredGigE1/0/43,15056,52221256,37210,120111348,0.08,0.20
2024/05/24 星期五 00:29:51.982,1716481791982,NH-DC-NM129-B05-ROCE-Leaf-3.GPU.S9825,FourHundredGigE1/0/43,3789,7927270,20596,61015876,0,0.12
2024/05/24 星期五 00:29:52.588,1716481792588,NH-DC-NM129-B05-ROCE-Leaf-3.GPU.S9825,FourHundredGigE1/0/43,0,0,0,0,0,0
2024/05/24 星期五 00:29:53.148,1716481793148,NH-DC-NM129-B05-ROCE-Leaf-3.GPU.S9825,FourHundredGigE1/0/43,45181,151156638,59172,179646756,0.33,0.38
2024/05/24 星期五 00:29:53.649,1716481793649,NH-DC-NM129-B05-ROCE-Leaf-3.GPU.S9825,FourHundredGigE1/0/43,0,0,0,0,0,0
2024/05/24 星期五 00:29:54.150,1716481794150,NH-DC-NM129-B05-ROCE-Leaf-3.GPU.S9825,FourHundredGigE1/0/43,35308,104502660,3962,9251744,0.25,0
2024/05/24 星期五 00:29:55.183,1716481795183,NH-DC-NM129-B05-ROCE-Leaf-3.GPU.S9825,FourHundredGigE1/0/43,32756,115990216,16629,52348770,0.13,0.06
2024/05/24 星期五 00:29:57.581,1716481797581,NH-DC-NM129-B05-ROCE-Leaf-3.GPU.S9825,FourHundredGigE1/0/43,118806,412306376,9100,12290884,0.21,0.01
2024/05/24 星期五 00:29:58.287,1716481798287,NH-DC-NM129-B05-ROCE-Leaf-3.GPU.S9825,FourHundredGigE1/0/43,21650,13169140,0,0,0.02,0
2024/05/24 星期五 00:29:58.950,1716481798950,NH-DC-NM129-B05-ROCE-Leaf-3.GPU.S9825,FourHundredGigE1/0/43,5446,11809008,25283,78355886,0.02,0.13
2024/05/24 星期五 00:29:59.546,1716481799546,NH-DC-NM129-B05-ROCE-Leaf-3.GPU.S9825,FourHundredGigE1/0/43,0,0,0,0,0,0
2024/05/24 星期五 00:30:00.072,1716481800072,NH-DC-NM129-B05-ROCE-Leaf-3.GPU.S9825,FourHundredGigE1/0/43,0,0,0,0,0,0
2024/05/24 星期五 00:30:00.573,1716481800573,NH-DC-NM129-B05-ROCE-Leaf-3.GPU.S9825,FourHundredGigE1/0/43,137661,539921794,444213,1796678238,1.32,4.47
2024/05/24 星期五 00:30:01.073,1716481801073,NH-DC-NM129-B05-ROCE-Leaf-3.GPU.S9825,FourHundredGigE1/0/43,5647,12023578,6717,22886578,0.02,0.05
2024/05/24 星期五 00:30:01.704,1716481801704,NH-DC-NM129-B05-ROCE-Leaf-3.GPU.S9825,FourHundredGigE1/0/43,0,0,0,0,0,0
2024/05/24 星期五 00:30:02.490,1716481802490,NH-DC-NM129-B05-ROCE-Leaf-3.GPU.S9825,FourHundredGigE1/0/43,114761,428212114,38220,14261072,0.67,0.02
2024/05/24 星期五 00:30:03.055,1716481803055,NH-DC-NM129-B05-ROCE-Leaf-3.GPU.S9825,FourHundredGigE1/0/43,0,0,0,0,0,0
2024/05/24 星期五 00:30:03.557,1716481803557,NH-DC-NM129-B05-ROCE-Leaf-3.GPU.S9825,FourHundredGigE1/0/43,117622,430431180,192538,738888432,1.07,1.82
2024/05/24 星期五 00:30:04.058,1716481804058,NH-DC-NM129-B05-ROCE-Leaf-3.GPU.S9825,FourHundredGigE1/0/43,35997,130501682,178642,737799076,0.32,1.82
2024/05/24 星期五 00:30:04.579,1716481804579,NH-DC-NM129-B05-ROCE-Leaf-3.GPU.S9825,FourHundredGigE1/0/43,0,0,0,0,0,0
2024/05/24 星期五 00:30:05.165,1716481805165,NH-DC-NM129-B05-ROCE-Leaf-3.GPU.S9825,FourHundredGigE1/0/43,23712,86677380,2168,177844,0.17,0
2024/05/24 星期五 00:30:05.886,1716481805886,NH-DC-NM129-B05-ROCE-Leaf-3.GPU.S9825,FourHundredGigE1/0/43,0,0,0,0,0,0
2024/05/24 星期五 00:30:06.521,1716481806521,NH-DC-NM129-B05-ROCE-Leaf-3.GPU.S9825,FourHundredGigE1/0/43,34239,116112294,5753,12014558,0.22,0.02
2024/05/24 星期五 00:30:07.022,1716481807022,NH-DC-NM129-B05-ROCE-Leaf-3.GPU.S9825,FourHundredGigE1/0/43,0,0,0,0,0,0
2024/05/24 星期五 00:30:07.525,1716481807525,NH-DC-NM129-B05-ROCE-Leaf-3.GPU.S9825,FourHundredGigE1/0/43,538,113680,279078,1109657620,0,2.73
2024/05/24 星期五 00:30:08.082,1716481808082,NH-DC-NM129-B05-ROCE-Leaf-3.GPU.S9825,FourHundredGigE1/0/43,29845,112741438,21483,61084586,0.25,0.13
2024/05/24 星期五 00:30:08.758,1716481808758,NH-DC-NM129-B05-ROCE-Leaf-3.GPU.S9825,FourHundredGigE1/0/43,0,0,0,0,0,0
2024/05/24 星期五 00:30:09.474,1716481809474,NH-DC-NM129-B05-ROCE-Leaf-3.GPU.S9825,FourHundredGigE1/0/43,11920,42236016,10172,38039472,0.07,0.05
2024/05/24 星期五 00:30:10.038,1716481810038,NH-DC-NM129-B05-ROCE-Leaf-3.GPU.S9825,FourHundredGigE1/0/43,0,0,0,0,0,0
2024/05/24 星期五 00:30:10.539,1716481810539,NH-DC-NM129-B05-ROCE-Leaf-3.GPU.S9825,FourHundredGigE1/0/43,51828,198827908,25235,92103534,0.47,0.22
2024/05/24 星期五 00:30:11.038,1716481811038,NH-DC-NM129-B05-ROCE-Leaf-3.GPU.S9825,FourHundredGigE1/0/43,297801,1208797541,215623,860987070,3.01,2.15
2024/05/24 星期五 00:30:11.541,1716481811541,NH-DC-NM129-B05-ROCE-Leaf-3.GPU.S9825,FourHundredGigE1/0/43,0,0,0,0,0,0
2024/05/24 星期五 00:30:12.223,1716481812223,NH-DC-NM129-B05-ROCE-Leaf-3.GPU.S9825,FourHundredGigE1/0/43,8316,28826764,62997,231146954,0.04,0.42
2024/05/24 星期五 00:30:12.939,1716481812939,NH-DC-NM129-B05-ROCE-Leaf-3.GPU.S9825,FourHundredGigE1/0/43,0,0,0,0,0,0
2024/05/24 星期五 00:30:13.471,1716481813471,NH-DC-NM129-B05-ROCE-Leaf-3.GPU.S9825,FourHundredGigE1/0/43,19884,52618592,41777,136334474,0.12,0.31
2024/05/24 星期五 00:30:13.970,1716481813970,NH-DC-NM129-B05-ROCE-Leaf-3.GPU.S9825,FourHundredGigE1/0/43,0,0,0,0,0,0
2024/05/24 星期五 00:30:14.471,1716481814471,NH-DC-NM129-B05-ROCE-Leaf-3.GPU.S9825,FourHundredGigE1/0/43,142214,542844946,7909,11821194,1.35,0.02
2024/05/24 星期五 00:30:14.990,1716481814990,NH-DC-NM129-B05-ROCE-Leaf-3.GPU.S9825,FourHundredGigE1/0/43,0,0,0,0,0,0
2024/05/24 星期五 00:30:15.576,1716481815576,NH-DC-NM129-B05-ROCE-Leaf-3.GPU.S9825,FourHundredGigE1/0/43,174581,699318536,4572,4106670,1.47,0
2024/05/24 星期五 00:30:16.354,1716481816354,NH-DC-NM129-B05-ROCE-Leaf-3.GPU.S9825,FourHundredGigE1/0/43,15307,37829130,29821,87314510,0.05,0.13
2024/05/24 星期五 00:30:16.879,1716481816879,NH-DC-NM129-B05-ROCE-Leaf-3.GPU.S9825,FourHundredGigE1/0/43,0,0,0,0,0,0
2024/05/24 星期五 00:30:17.379,1716481817379,NH-DC-NM129-B05-ROCE-Leaf-3.GPU.S9825,FourHundredGigE1/0/43,19674,65356796,8607,23414886,0.15,0.05
2024/05/24 星期五 00:30:17.953,1716481817953,NH-DC-NM129-B05-ROCE-Leaf-3.GPU.S9825,FourHundredGigE1/0/43,0,0,0,0,0,0
2024/05/24 星期五 00:30:18.464,1716481818464,NH-DC-NM129-B05-ROCE-Leaf-3.GPU.S9825,FourHundredGigE1/0/43,8287,18953718,214218,842311568,0.02,2.05
2024/05/24 星期五 00:30:19.140,1716481819140,NH-DC-NM129-B05-ROCE-Leaf-3.GPU.S9825,FourHundredGigE1/0/43,11740,32147048,36033,105037586,0.06,0.18
2024/05/24 星期五 00:30:19.911,1716481819911,NH-DC-NM129-B05-ROCE-Leaf-3.GPU.S9825,FourHundredGigE1/0/43,0,0,0,0,0,0
2024/05/24 星期五 00:30:20.413,1716481820413,NH-DC-NM129-B05-ROCE-Leaf-3.GPU.S9825,FourHundredGigE1/0/43,34752,117538612,82640,298742260,0.27,0.72
2024/05/24 星期五 00:30:20.914,1716481820914,NH-DC-NM129-B05-ROCE-Leaf-3.GPU.S9825,FourHundredGigE1/0/43,0,0,0,0,0,0
2024/05/24 星期五 00:30:21.418,1716481821418,NH-DC-NM129-B05-ROCE-Leaf-3.GPU.S9825,FourHundredGigE1/0/43,92919,309622064,50573,190531142,0.74,0.47
2024/05/24 星期五 00:30:21.919,1716481821919,NH-DC-NM129-B05-ROCE-Leaf-3.GPU.S9825,FourHundredGigE1/0/43,0,0,0,0,0,0
2024/05/24 星期五 00:30:22.587,1716481822587,NH-DC-NM129-B05-ROCE-Leaf-3.GPU.S9825,FourHundredGigE1/0/43,231583,872724012,155904,607760800,1.63,1.12
2024/05/24 星期五 00:30:23.263,1716481823263,NH-DC-NM129-B05-ROCE-Leaf-3.GPU.S9825,FourHundredGigE1/0/43,19072,63146612,23756,84466668,0.11,0.15
2024/05/24 星期五 00:30:23.995,1716481823995,NH-DC-NM129-B05-ROCE-Leaf-3.GPU.S9825,FourHundredGigE1/0/43,32968,83285252,4924,11578636,0.14,0.02
2024/05/24 星期五 00:30:25.191,1716481825191,NH-DC-NM129-B05-ROCE-Leaf-3.GPU.S9825,FourHundredGigE1/0/43,201774,811267928,202055,774947898,0.85,0.80
2024/05/24 星期五 00:30:25.834,1716481825834,NH-DC-NM129-B05-ROCE-Leaf-3.GPU.S9825,FourHundredGigE1/0/43,15931,38543750,43054,117342648,0.06,0.21
2024/05/24 星期五 00:30:27.205,1716481827205,NH-DC-NM129-B05-ROCE-Leaf-3.GPU.S9825,FourHundredGigE1/0/43,13043,12392578,49427,165612914,0.01,0.15
2024/05/24 星期五 00:30:27.815,1716481827815,NH-DC-NM129-B05-ROCE-Leaf-3.GPU.S9825,FourHundredGigE1/0/43,0,0,0,0,0,0
2024/05/24 星期五 00:30:28.350,1716481828350,NH-DC-NM129-B05-ROCE-Leaf-3.GPU.S9825,FourHundredGigE1/0/43,51364,165309040,15471,35786634,0.37,0.07
2024/05/24 星期五 00:30:28.853,1716481828853,NH-DC-NM129-B05-ROCE-Leaf-3.GPU.S9825,FourHundredGigE1/0/43,0,0,0,0,0,0
2024/05/24 星期五 00:30:29.542,1716481829542,NH-DC-NM129-B05-ROCE-Leaf-3.GPU.S9825,FourHundredGigE1/0/43,19238,61561728,279293,1142221250,0.11,2.07
2024/05/24 星期五 00:30:30.361,1716481830361,NH-DC-NM129-B05-ROCE-Leaf-3.GPU.S9825,FourHundredGigE1/0/43,22450,75488588,18816,61101812,0.11,0.09
2024/05/24 星期五 00:30:30.861,1716481830861,NH-DC-NM129-B05-ROCE-Leaf-3.GPU.S9825,FourHundredGigE1/0/43,0,0,0,0,0,0
2024/05/24 星期五 00:30:31.362,1716481831362,NH-DC-NM129-B05-ROCE-Leaf-3.GPU.S9825,FourHundredGigE1/0/43,48335,173184302,37454,113367080,0.42,0.27
2024/05/24 星期五 00:30:31.903,1716481831903,NH-DC-NM129-B05-ROCE-Leaf-3.GPU.S9825,FourHundredGigE1/0/43,0,0,0,0,0,0
2024/05/24 星期五 00:30:32.404,1716481832404,NH-DC-NM129-B05-ROCE-Leaf-3.GPU.S9825,FourHundredGigE1/0/43,117094,450010716,396245,1597367410,1.12,3.97
2024/05/24 星期五 00:30:33.120,1716481833120,NH-DC-NM129-B05-ROCE-Leaf-3.GPU.S9825,FourHundredGigE1/0/43,141272,556255384,22362,75519836,0.96,0.12
2024/05/24 星期五 00:30:33.944,1716481833944,NH-DC-NM129-B05-ROCE-Leaf-3.GPU.S9825,FourHundredGigE1/0/43,1605,130966,11934,23582740,0,0.03
2024/05/24 星期五 00:30:34.623,1716481834623,NH-DC-NM129-B05-ROCE-Leaf-3.GPU.S9825,FourHundredGigE1/0/43,0,0,0,0,0,0
2024/05/24 星期五 00:30:35.197,1716481835197,NH-DC-NM129-B05-ROCE-Leaf-3.GPU.S9825,FourHundredGigE1/0/43,35302,119841232,66933,215866750,0.24,0.46
2024/05/24 星期五 00:30:35.698,1716481835698,NH-DC-NM129-B05-ROCE-Leaf-3.GPU.S9825,FourHundredGigE1/0/43,0,0,0,0,0,0
2024/05/24 星期五 00:30:36.379,1716481836379,NH-DC-NM129-B05-ROCE-Leaf-3.GPU.S9825,FourHundredGigE1/0/43,361999,1472063266,22636,23758784,2.70,0.04
2024/05/24 星期五 00:30:37.180,1716481837180,NH-DC-NM129-B05-ROCE-Leaf-3.GPU.S9825,FourHundredGigE1/0/43,995,82038,3201,11805538,0,0.02
2024/05/24 星期五 00:30:37.686,1716481837686,NH-DC-NM129-B05-ROCE-Leaf-3.GPU.S9825,FourHundredGigE1/0/43,0,0,0,0,0,0
2024/05/24 星期五 00:30:38.185,1716481838185,NH-DC-NM129-B05-ROCE-Leaf-3.GPU.S9825,FourHundredGigE1/0/43,39771,148530694,11541,34831950,0.35,0.08
2024/05/24 星期五 00:30:38.735,1716481838735,NH-DC-NM129-B05-ROCE-Leaf-3.GPU.S9825,FourHundredGigE1/0/43,0,0,0,0,0,0
2024/05/24 星期五 00:30:39.237,1716481839237,NH-DC-NM129-B05-ROCE-Leaf-3.GPU.S9825,FourHundredGigE1/0/43,41506,149803592,64427,227735090,0.35,0.55
2024/05/24 星期五 00:30:40.016,1716481840016,NH-DC-NM129-B05-ROCE-Leaf-3.GPU.S9825,FourHundredGigE1/0/43,22230,66854976,130604,534469824,0.10,0.85
2024/05/24 星期五 00:30:40.731,1716481840731,NH-DC-NM129-B05-ROCE-Leaf-3.GPU.S9825,FourHundredGigE1/0/43,0,0,0,0,0,0
2024/05/24 星期五 00:30:41.233,1716481841233,NH-DC-NM129-B05-ROCE-Leaf-3.GPU.S9825,FourHundredGigE1/0/43,8302,681791,3699,11846598,0,0.02
2024/05/24 星期五 00:30:41.782,1716481841782,NH-DC-NM129-B05-ROCE-Leaf-3.GPU.S9825,FourHundredGigE1/0/43,0,0,0,0,0,0
2024/05/24 星期五 00:30:42.285,1716481842285,NH-DC-NM129-B05-ROCE-Leaf-3.GPU.S9825,FourHundredGigE1/0/43,4070,19829780,6601,23252270,0.02,0.05
2024/05/24 星期五 00:30:42.786,1716481842786,NH-DC-NM129-B05-ROCE-Leaf-3.GPU.S9825,FourHundredGigE1/0/43,0,0,0,0,0,0
2024/05/24 星期五 00:30:43.286,1716481843286,NH-DC-NM129-B05-ROCE-Leaf-3.GPU.S9825,FourHundredGigE1/0/43,63835,219171414,182997,749287502,0.52,1.85
2024/05/24 星期五 00:30:44.144,1716481844144,NH-DC-NM129-B05-ROCE-Leaf-3.GPU.S9825,FourHundredGigE1/0/43,94207,333989946,49915,169567014,0.48,0.23
2024/05/24 星期五 00:30:44.653,1716481844653,NH-DC-NM129-B05-ROCE-Leaf-3.GPU.S9825,FourHundredGigE1/0/43,0,0,0,0,0,0
2024/05/24 星期五 00:30:45.256,1716481845256,NH-DC-NM129-B05-ROCE-Leaf-3.GPU.S9825,FourHundredGigE1/0/43,41931,136356038,9703,11956998,0.27,0.02
2024/05/24 星期五 00:30:48.268,1716481848268,NH-DC-NM129-B05-ROCE-Leaf-3.GPU.S9825,FourHundredGigE1/0/43,206956,780876516,236826,841358628,0.32,0.35
2024/05/24 星期五 00:30:48.801,1716481848801,NH-DC-NM129-B05-ROCE-Leaf-3.GPU.S9825,FourHundredGigE1/0/43,0,0,0,0,0,0
2024/05/24 星期五 00:30:49.326,1716481849326,NH-DC-NM129-B05-ROCE-Leaf-3.GPU.S9825,FourHundredGigE1/0/43,33037,116235922,11957,23685230,0.26,0.05
2024/05/24 星期五 00:30:49.827,1716481849827,NH-DC-NM129-B05-ROCE-Leaf-3.GPU.S9825,FourHundredGigE1/0/43,0,0,0,0,0,0
2024/05/24 星期五 00:30:50.539,1716481850539,NH-DC-NM129-B05-ROCE-Leaf-3.GPU.S9825,FourHundredGigE1/0/43,591773,2416146254,22756,52838456,4.23,0.09
2024/05/24 星期五 00:30:51.328,1716481851328,NH-DC-NM129-B05-ROCE-Leaf-3.GPU.S9825,FourHundredGigE1/0/43,13473,35992866,66772,225340272,0.05,0.35
2024/05/24 星期五 00:30:51.847,1716481851847,NH-DC-NM129-B05-ROCE-Leaf-3.GPU.S9825,FourHundredGigE1/0/43,0,0,0,0,0,0
2024/05/24 星期五 00:30:52.359,1716481852359,NH-DC-NM129-B05-ROCE-Leaf-3.GPU.S9825,FourHundredGigE1/0/43,15970,46513684,27155,78543546,0.10,0.17
2024/05/24 星期五 00:30:52.931,1716481852931,NH-DC-NM129-B05-ROCE-Leaf-3.GPU.S9825,FourHundredGigE1/0/43,0,0,0,0,0,0
2024/05/24 星期五 00:30:53.432,1716481853432,NH-DC-NM129-B05-ROCE-Leaf-3.GPU.S9825,FourHundredGigE1/0/43,14565,38760802,37062,111896056,0.07,0.27
2024/05/24 星期五 00:30:54.113,1716481854113,NH-DC-NM129-B05-ROCE-Leaf-3.GPU.S9825,FourHundredGigE1/0/43,199640,810208768,553672,2269495872,1.49,4.15
2024/05/24 星期五 00:30:55.130,1716481855130,NH-DC-NM129-B05-ROCE-Leaf-3.GPU.S9825,FourHundredGigE1/0/43,7732,23295908,46517,162928478,0.02,0.20
2024/05/24 星期五 00:30:56.216,1716481856216,NH-DC-NM129-B05-ROCE-Leaf-3.GPU.S9825,FourHundredGigE1/0/43,9704,6716524,27990,90964364,0,0.10
2024/05/24 星期五 00:30:56.810,1716481856810,NH-DC-NM129-B05-ROCE-Leaf-3.GPU.S9825,FourHundredGigE1/0/43,0,0,0,0,0,0
2024/05/24 星期五 00:30:57.426,1716481857426,NH-DC-NM129-B05-ROCE-Leaf-3.GPU.S9825,FourHundredGigE1/0/43,415411,1703168218,17224,15476588,3.45,0.02
2024/05/24 星期五 00:30:58.201,1716481858201,NH-DC-NM129-B05-ROCE-Leaf-3.GPU.S9825,FourHundredGigE1/0/43,16524,37186048,15675,33702702,0.05,0.05
2024/05/24 星期五 00:30:58.793,1716481858793,NH-DC-NM129-B05-ROCE-Leaf-3.GPU.S9825,FourHundredGigE1/0/43,0,0,0,0,0,0
2024/05/24 星期五 00:30:59.300,1716481859300,NH-DC-NM129-B05-ROCE-Leaf-3.GPU.S9825,FourHundredGigE1/0/43,52551,160108402,7833,12271194,0.39,0.02
2024/05/24 星期五 00:30:59.863,1716481859863,NH-DC-NM129-B05-ROCE-Leaf-3.GPU.S9825,FourHundredGigE1/0/43,0,0,0,0,0,0
2024/05/24 星期五 00:31:00.395,1716481860395,NH-DC-NM129-B05-ROCE-Leaf-3.GPU.S9825,FourHundredGigE1/0/43,36766,124889204,32645,106830914,0.28,0.23
2024/05/24 星期五 00:31:00.959,1716481860959,NH-DC-NM129-B05-ROCE-Leaf-3.GPU.S9825,FourHundredGigE1/0/43,17890,44497656,33083,87673030,0.09,0.18
2024/05/24 星期五 00:31:01.607,1716481861607,NH-DC-NM129-B05-ROCE-Leaf-3.GPU.S9825,FourHundredGigE1/0/43,0,0,0,0,0,0
2024/05/24 星期五 00:31:02.239,1716481862239,NH-DC-NM129-B05-ROCE-Leaf-3.GPU.S9825,FourHundredGigE1/0/43,35991,98771234,125198,426691044,0.18,0.83
2024/05/24 星期五 00:31:02.742,1716481862742,NH-DC-NM129-B05-ROCE-Leaf-3.GPU.S9825,FourHundredGigE1/0/43,0,0,0,0,0,0
2024/05/24 星期五 00:31:03.249,1716481863249,NH-DC-NM129-B05-ROCE-Leaf-3.GPU.S9825,FourHundredGigE1/0/43,65126,232471040,35601,126871590,0.57,0.30
2024/05/24 星期五 00:31:03.814,1716481863814,NH-DC-NM129-B05-ROCE-Leaf-3.GPU.S9825,FourHundredGigE1/0/43,0,0,0,0,0,0
2024/05/24 星期五 00:31:04.317,1716481864317,NH-DC-NM129-B05-ROCE-Leaf-3.GPU.S9825,FourHundredGigE1/0/43,7662,18357588,9617,26377054,0.02,0.05
2024/05/24 星期五 00:31:05.043,1716481865043,NH-DC-NM129-B05-ROCE-Leaf-3.GPU.S9825,FourHundredGigE1/0/43,175480,695044690,290211,1175041818,1.19,2.01
2024/05/24 星期五 00:31:05.642,1716481865642,NH-DC-NM129-B05-ROCE-Leaf-3.GPU.S9825,FourHundredGigE1/0/43,0,0,0,0,0,0
2024/05/24 星期五 00:31:06.143,1716481866143,NH-DC-NM129-B05-ROCE-Leaf-3.GPU.S9825,FourHundredGigE1/0/43,14731,35963728,22177,47352006,0.07,0.10
2024/05/24 星期五 00:31:06.747,1716481866747,NH-DC-NM129-B05-ROCE-Leaf-3.GPU.S9825,FourHundredGigE1/0/43,0,0,0,0,0,0
2024/05/24 星期五 00:31:07.250,1716481867250,NH-DC-NM129-B05-ROCE-Leaf-3.GPU.S9825,FourHundredGigE1/0/43,6327,12098958,15385,23588742,0.02,0.05
2024/05/24 星期五 00:31:07.823,1716481867823,NH-DC-NM129-B05-ROCE-Leaf-3.GPU.S9825,FourHundredGigE1/0/43,0,0,0,0,0,0
2024/05/24 星期五 00:31:08.596,1716481868596,NH-DC-NM129-B05-ROCE-Leaf-3.GPU.S9825,FourHundredGigE1/0/43,110961,413452710,220932,871493404,0.66,1.41
2024/05/24 星期五 00:31:09.134,1716481869134,NH-DC-NM129-B05-ROCE-Leaf-3.GPU.S9825,FourHundredGigE1/0/43,1617,131758,14641,44251714,0,0.09
2024/05/24 星期五 00:31:09.633,1716481869633,NH-DC-NM129-B05-ROCE-Leaf-3.GPU.S9825,FourHundredGigE1/0/43,0,0,0,0,0,0
2024/05/24 星期五 00:31:10.134,1716481870134,NH-DC-NM129-B05-ROCE-Leaf-3.GPU.S9825,FourHundredGigE1/0/43,9735,7403142,53987,179722022,0,0.42
2024/05/24 星期五 00:31:10.693,1716481870693,NH-DC-NM129-B05-ROCE-Leaf-3.GPU.S9825,FourHundredGigE1/0/43,0,0,0,0,0,0
2024/05/24 星期五 00:31:11.197,1716481871197,NH-DC-NM129-B05-ROCE-Leaf-3.GPU.S9825,FourHundredGigE1/0/43,5127,15600169,20002,69200720,0.02,0.15
2024/05/24 星期五 00:31:11.985,1716481871985,NH-DC-NM129-B05-ROCE-Leaf-3.GPU.S9825,FourHundredGigE1/0/43,39321,88671390,29875,36784322,0.13,0.05
2024/05/24 星期五 00:31:12.551,1716481872551,NH-DC-NM129-B05-ROCE-Leaf-3.GPU.S9825,FourHundredGigE1/0/43,0,0,0,0,0,0
2024/05/24 星期五 00:31:13.052,1716481873052,NH-DC-NM129-B05-ROCE-Leaf-3.GPU.S9825,FourHundredGigE1/0/43,0,0,0,0,0,0
2024/05/24 星期五 00:31:13.567,1716481873567,NH-DC-NM129-B05-ROCE-Leaf-3.GPU.S9825,FourHundredGigE1/0/43,214659,854206494,164634,654795240,2.06,1.58
2024/05/24 星期五 00:31:14.175,1716481874175,NH-DC-NM129-B05-ROCE-Leaf-3.GPU.S9825,FourHundredGigE1/0/43,38210,117908084,24264,67073368,0.23,0.12
2024/05/24 星期五 00:31:14.683,1716481874683,NH-DC-NM129-B05-ROCE-Leaf-3.GPU.S9825,FourHundredGigE1/0/43,0,0,0,0,0,0
2024/05/24 星期五 00:31:15.431,1716481875431,NH-DC-NM129-B05-ROCE-Leaf-3.GPU.S9825,FourHundredGigE1/0/43,475639,1934240714,188086,772420900,3.23,1.29
2024/05/24 星期五 00:31:15.957,1716481875957,NH-DC-NM129-B05-ROCE-Leaf-3.GPU.S9825,FourHundredGigE1/0/43,0,0,0,0,0,0
2024/05/24 星期五 00:31:16.459,1716481876459,NH-DC-NM129-B05-ROCE-Leaf-3.GPU.S9825,FourHundredGigE1/0/43,49122,186603828,35574,105174140,0.45,0.25
2024/05/24 星期五 00:31:16.960,1716481876960,NH-DC-NM129-B05-ROCE-Leaf-3.GPU.S9825,FourHundredGigE1/0/43,0,0,0,0,0,0
2024/05/24 星期五 00:31:17.459,1716481877459,NH-DC-NM129-B05-ROCE-Leaf-3.GPU.S9825,FourHundredGigE1/0/43,34905,129218062,35787,124225342,0.30,0.30
2024/05/24 星期五 00:31:17.996,1716481877996,NH-DC-NM129-B05-ROCE-Leaf-3.GPU.S9825,FourHundredGigE1/0/43,6863,24861282,21678,75783484,0.05,0.16
2024/05/24 星期五 00:31:18.781,1716481878781,NH-DC-NM129-B05-ROCE-Leaf-3.GPU.S9825,FourHundredGigE1/0/43,0,0,0,0,0,0
2024/05/24 星期五 00:31:19.346,1716481879346,NH-DC-NM129-B05-ROCE-Leaf-3.GPU.S9825,FourHundredGigE1/0/43,95931,392316190,11293,23621878,0.86,0.04
2024/05/24 星期五 00:31:19.846,1716481879846,NH-DC-NM129-B05-ROCE-Leaf-3.GPU.S9825,FourHundredGigE1/0/43,0,0,0,0,0,0
2024/05/24 星期五 00:31:20.349,1716481880349,NH-DC-NM129-B05-ROCE-Leaf-3.GPU.S9825,FourHundredGigE1/0/43,493,110094,7236,22929368,0,0.05
2024/05/24 星期五 00:31:20.866,1716481880866,NH-DC-NM129-B05-ROCE-Leaf-3.GPU.S9825,FourHundredGigE1/0/43,0,0,0,0,0,0
2024/05/24 星期五 00:31:21.368,1716481881368,NH-DC-NM129-B05-ROCE-Leaf-3.GPU.S9825,FourHundredGigE1/0/43,18986,64167136,14744,23917264,0.15,0.05
2024/05/24 星期五 00:31:22.159,1716481882159,NH-DC-NM129-B05-ROCE-Leaf-3.GPU.S9825,FourHundredGigE1/0/43,106779,431287762,185384,738346844,0.68,1.15
2024/05/24 星期五 00:31:22.702,1716481882702,NH-DC-NM129-B05-ROCE-Leaf-3.GPU.S9825,FourHundredGigE1/0/43,0,0,0,0,0,0
2024/05/24 星期五 00:31:23.206,1716481883206,NH-DC-NM129-B05-ROCE-Leaf-3.GPU.S9825,FourHundredGigE1/0/43,113151,447202382,98065,369618350,1.09,0.89
2024/05/24 星期五 00:31:24.085,1716481884085,NH-DC-NM129-B05-ROCE-Leaf-3.GPU.S9825,FourHundredGigE1/0/43,8,532,3614,11464772,0,0.01
2024/05/24 星期五 00:31:24.735,1716481884735,NH-DC-NM129-B05-ROCE-Leaf-3.GPU.S9825,FourHundredGigE1/0/43,0,0,0,0,0,0
2024/05/24 星期五 00:31:25.344,1716481885344,NH-DC-NM129-B05-ROCE-Leaf-3.GPU.S9825,FourHundredGigE1/0/43,478,39732,101701,407741182,0,0.82
2024/05/24 星期五 00:31:26.013,1716481886013,NH-DC-NM129-B05-ROCE-Leaf-3.GPU.S9825,FourHundredGigE1/0/43,0,0,0,0,0,0
2024/05/24 星期五 00:31:26.513,1716481886513,NH-DC-NM129-B05-ROCE-Leaf-3.GPU.S9825,FourHundredGigE1/0/43,141282,551479544,2575,202098,1.38,0
2024/05/24 星期五 00:31:27.031,1716481887031,NH-DC-NM129-B05-ROCE-Leaf-3.GPU.S9825,FourHundredGigE1/0/43,8299,23343318,7836,23353712,0.05,0.05
2024/05/24 星期五 00:31:27.602,1716481887602,NH-DC-NM129-B05-ROCE-Leaf-3.GPU.S9825,FourHundredGigE1/0/43,0,0,0,0,0,0
2024/05/24 星期五 00:31:28.203,1716481888203,NH-DC-NM129-B05-ROCE-Leaf-3.GPU.S9825,FourHundredGigE1/0/43,61657,217384822,3156,11435652,0.44,0.02
2024/05/24 星期五 00:31:29.057,1716481889057,NH-DC-NM129-B05-ROCE-Leaf-3.GPU.S9825,FourHundredGigE1/0/43,3644,11630292,15363,35168922,0.01,0.04
2024/05/24 星期五 00:31:29.720,1716481889720,NH-DC-NM129-B05-ROCE-Leaf-3.GPU.S9825,FourHundredGigE1/0/43,0,0,0,0,0,0
2024/05/24 星期五 00:31:30.221,1716481890221,NH-DC-NM129-B05-ROCE-Leaf-3.GPU.S9825,FourHundredGigE1/0/43,199549,810808742,348093,1352879334,2.02,3.37
2024/05/24 星期五 00:31:30.820,1716481890820,NH-DC-NM129-B05-ROCE-Leaf-3.GPU.S9825,FourHundredGigE1/0/43,0,0,0,0,0,0
2024/05/24 星期五 00:31:31.407,1716481891407,NH-DC-NM129-B05-ROCE-Leaf-3.GPU.S9825,FourHundredGigE1/0/43,14659,45560246,25928,83420792,0.09,0.17
2024/05/24 星期五 00:31:31.910,1716481891910,NH-DC-NM129-B05-ROCE-Leaf-3.GPU.S9825,FourHundredGigE1/0/43,47730,137741444,43853,153123502,0.32,0.37
2024/05/24 星期五 00:31:32.681,1716481892681,NH-DC-NM129-B05-ROCE-Leaf-3.GPU.S9825,FourHundredGigE1/0/43,0,0,0,0,0,0
2024/05/24 星期五 00:31:33.211,1716481893211,NH-DC-NM129-B05-ROCE-Leaf-3.GPU.S9825,FourHundredGigE1/0/43,34602,96631948,203018,810418756,0.21,1.91
2024/05/24 星期五 00:31:34.429,1716481894429,NH-DC-NM129-B05-ROCE-Leaf-3.GPU.S9825,FourHundredGigE1/0/43,13237,21099450,18707,51084446,0.02,0.05
2024/05/24 星期五 00:31:35.056,1716481895056,NH-DC-NM129-B05-ROCE-Leaf-3.GPU.S9825,FourHundredGigE1/0/43,0,0,0,0,0,0
2024/05/24 星期五 00:31:35.557,1716481895557,NH-DC-NM129-B05-ROCE-Leaf-3.GPU.S9825,FourHundredGigE1/0/43,6354,722168,34523,118849524,0,0.27
2024/05/24 星期五 00:31:36.322,1716481896322,NH-DC-NM129-B05-ROCE-Leaf-3.GPU.S9825,FourHundredGigE1/0/43,44121,124511490,20212,60972376,0.20,0.10
2024/05/24 星期五 00:31:36.822,1716481896822,NH-DC-NM129-B05-ROCE-Leaf-3.GPU.S9825,FourHundredGigE1/0/43,0,0,0,0,0,0
2024/05/24 星期五 00:31:37.321,1716481897321,NH-DC-NM129-B05-ROCE-Leaf-3.GPU.S9825,FourHundredGigE1/0/43,201037,813105794,186665,749586698,2.03,1.85
2024/05/24 星期五 00:31:37.893,1716481897893,NH-DC-NM129-B05-ROCE-Leaf-3.GPU.S9825,FourHundredGigE1/0/43,0,0,0,0,0,0
2024/05/24 星期五 00:31:38.543,1716481898543,NH-DC-NM129-B05-ROCE-Leaf-3.GPU.S9825,FourHundredGigE1/0/43,40397,139648606,29163,90130646,0.25,0.17
2024/05/24 星期五 00:31:39.078,1716481899078,NH-DC-NM129-B05-ROCE-Leaf-3.GPU.S9825,FourHundredGigE1/0/43,22990,64433102,19296,72496272,0.14,0.16
2024/05/24 星期五 00:31:39.858,1716481899858,NH-DC-NM129-B05-ROCE-Leaf-3.GPU.S9825,FourHundredGigE1/0/43,0,0,0,0,0,0
2024/05/24 星期五 00:31:40.357,1716481900357,NH-DC-NM129-B05-ROCE-Leaf-3.GPU.S9825,FourHundredGigE1/0/43,30440,83189390,128500,497160944,0.20,1.23
2024/05/24 星期五 00:31:40.868,1716481900868,NH-DC-NM129-B05-ROCE-Leaf-3.GPU.S9825,FourHundredGigE1/0/43,0,0,0,0,0,0
2024/05/24 星期五 00:31:41.369,1716481901369,NH-DC-NM129-B05-ROCE-Leaf-3.GPU.S9825,FourHundredGigE1/0/43,37122,128134739,26541,84205606,0.30,0.20
2024/05/24 星期五 00:31:41.940,1716481901940,NH-DC-NM129-B05-ROCE-Leaf-3.GPU.S9825,FourHundredGigE1/0/43,9873,26530546,12729,31162018,0.04,0.07
2024/05/24 星期五 00:31:42.618,1716481902618,NH-DC-NM129-B05-ROCE-Leaf-3.GPU.S9825,FourHundredGigE1/0/43,0,0,0,0,0,0
2024/05/24 星期五 00:31:43.267,1716481903267,NH-DC-NM129-B05-ROCE-Leaf-3.GPU.S9825,FourHundredGigE1/0/43,24578,70451360,31450,65107656,0.13,0.12
2024/05/24 星期五 00:31:43.769,1716481903769,NH-DC-NM129-B05-ROCE-Leaf-3.GPU.S9825,FourHundredGigE1/0/43,0,0,0,0,0,0
2024/05/24 星期五 00:31:44.269,1716481904269,NH-DC-NM129-B05-ROCE-Leaf-3.GPU.S9825,FourHundredGigE1/0/43,278983,1119243462,195572,777480640,2.78,1.92
2024/05/24 星期五 00:31:44.884,1716481904884,NH-DC-NM129-B05-ROCE-Leaf-3.GPU.S9825,FourHundredGigE1/0/43,40569,0,58382,0,0,0
2024/05/24 星期五 00:31:45.716,1716481905716,NH-DC-NM129-B05-ROCE-Leaf-3.GPU.S9825,FourHundredGigE1/0/43,14644,187646518,20306,280619392,0.27,0.42
2024/05/24 星期五 00:31:47.622,1716481907622,NH-DC-NM129-B05-ROCE-Leaf-3.GPU.S9825,FourHundredGigE1/0/43,34065,116996130,18937,35583498,0.07,0.02
2024/05/24 星期五 00:31:48.201,1716481908201,NH-DC-NM129-B05-ROCE-Leaf-3.GPU.S9825,FourHundredGigE1/0/43,98713,380981482,90390,346677284,0.82,0.73
2024/05/24 星期五 00:31:48.844,1716481908844,NH-DC-NM129-B05-ROCE-Leaf-3.GPU.S9825,FourHundredGigE1/0/43,0,0,0,0,0,0
2024/05/24 星期五 00:31:49.346,1716481909346,NH-DC-NM129-B05-ROCE-Leaf-3.GPU.S9825,FourHundredGigE1/0/43,3743,305294,21020,76500700,0,0.17
2024/05/24 星期五 00:31:49.935,1716481909935,NH-DC-NM129-B05-ROCE-Leaf-3.GPU.S9825,FourHundredGigE1/0/43,16876,52375512,95892,329576692,0.11,0.68
2024/05/24 星期五 00:31:50.651,1716481910651,NH-DC-NM129-B05-ROCE-Leaf-3.GPU.S9825,FourHundredGigE1/0/43,0,0,0,0,0,0
2024/05/24 星期五 00:31:51.163,1716481911163,NH-DC-NM129-B05-ROCE-Leaf-3.GPU.S9825,FourHundredGigE1/0/43,25477,64622306,187194,738449004,0.15,1.78
2024/05/24 星期五 00:31:51.718,1716481911718,NH-DC-NM129-B05-ROCE-Leaf-3.GPU.S9825,FourHundredGigE1/0/43,0,0,0,0,0,0
2024/05/24 星期五 00:31:52.450,1716481912450,NH-DC-NM129-B05-ROCE-Leaf-3.GPU.S9825,FourHundredGigE1/0/43,43719,126963574,15008,54320788,0.20,0.09
2024/05/24 星期五 00:31:52.950,1716481912950,NH-DC-NM129-B05-ROCE-Leaf-3.GPU.S9825,FourHundredGigE1/0/43,0,0,0,0,0,0
2024/05/24 星期五 00:31:53.500,1716481913500,NH-DC-NM129-B05-ROCE-Leaf-3.GPU.S9825,FourHundredGigE1/0/43,14457,32096670,25069,81747102,0.07,0.18
2024/05/24 星期五 00:31:54.251,1716481914251,NH-DC-NM129-B05-ROCE-Leaf-3.GPU.S9825,FourHundredGigE1/0/43,10819,17725614,11273,38100682,0.02,0.05
2024/05/24 星期五 00:31:54.945,1716481914945,NH-DC-NM129-B05-ROCE-Leaf-3.GPU.S9825,FourHundredGigE1/0/43,0,0,0,0,0,0
2024/05/24 星期五 00:31:55.502,1716481915502,NH-DC-NM129-B05-ROCE-Leaf-3.GPU.S9825,FourHundredGigE1/0/43,143522,526671808,210435,848066954,1.17,1.89
2024/05/24 星期五 00:31:56.094,1716481916094,NH-DC-NM129-B05-ROCE-Leaf-3.GPU.S9825,FourHundredGigE1/0/43,45473,160709842,13026,12227992,0.34,0.02
2024/05/24 星期五 00:31:56.601,1716481916601,NH-DC-NM129-B05-ROCE-Leaf-3.GPU.S9825,FourHundredGigE1/0/43,0,0,0,0,0,0
2024/05/24 星期五 00:31:57.176,1716481917176,NH-DC-NM129-B05-ROCE-Leaf-3.GPU.S9825,FourHundredGigE1/0/43,52607,182646446,81488,318364400,0.39,0.67
2024/05/24 星期五 00:31:57.839,1716481917839,NH-DC-NM129-B05-ROCE-Leaf-3.GPU.S9825,FourHundredGigE1/0/43,0,0,0,0,0,0
2024/05/24 星期五 00:31:58.348,1716481918348,NH-DC-NM129-B05-ROCE-Leaf-3.GPU.S9825,FourHundredGigE1/0/43,311745,1218189942,113026,382360748,2.97,0.93
2024/05/24 星期五 00:31:58.916,1716481918916,NH-DC-NM129-B05-ROCE-Leaf-3.GPU.S9825,FourHundredGigE1/0/43,21655,35761074,96165,383728078,0.07,0.84
2024/05/24 星期五 00:31:59.536,1716481919536,NH-DC-NM129-B05-ROCE-Leaf-3.GPU.S9825,FourHundredGigE1/0/43,0,0,0,0,0,0
2024/05/24 星期五 00:32:00.037,1716481920037,NH-DC-NM129-B05-ROCE-Leaf-3.GPU.S9825,FourHundredGigE1/0/43,21914,78164544,12724,24147976,0.17,0.05
2024/05/24 星期五 00:32:00.686,1716481920686,NH-DC-NM129-B05-ROCE-Leaf-3.GPU.S9825,FourHundredGigE1/0/43,0,0,0,0,0,0
2024/05/24 星期五 00:32:01.257,1716481921257,NH-DC-NM129-B05-ROCE-Leaf-3.GPU.S9825,FourHundredGigE1/0/43,26473,91014378,36684,147895744,0.20,0.31
2024/05/24 星期五 00:32:01.757,1716481921757,NH-DC-NM129-B05-ROCE-Leaf-3.GPU.S9825,FourHundredGigE1/0/43,0,0,0,0,0,0
2024/05/24 星期五 00:32:02.260,1716481922260,NH-DC-NM129-B05-ROCE-Leaf-3.GPU.S9825,FourHundredGigE1/0/43,8014,12202792,17844,71550856,0.02,0.17
2024/05/24 星期五 00:32:02.883,1716481922883,NH-DC-NM129-B05-ROCE-Leaf-3.GPU.S9825,FourHundredGigE1/0/43,0,0,0,0,0,0
2024/05/24 星期五 00:32:03.392,1716481923392,NH-DC-NM129-B05-ROCE-Leaf-3.GPU.S9825,FourHundredGigE1/0/43,29121,98881506,23720,1921756,0.22,0
2024/05/24 星期五 00:32:04.088,1716481924088,NH-DC-NM129-B05-ROCE-Leaf-3.GPU.S9825,FourHundredGigE1/0/43,220083,823269334,14321,32470966,1.47,0.05
2024/05/24 星期五 00:32:04.675,1716481924675,NH-DC-NM129-B05-ROCE-Leaf-3.GPU.S9825,FourHundredGigE1/0/43,0,0,0,0,0,0
2024/05/24 星期五 00:32:05.176,1716481925176,NH-DC-NM129-B05-ROCE-Leaf-3.GPU.S9825,FourHundredGigE1/0/43,188706,771186204,183597,751541346,1.92,1.87
2024/05/24 星期五 00:32:05.756,1716481925756,NH-DC-NM129-B05-ROCE-Leaf-3.GPU.S9825,FourHundredGigE1/0/43,0,0,0,0,0,0
2024/05/24 星期五 00:32:06.430,1716481926430,NH-DC-NM129-B05-ROCE-Leaf-3.GPU.S9825,FourHundredGigE1/0/43,106991,429145674,21623,35647730,0.78,0.06
2024/05/24 星期五 00:32:06.951,1716481926951,NH-DC-NM129-B05-ROCE-Leaf-3.GPU.S9825,FourHundredGigE1/0/43,0,0,0,0,0,0
2024/05/24 星期五 00:32:07.603,1716481927603,NH-DC-NM129-B05-ROCE-Leaf-3.GPU.S9825,FourHundredGigE1/0/43,17365,60086482,13915,23844642,0.12,0.04
2024/05/24 星期五 00:32:08.175,1716481928175,NH-DC-NM129-B05-ROCE-Leaf-3.GPU.S9825,FourHundredGigE1/0/43,15406,52073508,63887,256244934,0.11,0.55
2024/05/24 星期五 00:32:08.679,1716481928679,NH-DC-NM129-B05-ROCE-Leaf-3.GPU.S9825,FourHundredGigE1/0/43,0,0,0,0,0,0
2024/05/24 星期五 00:32:10.568,1716481930568,NH-DC-NM129-B05-ROCE-Leaf-3.GPU.S9825,FourHundredGigE1/0/43,221223,823792970,310676,1226545444,0.54,0.81
2024/05/24 星期五 00:32:11.247,1716481931247,NH-DC-NM129-B05-ROCE-Leaf-3.GPU.S9825,FourHundredGigE1/0/43,24998,82574859,31030,103389896,0.15,0.18
2024/05/24 星期五 00:32:11.751,1716481931751,NH-DC-NM129-B05-ROCE-Leaf-3.GPU.S9825,FourHundredGigE1/0/43,0,0,0,0,0,0
2024/05/24 星期五 00:32:12.262,1716481932262,NH-DC-NM129-B05-ROCE-Leaf-3.GPU.S9825,FourHundredGigE1/0/43,15235,41239554,29582,97730568,0.10,0.22
2024/05/24 星期五 00:32:12.857,1716481932857,NH-DC-NM129-B05-ROCE-Leaf-3.GPU.S9825,FourHundredGigE1/0/43,0,0,0,0,0,0
2024/05/24 星期五 00:32:13.360,1716481933360,NH-DC-NM129-B05-ROCE-Leaf-3.GPU.S9825,FourHundredGigE1/0/43,183536,738153556,56855,190107914,1.81,0.47
2024/05/24 星期五 00:32:13.952,1716481933952,NH-DC-NM129-B05-ROCE-Leaf-3.GPU.S9825,FourHundredGigE1/0/43,52274,175664572,7606,14671088,0.36,0.02
2024/05/24 星期五 00:32:14.636,1716481934636,NH-DC-NM129-B05-ROCE-Leaf-3.GPU.S9825,FourHundredGigE1/0/43,0,0,0,0,0,0
2024/05/24 星期五 00:32:15.140,1716481935140,NH-DC-NM129-B05-ROCE-Leaf-3.GPU.S9825,FourHundredGigE1/0/43,21977,76774742,16572,52346196,0.17,0.12
2024/05/24 星期五 00:32:15.726,1716481935726,NH-DC-NM129-B05-ROCE-Leaf-3.GPU.S9825,FourHundredGigE1/0/43,0,0,0,0,0,0
2024/05/24 星期五 00:32:16.359,1716481936359,NH-DC-NM129-B05-ROCE-Leaf-3.GPU.S9825,FourHundredGigE1/0/43,12690,12705476,176502,678553512,0.02,1.32
2024/05/24 星期五 00:32:16.862,1716481936862,NH-DC-NM129-B05-ROCE-Leaf-3.GPU.S9825,FourHundredGigE1/0/43,0,0,0,0,0,0
2024/05/24 星期五 00:32:17.364,1716481937364,NH-DC-NM129-B05-ROCE-Leaf-3.GPU.S9825,FourHundredGigE1/0/43,64218,240266412,20104,52491912,0.60,0.12
2024/05/24 星期五 00:32:18.129,1716481938129,NH-DC-NM129-B05-ROCE-Leaf-3.GPU.S9825,FourHundredGigE1/0/43,6924,15858768,2665,217302,0.02,0
2024/05/24 星期五 00:32:18.636,1716481938636,NH-DC-NM129-B05-ROCE-Leaf-3.GPU.S9825,FourHundredGigE1/0/43,0,0,0,0,0,0
2024/05/24 星期五 00:32:19.189,1716481939189,NH-DC-NM129-B05-ROCE-Leaf-3.GPU.S9825,FourHundredGigE1/0/43,8046,23562048,61883,223256718,0.05,0.50
2024/05/24 星期五 00:32:19.837,1716481939837,NH-DC-NM129-B05-ROCE-Leaf-3.GPU.S9825,FourHundredGigE1/0/43,0,0,0,0,0,0
2024/05/24 星期五 00:32:20.338,1716481940338,NH-DC-NM129-B05-ROCE-Leaf-3.GPU.S9825,FourHundredGigE1/0/43,271427,1106924934,149068,566838452,2.74,1.40
2024/05/24 星期五 00:32:20.991,1716481940991,NH-DC-NM129-B05-ROCE-Leaf-3.GPU.S9825,FourHundredGigE1/0/43,21252,41376676,11011,36647550,0.08,0.06
2024/05/24 星期五 00:32:21.630,1716481941630,NH-DC-NM129-B05-ROCE-Leaf-3.GPU.S9825,FourHundredGigE1/0/43,0,0,0,0,0,0
2024/05/24 星期五 00:32:22.186,1716481942186,NH-DC-NM129-B05-ROCE-Leaf-3.GPU.S9825,FourHundredGigE1/0/43,16073,47726098,46654,166304516,0.09,0.36
2024/05/24 星期五 00:32:22.739,1716481942739,NH-DC-NM129-B05-ROCE-Leaf-3.GPU.S9825,FourHundredGigE1/0/43,0,0,0,0,0,0
2024/05/24 星期五 00:32:23.240,1716481943240,NH-DC-NM129-B05-ROCE-Leaf-3.GPU.S9825,FourHundredGigE1/0/43,258161,1033336922,215544,845614436,2.57,2.10
2024/05/24 星期五 00:32:23.918,1716481943918,NH-DC-NM129-B05-ROCE-Leaf-3.GPU.S9825,FourHundredGigE1/0/43,106681,418454438,204178,809123304,0.76,1.47
2024/05/24 星期五 00:32:24.785,1716481944785,NH-DC-NM129-B05-ROCE-Leaf-3.GPU.S9825,FourHundredGigE1/0/43,0,0,0,0,0,0
2024/05/24 星期五 00:32:25.286,1716481945286,NH-DC-NM129-B05-ROCE-Leaf-3.GPU.S9825,FourHundredGigE1/0/43,31168,103929596,7231,14268370,0.25,0.02
2024/05/24 星期五 00:32:25.826,1716481945826,NH-DC-NM129-B05-ROCE-Leaf-3.GPU.S9825,FourHundredGigE1/0/43,0,0,0,0,0,0
2024/05/24 星期五 00:32:26.330,1716481946330,NH-DC-NM129-B05-ROCE-Leaf-3.GPU.S9825,FourHundredGigE1/0/43,6265,2220062,1008,91080,0,0
2024/05/24 星期五 00:32:26.902,1716481946902,NH-DC-NM129-B05-ROCE-Leaf-3.GPU.S9825,FourHundredGigE1/0/43,0,0,0,0,0,0
2024/05/24 星期五 00:32:27.404,1716481947404,NH-DC-NM129-B05-ROCE-Leaf-3.GPU.S9825,FourHundredGigE1/0/43,117888,438216748,389596,1600528768,1.07,3.98
2024/05/24 星期五 00:32:28.243,1716481948243,NH-DC-NM129-B05-ROCE-Leaf-3.GPU.S9825,FourHundredGigE1/0/43,8924,33063816,24767,72523526,0.04,0.10
2024/05/24 星期五 00:32:29.195,1716481949195,NH-DC-NM129-B05-ROCE-Leaf-3.GPU.S9825,FourHundredGigE1/0/43,17142,48660440,28761,94474878,0.05,0.12
2024/05/24 星期五 00:32:30.221,1716481950221,NH-DC-NM129-B05-ROCE-Leaf-3.GPU.S9825,FourHundredGigE1/0/43,4380,4776844,48011,167973418,0,0.19
2024/05/24 星期五 00:32:30.721,1716481950721,NH-DC-NM129-B05-ROCE-Leaf-3.GPU.S9825,FourHundredGigE1/0/43,0,0,0,0,0,0
2024/05/24 星期五 00:32:31.223,1716481951223,NH-DC-NM129-B05-ROCE-Leaf-3.GPU.S9825,FourHundredGigE1/0/43,294516,1202367312,24676,55503192,2.99,0.12
2024/05/24 星期五 00:32:31.824,1716481951824,NH-DC-NM129-B05-ROCE-Leaf-3.GPU.S9825,FourHundredGigE1/0/43,0,0,0,0,0,0
2024/05/24 星期五 00:32:32.326,1716481952326,NH-DC-NM129-B05-ROCE-Leaf-3.GPU.S9825,FourHundredGigE1/0/43,29406,100637220,17386,63707108,0.25,0.15
2024/05/24 星期五 00:32:32.908,1716481952908,NH-DC-NM129-B05-ROCE-Leaf-3.GPU.S9825,FourHundredGigE1/0/43,0,0,0,0,0,0
2024/05/24 星期五 00:32:33.421,1716481953421,NH-DC-NM129-B05-ROCE-Leaf-3.GPU.S9825,FourHundredGigE1/0/43,6980,12135876,9308,28518948,0.02,0.05
2024/05/24 星期五 00:32:34.714,1716481954714,NH-DC-NM129-B05-ROCE-Leaf-3.GPU.S9825,FourHundredGigE1/0/43,27282,75692860,271191,1119190950,0.07,1.07
2024/05/24 星期五 00:32:35.301,1716481955301,NH-DC-NM129-B05-ROCE-Leaf-3.GPU.S9825,FourHundredGigE1/0/43,41967,137096062,9852,34035432,0.28,0.06
2024/05/24 星期五 00:32:35.802,1716481955802,NH-DC-NM129-B05-ROCE-Leaf-3.GPU.S9825,FourHundredGigE1/0/43,0,0,0,0,0,0
2024/05/24 星期五 00:32:36.399,1716481956399,NH-DC-NM129-B05-ROCE-Leaf-3.GPU.S9825,FourHundredGigE1/0/43,41548,152164520,3623,11465154,0.31,0.02
2024/05/24 星期五 00:32:37.011,1716481957011,NH-DC-NM129-B05-ROCE-Leaf-3.GPU.S9825,FourHundredGigE1/0/43,0,0,0,0,0,0
2024/05/24 星期五 00:32:37.518,1716481957518,NH-DC-NM129-B05-ROCE-Leaf-3.GPU.S9825,FourHundredGigE1/0/43,1758,138524,1527,123934,0,0
2024/05/24 星期五 00:32:38.300,1716481958300,NH-DC-NM129-B05-ROCE-Leaf-3.GPU.S9825,FourHundredGigE1/0/43,119190,472598240,132426,525527420,0.75,0.83
2024/05/24 星期五 00:32:38.801,1716481958801,NH-DC-NM129-B05-ROCE-Leaf-3.GPU.S9825,FourHundredGigE1/0/43,0,0,0,0,0,0
2024/05/24 星期五 00:32:39.303,1716481959303,NH-DC-NM129-B05-ROCE-Leaf-3.GPU.S9825,FourHundredGigE1/0/43,16595,60691306,5613,12000586,0.15,0.02
2024/05/24 星期五 00:32:39.872,1716481959872,NH-DC-NM129-B05-ROCE-Leaf-3.GPU.S9825,FourHundredGigE1/0/43,0,0,0,0,0,0
2024/05/24 星期五 00:32:40.455,1716481960455,NH-DC-NM129-B05-ROCE-Leaf-3.GPU.S9825,FourHundredGigE1/0/43,12019,34361658,16940,54872312,0.06,0.11
2024/05/24 星期五 00:32:40.966,1716481960966,NH-DC-NM129-B05-ROCE-Leaf-3.GPU.S9825,FourHundredGigE1/0/43,190378,761615391,155620,637218556,1.86,1.54
2024/05/24 星期五 00:32:41.600,1716481961600,NH-DC-NM129-B05-ROCE-Leaf-3.GPU.S9825,FourHundredGigE1/0/43,0,0,0,0,0,0
2024/05/24 星期五 00:32:42.731,1716481962731,NH-DC-NM129-B05-ROCE-Leaf-3.GPU.S9825,FourHundredGigE1/0/43,484,44292,19494,72412624,0,0.08
2024/05/24 星期五 00:32:43.241,1716481963241,NH-DC-NM129-B05-ROCE-Leaf-3.GPU.S9825,FourHundredGigE1/0/43,507,111370,2127,174636,0,0
2024/05/24 星期五 00:32:43.821,1716481963821,NH-DC-NM129-B05-ROCE-Leaf-3.GPU.S9825,FourHundredGigE1/0/43,0,0,0,0,0,0
2024/05/24 星期五 00:32:44.323,1716481964323,NH-DC-NM129-B05-ROCE-Leaf-3.GPU.S9825,FourHundredGigE1/0/43,4681,11944142,6249,11679056,0.02,0.02
2024/05/24 星期五 00:32:45.047,1716481965047,NH-DC-NM129-B05-ROCE-Leaf-3.GPU.S9825,FourHundredGigE1/0/43,100035,405842358,20695,35942306,0.69,0.05
2024/05/24 星期五 00:32:46.193,1716481966193,NH-DC-NM129-B05-ROCE-Leaf-3.GPU.S9825,FourHundredGigE1/0/43,96771,346220918,14745,14119742,0.37,0.01
2024/05/24 星期五 00:32:47.633,1716481967633,NH-DC-NM129-B05-ROCE-Leaf-3.GPU.S9825,FourHundredGigE1/0/43,0,0,0,0,0,0
2024/05/24 星期五 00:32:48.195,1716481968195,NH-DC-NM129-B05-ROCE-Leaf-3.GPU.S9825,FourHundredGigE1/0/43,23355,66954902,60760,213935908,0.13,0.47
2024/05/24 星期五 00:32:48.942,1716481968942,NH-DC-NM129-B05-ROCE-Leaf-3.GPU.S9825,FourHundredGigE1/0/43,0,0,0,0,0,0
2024/05/24 星期五 00:32:49.448,1716481969448,NH-DC-NM129-B05-ROCE-Leaf-3.GPU.S9825,FourHundredGigE1/0/43,89586,368905540,93295,380752386,0.89,0.94
2024/05/24 星期五 00:32:50.044,1716481970044,NH-DC-NM129-B05-ROCE-Leaf-3.GPU.S9825,FourHundredGigE1/0/43,82696,185735828,214427,804740258,0.38,1.68
2024/05/24 星期五 00:32:50.802,1716481970802,NH-DC-NM129-B05-ROCE-Leaf-3.GPU.S9825,FourHundredGigE1/0/43,0,0,0,0,0,0
2024/05/24 星期五 00:32:51.305,1716481971305,NH-DC-NM129-B05-ROCE-Leaf-3.GPU.S9825,FourHundredGigE1/0/43,97236,361819300,14158,12698716,0.89,0.02
2024/05/24 星期五 00:32:51.904,1716481971904,NH-DC-NM129-B05-ROCE-Leaf-3.GPU.S9825,FourHundredGigE1/0/43,210581,796516986,172416,679769408,1.65,1.40
2024/05/24 星期五 00:32:52.691,1716481972691,NH-DC-NM129-B05-ROCE-Leaf-3.GPU.S9825,FourHundredGigE1/0/43,0,0,0,0,0,0
2024/05/24 星期五 00:32:53.193,1716481973193,NH-DC-NM129-B05-ROCE-Leaf-3.GPU.S9825,FourHundredGigE1/0/43,125052,505595228,26009,64286790,1.25,0.15
2024/05/24 星期五 00:32:53.751,1716481973751,NH-DC-NM129-B05-ROCE-Leaf-3.GPU.S9825,FourHundredGigE1/0/43,0,0,0,0,0,0
2024/05/24 星期五 00:32:54.466,1716481974466,NH-DC-NM129-B05-ROCE-Leaf-3.GPU.S9825,FourHundredGigE1/0/43,28883,83410486,21270,73312948,0.14,0.12
2024/05/24 星期五 00:32:55.066,1716481975066,NH-DC-NM129-B05-ROCE-Leaf-3.GPU.S9825,FourHundredGigE1/0/43,63268,229428576,43584,159317952,0.46,0.31
2024/05/24 星期五 00:32:55.871,1716481975871,NH-DC-NM129-B05-ROCE-Leaf-3.GPU.S9825,FourHundredGigE1/0/43,0,0,0,0,0,0
2024/05/24 星期五 00:32:56.374,1716481976374,NH-DC-NM129-B05-ROCE-Leaf-3.GPU.S9825,FourHundredGigE1/0/43,365746,1456642956,294325,1195560230,3.60,2.96
2024/05/24 星期五 00:32:56.875,1716481976875,NH-DC-NM129-B05-ROCE-Leaf-3.GPU.S9825,FourHundredGigE1/0/43,0,0,0,0,0,0
2024/05/24 星期五 00:32:57.378,1716481977378,NH-DC-NM129-B05-ROCE-Leaf-3.GPU.S9825,FourHundredGigE1/0/43,39995,122951546,7880,22981156,0.30,0.05
2024/05/24 星期五 00:32:59.773,1716481979773,NH-DC-NM129-B05-ROCE-Leaf-3.GPU.S9825,FourHundredGigE1/0/43,167009,616917946,43296,136942412,0.32,0.07
2024/05/24 星期五 00:33:00.274,1716481980274,NH-DC-NM129-B05-ROCE-Leaf-3.GPU.S9825,FourHundredGigE1/0/43,304636,1221449096,41837,129238662,3.04,0.30
2024/05/24 星期五 00:33:00.828,1716481980828,NH-DC-NM129-B05-ROCE-Leaf-3.GPU.S9825,FourHundredGigE1/0/43,0,0,0,0,0,0
2024/05/24 星期五 00:33:01.331,1716481981331,NH-DC-NM129-B05-ROCE-Leaf-3.GPU.S9825,FourHundredGigE1/0/43,8600,23622260,5135,11587302,0.05,0.02
2024/05/24 星期五 00:33:01.956,1716481981956,NH-DC-NM129-B05-ROCE-Leaf-3.GPU.S9825,FourHundredGigE1/0/43,7967,17480790,32583,116199794,0.02,0.22
2024/05/24 星期五 00:33:02.689,1716481982689,NH-DC-NM129-B05-ROCE-Leaf-3.GPU.S9825,FourHundredGigE1/0/43,0,0,0,0,0,0
2024/05/24 星期五 00:33:03.189,1716481983189,NH-DC-NM129-B05-ROCE-Leaf-3.GPU.S9825,FourHundredGigE1/0/43,217202,865887688,50280,171744644,2.15,0.42
2024/05/24 星期五 00:33:03.738,1716481983738,NH-DC-NM129-B05-ROCE-Leaf-3.GPU.S9825,FourHundredGigE1/0/43,0,0,0,0,0,0
2024/05/24 星期五 00:33:04.310,1716481984310,NH-DC-NM129-B05-ROCE-Leaf-3.GPU.S9825,FourHundredGigE1/0/43,1034,4258580,3110,252556,0,0
2024/05/24 星期五 00:33:04.826,1716481984826,NH-DC-NM129-B05-ROCE-Leaf-3.GPU.S9825,FourHundredGigE1/0/43,0,0,0,0,0,0
2024/05/24 星期五 00:33:05.329,1716481985329,NH-DC-NM129-B05-ROCE-Leaf-3.GPU.S9825,FourHundredGigE1/0/43,25593,91602678,4752,389828,0.22,0
2024/05/24 星期五 00:33:06.117,1716481986117,NH-DC-NM129-B05-ROCE-Leaf-3.GPU.S9825,FourHundredGigE1/0/43,40064,133562628,36598,77373916,0.21,0.11
2024/05/24 星期五 00:33:06.629,1716481986629,NH-DC-NM129-B05-ROCE-Leaf-3.GPU.S9825,FourHundredGigE1/0/43,0,0,0,0,0,0
2024/05/24 星期五 00:33:07.127,1716481987127,NH-DC-NM129-B05-ROCE-Leaf-3.GPU.S9825,FourHundredGigE1/0/43,273784,1107258848,449695,1820006998,2.76,4.57
2024/05/24 星期五 00:33:07.715,1716481987715,NH-DC-NM129-B05-ROCE-Leaf-3.GPU.S9825,FourHundredGigE1/0/43,0,0,0,0,0,0
2024/05/24 星期五 00:33:08.266,1716481988266,NH-DC-NM129-B05-ROCE-Leaf-3.GPU.S9825,FourHundredGigE1/0/43,43988,151179996,55237,155727670,0.34,0.34
2024/05/24 星期五 00:33:08.869,1716481988869,NH-DC-NM129-B05-ROCE-Leaf-3.GPU.S9825,FourHundredGigE1/0/43,34465,118523366,10883,23597846,0.23,0.04
2024/05/24 星期五 00:33:09.619,1716481989619,NH-DC-NM129-B05-ROCE-Leaf-3.GPU.S9825,FourHundredGigE1/0/43,0,0,0,0,0,0
2024/05/24 星期五 00:33:10.121,1716481990121,NH-DC-NM129-B05-ROCE-Leaf-3.GPU.S9825,FourHundredGigE1/0/43,270253,1062514262,304445,1219949598,2.64,3.01
2024/05/24 星期五 00:33:10.680,1716481990680,NH-DC-NM129-B05-ROCE-Leaf-3.GPU.S9825,FourHundredGigE1/0/43,0,0,0,0,0,0
2024/05/24 星期五 00:33:11.181,1716481991181,NH-DC-NM129-B05-ROCE-Leaf-3.GPU.S9825,FourHundredGigE1/0/43,29258,96164807,52142,188830564,0.22,0.45
2024/05/24 星期五 00:33:11.696,1716481991696,NH-DC-NM129-B05-ROCE-Leaf-3.GPU.S9825,FourHundredGigE1/0/43,0,0,0,0,0,0
2024/05/24 星期五 00:33:12.363,1716481992363,NH-DC-NM129-B05-ROCE-Leaf-3.GPU.S9825,FourHundredGigE1/0/43,17571,67728382,81640,303303604,0.11,0.56
2024/05/24 星期五 00:33:13.013,1716481993013,NH-DC-NM129-B05-ROCE-Leaf-3.GPU.S9825,FourHundredGigE1/0/43,0,0,0,0,0,0
2024/05/24 星期五 00:33:14.328,1716481994328,NH-DC-NM129-B05-ROCE-Leaf-3.GPU.S9825,FourHundredGigE1/0/43,247357,954071122,129341,401145662,0.90,0.38
2024/05/24 星期五 00:33:14.865,1716481994865,NH-DC-NM129-B05-ROCE-Leaf-3.GPU.S9825,FourHundredGigE1/0/43,0,0,0,0,0,0
2024/05/24 星期五 00:33:15.363,1716481995363,NH-DC-NM129-B05-ROCE-Leaf-3.GPU.S9825,FourHundredGigE1/0/43,23801,64524086,8056,12219008,0.15,0.03
2024/05/24 星期五 00:33:16.075,1716481996075,NH-DC-NM129-B05-ROCE-Leaf-3.GPU.S9825,FourHundredGigE1/0/43,24630,76196476,42749,124980178,0.12,0.21
2024/05/24 星期五 00:33:16.590,1716481996590,NH-DC-NM129-B05-ROCE-Leaf-3.GPU.S9825,FourHundredGigE1/0/43,0,0,0,0,0,0
2024/05/24 星期五 00:33:17.094,1716481997094,NH-DC-NM129-B05-ROCE-Leaf-3.GPU.S9825,FourHundredGigE1/0/43,110949,441516458,13067,1110670,1.09,0
2024/05/24 星期五 00:33:18.362,1716481998362,NH-DC-NM129-B05-ROCE-Leaf-3.GPU.S9825,FourHundredGigE1/0/43,40847,133829390,35244,113179976,0.13,0.11
2024/05/24 星期五 00:33:18.900,1716481998900,NH-DC-NM129-B05-ROCE-Leaf-3.GPU.S9825,FourHundredGigE1/0/43,74065,289097894,11254,27086592,0.65,0.05
2024/05/24 星期五 00:33:19.596,1716481999596,NH-DC-NM129-B05-ROCE-Leaf-3.GPU.S9825,FourHundredGigE1/0/43,0,0,0,0,0,0
2024/05/24 星期五 00:33:20.164,1716482000164,NH-DC-NM129-B05-ROCE-Leaf-3.GPU.S9825,FourHundredGigE1/0/43,3638,11629716,15634,12818000,0.02,0.02
2024/05/24 星期五 00:33:20.733,1716482000733,NH-DC-NM129-B05-ROCE-Leaf-3.GPU.S9825,FourHundredGigE1/0/43,0,0,0,0,0,0
2024/05/24 星期五 00:33:21.234,1716482001234,NH-DC-NM129-B05-ROCE-Leaf-3.GPU.S9825,FourHundredGigE1/0/43,73307,284792290,11752,35214640,0.70,0.07
2024/05/24 星期五 00:33:21.819,1716482001819,NH-DC-NM129-B05-ROCE-Leaf-3.GPU.S9825,FourHundredGigE1/0/43,0,0,0,0,0,0
2024/05/24 星期五 00:33:22.502,1716482002502,NH-DC-NM129-B05-ROCE-Leaf-3.GPU.S9825,FourHundredGigE1/0/43,184719,692586390,12218,12159172,1.26,0.02
2024/05/24 星期五 00:33:23.075,1716482003075,NH-DC-NM129-B05-ROCE-Leaf-3.GPU.S9825,FourHundredGigE1/0/43,329252,1230160868,4073,338718,2.68,0
2024/05/24 星期五 00:33:23.683,1716482003683,NH-DC-NM129-B05-ROCE-Leaf-3.GPU.S9825,FourHundredGigE1/0/43,0,0,0,0,0,0
2024/05/24 星期五 00:33:24.380,1716482004380,NH-DC-NM129-B05-ROCE-Leaf-3.GPU.S9825,FourHundredGigE1/0/43,38162,130790180,6226,22895500,0.23,0.04
2024/05/24 星期五 00:33:24.947,1716482004947,NH-DC-NM129-B05-ROCE-Leaf-3.GPU.S9825,FourHundredGigE1/0/43,0,0,0,0,0,0
2024/05/24 星期五 00:33:25.447,1716482005447,NH-DC-NM129-B05-ROCE-Leaf-3.GPU.S9825,FourHundredGigE1/0/43,185483,761218458,218569,752548614,1.9,1.88
2024/05/24 星期五 00:33:26.104,1716482006104,NH-DC-NM129-B05-ROCE-Leaf-3.GPU.S9825,FourHundredGigE1/0/43,16631,46909862,18649,12677654,0.08,0.02
2024/05/24 星期五 00:33:26.672,1716482006672,NH-DC-NM129-B05-ROCE-Leaf-3.GPU.S9825,FourHundredGigE1/0/43,0,0,0,0,0,0
2024/05/24 星期五 00:33:27.174,1716482007174,NH-DC-NM129-B05-ROCE-Leaf-3.GPU.S9825,FourHundredGigE1/0/43,6860,23453012,17694,1445936,0.05,0
2024/05/24 星期五 00:33:27.693,1716482007693,NH-DC-NM129-B05-ROCE-Leaf-3.GPU.S9825,FourHundredGigE1/0/43,0,0,0,0,0,0
2024/05/24 星期五 00:33:28.366,1716482008366,NH-DC-NM129-B05-ROCE-Leaf-3.GPU.S9825,FourHundredGigE1/0/43,40202,148866916,15301,23956302,0.26,0.04
2024/05/24 星期五 00:33:28.976,1716482008976,NH-DC-NM129-B05-ROCE-Leaf-3.GPU.S9825,FourHundredGigE1/0/43,117149,435585370,18144,13029796,0.88,0.02
2024/05/24 星期五 00:33:29.673,1716482009673,NH-DC-NM129-B05-ROCE-Leaf-3.GPU.S9825,FourHundredGigE1/0/43,0,0,0,0,0,0
2024/05/24 星期五 00:33:30.906,1716482010906,NH-DC-NM129-B05-ROCE-Leaf-3.GPU.S9825,FourHundredGigE1/0/43,91715,369076106,103553,394662910,0.36,0.40
2024/05/24 星期五 00:33:31.409,1716482011409,NH-DC-NM129-B05-ROCE-Leaf-3.GPU.S9825,FourHundredGigE1/0/43,17745,50996362,10586,19490316,0.12,0.02
2024/05/24 星期五 00:33:32.046,1716482012046,NH-DC-NM129-B05-ROCE-Leaf-3.GPU.S9825,FourHundredGigE1/0/43,55823,162844374,30134,95617152,0.31,0.18
2024/05/24 星期五 00:33:32.677,1716482012677,NH-DC-NM129-B05-ROCE-Leaf-3.GPU.S9825,FourHundredGigE1/0/43,0,0,0,0,0,0
2024/05/24 星期五 00:33:33.267,1716482013267,NH-DC-NM129-B05-ROCE-Leaf-3.GPU.S9825,FourHundredGigE1/0/43,56980,150785628,186392,749966972,0.32,1.57
2024/05/24 星期五 00:33:34.020,1716482014020,NH-DC-NM129-B05-ROCE-Leaf-3.GPU.S9825,FourHundredGigE1/0/43,13046,35864928,246931,936500958,0.05,1.54
2024/05/24 星期五 00:33:34.681,1716482014681,NH-DC-NM129-B05-ROCE-Leaf-3.GPU.S9825,FourHundredGigE1/0/43,0,0,0,0,0,0
2024/05/24 星期五 00:33:35.285,1716482015285,NH-DC-NM129-B05-ROCE-Leaf-3.GPU.S9825,FourHundredGigE1/0/43,36385,126397602,4031,11508270,0.25,0.02
2024/05/24 星期五 00:33:35.870,1716482015870,NH-DC-NM129-B05-ROCE-Leaf-3.GPU.S9825,FourHundredGigE1/0/43,16709,52935494,4840,8967432,0.11,0
2024/05/24 星期五 00:33:36.572,1716482016572,NH-DC-NM129-B05-ROCE-Leaf-3.GPU.S9825,FourHundredGigE1/0/43,0,0,0,0,0,0
2024/05/24 星期五 00:33:37.154,1716482017154,NH-DC-NM129-B05-ROCE-Leaf-3.GPU.S9825,FourHundredGigE1/0/43,241515,918347526,158403,605210710,1.95,1.29
2024/05/24 星期五 00:33:37.703,1716482017703,NH-DC-NM129-B05-ROCE-Leaf-3.GPU.S9825,FourHundredGigE1/0/43,0,0,0,0,0,0
2024/05/24 星期五 00:33:38.214,1716482018214,NH-DC-NM129-B05-ROCE-Leaf-3.GPU.S9825,FourHundredGigE1/0/43,3747,11638186,16747,24066566,0.02,0.05
2024/05/24 星期五 00:33:38.785,1716482018785,NH-DC-NM129-B05-ROCE-Leaf-3.GPU.S9825,FourHundredGigE1/0/43,0,0,0,0,0,0
2024/05/24 星期五 00:33:39.295,1716482019295,NH-DC-NM129-B05-ROCE-Leaf-3.GPU.S9825,FourHundredGigE1/0/43,37670,109301656,49105,169078658,0.25,0.39
2024/05/24 星期五 00:33:39.957,1716482019957,NH-DC-NM129-B05-ROCE-Leaf-3.GPU.S9825,FourHundredGigE1/0/43,52911,119264718,24419,90141466,0.21,0.17
2024/05/24 星期五 00:33:40.508,1716482020508,NH-DC-NM129-B05-ROCE-Leaf-3.GPU.S9825,FourHundredGigE1/0/43,0,0,0,0,0,0
2024/05/24 星期五 00:33:41.008,1716482021008,NH-DC-NM129-B05-ROCE-Leaf-3.GPU.S9825,FourHundredGigE1/0/43,0,0,0,0,0,0
2024/05/24 星期五 00:33:41.511,1716482021511,NH-DC-NM129-B05-ROCE-Leaf-3.GPU.S9825,FourHundredGigE1/0/43,328560,1304864667,201160,790613640,3.23,1.96
2024/05/24 星期五 00:33:42.113,1716482022113,NH-DC-NM129-B05-ROCE-Leaf-3.GPU.S9825,FourHundredGigE1/0/43,6290,16004488,5237,11970538,0.02,0.02
2024/05/24 星期五 00:33:42.663,1716482022663,NH-DC-NM129-B05-ROCE-Leaf-3.GPU.S9825,FourHundredGigE1/0/43,0,0,0,0,0,0
2024/05/24 星期五 00:33:43.191,1716482023191,NH-DC-NM129-B05-ROCE-Leaf-3.GPU.S9825,FourHundredGigE1/0/43,17142,35625508,17109,21540738,0.07,0.05
2024/05/24 星期五 00:33:43.776,1716482023776,NH-DC-NM129-B05-ROCE-Leaf-3.GPU.S9825,FourHundredGigE1/0/43,0,0,0,0,0,0
2024/05/24 星期五 00:33:44.341,1716482024341,NH-DC-NM129-B05-ROCE-Leaf-3.GPU.S9825,FourHundredGigE1/0/43,220211,873981598,213698,850741332,1.92,1.88
2024/05/24 星期五 00:33:44.886,1716482024886,NH-DC-NM129-B05-ROCE-Leaf-3.GPU.S9825,FourHundredGigE1/0/43,1661,1531152,69407,266762394,0,0.60
2024/05/24 星期五 00:33:45.869,1716482025869,NH-DC-NM129-B05-ROCE-Leaf-3.GPU.S9825,FourHundredGigE1/0/43,74410,218039300,20506,58051381,0.27,0.06
2024/05/24 星期五 00:33:47.751,1716482027751,NH-DC-NM129-B05-ROCE-Leaf-3.GPU.S9825,FourHundredGigE1/0/43,0,0,0,0,0,0
2024/05/24 星期五 00:33:48.252,1716482028252,NH-DC-NM129-B05-ROCE-Leaf-3.GPU.S9825,FourHundredGigE1/0/43,114715,468059714,650738,2655826044,1.15,6.61
2024/05/24 星期五 00:33:48.828,1716482028828,NH-DC-NM129-B05-ROCE-Leaf-3.GPU.S9825,FourHundredGigE1/0/43,0,0,0,0,0,0
2024/05/24 星期五 00:33:49.469,1716482029469,NH-DC-NM129-B05-ROCE-Leaf-3.GPU.S9825,FourHundredGigE1/0/43,37727,127282506,10762,12440524,0.23,0.02
2024/05/24 星期五 00:33:50.029,1716482030029,NH-DC-NM129-B05-ROCE-Leaf-3.GPU.S9825,FourHundredGigE1/0/43,31460,87796204,11795,12110926,0.18,0.02
2024/05/24 星期五 00:33:50.646,1716482030646,NH-DC-NM129-B05-ROCE-Leaf-3.GPU.S9825,FourHundredGigE1/0/43,0,0,0,0,0,0
2024/05/24 星期五 00:33:51.358,1716482031358,NH-DC-NM129-B05-ROCE-Leaf-3.GPU.S9825,FourHundredGigE1/0/43,222043,884943942,185468,749501052,1.54,1.30
2024/05/24 星期五 00:33:51.860,1716482031860,NH-DC-NM129-B05-ROCE-Leaf-3.GPU.S9825,FourHundredGigE1/0/43,0,0,0,0,0,0
2024/05/24 星期五 00:33:52.531,1716482032531,NH-DC-NM129-B05-ROCE-Leaf-3.GPU.S9825,FourHundredGigE1/0/43,103651,418984934,101631,369884730,0.76,0.67
2024/05/24 星期五 00:33:53.095,1716482033095,NH-DC-NM129-B05-ROCE-Leaf-3.GPU.S9825,FourHundredGigE1/0/43,19100,40934804,12310,39302312,0.09,0.07
2024/05/24 星期五 00:33:53.595,1716482033595,NH-DC-NM129-B05-ROCE-Leaf-3.GPU.S9825,FourHundredGigE1/0/43,0,0,0,0,0,0
2024/05/24 星期五 00:33:54.097,1716482034097,NH-DC-NM129-B05-ROCE-Leaf-3.GPU.S9825,FourHundredGigE1/0/43,18590,59861260,36296,110689872,0.12,0.27
2024/05/24 星期五 00:33:55.059,1716482035059,NH-DC-NM129-B05-ROCE-Leaf-3.GPU.S9825,FourHundredGigE1/0/43,315990,1262015308,368566,1487622356,1.64,1.92
2024/05/24 星期五 00:33:55.562,1716482035562,NH-DC-NM129-B05-ROCE-Leaf-3.GPU.S9825,FourHundredGigE1/0/43,0,0,0,0,0,0
2024/05/24 星期五 00:33:56.236,1716482036236,NH-DC-NM129-B05-ROCE-Leaf-3.GPU.S9825,FourHundredGigE1/0/43,79455,273925194,21533,61089014,0.50,0.11
2024/05/24 星期五 00:33:56.797,1716482036797,NH-DC-NM129-B05-ROCE-Leaf-3.GPU.S9825,FourHundredGigE1/0/43,0,0,0,0,0,0
2024/05/24 星期五 00:33:57.297,1716482037297,NH-DC-NM129-B05-ROCE-Leaf-3.GPU.S9825,FourHundredGigE1/0/43,45515,168065998,17553,53238594,0.4,0.12
2024/05/24 星期五 00:33:58.129,1716482038129,NH-DC-NM129-B05-ROCE-Leaf-3.GPU.S9825,FourHundredGigE1/0/43,22650,81351320,159761,618154528,0.12,0.92
2024/05/24 星期五 00:33:58.647,1716482038647,NH-DC-NM129-B05-ROCE-Leaf-3.GPU.S9825,FourHundredGigE1/0/43,0,0,0,0,0,0
2024/05/24 星期五 00:33:59.148,1716482039148,NH-DC-NM129-B05-ROCE-Leaf-3.GPU.S9825,FourHundredGigE1/0/43,101719,415526298,37494,144220858,1.02,0.35
2024/05/24 星期五 00:33:59.791,1716482039791,NH-DC-NM129-B05-ROCE-Leaf-3.GPU.S9825,FourHundredGigE1/0/43,0,0,0,0,0,0
2024/05/24 星期五 00:34:00.338,1716482040338,NH-DC-NM129-B05-ROCE-Leaf-3.GPU.S9825,FourHundredGigE1/0/43,32167,113102666,6215,22845614,0.25,0.05
2024/05/24 星期五 00:34:01.477,1716482041477,NH-DC-NM129-B05-ROCE-Leaf-3.GPU.S9825,FourHundredGigE1/0/43,66134,249196592,289990,998243484,0.26,1.09
2024/05/24 星期五 00:34:01.985,1716482041985,NH-DC-NM129-B05-ROCE-Leaf-3.GPU.S9825,FourHundredGigE1/0/43,0,0,0,0,0,0
2024/05/24 星期五 00:34:02.485,1716482042485,NH-DC-NM129-B05-ROCE-Leaf-3.GPU.S9825,FourHundredGigE1/0/43,10247,35519454,386408,1360400452,0.08,3.4
2024/05/24 星期五 00:34:03.099,1716482043099,NH-DC-NM129-B05-ROCE-Leaf-3.GPU.S9825,FourHundredGigE1/0/43,232360,860457432,34086,116000676,1.75,0.22
2024/05/24 星期五 00:34:04.599,1716482044599,NH-DC-NM129-B05-ROCE-Leaf-3.GPU.S9825,FourHundredGigE1/0/43,19753,61092746,13342,34969088,0.05,0.02
2024/05/24 星期五 00:34:05.547,1716482045547,NH-DC-NM129-B05-ROCE-Leaf-3.GPU.S9825,FourHundredGigE1/0/43,37172,6235504,4825,11563090,0,0.01
2024/05/24 星期五 00:34:06.051,1716482046051,NH-DC-NM129-B05-ROCE-Leaf-3.GPU.S9825,FourHundredGigE1/0/43,280795,1119256514,194370,750245736,2.75,1.86
2024/05/24 星期五 00:34:06.992,1716482046992,NH-DC-NM129-B05-ROCE-Leaf-3.GPU.S9825,FourHundredGigE1/0/43,0,0,0,0,0,0
2024/05/24 星期五 00:34:07.493,1716482047493,NH-DC-NM129-B05-ROCE-Leaf-3.GPU.S9825,FourHundredGigE1/0/43,51743,182578042,1015,83358,0.45,0
2024/05/24 星期五 00:34:08.166,1716482048166,NH-DC-NM129-B05-ROCE-Leaf-3.GPU.S9825,FourHundredGigE1/0/43,3943,18423754,14894,35100780,0.02,0.06
2024/05/24 星期五 00:34:08.695,1716482048695,NH-DC-NM129-B05-ROCE-Leaf-3.GPU.S9825,FourHundredGigE1/0/43,0,0,0,0,0,0
2024/05/24 星期五 00:34:09.197,1716482049197,NH-DC-NM129-B05-ROCE-Leaf-3.GPU.S9825,FourHundredGigE1/0/43,228969,909033378,18151,24570902,2.24,0.05
2024/05/24 星期五 00:34:09.848,1716482049848,NH-DC-NM129-B05-ROCE-Leaf-3.GPU.S9825,FourHundredGigE1/0/43,0,0,0,0,0,0
2024/05/24 星期五 00:34:10.374,1716482050374,NH-DC-NM129-B05-ROCE-Leaf-3.GPU.S9825,FourHundredGigE1/0/43,4248,14651936,117644,465496560,0.02,1.09
2024/05/24 星期五 00:34:10.990,1716482050990,NH-DC-NM129-B05-ROCE-Leaf-3.GPU.S9825,FourHundredGigE1/0/43,0,0,0,0,0,0
2024/05/24 星期五 00:34:11.531,1716482051531,NH-DC-NM129-B05-ROCE-Leaf-3.GPU.S9825,FourHundredGigE1/0/43,22881,64273457,37605,124933410,0.14,0.28
2024/05/24 星期五 00:34:12.039,1716482052039,NH-DC-NM129-B05-ROCE-Leaf-3.GPU.S9825,FourHundredGigE1/0/43,0,0,0,0,0,0
2024/05/24 星期五 00:34:12.541,1716482052541,NH-DC-NM129-B05-ROCE-Leaf-3.GPU.S9825,FourHundredGigE1/0/43,148737,585051690,45729,145662102,1.44,0.35
2024/05/24 星期五 00:34:13.104,1716482053104,NH-DC-NM129-B05-ROCE-Leaf-3.GPU.S9825,FourHundredGigE1/0/43,259999,1051592830,62351,210076614,2.33,0.47
2024/05/24 星期五 00:34:13.630,1716482053630,NH-DC-NM129-B05-ROCE-Leaf-3.GPU.S9825,FourHundredGigE1/0/43,0,0,0,0,0,0
2024/05/24 星期五 00:34:14.133,1716482054133,NH-DC-NM129-B05-ROCE-Leaf-3.GPU.S9825,FourHundredGigE1/0/43,22688,64174308,25380,84110480,0.15,0.20
2024/05/24 星期五 00:34:14.850,1716482054850,NH-DC-NM129-B05-ROCE-Leaf-3.GPU.S9825,FourHundredGigE1/0/43,0,0,0,0,0,0
2024/05/24 星期五 00:34:15.355,1716482055355,NH-DC-NM129-B05-ROCE-Leaf-3.GPU.S9825,FourHundredGigE1/0/43,38465,140005718,6942,12110612,0.35,0.02
2024/05/24 星期五 00:34:15.855,1716482055855,NH-DC-NM129-B05-ROCE-Leaf-3.GPU.S9825,FourHundredGigE1/0/43,0,0,0,0,0,0
2024/05/24 星期五 00:34:16.494,1716482056494,NH-DC-NM129-B05-ROCE-Leaf-3.GPU.S9825,FourHundredGigE1/0/43,217482,855844892,396238,1567065360,1.66,3.05
2024/05/24 星期五 00:34:17.001,1716482057001,NH-DC-NM129-B05-ROCE-Leaf-3.GPU.S9825,FourHundredGigE1/0/43,0,0,0,0,0,0
2024/05/24 星期五 00:34:17.505,1716482057505,NH-DC-NM129-B05-ROCE-Leaf-3.GPU.S9825,FourHundredGigE1/0/43,7190,582872,44804,160525564,0,0.40
2024/05/24 星期五 00:34:18.228,1716482058228,NH-DC-NM129-B05-ROCE-Leaf-3.GPU.S9825,FourHundredGigE1/0/43,36624,108046616,9243,29979242,0.17,0.03
2024/05/24 星期五 00:34:18.757,1716482058757,NH-DC-NM129-B05-ROCE-Leaf-3.GPU.S9825,FourHundredGigE1/0/43,0,0,0,0,0,0
2024/05/24 星期五 00:34:19.261,1716482059261,NH-DC-NM129-B05-ROCE-Leaf-3.GPU.S9825,FourHundredGigE1/0/43,9313,24185950,16495,35626574,0.05,0.07
2024/05/24 星期五 00:34:19.970,1716482059970,NH-DC-NM129-B05-ROCE-Leaf-3.GPU.S9825,FourHundredGigE1/0/43,208029,827849214,99391,392780810,1.45,0.69
2024/05/24 星期五 00:34:20.510,1716482060510,NH-DC-NM129-B05-ROCE-Leaf-3.GPU.S9825,FourHundredGigE1/0/43,0,0,0,0,0,0
2024/05/24 星期五 00:34:21.013,1716482061013,NH-DC-NM129-B05-ROCE-Leaf-3.GPU.S9825,FourHundredGigE1/0/43,10096,15211092,41983,125298914,0.02,0.30
2024/05/24 星期五 00:34:21.614,1716482061614,NH-DC-NM129-B05-ROCE-Leaf-3.GPU.S9825,FourHundredGigE1/0/43,0,0,0,0,0,0
2024/05/24 星期五 00:34:22.130,1716482062130,NH-DC-NM129-B05-ROCE-Leaf-3.GPU.S9825,FourHundredGigE1/0/43,49337,129710050,24682,87595060,0.29,0.19
2024/05/24 星期五 00:34:22.630,1716482062630,NH-DC-NM129-B05-ROCE-Leaf-3.GPU.S9825,FourHundredGigE1/0/43,0,0,0,0,0,0
2024/05/24 星期五 00:34:23.152,1716482063152,NH-DC-NM129-B05-ROCE-Leaf-3.GPU.S9825,FourHundredGigE1/0/43,136541,509716958,385637,1547563766,1.20,3.69
2024/05/24 星期五 00:34:23.865,1716482063865,NH-DC-NM129-B05-ROCE-Leaf-3.GPU.S9825,FourHundredGigE1/0/43,22033,75682454,20007,64169202,0.12,0.11
2024/05/24 星期五 00:34:24.658,1716482064658,NH-DC-NM129-B05-ROCE-Leaf-3.GPU.S9825,FourHundredGigE1/0/43,0,0,0,0,0,0
2024/05/24 星期五 00:34:25.223,1716482065223,NH-DC-NM129-B05-ROCE-Leaf-3.GPU.S9825,FourHundredGigE1/0/43,15894,39980224,24516,72483732,0.07,0.15
2024/05/24 星期五 00:34:25.724,1716482065724,NH-DC-NM129-B05-ROCE-Leaf-3.GPU.S9825,FourHundredGigE1/0/43,0,0,0,0,0,0
2024/05/24 星期五 00:34:26.224,1716482066224,NH-DC-NM129-B05-ROCE-Leaf-3.GPU.S9825,FourHundredGigE1/0/43,66684,245014020,18943,67735702,0.6,0.15
2024/05/24 星期五 00:34:26.919,1716482066919,NH-DC-NM129-B05-ROCE-Leaf-3.GPU.S9825,FourHundredGigE1/0/43,0,0,0,0,0,0
2024/05/24 星期五 00:34:27.444,1716482067444,NH-DC-NM129-B05-ROCE-Leaf-3.GPU.S9825,FourHundredGigE1/0/43,28618,80114916,103602,405595808,0.19,0.95
2024/05/24 星期五 00:34:28.141,1716482068141,NH-DC-NM129-B05-ROCE-Leaf-3.GPU.S9825,FourHundredGigE1/0/43,37059,136466278,1521,124234,0.23,0
2024/05/24 星期五 00:34:28.705,1716482068705,NH-DC-NM129-B05-ROCE-Leaf-3.GPU.S9825,FourHundredGigE1/0/43,0,0,0,0,0,0
2024/05/24 星期五 00:34:29.205,1716482069205,NH-DC-NM129-B05-ROCE-Leaf-3.GPU.S9825,FourHundredGigE1/0/43,8690,20594496,15899,50002834,0.05,0.12
2024/05/24 星期五 00:34:30.535,1716482070535,NH-DC-NM129-B05-ROCE-Leaf-3.GPU.S9825,FourHundredGigE1/0/43,29648,104738376,43129,149523186,0.09,0.13
2024/05/24 星期五 00:34:31.047,1716482071047,NH-DC-NM129-B05-ROCE-Leaf-3.GPU.S9825,FourHundredGigE1/0/43,183323,755960970,553760,2263339208,1.83,5.52
2024/05/24 星期五 00:34:31.639,1716482071639,NH-DC-NM129-B05-ROCE-Leaf-3.GPU.S9825,FourHundredGigE1/0/43,0,0,0,0,0,0
2024/05/24 星期五 00:34:32.190,1716482072190,NH-DC-NM129-B05-ROCE-Leaf-3.GPU.S9825,FourHundredGigE1/0/43,7517,23734330,32916,96492384,0.05,0.20
2024/05/24 星期五 00:34:32.690,1716482072690,NH-DC-NM129-B05-ROCE-Leaf-3.GPU.S9825,FourHundredGigE1/0/43,0,0,0,0,0,0
2024/05/24 星期五 00:34:33.560,1716482073560,NH-DC-NM129-B05-ROCE-Leaf-3.GPU.S9825,FourHundredGigE1/0/43,32001,109500470,4450,396276,0.14,0
2024/05/24 星期五 00:34:34.318,1716482074318,NH-DC-NM129-B05-ROCE-Leaf-3.GPU.S9825,FourHundredGigE1/0/43,42521,153716450,277165,1120142590,0.25,1.85
2024/05/24 星期五 00:34:35.561,1716482075561,NH-DC-NM129-B05-ROCE-Leaf-3.GPU.S9825,FourHundredGigE1/0/43,13209,43679598,18672,66280620,0.04,0.06
2024/05/24 星期五 00:34:36.079,1716482076079,NH-DC-NM129-B05-ROCE-Leaf-3.GPU.S9825,FourHundredGigE1/0/43,27291,93491298,19289,72446850,0.22,0.17
2024/05/24 星期五 00:34:36.706,1716482076706,NH-DC-NM129-B05-ROCE-Leaf-3.GPU.S9825,FourHundredGigE1/0/43,0,0,0,0,0,0
2024/05/24 星期五 00:34:37.307,1716482077307,NH-DC-NM129-B05-ROCE-Leaf-3.GPU.S9825,FourHundredGigE1/0/43,1284,3512660,28287,100955550,0,0.21
2024/05/24 星期五 00:34:37.918,1716482077918,NH-DC-NM129-B05-ROCE-Leaf-3.GPU.S9825,FourHundredGigE1/0/43,0,0,0,0,0,0
2024/05/24 星期五 00:34:38.572,1716482078572,NH-DC-NM129-B05-ROCE-Leaf-3.GPU.S9825,FourHundredGigE1/0/43,295721,1159907862,307381,1230571666,2.20,2.35
2024/05/24 星期五 00:34:39.073,1716482079073,NH-DC-NM129-B05-ROCE-Leaf-3.GPU.S9825,FourHundredGigE1/0/43,16203,60951582,109043,435770450,0.15,1.07
2024/05/24 星期五 00:34:39.579,1716482079579,NH-DC-NM129-B05-ROCE-Leaf-3.GPU.S9825,FourHundredGigE1/0/43,0,0,0,0,0,0
2024/05/24 星期五 00:34:40.131,1716482080131,NH-DC-NM129-B05-ROCE-Leaf-3.GPU.S9825,FourHundredGigE1/0/43,4577,3378294,14568,24290140,0,0.05
2024/05/24 星期五 00:34:40.713,1716482080713,NH-DC-NM129-B05-ROCE-Leaf-3.GPU.S9825,FourHundredGigE1/0/43,0,0,0,0,0,0
2024/05/24 星期五 00:34:41.215,1716482081215,NH-DC-NM129-B05-ROCE-Leaf-3.GPU.S9825,FourHundredGigE1/0/43,69242,257154599,4634,11548112,0.62,0.02
2024/05/24 星期五 00:34:41.880,1716482081880,NH-DC-NM129-B05-ROCE-Leaf-3.GPU.S9825,FourHundredGigE1/0/43,0,0,0,0,0,0
2024/05/24 星期五 00:34:42.437,1716482082437,NH-DC-NM129-B05-ROCE-Leaf-3.GPU.S9825,FourHundredGigE1/0/43,167139,678480438,108895,441288694,1.50,0.99
2024/05/24 星期五 00:34:42.937,1716482082937,NH-DC-NM129-B05-ROCE-Leaf-3.GPU.S9825,FourHundredGigE1/0/43,0,0,0,0,0,0
2024/05/24 星期五 00:34:43.438,1716482083438,NH-DC-NM129-B05-ROCE-Leaf-3.GPU.S9825,FourHundredGigE1/0/43,21205,61283482,12087,34877126,0.15,0.07
2024/05/24 星期五 00:34:44.098,1716482084098,NH-DC-NM129-B05-ROCE-Leaf-3.GPU.S9825,FourHundredGigE1/0/43,502,57776,1515,124302,0,0
2024/05/24 星期五 00:34:44.664,1716482084664,NH-DC-NM129-B05-ROCE-Leaf-3.GPU.S9825,FourHundredGigE1/0/43,0,0,0,0,0,0
2024/05/24 星期五 00:34:45.378,1716482085378,NH-DC-NM129-B05-ROCE-Leaf-3.GPU.S9825,FourHundredGigE1/0/43,92420,369131772,637204,2605888428,0.63,4.55
2024/05/24 星期五 00:34:47.353,1716482087353,NH-DC-NM129-B05-ROCE-Leaf-3.GPU.S9825,FourHundredGigE1/0/43,28429,99897878,15154,23950700,0.06,0.01
2024/05/24 星期五 00:34:48.012,1716482088012,NH-DC-NM129-B05-ROCE-Leaf-3.GPU.S9825,FourHundredGigE1/0/43,32942,92255476,36079,133854990,0.17,0.25
2024/05/24 星期五 00:34:50.079,1716482090079,NH-DC-NM129-B05-ROCE-Leaf-3.GPU.S9825,FourHundredGigE1/0/43,261413,914488570,171826,480343516,0.55,0.29
2024/05/24 星期五 00:34:50.689,1716482090689,NH-DC-NM129-B05-ROCE-Leaf-3.GPU.S9825,FourHundredGigE1/0/43,0,0,0,0,0,0
2024/05/24 星期五 00:34:51.392,1716482091392,NH-DC-NM129-B05-ROCE-Leaf-3.GPU.S9825,FourHundredGigE1/0/43,20729,47686938,42165,130638546,0.07,0.23
2024/05/24 星期五 00:34:52.021,1716482092021,NH-DC-NM129-B05-ROCE-Leaf-3.GPU.S9825,FourHundredGigE1/0/43,5003,413182,188922,735689974,0,1.45
2024/05/24 星期五 00:34:52.598,1716482092598,NH-DC-NM129-B05-ROCE-Leaf-3.GPU.S9825,FourHundredGigE1/0/43,0,0,0,0,0,0
2024/05/24 星期五 00:34:53.099,1716482093099,NH-DC-NM129-B05-ROCE-Leaf-3.GPU.S9825,FourHundredGigE1/0/43,0,0,0,0,0,0
2024/05/24 星期五 00:34:53.610,1716482093610,NH-DC-NM129-B05-ROCE-Leaf-3.GPU.S9825,FourHundredGigE1/0/43,1468,8546676,50108,146691742,0,0.34
2024/05/24 星期五 00:34:54.111,1716482094111,NH-DC-NM129-B05-ROCE-Leaf-3.GPU.S9825,FourHundredGigE1/0/43,11063,12233666,3169,11427534,0.02,0.02
2024/05/24 星期五 00:34:55.079,1716482095079,NH-DC-NM129-B05-ROCE-Leaf-3.GPU.S9825,FourHundredGigE1/0/43,8592,30790504,17634,1439944,0.04,0
2024/05/24 星期五 00:34:55.712,1716482095712,NH-DC-NM129-B05-ROCE-Leaf-3.GPU.S9825,FourHundredGigE1/0/43,0,0,0,0,0,0
2024/05/24 星期五 00:34:56.306,1716482096306,NH-DC-NM129-B05-ROCE-Leaf-3.GPU.S9825,FourHundredGigE1/0/43,295272,1153450500,622409,2522946858,2.42,5.30
2024/05/24 星期五 00:34:56.806,1716482096806,NH-DC-NM129-B05-ROCE-Leaf-3.GPU.S9825,FourHundredGigE1/0/43,0,0,0,0,0,0
2024/05/24 星期五 00:34:57.310,1716482097310,NH-DC-NM129-B05-ROCE-Leaf-3.GPU.S9825,FourHundredGigE1/0/43,3882,11883704,20792,52692080,0.02,0.12
2024/05/24 星期五 00:34:57.991,1716482097991,NH-DC-NM129-B05-ROCE-Leaf-3.GPU.S9825,FourHundredGigE1/0/43,37405,120775642,14390,45630064,0.22,0.07
2024/05/24 星期五 00:34:59.130,1716482099130,NH-DC-NM129-B05-ROCE-Leaf-3.GPU.S9825,FourHundredGigE1/0/43,98368,370053000,22983,64430234,0.41,0.07
2024/05/24 星期五 00:34:59.727,1716482099727,NH-DC-NM129-B05-ROCE-Leaf-3.GPU.S9825,FourHundredGigE1/0/43,0,0,0,0,0,0
2024/05/24 星期五 00:35:00.245,1716482100245,NH-DC-NM129-B05-ROCE-Leaf-3.GPU.S9825,FourHundredGigE1/0/43,197590,736579328,200419,795604066,1.76,1.91
2024/05/24 星期五 00:35:00.788,1716482100788,NH-DC-NM129-B05-ROCE-Leaf-3.GPU.S9825,FourHundredGigE1/0/43,0,0,0,0,0,0
2024/05/24 星期五 00:35:01.289,1716482101289,NH-DC-NM129-B05-ROCE-Leaf-3.GPU.S9825,FourHundredGigE1/0/43,23910,67917784,29154,100318896,0.15,0.25
2024/05/24 星期五 00:35:01.996,1716482101996,NH-DC-NM129-B05-ROCE-Leaf-3.GPU.S9825,FourHundredGigE1/0/43,10441,36632578,36343,102443198,0.05,0.18
2024/05/24 星期五 00:35:02.658,1716482102658,NH-DC-NM129-B05-ROCE-Leaf-3.GPU.S9825,FourHundredGigE1/0/43,0,0,0,0,0,0
2024/05/24 星期五 00:35:03.191,1716482103191,NH-DC-NM129-B05-ROCE-Leaf-3.GPU.S9825,FourHundredGigE1/0/43,42781,113837858,220691,884095402,0.26,2.06
2024/05/24 星期五 00:35:03.690,1716482103690,NH-DC-NM129-B05-ROCE-Leaf-3.GPU.S9825,FourHundredGigE1/0/43,0,0,0,0,0,0
2024/05/24 星期五 00:35:04.649,1716482104649,NH-DC-NM129-B05-ROCE-Leaf-3.GPU.S9825,FourHundredGigE1/0/43,18174,48819120,21053,38951774,0.05,0.04
2024/05/24 星期五 00:35:05.165,1716482105165,NH-DC-NM129-B05-ROCE-Leaf-3.GPU.S9825,FourHundredGigE1/0/43,91586,331408032,10388,23934676,0.80,0.05
2024/05/24 星期五 00:35:05.826,1716482105826,NH-DC-NM129-B05-ROCE-Leaf-3.GPU.S9825,FourHundredGigE1/0/43,0,0,0,0,0,0
2024/05/24 星期五 00:35:06.388,1716482106388,NH-DC-NM129-B05-ROCE-Leaf-3.GPU.S9825,FourHundredGigE1/0/43,18955,55822270,4496,371512,0.11,0
2024/05/24 星期五 00:35:06.890,1716482106890,NH-DC-NM129-B05-ROCE-Leaf-3.GPU.S9825,FourHundredGigE1/0/43,0,0,0,0,0,0
2024/05/24 星期五 00:35:07.393,1716482107393,NH-DC-NM129-B05-ROCE-Leaf-3.GPU.S9825,FourHundredGigE1/0/43,133691,488345882,101629,385693850,1.19,0.94
2024/05/24 星期五 00:35:07.942,1716482107942,NH-DC-NM129-B05-ROCE-Leaf-3.GPU.S9825,FourHundredGigE1/0/43,0,0,0,0,0,0
2024/05/24 星期五 00:35:08.597,1716482108597,NH-DC-NM129-B05-ROCE-Leaf-3.GPU.S9825,FourHundredGigE1/0/43,22966,70301248,72096,224801030,0.13,0.42
2024/05/24 星期五 00:35:09.372,1716482109372,NH-DC-NM129-B05-ROCE-Leaf-3.GPU.S9825,FourHundredGigE1/0/43,65977,248111290,60220,203158246,0.39,0.32
2024/05/24 星期五 00:35:09.891,1716482109891,NH-DC-NM129-B05-ROCE-Leaf-3.GPU.S9825,FourHundredGigE1/0/43,0,0,0,0,0,0
2024/05/24 星期五 00:35:10.395,1716482110395,NH-DC-NM129-B05-ROCE-Leaf-3.GPU.S9825,FourHundredGigE1/0/43,26790,94915112,47551,171135462,0.22,0.42
2024/05/24 星期五 00:35:11.654,1716482111654,NH-DC-NM129-B05-ROCE-Leaf-3.GPU.S9825,FourHundredGigE1/0/43,358234,1431947303,31118,69882767,1.42,0.06
2024/05/24 星期五 00:35:12.352,1716482112352,NH-DC-NM129-B05-ROCE-Leaf-3.GPU.S9825,FourHundredGigE1/0/43,99211,349956598,58111,202708306,0.61,0.36
2024/05/24 星期五 00:35:12.926,1716482112926,NH-DC-NM129-B05-ROCE-Leaf-3.GPU.S9825,FourHundredGigE1/0/43,0,0,0,0,0,0
2024/05/24 星期五 00:35:13.427,1716482113427,NH-DC-NM129-B05-ROCE-Leaf-3.GPU.S9825,FourHundredGigE1/0/43,23874,62399608,6052,11661012,0.15,0.02
2024/05/24 星期五 00:35:13.947,1716482113947,NH-DC-NM129-B05-ROCE-Leaf-3.GPU.S9825,FourHundredGigE1/0/43,0,0,0,0,0,0
2024/05/24 星期五 00:35:14.445,1716482114445,NH-DC-NM129-B05-ROCE-Leaf-3.GPU.S9825,FourHundredGigE1/0/43,20417,54567826,277915,1108377482,0.13,2.76
2024/05/24 星期五 00:35:14.946,1716482114946,NH-DC-NM129-B05-ROCE-Leaf-3.GPU.S9825,FourHundredGigE1/0/43,0,0,0,0,0,0
2024/05/24 星期五 00:35:15.592,1716482115592,NH-DC-NM129-B05-ROCE-Leaf-3.GPU.S9825,FourHundredGigE1/0/43,218,17560,28507,61654170,0,0.12
2024/05/24 星期五 00:35:16.246,1716482116246,NH-DC-NM129-B05-ROCE-Leaf-3.GPU.S9825,FourHundredGigE1/0/43,59357,196419610,26562,90882076,0.36,0.17
2024/05/24 星期五 00:35:16.747,1716482116747,NH-DC-NM129-B05-ROCE-Leaf-3.GPU.S9825,FourHundredGigE1/0/43,0,0,0,0,0,0
2024/05/24 星期五 00:35:17.250,1716482117250,NH-DC-NM129-B05-ROCE-Leaf-3.GPU.S9825,FourHundredGigE1/0/43,61789,217309198,126007,468086206,0.52,1.14
2024/05/24 星期五 00:35:17.869,1716482117869,NH-DC-NM129-B05-ROCE-Leaf-3.GPU.S9825,FourHundredGigE1/0/43,0,0,0,0,0,0
2024/05/24 星期五 00:35:18.421,1716482118421,NH-DC-NM129-B05-ROCE-Leaf-3.GPU.S9825,FourHundredGigE1/0/43,127059,489341998,139604,494581860,1.09,1.11
2024/05/24 星期五 00:35:19.247,1716482119247,NH-DC-NM129-B05-ROCE-Leaf-3.GPU.S9825,FourHundredGigE1/0/43,5563,451114,78404,283688704,0,0.42
2024/05/24 星期五 00:35:19.831,1716482119831,NH-DC-NM129-B05-ROCE-Leaf-3.GPU.S9825,FourHundredGigE1/0/43,0,0,0,0,0,0
2024/05/24 星期五 00:35:20.332,1716482120332,NH-DC-NM129-B05-ROCE-Leaf-3.GPU.S9825,FourHundredGigE1/0/43,22800,64480292,10467,13200534,0.15,0.02
2024/05/24 星期五 00:35:20.858,1716482120858,NH-DC-NM129-B05-ROCE-Leaf-3.GPU.S9825,FourHundredGigE1/0/43,0,0,0,0,0,0
2024/05/24 星期五 00:35:21.359,1716482121359,NH-DC-NM129-B05-ROCE-Leaf-3.GPU.S9825,FourHundredGigE1/0/43,97675,381124854,14712,12361552,0.95,0.02
2024/05/24 星期五 00:35:22.025,1716482122025,NH-DC-NM129-B05-ROCE-Leaf-3.GPU.S9825,FourHundredGigE1/0/43,261678,1049685596,7777,623642,1.95,0
2024/05/24 星期五 00:35:22.792,1716482122792,NH-DC-NM129-B05-ROCE-Leaf-3.GPU.S9825,FourHundredGigE1/0/43,0,0,0,0,0,0
2024/05/24 星期五 00:35:23.291,1716482123291,NH-DC-NM129-B05-ROCE-Leaf-3.GPU.S9825,FourHundredGigE1/0/43,21867,68316722,21841,72279354,0.15,0.18
2024/05/24 星期五 00:35:24.049,1716482124049,NH-DC-NM129-B05-ROCE-Leaf-3.GPU.S9825,FourHundredGigE1/0/43,28081,83968846,12304,35434716,0.13,0.05
2024/05/24 星期五 00:35:24.587,1716482124587,NH-DC-NM129-B05-ROCE-Leaf-3.GPU.S9825,FourHundredGigE1/0/43,0,0,0,0,0,0
2024/05/24 星期五 00:35:25.091,1716482125091,NH-DC-NM129-B05-ROCE-Leaf-3.GPU.S9825,FourHundredGigE1/0/43,13763,47138070,213475,868263906,0.10,2.13
2024/05/24 星期五 00:35:27.242,1716482127242,NH-DC-NM129-B05-ROCE-Leaf-3.GPU.S9825,FourHundredGigE1/0/43,5698,12027628,479386,1793804488,0.01,1.04
2024/05/24 星期五 00:35:27.881,1716482127881,NH-DC-NM129-B05-ROCE-Leaf-3.GPU.S9825,FourHundredGigE1/0/43,0,0,0,0,0,0
2024/05/24 星期五 00:35:29.250,1716482129250,NH-DC-NM129-B05-ROCE-Leaf-3.GPU.S9825,FourHundredGigE1/0/43,396995,1550853198,118341,382843046,1.42,0.35
2024/05/24 星期五 00:35:29.881,1716482129881,NH-DC-NM129-B05-ROCE-Leaf-3.GPU.S9825,FourHundredGigE1/0/43,0,0,0,0,0,0
2024/05/24 星期五 00:35:30.382,1716482130382,NH-DC-NM129-B05-ROCE-Leaf-3.GPU.S9825,FourHundredGigE1/0/43,23958,80047912,6889,23651050,0.20,0.05
2024/05/24 星期五 00:35:31.748,1716482131748,NH-DC-NM129-B05-ROCE-Leaf-3.GPU.S9825,FourHundredGigE1/0/43,3714,11864320,508,41712,0.01,0
2024/05/24 星期五 00:35:32.269,1716482132269,NH-DC-NM129-B05-ROCE-Leaf-3.GPU.S9825,FourHundredGigE1/0/43,230120,942646496,57887,216292686,2.26,0.50
2024/05/24 星期五 00:35:33.042,1716482133042,NH-DC-NM129-B05-ROCE-Leaf-3.GPU.S9825,FourHundredGigE1/0/43,0,0,0,0,0,0
2024/05/24 星期五 00:35:33.550,1716482133550,NH-DC-NM129-B05-ROCE-Leaf-3.GPU.S9825,FourHundredGigE1/0/43,43802,175974724,43932,176323460,0.42,0.42
2024/05/24 星期五 00:35:34.320,1716482134320,NH-DC-NM129-B05-ROCE-Leaf-3.GPU.S9825,FourHundredGigE1/0/43,155771,583776626,503,41382,0.94,0
2024/05/24 星期五 00:35:34.908,1716482134908,NH-DC-NM129-B05-ROCE-Leaf-3.GPU.S9825,FourHundredGigE1/0/43,0,0,0,0,0,0
2024/05/24 星期五 00:35:35.457,1716482135457,NH-DC-NM129-B05-ROCE-Leaf-3.GPU.S9825,FourHundredGigE1/0/43,18062,56415064,16763,56281198,0.11,0.11
2024/05/24 星期五 00:35:36.322,1716482136322,NH-DC-NM129-B05-ROCE-Leaf-3.GPU.S9825,FourHundredGigE1/0/43,289664,1131864380,31361,90346834,1.63,0.13
2024/05/24 星期五 00:35:36.830,1716482136830,NH-DC-NM129-B05-ROCE-Leaf-3.GPU.S9825,FourHundredGigE1/0/43,0,0,0,0,0,0
2024/05/24 星期五 00:35:37.333,1716482137333,NH-DC-NM129-B05-ROCE-Leaf-3.GPU.S9825,FourHundredGigE1/0/43,23266,50388132,19780,66658584,0.12,0.15
2024/05/24 星期五 00:35:37.897,1716482137897,NH-DC-NM129-B05-ROCE-Leaf-3.GPU.S9825,FourHundredGigE1/0/43,0,0,0,0,0,0
2024/05/24 星期五 00:35:38.435,1716482138435,NH-DC-NM129-B05-ROCE-Leaf-3.GPU.S9825,FourHundredGigE1/0/43,7903,14764410,4713,381826,0.02,0
2024/05/24 星期五 00:35:39.024,1716482139024,NH-DC-NM129-B05-ROCE-Leaf-3.GPU.S9825,FourHundredGigE1/0/43,212669,860826182,179153,737808562,1.83,1.55
2024/05/24 星期五 00:35:40.017,1716482140017,NH-DC-NM129-B05-ROCE-Leaf-3.GPU.S9825,FourHundredGigE1/0/43,0,0,0,0,0,0
2024/05/24 星期五 00:35:40.878,1716482140878,NH-DC-NM129-B05-ROCE-Leaf-3.GPU.S9825,FourHundredGigE1/0/43,98070,373813108,121726,465368536,0.54,0.67
2024/05/24 星期五 00:35:41.386,1716482141386,NH-DC-NM129-B05-ROCE-Leaf-3.GPU.S9825,FourHundredGigE1/0/43,28039,97377281,10225,849786,0.22,0
2024/05/24 星期五 00:35:41.900,1716482141900,NH-DC-NM129-B05-ROCE-Leaf-3.GPU.S9825,FourHundredGigE1/0/43,0,0,0,0,0,0
2024/05/24 星期五 00:35:42.484,1716482142484,NH-DC-NM129-B05-ROCE-Leaf-3.GPU.S9825,FourHundredGigE1/0/43,8955,29072162,29794,105768876,0.04,0.21
2024/05/24 星期五 00:35:43.210,1716482143210,NH-DC-NM129-B05-ROCE-Leaf-3.GPU.S9825,FourHundredGigE1/0/43,32975,92407818,137050,542424088,0.15,0.93
2024/05/24 星期五 00:35:43.723,1716482143723,NH-DC-NM129-B05-ROCE-Leaf-3.GPU.S9825,FourHundredGigE1/0/43,0,0,0,0,0,0
2024/05/24 星期五 00:35:44.226,1716482144226,NH-DC-NM129-B05-ROCE-Leaf-3.GPU.S9825,FourHundredGigE1/0/43,15586,55876208,32407,103005894,0.12,0.25
2024/05/24 星期五 00:35:44.816,1716482144816,NH-DC-NM129-B05-ROCE-Leaf-3.GPU.S9825,FourHundredGigE1/0/43,0,0,0,0,0,0
2024/05/24 星期五 00:35:45.358,1716482145358,NH-DC-NM129-B05-ROCE-Leaf-3.GPU.S9825,FourHundredGigE1/0/43,19810,67773728,28751,91847158,0.14,0.21
2024/05/24 星期五 00:35:47.516,1716482147516,NH-DC-NM129-B05-ROCE-Leaf-3.GPU.S9825,FourHundredGigE1/0/43,249391,1012824862,405804,1616422484,0.59,0.93
2024/05/24 星期五 00:35:48.128,1716482148128,NH-DC-NM129-B05-ROCE-Leaf-3.GPU.S9825,FourHundredGigE1/0/43,48587,190104698,27892,85877324,0.39,0.16
2024/05/24 星期五 00:35:48.668,1716482148668,NH-DC-NM129-B05-ROCE-Leaf-3.GPU.S9825,FourHundredGigE1/0/43,0,0,0,0,0,0
2024/05/24 星期五 00:35:49.314,1716482149314,NH-DC-NM129-B05-ROCE-Leaf-3.GPU.S9825,FourHundredGigE1/0/43,16943,56279466,14075,23482338,0.10,0.04
2024/05/24 星期五 00:35:50.357,1716482150357,NH-DC-NM129-B05-ROCE-Leaf-3.GPU.S9825,FourHundredGigE1/0/43,413062,1664559144,39138,113511464,1.99,0.13
2024/05/24 星期五 00:35:50.997,1716482150997,NH-DC-NM129-B05-ROCE-Leaf-3.GPU.S9825,FourHundredGigE1/0/43,105609,404137154,7350,619464,0.78,0
2024/05/24 星期五 00:35:51.541,1716482151541,NH-DC-NM129-B05-ROCE-Leaf-3.GPU.S9825,FourHundredGigE1/0/43,0,0,0,0,0,0
2024/05/24 星期五 00:35:52.076,1716482152076,NH-DC-NM129-B05-ROCE-Leaf-3.GPU.S9825,FourHundredGigE1/0/43,24251,61297230,42277,126362914,0.14,0.28
2024/05/24 星期五 00:35:52.675,1716482152675,NH-DC-NM129-B05-ROCE-Leaf-3.GPU.S9825,FourHundredGigE1/0/43,0,0,0,0,0,0
2024/05/24 星期五 00:35:53.251,1716482153251,NH-DC-NM129-B05-ROCE-Leaf-3.GPU.S9825,FourHundredGigE1/0/43,2110,192524,13118,45272996,0,0.09
2024/05/24 星期五 00:35:53.798,1716482153798,NH-DC-NM129-B05-ROCE-Leaf-3.GPU.S9825,FourHundredGigE1/0/43,0,0,0,0,0,0
2024/05/24 星期五 00:35:54.401,1716482154401,NH-DC-NM129-B05-ROCE-Leaf-3.GPU.S9825,FourHundredGigE1/0/43,460254,1849112108,146561,590893030,3.81,1.22
2024/05/24 星期五 00:35:55.240,1716482155240,NH-DC-NM129-B05-ROCE-Leaf-3.GPU.S9825,FourHundredGigE1/0/43,15864,55137740,29829,98615716,0.07,0.13
2024/05/24 星期五 00:35:55.892,1716482155892,NH-DC-NM129-B05-ROCE-Leaf-3.GPU.S9825,FourHundredGigE1/0/43,25104,82147188,46010,168324604,0.15,0.31
2024/05/24 星期五 00:35:56.594,1716482156594,NH-DC-NM129-B05-ROCE-Leaf-3.GPU.S9825,FourHundredGigE1/0/43,0,0,0,0,0,0
2024/05/24 星期五 00:35:57.402,1716482157402,NH-DC-NM129-B05-ROCE-Leaf-3.GPU.S9825,FourHundredGigE1/0/43,35874,58471148,78180,257666872,0.08,0.39
2024/05/24 星期五 00:35:58.020,1716482158020,NH-DC-NM129-B05-ROCE-Leaf-3.GPU.S9825,FourHundredGigE1/0/43,100409,381106578,154987,600829026,0.77,1.21
2024/05/24 星期五 00:35:58.628,1716482158628,NH-DC-NM129-B05-ROCE-Leaf-3.GPU.S9825,FourHundredGigE1/0/43,0,0,0,0,0,0
2024/05/24 星期五 00:35:59.233,1716482159233,NH-DC-NM129-B05-ROCE-Leaf-3.GPU.S9825,FourHundredGigE1/0/43,50887,144293998,12688,26630464,0.29,0.04
2024/05/24 星期五 00:35:59.886,1716482159886,NH-DC-NM129-B05-ROCE-Leaf-3.GPU.S9825,FourHundredGigE1/0/43,0,0,0,0,0,0
2024/05/24 星期五 00:36:00.443,1716482160443,NH-DC-NM129-B05-ROCE-Leaf-3.GPU.S9825,FourHundredGigE1/0/43,24451,86981346,28893,90508666,0.18,0.20
2024/05/24 星期五 00:36:01.072,1716482161072,NH-DC-NM129-B05-ROCE-Leaf-3.GPU.S9825,FourHundredGigE1/0/43,280496,1097138632,95710,366730020,2.17,0.72
2024/05/24 星期五 00:36:01.652,1716482161652,NH-DC-NM129-B05-ROCE-Leaf-3.GPU.S9825,FourHundredGigE1/0/43,0,0,0,0,0,0
2024/05/24 星期五 00:36:02.204,1716482162204,NH-DC-NM129-B05-ROCE-Leaf-3.GPU.S9825,FourHundredGigE1/0/43,71111,234107398,23212,80394592,0.52,0.18
2024/05/24 星期五 00:36:02.775,1716482162775,NH-DC-NM129-B05-ROCE-Leaf-3.GPU.S9825,FourHundredGigE1/0/43,0,0,0,0,0,0
2024/05/24 星期五 00:36:03.275,1716482163275,NH-DC-NM129-B05-ROCE-Leaf-3.GPU.S9825,FourHundredGigE1/0/43,22629,71784718,22442,83497612,0.18,0.2
2024/05/24 星期五 00:36:03.808,1716482163808,NH-DC-NM129-B05-ROCE-Leaf-3.GPU.S9825,FourHundredGigE1/0/43,0,0,0,0,0,0
2024/05/24 星期五 00:36:04.328,1716482164328,NH-DC-NM129-B05-ROCE-Leaf-3.GPU.S9825,FourHundredGigE1/0/43,56119,194491982,23629,24642626,0.46,0.05
2024/05/24 星期五 00:36:04.930,1716482164930,NH-DC-NM129-B05-ROCE-Leaf-3.GPU.S9825,FourHundredGigE1/0/43,0,0,0,0,0,0
2024/05/24 星期五 00:36:05.434,1716482165434,NH-DC-NM129-B05-ROCE-Leaf-3.GPU.S9825,FourHundredGigE1/0/43,122481,477564872,104134,397852188,1.17,0.97
2024/05/24 星期五 00:36:05.937,1716482165937,NH-DC-NM129-B05-ROCE-Leaf-3.GPU.S9825,FourHundredGigE1/0/43,15154,49120610,2768,232560,0.10,0
2024/05/24 星期五 00:36:06.534,1716482166534,NH-DC-NM129-B05-ROCE-Leaf-3.GPU.S9825,FourHundredGigE1/0/43,0,0,0,0,0,0
2024/05/24 星期五 00:36:07.094,1716482167094,NH-DC-NM129-B05-ROCE-Leaf-3.GPU.S9825,FourHundredGigE1/0/43,320434,1192725076,7339,23321126,2.66,0.04
2024/05/24 星期五 00:36:07.613,1716482167613,NH-DC-NM129-B05-ROCE-Leaf-3.GPU.S9825,FourHundredGigE1/0/43,0,0,0,0,0,0
2024/05/24 星期五 00:36:08.320,1716482168320,NH-DC-NM129-B05-ROCE-Leaf-3.GPU.S9825,FourHundredGigE1/0/43,169572,592307144,3140,255328,1.04,0
2024/05/24 星期五 00:36:08.871,1716482168871,NH-DC-NM129-B05-ROCE-Leaf-3.GPU.S9825,FourHundredGigE1/0/43,0,0,0,0,0,0
2024/05/24 星期五 00:36:09.370,1716482169370,NH-DC-NM129-B05-ROCE-Leaf-3.GPU.S9825,FourHundredGigE1/0/43,22437,24481598,1009,82610,0.05,0
2024/05/24 星期五 00:36:10.020,1716482170020,NH-DC-NM129-B05-ROCE-Leaf-3.GPU.S9825,FourHundredGigE1/0/43,10509,27742670,7030,12114508,0.04,0.02
2024/05/24 星期五 00:36:10.560,1716482170560,NH-DC-NM129-B05-ROCE-Leaf-3.GPU.S9825,FourHundredGigE1/0/43,0,0,0,0,0,0
2024/05/24 星期五 00:36:11.089,1716482171089,NH-DC-NM129-B05-ROCE-Leaf-3.GPU.S9825,FourHundredGigE1/0/43,3160,11590347,102534,325839772,0.02,0.76
2024/05/24 星期五 00:36:11.670,1716482171670,NH-DC-NM129-B05-ROCE-Leaf-3.GPU.S9825,FourHundredGigE1/0/43,0,0,0,0,0,0
2024/05/24 星期五 00:36:12.247,1716482172247,NH-DC-NM129-B05-ROCE-Leaf-3.GPU.S9825,FourHundredGigE1/0/43,316120,1272029992,78559,276526382,2.75,0.58
2024/05/24 星期五 00:36:12.766,1716482172766,NH-DC-NM129-B05-ROCE-Leaf-3.GPU.S9825,FourHundredGigE1/0/43,0,0,0,0,0,0
2024/05/24 星期五 00:36:13.276,1716482173276,NH-DC-NM129-B05-ROCE-Leaf-3.GPU.S9825,FourHundredGigE1/0/43,4590,20084968,4224,11889424,0.05,0.02
2024/05/24 星期五 00:36:13.855,1716482173855,NH-DC-NM129-B05-ROCE-Leaf-3.GPU.S9825,FourHundredGigE1/0/43,0,0,0,0,0,0
2024/05/24 星期五 00:36:14.382,1716482174382,NH-DC-NM129-B05-ROCE-Leaf-3.GPU.S9825,FourHundredGigE1/0/43,81160,296576428,182899,702381502,0.69,1.66
2024/05/24 星期五 00:36:14.971,1716482174971,NH-DC-NM129-B05-ROCE-Leaf-3.GPU.S9825,FourHundredGigE1/0/43,0,0,0,0,0,0
2024/05/24 星期五 00:36:15.486,1716482175486,NH-DC-NM129-B05-ROCE-Leaf-3.GPU.S9825,FourHundredGigE1/0/43,399528,1633139096,297524,1217345168,3.96,2.94
2024/05/24 星期五 00:36:15.986,1716482175986,NH-DC-NM129-B05-ROCE-Leaf-3.GPU.S9825,FourHundredGigE1/0/43,68764,246992032,37655,125393770,0.6,0.3
2024/05/24 星期五 00:36:16.639,1716482176639,NH-DC-NM129-B05-ROCE-Leaf-3.GPU.S9825,FourHundredGigE1/0/43,0,0,0,0,0,0
2024/05/24 星期五 00:36:17.144,1716482177144,NH-DC-NM129-B05-ROCE-Leaf-3.GPU.S9825,FourHundredGigE1/0/43,35168,116210624,15663,46704382,0.27,0.10
2024/05/24 星期五 00:36:17.984,1716482177984,NH-DC-NM129-B05-ROCE-Leaf-3.GPU.S9825,FourHundredGigE1/0/43,0,0,0,0,0,0
2024/05/24 星期五 00:36:18.533,1716482178533,NH-DC-NM129-B05-ROCE-Leaf-3.GPU.S9825,FourHundredGigE1/0/43,27965,80072658,44441,162897702,0.18,0.36
2024/05/24 星期五 00:36:19.034,1716482179034,NH-DC-NM129-B05-ROCE-Leaf-3.GPU.S9825,FourHundredGigE1/0/43,371949,1461221002,237287,915091970,3.64,2.27
2024/05/24 星期五 00:36:19.535,1716482179535,NH-DC-NM129-B05-ROCE-Leaf-3.GPU.S9825,FourHundredGigE1/0/43,0,0,0,0,0,0
2024/05/24 星期五 00:36:20.192,1716482180192,NH-DC-NM129-B05-ROCE-Leaf-3.GPU.S9825,FourHundredGigE1/0/43,18719,58942410,1021,83578,0.10,0
2024/05/24 星期五 00:36:20.731,1716482180731,NH-DC-NM129-B05-ROCE-Leaf-3.GPU.S9825,FourHundredGigE1/0/43,0,0,0,0,0,0
2024/05/24 星期五 00:36:21.346,1716482181346,NH-DC-NM129-B05-ROCE-Leaf-3.GPU.S9825,FourHundredGigE1/0/43,6782,11955464,6506,11698704,0.02,0.02
2024/05/24 星期五 00:36:21.927,1716482181927,NH-DC-NM129-B05-ROCE-Leaf-3.GPU.S9825,FourHundredGigE1/0/43,0,0,0,0,0,0
2024/05/24 星期五 00:36:22.448,1716482182448,NH-DC-NM129-B05-ROCE-Leaf-3.GPU.S9825,FourHundredGigE1/0/43,184839,750627238,43052,138565014,1.80,0.31
2024/05/24 星期五 00:36:22.949,1716482182949,NH-DC-NM129-B05-ROCE-Leaf-3.GPU.S9825,FourHundredGigE1/0/43,0,0,0,0,0,0
2024/05/24 星期五 00:36:23.666,1716482183666,NH-DC-NM129-B05-ROCE-Leaf-3.GPU.S9825,FourHundredGigE1/0/43,37842,136001396,11766,24050386,0.23,0.03
2024/05/24 星期五 00:36:24.995,1716482184995,NH-DC-NM129-B05-ROCE-Leaf-3.GPU.S9825,FourHundredGigE1/0/43,35987,106698610,36694,118676916,0.09,0.10
2024/05/24 星期五 00:36:25.495,1716482185495,NH-DC-NM129-B05-ROCE-Leaf-3.GPU.S9825,FourHundredGigE1/0/43,40276,126330264,11898,32195156,0.3,0.08
2024/05/24 星期五 00:36:25.994,1716482185994,NH-DC-NM129-B05-ROCE-Leaf-3.GPU.S9825,FourHundredGigE1/0/43,0,0,0,0,0,0
2024/05/24 星期五 00:36:26.493,1716482186493,NH-DC-NM129-B05-ROCE-Leaf-3.GPU.S9825,FourHundredGigE1/0/43,105375,408487034,286220,1167462560,1.00,2.91
2024/05/24 星期五 00:36:27.151,1716482187151,NH-DC-NM129-B05-ROCE-Leaf-3.GPU.S9825,FourHundredGigE1/0/43,7614,12199732,1344,107920,0.02,0
2024/05/24 星期五 00:36:27.742,1716482187742,NH-DC-NM129-B05-ROCE-Leaf-3.GPU.S9825,FourHundredGigE1/0/43,0,0,0,0,0,0
2024/05/24 星期五 00:36:28.413,1716482188413,NH-DC-NM129-B05-ROCE-Leaf-3.GPU.S9825,FourHundredGigE1/0/43,95561,379592382,31136,112862116,0.69,0.20
2024/05/24 星期五 00:36:28.996,1716482188996,NH-DC-NM129-B05-ROCE-Leaf-3.GPU.S9825,FourHundredGigE1/0/43,0,0,0,0,0,0
2024/05/24 星期五 00:36:29.497,1716482189497,NH-DC-NM129-B05-ROCE-Leaf-3.GPU.S9825,FourHundredGigE1/0/43,6107,10409810,34936,108237436,0.02,0.25
2024/05/24 星期五 00:36:30.086,1716482190086,NH-DC-NM129-B05-ROCE-Leaf-3.GPU.S9825,FourHundredGigE1/0/43,112363,450316558,11718,23294348,0.96,0.04
2024/05/24 星期五 00:36:30.671,1716482190671,NH-DC-NM129-B05-ROCE-Leaf-3.GPU.S9825,FourHundredGigE1/0/43,0,0,0,0,0,0
2024/05/24 星期五 00:36:31.175,1716482191175,NH-DC-NM129-B05-ROCE-Leaf-3.GPU.S9825,FourHundredGigE1/0/43,30040,102881856,6528,11707300,0.25,0.02
2024/05/24 星期五 00:36:31.837,1716482191837,NH-DC-NM129-B05-ROCE-Leaf-3.GPU.S9825,FourHundredGigE1/0/43,0,0,0,0,0,0
2024/05/24 星期五 00:36:32.387,1716482192387,NH-DC-NM129-B05-ROCE-Leaf-3.GPU.S9825,FourHundredGigE1/0/43,18821,63861446,7427,23319370,0.14,0.05
2024/05/24 星期五 00:36:32.887,1716482192887,NH-DC-NM129-B05-ROCE-Leaf-3.GPU.S9825,FourHundredGigE1/0/43,0,0,0,0,0,0
2024/05/24 星期五 00:36:33.391,1716482193391,NH-DC-NM129-B05-ROCE-Leaf-3.GPU.S9825,FourHundredGigE1/0/43,236259,975012206,66780,243086416,2.41,0.60
2024/05/24 星期五 00:36:34.253,1716482194253,NH-DC-NM129-B05-ROCE-Leaf-3.GPU.S9825,FourHundredGigE1/0/43,52337,210308962,62001,233577174,0.30,0.33
2024/05/24 星期五 00:36:35.060,1716482195060,NH-DC-NM129-B05-ROCE-Leaf-3.GPU.S9825,FourHundredGigE1/0/43,67619,218272206,17440,62162360,0.33,0.09
2024/05/24 星期五 00:36:35.624,1716482195624,NH-DC-NM129-B05-ROCE-Leaf-3.GPU.S9825,FourHundredGigE1/0/43,0,0,0,0,0,0
2024/05/24 星期五 00:36:36.127,1716482196127,NH-DC-NM129-B05-ROCE-Leaf-3.GPU.S9825,FourHundredGigE1/0/43,7168,21833336,12930,34712908,0.05,0.07
2024/05/24 星期五 00:36:36.625,1716482196625,NH-DC-NM129-B05-ROCE-Leaf-3.GPU.S9825,FourHundredGigE1/0/43,0,0,0,0,0,0
2024/05/24 星期五 00:36:37.323,1716482197323,NH-DC-NM129-B05-ROCE-Leaf-3.GPU.S9825,FourHundredGigE1/0/43,11877,25817570,277849,1130533982,0.04,2.02
2024/05/24 星期五 00:36:37.922,1716482197922,NH-DC-NM129-B05-ROCE-Leaf-3.GPU.S9825,FourHundredGigE1/0/43,0,0,0,0,0,0
2024/05/24 星期五 00:36:38.585,1716482198585,NH-DC-NM129-B05-ROCE-Leaf-3.GPU.S9825,FourHundredGigE1/0/43,10772,40024284,28266,95893732,0.08,0.17
2024/05/24 星期五 00:36:39.146,1716482199146,NH-DC-NM129-B05-ROCE-Leaf-3.GPU.S9825,FourHundredGigE1/0/43,7763,22412942,2540,3397504,0.04,0
2024/05/24 星期五 00:36:39.645,1716482199645,NH-DC-NM129-B05-ROCE-Leaf-3.GPU.S9825,FourHundredGigE1/0/43,0,0,0,0,0,0
2024/05/24 星期五 00:36:40.147,1716482200147,NH-DC-NM129-B05-ROCE-Leaf-3.GPU.S9825,FourHundredGigE1/0/43,24623,84459098,35993,119552426,0.20,0.27
2024/05/24 星期五 00:36:40.798,1716482200798,NH-DC-NM129-B05-ROCE-Leaf-3.GPU.S9825,FourHundredGigE1/0/43,0,0,0,0,0,0
2024/05/24 星期五 00:36:41.298,1716482201298,NH-DC-NM129-B05-ROCE-Leaf-3.GPU.S9825,FourHundredGigE1/0/43,11220,23814243,186785,749597834,0.05,1.85
2024/05/24 星期五 00:36:42.026,1716482202026,NH-DC-NM129-B05-ROCE-Leaf-3.GPU.S9825,FourHundredGigE1/0/43,52644,177486356,4689,11551210,0.29,0.02
2024/05/24 星期五 00:36:42.595,1716482202595,NH-DC-NM129-B05-ROCE-Leaf-3.GPU.S9825,FourHundredGigE1/0/43,0,0,0,0,0,0
2024/05/24 星期五 00:36:43.098,1716482203098,NH-DC-NM129-B05-ROCE-Leaf-3.GPU.S9825,FourHundredGigE1/0/43,36082,135708220,28694,100167568,0.32,0.25
2024/05/24 星期五 00:36:43.620,1716482203620,NH-DC-NM129-B05-ROCE-Leaf-3.GPU.S9825,FourHundredGigE1/0/43,0,0,0,0,0,0
2024/05/24 星期五 00:36:44.278,1716482204278,NH-DC-NM129-B05-ROCE-Leaf-3.GPU.S9825,FourHundredGigE1/0/43,203965,795205538,276167,1130407806,1.50,2.15
2024/05/24 星期五 00:36:45.650,1716482205650,NH-DC-NM129-B05-ROCE-Leaf-3.GPU.S9825,FourHundredGigE1/0/43,10777,26338198,25229,72562118,0.02,0.06
2024/05/24 星期五 00:36:47.315,1716482207315,NH-DC-NM129-B05-ROCE-Leaf-3.GPU.S9825,FourHundredGigE1/0/43,40768,148584016,7283,23301086,0.11,0.02
2024/05/24 星期五 00:36:48.065,1716482208065,NH-DC-NM129-B05-ROCE-Leaf-3.GPU.S9825,FourHundredGigE1/0/43,226906,913837268,28150,78930416,1.52,0.12
2024/05/24 星期五 00:36:48.703,1716482208703,NH-DC-NM129-B05-ROCE-Leaf-3.GPU.S9825,FourHundredGigE1/0/43,0,0,0,0,0,0
2024/05/24 星期五 00:36:49.295,1716482209295,NH-DC-NM129-B05-ROCE-Leaf-3.GPU.S9825,FourHundredGigE1/0/43,35587,111362246,12745,39863774,0.23,0.06
2024/05/24 星期五 00:36:49.834,1716482209834,NH-DC-NM129-B05-ROCE-Leaf-3.GPU.S9825,FourHundredGigE1/0/43,0,0,0,0,0,0
2024/05/24 星期五 00:36:50.392,1716482210392,NH-DC-NM129-B05-ROCE-Leaf-3.GPU.S9825,FourHundredGigE1/0/43,7465,27208038,23935,90094054,0.04,0.20
2024/05/24 星期五 00:36:50.971,1716482210971,NH-DC-NM129-B05-ROCE-Leaf-3.GPU.S9825,FourHundredGigE1/0/43,8468,14266936,9374,24188980,0.02,0.04
2024/05/24 星期五 00:36:51.712,1716482211712,NH-DC-NM129-B05-ROCE-Leaf-3.GPU.S9825,FourHundredGigE1/0/43,0,0,0,0,0,0
2024/05/24 星期五 00:36:52.376,1716482212376,NH-DC-NM129-B05-ROCE-Leaf-3.GPU.S9825,FourHundredGigE1/0/43,3802,13054560,3295,267858,0.02,0
2024/05/24 星期五 00:36:52.943,1716482212943,NH-DC-NM129-B05-ROCE-Leaf-3.GPU.S9825,FourHundredGigE1/0/43,0,0,0,0,0,0
2024/05/24 星期五 00:36:53.447,1716482213447,NH-DC-NM129-B05-ROCE-Leaf-3.GPU.S9825,FourHundredGigE1/0/43,11037,37379450,2279,184118,0.07,0
2024/05/24 星期五 00:36:53.950,1716482213950,NH-DC-NM129-B05-ROCE-Leaf-3.GPU.S9825,FourHundredGigE1/0/43,0,0,0,0,0,0
2024/05/24 星期五 00:36:54.451,1716482214451,NH-DC-NM129-B05-ROCE-Leaf-3.GPU.S9825,FourHundredGigE1/0/43,512,42508,7045,24022434,0,0.05
2024/05/24 星期五 00:36:55.523,1716482215523,NH-DC-NM129-B05-ROCE-Leaf-3.GPU.S9825,FourHundredGigE1/0/43,267210,1106588136,647620,2647259136,1.28,3.08
2024/05/24 星期五 00:36:56.110,1716482216110,NH-DC-NM129-B05-ROCE-Leaf-3.GPU.S9825,FourHundredGigE1/0/43,20364,69719556,514,42480,0.13,0
2024/05/24 星期五 00:36:56.657,1716482216657,NH-DC-NM129-B05-ROCE-Leaf-3.GPU.S9825,FourHundredGigE1/0/43,0,0,0,0,0,0
2024/05/24 星期五 00:36:57.174,1716482217174,NH-DC-NM129-B05-ROCE-Leaf-3.GPU.S9825,FourHundredGigE1/0/43,49579,171069806,7,462,0.41,0
2024/05/24 星期五 00:36:57.792,1716482217792,NH-DC-NM129-B05-ROCE-Leaf-3.GPU.S9825,FourHundredGigE1/0/43,0,0,0,0,0,0
2024/05/24 星期五 00:36:58.515,1716482218515,NH-DC-NM129-B05-ROCE-Leaf-3.GPU.S9825,FourHundredGigE1/0/43,269786,1106881788,9581,11949750,1.90,0.02
2024/05/24 星期五 00:36:59.219,1716482219219,NH-DC-NM129-B05-ROCE-Leaf-3.GPU.S9825,FourHundredGigE1/0/43,3214,11823116,1510,123860,0.02,0
2024/05/24 星期五 00:36:59.807,1716482219807,NH-DC-NM129-B05-ROCE-Leaf-3.GPU.S9825,FourHundredGigE1/0/43,0,0,0,0,0,0
2024/05/24 星期五 00:37:00.305,1716482220305,NH-DC-NM129-B05-ROCE-Leaf-3.GPU.S9825,FourHundredGigE1/0/43,251661,943785194,22009,35676022,2.36,0.08
2024/05/24 星期五 00:37:00.840,1716482220840,NH-DC-NM129-B05-ROCE-Leaf-3.GPU.S9825,FourHundredGigE1/0/43,0,0,0,0,0,0
2024/05/24 星期五 00:37:01.342,1716482221342,NH-DC-NM129-B05-ROCE-Leaf-3.GPU.S9825,FourHundredGigE1/0/43,1933,12917518,1020,83920,0.02,0
2024/05/24 星期五 00:37:02.049,1716482222049,NH-DC-NM129-B05-ROCE-Leaf-3.GPU.S9825,FourHundredGigE1/0/43,277957,1142652778,216112,862058236,2.02,1.52
2024/05/24 星期五 00:37:02.774,1716482222774,NH-DC-NM129-B05-ROCE-Leaf-3.GPU.S9825,FourHundredGigE1/0/43,0,0,0,0,0,0
2024/05/24 星期五 00:37:03.290,1716482223290,NH-DC-NM129-B05-ROCE-Leaf-3.GPU.S9825,FourHundredGigE1/0/43,29032,102289328,4214,13588726,0.24,0.02
2024/05/24 星期五 00:37:03.794,1716482223794,NH-DC-NM129-B05-ROCE-Leaf-3.GPU.S9825,FourHundredGigE1/0/43,0,0,0,0,0,0
2024/05/24 星期五 00:37:04.294,1716482224294,NH-DC-NM129-B05-ROCE-Leaf-3.GPU.S9825,FourHundredGigE1/0/43,4402,18417296,14252,21426830,0.02,0.05
2024/05/24 星期五 00:37:04.806,1716482224806,NH-DC-NM129-B05-ROCE-Leaf-3.GPU.S9825,FourHundredGigE1/0/43,0,0,0,0,0,0
2024/05/24 星期五 00:37:05.310,1716482225310,NH-DC-NM129-B05-ROCE-Leaf-3.GPU.S9825,FourHundredGigE1/0/43,26411,74335198,516,58920,0.17,0
2024/05/24 星期五 00:37:06.162,1716482226162,NH-DC-NM129-B05-ROCE-Leaf-3.GPU.S9825,FourHundredGigE1/0/43,18595,35524230,183680,748353784,0.04,1.09
2024/05/24 星期五 00:37:06.731,1716482226731,NH-DC-NM129-B05-ROCE-Leaf-3.GPU.S9825,FourHundredGigE1/0/43,0,0,0,0,0,0
2024/05/24 星期五 00:37:07.230,1716482227230,NH-DC-NM129-B05-ROCE-Leaf-3.GPU.S9825,FourHundredGigE1/0/43,54761,186145002,20660,61015636,0.45,0.15
2024/05/24 星期五 00:37:07.814,1716482227814,NH-DC-NM129-B05-ROCE-Leaf-3.GPU.S9825,FourHundredGigE1/0/43,0,0,0,0,0,0
2024/05/24 星期五 00:37:08.315,1716482228315,NH-DC-NM129-B05-ROCE-Leaf-3.GPU.S9825,FourHundredGigE1/0/43,38488,113665080,20394,72536256,0.27,0.17
2024/05/24 星期五 00:37:08.857,1716482228857,NH-DC-NM129-B05-ROCE-Leaf-3.GPU.S9825,FourHundredGigE1/0/43,266297,1057346150,15316,12775892,2.42,0.02
2024/05/24 星期五 00:37:09.713,1716482229713,NH-DC-NM129-B05-ROCE-Leaf-3.GPU.S9825,FourHundredGigE1/0/43,0,0,0,0,0,0
2024/05/24 星期五 00:37:10.248,1716482230248,NH-DC-NM129-B05-ROCE-Leaf-3.GPU.S9825,FourHundredGigE1/0/43,129081,475681978,93907,380000802,1.10,0.89
2024/05/24 星期五 00:37:10.749,1716482230749,NH-DC-NM129-B05-ROCE-Leaf-3.GPU.S9825,FourHundredGigE1/0/43,0,0,0,0,0,0
2024/05/24 星期五 00:37:11.795,1716482231795,NH-DC-NM129-B05-ROCE-Leaf-3.GPU.S9825,FourHundredGigE1/0/43,8952,17668311,1844,1774748,0.01,0
2024/05/24 星期五 00:37:12.293,1716482232293,NH-DC-NM129-B05-ROCE-Leaf-3.GPU.S9825,FourHundredGigE1/0/43,15220,45267596,36843,92260066,0.10,0.23
2024/05/24 星期五 00:37:13.119,1716482233119,NH-DC-NM129-B05-ROCE-Leaf-3.GPU.S9825,FourHundredGigE1/0/43,182621,692848764,178303,719620434,1.04,1.07
2024/05/24 星期五 00:37:13.620,1716482233620,NH-DC-NM129-B05-ROCE-Leaf-3.GPU.S9825,FourHundredGigE1/0/43,0,0,0,0,0,0
2024/05/24 星期五 00:37:14.122,1716482234122,NH-DC-NM129-B05-ROCE-Leaf-3.GPU.S9825,FourHundredGigE1/0/43,6020,480658,34160,104762168,0,0.25
2024/05/24 星期五 00:37:14.663,1716482234663,NH-DC-NM129-B05-ROCE-Leaf-3.GPU.S9825,FourHundredGigE1/0/43,0,0,0,0,0,0
2024/05/24 星期五 00:37:15.166,1716482235166,NH-DC-NM129-B05-ROCE-Leaf-3.GPU.S9825,FourHundredGigE1/0/43,15019,25313686,59947,200144910,0.05,0.50
2024/05/24 星期五 00:37:16.278,1716482236278,NH-DC-NM129-B05-ROCE-Leaf-3.GPU.S9825,FourHundredGigE1/0/43,42324,122112020,48606,137580428,0.13,0.15
2024/05/24 星期五 00:37:16.925,1716482236925,NH-DC-NM129-B05-ROCE-Leaf-3.GPU.S9825,FourHundredGigE1/0/43,0,0,0,0,0,0
2024/05/24 星期五 00:37:17.432,1716482237432,NH-DC-NM129-B05-ROCE-Leaf-3.GPU.S9825,FourHundredGigE1/0/43,420958,1665830104,67888,229559496,4.09,0.54
2024/05/24 星期五 00:37:18.008,1716482238008,NH-DC-NM129-B05-ROCE-Leaf-3.GPU.S9825,FourHundredGigE1/0/43,0,0,0,0,0,0
2024/05/24 星期五 00:37:18.510,1716482238510,NH-DC-NM129-B05-ROCE-Leaf-3.GPU.S9825,FourHundredGigE1/0/43,28278,41636940,277924,1106690196,0.10,2.74
2024/05/24 星期五 00:37:19.011,1716482239011,NH-DC-NM129-B05-ROCE-Leaf-3.GPU.S9825,FourHundredGigE1/0/43,51078,172472032,51332,157158884,0.42,0.37
2024/05/24 星期五 00:37:19.792,1716482239792,NH-DC-NM129-B05-ROCE-Leaf-3.GPU.S9825,FourHundredGigE1/0/43,0,0,0,0,0,0
2024/05/24 星期五 00:37:20.403,1716482240403,NH-DC-NM129-B05-ROCE-Leaf-3.GPU.S9825,FourHundredGigE1/0/43,45613,105068262,283007,1079266302,0.20,2.19
2024/05/24 星期五 00:37:20.903,1716482240903,NH-DC-NM129-B05-ROCE-Leaf-3.GPU.S9825,FourHundredGigE1/0/43,0,0,0,0,0,0
2024/05/24 星期五 00:37:21.406,1716482241406,NH-DC-NM129-B05-ROCE-Leaf-3.GPU.S9825,FourHundredGigE1/0/43,11185,40945106,20637,62210818,0.10,0.15
2024/05/24 星期五 00:37:21.923,1716482241923,NH-DC-NM129-B05-ROCE-Leaf-3.GPU.S9825,FourHundredGigE1/0/43,0,0,0,0,0,0
2024/05/24 星期五 00:37:22.431,1716482242431,NH-DC-NM129-B05-ROCE-Leaf-3.GPU.S9825,FourHundredGigE1/0/43,67970,240521792,33549,108373866,0.59,0.25
2024/05/24 星期五 00:37:23.100,1716482243100,NH-DC-NM129-B05-ROCE-Leaf-3.GPU.S9825,FourHundredGigE1/0/43,45493,157054086,30853,100347494,0.28,0.19
2024/05/24 星期五 00:37:23.969,1716482243969,NH-DC-NM129-B05-ROCE-Leaf-3.GPU.S9825,FourHundredGigE1/0/43,196428,767219804,77908,231351728,1.09,0.33
2024/05/24 星期五 00:37:24.512,1716482244512,NH-DC-NM129-B05-ROCE-Leaf-3.GPU.S9825,FourHundredGigE1/0/43,0,0,0,0,0,0
2024/05/24 星期五 00:37:25.292,1716482245292,NH-DC-NM129-B05-ROCE-Leaf-3.GPU.S9825,FourHundredGigE1/0/43,11115,24029550,15419,56249990,0.03,0.08
2024/05/24 星期五 00:37:25.862,1716482245862,NH-DC-NM129-B05-ROCE-Leaf-3.GPU.S9825,FourHundredGigE1/0/43,0,0,0,0,0,0
2024/05/24 星期五 00:37:26.523,1716482246523,NH-DC-NM129-B05-ROCE-Leaf-3.GPU.S9825,FourHundredGigE1/0/43,49185,173767262,36420,132821424,0.32,0.25
2024/05/24 星期五 00:37:27.154,1716482247154,NH-DC-NM129-B05-ROCE-Leaf-3.GPU.S9825,FourHundredGigE1/0/43,278358,1092887452,51814,184237468,2.16,0.36
2024/05/24 星期五 00:37:27.666,1716482247666,NH-DC-NM129-B05-ROCE-Leaf-3.GPU.S9825,FourHundredGigE1/0/43,0,0,0,0,0,0
2024/05/24 星期五 00:37:28.258,1716482248258,NH-DC-NM129-B05-ROCE-Leaf-3.GPU.S9825,FourHundredGigE1/0/43,106414,381835624,8488,14740080,0.80,0.02
2024/05/24 星期五 00:37:28.789,1716482248789,NH-DC-NM129-B05-ROCE-Leaf-3.GPU.S9825,FourHundredGigE1/0/43,0,0,0,0,0,0
2024/05/24 星期五 00:37:29.290,1716482249290,NH-DC-NM129-B05-ROCE-Leaf-3.GPU.S9825,FourHundredGigE1/0/43,27777,73147362,26807,87811046,0.17,0.20
2024/05/24 星期五 00:37:30.081,1716482250081,NH-DC-NM129-B05-ROCE-Leaf-3.GPU.S9825,FourHundredGigE1/0/43,13596,35338520,2180,178152,0.05,0
2024/05/24 星期五 00:37:30.755,1716482250755,NH-DC-NM129-B05-ROCE-Leaf-3.GPU.S9825,FourHundredGigE1/0/43,0,0,0,0,0,0
2024/05/24 星期五 00:37:31.257,1716482251257,NH-DC-NM129-B05-ROCE-Leaf-3.GPU.S9825,FourHundredGigE1/0/43,30576,108091948,94406,380473200,0.25,0.95
2024/05/24 星期五 00:37:31.832,1716482251832,NH-DC-NM129-B05-ROCE-Leaf-3.GPU.S9825,FourHundredGigE1/0/43,0,0,0,0,0,0
2024/05/24 星期五 00:37:32.397,1716482252397,NH-DC-NM129-B05-ROCE-Leaf-3.GPU.S9825,FourHundredGigE1/0/43,3146,11589060,16026,24396780,0.02,0.04
2024/05/24 星期五 00:37:33.070,1716482253070,NH-DC-NM129-B05-ROCE-Leaf-3.GPU.S9825,FourHundredGigE1/0/43,26749,2161038,30153,2451434,0,0
2024/05/24 星期五 00:37:33.686,1716482253686,NH-DC-NM129-B05-ROCE-Leaf-3.GPU.S9825,FourHundredGigE1/0/43,0,0,0,0,0,0
2024/05/24 星期五 00:37:34.463,1716482254463,NH-DC-NM129-B05-ROCE-Leaf-3.GPU.S9825,FourHundredGigE1/0/43,64527,227571346,292267,1125439762,0.35,1.80
2024/05/24 星期五 00:37:35.084,1716482255084,NH-DC-NM129-B05-ROCE-Leaf-3.GPU.S9825,FourHundredGigE1/0/43,363098,1432249788,137799,527605360,2.88,1.05
2024/05/24 星期五 00:37:35.648,1716482255648,NH-DC-NM129-B05-ROCE-Leaf-3.GPU.S9825,FourHundredGigE1/0/43,0,0,0,0,0,0
2024/05/24 星期五 00:37:36.309,1716482256309,NH-DC-NM129-B05-ROCE-Leaf-3.GPU.S9825,FourHundredGigE1/0/43,106538,397606884,7641,12174002,0.74,0.02
2024/05/24 星期五 00:37:36.906,1716482256906,NH-DC-NM129-B05-ROCE-Leaf-3.GPU.S9825,FourHundredGigE1/0/43,0,0,0,0,0,0
2024/05/24 星期五 00:37:37.474,1716482257474,NH-DC-NM129-B05-ROCE-Leaf-3.GPU.S9825,FourHundredGigE1/0/43,979,81334,25327,36313106,0,0.07
2024/05/24 星期五 00:37:37.974,1716482257974,NH-DC-NM129-B05-ROCE-Leaf-3.GPU.S9825,FourHundredGigE1/0/43,0,0,0,0,0,0
2024/05/24 星期五 00:37:38.541,1716482258541,NH-DC-NM129-B05-ROCE-Leaf-3.GPU.S9825,FourHundredGigE1/0/43,220687,878632570,324487,1220988822,1.92,2.69
2024/05/24 星期五 00:37:39.070,1716482259070,NH-DC-NM129-B05-ROCE-Leaf-3.GPU.S9825,FourHundredGigE1/0/43,97674,342018172,22122,13336716,0.80,0.02
2024/05/24 星期五 00:37:39.715,1716482259715,NH-DC-NM129-B05-ROCE-Leaf-3.GPU.S9825,FourHundredGigE1/0/43,0,0,0,0,0,0
2024/05/24 星期五 00:37:40.304,1716482260304,NH-DC-NM129-B05-ROCE-Leaf-3.GPU.S9825,FourHundredGigE1/0/43,989,81642,9152,747264,0,0
2024/05/24 星期五 00:37:40.872,1716482260872,NH-DC-NM129-B05-ROCE-Leaf-3.GPU.S9825,FourHundredGigE1/0/43,0,0,0,0,0,0
2024/05/24 星期五 00:37:41.375,1716482261375,NH-DC-NM129-B05-ROCE-Leaf-3.GPU.S9825,FourHundredGigE1/0/43,25555,89794765,20462,30636520,0.20,0.07
2024/05/24 星期五 00:37:42.343,1716482262343,NH-DC-NM129-B05-ROCE-Leaf-3.GPU.S9825,FourHundredGigE1/0/43,220769,880986306,24389,72385262,1.14,0.09
2024/05/24 星期五 00:37:42.860,1716482262860,NH-DC-NM129-B05-ROCE-Leaf-3.GPU.S9825,FourHundredGigE1/0/43,0,0,0,0,0,0
2024/05/24 星期五 00:37:43.378,1716482263378,NH-DC-NM129-B05-ROCE-Leaf-3.GPU.S9825,FourHundredGigE1/0/43,14555,52180090,5121,12806218,0.12,0.02
2024/05/24 星期五 00:37:45.360,1716482265360,NH-DC-NM129-B05-ROCE-Leaf-3.GPU.S9825,FourHundredGigE1/0/43,157508,561864112,215209,801262554,0.35,0.50
2024/05/24 星期五 00:37:49.346,1716482269346,NH-DC-NM129-B05-ROCE-Leaf-3.GPU.S9825,FourHundredGigE1/0/43,267047,1035559218,372268,1460684884,0.32,0.46
2024/05/24 星期五 00:37:49.894,1716482269894,NH-DC-NM129-B05-ROCE-Leaf-3.GPU.S9825,FourHundredGigE1/0/43,0,0,0,0,0,0
2024/05/24 星期五 00:37:50.538,1716482270538,NH-DC-NM129-B05-ROCE-Leaf-3.GPU.S9825,FourHundredGigE1/0/43,14964,49522860,53040,186720964,0.08,0.35
2024/05/24 星期五 00:37:51.311,1716482271311,NH-DC-NM129-B05-ROCE-Leaf-3.GPU.S9825,FourHundredGigE1/0/43,2185,247658,6071,491578,0,0
2024/05/24 星期五 00:37:51.814,1716482271814,NH-DC-NM129-B05-ROCE-Leaf-3.GPU.S9825,FourHundredGigE1/0/43,0,0,0,0,0,0
2024/05/24 星期五 00:37:52.363,1716482272363,NH-DC-NM129-B05-ROCE-Leaf-3.GPU.S9825,FourHundredGigE1/0/43,10405,32716482,141132,554716432,0.07,1.25
2024/05/24 星期五 00:37:52.873,1716482272873,NH-DC-NM129-B05-ROCE-Leaf-3.GPU.S9825,FourHundredGigE1/0/43,0,0,0,0,0,0
2024/05/24 星期五 00:37:53.374,1716482273374,NH-DC-NM129-B05-ROCE-Leaf-3.GPU.S9825,FourHundredGigE1/0/43,198891,773700418,35101,126601030,1.92,0.30
2024/05/24 星期五 00:37:54.054,1716482274054,NH-DC-NM129-B05-ROCE-Leaf-3.GPU.S9825,FourHundredGigE1/0/43,18026,58575892,16244,52316740,0.09,0.09
2024/05/24 星期五 00:37:55.020,1716482275020,NH-DC-NM129-B05-ROCE-Leaf-3.GPU.S9825,FourHundredGigE1/0/43,14563,43400942,4544,376232,0.05,0
2024/05/24 星期五 00:37:55.609,1716482275609,NH-DC-NM129-B05-ROCE-Leaf-3.GPU.S9825,FourHundredGigE1/0/43,0,0,0,0,0,0
2024/05/24 星期五 00:37:56.188,1716482276188,NH-DC-NM129-B05-ROCE-Leaf-3.GPU.S9825,FourHundredGigE1/0/43,235679,922234522,32477,76467150,1.99,0.15
2024/05/24 星期五 00:37:56.689,1716482276689,NH-DC-NM129-B05-ROCE-Leaf-3.GPU.S9825,FourHundredGigE1/0/43,0,0,0,0,0,0
2024/05/24 星期五 00:37:57.190,1716482277190,NH-DC-NM129-B05-ROCE-Leaf-3.GPU.S9825,FourHundredGigE1/0/43,64360,217550176,44718,147435004,0.52,0.35
2024/05/24 星期五 00:37:58.079,1716482278079,NH-DC-NM129-B05-ROCE-Leaf-3.GPU.S9825,FourHundredGigE1/0/43,41259,128442118,75671,278452314,0.17,0.38
2024/05/24 星期五 00:37:58.596,1716482278596,NH-DC-NM129-B05-ROCE-Leaf-3.GPU.S9825,FourHundredGigE1/0/43,0,0,0,0,0,0
2024/05/24 星期五 00:37:59.169,1716482279169,NH-DC-NM129-B05-ROCE-Leaf-3.GPU.S9825,FourHundredGigE1/0/43,103990,348945444,25017,75025986,0.74,0.15
2024/05/24 星期五 00:37:59.779,1716482279779,NH-DC-NM129-B05-ROCE-Leaf-3.GPU.S9825,FourHundredGigE1/0/43,0,0,0,0,0,0
2024/05/24 星期五 00:38:00.279,1716482280279,NH-DC-NM129-B05-ROCE-Leaf-3.GPU.S9825,FourHundredGigE1/0/43,304573,1243936506,56713,184112658,3.1,0.45
2024/05/24 星期五 00:38:00.877,1716482280877,NH-DC-NM129-B05-ROCE-Leaf-3.GPU.S9825,FourHundredGigE1/0/43,0,0,0,0,0,0
2024/05/24 星期五 00:38:01.572,1716482281572,NH-DC-NM129-B05-ROCE-Leaf-3.GPU.S9825,FourHundredGigE1/0/43,46626,144989440,28298,77361084,0.25,0.13
2024/05/24 星期五 00:38:02.076,1716482282076,NH-DC-NM129-B05-ROCE-Leaf-3.GPU.S9825,FourHundredGigE1/0/43,29544,96746580,513,42042,0.22,0
2024/05/24 星期五 00:38:02.662,1716482282662,NH-DC-NM129-B05-ROCE-Leaf-3.GPU.S9825,FourHundredGigE1/0/43,0,0,0,0,0,0
2024/05/24 星期五 00:38:03.161,1716482283161,NH-DC-NM129-B05-ROCE-Leaf-3.GPU.S9825,FourHundredGigE1/0/43,25012,75955456,157193,577340018,0.18,1.43
2024/05/24 星期五 00:38:03.663,1716482283663,NH-DC-NM129-B05-ROCE-Leaf-3.GPU.S9825,FourHundredGigE1/0/43,0,0,0,0,0,0
2024/05/24 星期五 00:38:04.166,1716482284166,NH-DC-NM129-B05-ROCE-Leaf-3.GPU.S9825,FourHundredGigE1/0/43,192396,751645476,47596,169647648,1.86,0.40
2024/05/24 星期五 00:38:04.956,1716482284956,NH-DC-NM129-B05-ROCE-Leaf-3.GPU.S9825,FourHundredGigE1/0/43,0,0,0,0,0,0
2024/05/24 星期五 00:38:05.503,1716482285503,NH-DC-NM129-B05-ROCE-Leaf-3.GPU.S9825,FourHundredGigE1/0/43,10846,23770208,63512,225268426,0.05,0.50
2024/05/24 星期五 00:38:06.124,1716482286124,NH-DC-NM129-B05-ROCE-Leaf-3.GPU.S9825,FourHundredGigE1/0/43,67626,246059320,13765,43461398,0.48,0.08
2024/05/24 星期五 00:38:06.661,1716482286661,NH-DC-NM129-B05-ROCE-Leaf-3.GPU.S9825,FourHundredGigE1/0/43,0,0,0,0,0,0
2024/05/24 星期五 00:38:07.162,1716482287162,NH-DC-NM129-B05-ROCE-Leaf-3.GPU.S9825,FourHundredGigE1/0/43,219713,836895422,101517,403755106,2.07,1.00
2024/05/24 星期五 00:38:07.857,1716482287857,NH-DC-NM129-B05-ROCE-Leaf-3.GPU.S9825,FourHundredGigE1/0/43,0,0,0,0,0,0
2024/05/24 星期五 00:38:08.599,1716482288599,NH-DC-NM129-B05-ROCE-Leaf-3.GPU.S9825,FourHundredGigE1/0/43,10160,36539856,15015,24314350,0.05,0.03
2024/05/24 星期五 00:38:09.122,1716482289122,NH-DC-NM129-B05-ROCE-Leaf-3.GPU.S9825,FourHundredGigE1/0/43,29312,2389420,3624,11468952,0,0.02
2024/05/24 星期五 00:38:09.820,1716482289820,NH-DC-NM129-B05-ROCE-Leaf-3.GPU.S9825,FourHundredGigE1/0/43,0,0,0,0,0,0
2024/05/24 星期五 00:38:10.321,1716482290321,NH-DC-NM129-B05-ROCE-Leaf-3.GPU.S9825,FourHundredGigE1/0/43,1221,1062746,415910,1492486208,0,3.72
2024/05/24 星期五 00:38:10.822,1716482290822,NH-DC-NM129-B05-ROCE-Leaf-3.GPU.S9825,FourHundredGigE1/0/43,0,0,0,0,0,0
2024/05/24 星期五 00:38:11.444,1716482291444,NH-DC-NM129-B05-ROCE-Leaf-3.GPU.S9825,FourHundredGigE1/0/43,7115,26224085,278149,1031235478,0.04,2.07
2024/05/24 星期五 00:38:12.050,1716482292050,NH-DC-NM129-B05-ROCE-Leaf-3.GPU.S9825,FourHundredGigE1/0/43,116376,448003644,185534,756863872,0.91,1.55
2024/05/24 星期五 00:38:12.610,1716482292610,NH-DC-NM129-B05-ROCE-Leaf-3.GPU.S9825,FourHundredGigE1/0/43,0,0,0,0,0,0
2024/05/24 星期五 00:38:13.125,1716482293125,NH-DC-NM129-B05-ROCE-Leaf-3.GPU.S9825,FourHundredGigE1/0/43,43979,172104142,1346,108140,0.41,0
2024/05/24 星期五 00:38:13.627,1716482293627,NH-DC-NM129-B05-ROCE-Leaf-3.GPU.S9825,FourHundredGigE1/0/43,0,0,0,0,0,0
2024/05/24 星期五 00:38:14.129,1716482294129,NH-DC-NM129-B05-ROCE-Leaf-3.GPU.S9825,FourHundredGigE1/0/43,30257,104597922,6316,23229016,0.25,0.05
2024/05/24 星期五 00:38:14.840,1716482294840,NH-DC-NM129-B05-ROCE-Leaf-3.GPU.S9825,FourHundredGigE1/0/43,0,0,0,0,0,0
2024/05/24 星期五 00:38:15.456,1716482295456,NH-DC-NM129-B05-ROCE-Leaf-3.GPU.S9825,FourHundredGigE1/0/43,110616,453185056,5079,13427190,0.91,0.02
2024/05/24 星期五 00:38:16.032,1716482296032,NH-DC-NM129-B05-ROCE-Leaf-3.GPU.S9825,FourHundredGigE1/0/43,51968,172964080,268626,1063585144,0.37,2.30
2024/05/24 星期五 00:38:16.609,1716482296609,NH-DC-NM129-B05-ROCE-Leaf-3.GPU.S9825,FourHundredGigE1/0/43,0,0,0,0,0,0
2024/05/24 星期五 00:38:17.109,1716482297109,NH-DC-NM129-B05-ROCE-Leaf-3.GPU.S9825,FourHundredGigE1/0/43,16941,24038282,73319,264586662,0.05,0.65
2024/05/24 星期五 00:38:17.676,1716482297676,NH-DC-NM129-B05-ROCE-Leaf-3.GPU.S9825,FourHundredGigE1/0/43,0,0,0,0,0,0
2024/05/24 星期五 00:38:18.440,1716482298440,NH-DC-NM129-B05-ROCE-Leaf-3.GPU.S9825,FourHundredGigE1/0/43,113680,240920676,361407,1355717450,0.39,2.21
2024/05/24 星期五 00:38:19.072,1716482299072,NH-DC-NM129-B05-ROCE-Leaf-3.GPU.S9825,FourHundredGigE1/0/43,36932,129528896,12597,35990206,0.24,0.06
2024/05/24 星期五 00:38:19.702,1716482299702,NH-DC-NM129-B05-ROCE-Leaf-3.GPU.S9825,FourHundredGigE1/0/43,0,0,0,0,0,0
2024/05/24 星期五 00:38:20.206,1716482300206,NH-DC-NM129-B05-ROCE-Leaf-3.GPU.S9825,FourHundredGigE1/0/43,42270,142958424,405416,1640770148,0.35,4.07
2024/05/24 星期五 00:38:20.707,1716482300707,NH-DC-NM129-B05-ROCE-Leaf-3.GPU.S9825,FourHundredGigE1/0/43,0,0,0,0,0,0
2024/05/24 星期五 00:38:21.216,1716482301216,NH-DC-NM129-B05-ROCE-Leaf-3.GPU.S9825,FourHundredGigE1/0/43,10048,35571568,2280,184304,0.07,0
2024/05/24 星期五 00:38:21.858,1716482301858,NH-DC-NM129-B05-ROCE-Leaf-3.GPU.S9825,FourHundredGigE1/0/43,0,0,0,0,0,0
2024/05/24 星期五 00:38:22.531,1716482302531,NH-DC-NM129-B05-ROCE-Leaf-3.GPU.S9825,FourHundredGigE1/0/43,6109,12057658,29400,67857568,0.02,0.11
2024/05/24 星期五 00:38:23.093,1716482303093,NH-DC-NM129-B05-ROCE-Leaf-3.GPU.S9825,FourHundredGigE1/0/43,0,0,0,0,0,0
2024/05/24 星期五 00:38:23.597,1716482303597,NH-DC-NM129-B05-ROCE-Leaf-3.GPU.S9825,FourHundredGigE1/0/43,288653,1155361330,331190,1305649852,2.85,3.22
2024/05/24 星期五 00:38:24.204,1716482304204,NH-DC-NM129-B05-ROCE-Leaf-3.GPU.S9825,FourHundredGigE1/0/43,31811,110040174,37925,142451714,0.23,0.29
2024/05/24 星期五 00:38:24.875,1716482304875,NH-DC-NM129-B05-ROCE-Leaf-3.GPU.S9825,FourHundredGigE1/0/43,0,0,0,0,0,0
2024/05/24 星期五 00:38:25.382,1716482305382,NH-DC-NM129-B05-ROCE-Leaf-3.GPU.S9825,FourHundredGigE1/0/43,32268,103787656,37966,140686124,0.25,0.35
2024/05/24 星期五 00:38:26.516,1716482306516,NH-DC-NM129-B05-ROCE-Leaf-3.GPU.S9825,FourHundredGigE1/0/43,51786,193470860,90708,340674756,0.21,0.37
2024/05/24 星期五 00:38:27.029,1716482307029,NH-DC-NM129-B05-ROCE-Leaf-3.GPU.S9825,FourHundredGigE1/0/43,0,0,0,0,0,0
2024/05/24 星期五 00:38:27.530,1716482307530,NH-DC-NM129-B05-ROCE-Leaf-3.GPU.S9825,FourHundredGigE1/0/43,112548,430043508,185237,719186710,1.07,1.77
2024/05/24 星期五 00:38:28.180,1716482308180,NH-DC-NM129-B05-ROCE-Leaf-3.GPU.S9825,FourHundredGigE1/0/43,11168,16060464,3006,4418824,0.02,0
2024/05/24 星期五 00:38:28.766,1716482308766,NH-DC-NM129-B05-ROCE-Leaf-3.GPU.S9825,FourHundredGigE1/0/43,0,0,0,0,0,0
2024/05/24 星期五 00:38:29.501,1716482309501,NH-DC-NM129-B05-ROCE-Leaf-3.GPU.S9825,FourHundredGigE1/0/43,74262,246575132,209312,818931752,0.41,1.38
2024/05/24 星期五 00:38:30.098,1716482310098,NH-DC-NM129-B05-ROCE-Leaf-3.GPU.S9825,FourHundredGigE1/0/43,122108,488334080,20354,74569872,1.01,0.15
2024/05/24 星期五 00:38:30.597,1716482310597,NH-DC-NM129-B05-ROCE-Leaf-3.GPU.S9825,FourHundredGigE1/0/43,0,0,0,0,0,0
2024/05/24 星期五 00:38:31.098,1716482311098,NH-DC-NM129-B05-ROCE-Leaf-3.GPU.S9825,FourHundredGigE1/0/43,8650,23596688,22431,67779754,0.05,0.15
2024/05/24 星期五 00:38:31.737,1716482311737,NH-DC-NM129-B05-ROCE-Leaf-3.GPU.S9825,FourHundredGigE1/0/43,0,0,0,0,0,0
2024/05/24 星期五 00:38:32.287,1716482312287,NH-DC-NM129-B05-ROCE-Leaf-3.GPU.S9825,FourHundredGigE1/0/43,2704,220056,112151,458870922,0,1.02
2024/05/24 星期五 00:38:33.023,1716482313023,NH-DC-NM129-B05-ROCE-Leaf-3.GPU.S9825,FourHundredGigE1/0/43,0,0,0,0,0,0
2024/05/24 星期五 00:38:33.556,1716482313556,NH-DC-NM129-B05-ROCE-Leaf-3.GPU.S9825,FourHundredGigE1/0/43,43316,145317340,20008,62811608,0.33,0.14
2024/05/24 星期五 00:38:34.195,1716482314195,NH-DC-NM129-B05-ROCE-Leaf-3.GPU.S9825,FourHundredGigE1/0/43,26497,87904082,15799,44064978,0.16,0.08
2024/05/24 星期五 00:38:34.899,1716482314899,NH-DC-NM129-B05-ROCE-Leaf-3.GPU.S9825,FourHundredGigE1/0/43,245037,951157366,9667,24211402,1.69,0.04
2024/05/24 星期五 00:38:35.541,1716482315541,NH-DC-NM129-B05-ROCE-Leaf-3.GPU.S9825,FourHundredGigE1/0/43,0,0,0,0,0,0
2024/05/24 星期五 00:38:36.172,1716482316172,NH-DC-NM129-B05-ROCE-Leaf-3.GPU.S9825,FourHundredGigE1/0/43,14577,36444274,54543,189644254,0.06,0.36
2024/05/24 星期五 00:38:36.853,1716482316853,NH-DC-NM129-B05-ROCE-Leaf-3.GPU.S9825,FourHundredGigE1/0/43,0,0,0,0,0,0
2024/05/24 星期五 00:38:37.355,1716482317355,NH-DC-NM129-B05-ROCE-Leaf-3.GPU.S9825,FourHundredGigE1/0/43,35316,125873576,19887,72115974,0.30,0.17
2024/05/24 星期五 00:38:37.911,1716482317911,NH-DC-NM129-B05-ROCE-Leaf-3.GPU.S9825,FourHundredGigE1/0/43,0,0,0,0,0,0
2024/05/24 星期五 00:38:38.541,1716482318541,NH-DC-NM129-B05-ROCE-Leaf-3.GPU.S9825,FourHundredGigE1/0/43,45001,153553562,6962,23288856,0.30,0.04
2024/05/24 星期五 00:38:39.050,1716482319050,NH-DC-NM129-B05-ROCE-Leaf-3.GPU.S9825,FourHundredGigE1/0/43,281352,1119123984,183709,737844106,2.73,1.79
2024/05/24 星期五 00:38:39.642,1716482319642,NH-DC-NM129-B05-ROCE-Leaf-3.GPU.S9825,FourHundredGigE1/0/43,0,0,0,0,0,0
2024/05/24 星期五 00:38:40.273,1716482320273,NH-DC-NM129-B05-ROCE-Leaf-3.GPU.S9825,FourHundredGigE1/0/43,3630,11629364,16249,52317970,0.02,0.10
2024/05/24 星期五 00:38:40.773,1716482320773,NH-DC-NM129-B05-ROCE-Leaf-3.GPU.S9825,FourHundredGigE1/0/43,0,0,0,0,0,0
2024/05/24 星期五 00:38:41.281,1716482321281,NH-DC-NM129-B05-ROCE-Leaf-3.GPU.S9825,FourHundredGigE1/0/43,9080,31522203,23427,83954250,0.07,0.20
2024/05/24 星期五 00:38:42.000,1716482322000,NH-DC-NM129-B05-ROCE-Leaf-3.GPU.S9825,FourHundredGigE1/0/43,0,0,0,0,0,0
2024/05/24 星期五 00:38:43.118,1716482323118,NH-DC-NM129-B05-ROCE-Leaf-3.GPU.S9825,FourHundredGigE1/0/43,617372,2488098608,132940,514614876,2.77,0.57
2024/05/24 星期五 00:38:43.663,1716482323663,NH-DC-NM129-B05-ROCE-Leaf-3.GPU.S9825,FourHundredGigE1/0/43,0,0,0,0,0,0
2024/05/24 星期五 00:38:44.165,1716482324165,NH-DC-NM129-B05-ROCE-Leaf-3.GPU.S9825,FourHundredGigE1/0/43,66639,234867754,11923,12136990,0.57,0.02
2024/05/24 星期五 00:38:44.746,1716482324746,NH-DC-NM129-B05-ROCE-Leaf-3.GPU.S9825,FourHundredGigE1/0/43,0,0,0,0,0,0
2024/05/24 星期五 00:38:45.447,1716482325447,NH-DC-NM129-B05-ROCE-Leaf-3.GPU.S9825,FourHundredGigE1/0/43,309021,1234828746,132794,529348520,2.19,0.93
2024/05/24 星期五 00:38:47.607,1716482327607,NH-DC-NM129-B05-ROCE-Leaf-3.GPU.S9825,FourHundredGigE1/0/43,17743,24105310,22965,61194658,0.01,0.03
2024/05/24 星期五 00:38:48.174,1716482328174,NH-DC-NM129-B05-ROCE-Leaf-3.GPU.S9825,FourHundredGigE1/0/43,5131,11821826,5210,14905272,0.02,0.02
2024/05/24 星期五 00:38:48.741,1716482328741,NH-DC-NM129-B05-ROCE-Leaf-3.GPU.S9825,FourHundredGigE1/0/43,0,0,0,0,0,0
2024/05/24 星期五 00:38:49.339,1716482329339,NH-DC-NM129-B05-ROCE-Leaf-3.GPU.S9825,FourHundredGigE1/0/43,4696,391072,55338,182229412,0,0.38
2024/05/24 星期五 00:38:50.252,1716482330252,NH-DC-NM129-B05-ROCE-Leaf-3.GPU.S9825,FourHundredGigE1/0/43,12618,7256448,30957,92734141,0,0.12
2024/05/24 星期五 00:38:50.894,1716482330894,NH-DC-NM129-B05-ROCE-Leaf-3.GPU.S9825,FourHundredGigE1/0/43,0,0,0,0,0,0
2024/05/24 星期五 00:38:51.395,1716482331395,NH-DC-NM129-B05-ROCE-Leaf-3.GPU.S9825,FourHundredGigE1/0/43,66559,225302830,6833,23271146,0.55,0.05
2024/05/24 星期五 00:38:51.961,1716482331961,NH-DC-NM129-B05-ROCE-Leaf-3.GPU.S9825,FourHundredGigE1/0/43,14444,35384660,26164,75845068,0.07,0.15
2024/05/24 星期五 00:38:52.896,1716482332896,NH-DC-NM129-B05-ROCE-Leaf-3.GPU.S9825,FourHundredGigE1/0/43,0,0,0,0,0,0
2024/05/24 星期五 00:38:53.397,1716482333397,NH-DC-NM129-B05-ROCE-Leaf-3.GPU.S9825,FourHundredGigE1/0/43,22531,48134338,198225,790880426,0.10,1.97
2024/05/24 星期五 00:38:54.112,1716482334112,NH-DC-NM129-B05-ROCE-Leaf-3.GPU.S9825,FourHundredGigE1/0/43,8255,12231210,19829,60941106,0.02,0.10
2024/05/24 星期五 00:38:54.700,1716482334700,NH-DC-NM129-B05-ROCE-Leaf-3.GPU.S9825,FourHundredGigE1/0/43,0,0,0,0,0,0
2024/05/24 星期五 00:38:55.202,1716482335202,NH-DC-NM129-B05-ROCE-Leaf-3.GPU.S9825,FourHundredGigE1/0/43,22235,80479898,32475,104632246,0.20,0.25
2024/05/24 星期五 00:38:55.781,1716482335781,NH-DC-NM129-B05-ROCE-Leaf-3.GPU.S9825,FourHundredGigE1/0/43,0,0,0,0,0,0
2024/05/24 星期五 00:38:56.449,1716482336449,NH-DC-NM129-B05-ROCE-Leaf-3.GPU.S9825,FourHundredGigE1/0/43,26955,94823466,28819,79396802,0.17,0.13
2024/05/24 星期五 00:38:57.026,1716482337026,NH-DC-NM129-B05-ROCE-Leaf-3.GPU.S9825,FourHundredGigE1/0/43,147089,560562710,58191,167975558,1.21,0.35
2024/05/24 星期五 00:38:57.699,1716482337699,NH-DC-NM129-B05-ROCE-Leaf-3.GPU.S9825,FourHundredGigE1/0/43,0,0,0,0,0,0
2024/05/24 星期五 00:38:58.203,1716482338203,NH-DC-NM129-B05-ROCE-Leaf-3.GPU.S9825,FourHundredGigE1/0/43,36318,121621652,55860,206212148,0.30,0.50
2024/05/24 星期五 00:38:58.792,1716482338792,NH-DC-NM129-B05-ROCE-Leaf-3.GPU.S9825,FourHundredGigE1/0/43,0,0,0,0,0,0
2024/05/24 星期五 00:38:59.294,1716482339294,NH-DC-NM129-B05-ROCE-Leaf-3.GPU.S9825,FourHundredGigE1/0/43,23202,61287720,14225,49224286,0.15,0.10
2024/05/24 星期五 00:38:59.940,1716482339940,NH-DC-NM129-B05-ROCE-Leaf-3.GPU.S9825,FourHundredGigE1/0/43,0,0,0,0,0,0
2024/05/24 星期五 00:39:00.506,1716482340506,NH-DC-NM129-B05-ROCE-Leaf-3.GPU.S9825,FourHundredGigE1/0/43,3152,11589456,7724,22969408,0.02,0.04
2024/05/24 星期五 00:39:01.122,1716482341122,NH-DC-NM129-B05-ROCE-Leaf-3.GPU.S9825,FourHundredGigE1/0/43,272933,1128069242,179890,737872808,2.27,1.48
2024/05/24 星期五 00:39:01.644,1716482341644,NH-DC-NM129-B05-ROCE-Leaf-3.GPU.S9825,FourHundredGigE1/0/43,0,0,0,0,0,0
2024/05/24 星期五 00:39:02.141,1716482342141,NH-DC-NM129-B05-ROCE-Leaf-3.GPU.S9825,FourHundredGigE1/0/43,6848,23591664,4221,11889698,0.05,0.03
2024/05/24 星期五 00:39:02.743,1716482342743,NH-DC-NM129-B05-ROCE-Leaf-3.GPU.S9825,FourHundredGigE1/0/43,0,0,0,0,0,0
2024/05/24 星期五 00:39:03.258,1716482343258,NH-DC-NM129-B05-ROCE-Leaf-3.GPU.S9825,FourHundredGigE1/0/43,3753,11639066,499,41118,0.02,0
2024/05/24 星期五 00:39:03.841,1716482343841,NH-DC-NM129-B05-ROCE-Leaf-3.GPU.S9825,FourHundredGigE1/0/43,0,0,0,0,0,0
2024/05/24 星期五 00:39:04.408,1716482344408,NH-DC-NM129-B05-ROCE-Leaf-3.GPU.S9825,FourHundredGigE1/0/43,462332,1870332056,288142,1119467158,4.12,2.45
2024/05/24 星期五 00:39:04.929,1716482344929,NH-DC-NM129-B05-ROCE-Leaf-3.GPU.S9825,FourHundredGigE1/0/43,0,0,0,0,0,0
2024/05/24 星期五 00:39:05.429,1716482345429,NH-DC-NM129-B05-ROCE-Leaf-3.GPU.S9825,FourHundredGigE1/0/43,76539,29368432,0,0,0.05,0
2024/05/24 星期五 00:39:06.157,1716482346157,NH-DC-NM129-B05-ROCE-Leaf-3.GPU.S9825,FourHundredGigE1/0/43,36941,8315540,9516,35034452,0,0.05
2024/05/24 星期五 00:39:07.159,1716482347159,NH-DC-NM129-B05-ROCE-Leaf-3.GPU.S9825,FourHundredGigE1/0/43,83659,256182020,60462,246127904,0.31,0.30
2024/05/24 星期五 00:39:07.658,1716482347658,NH-DC-NM129-B05-ROCE-Leaf-3.GPU.S9825,FourHundredGigE1/0/43,0,0,0,0,0,0
2024/05/24 星期五 00:39:08.262,1716482348262,NH-DC-NM129-B05-ROCE-Leaf-3.GPU.S9825,FourHundredGigE1/0/43,310943,1279878820,122842,503189300,2.63,1.03
2024/05/24 星期五 00:39:08.874,1716482348874,NH-DC-NM129-B05-ROCE-Leaf-3.GPU.S9825,FourHundredGigE1/0/43,0,0,0,0,0,0
2024/05/24 星期五 00:39:09.420,1716482349420,NH-DC-NM129-B05-ROCE-Leaf-3.GPU.S9825,FourHundredGigE1/0/43,8908,29287088,10,776,0.05,0
2024/05/24 星期五 00:39:09.971,1716482349971,NH-DC-NM129-B05-ROCE-Leaf-3.GPU.S9825,FourHundredGigE1/0/43,6751,35429946,11079,38961658,0.07,0.07
2024/05/24 星期五 00:39:10.537,1716482350537,NH-DC-NM129-B05-ROCE-Leaf-3.GPU.S9825,FourHundredGigE1/0/43,0,0,0,0,0,0
2024/05/24 星期五 00:39:11.041,1716482351041,NH-DC-NM129-B05-ROCE-Leaf-3.GPU.S9825,FourHundredGigE1/0/43,193939,0,0,0,0,0
2024/05/24 星期五 00:39:11.546,1716482351546,NH-DC-NM129-B05-ROCE-Leaf-3.GPU.S9825,FourHundredGigE1/0/43,0,777126569,216863,875557034,1.91,2.15
2024/05/24 星期五 00:39:12.108,1716482352108,NH-DC-NM129-B05-ROCE-Leaf-3.GPU.S9825,FourHundredGigE1/0/43,58335,208312346,22065,75513282,0.44,0.16
2024/05/24 星期五 00:39:12.690,1716482352690,NH-DC-NM129-B05-ROCE-Leaf-3.GPU.S9825,FourHundredGigE1/0/43,0,0,0,0,0,0
2024/05/24 星期五 00:39:13.213,1716482353213,NH-DC-NM129-B05-ROCE-Leaf-3.GPU.S9825,FourHundredGigE1/0/43,34642,121483700,5712,461416,0.29,0
2024/05/24 星期五 00:39:13.782,1716482353782,NH-DC-NM129-B05-ROCE-Leaf-3.GPU.S9825,FourHundredGigE1/0/43,0,0,0,0,0,0
2024/05/24 星期五 00:39:14.283,1716482354283,NH-DC-NM129-B05-ROCE-Leaf-3.GPU.S9825,FourHundredGigE1/0/43,86002,290200360,16117,59323026,0.72,0.12
2024/05/24 星期五 00:39:14.884,1716482354884,NH-DC-NM129-B05-ROCE-Leaf-3.GPU.S9825,FourHundredGigE1/0/43,0,0,0,0,0,0
2024/05/24 星期五 00:39:15.385,1716482355385,NH-DC-NM129-B05-ROCE-Leaf-3.GPU.S9825,FourHundredGigE1/0/43,35902,121579676,183579,749711934,0.30,1.85
2024/05/24 星期五 00:39:15.886,1716482355886,NH-DC-NM129-B05-ROCE-Leaf-3.GPU.S9825,FourHundredGigE1/0/43,0,0,0,0,0,0
2024/05/24 星期五 00:39:16.538,1716482356538,NH-DC-NM129-B05-ROCE-Leaf-3.GPU.S9825,FourHundredGigE1/0/43,24877,68005646,52913,173963214,0.12,0.33
2024/05/24 星期五 00:39:17.102,1716482357102,NH-DC-NM129-B05-ROCE-Leaf-3.GPU.S9825,FourHundredGigE1/0/43,115728,430417604,11983,23318170,0.95,0.04
2024/05/24 星期五 00:39:17.602,1716482357602,NH-DC-NM129-B05-ROCE-Leaf-3.GPU.S9825,FourHundredGigE1/0/43,0,0,0,0,0,0
2024/05/24 星期五 00:39:18.251,1716482358251,NH-DC-NM129-B05-ROCE-Leaf-3.GPU.S9825,FourHundredGigE1/0/43,33499,104771782,33787,100582602,0.19,0.19
2024/05/24 星期五 00:39:18.806,1716482358806,NH-DC-NM129-B05-ROCE-Leaf-3.GPU.S9825,FourHundredGigE1/0/43,0,0,0,0,0,0
2024/05/24 星期五 00:39:19.322,1716482359322,NH-DC-NM129-B05-ROCE-Leaf-3.GPU.S9825,FourHundredGigE1/0/43,40730,148017496,43488,157385044,0.34,0.36
2024/05/24 星期五 00:39:23.691,1716482363691,NH-DC-NM129-B05-ROCE-Leaf-3.GPU.S9825,FourHundredGigE1/0/43,523160,1970470536,127873,404513382,0.56,0.11
2024/05/24 星期五 00:39:24.212,1716482364212,NH-DC-NM129-B05-ROCE-Leaf-3.GPU.S9825,FourHundredGigE1/0/43,180656,696115412,125952,469053244,1.66,1.10
2024/05/24 星期五 00:39:24.926,1716482364926,NH-DC-NM129-B05-ROCE-Leaf-3.GPU.S9825,FourHundredGigE1/0/43,0,0,0,0,0,0
2024/05/24 星期五 00:39:25.451,1716482365451,NH-DC-NM129-B05-ROCE-Leaf-3.GPU.S9825,FourHundredGigE1/0/43,53346,157322652,11743,41045302,0.36,0.10
2024/05/24 星期五 00:39:25.964,1716482365964,NH-DC-NM129-B05-ROCE-Leaf-3.GPU.S9825,FourHundredGigE1/0/43,30523,61878738,24119,52954634,0.15,0.12
2024/05/24 星期五 00:39:26.649,1716482366649,NH-DC-NM129-B05-ROCE-Leaf-3.GPU.S9825,FourHundredGigE1/0/43,0,0,0,0,0,0
2024/05/24 星期五 00:39:27.150,1716482367150,NH-DC-NM129-B05-ROCE-Leaf-3.GPU.S9825,FourHundredGigE1/0/43,166915,654717528,178045,677519716,1.62,1.67
2024/05/24 星期五 00:39:27.679,1716482367679,NH-DC-NM129-B05-ROCE-Leaf-3.GPU.S9825,FourHundredGigE1/0/43,0,0,0,0,0,0
2024/05/24 星期五 00:39:29.196,1716482369196,NH-DC-NM129-B05-ROCE-Leaf-3.GPU.S9825,FourHundredGigE1/0/43,91786,329993506,48389,142352787,0.26,0.12
2024/05/24 星期五 00:39:30.037,1716482370037,NH-DC-NM129-B05-ROCE-Leaf-3.GPU.S9825,FourHundredGigE1/0/43,8046,651200,5949,469582,0,0
2024/05/24 星期五 00:39:30.629,1716482370629,NH-DC-NM129-B05-ROCE-Leaf-3.GPU.S9825,FourHundredGigE1/0/43,0,0,0,0,0,0
2024/05/24 星期五 00:39:31.131,1716482371131,NH-DC-NM129-B05-ROCE-Leaf-3.GPU.S9825,FourHundredGigE1/0/43,42579,138084318,39750,121933932,0.32,0.30
2024/05/24 星期五 00:39:31.844,1716482371844,NH-DC-NM129-B05-ROCE-Leaf-3.GPU.S9825,FourHundredGigE1/0/43,0,0,0,0,0,0
2024/05/24 星期五 00:39:32.435,1716482372435,NH-DC-NM129-B05-ROCE-Leaf-3.GPU.S9825,FourHundredGigE1/0/43,26134,70587500,34896,112398460,0.15,0.23
2024/05/24 星期五 00:39:32.965,1716482372965,NH-DC-NM129-B05-ROCE-Leaf-3.GPU.S9825,FourHundredGigE1/0/43,43214,128203508,11701,20545782,0.28,0.05
2024/05/24 星期五 00:39:33.726,1716482373726,NH-DC-NM129-B05-ROCE-Leaf-3.GPU.S9825,FourHundredGigE1/0/43,0,0,0,0,0,0
2024/05/24 星期五 00:39:34.414,1716482374414,NH-DC-NM129-B05-ROCE-Leaf-3.GPU.S9825,FourHundredGigE1/0/43,25480,75966152,15617,36842314,0.13,0.05
2024/05/24 星期五 00:39:34.924,1716482374924,NH-DC-NM129-B05-ROCE-Leaf-3.GPU.S9825,FourHundredGigE1/0/43,11105,12462382,12800,14411556,0.02,0.02
2024/05/24 星期五 00:39:35.660,1716482375660,NH-DC-NM129-B05-ROCE-Leaf-3.GPU.S9825,FourHundredGigE1/0/43,0,0,0,0,0,0
2024/05/24 星期五 00:39:36.173,1716482376173,NH-DC-NM129-B05-ROCE-Leaf-3.GPU.S9825,FourHundredGigE1/0/43,524,43348,72127,288947922,0,0.68
2024/05/24 星期五 00:39:37.212,1716482377212,NH-DC-NM129-B05-ROCE-Leaf-3.GPU.S9825,FourHundredGigE1/0/43,216866,857653492,261347,1029821362,1.02,1.23
2024/05/24 星期五 00:39:37.713,1716482377713,NH-DC-NM129-B05-ROCE-Leaf-3.GPU.S9825,FourHundredGigE1/0/43,0,0,0,0,0,0
2024/05/24 星期五 00:39:38.217,1716482378217,NH-DC-NM129-B05-ROCE-Leaf-3.GPU.S9825,FourHundredGigE1/0/43,47816,178402380,5391,11607222,0.42,0.02
2024/05/24 星期五 00:39:38.872,1716482378872,NH-DC-NM129-B05-ROCE-Leaf-3.GPU.S9825,FourHundredGigE1/0/43,0,0,0,0,0,0
2024/05/24 星期五 00:39:39.475,1716482379475,NH-DC-NM129-B05-ROCE-Leaf-3.GPU.S9825,FourHundredGigE1/0/43,8,70252,11763,12505450,0,0.02
2024/05/24 星期五 00:39:40.204,1716482380204,NH-DC-NM129-B05-ROCE-Leaf-3.GPU.S9825,FourHundredGigE1/0/43,92875,325988094,163537,595353352,0.55,1.01
2024/05/24 星期五 00:39:40.792,1716482380792,NH-DC-NM129-B05-ROCE-Leaf-3.GPU.S9825,FourHundredGigE1/0/43,0,0,0,0,0,0
2024/05/24 星期五 00:39:41.294,1716482381294,NH-DC-NM129-B05-ROCE-Leaf-3.GPU.S9825,FourHundredGigE1/0/43,133574,528050923,130513,540347952,1.29,1.34
2024/05/24 星期五 00:39:41.795,1716482381795,NH-DC-NM129-B05-ROCE-Leaf-3.GPU.S9825,FourHundredGigE1/0/43,0,0,0,0,0,0
2024/05/24 星期五 00:39:42.299,1716482382299,NH-DC-NM129-B05-ROCE-Leaf-3.GPU.S9825,FourHundredGigE1/0/43,3647,11700086,4140,11507676,0.02,0.02
2024/05/24 星期五 00:39:42.876,1716482382876,NH-DC-NM129-B05-ROCE-Leaf-3.GPU.S9825,FourHundredGigE1/0/43,0,0,0,0,0,0
2024/05/24 星期五 00:39:43.424,1716482383424,NH-DC-NM129-B05-ROCE-Leaf-3.GPU.S9825,FourHundredGigE1/0/43,7351,23493598,16020,23646216,0.05,0.05
2024/05/24 星期五 00:39:44.032,1716482384032,NH-DC-NM129-B05-ROCE-Leaf-3.GPU.S9825,FourHundredGigE1/0/43,60057,214785702,195924,750371224,0.43,1.54
2024/05/24 星期五 00:39:44.533,1716482384533,NH-DC-NM129-B05-ROCE-Leaf-3.GPU.S9825,FourHundredGigE1/0/43,0,0,0,0,0,0
2024/05/24 星期五 00:39:45.073,1716482385073,NH-DC-NM129-B05-ROCE-Leaf-3.GPU.S9825,FourHundredGigE1/0/43,144386,540798732,17017,47188466,1.25,0.09
2024/05/24 星期五 00:39:46.474,1716482386474,NH-DC-NM129-B05-ROCE-Leaf-3.GPU.S9825,FourHundredGigE1/0/43,15847,54320046,29370,36661372,0.04,0.03
2024/05/24 星期五 00:39:48.004,1716482388004,NH-DC-NM129-B05-ROCE-Leaf-3.GPU.S9825,FourHundredGigE1/0/43,0,0,0,0,0,0
2024/05/24 星期五 00:39:48.505,1716482388505,NH-DC-NM129-B05-ROCE-Leaf-3.GPU.S9825,FourHundredGigE1/0/43,0,0,183863,740921494,0,1.85
2024/05/24 星期五 00:39:49.022,1716482389022,NH-DC-NM129-B05-ROCE-Leaf-3.GPU.S9825,FourHundredGigE1/0/43,152948,597576352,29475,87648586,1.43,0.19
2024/05/24 星期五 00:39:49.875,1716482389875,NH-DC-NM129-B05-ROCE-Leaf-3.GPU.S9825,FourHundredGigE1/0/43,0,0,0,0,0,0
2024/05/24 星期五 00:39:50.382,1716482390382,NH-DC-NM129-B05-ROCE-Leaf-3.GPU.S9825,FourHundredGigE1/0/43,73567,215258762,20468,66066544,0.52,0.15
2024/05/24 星期五 00:39:51.184,1716482391184,NH-DC-NM129-B05-ROCE-Leaf-3.GPU.S9825,FourHundredGigE1/0/43,24238,82604836,15951,38874736,0.12,0.05
2024/05/24 星期五 00:39:51.758,1716482391758,NH-DC-NM129-B05-ROCE-Leaf-3.GPU.S9825,FourHundredGigE1/0/43,0,0,0,0,0,0
2024/05/24 星期五 00:39:52.259,1716482392259,NH-DC-NM129-B05-ROCE-Leaf-3.GPU.S9825,FourHundredGigE1/0/43,77294,290942462,66257,228930616,0.72,0.55
2024/05/24 星期五 00:39:52.837,1716482392837,NH-DC-NM129-B05-ROCE-Leaf-3.GPU.S9825,FourHundredGigE1/0/43,0,0,0,0,0,0
2024/05/24 星期五 00:39:53.470,1716482393470,NH-DC-NM129-B05-ROCE-Leaf-3.GPU.S9825,FourHundredGigE1/0/43,138673,548970304,132314,474078056,1.07,0.93
2024/05/24 星期五 00:39:53.974,1716482393974,NH-DC-NM129-B05-ROCE-Leaf-3.GPU.S9825,FourHundredGigE1/0/43,36350,121320476,22179,72311386,0.30,0.17
2024/05/24 星期五 00:39:54.842,1716482394842,NH-DC-NM129-B05-ROCE-Leaf-3.GPU.S9825,FourHundredGigE1/0/43,0,0,0,0,0,0
2024/05/24 星期五 00:39:55.406,1716482395406,NH-DC-NM129-B05-ROCE-Leaf-3.GPU.S9825,FourHundredGigE1/0/43,54598,169653400,57643,194412318,0.35,0.42
2024/05/24 星期五 00:39:55.914,1716482395914,NH-DC-NM129-B05-ROCE-Leaf-3.GPU.S9825,FourHundredGigE1/0/43,0,0,0,0,0,0
2024/05/24 星期五 00:39:56.430,1716482396430,NH-DC-NM129-B05-ROCE-Leaf-3.GPU.S9825,FourHundredGigE1/0/43,381910,1548433368,64411,211863998,3.73,0.51
2024/05/24 星期五 00:39:57.042,1716482397042,NH-DC-NM129-B05-ROCE-Leaf-3.GPU.S9825,FourHundredGigE1/0/43,0,0,0,0,0,0
2024/05/24 星期五 00:39:57.571,1716482397571,NH-DC-NM129-B05-ROCE-Leaf-3.GPU.S9825,FourHundredGigE1/0/43,37146,113963640,92844,355567248,0.26,0.83
2024/05/24 星期五 00:39:58.322,1716482398322,NH-DC-NM129-B05-ROCE-Leaf-3.GPU.S9825,FourHundredGigE1/0/43,19554,68367588,89913,301800954,0.10,0.50
2024/05/24 星期五 00:39:58.826,1716482398826,NH-DC-NM129-B05-ROCE-Leaf-3.GPU.S9825,FourHundredGigE1/0/43,0,0,0,0,0,0
2024/05/24 星期五 00:39:59.339,1716482399339,NH-DC-NM129-B05-ROCE-Leaf-3.GPU.S9825,FourHundredGigE1/0/43,44664,131529772,20732,74271924,0.32,0.17
2024/05/24 星期五 00:39:59.922,1716482399922,NH-DC-NM129-B05-ROCE-Leaf-3.GPU.S9825,FourHundredGigE1/0/43,28132,49123416,45924,100451240,0.09,0.21
2024/05/24 星期五 00:40:00.564,1716482400564,NH-DC-NM129-B05-ROCE-Leaf-3.GPU.S9825,FourHundredGigE1/0/43,0,0,0,0,0,0
2024/05/24 星期五 00:40:01.081,1716482401081,NH-DC-NM129-B05-ROCE-Leaf-3.GPU.S9825,FourHundredGigE1/0/43,4699,14435718,11668,8396228,0.02,0
2024/05/24 星期五 00:40:01.725,1716482401725,NH-DC-NM129-B05-ROCE-Leaf-3.GPU.S9825,FourHundredGigE1/0/43,0,0,0,0,0,0
2024/05/24 星期五 00:40:02.258,1716482402258,NH-DC-NM129-B05-ROCE-Leaf-3.GPU.S9825,FourHundredGigE1/0/43,2412,199912,91658,328004952,0,0.75
2024/05/24 星期五 00:40:02.762,1716482402762,NH-DC-NM129-B05-ROCE-Leaf-3.GPU.S9825,FourHundredGigE1/0/43,0,0,0,0,0,0
2024/05/24 星期五 00:40:03.271,1716482403271,NH-DC-NM129-B05-ROCE-Leaf-3.GPU.S9825,FourHundredGigE1/0/43,288370,1130563008,201327,811736222,2.78,1.99
2024/05/24 星期五 00:40:03.919,1716482403919,NH-DC-NM129-B05-ROCE-Leaf-3.GPU.S9825,FourHundredGigE1/0/43,0,0,0,0,0,0
2024/05/24 星期五 00:40:04.419,1716482404419,NH-DC-NM129-B05-ROCE-Leaf-3.GPU.S9825,FourHundredGigE1/0/43,5536,12021444,19135,67750818,0.02,0.15
2024/05/24 星期五 00:40:05.130,1716482405130,NH-DC-NM129-B05-ROCE-Leaf-3.GPU.S9825,FourHundredGigE1/0/43,94211,369281006,167286,648752764,0.63,1.13
2024/05/24 星期五 00:40:05.633,1716482405633,NH-DC-NM129-B05-ROCE-Leaf-3.GPU.S9825,FourHundredGigE1/0/43,0,0,0,0,0,0
2024/05/24 星期五 00:40:06.137,1716482406137,NH-DC-NM129-B05-ROCE-Leaf-3.GPU.S9825,FourHundredGigE1/0/43,12921,23714194,20293,47078854,0.05,0.10
2024/05/24 星期五 00:40:06.730,1716482406730,NH-DC-NM129-B05-ROCE-Leaf-3.GPU.S9825,FourHundredGigE1/0/43,0,0,0,0,0,0
2024/05/24 星期五 00:40:07.316,1716482407316,NH-DC-NM129-B05-ROCE-Leaf-3.GPU.S9825,FourHundredGigE1/0/43,42812,141787592,23283,24617618,0.30,0.04
2024/05/24 星期五 00:40:08.837,1716482408837,NH-DC-NM129-B05-ROCE-Leaf-3.GPU.S9825,FourHundredGigE1/0/43,35670,111436612,31744,112694922,0.09,0.09
2024/05/24 星期五 00:40:09.341,1716482409341,NH-DC-NM129-B05-ROCE-Leaf-3.GPU.S9825,FourHundredGigE1/0/43,47425,166425626,190200,758386250,0.40,1.86
2024/05/24 星期五 00:40:09.920,1716482409920,NH-DC-NM129-B05-ROCE-Leaf-3.GPU.S9825,FourHundredGigE1/0/43,0,0,0,0,0,0
2024/05/24 星期五 00:40:10.436,1716482410436,NH-DC-NM129-B05-ROCE-Leaf-3.GPU.S9825,FourHundredGigE1/0/43,29874,103598464,42488,127578656,0.24,0.29
2024/05/24 星期五 00:40:10.937,1716482410937,NH-DC-NM129-B05-ROCE-Leaf-3.GPU.S9825,FourHundredGigE1/0/43,26459,64478469,60672,180636900,0.15,0.45
2024/05/24 星期五 00:40:11.645,1716482411645,NH-DC-NM129-B05-ROCE-Leaf-3.GPU.S9825,FourHundredGigE1/0/43,0,0,0,0,0,0
2024/05/24 星期五 00:40:12.218,1716482412218,NH-DC-NM129-B05-ROCE-Leaf-3.GPU.S9825,FourHundredGigE1/0/43,329887,1329672030,165246,635370648,2.88,1.37
2024/05/24 星期五 00:40:12.728,1716482412728,NH-DC-NM129-B05-ROCE-Leaf-3.GPU.S9825,FourHundredGigE1/0/43,0,0,0,0,0,0
2024/05/24 星期五 00:40:13.235,1716482413235,NH-DC-NM129-B05-ROCE-Leaf-3.GPU.S9825,FourHundredGigE1/0/43,37487,68511850,6633,11709506,0.15,0.02
2024/05/24 星期五 00:40:14.376,1716482414376,NH-DC-NM129-B05-ROCE-Leaf-3.GPU.S9825,FourHundredGigE1/0/43,7766,12190780,14462,52998300,0.01,0.05
2024/05/24 星期五 00:40:15.125,1716482415125,NH-DC-NM129-B05-ROCE-Leaf-3.GPU.S9825,FourHundredGigE1/0/43,3883,13416314,10671,12039342,0.02,0.02
2024/05/24 星期五 00:40:16.381,1716482416381,NH-DC-NM129-B05-ROCE-Leaf-3.GPU.S9825,FourHundredGigE1/0/43,95419,338202674,90610,368989536,0.33,0.36
2024/05/24 星期五 00:40:17.878,1716482417878,NH-DC-NM129-B05-ROCE-Leaf-3.GPU.S9825,FourHundredGigE1/0/43,30344,109935644,17240,1408168,0.08,0
2024/05/24 星期五 00:40:18.485,1716482418485,NH-DC-NM129-B05-ROCE-Leaf-3.GPU.S9825,FourHundredGigE1/0/43,28606,100577864,166957,559686174,0.21,1.13
2024/05/24 星期五 00:40:20.395,1716482420395,NH-DC-NM129-B05-ROCE-Leaf-3.GPU.S9825,FourHundredGigE1/0/43,7542,26958852,196238,589984704,0.01,0.38
2024/05/24 星期五 00:40:20.897,1716482420897,NH-DC-NM129-B05-ROCE-Leaf-3.GPU.S9825,FourHundredGigE1/0/43,243646,921412304,191115,759029238,2.29,1.87
2024/05/24 星期五 00:40:21.990,1716482421990,NH-DC-NM129-B05-ROCE-Leaf-3.GPU.S9825,FourHundredGigE1/0/43,0,0,0,0,0,0
2024/05/24 星期五 00:40:22.497,1716482422497,NH-DC-NM129-B05-ROCE-Leaf-3.GPU.S9825,FourHundredGigE1/0/43,95683,380798422,33362,13876884,0.94,0.02
2024/05/24 星期五 00:40:23.023,1716482423023,NH-DC-NM129-B05-ROCE-Leaf-3.GPU.S9825,FourHundredGigE1/0/43,0,0,0,0,0,0
2024/05/24 星期五 00:40:23.551,1716482423551,NH-DC-NM129-B05-ROCE-Leaf-3.GPU.S9825,FourHundredGigE1/0/43,0,0,51725,181364834,0,0.43
2024/05/24 星期五 00:40:24.427,1716482424427,NH-DC-NM129-B05-ROCE-Leaf-3.GPU.S9825,FourHundredGigE1/0/43,506,41580,11768,952672,0,0
2024/05/24 星期五 00:40:25.180,1716482425180,NH-DC-NM129-B05-ROCE-Leaf-3.GPU.S9825,FourHundredGigE1/0/43,17467,44674178,266296,1085557308,0.07,1.79
2024/05/24 星期五 00:40:25.681,1716482425681,NH-DC-NM129-B05-ROCE-Leaf-3.GPU.S9825,FourHundredGigE1/0/43,0,0,0,0,0,0
2024/05/24 星期五 00:40:26.182,1716482426182,NH-DC-NM129-B05-ROCE-Leaf-3.GPU.S9825,FourHundredGigE1/0/43,91837,369087178,16892,36332316,0.90,0.07
2024/05/24 星期五 00:40:26.765,1716482426765,NH-DC-NM129-B05-ROCE-Leaf-3.GPU.S9825,FourHundredGigE1/0/43,0,0,0,0,0,0
2024/05/24 星期五 00:40:27.270,1716482427270,NH-DC-NM129-B05-ROCE-Leaf-3.GPU.S9825,FourHundredGigE1/0/43,13559,35413702,3229,262834,0.07,0
2024/05/24 星期五 00:40:28.051,1716482428051,NH-DC-NM129-B05-ROCE-Leaf-3.GPU.S9825,FourHundredGigE1/0/43,37846,136525708,62710,228855664,0.21,0.35
2024/05/24 星期五 00:40:28.715,1716482428715,NH-DC-NM129-B05-ROCE-Leaf-3.GPU.S9825,FourHundredGigE1/0/43,0,0,0,0,0,0
2024/05/24 星期五 00:40:29.218,1716482429218,NH-DC-NM129-B05-ROCE-Leaf-3.GPU.S9825,FourHundredGigE1/0/43,264687,1067597182,111462,432851720,2.63,1.07
2024/05/24 星期五 00:40:29.768,1716482429768,NH-DC-NM129-B05-ROCE-Leaf-3.GPU.S9825,FourHundredGigE1/0/43,0,0,0,0,0,0
2024/05/24 星期五 00:40:30.316,1716482430316,NH-DC-NM129-B05-ROCE-Leaf-3.GPU.S9825,FourHundredGigE1/0/43,22326,79525172,4190,11634376,0.16,0.02
2024/05/24 星期五 00:40:30.816,1716482430816,NH-DC-NM129-B05-ROCE-Leaf-3.GPU.S9825,FourHundredGigE1/0/43,0,0,0,0,0,0
2024/05/24 星期五 00:40:31.318,1716482431318,NH-DC-NM129-B05-ROCE-Leaf-3.GPU.S9825,FourHundredGigE1/0/43,9686,25931436,4208,11389408,0.05,0.02
2024/05/24 星期五 00:40:32.064,1716482432064,NH-DC-NM129-B05-ROCE-Leaf-3.GPU.S9825,FourHundredGigE1/0/43,0,0,0,0,0,0
2024/05/24 星期五 00:40:32.817,1716482432817,NH-DC-NM129-B05-ROCE-Leaf-3.GPU.S9825,FourHundredGigE1/0/43,138183,519199242,221066,886032868,0.85,1.46
2024/05/24 星期五 00:40:33.929,1716482433929,NH-DC-NM129-B05-ROCE-Leaf-3.GPU.S9825,FourHundredGigE1/0/43,54855,207668394,63245,200643938,0.22,0.22
2024/05/24 星期五 00:40:34.607,1716482434607,NH-DC-NM129-B05-ROCE-Leaf-3.GPU.S9825,FourHundredGigE1/0/43,0,0,0,0,0,0
2024/05/24 星期五 00:40:36.944,1716482436944,NH-DC-NM129-B05-ROCE-Leaf-3.GPU.S9825,FourHundredGigE1/0/43,46260,165687676,38977,112433026,0.09,0.06
2024/05/24 星期五 00:40:37.446,1716482437446,NH-DC-NM129-B05-ROCE-Leaf-3.GPU.S9825,FourHundredGigE1/0/43,25246,64374256,4113,11505238,0.15,0.02
2024/05/24 星期五 00:40:38.258,1716482438258,NH-DC-NM129-B05-ROCE-Leaf-3.GPU.S9825,FourHundredGigE1/0/43,188186,761672416,276601,1124605694,1.17,1.72
2024/05/24 星期五 00:40:38.908,1716482438908,NH-DC-NM129-B05-ROCE-Leaf-3.GPU.S9825,FourHundredGigE1/0/43,0,0,0,0,0,0
2024/05/24 星期五 00:40:39.409,1716482439409,NH-DC-NM129-B05-ROCE-Leaf-3.GPU.S9825,FourHundredGigE1/0/43,3866,10108860,16500,52169448,0.02,0.12
2024/05/24 星期五 00:40:40.465,1716482440465,NH-DC-NM129-B05-ROCE-Leaf-3.GPU.S9825,FourHundredGigE1/0/43,20907,75591282,3318,269708,0.08,0
2024/05/24 星期五 00:40:40.984,1716482440984,NH-DC-NM129-B05-ROCE-Leaf-3.GPU.S9825,FourHundredGigE1/0/43,265280,1077245267,283702,1149370254,2.58,2.75
2024/05/24 星期五 00:40:41.706,1716482441706,NH-DC-NM129-B05-ROCE-Leaf-3.GPU.S9825,FourHundredGigE1/0/43,0,0,0,0,0,0
2024/05/24 星期五 00:40:42.372,1716482442372,NH-DC-NM129-B05-ROCE-Leaf-3.GPU.S9825,FourHundredGigE1/0/43,195427,808600922,183766,756617926,1.50,1.41
2024/05/24 星期五 00:40:42.873,1716482442873,NH-DC-NM129-B05-ROCE-Leaf-3.GPU.S9825,FourHundredGigE1/0/43,0,0,0,0,0,0
2024/05/24 星期五 00:40:43.383,1716482443383,NH-DC-NM129-B05-ROCE-Leaf-3.GPU.S9825,FourHundredGigE1/0/43,8470,24304752,22822,83529756,0.05,0.20
2024/05/24 星期五 00:40:43.914,1716482443914,NH-DC-NM129-B05-ROCE-Leaf-3.GPU.S9825,FourHundredGigE1/0/43,0,0,0,0,0,0
2024/05/24 星期五 00:40:44.415,1716482444415,NH-DC-NM129-B05-ROCE-Leaf-3.GPU.S9825,FourHundredGigE1/0/43,22828,73692164,36043,97236990,0.17,0.22
2024/05/24 星期五 00:40:45.270,1716482445270,NH-DC-NM129-B05-ROCE-Leaf-3.GPU.S9825,FourHundredGigE1/0/43,124863,487584350,38979,100770226,0.70,0.15
2024/05/24 星期五 00:40:46.960,1716482446960,NH-DC-NM129-B05-ROCE-Leaf-3.GPU.S9825,FourHundredGigE1/0/43,8683,15733702,23134,72391424,0.01,0.05
2024/05/24 星期五 00:40:47.829,1716482447829,NH-DC-NM129-B05-ROCE-Leaf-3.GPU.S9825,FourHundredGigE1/0/43,0,0,0,0,0,0
2024/05/24 星期五 00:40:48.333,1716482448333,NH-DC-NM129-B05-ROCE-Leaf-3.GPU.S9825,FourHundredGigE1/0/43,6219,14935450,32171,108085618,0.02,0.25
2024/05/24 星期五 00:40:48.928,1716482448928,NH-DC-NM129-B05-ROCE-Leaf-3.GPU.S9825,FourHundredGigE1/0/43,160357,588995806,188307,761280238,1.22,1.60
2024/05/24 星期五 00:40:49.817,1716482449817,NH-DC-NM129-B05-ROCE-Leaf-3.GPU.S9825,FourHundredGigE1/0/43,0,0,0,0,0,0
2024/05/24 星期五 00:40:50.351,1716482450351,NH-DC-NM129-B05-ROCE-Leaf-3.GPU.S9825,FourHundredGigE1/0/43,39254,125080452,27391,75562510,0.28,0.16
2024/05/24 星期五 00:40:50.948,1716482450948,NH-DC-NM129-B05-ROCE-Leaf-3.GPU.S9825,FourHundredGigE1/0/43,0,0,0,0,0,0
2024/05/24 星期五 00:40:51.472,1716482451472,NH-DC-NM129-B05-ROCE-Leaf-3.GPU.S9825,FourHundredGigE1/0/43,8948,14852000,2578,207732,0.02,0
2024/05/24 星期五 00:40:52.040,1716482452040,NH-DC-NM129-B05-ROCE-Leaf-3.GPU.S9825,FourHundredGigE1/0/43,70108,261390732,52813,165080298,0.57,0.35
2024/05/24 星期五 00:40:52.666,1716482452666,NH-DC-NM129-B05-ROCE-Leaf-3.GPU.S9825,FourHundredGigE1/0/43,0,0,0,0,0,0
2024/05/24 星期五 00:40:53.356,1716482453356,NH-DC-NM129-B05-ROCE-Leaf-3.GPU.S9825,FourHundredGigE1/0/43,42320,140755352,52051,187289918,0.25,0.33
2024/05/24 星期五 00:40:53.858,1716482453858,NH-DC-NM129-B05-ROCE-Leaf-3.GPU.S9825,FourHundredGigE1/0/43,0,0,0,0,0,0
2024/05/24 星期五 00:40:55.000,1716482455000,NH-DC-NM129-B05-ROCE-Leaf-3.GPU.S9825,FourHundredGigE1/0/43,96188,392863328,10192,14245656,0.43,0.01
2024/05/24 星期五 00:40:55.502,1716482455502,NH-DC-NM129-B05-ROCE-Leaf-3.GPU.S9825,FourHundredGigE1/0/43,25378,78285932,27500,86742576,0.17,0.20
2024/05/24 星期五 00:40:56.369,1716482456369,NH-DC-NM129-B05-ROCE-Leaf-3.GPU.S9825,FourHundredGigE1/0/43,7430,23270080,14697,35079182,0.03,0.04
2024/05/24 星期五 00:40:57.088,1716482457088,NH-DC-NM129-B05-ROCE-Leaf-3.GPU.S9825,FourHundredGigE1/0/43,40613,124008382,20442,63829144,0.21,0.10
2024/05/24 星期五 00:40:57.709,1716482457709,NH-DC-NM129-B05-ROCE-Leaf-3.GPU.S9825,FourHundredGigE1/0/43,0,0,0,0,0,0
2024/05/24 星期五 00:40:58.392,1716482458392,NH-DC-NM129-B05-ROCE-Leaf-3.GPU.S9825,FourHundredGigE1/0/43,408657,1639841902,33660,78953924,2.98,0.13
2024/05/24 星期五 00:40:59.532,1716482459532,NH-DC-NM129-B05-ROCE-Leaf-3.GPU.S9825,FourHundredGigE1/0/43,36711,116538850,57712,180769080,0.12,0.20
2024/05/24 星期五 00:41:00.347,1716482460347,NH-DC-NM129-B05-ROCE-Leaf-3.GPU.S9825,FourHundredGigE1/0/43,64939,228944018,10822,35846172,0.34,0.05
2024/05/24 星期五 00:41:00.850,1716482460850,NH-DC-NM129-B05-ROCE-Leaf-3.GPU.S9825,FourHundredGigE1/0/43,0,0,0,0,0,0
2024/05/24 星期五 00:41:01.350,1716482461350,NH-DC-NM129-B05-ROCE-Leaf-3.GPU.S9825,FourHundredGigE1/0/43,92299,326708006,85564,323989570,0.8,0.8
2024/05/24 星期五 00:41:01.989,1716482461989,NH-DC-NM129-B05-ROCE-Leaf-3.GPU.S9825,FourHundredGigE1/0/43,0,0,0,0,0,0
2024/05/24 星期五 00:41:02.490,1716482462490,NH-DC-NM129-B05-ROCE-Leaf-3.GPU.S9825,FourHundredGigE1/0/43,46806,151063124,254255,1027023416,0.37,2.54
2024/05/24 星期五 00:41:02.997,1716482462997,NH-DC-NM129-B05-ROCE-Leaf-3.GPU.S9825,FourHundredGigE1/0/43,14932,57808040,22543,72711662,0.12,0.17
2024/05/24 星期五 00:41:03.708,1716482463708,NH-DC-NM129-B05-ROCE-Leaf-3.GPU.S9825,FourHundredGigE1/0/43,0,0,0,0,0,0
2024/05/24 星期五 00:41:04.221,1716482464221,NH-DC-NM129-B05-ROCE-Leaf-3.GPU.S9825,FourHundredGigE1/0/43,25102,72707176,2748,223256,0.17,0
2024/05/24 星期五 00:41:04.766,1716482464766,NH-DC-NM129-B05-ROCE-Leaf-3.GPU.S9825,FourHundredGigE1/0/43,0,0,0,0,0,0
2024/05/24 星期五 00:41:05.289,1716482465289,NH-DC-NM129-B05-ROCE-Leaf-3.GPU.S9825,FourHundredGigE1/0/43,179239,731623414,307432,1229727172,1.74,2.92
2024/05/24 星期五 00:41:05.810,1716482465810,NH-DC-NM129-B05-ROCE-Leaf-3.GPU.S9825,FourHundredGigE1/0/43,0,0,0,0,0,0
2024/05/24 星期五 00:41:06.321,1716482466321,NH-DC-NM129-B05-ROCE-Leaf-3.GPU.S9825,FourHundredGigE1/0/43,3405,269434,1019,83642,0,0
2024/05/24 星期五 00:41:07.129,1716482467129,NH-DC-NM129-B05-ROCE-Leaf-3.GPU.S9825,FourHundredGigE1/0/43,49727,185557486,12847,12593122,0.28,0.02
2024/05/24 星期五 00:41:07.629,1716482467629,NH-DC-NM129-B05-ROCE-Leaf-3.GPU.S9825,FourHundredGigE1/0/43,0,0,0,0,0,0
2024/05/24 星期五 00:41:08.136,1716482468136,NH-DC-NM129-B05-ROCE-Leaf-3.GPU.S9825,FourHundredGigE1/0/43,96169,142199550,14069,1137214,0.35,0
2024/05/24 星期五 00:41:08.753,1716482468753,NH-DC-NM129-B05-ROCE-Leaf-3.GPU.S9825,FourHundredGigE1/0/43,0,0,0,0,0,0
2024/05/24 星期五 00:41:09.254,1716482469254,NH-DC-NM129-B05-ROCE-Leaf-3.GPU.S9825,FourHundredGigE1/0/43,295510,1137815704,293919,1131462109,2.82,2.82
2024/05/24 星期五 00:41:09.835,1716482469835,NH-DC-NM129-B05-ROCE-Leaf-3.GPU.S9825,FourHundredGigE1/0/43,84856,305356276,66701,235108186,0.65,0.49
2024/05/24 星期五 00:41:10.574,1716482470574,NH-DC-NM129-B05-ROCE-Leaf-3.GPU.S9825,FourHundredGigE1/0/43,0,0,0,0,0,0
2024/05/24 星期五 00:41:11.073,1716482471073,NH-DC-NM129-B05-ROCE-Leaf-3.GPU.S9825,FourHundredGigE1/0/43,7263,23258585,31699,59066054,0.05,0.13
2024/05/24 星期五 00:41:11.635,1716482471635,NH-DC-NM129-B05-ROCE-Leaf-3.GPU.S9825,FourHundredGigE1/0/43,0,0,0,0,0,0
2024/05/24 星期五 00:41:12.224,1716482472224,NH-DC-NM129-B05-ROCE-Leaf-3.GPU.S9825,FourHundredGigE1/0/43,183718,749512052,181532,749173724,1.57,1.57
2024/05/24 星期五 00:41:12.746,1716482472746,NH-DC-NM129-B05-ROCE-Leaf-3.GPU.S9825,FourHundredGigE1/0/43,0,0,0,0,0,0
2024/05/24 星期五 00:41:13.250,1716482473250,NH-DC-NM129-B05-ROCE-Leaf-3.GPU.S9825,FourHundredGigE1/0/43,136797,520463810,125165,454368310,1.29,1.12
2024/05/24 星期五 00:41:13.987,1716482473987,NH-DC-NM129-B05-ROCE-Leaf-3.GPU.S9825,FourHundredGigE1/0/43,0,0,0,0,0,0
2024/05/24 星期五 00:41:14.489,1716482474489,NH-DC-NM129-B05-ROCE-Leaf-3.GPU.S9825,FourHundredGigE1/0/43,435875,1634349656,18137,35738118,4.06,0.07
2024/05/24 星期五 00:41:15.055,1716482475055,NH-DC-NM129-B05-ROCE-Leaf-3.GPU.S9825,FourHundredGigE1/0/43,0,0,0,0,0,0
2024/05/24 星期五 00:41:19.068,1716482479068,NH-DC-NM129-B05-ROCE-Leaf-3.GPU.S9825,FourHundredGigE1/0/43,737440,2777724230,704936,2564527844,0.86,0.80
2024/05/24 星期五 00:41:19.661,1716482479661,NH-DC-NM129-B05-ROCE-Leaf-3.GPU.S9825,FourHundredGigE1/0/43,0,0,0,0,0,0
2024/05/24 星期五 00:41:20.207,1716482480207,NH-DC-NM129-B05-ROCE-Leaf-3.GPU.S9825,FourHundredGigE1/0/43,217383,874640986,228361,887830350,1.99,2.01
2024/05/24 星期五 00:41:20.853,1716482480853,NH-DC-NM129-B05-ROCE-Leaf-3.GPU.S9825,FourHundredGigE1/0/43,0,0,0,0,0,0
2024/05/24 星期五 00:41:21.375,1716482481375,NH-DC-NM129-B05-ROCE-Leaf-3.GPU.S9825,FourHundredGigE1/0/43,83965,313582182,19732,50683316,0.74,0.12
2024/05/24 星期五 00:41:21.875,1716482481875,NH-DC-NM129-B05-ROCE-Leaf-3.GPU.S9825,FourHundredGigE1/0/43,0,0,0,0,0,0
2024/05/24 星期五 00:41:22.422,1716482482422,NH-DC-NM129-B05-ROCE-Leaf-3.GPU.S9825,FourHundredGigE1/0/43,31445,84753682,19609,52596666,0.18,0.11
2024/05/24 星期五 00:41:23.014,1716482483014,NH-DC-NM129-B05-ROCE-Leaf-3.GPU.S9825,FourHundredGigE1/0/43,0,0,0,0,0,0
2024/05/24 星期五 00:41:23.515,1716482483515,NH-DC-NM129-B05-ROCE-Leaf-3.GPU.S9825,FourHundredGigE1/0/43,282503,1123457790,192517,786517018,2.79,1.95
2024/05/24 星期五 00:41:24.503,1716482484503,NH-DC-NM129-B05-ROCE-Leaf-3.GPU.S9825,FourHundredGigE1/0/43,11414,23821332,45337,160866066,0.03,0.20
2024/05/24 星期五 00:41:25.022,1716482485022,NH-DC-NM129-B05-ROCE-Leaf-3.GPU.S9825,FourHundredGigE1/0/43,0,0,0,0,0,0
2024/05/24 星期五 00:41:25.523,1716482485523,NH-DC-NM129-B05-ROCE-Leaf-3.GPU.S9825,FourHundredGigE1/0/43,97132,343552636,50191,153293382,0.85,0.37
2024/05/24 星期五 00:41:26.262,1716482486262,NH-DC-NM129-B05-ROCE-Leaf-3.GPU.S9825,FourHundredGigE1/0/43,17997,45789090,9619,23497222,0.07,0.03
2024/05/24 星期五 00:41:26.766,1716482486766,NH-DC-NM129-B05-ROCE-Leaf-3.GPU.S9825,FourHundredGigE1/0/43,0,0,0,0,0,0
2024/05/24 星期五 00:41:27.379,1716482487379,NH-DC-NM129-B05-ROCE-Leaf-3.GPU.S9825,FourHundredGigE1/0/43,27256,76471268,25025,72911246,0.14,0.14
2024/05/24 星期五 00:41:27.977,1716482487977,NH-DC-NM129-B05-ROCE-Leaf-3.GPU.S9825,FourHundredGigE1/0/43,0,0,0,0,0,0
2024/05/24 星期五 00:41:28.515,1716482488515,NH-DC-NM129-B05-ROCE-Leaf-3.GPU.S9825,FourHundredGigE1/0/43,320729,1224085566,10236,30657368,2.83,0.07
2024/05/24 星期五 00:41:29.013,1716482489013,NH-DC-NM129-B05-ROCE-Leaf-3.GPU.S9825,FourHundredGigE1/0/43,186159,753721034,131811,490953570,1.88,1.23
2024/05/24 星期五 00:41:29.890,1716482489890,NH-DC-NM129-B05-ROCE-Leaf-3.GPU.S9825,FourHundredGigE1/0/43,0,0,0,0,0,0
2024/05/24 星期五 00:41:30.505,1716482490505,NH-DC-NM129-B05-ROCE-Leaf-3.GPU.S9825,FourHundredGigE1/0/43,512,41976,15635,35121578,0,0.06
2024/05/24 星期五 00:41:31.161,1716482491161,NH-DC-NM129-B05-ROCE-Leaf-3.GPU.S9825,FourHundredGigE1/0/43,25012,90301124,33747,124243966,0.17,0.23
2024/05/24 星期五 00:41:31.683,1716482491683,NH-DC-NM129-B05-ROCE-Leaf-3.GPU.S9825,FourHundredGigE1/0/43,0,0,0,0,0,0
2024/05/24 星期五 00:41:32.183,1716482492183,NH-DC-NM129-B05-ROCE-Leaf-3.GPU.S9825,FourHundredGigE1/0/43,83689,284756038,305816,1234889972,0.7,3.08
2024/05/24 星期五 00:41:32.818,1716482492818,NH-DC-NM129-B05-ROCE-Leaf-3.GPU.S9825,FourHundredGigE1/0/43,0,0,0,0,0,0
2024/05/24 星期五 00:41:33.428,1716482493428,NH-DC-NM129-B05-ROCE-Leaf-3.GPU.S9825,FourHundredGigE1/0/43,17479,55813674,32302,116164916,0.10,0.23
2024/05/24 星期五 00:41:34.376,1716482494376,NH-DC-NM129-B05-ROCE-Leaf-3.GPU.S9825,FourHundredGigE1/0/43,3160,11659712,6064,493492,0.01,0
2024/05/24 星期五 00:41:35.065,1716482495065,NH-DC-NM129-B05-ROCE-Leaf-3.GPU.S9825,FourHundredGigE1/0/43,45919,147489170,32241,103461654,0.25,0.18
2024/05/24 星期五 00:41:35.576,1716482495576,NH-DC-NM129-B05-ROCE-Leaf-3.GPU.S9825,FourHundredGigE1/0/43,0,0,0,0,0,0
2024/05/24 星期五 00:41:36.102,1716482496102,NH-DC-NM129-B05-ROCE-Leaf-3.GPU.S9825,FourHundredGigE1/0/43,477458,1911557556,294830,1178469948,4.54,2.78
2024/05/24 星期五 00:41:36.879,1716482496879,NH-DC-NM129-B05-ROCE-Leaf-3.GPU.S9825,FourHundredGigE1/0/43,0,0,0,0,0,0
2024/05/24 星期五 00:41:37.393,1716482497393,NH-DC-NM129-B05-ROCE-Leaf-3.GPU.S9825,FourHundredGigE1/0/43,34486,118413636,17164,61267312,0.27,0.15
2024/05/24 星期五 00:41:38.091,1716482498091,NH-DC-NM129-B05-ROCE-Leaf-3.GPU.S9825,FourHundredGigE1/0/43,8943,15106690,41436,150847408,0.02,0.27
2024/05/24 星期五 00:41:38.629,1716482498629,NH-DC-NM129-B05-ROCE-Leaf-3.GPU.S9825,FourHundredGigE1/0/43,0,0,0,0,0,0
2024/05/24 星期五 00:41:39.129,1716482499129,NH-DC-NM129-B05-ROCE-Leaf-3.GPU.S9825,FourHundredGigE1/0/43,57155,172378482,186600,755325308,0.42,1.88
2024/05/24 星期五 00:41:39.694,1716482499694,NH-DC-NM129-B05-ROCE-Leaf-3.GPU.S9825,FourHundredGigE1/0/43,0,0,0,0,0,0
2024/05/24 星期五 00:41:40.388,1716482500388,NH-DC-NM129-B05-ROCE-Leaf-3.GPU.S9825,FourHundredGigE1/0/43,16075,36904434,10036,27254024,0.05,0.04
2024/05/24 星期五 00:41:41.031,1716482501031,NH-DC-NM129-B05-ROCE-Leaf-3.GPU.S9825,FourHundredGigE1/0/43,44583,116330197,122518,480913572,0.21,0.93
2024/05/24 星期五 00:41:41.628,1716482501628,NH-DC-NM129-B05-ROCE-Leaf-3.GPU.S9825,FourHundredGigE1/0/43,0,0,0,0,0,0
2024/05/24 星期五 00:41:42.125,1716482502125,NH-DC-NM129-B05-ROCE-Leaf-3.GPU.S9825,FourHundredGigE1/0/43,5226,1043100,37500,135702532,0,0.33
2024/05/24 星期五 00:41:42.627,1716482502627,NH-DC-NM129-B05-ROCE-Leaf-3.GPU.S9825,FourHundredGigE1/0/43,0,0,0,0,0,0
2024/05/24 星期五 00:41:43.125,1716482503125,NH-DC-NM129-B05-ROCE-Leaf-3.GPU.S9825,FourHundredGigE1/0/43,5906,4764076,49928,162147540,0,0.40
2024/05/24 星期五 00:41:43.757,1716482503757,NH-DC-NM129-B05-ROCE-Leaf-3.GPU.S9825,FourHundredGigE1/0/43,0,0,0,0,0,0
2024/05/24 星期五 00:41:44.384,1716482504384,NH-DC-NM129-B05-ROCE-Leaf-3.GPU.S9825,FourHundredGigE1/0/43,7349,23513998,3624,11465548,0.04,0.02
2024/05/24 星期五 00:41:45.057,1716482505057,NH-DC-NM129-B05-ROCE-Leaf-3.GPU.S9825,FourHundredGigE1/0/43,30600,111180068,95396,392092872,0.20,0.72
2024/05/24 星期五 00:41:46.047,1716482506047,NH-DC-NM129-B05-ROCE-Leaf-3.GPU.S9825,FourHundredGigE1/0/43,38760,138233544,451860,1646528816,0.16,2.07
2024/05/24 星期五 00:41:47.793,1716482507793,NH-DC-NM129-B05-ROCE-Leaf-3.GPU.S9825,FourHundredGigE1/0/43,0,0,0,0,0,0
2024/05/24 星期五 00:41:48.379,1716482508379,NH-DC-NM129-B05-ROCE-Leaf-3.GPU.S9825,FourHundredGigE1/0/43,36270,127587116,101201,369860666,0.26,0.77
2024/05/24 星期五 00:41:48.962,1716482508962,NH-DC-NM129-B05-ROCE-Leaf-3.GPU.S9825,FourHundredGigE1/0/43,9556,35233404,7825,23352634,0.06,0.04
2024/05/24 星期五 00:41:49.504,1716482509504,NH-DC-NM129-B05-ROCE-Leaf-3.GPU.S9825,FourHundredGigE1/0/43,0,0,0,0,0,0
2024/05/24 星期五 00:41:50.012,1716482510012,NH-DC-NM129-B05-ROCE-Leaf-3.GPU.S9825,FourHundredGigE1/0/43,43938,152706208,8766,11880352,0.37,0.02
2024/05/24 星期五 00:41:50.682,1716482510682,NH-DC-NM129-B05-ROCE-Leaf-3.GPU.S9825,FourHundredGigE1/0/43,0,0,0,0,0,0
2024/05/24 星期五 00:41:51.502,1716482511502,NH-DC-NM129-B05-ROCE-Leaf-3.GPU.S9825,FourHundredGigE1/0/43,1012,83180,14117,23861010,0,0.03
2024/05/24 星期五 00:41:52.002,1716482512002,NH-DC-NM129-B05-ROCE-Leaf-3.GPU.S9825,FourHundredGigE1/0/43,390028,1600049228,22385,1816086,4,0
2024/05/24 星期五 00:41:52.606,1716482512606,NH-DC-NM129-B05-ROCE-Leaf-3.GPU.S9825,FourHundredGigE1/0/43,0,0,0,0,0,0
2024/05/24 星期五 00:41:53.107,1716482513107,NH-DC-NM129-B05-ROCE-Leaf-3.GPU.S9825,FourHundredGigE1/0/43,0,0,0,0,0,0
2024/05/24 星期五 00:41:53.608,1716482513608,NH-DC-NM129-B05-ROCE-Leaf-3.GPU.S9825,FourHundredGigE1/0/43,195460,726528720,9868,806080,1.80,0
2024/05/24 星期五 00:41:54.262,1716482514262,NH-DC-NM129-B05-ROCE-Leaf-3.GPU.S9825,FourHundredGigE1/0/43,144991,524041070,12709,12200494,0.99,0.02
2024/05/24 星期五 00:41:55.248,1716482515248,NH-DC-NM129-B05-ROCE-Leaf-3.GPU.S9825,FourHundredGigE1/0/43,28210,109168688,9694,24485268,0.13,0.03
2024/05/24 星期五 00:41:55.792,1716482515792,NH-DC-NM129-B05-ROCE-Leaf-3.GPU.S9825,FourHundredGigE1/0/43,0,0,0,0,0,0
2024/05/24 星期五 00:41:56.362,1716482516362,NH-DC-NM129-B05-ROCE-Leaf-3.GPU.S9825,FourHundredGigE1/0/43,92577,292929450,49319,159541201,0.64,0.33
2024/05/24 星期五 00:41:56.865,1716482516865,NH-DC-NM129-B05-ROCE-Leaf-3.GPU.S9825,FourHundredGigE1/0/43,0,0,0,0,0,0
2024/05/24 星期五 00:41:57.368,1716482517368,NH-DC-NM129-B05-ROCE-Leaf-3.GPU.S9825,FourHundredGigE1/0/43,36245,127569254,13401,32204110,0.30,0.07
2024/05/24 星期五 00:41:58.246,1716482518246,NH-DC-NM129-B05-ROCE-Leaf-3.GPU.S9825,FourHundredGigE1/0/43,33151,116550086,15512,39623502,0.16,0.04
2024/05/24 星期五 00:41:58.960,1716482518960,NH-DC-NM129-B05-ROCE-Leaf-3.GPU.S9825,FourHundredGigE1/0/43,0,0,0,0,0,0
2024/05/24 星期五 00:41:59.771,1716482519771,NH-DC-NM129-B05-ROCE-Leaf-3.GPU.S9825,FourHundredGigE1/0/43,335231,1372757222,226223,893570052,2.11,1.37
2024/05/24 星期五 00:42:00.274,1716482520274,NH-DC-NM129-B05-ROCE-Leaf-3.GPU.S9825,FourHundredGigE1/0/43,64928,212463796,46870,161856200,0.52,0.40
2024/05/24 星期五 00:42:00.778,1716482520778,NH-DC-NM129-B05-ROCE-Leaf-3.GPU.S9825,FourHundredGigE1/0/43,0,0,0,0,0,0
2024/05/24 星期五 00:42:01.278,1716482521278,NH-DC-NM129-B05-ROCE-Leaf-3.GPU.S9825,FourHundredGigE1/0/43,5085,445770,2697,230642,0,0
2024/05/24 星期五 00:42:02.121,1716482522121,NH-DC-NM129-B05-ROCE-Leaf-3.GPU.S9825,FourHundredGigE1/0/43,41923,146780134,8633,23055846,0.21,0.03
2024/05/24 星期五 00:42:02.682,1716482522682,NH-DC-NM129-B05-ROCE-Leaf-3.GPU.S9825,FourHundredGigE1/0/43,0,0,0,0,0,0
2024/05/24 星期五 00:42:03.269,1716482523269,NH-DC-NM129-B05-ROCE-Leaf-3.GPU.S9825,FourHundredGigE1/0/43,178803,737775270,58358,168514612,1.55,0.34
2024/05/24 星期五 00:42:03.773,1716482523773,NH-DC-NM129-B05-ROCE-Leaf-3.GPU.S9825,FourHundredGigE1/0/43,0,0,0,0,0,0
2024/05/24 星期五 00:42:04.274,1716482524274,NH-DC-NM129-B05-ROCE-Leaf-3.GPU.S9825,FourHundredGigE1/0/43,35566,104348500,6269,514502,0.25,0
2024/05/24 星期五 00:42:04.843,1716482524843,NH-DC-NM129-B05-ROCE-Leaf-3.GPU.S9825,FourHundredGigE1/0/43,0,0,0,0,0,0
2024/05/24 星期五 00:42:05.542,1716482525542,NH-DC-NM129-B05-ROCE-Leaf-3.GPU.S9825,FourHundredGigE1/0/43,45261,158699358,38001,111059688,0.27,0.20
2024/05/24 星期五 00:42:06.136,1716482526136,NH-DC-NM129-B05-ROCE-Leaf-3.GPU.S9825,FourHundredGigE1/0/43,181588,748285444,129022,443878070,1.56,0.93
2024/05/24 星期五 00:42:06.726,1716482526726,NH-DC-NM129-B05-ROCE-Leaf-3.GPU.S9825,FourHundredGigE1/0/43,0,0,0,0,0,0
2024/05/24 星期五 00:42:07.225,1716482527225,NH-DC-NM129-B05-ROCE-Leaf-3.GPU.S9825,FourHundredGigE1/0/43,10641,35632550,16328,31440572,0.08,0.08
2024/05/24 星期五 00:42:07.790,1716482527790,NH-DC-NM129-B05-ROCE-Leaf-3.GPU.S9825,FourHundredGigE1/0/43,0,0,0,0,0,0
2024/05/24 星期五 00:42:08.314,1716482528314,NH-DC-NM129-B05-ROCE-Leaf-3.GPU.S9825,FourHundredGigE1/0/43,17526,15782952,56239,183574458,0.02,0.43
2024/05/24 星期五 00:42:09.162,1716482529162,NH-DC-NM129-B05-ROCE-Leaf-3.GPU.S9825,FourHundredGigE1/0/43,6449,12395182,58486,205294464,0.01,0.29
2024/05/24 星期五 00:42:09.841,1716482529841,NH-DC-NM129-B05-ROCE-Leaf-3.GPU.S9825,FourHundredGigE1/0/43,0,0,0,0,0,0
2024/05/24 星期五 00:42:10.820,1716482530820,NH-DC-NM129-B05-ROCE-Leaf-3.GPU.S9825,FourHundredGigE1/0/43,50331,152788250,59943,222900098,0.19,0.28
2024/05/24 星期五 00:42:11.318,1716482531318,NH-DC-NM129-B05-ROCE-Leaf-3.GPU.S9825,FourHundredGigE1/0/43,24006,77979195,12809,26257102,0.18,0.05
2024/05/24 星期五 00:42:11.828,1716482531828,NH-DC-NM129-B05-ROCE-Leaf-3.GPU.S9825,FourHundredGigE1/0/43,72963,277201666,12233,28792890,0.66,0.05
2024/05/24 星期五 00:42:13.121,1716482533121,NH-DC-NM129-B05-ROCE-Leaf-3.GPU.S9825,FourHundredGigE1/0/43,90565,0,186162,739983612,0,0.71
2024/05/24 星期五 00:42:13.622,1716482533622,NH-DC-NM129-B05-ROCE-Leaf-3.GPU.S9825,FourHundredGigE1/0/43,0,345575382,0,0,0.85,0
2024/05/24 星期五 00:42:14.121,1716482534121,NH-DC-NM129-B05-ROCE-Leaf-3.GPU.S9825,FourHundredGigE1/0/43,258110,1029328536,347515,1409981166,2.56,3.51
2024/05/24 星期五 00:42:14.645,1716482534645,NH-DC-NM129-B05-ROCE-Leaf-3.GPU.S9825,FourHundredGigE1/0/43,0,0,0,0,0,0
2024/05/24 星期五 00:42:15.147,1716482535147,NH-DC-NM129-B05-ROCE-Leaf-3.GPU.S9825,FourHundredGigE1/0/43,23371,85792614,13646,35703144,0.20,0.07
2024/05/24 星期五 00:42:16.025,1716482536025,NH-DC-NM129-B05-ROCE-Leaf-3.GPU.S9825,FourHundredGigE1/0/43,4966,12255644,20755,72916850,0.01,0.10
2024/05/24 星期五 00:42:16.738,1716482536738,NH-DC-NM129-B05-ROCE-Leaf-3.GPU.S9825,FourHundredGigE1/0/43,0,0,0,0,0,0
2024/05/24 星期五 00:42:17.242,1716482537242,NH-DC-NM129-B05-ROCE-Leaf-3.GPU.S9825,FourHundredGigE1/0/43,428457,1772790270,488925,2008294550,4.39,4.96
2024/05/24 星期五 00:42:17.862,1716482537862,NH-DC-NM129-B05-ROCE-Leaf-3.GPU.S9825,FourHundredGigE1/0/43,0,0,0,0,0,0
2024/05/24 星期五 00:42:18.405,1716482538405,NH-DC-NM129-B05-ROCE-Leaf-3.GPU.S9825,FourHundredGigE1/0/43,2854,497892,44819,136450830,0,0.30
2024/05/24 星期五 00:42:18.906,1716482538906,NH-DC-NM129-B05-ROCE-Leaf-3.GPU.S9825,FourHundredGigE1/0/43,37081,133628598,10232,23162044,0.32,0.05
2024/05/24 星期五 00:42:19.965,1716482539965,NH-DC-NM129-B05-ROCE-Leaf-3.GPU.S9825,FourHundredGigE1/0/43,0,0,0,0,0,0
2024/05/24 星期五 00:42:20.466,1716482540466,NH-DC-NM129-B05-ROCE-Leaf-3.GPU.S9825,FourHundredGigE1/0/43,3236,12041816,4243,11891146,0.02,0.02
2024/05/24 星期五 00:42:20.967,1716482540967,NH-DC-NM129-B05-ROCE-Leaf-3.GPU.S9825,FourHundredGigE1/0/43,0,0,0,0,0,0
2024/05/24 星期五 00:42:21.467,1716482541467,NH-DC-NM129-B05-ROCE-Leaf-3.GPU.S9825,FourHundredGigE1/0/43,154114,631610104,192799,738924340,1.58,1.82
2024/05/24 星期五 00:42:21.983,1716482541983,NH-DC-NM129-B05-ROCE-Leaf-3.GPU.S9825,FourHundredGigE1/0/43,0,0,0,0,0,0
2024/05/24 星期五 00:42:22.486,1716482542486,NH-DC-NM129-B05-ROCE-Leaf-3.GPU.S9825,FourHundredGigE1/0/43,4181,11902954,3201,11805538,0.02,0.02
2024/05/24 星期五 00:42:23.428,1716482543428,NH-DC-NM129-B05-ROCE-Leaf-3.GPU.S9825,FourHundredGigE1/0/43,6406,23644076,13520,12644256,0.03,0.01
2024/05/24 星期五 00:42:24.122,1716482544122,NH-DC-NM129-B05-ROCE-Leaf-3.GPU.S9825,FourHundredGigE1/0/43,6858,12865536,34082,130585140,0.02,0.23
2024/05/24 星期五 00:42:24.637,1716482544637,NH-DC-NM129-B05-ROCE-Leaf-3.GPU.S9825,FourHundredGigE1/0/43,0,0,0,0,0,0
2024/05/24 星期五 00:42:25.138,1716482545138,NH-DC-NM129-B05-ROCE-Leaf-3.GPU.S9825,FourHundredGigE1/0/43,96624,381167524,168400,654560868,0.95,1.62
2024/05/24 星期五 00:42:25.641,1716482545641,NH-DC-NM129-B05-ROCE-Leaf-3.GPU.S9825,FourHundredGigE1/0/43,0,0,0,0,0,0
2024/05/24 星期五 00:42:26.143,1716482546143,NH-DC-NM129-B05-ROCE-Leaf-3.GPU.S9825,FourHundredGigE1/0/43,200722,751411564,5484,11990532,1.87,0.02
2024/05/24 星期五 00:42:27.123,1716482547123,NH-DC-NM129-B05-ROCE-Leaf-3.GPU.S9825,FourHundredGigE1/0/43,0,0,1521,124586,0,0
2024/05/24 星期五 00:42:27.625,1716482547625,NH-DC-NM129-B05-ROCE-Leaf-3.GPU.S9825,FourHundredGigE1/0/43,0,0,0,0,0,0
2024/05/24 星期五 00:42:28.224,1716482548224,NH-DC-NM129-B05-ROCE-Leaf-3.GPU.S9825,FourHundredGigE1/0/43,71667,276325802,179582,737839152,0.56,1.52
2024/05/24 星期五 00:42:28.794,1716482548794,NH-DC-NM129-B05-ROCE-Leaf-3.GPU.S9825,FourHundredGigE1/0/43,0,0,0,0,0,0
2024/05/24 星期五 00:42:29.305,1716482549305,NH-DC-NM129-B05-ROCE-Leaf-3.GPU.S9825,FourHundredGigE1/0/43,9554,35241524,1034,84912,0.07,0
2024/05/24 星期五 00:42:29.922,1716482549922,NH-DC-NM129-B05-ROCE-Leaf-3.GPU.S9825,FourHundredGigE1/0/43,116228,434556822,9668,789624,0.87,0
2024/05/24 星期五 00:42:30.763,1716482550763,NH-DC-NM129-B05-ROCE-Leaf-3.GPU.S9825,FourHundredGigE1/0/43,0,0,0,0,0,0
2024/05/24 星期五 00:42:31.264,1716482551264,NH-DC-NM129-B05-ROCE-Leaf-3.GPU.S9825,FourHundredGigE1/0/43,54646,198965722,32059,87495714,0.47,0.20
2024/05/24 星期五 00:42:31.822,1716482551822,NH-DC-NM129-B05-ROCE-Leaf-3.GPU.S9825,FourHundredGigE1/0/43,0,0,0,0,0,0
2024/05/24 星期五 00:42:32.322,1716482552322,NH-DC-NM129-B05-ROCE-Leaf-3.GPU.S9825,FourHundredGigE1/0/43,294534,1170916560,35769,92511306,2.92,0.22
2024/05/24 星期五 00:42:32.822,1716482552822,NH-DC-NM129-B05-ROCE-Leaf-3.GPU.S9825,FourHundredGigE1/0/43,0,0,0,0,0,0
2024/05/24 星期五 00:42:33.341,1716482553341,NH-DC-NM129-B05-ROCE-Leaf-3.GPU.S9825,FourHundredGigE1/0/43,16867,59128412,25505,76159698,0.12,0.17
2024/05/24 星期五 00:42:34.403,1716482554403,NH-DC-NM129-B05-ROCE-Leaf-3.GPU.S9825,FourHundredGigE1/0/43,40183,145994084,7290,11762036,0.16,0.01
2024/05/24 星期五 00:42:35.057,1716482555057,NH-DC-NM129-B05-ROCE-Leaf-3.GPU.S9825,FourHundredGigE1/0/43,19316,72875560,23777,74533850,0.13,0.13
2024/05/24 星期五 00:42:35.609,1716482555609,NH-DC-NM129-B05-ROCE-Leaf-3.GPU.S9825,FourHundredGigE1/0/43,0,0,0,0,0,0
2024/05/24 星期五 00:42:36.109,1716482556109,NH-DC-NM129-B05-ROCE-Leaf-3.GPU.S9825,FourHundredGigE1/0/43,279447,1142039062,293280,1154904792,2.85,2.88
2024/05/24 星期五 00:42:36.611,1716482556611,NH-DC-NM129-B05-ROCE-Leaf-3.GPU.S9825,FourHundredGigE1/0/43,0,0,0,0,0,0
2024/05/24 星期五 00:42:37.143,1716482557143,NH-DC-NM129-B05-ROCE-Leaf-3.GPU.S9825,FourHundredGigE1/0/43,15922,36472488,49920,173724120,0.07,0.40
2024/05/24 星期五 00:42:37.976,1716482557976,NH-DC-NM129-B05-ROCE-Leaf-3.GPU.S9825,FourHundredGigE1/0/43,0,0,0,0,0,0
2024/05/24 星期五 00:42:38.532,1716482558532,NH-DC-NM129-B05-ROCE-Leaf-3.GPU.S9825,FourHundredGigE1/0/43,7822,27909628,3712,11847680,0.04,0.02
2024/05/24 星期五 00:42:39.110,1716482559110,NH-DC-NM129-B05-ROCE-Leaf-3.GPU.S9825,FourHundredGigE1/0/43,178158,737796612,318838,1269791308,1.58,2.72
2024/05/24 星期五 00:42:39.614,1716482559614,NH-DC-NM129-B05-ROCE-Leaf-3.GPU.S9825,FourHundredGigE1/0/43,0,0,0,0,0,0
2024/05/24 星期五 00:42:40.114,1716482560114,NH-DC-NM129-B05-ROCE-Leaf-3.GPU.S9825,FourHundredGigE1/0/43,46921,163097994,6655,12092590,0.4,0.02
2024/05/24 星期五 00:42:40.765,1716482560765,NH-DC-NM129-B05-ROCE-Leaf-3.GPU.S9825,FourHundredGigE1/0/43,0,0,0,0,0,0
2024/05/24 星期五 00:42:41.444,1716482561444,NH-DC-NM129-B05-ROCE-Leaf-3.GPU.S9825,FourHundredGigE1/0/43,25208,81809867,25185,84472518,0.15,0.15
2024/05/24 星期五 00:42:42.009,1716482562009,NH-DC-NM129-B05-ROCE-Leaf-3.GPU.S9825,FourHundredGigE1/0/43,5935,21254078,33743,117154554,0.04,0.24
2024/05/24 星期五 00:42:42.616,1716482562616,NH-DC-NM129-B05-ROCE-Leaf-3.GPU.S9825,FourHundredGigE1/0/43,0,0,0,0,0,0
2024/05/24 星期五 00:42:43.138,1716482563138,NH-DC-NM129-B05-ROCE-Leaf-3.GPU.S9825,FourHundredGigE1/0/43,410496,1679410152,116597,447095202,4.00,1.05
2024/05/24 星期五 00:42:43.683,1716482563683,NH-DC-NM129-B05-ROCE-Leaf-3.GPU.S9825,FourHundredGigE1/0/43,0,0,0,0,0,0
2024/05/24 星期五 00:42:44.374,1716482564374,NH-DC-NM129-B05-ROCE-Leaf-3.GPU.S9825,FourHundredGigE1/0/43,26632,74817584,32681,121324090,0.13,0.22
2024/05/24 星期五 00:42:45.109,1716482565109,NH-DC-NM129-B05-ROCE-Leaf-3.GPU.S9825,FourHundredGigE1/0/43,7352,23494016,32022,112933044,0.03,0.19
2024/05/24 星期五 00:42:46.432,1716482566432,NH-DC-NM129-B05-ROCE-Leaf-3.GPU.S9825,FourHundredGigE1/0/43,199083,808707434,218276,828319480,0.76,0.77
2024/05/24 星期五 00:42:47.716,1716482567716,NH-DC-NM129-B05-ROCE-Leaf-3.GPU.S9825,FourHundredGigE1/0/43,0,0,0,0,0,0
2024/05/24 星期五 00:42:48.343,1716482568343,NH-DC-NM129-B05-ROCE-Leaf-3.GPU.S9825,FourHundredGigE1/0/43,16068,42593444,10759,23586110,0.08,0.04
2024/05/24 星期五 00:42:48.927,1716482568927,NH-DC-NM129-B05-ROCE-Leaf-3.GPU.S9825,FourHundredGigE1/0/43,37144,123397632,8259,11105326,0.26,0.02
2024/05/24 星期五 00:42:49.608,1716482569608,NH-DC-NM129-B05-ROCE-Leaf-3.GPU.S9825,FourHundredGigE1/0/43,0,0,0,0,0,0
2024/05/24 星期五 00:42:50.111,1716482570111,NH-DC-NM129-B05-ROCE-Leaf-3.GPU.S9825,FourHundredGigE1/0/43,326447,1308135586,107975,422142370,3.23,1.04
2024/05/24 星期五 00:42:50.681,1716482570681,NH-DC-NM129-B05-ROCE-Leaf-3.GPU.S9825,FourHundredGigE1/0/43,0,0,0,0,0,0
2024/05/24 星期五 00:42:51.506,1716482571506,NH-DC-NM129-B05-ROCE-Leaf-3.GPU.S9825,FourHundredGigE1/0/43,23297,72266602,34206,120698756,0.11,0.18
2024/05/24 星期五 00:42:52.068,1716482572068,NH-DC-NM129-B05-ROCE-Leaf-3.GPU.S9825,FourHundredGigE1/0/43,34439,127969422,4847,11939566,0.27,0.02
2024/05/24 星期五 00:42:52.640,1716482572640,NH-DC-NM129-B05-ROCE-Leaf-3.GPU.S9825,FourHundredGigE1/0/43,0,0,0,0,0,0
2024/05/24 星期五 00:42:53.211,1716482573211,NH-DC-NM129-B05-ROCE-Leaf-3.GPU.S9825,FourHundredGigE1/0/43,22665,70091446,42176,135612252,0.15,0.28
2024/05/24 星期五 00:42:53.716,1716482573716,NH-DC-NM129-B05-ROCE-Leaf-3.GPU.S9825,FourHundredGigE1/0/43,0,0,0,0,0,0
2024/05/24 星期五 00:42:54.288,1716482574288,NH-DC-NM129-B05-ROCE-Leaf-3.GPU.S9825,FourHundredGigE1/0/43,24155,75108510,407584,1638306420,0.15,3.56
2024/05/24 星期五 00:42:55.367,1716482575367,NH-DC-NM129-B05-ROCE-Leaf-3.GPU.S9825,FourHundredGigE1/0/43,14100,28335460,49379,172426030,0.02,0.20
2024/05/24 星期五 00:42:55.868,1716482575868,NH-DC-NM129-B05-ROCE-Leaf-3.GPU.S9825,FourHundredGigE1/0/43,0,0,0,0,0,0
2024/05/24 星期五 00:42:56.513,1716482576513,NH-DC-NM129-B05-ROCE-Leaf-3.GPU.S9825,FourHundredGigE1/0/43,65309,228854006,1,86,0.43,0
2024/05/24 星期五 00:42:57.437,1716482577437,NH-DC-NM129-B05-ROCE-Leaf-3.GPU.S9825,FourHundredGigE1/0/43,63142,200916828,50640,191261912,0.27,0.26
2024/05/24 星期五 00:42:58.149,1716482578149,NH-DC-NM129-B05-ROCE-Leaf-3.GPU.S9825,FourHundredGigE1/0/43,5525,11776226,18874,58836040,0.02,0.09
2024/05/24 星期五 00:42:58.838,1716482578838,NH-DC-NM129-B05-ROCE-Leaf-3.GPU.S9825,FourHundredGigE1/0/43,0,0,0,0,0,0
2024/05/24 星期五 00:42:59.339,1716482579339,NH-DC-NM129-B05-ROCE-Leaf-3.GPU.S9825,FourHundredGigE1/0/43,6861,23453074,510,41844,0.05,0
2024/05/24 星期五 00:42:59.974,1716482579974,NH-DC-NM129-B05-ROCE-Leaf-3.GPU.S9825,FourHundredGigE1/0/43,0,0,0,0,0,0
2024/05/24 星期五 00:43:00.474,1716482580474,NH-DC-NM129-B05-ROCE-Leaf-3.GPU.S9825,FourHundredGigE1/0/43,34793,108466618,21140,63887572,0.25,0.15
2024/05/24 星期五 00:43:00.978,1716482580978,NH-DC-NM129-B05-ROCE-Leaf-3.GPU.S9825,FourHundredGigE1/0/43,288961,1165988990,247269,940206170,2.88,2.33
2024/05/24 星期五 00:43:01.629,1716482581629,NH-DC-NM129-B05-ROCE-Leaf-3.GPU.S9825,FourHundredGigE1/0/43,0,0,0,0,0,0
2024/05/24 星期五 00:43:02.302,1716482582302,NH-DC-NM129-B05-ROCE-Leaf-3.GPU.S9825,FourHundredGigE1/0/43,45316,146502932,27635,80309790,0.26,0.15
2024/05/24 星期五 00:43:02.879,1716482582879,NH-DC-NM129-B05-ROCE-Leaf-3.GPU.S9825,FourHundredGigE1/0/43,0,0,0,0,0,0
2024/05/24 星期五 00:43:03.438,1716482583438,NH-DC-NM129-B05-ROCE-Leaf-3.GPU.S9825,FourHundredGigE1/0/43,40637,142473194,5470,11737808,0.31,0.02
2024/05/24 星期五 00:43:03.938,1716482583938,NH-DC-NM129-B05-ROCE-Leaf-3.GPU.S9825,FourHundredGigE1/0/43,0,0,0,0,0,0
2024/05/24 星期五 00:43:04.442,1716482584442,NH-DC-NM129-B05-ROCE-Leaf-3.GPU.S9825,FourHundredGigE1/0/43,9536,35941820,18783,54342594,0.07,0.12
2024/05/24 星期五 00:43:05.263,1716482585263,NH-DC-NM129-B05-ROCE-Leaf-3.GPU.S9825,FourHundredGigE1/0/43,221066,864557296,453019,1856478998,1.31,2.82
2024/05/24 星期五 00:43:05.860,1716482585860,NH-DC-NM129-B05-ROCE-Leaf-3.GPU.S9825,FourHundredGigE1/0/43,0,0,0,0,0,0
2024/05/24 星期五 00:43:06.406,1716482586406,NH-DC-NM129-B05-ROCE-Leaf-3.GPU.S9825,FourHundredGigE1/0/43,43584,132796524,6472,12071120,0.30,0.02
2024/05/24 星期五 00:43:06.986,1716482586986,NH-DC-NM129-B05-ROCE-Leaf-3.GPU.S9825,FourHundredGigE1/0/43,0,0,0,0,0,0
2024/05/24 星期五 00:43:07.495,1716482587495,NH-DC-NM129-B05-ROCE-Leaf-3.GPU.S9825,FourHundredGigE1/0/43,28971,102905790,48376,156859892,0.25,0.37
2024/05/24 星期五 00:43:08.052,1716482588052,NH-DC-NM129-B05-ROCE-Leaf-3.GPU.S9825,FourHundredGigE1/0/43,226803,889062876,42674,138231616,1.97,0.29
2024/05/24 星期五 00:43:08.781,1716482588781,NH-DC-NM129-B05-ROCE-Leaf-3.GPU.S9825,FourHundredGigE1/0/43,0,0,0,0,0,0
2024/05/24 星期五 00:43:09.318,1716482589318,NH-DC-NM129-B05-ROCE-Leaf-3.GPU.S9825,FourHundredGigE1/0/43,83005,326114660,7563,613954,0.74,0
2024/05/24 星期五 00:43:09.903,1716482589903,NH-DC-NM129-B05-ROCE-Leaf-3.GPU.S9825,FourHundredGigE1/0/43,0,0,0,0,0,0
2024/05/24 星期五 00:43:10.463,1716482590463,NH-DC-NM129-B05-ROCE-Leaf-3.GPU.S9825,FourHundredGigE1/0/43,41475,165181486,3111,11423382,0.36,0.02
2024/05/24 星期五 00:43:10.966,1716482590966,NH-DC-NM129-B05-ROCE-Leaf-3.GPU.S9825,FourHundredGigE1/0/43,0,0,0,0,0,0
2024/05/24 星期五 00:43:11.523,1716482591523,NH-DC-NM129-B05-ROCE-Leaf-3.GPU.S9825,FourHundredGigE1/0/43,48061,171898341,6194,21091204,0.38,0.04
2024/05/24 星期五 00:43:12.323,1716482592323,NH-DC-NM129-B05-ROCE-Leaf-3.GPU.S9825,FourHundredGigE1/0/43,331766,1334655144,208655,751373708,2.08,1.17
2024/05/24 星期五 00:43:13.488,1716482593488,NH-DC-NM129-B05-ROCE-Leaf-3.GPU.S9825,FourHundredGigE1/0/43,3650,11630508,8594,11865876,0.01,0.01
2024/05/24 星期五 00:43:13.990,1716482593990,NH-DC-NM129-B05-ROCE-Leaf-3.GPU.S9825,FourHundredGigE1/0/43,0,0,0,0,0,0
2024/05/24 星期五 00:43:14.493,1716482594493,NH-DC-NM129-B05-ROCE-Leaf-3.GPU.S9825,FourHundredGigE1/0/43,0,0,13061,34958214,0,0.07
2024/05/24 星期五 00:43:15.103,1716482595103,NH-DC-NM129-B05-ROCE-Leaf-3.GPU.S9825,FourHundredGigE1/0/43,208099,697502438,7741,23721770,1.41,0.04
2024/05/24 星期五 00:43:15.744,1716482595744,NH-DC-NM129-B05-ROCE-Leaf-3.GPU.S9825,FourHundredGigE1/0/43,0,0,0,0,0,0
2024/05/24 星期五 00:43:16.356,1716482596356,NH-DC-NM129-B05-ROCE-Leaf-3.GPU.S9825,FourHundredGigE1/0/43,276239,997580922,18414,58468312,2.02,0.10
2024/05/24 星期五 00:43:16.922,1716482596922,NH-DC-NM129-B05-ROCE-Leaf-3.GPU.S9825,FourHundredGigE1/0/43,0,0,0,0,0,0
2024/05/24 星期五 00:43:17.421,1716482597421,NH-DC-NM129-B05-ROCE-Leaf-3.GPU.S9825,FourHundredGigE1/0/43,539,114186,4116,11505960,0,0.03
2024/05/24 星期五 00:43:17.944,1716482597944,NH-DC-NM129-B05-ROCE-Leaf-3.GPU.S9825,FourHundredGigE1/0/43,0,0,0,0,0,0
2024/05/24 星期五 00:43:18.521,1716482598521,NH-DC-NM129-B05-ROCE-Leaf-3.GPU.S9825,FourHundredGigE1/0/43,21448,76250144,3611,11464106,0.15,0.02
2024/05/24 星期五 00:43:19.133,1716482599133,NH-DC-NM129-B05-ROCE-Leaf-3.GPU.S9825,FourHundredGigE1/0/43,27640,94848796,14895,24284254,0.18,0.04
2024/05/24 星期五 00:43:19.761,1716482599761,NH-DC-NM129-B05-ROCE-Leaf-3.GPU.S9825,FourHundredGigE1/0/43,0,0,0,0,0,0
2024/05/24 星期五 00:43:20.324,1716482600324,NH-DC-NM129-B05-ROCE-Leaf-3.GPU.S9825,FourHundredGigE1/0/43,208654,860224592,182318,749611820,1.91,1.64
2024/05/24 星期五 00:43:20.843,1716482600843,NH-DC-NM129-B05-ROCE-Leaf-3.GPU.S9825,FourHundredGigE1/0/43,0,0,0,0,0,0
2024/05/24 星期五 00:43:21.343,1716482601343,NH-DC-NM129-B05-ROCE-Leaf-3.GPU.S9825,FourHundredGigE1/0/43,7354,23493816,328890,1249122120,0.05,3.1
2024/05/24 星期五 00:43:22.047,1716482602047,NH-DC-NM129-B05-ROCE-Leaf-3.GPU.S9825,FourHundredGigE1/0/43,16109,43046386,12282,35258756,0.07,0.05
2024/05/24 星期五 00:43:22.674,1716482602674,NH-DC-NM129-B05-ROCE-Leaf-3.GPU.S9825,FourHundredGigE1/0/43,0,0,0,0,0,0
2024/05/24 星期五 00:43:23.246,1716482603246,NH-DC-NM129-B05-ROCE-Leaf-3.GPU.S9825,FourHundredGigE1/0/43,493314,2012727476,84050,232247188,4.39,0.50
2024/05/24 星期五 00:43:23.964,1716482603964,NH-DC-NM129-B05-ROCE-Leaf-3.GPU.S9825,FourHundredGigE1/0/43,0,0,0,0,0,0
2024/05/24 星期五 00:43:24.466,1716482604466,NH-DC-NM129-B05-ROCE-Leaf-3.GPU.S9825,FourHundredGigE1/0/43,23454,55533292,12956,32724816,0.12,0.07
2024/05/24 星期五 00:43:25.011,1716482605011,NH-DC-NM129-B05-ROCE-Leaf-3.GPU.S9825,FourHundredGigE1/0/43,65624,195807396,48798,176164312,0.44,0.39
2024/05/24 星期五 00:43:25.641,1716482605641,NH-DC-NM129-B05-ROCE-Leaf-3.GPU.S9825,FourHundredGigE1/0/43,0,0,0,0,0,0
2024/05/24 星期五 00:43:26.347,1716482606347,NH-DC-NM129-B05-ROCE-Leaf-3.GPU.S9825,FourHundredGigE1/0/43,9340,32622792,83460,299866880,0.05,0.51
2024/05/24 星期五 00:43:26.930,1716482606930,NH-DC-NM129-B05-ROCE-Leaf-3.GPU.S9825,FourHundredGigE1/0/43,0,0,0,0,0,0
2024/05/24 星期五 00:43:27.434,1716482607434,NH-DC-NM129-B05-ROCE-Leaf-3.GPU.S9825,FourHundredGigE1/0/43,225062,903396996,188688,763334008,2.23,1.88
2024/05/24 星期五 00:43:27.952,1716482607952,NH-DC-NM129-B05-ROCE-Leaf-3.GPU.S9825,FourHundredGigE1/0/43,0,0,0,0,0,0
2024/05/24 星期五 00:43:28.586,1716482608586,NH-DC-NM129-B05-ROCE-Leaf-3.GPU.S9825,FourHundredGigE1/0/43,24503,83992262,26299,90769366,0.16,0.18
2024/05/24 星期五 00:43:29.215,1716482609215,NH-DC-NM129-B05-ROCE-Leaf-3.GPU.S9825,FourHundredGigE1/0/43,21249,33920034,19600,57210508,0.06,0.10
2024/05/24 星期五 00:43:29.956,1716482609956,NH-DC-NM129-B05-ROCE-Leaf-3.GPU.S9825,FourHundredGigE1/0/43,23573,58835638,8626,11866836,0.08,0.02
2024/05/24 星期五 00:43:30.549,1716482610549,NH-DC-NM129-B05-ROCE-Leaf-3.GPU.S9825,FourHundredGigE1/0/43,0,0,0,0,0,0
2024/05/24 星期五 00:43:31.055,1716482611055,NH-DC-NM129-B05-ROCE-Leaf-3.GPU.S9825,FourHundredGigE1/0/43,11369,25358618,15286,48907688,0.05,0.10
2024/05/24 星期五 00:43:31.557,1716482611557,NH-DC-NM129-B05-ROCE-Leaf-3.GPU.S9825,FourHundredGigE1/0/43,0,0,0,0,0,0
2024/05/24 星期五 00:43:32.359,1716482612359,NH-DC-NM129-B05-ROCE-Leaf-3.GPU.S9825,FourHundredGigE1/0/43,47117,158039046,85397,301621298,0.23,0.47
2024/05/24 星期五 00:43:32.912,1716482612912,NH-DC-NM129-B05-ROCE-Leaf-3.GPU.S9825,FourHundredGigE1/0/43,0,0,0,0,0,0
2024/05/24 星期五 00:43:33.594,1716482613594,NH-DC-NM129-B05-ROCE-Leaf-3.GPU.S9825,FourHundredGigE1/0/43,74890,258189308,41901,147566262,0.46,0.26
2024/05/24 星期五 00:43:34.325,1716482614325,NH-DC-NM129-B05-ROCE-Leaf-3.GPU.S9825,FourHundredGigE1/0/43,400275,1618615652,101273,392569086,2.75,0.67
2024/05/24 星期五 00:43:34.827,1716482614827,NH-DC-NM129-B05-ROCE-Leaf-3.GPU.S9825,FourHundredGigE1/0/43,0,0,0,0,0,0
2024/05/24 星期五 00:43:35.501,1716482615501,NH-DC-NM129-B05-ROCE-Leaf-3.GPU.S9825,FourHundredGigE1/0/43,5619,2643192,30545,65451434,0,0.11
2024/05/24 星期五 00:43:36.124,1716482616124,NH-DC-NM129-B05-ROCE-Leaf-3.GPU.S9825,FourHundredGigE1/0/43,69213,248738262,24610,83211640,0.48,0.16
2024/05/24 星期五 00:43:36.774,1716482616774,NH-DC-NM129-B05-ROCE-Leaf-3.GPU.S9825,FourHundredGigE1/0/43,0,0,0,0,0,0
2024/05/24 星期五 00:43:37.346,1716482617346,NH-DC-NM129-B05-ROCE-Leaf-3.GPU.S9825,FourHundredGigE1/0/43,935,3364426,26247,76937218,0,0.15
2024/05/24 星期五 00:43:37.856,1716482617856,NH-DC-NM129-B05-ROCE-Leaf-3.GPU.S9825,FourHundredGigE1/0/43,0,0,0,0,0,0
2024/05/24 星期五 00:43:38.355,1716482618355,NH-DC-NM129-B05-ROCE-Leaf-3.GPU.S9825,FourHundredGigE1/0/43,128983,498513866,462954,1878802140,1.23,4.68
2024/05/24 星期五 00:43:39.101,1716482619101,NH-DC-NM129-B05-ROCE-Leaf-3.GPU.S9825,FourHundredGigE1/0/43,8435,23776330,83303,296918622,0.03,0.49
2024/05/24 星期五 00:43:39.653,1716482619653,NH-DC-NM129-B05-ROCE-Leaf-3.GPU.S9825,FourHundredGigE1/0/43,0,0,0,0,0,0
2024/05/24 星期五 00:43:40.299,1716482620299,NH-DC-NM129-B05-ROCE-Leaf-3.GPU.S9825,FourHundredGigE1/0/43,45984,166051560,29956,76153108,0.31,0.14
2024/05/24 星期五 00:43:40.857,1716482620857,NH-DC-NM129-B05-ROCE-Leaf-3.GPU.S9825,FourHundredGigE1/0/43,0,0,0,0,0,0
2024/05/24 星期五 00:43:41.357,1716482621357,NH-DC-NM129-B05-ROCE-Leaf-3.GPU.S9825,FourHundredGigE1/0/43,112803,412253673,217743,863812658,1.02,2.15
2024/05/24 星期五 00:43:41.937,1716482621937,NH-DC-NM129-B05-ROCE-Leaf-3.GPU.S9825,FourHundredGigE1/0/43,19694,60004748,39694,111914584,0.13,0.24
2024/05/24 星期五 00:43:42.658,1716482622658,NH-DC-NM129-B05-ROCE-Leaf-3.GPU.S9825,FourHundredGigE1/0/43,0,0,0,0,0,0
2024/05/24 星期五 00:43:43.158,1716482623158,NH-DC-NM129-B05-ROCE-Leaf-3.GPU.S9825,FourHundredGigE1/0/43,48308,167945948,24090,83638608,0.4,0.2
2024/05/24 星期五 00:43:43.769,1716482623769,NH-DC-NM129-B05-ROCE-Leaf-3.GPU.S9825,FourHundredGigE1/0/43,0,0,0,0,0,0
2024/05/24 星期五 00:43:44.360,1716482624360,NH-DC-NM129-B05-ROCE-Leaf-3.GPU.S9825,FourHundredGigE1/0/43,9358,2165360,21767,66385014,0,0.13
2024/05/24 星期五 00:43:44.889,1716482624889,NH-DC-NM129-B05-ROCE-Leaf-3.GPU.S9825,FourHundredGigE1/0/43,0,0,0,0,0,0
2024/05/24 星期五 00:43:45.442,1716482625442,NH-DC-NM129-B05-ROCE-Leaf-3.GPU.S9825,FourHundredGigE1/0/43,291433,1095215510,358487,1383552018,2.46,3.12
2024/05/24 星期五 00:43:47.811,1716482627811,NH-DC-NM129-B05-ROCE-Leaf-3.GPU.S9825,FourHundredGigE1/0/43,16872,12930400,21704,75152892,0.01,0.04
2024/05/24 星期五 00:43:48.328,1716482628328,NH-DC-NM129-B05-ROCE-Leaf-3.GPU.S9825,FourHundredGigE1/0/43,36750,100556604,187084,759505120,0.24,1.81
2024/05/24 星期五 00:43:48.832,1716482628832,NH-DC-NM129-B05-ROCE-Leaf-3.GPU.S9825,FourHundredGigE1/0/43,0,0,0,0,0,0
2024/05/24 星期五 00:43:49.416,1716482629416,NH-DC-NM129-B05-ROCE-Leaf-3.GPU.S9825,FourHundredGigE1/0/43,112013,438610658,110488,447561788,0.92,0.94
2024/05/24 星期五 00:43:50.026,1716482630026,NH-DC-NM129-B05-ROCE-Leaf-3.GPU.S9825,FourHundredGigE1/0/43,50204,151363512,22270,75191792,0.31,0.14
2024/05/24 星期五 00:43:50.910,1716482630910,NH-DC-NM129-B05-ROCE-Leaf-3.GPU.S9825,FourHundredGigE1/0/43,0,0,0,0,0,0
2024/05/24 星期五 00:43:51.694,1716482631694,NH-DC-NM129-B05-ROCE-Leaf-3.GPU.S9825,FourHundredGigE1/0/43,13810,46699688,87035,327151406,0.06,0.51
2024/05/24 星期五 00:43:52.216,1716482632216,NH-DC-NM129-B05-ROCE-Leaf-3.GPU.S9825,FourHundredGigE1/0/43,211609,770905570,117750,470110456,1.84,1.13
2024/05/24 星期五 00:43:52.789,1716482632789,NH-DC-NM129-B05-ROCE-Leaf-3.GPU.S9825,FourHundredGigE1/0/43,0,0,0,0,0,0
2024/05/24 星期五 00:43:53.290,1716482633290,NH-DC-NM129-B05-ROCE-Leaf-3.GPU.S9825,FourHundredGigE1/0/43,18554,67320624,240036,823548604,0.15,2.05
2024/05/24 星期五 00:43:53.938,1716482633938,NH-DC-NM129-B05-ROCE-Leaf-3.GPU.S9825,FourHundredGigE1/0/43,4128,11670240,332791,1171226766,0.02,2.26
2024/05/24 星期五 00:43:54.926,1716482634926,NH-DC-NM129-B05-ROCE-Leaf-3.GPU.S9825,FourHundredGigE1/0/43,0,0,0,0,0,0
2024/05/24 星期五 00:43:55.429,1716482635429,NH-DC-NM129-B05-ROCE-Leaf-3.GPU.S9825,FourHundredGigE1/0/43,78056,187981280,211654,740148496,0.45,1.84
2024/05/24 星期五 00:43:55.931,1716482635931,NH-DC-NM129-B05-ROCE-Leaf-3.GPU.S9825,FourHundredGigE1/0/43,0,0,0,0,0,0
2024/05/24 星期五 00:43:56.438,1716482636438,NH-DC-NM129-B05-ROCE-Leaf-3.GPU.S9825,FourHundredGigE1/0/43,75015,25300742,151190,619015180,0.05,1.50
2024/05/24 星期五 00:43:56.942,1716482636942,NH-DC-NM129-B05-ROCE-Leaf-3.GPU.S9825,FourHundredGigE1/0/43,0,0,0,0,0,0
2024/05/24 星期五 00:43:57.455,1716482637455,NH-DC-NM129-B05-ROCE-Leaf-3.GPU.S9825,FourHundredGigE1/0/43,199109,756131594,4732,11808968,1.83,0.02
2024/05/24 星期五 00:43:58.326,1716482638326,NH-DC-NM129-B05-ROCE-Leaf-3.GPU.S9825,FourHundredGigE1/0/43,187956,740209248,8303,12226602,1.06,0.01
2024/05/24 星期五 00:43:59.175,1716482639175,NH-DC-NM129-B05-ROCE-Leaf-3.GPU.S9825,FourHundredGigE1/0/43,32191,120627490,12,1144,0.18,0
2024/05/24 星期五 00:44:00.671,1716482640671,NH-DC-NM129-B05-ROCE-Leaf-3.GPU.S9825,FourHundredGigE1/0/43,171147,633421910,269772,1106790216,0.53,0.92
2024/05/24 星期五 00:44:01.338,1716482641338,NH-DC-NM129-B05-ROCE-Leaf-3.GPU.S9825,FourHundredGigE1/0/43,3712,11863836,3126,11424380,0.02,0.02
2024/05/24 星期五 00:44:02.001,1716482642001,NH-DC-NM129-B05-ROCE-Leaf-3.GPU.S9825,FourHundredGigE1/0/43,0,0,0,0,0,0
2024/05/24 星期五 00:44:02.505,1716482642505,NH-DC-NM129-B05-ROCE-Leaf-3.GPU.S9825,FourHundredGigE1/0/43,60351,213405430,4719,11554950,0.52,0.02
2024/05/24 星期五 00:44:03.026,1716482643026,NH-DC-NM129-B05-ROCE-Leaf-3.GPU.S9825,FourHundredGigE1/0/43,0,0,0,0,0,0
2024/05/24 星期五 00:44:03.545,1716482643545,NH-DC-NM129-B05-ROCE-Leaf-3.GPU.S9825,FourHundredGigE1/0/43,331075,1263629264,20645,45942926,3.03,0.10
2024/05/24 星期五 00:44:04.046,1716482644046,NH-DC-NM129-B05-ROCE-Leaf-3.GPU.S9825,FourHundredGigE1/0/43,74160,231279074,54132,169562700,0.57,0.40
2024/05/24 星期五 00:44:04.721,1716482644721,NH-DC-NM129-B05-ROCE-Leaf-3.GPU.S9825,FourHundredGigE1/0/43,0,0,0,0,0,0
2024/05/24 星期五 00:44:05.466,1716482645466,NH-DC-NM129-B05-ROCE-Leaf-3.GPU.S9825,FourHundredGigE1/0/43,68205,250361246,46620,133998892,0.42,0.22
2024/05/24 星期五 00:44:05.969,1716482645969,NH-DC-NM129-B05-ROCE-Leaf-3.GPU.S9825,FourHundredGigE1/0/43,0,0,0,0,0,0
2024/05/24 星期五 00:44:06.494,1716482646494,NH-DC-NM129-B05-ROCE-Leaf-3.GPU.S9825,FourHundredGigE1/0/43,12841,24047712,33957,103175426,0.05,0.24
2024/05/24 星期五 00:44:07.075,1716482647075,NH-DC-NM129-B05-ROCE-Leaf-3.GPU.S9825,FourHundredGigE1/0/43,0,0,0,0,0,0
2024/05/24 星期五 00:44:07.575,1716482647575,NH-DC-NM129-B05-ROCE-Leaf-3.GPU.S9825,FourHundredGigE1/0/43,118680,401194918,26682,99636476,1,0.22
2024/05/24 星期五 00:44:08.201,1716482648201,NH-DC-NM129-B05-ROCE-Leaf-3.GPU.S9825,FourHundredGigE1/0/43,39386,144764536,10970,35244696,0.28,0.06
2024/05/24 星期五 00:44:09.003,1716482649003,NH-DC-NM129-B05-ROCE-Leaf-3.GPU.S9825,FourHundredGigE1/0/43,12119,28987150,1080,87912,0.03,0
2024/05/24 星期五 00:44:09.505,1716482649505,NH-DC-NM129-B05-ROCE-Leaf-3.GPU.S9825,FourHundredGigE1/0/43,0,0,0,0,0,0
2024/05/24 星期五 00:44:10.065,1716482650065,NH-DC-NM129-B05-ROCE-Leaf-3.GPU.S9825,FourHundredGigE1/0/43,69149,277788882,65069,220414982,0.60,0.49
2024/05/24 星期五 00:44:10.584,1716482650584,NH-DC-NM129-B05-ROCE-Leaf-3.GPU.S9825,FourHundredGigE1/0/43,0,0,0,0,0,0
2024/05/24 星期五 00:44:11.085,1716482651085,NH-DC-NM129-B05-ROCE-Leaf-3.GPU.S9825,FourHundredGigE1/0/43,46772,181637791,128625,461357514,0.45,1.15
2024/05/24 星期五 00:44:12.222,1716482652222,NH-DC-NM129-B05-ROCE-Leaf-3.GPU.S9825,FourHundredGigE1/0/43,5534,6311076,23066,52865824,0,0.05
2024/05/24 星期五 00:44:12.722,1716482652722,NH-DC-NM129-B05-ROCE-Leaf-3.GPU.S9825,FourHundredGigE1/0/43,0,0,0,0,0,0
2024/05/24 星期五 00:44:13.242,1716482653242,NH-DC-NM129-B05-ROCE-Leaf-3.GPU.S9825,FourHundredGigE1/0/43,36403,101944838,34453,117469798,0.24,0.26
2024/05/24 星期五 00:44:13.807,1716482653807,NH-DC-NM129-B05-ROCE-Leaf-3.GPU.S9825,FourHundredGigE1/0/43,0,0,0,0,0,0
2024/05/24 星期五 00:44:14.309,1716482654309,NH-DC-NM129-B05-ROCE-Leaf-3.GPU.S9825,FourHundredGigE1/0/43,54439,168739874,12554,18293068,0.40,0.02
2024/05/24 星期五 00:44:14.844,1716482654844,NH-DC-NM129-B05-ROCE-Leaf-3.GPU.S9825,FourHundredGigE1/0/43,0,0,0,0,0,0
2024/05/24 星期五 00:44:15.400,1716482655400,NH-DC-NM129-B05-ROCE-Leaf-3.GPU.S9825,FourHundredGigE1/0/43,13175,42601602,19341,60906350,0.09,0.13
2024/05/24 星期五 00:44:16.031,1716482656031,NH-DC-NM129-B05-ROCE-Leaf-3.GPU.S9825,FourHundredGigE1/0/43,18521,52936422,30261,82457182,0.10,0.16
2024/05/24 星期五 00:44:16.562,1716482656562,NH-DC-NM129-B05-ROCE-Leaf-3.GPU.S9825,FourHundredGigE1/0/43,0,0,0,0,0,0
2024/05/24 星期五 00:44:17.064,1716482657064,NH-DC-NM129-B05-ROCE-Leaf-3.GPU.S9825,FourHundredGigE1/0/43,0,0,0,0,0,0
2024/05/24 星期五 00:44:17.567,1716482657567,NH-DC-NM129-B05-ROCE-Leaf-3.GPU.S9825,FourHundredGigE1/0/43,30339,63944622,8302,24730448,0.15,0.05
2024/05/24 星期五 00:44:18.169,1716482658169,NH-DC-NM129-B05-ROCE-Leaf-3.GPU.S9825,FourHundredGigE1/0/43,323583,1301459586,52492,175945052,2.70,0.35
2024/05/24 星期五 00:44:18.814,1716482658814,NH-DC-NM129-B05-ROCE-Leaf-3.GPU.S9825,FourHundredGigE1/0/43,0,0,0,0,0,0
2024/05/24 星期五 00:44:19.417,1716482659417,NH-DC-NM129-B05-ROCE-Leaf-3.GPU.S9825,FourHundredGigE1/0/43,27153,84198706,14881,23543790,0.17,0.04
2024/05/24 星期五 00:44:19.930,1716482659930,NH-DC-NM129-B05-ROCE-Leaf-3.GPU.S9825,FourHundredGigE1/0/43,0,0,0,0,0,0
2024/05/24 星期五 00:44:20.430,1716482660430,NH-DC-NM129-B05-ROCE-Leaf-3.GPU.S9825,FourHundredGigE1/0/43,34506,100352052,4111,11505526,0.25,0.02
2024/05/24 星期五 00:44:20.933,1716482660933,NH-DC-NM129-B05-ROCE-Leaf-3.GPU.S9825,FourHundredGigE1/0/43,0,0,0,0,0,0
2024/05/24 星期五 00:44:21.437,1716482661437,NH-DC-NM129-B05-ROCE-Leaf-3.GPU.S9825,FourHundredGigE1/0/43,201746,768047564,225169,865920146,1.88,2.13
2024/05/24 星期五 00:44:22.114,1716482662114,NH-DC-NM129-B05-ROCE-Leaf-3.GPU.S9825,FourHundredGigE1/0/43,27087,100190678,35497,120238366,0.18,0.22
2024/05/24 星期五 00:44:22.743,1716482662743,NH-DC-NM129-B05-ROCE-Leaf-3.GPU.S9825,FourHundredGigE1/0/43,0,0,0,0,0,0
2024/05/24 星期五 00:44:23.246,1716482663246,NH-DC-NM129-B05-ROCE-Leaf-3.GPU.S9825,FourHundredGigE1/0/43,23514,90058472,10105,2937238,0.22,0
2024/05/24 星期五 00:44:24.101,1716482664101,NH-DC-NM129-B05-ROCE-Leaf-3.GPU.S9825,FourHundredGigE1/0/43,20228,62134460,30500,91349756,0.09,0.13
2024/05/24 星期五 00:44:24.620,1716482664620,NH-DC-NM129-B05-ROCE-Leaf-3.GPU.S9825,FourHundredGigE1/0/43,0,0,0,0,0,0
2024/05/24 星期五 00:44:25.236,1716482665236,NH-DC-NM129-B05-ROCE-Leaf-3.GPU.S9825,FourHundredGigE1/0/43,559628,2312414852,93924,367479280,4.69,0.73
2024/05/24 星期五 00:44:26.279,1716482666279,NH-DC-NM129-B05-ROCE-Leaf-3.GPU.S9825,FourHundredGigE1/0/43,6686,11894068,41685,144397378,0.01,0.17
2024/05/24 星期五 00:44:26.778,1716482666778,NH-DC-NM129-B05-ROCE-Leaf-3.GPU.S9825,FourHundredGigE1/0/43,0,0,0,0,0,0
2024/05/24 星期五 00:44:27.792,1716482667792,NH-DC-NM129-B05-ROCE-Leaf-3.GPU.S9825,FourHundredGigE1/0/43,8387,12082394,13799,24226394,0.01,0.02
2024/05/24 星期五 00:44:28.293,1716482668293,NH-DC-NM129-B05-ROCE-Leaf-3.GPU.S9825,FourHundredGigE1/0/43,17983,56110962,47299,168677438,0.12,0.40
2024/05/24 星期五 00:44:28.932,1716482668932,NH-DC-NM129-B05-ROCE-Leaf-3.GPU.S9825,FourHundredGigE1/0/43,100994,404472292,105168,429505064,0.78,0.82
2024/05/24 星期五 00:44:29.540,1716482669540,NH-DC-NM129-B05-ROCE-Leaf-3.GPU.S9825,FourHundredGigE1/0/43,0,0,0,0,0,0
2024/05/24 星期五 00:44:30.076,1716482670076,NH-DC-NM129-B05-ROCE-Leaf-3.GPU.S9825,FourHundredGigE1/0/43,5643,21648542,264,24596,0.05,0
2024/05/24 星期五 00:44:30.634,1716482670634,NH-DC-NM129-B05-ROCE-Leaf-3.GPU.S9825,FourHundredGigE1/0/43,0,0,0,0,0,0
2024/05/24 星期五 00:44:31.133,1716482671133,NH-DC-NM129-B05-ROCE-Leaf-3.GPU.S9825,FourHundredGigE1/0/43,42223,147175542,3825,11856666,0.35,0.03
2024/05/24 星期五 00:44:31.826,1716482671826,NH-DC-NM129-B05-ROCE-Leaf-3.GPU.S9825,FourHundredGigE1/0/43,0,0,0,0,0,0
2024/05/24 星期五 00:44:32.488,1716482672488,NH-DC-NM129-B05-ROCE-Leaf-3.GPU.S9825,FourHundredGigE1/0/43,217379,882031262,12604,34924924,1.66,0.06
2024/05/24 星期五 00:44:33.040,1716482673040,NH-DC-NM129-B05-ROCE-Leaf-3.GPU.S9825,FourHundredGigE1/0/43,14465,0,0,0,0,0
2024/05/24 星期五 00:44:33.656,1716482673656,NH-DC-NM129-B05-ROCE-Leaf-3.GPU.S9825,FourHundredGigE1/0/43,0,47323310,7545,23334106,0.08,0.04
2024/05/24 星期五 00:44:34.414,1716482674414,NH-DC-NM129-B05-ROCE-Leaf-3.GPU.S9825,FourHundredGigE1/0/43,57888,212947516,4192,11512540,0.35,0.02
2024/05/24 星期五 00:44:35.037,1716482675037,NH-DC-NM129-B05-ROCE-Leaf-3.GPU.S9825,FourHundredGigE1/0/43,18489,39789168,4305,11520074,0.06,0.02
2024/05/24 星期五 00:44:35.709,1716482675709,NH-DC-NM129-B05-ROCE-Leaf-3.GPU.S9825,FourHundredGigE1/0/43,0,0,0,0,0,0
2024/05/24 星期五 00:44:36.407,1716482676407,NH-DC-NM129-B05-ROCE-Leaf-3.GPU.S9825,FourHundredGigE1/0/43,90871,315183916,267208,1106588024,0.56,1.97
2024/05/24 星期五 00:44:36.907,1716482676907,NH-DC-NM129-B05-ROCE-Leaf-3.GPU.S9825,FourHundredGigE1/0/43,0,0,0,0,0,0
2024/05/24 星期五 00:44:37.501,1716482677501,NH-DC-NM129-B05-ROCE-Leaf-3.GPU.S9825,FourHundredGigE1/0/43,3147,11589126,7990,22997244,0.02,0.04
2024/05/24 星期五 00:44:38.006,1716482678006,NH-DC-NM129-B05-ROCE-Leaf-3.GPU.S9825,FourHundredGigE1/0/43,32066,37296096,66722,248042076,0.07,0.59
2024/05/24 星期五 00:44:38.681,1716482678681,NH-DC-NM129-B05-ROCE-Leaf-3.GPU.S9825,FourHundredGigE1/0/43,0,0,0,0,0,0
2024/05/24 星期五 00:44:39.322,1716482679322,NH-DC-NM129-B05-ROCE-Leaf-3.GPU.S9825,FourHundredGigE1/0/43,48587,170988318,3703,11847030,0.33,0.02
2024/05/24 星期五 00:44:39.944,1716482679944,NH-DC-NM129-B05-ROCE-Leaf-3.GPU.S9825,FourHundredGigE1/0/43,0,0,0,0,0,0
2024/05/24 星期五 00:44:40.486,1716482680486,NH-DC-NM129-B05-ROCE-Leaf-3.GPU.S9825,FourHundredGigE1/0/43,308897,1251858866,161948,589749840,2.88,1.34
2024/05/24 星期五 00:44:40.999,1716482680999,NH-DC-NM129-B05-ROCE-Leaf-3.GPU.S9825,FourHundredGigE1/0/43,0,0,0,0,0,0
2024/05/24 星期五 00:44:41.509,1716482681509,NH-DC-NM129-B05-ROCE-Leaf-3.GPU.S9825,FourHundredGigE1/0/43,59515,217393769,516,42352,0.51,0
2024/05/24 星期五 00:44:42.260,1716482682260,NH-DC-NM129-B05-ROCE-Leaf-3.GPU.S9825,FourHundredGigE1/0/43,38820,139104076,19204,71595740,0.22,0.12
2024/05/24 星期五 00:44:42.810,1716482682810,NH-DC-NM129-B05-ROCE-Leaf-3.GPU.S9825,FourHundredGigE1/0/43,0,0,0,0,0,0
2024/05/24 星期五 00:44:43.318,1716482683318,NH-DC-NM129-B05-ROCE-Leaf-3.GPU.S9825,FourHundredGigE1/0/43,223625,863103498,185908,758523096,2.12,1.85
2024/05/24 星期五 00:44:43.871,1716482683871,NH-DC-NM129-B05-ROCE-Leaf-3.GPU.S9825,FourHundredGigE1/0/43,0,0,0,0,0,0
2024/05/24 星期五 00:44:44.375,1716482684375,NH-DC-NM129-B05-ROCE-Leaf-3.GPU.S9825,FourHundredGigE1/0/43,115446,464975672,133572,525583596,1.14,1.29
2024/05/24 星期五 00:44:44.907,1716482684907,NH-DC-NM129-B05-ROCE-Leaf-3.GPU.S9825,FourHundredGigE1/0/43,27802,88123096,12513,33891266,0.19,0.07
2024/05/24 星期五 00:44:45.947,1716482685947,NH-DC-NM129-B05-ROCE-Leaf-3.GPU.S9825,FourHundredGigE1/0/43,23349,64294738,209564,818385832,0.07,0.97
2024/05/24 星期五 00:44:47.748,1716482687748,NH-DC-NM129-B05-ROCE-Leaf-3.GPU.S9825,FourHundredGigE1/0/43,0,0,0,0,0,0
2024/05/24 星期五 00:44:48.253,1716482688253,NH-DC-NM129-B05-ROCE-Leaf-3.GPU.S9825,FourHundredGigE1/0/43,5434,4377652,10852,23596428,0,0.05
2024/05/24 星期五 00:44:48.757,1716482688757,NH-DC-NM129-B05-ROCE-Leaf-3.GPU.S9825,FourHundredGigE1/0/43,0,0,0,0,0,0
2024/05/24 星期五 00:44:49.311,1716482689311,NH-DC-NM129-B05-ROCE-Leaf-3.GPU.S9825,FourHundredGigE1/0/43,29793,104833422,9308,24177308,0.23,0.05
2024/05/24 星期五 00:44:50.242,1716482690242,NH-DC-NM129-B05-ROCE-Leaf-3.GPU.S9825,FourHundredGigE1/0/43,4834,9434228,33290,110736728,0,0.15
2024/05/24 星期五 00:44:50.755,1716482690755,NH-DC-NM129-B05-ROCE-Leaf-3.GPU.S9825,FourHundredGigE1/0/43,0,0,0,0,0,0
2024/05/24 星期五 00:44:51.313,1716482691313,NH-DC-NM129-B05-ROCE-Leaf-3.GPU.S9825,FourHundredGigE1/0/43,192544,773350992,96568,357775036,1.72,0.78
2024/05/24 星期五 00:44:51.883,1716482691883,NH-DC-NM129-B05-ROCE-Leaf-3.GPU.S9825,FourHundredGigE1/0/43,0,0,0,0,0,0
2024/05/24 星期五 00:44:52.385,1716482692385,NH-DC-NM129-B05-ROCE-Leaf-3.GPU.S9825,FourHundredGigE1/0/43,16714,56149024,6821,23270354,0.12,0.05
2024/05/24 星期五 00:44:53.077,1716482693077,NH-DC-NM129-B05-ROCE-Leaf-3.GPU.S9825,FourHundredGigE1/0/43,10018,23708956,5852,11645832,0.04,0.02
2024/05/24 星期五 00:44:55.395,1716482695395,NH-DC-NM129-B05-ROCE-Leaf-3.GPU.S9825,FourHundredGigE1/0/43,227727,866316966,269516,1027474748,0.46,0.55
2024/05/24 星期五 00:44:55.907,1716482695907,NH-DC-NM129-B05-ROCE-Leaf-3.GPU.S9825,FourHundredGigE1/0/43,0,0,0,0,0,0
2024/05/24 星期五 00:44:56.553,1716482696553,NH-DC-NM129-B05-ROCE-Leaf-3.GPU.S9825,FourHundredGigE1/0/43,41512,140627234,14410,26754596,0.27,0.04
2024/05/24 星期五 00:44:57.325,1716482697325,NH-DC-NM129-B05-ROCE-Leaf-3.GPU.S9825,FourHundredGigE1/0/43,18679,43575308,5278,429044,0.06,0
2024/05/24 星期五 00:44:57.826,1716482697826,NH-DC-NM129-B05-ROCE-Leaf-3.GPU.S9825,FourHundredGigE1/0/43,0,0,0,0,0,0
2024/05/24 星期五 00:44:58.387,1716482698387,NH-DC-NM129-B05-ROCE-Leaf-3.GPU.S9825,FourHundredGigE1/0/43,113488,402986644,484162,1922907000,0.89,4.28
2024/05/24 星期五 00:44:58.891,1716482698891,NH-DC-NM129-B05-ROCE-Leaf-3.GPU.S9825,FourHundredGigE1/0/43,0,0,0,0,0,0
2024/05/24 星期五 00:44:59.394,1716482699394,NH-DC-NM129-B05-ROCE-Leaf-3.GPU.S9825,FourHundredGigE1/0/43,4563,368714,2858,233904,0,0
2024/05/24 星期五 00:45:00.089,1716482700089,NH-DC-NM129-B05-ROCE-Leaf-3.GPU.S9825,FourHundredGigE1/0/43,28732,88740876,32792,109878208,0.14,0.18
2024/05/24 星期五 00:45:00.812,1716482700812,NH-DC-NM129-B05-ROCE-Leaf-3.GPU.S9825,FourHundredGigE1/0/43,0,0,0,0,0,0
2024/05/24 星期五 00:45:01.310,1716482701310,NH-DC-NM129-B05-ROCE-Leaf-3.GPU.S9825,FourHundredGigE1/0/43,24571,79336738,47753,157991518,0.18,0.38
2024/05/24 星期五 00:45:01.892,1716482701892,NH-DC-NM129-B05-ROCE-Leaf-3.GPU.S9825,FourHundredGigE1/0/43,0,0,0,0,0,0
2024/05/24 星期五 00:45:02.390,1716482702390,NH-DC-NM129-B05-ROCE-Leaf-3.GPU.S9825,FourHundredGigE1/0/43,271004,1107046072,316949,1249570026,2.76,3.11
2024/05/24 星期五 00:45:02.898,1716482702898,NH-DC-NM129-B05-ROCE-Leaf-3.GPU.S9825,FourHundredGigE1/0/43,0,0,0,0,0,0
2024/05/24 星期五 00:45:03.401,1716482703401,NH-DC-NM129-B05-ROCE-Leaf-3.GPU.S9825,FourHundredGigE1/0/43,24497,76563162,33526,95531876,0.17,0.22
2024/05/24 星期五 00:45:04.175,1716482704175,NH-DC-NM129-B05-ROCE-Leaf-3.GPU.S9825,FourHundredGigE1/0/43,13420,44877392,8496,21042708,0.06,0.03
2024/05/24 星期五 00:45:04.712,1716482704712,NH-DC-NM129-B05-ROCE-Leaf-3.GPU.S9825,FourHundredGigE1/0/43,0,0,0,0,0,0
2024/05/24 星期五 00:45:05.264,1716482705264,NH-DC-NM129-B05-ROCE-Leaf-3.GPU.S9825,FourHundredGigE1/0/43,20835,47897402,21754,24857200,0.09,0.05
2024/05/24 星期五 00:45:05.776,1716482705776,NH-DC-NM129-B05-ROCE-Leaf-3.GPU.S9825,FourHundredGigE1/0/43,0,0,0,0,0,0
2024/05/24 星期五 00:45:06.278,1716482706278,NH-DC-NM129-B05-ROCE-Leaf-3.GPU.S9825,FourHundredGigE1/0/43,121946,452578844,98604,381179232,1.12,0.95
2024/05/24 星期五 00:45:06.938,1716482706938,NH-DC-NM129-B05-ROCE-Leaf-3.GPU.S9825,FourHundredGigE1/0/43,21784,61171496,11710,37508460,0.11,0.06
2024/05/24 星期五 00:45:07.579,1716482707579,NH-DC-NM129-B05-ROCE-Leaf-3.GPU.S9825,FourHundredGigE1/0/43,0,0,0,0,0,0
2024/05/24 星期五 00:45:08.188,1716482708188,NH-DC-NM129-B05-ROCE-Leaf-3.GPU.S9825,FourHundredGigE1/0/43,32180,106622616,8812,12255304,0.21,0.02
2024/05/24 星期五 00:45:08.729,1716482708729,NH-DC-NM129-B05-ROCE-Leaf-3.GPU.S9825,FourHundredGigE1/0/43,0,0,0,0,0,0
2024/05/24 星期五 00:45:09.232,1716482709232,NH-DC-NM129-B05-ROCE-Leaf-3.GPU.S9825,FourHundredGigE1/0/43,101578,377270888,388191,1586018938,0.92,3.93
2024/05/24 星期五 00:45:09.748,1716482709748,NH-DC-NM129-B05-ROCE-Leaf-3.GPU.S9825,FourHundredGigE1/0/43,0,0,0,0,0,0
2024/05/24 星期五 00:45:10.341,1716482710341,NH-DC-NM129-B05-ROCE-Leaf-3.GPU.S9825,FourHundredGigE1/0/43,23633,77718474,64575,229031538,0.15,0.46
2024/05/24 星期五 00:45:11.009,1716482711009,NH-DC-NM129-B05-ROCE-Leaf-3.GPU.S9825,FourHundredGigE1/0/43,13955,16859105,39325,124694982,0.02,0.22
2024/05/24 星期五 00:45:11.572,1716482711572,NH-DC-NM129-B05-ROCE-Leaf-3.GPU.S9825,FourHundredGigE1/0/43,0,0,0,0,0,0
2024/05/24 星期五 00:45:12.114,1716482712114,NH-DC-NM129-B05-ROCE-Leaf-3.GPU.S9825,FourHundredGigE1/0/43,67298,249289116,67449,254668738,0.55,0.58
2024/05/24 星期五 00:45:12.614,1716482712614,NH-DC-NM129-B05-ROCE-Leaf-3.GPU.S9825,FourHundredGigE1/0/43,0,0,0,0,0,0
2024/05/24 星期五 00:45:13.114,1716482713114,NH-DC-NM129-B05-ROCE-Leaf-3.GPU.S9825,FourHundredGigE1/0/43,386664,1551521936,108985,415559754,3.88,1.02
2024/05/24 星期五 00:45:13.691,1716482713691,NH-DC-NM129-B05-ROCE-Leaf-3.GPU.S9825,FourHundredGigE1/0/43,0,0,0,0,0,0
2024/05/24 星期五 00:45:14.376,1716482714376,NH-DC-NM129-B05-ROCE-Leaf-3.GPU.S9825,FourHundredGigE1/0/43,18183,63809094,19290,46142516,0.11,0.07
2024/05/24 星期五 00:45:15.007,1716482715007,NH-DC-NM129-B05-ROCE-Leaf-3.GPU.S9825,FourHundredGigE1/0/43,17,140574,1508,123728,0,0
2024/05/24 星期五 00:45:15.510,1716482715510,NH-DC-NM129-B05-ROCE-Leaf-3.GPU.S9825,FourHundredGigE1/0/43,0,0,0,0,0,0
2024/05/24 星期五 00:45:16.014,1716482716014,NH-DC-NM129-B05-ROCE-Leaf-3.GPU.S9825,FourHundredGigE1/0/43,16304,55464796,293732,1205401784,0.12,2.98
2024/05/24 星期五 00:45:16.593,1716482716593,NH-DC-NM129-B05-ROCE-Leaf-3.GPU.S9825,FourHundredGigE1/0/43,0,0,0,0,0,0
2024/05/24 星期五 00:45:17.154,1716482717154,NH-DC-NM129-B05-ROCE-Leaf-3.GPU.S9825,FourHundredGigE1/0/43,111785,445288190,90450,368975388,0.98,0.80
2024/05/24 星期五 00:45:17.801,1716482717801,NH-DC-NM129-B05-ROCE-Leaf-3.GPU.S9825,FourHundredGigE1/0/43,0,0,0,0,0,0
2024/05/24 星期五 00:45:18.514,1716482718514,NH-DC-NM129-B05-ROCE-Leaf-3.GPU.S9825,FourHundredGigE1/0/43,151064,559143968,5359,11605318,0.96,0.02
2024/05/24 星期五 00:45:19.014,1716482719014,NH-DC-NM129-B05-ROCE-Leaf-3.GPU.S9825,FourHundredGigE1/0/43,0,0,0,0,0,0
2024/05/24 星期五 00:45:19.517,1716482719517,NH-DC-NM129-B05-ROCE-Leaf-3.GPU.S9825,FourHundredGigE1/0/43,3150,11589324,8725,23800210,0.02,0.05
2024/05/24 星期五 00:45:20.109,1716482720109,NH-DC-NM129-B05-ROCE-Leaf-3.GPU.S9825,FourHundredGigE1/0/43,212723,772848146,430863,1714893758,1.63,3.61
2024/05/24 星期五 00:45:20.784,1716482720784,NH-DC-NM129-B05-ROCE-Leaf-3.GPU.S9825,FourHundredGigE1/0/43,0,0,0,0,0,0
2024/05/24 星期五 00:45:21.298,1716482721298,NH-DC-NM129-B05-ROCE-Leaf-3.GPU.S9825,FourHundredGigE1/0/43,130138,236071808,9009,23071906,0.56,0.05
2024/05/24 星期五 00:45:21.966,1716482721966,NH-DC-NM129-B05-ROCE-Leaf-3.GPU.S9825,FourHundredGigE1/0/43,0,0,0,0,0,0
2024/05/24 星期五 00:45:22.467,1716482722467,NH-DC-NM129-B05-ROCE-Leaf-3.GPU.S9825,FourHundredGigE1/0/43,180710,427352796,10536,23570684,1.05,0.05
2024/05/24 星期五 00:45:22.970,1716482722970,NH-DC-NM129-B05-ROCE-Leaf-3.GPU.S9825,FourHundredGigE1/0/43,0,0,0,0,0,0
2024/05/24 星期五 00:45:23.469,1716482723469,NH-DC-NM129-B05-ROCE-Leaf-3.GPU.S9825,FourHundredGigE1/0/43,70840,14121916,160546,656974318,0.03,1.63
2024/05/24 星期五 00:45:24.374,1716482724374,NH-DC-NM129-B05-ROCE-Leaf-3.GPU.S9825,FourHundredGigE1/0/43,159591,553197690,346565,1309200464,0.76,1.80
2024/05/24 星期五 00:45:25.042,1716482725042,NH-DC-NM129-B05-ROCE-Leaf-3.GPU.S9825,FourHundredGigE1/0/43,74565,277853618,56460,148110740,0.51,0.26
2024/05/24 星期五 00:45:25.556,1716482725556,NH-DC-NM129-B05-ROCE-Leaf-3.GPU.S9825,FourHundredGigE1/0/43,0,0,0,0,0,0
2024/05/24 星期五 00:45:26.057,1716482726057,NH-DC-NM129-B05-ROCE-Leaf-3.GPU.S9825,FourHundredGigE1/0/43,26866,96310516,12249,24086094,0.22,0.05
2024/05/24 星期五 00:45:26.633,1716482726633,NH-DC-NM129-B05-ROCE-Leaf-3.GPU.S9825,FourHundredGigE1/0/43,0,0,0,0,0,0
2024/05/24 星期五 00:45:27.394,1716482727394,NH-DC-NM129-B05-ROCE-Leaf-3.GPU.S9825,FourHundredGigE1/0/43,67817,209388710,89168,279858688,0.33,0.44
2024/05/24 星期五 00:45:27.970,1716482727970,NH-DC-NM129-B05-ROCE-Leaf-3.GPU.S9825,FourHundredGigE1/0/43,19869,68514654,95884,344950032,0.13,0.74
2024/05/24 星期五 00:45:28.740,1716482728740,NH-DC-NM129-B05-ROCE-Leaf-3.GPU.S9825,FourHundredGigE1/0/43,0,0,0,0,0,0
2024/05/24 星期五 00:45:29.243,1716482729243,NH-DC-NM129-B05-ROCE-Leaf-3.GPU.S9825,FourHundredGigE1/0/43,15334,55101332,18526,61616272,0.12,0.15
2024/05/24 星期五 00:45:29.841,1716482729841,NH-DC-NM129-B05-ROCE-Leaf-3.GPU.S9825,FourHundredGigE1/0/43,0,0,0,0,0,0
2024/05/24 星期五 00:45:30.496,1716482730496,NH-DC-NM129-B05-ROCE-Leaf-3.GPU.S9825,FourHundredGigE1/0/43,57601,210645790,10983,12435310,0.40,0.02
2024/05/24 星期五 00:45:31.070,1716482731070,NH-DC-NM129-B05-ROCE-Leaf-3.GPU.S9825,FourHundredGigE1/0/43,277747,1078441330,298228,1230726824,2.33,2.68
2024/05/24 星期五 00:45:31.618,1716482731618,NH-DC-NM129-B05-ROCE-Leaf-3.GPU.S9825,FourHundredGigE1/0/43,0,0,0,0,0,0
2024/05/24 星期五 00:45:32.282,1716482732282,NH-DC-NM129-B05-ROCE-Leaf-3.GPU.S9825,FourHundredGigE1/0/43,14046,51265204,23293,70059862,0.09,0.13
2024/05/24 星期五 00:45:32.988,1716482732988,NH-DC-NM129-B05-ROCE-Leaf-3.GPU.S9825,FourHundredGigE1/0/43,0,0,0,0,0,0
2024/05/24 星期五 00:45:33.503,1716482733503,NH-DC-NM129-B05-ROCE-Leaf-3.GPU.S9825,FourHundredGigE1/0/43,13943,15185470,34988,123841884,0.02,0.29
2024/05/24 星期五 00:45:34.386,1716482734386,NH-DC-NM129-B05-ROCE-Leaf-3.GPU.S9825,FourHundredGigE1/0/43,291230,1164172092,69924,269621796,1.64,0.37
2024/05/24 星期五 00:45:35.039,1716482735039,NH-DC-NM129-B05-ROCE-Leaf-3.GPU.S9825,FourHundredGigE1/0/43,24130,70695216,7838,12181452,0.13,0.02
2024/05/24 星期五 00:45:35.678,1716482735678,NH-DC-NM129-B05-ROCE-Leaf-3.GPU.S9825,FourHundredGigE1/0/43,0,0,0,0,0,0
2024/05/24 星期五 00:45:36.179,1716482736179,NH-DC-NM129-B05-ROCE-Leaf-3.GPU.S9825,FourHundredGigE1/0/43,38608,115274320,36714,133197836,0.27,0.32
2024/05/24 星期五 00:45:36.788,1716482736788,NH-DC-NM129-B05-ROCE-Leaf-3.GPU.S9825,FourHundredGigE1/0/43,0,0,0,0,0,0
2024/05/24 星期五 00:45:37.408,1716482737408,NH-DC-NM129-B05-ROCE-Leaf-3.GPU.S9825,FourHundredGigE1/0/43,31627,79755384,23966,83762296,0.14,0.16
2024/05/24 星期五 00:45:38.026,1716482738026,NH-DC-NM129-B05-ROCE-Leaf-3.GPU.S9825,FourHundredGigE1/0/43,128950,455492982,304005,1237432730,0.91,2.49
2024/05/24 星期五 00:45:38.594,1716482738594,NH-DC-NM129-B05-ROCE-Leaf-3.GPU.S9825,FourHundredGigE1/0/43,0,0,0,0,0,0
2024/05/24 星期五 00:45:39.189,1716482739189,NH-DC-NM129-B05-ROCE-Leaf-3.GPU.S9825,FourHundredGigE1/0/43,41225,149564606,10319,38642746,0.29,0.06
2024/05/24 星期五 00:45:39.689,1716482739689,NH-DC-NM129-B05-ROCE-Leaf-3.GPU.S9825,FourHundredGigE1/0/43,0,0,0,0,0,0
2024/05/24 星期五 00:45:40.202,1716482740202,NH-DC-NM129-B05-ROCE-Leaf-3.GPU.S9825,FourHundredGigE1/0/43,56985,175809162,32154,99961792,0.41,0.22
2024/05/24 星期五 00:45:40.787,1716482740787,NH-DC-NM129-B05-ROCE-Leaf-3.GPU.S9825,FourHundredGigE1/0/43,0,0,0,0,0,0
2024/05/24 星期五 00:45:41.285,1716482741285,NH-DC-NM129-B05-ROCE-Leaf-3.GPU.S9825,FourHundredGigE1/0/43,366748,1466911391,113543,454205284,3.66,1.13
2024/05/24 星期五 00:45:41.870,1716482741870,NH-DC-NM129-B05-ROCE-Leaf-3.GPU.S9825,FourHundredGigE1/0/43,0,0,0,0,0,0
2024/05/24 星期五 00:45:42.445,1716482742445,NH-DC-NM129-B05-ROCE-Leaf-3.GPU.S9825,FourHundredGigE1/0/43,15526,24240752,176319,678557644,0.04,1.46
2024/05/24 星期五 00:45:42.960,1716482742960,NH-DC-NM129-B05-ROCE-Leaf-3.GPU.S9825,FourHundredGigE1/0/43,0,0,0,0,0,0
2024/05/24 星期五 00:45:43.461,1716482743461,NH-DC-NM129-B05-ROCE-Leaf-3.GPU.S9825,FourHundredGigE1/0/43,14041,49469042,7395,602482,0.10,0
2024/05/24 星期五 00:45:44.029,1716482744029,NH-DC-NM129-B05-ROCE-Leaf-3.GPU.S9825,FourHundredGigE1/0/43,18227,39400822,1675,150370,0.07,0
2024/05/24 星期五 00:45:44.591,1716482744591,NH-DC-NM129-B05-ROCE-Leaf-3.GPU.S9825,FourHundredGigE1/0/43,0,0,0,0,0,0
2024/05/24 星期五 00:45:45.194,1716482745194,NH-DC-NM129-B05-ROCE-Leaf-3.GPU.S9825,FourHundredGigE1/0/43,22242,76639848,26332,96080616,0.15,0.19
2024/05/24 星期五 00:45:49.491,1716482749491,NH-DC-NM129-B05-ROCE-Leaf-3.GPU.S9825,FourHundredGigE1/0/43,219850,768916848,413568,1650743400,0.22,0.48
2024/05/24 星期五 00:45:50.101,1716482750101,NH-DC-NM129-B05-ROCE-Leaf-3.GPU.S9825,FourHundredGigE1/0/43,22183,79185482,32773,100772918,0.14,0.20
2024/05/24 星期五 00:45:50.779,1716482750779,NH-DC-NM129-B05-ROCE-Leaf-3.GPU.S9825,FourHundredGigE1/0/43,0,0,0,0,0,0
2024/05/24 星期五 00:45:51.336,1716482751336,NH-DC-NM129-B05-ROCE-Leaf-3.GPU.S9825,FourHundredGigE1/0/43,42309,123265666,97825,308543386,0.27,0.67
2024/05/24 星期五 00:45:51.865,1716482751865,NH-DC-NM129-B05-ROCE-Leaf-3.GPU.S9825,FourHundredGigE1/0/43,0,0,0,0,0,0
2024/05/24 星期五 00:45:52.383,1716482752383,NH-DC-NM129-B05-ROCE-Leaf-3.GPU.S9825,FourHundredGigE1/0/43,88434,330428934,62542,247816624,0.80,0.58
2024/05/24 星期五 00:45:52.934,1716482752934,NH-DC-NM129-B05-ROCE-Leaf-3.GPU.S9825,FourHundredGigE1/0/43,0,0,0,0,0,0
2024/05/24 星期五 00:45:53.437,1716482753437,NH-DC-NM129-B05-ROCE-Leaf-3.GPU.S9825,FourHundredGigE1/0/43,140489,552631364,219729,903328494,1.37,2.24
2024/05/24 星期五 00:45:54.066,1716482754066,NH-DC-NM129-B05-ROCE-Leaf-3.GPU.S9825,FourHundredGigE1/0/43,22241,53023686,2755,224070,0.10,0
2024/05/24 星期五 00:45:54.820,1716482754820,NH-DC-NM129-B05-ROCE-Leaf-3.GPU.S9825,FourHundredGigE1/0/43,0,0,0,0,0,0
2024/05/24 星期五 00:45:55.362,1716482755362,NH-DC-NM129-B05-ROCE-Leaf-3.GPU.S9825,FourHundredGigE1/0/43,7762,11816180,76020,280646240,0.02,0.65
2024/05/24 星期五 00:45:56.124,1716482756124,NH-DC-NM129-B05-ROCE-Leaf-3.GPU.S9825,FourHundredGigE1/0/43,415474,1694614004,360666,1465950792,2.77,2.40
2024/05/24 星期五 00:45:56.719,1716482756719,NH-DC-NM129-B05-ROCE-Leaf-3.GPU.S9825,FourHundredGigE1/0/43,0,0,0,0,0,0
2024/05/24 星期五 00:45:57.361,1716482757361,NH-DC-NM129-B05-ROCE-Leaf-3.GPU.S9825,FourHundredGigE1/0/43,6353,23427814,1510,124092,0.04,0
2024/05/24 星期五 00:45:58.150,1716482758150,NH-DC-NM129-B05-ROCE-Leaf-3.GPU.S9825,FourHundredGigE1/0/43,19627,58951246,14453,12355310,0.08,0.02
2024/05/24 星期五 00:45:58.650,1716482758650,NH-DC-NM129-B05-ROCE-Leaf-3.GPU.S9825,FourHundredGigE1/0/43,0,0,0,0,0,0
2024/05/24 星期五 00:45:59.227,1716482759227,NH-DC-NM129-B05-ROCE-Leaf-3.GPU.S9825,FourHundredGigE1/0/43,47037,162951234,287378,1054313796,0.35,2.27
2024/05/24 星期五 00:45:59.924,1716482759924,NH-DC-NM129-B05-ROCE-Leaf-3.GPU.S9825,FourHundredGigE1/0/43,0,0,0,0,0,0
2024/05/24 星期五 00:46:00.427,1716482760427,NH-DC-NM129-B05-ROCE-Leaf-3.GPU.S9825,FourHundredGigE1/0/43,225626,861055360,447306,1757400348,2.14,4.35
2024/05/24 星期五 00:46:01.019,1716482761019,NH-DC-NM129-B05-ROCE-Leaf-3.GPU.S9825,FourHundredGigE1/0/43,177444,468648244,10544,12399472,0.97,0.02
2024/05/24 星期五 00:46:01.694,1716482761694,NH-DC-NM129-B05-ROCE-Leaf-3.GPU.S9825,FourHundredGigE1/0/43,0,0,0,0,0,0
2024/05/24 星期五 00:46:02.195,1716482762195,NH-DC-NM129-B05-ROCE-Leaf-3.GPU.S9825,FourHundredGigE1/0/43,82508,301794212,19918,35883192,0.75,0.07
2024/05/24 星期五 00:46:03.583,1716482763583,NH-DC-NM129-B05-ROCE-Leaf-3.GPU.S9825,FourHundredGigE1/0/43,181909,750109690,188312,761273812,0.68,0.68
2024/05/24 星期五 00:46:04.082,1716482764082,NH-DC-NM129-B05-ROCE-Leaf-3.GPU.S9825,FourHundredGigE1/0/43,191372,784820176,305543,1213778034,1.95,3.03
2024/05/24 星期五 00:46:04.721,1716482764721,NH-DC-NM129-B05-ROCE-Leaf-3.GPU.S9825,FourHundredGigE1/0/43,0,0,0,0,0,0
2024/05/24 星期五 00:46:05.235,1716482765235,NH-DC-NM129-B05-ROCE-Leaf-3.GPU.S9825,FourHundredGigE1/0/43,53802,195036140,24686,13552056,0.46,0.02
2024/05/24 星期五 00:46:05.820,1716482765820,NH-DC-NM129-B05-ROCE-Leaf-3.GPU.S9825,FourHundredGigE1/0/43,0,0,0,0,0,0
2024/05/24 星期五 00:46:06.496,1716482766496,NH-DC-NM129-B05-ROCE-Leaf-3.GPU.S9825,FourHundredGigE1/0/43,49294,176570704,6828,12098576,0.31,0.02
2024/05/24 星期五 00:46:07.600,1716482767600,NH-DC-NM129-B05-ROCE-Leaf-3.GPU.S9825,FourHundredGigE1/0/43,16806,48267788,10846,34764924,0.05,0.03
2024/05/24 星期五 00:46:08.216,1716482768216,NH-DC-NM129-B05-ROCE-Leaf-3.GPU.S9825,FourHundredGigE1/0/43,44323,161150726,38831,124663346,0.32,0.24
2024/05/24 星期五 00:46:08.777,1716482768777,NH-DC-NM129-B05-ROCE-Leaf-3.GPU.S9825,FourHundredGigE1/0/43,0,0,0,0,0,0
2024/05/24 星期五 00:46:09.279,1716482769279,NH-DC-NM129-B05-ROCE-Leaf-3.GPU.S9825,FourHundredGigE1/0/43,8350,22961644,21067,36145030,0.05,0.07
2024/05/24 星期五 00:46:09.849,1716482769849,NH-DC-NM129-B05-ROCE-Leaf-3.GPU.S9825,FourHundredGigE1/0/43,0,0,0,0,0,0
2024/05/24 星期五 00:46:10.370,1716482770370,NH-DC-NM129-B05-ROCE-Leaf-3.GPU.S9825,FourHundredGigE1/0/43,10624,12451566,7920,6031652,0.02,0
2024/05/24 星期五 00:46:10.939,1716482770939,NH-DC-NM129-B05-ROCE-Leaf-3.GPU.S9825,FourHundredGigE1/0/43,0,0,0,0,0,0
2024/05/24 星期五 00:46:11.442,1716482771442,NH-DC-NM129-B05-ROCE-Leaf-3.GPU.S9825,FourHundredGigE1/0/43,12507,12595255,87383,333236538,0.02,0.82
2024/05/24 星期五 00:46:12.068,1716482772068,NH-DC-NM129-B05-ROCE-Leaf-3.GPU.S9825,FourHundredGigE1/0/43,36578,131261760,14827,35790354,0.26,0.06
2024/05/24 星期五 00:46:12.649,1716482772649,NH-DC-NM129-B05-ROCE-Leaf-3.GPU.S9825,FourHundredGigE1/0/43,0,0,0,0,0,0
2024/05/24 星期五 00:46:13.155,1716482773155,NH-DC-NM129-B05-ROCE-Leaf-3.GPU.S9825,FourHundredGigE1/0/43,49809,152177078,55134,177810548,0.37,0.42
2024/05/24 星期五 00:46:13.688,1716482773688,NH-DC-NM129-B05-ROCE-Leaf-3.GPU.S9825,FourHundredGigE1/0/43,0,0,0,0,0,0
2024/05/24 星期五 00:46:14.247,1716482774247,NH-DC-NM129-B05-ROCE-Leaf-3.GPU.S9825,FourHundredGigE1/0/43,203240,810663004,56169,168848630,1.81,0.36
2024/05/24 星期五 00:46:14.772,1716482774772,NH-DC-NM129-B05-ROCE-Leaf-3.GPU.S9825,FourHundredGigE1/0/43,0,0,0,0,0,0
2024/05/24 星期五 00:46:15.276,1716482775276,NH-DC-NM129-B05-ROCE-Leaf-3.GPU.S9825,FourHundredGigE1/0/43,19942,65665288,100984,403715688,0.15,0.99
2024/05/24 星期五 00:46:15.856,1716482775856,NH-DC-NM129-B05-ROCE-Leaf-3.GPU.S9825,FourHundredGigE1/0/43,0,0,0,0,0,0
2024/05/24 星期五 00:46:16.358,1716482776358,NH-DC-NM129-B05-ROCE-Leaf-3.GPU.S9825,FourHundredGigE1/0/43,65665,235521050,20220,36267740,0.57,0.07
2024/05/24 星期五 00:46:16.956,1716482776956,NH-DC-NM129-B05-ROCE-Leaf-3.GPU.S9825,FourHundredGigE1/0/43,0,0,0,0,0,0
2024/05/24 星期五 00:46:17.457,1716482777457,NH-DC-NM129-B05-ROCE-Leaf-3.GPU.S9825,FourHundredGigE1/0/43,39837,145529138,36768,134877560,0.35,0.32
2024/05/24 星期五 00:46:18.016,1716482778016,NH-DC-NM129-B05-ROCE-Leaf-3.GPU.S9825,FourHundredGigE1/0/43,29093,67718694,284240,1152657132,0.13,2.57
2024/05/24 星期五 00:46:18.611,1716482778611,NH-DC-NM129-B05-ROCE-Leaf-3.GPU.S9825,FourHundredGigE1/0/43,0,0,0,0,0,0
2024/05/24 星期五 00:46:19.169,1716482779169,NH-DC-NM129-B05-ROCE-Leaf-3.GPU.S9825,FourHundredGigE1/0/43,1818,150360,14138,43652204,0,0.09
2024/05/24 星期五 00:46:19.675,1716482779675,NH-DC-NM129-B05-ROCE-Leaf-3.GPU.S9825,FourHundredGigE1/0/43,0,0,0,0,0,0
2024/05/24 星期五 00:46:20.320,1716482780320,NH-DC-NM129-B05-ROCE-Leaf-3.GPU.S9825,FourHundredGigE1/0/43,26675,85842534,7683,27521062,0.16,0.04
2024/05/24 星期五 00:46:20.888,1716482780888,NH-DC-NM129-B05-ROCE-Leaf-3.GPU.S9825,FourHundredGigE1/0/43,0,0,0,0,0,0
2024/05/24 星期五 00:46:21.403,1716482781403,NH-DC-NM129-B05-ROCE-Leaf-3.GPU.S9825,FourHundredGigE1/0/43,114198,434569994,110894,421499170,1.04,1.02
2024/05/24 星期五 00:46:22.066,1716482782066,NH-DC-NM129-B05-ROCE-Leaf-3.GPU.S9825,FourHundredGigE1/0/43,153673,599861856,211517,852972040,1.11,1.60
2024/05/24 星期五 00:46:22.620,1716482782620,NH-DC-NM129-B05-ROCE-Leaf-3.GPU.S9825,FourHundredGigE1/0/43,0,0,0,0,0,0
2024/05/24 星期五 00:46:23.118,1716482783118,NH-DC-NM129-B05-ROCE-Leaf-3.GPU.S9825,FourHundredGigE1/0/43,19834,64081448,8607,11869030,0.15,0.03
2024/05/24 星期五 00:46:23.980,1716482783980,NH-DC-NM129-B05-ROCE-Leaf-3.GPU.S9825,FourHundredGigE1/0/43,35458,127590448,6221,22846010,0.17,0.03
2024/05/24 星期五 00:46:25.237,1716482785237,NH-DC-NM129-B05-ROCE-Leaf-3.GPU.S9825,FourHundredGigE1/0/43,281293,1132646622,194205,753136234,1.12,0.75
2024/05/24 星期五 00:46:25.845,1716482785845,NH-DC-NM129-B05-ROCE-Leaf-3.GPU.S9825,FourHundredGigE1/0/43,0,0,0,0,0,0
2024/05/24 星期五 00:46:26.345,1716482786345,NH-DC-NM129-B05-ROCE-Leaf-3.GPU.S9825,FourHundredGigE1/0/43,54620,170625372,23043,52870290,0.42,0.12
2024/05/24 星期五 00:46:26.917,1716482786917,NH-DC-NM129-B05-ROCE-Leaf-3.GPU.S9825,FourHundredGigE1/0/43,0,0,0,0,0,0
2024/05/24 星期五 00:46:27.436,1716482787436,NH-DC-NM129-B05-ROCE-Leaf-3.GPU.S9825,FourHundredGigE1/0/43,40992,106309136,4301,347402,0.24,0
2024/05/24 星期五 00:46:28.013,1716482788013,NH-DC-NM129-B05-ROCE-Leaf-3.GPU.S9825,FourHundredGigE1/0/43,55479,173038762,44959,136274926,0.37,0.28
2024/05/24 星期五 00:46:28.612,1716482788612,NH-DC-NM129-B05-ROCE-Leaf-3.GPU.S9825,FourHundredGigE1/0/43,0,0,0,0,0,0
2024/05/24 星期五 00:46:29.135,1716482789135,NH-DC-NM129-B05-ROCE-Leaf-3.GPU.S9825,FourHundredGigE1/0/43,57815,188066730,36347,97114810,0.43,0.22
2024/05/24 星期五 00:46:29.676,1716482789676,NH-DC-NM129-B05-ROCE-Leaf-3.GPU.S9825,FourHundredGigE1/0/43,0,0,0,0,0,0
2024/05/24 星期五 00:46:30.188,1716482790188,NH-DC-NM129-B05-ROCE-Leaf-3.GPU.S9825,FourHundredGigE1/0/43,91593,317662878,74408,255090284,0.76,0.61
2024/05/24 星期五 00:46:31.237,1716482791237,NH-DC-NM129-B05-ROCE-Leaf-3.GPU.S9825,FourHundredGigE1/0/43,9591,24079758,28701,90075502,0.02,0.11
2024/05/24 星期五 00:46:31.910,1716482791910,NH-DC-NM129-B05-ROCE-Leaf-3.GPU.S9825,FourHundredGigE1/0/43,0,0,0,0,0,0
2024/05/24 星期五 00:46:32.487,1716482792487,NH-DC-NM129-B05-ROCE-Leaf-3.GPU.S9825,FourHundredGigE1/0/43,210190,857637920,20353,45567682,1.84,0.09
2024/05/24 星期五 00:46:32.989,1716482792989,NH-DC-NM129-B05-ROCE-Leaf-3.GPU.S9825,FourHundredGigE1/0/43,0,0,0,0,0,0
2024/05/24 星期五 00:46:33.490,1716482793490,NH-DC-NM129-B05-ROCE-Leaf-3.GPU.S9825,FourHundredGigE1/0/43,279701,1136711818,37804,123855712,2.82,0.30
2024/05/24 星期五 00:46:34.441,1716482794441,NH-DC-NM129-B05-ROCE-Leaf-3.GPU.S9825,FourHundredGigE1/0/43,15694,56267124,34828,127242524,0.07,0.16
2024/05/24 星期五 00:46:35.189,1716482795189,NH-DC-NM129-B05-ROCE-Leaf-3.GPU.S9825,FourHundredGigE1/0/43,154695,336000974,3107,11422774,0.55,0.02
2024/05/24 星期五 00:46:35.739,1716482795739,NH-DC-NM129-B05-ROCE-Leaf-3.GPU.S9825,FourHundredGigE1/0/43,0,0,0,0,0,0
2024/05/24 星期五 00:46:36.320,1716482796320,NH-DC-NM129-B05-ROCE-Leaf-3.GPU.S9825,FourHundredGigE1/0/43,291428,1175364724,451822,1857793972,2.52,3.98
2024/05/24 星期五 00:46:36.822,1716482796822,NH-DC-NM129-B05-ROCE-Leaf-3.GPU.S9825,FourHundredGigE1/0/43,0,0,0,0,0,0
2024/05/24 星期五 00:46:37.420,1716482797420,NH-DC-NM129-B05-ROCE-Leaf-3.GPU.S9825,FourHundredGigE1/0/43,92061,343220078,112555,420546486,0.71,0.88
2024/05/24 星期五 00:46:38.065,1716482798065,NH-DC-NM129-B05-ROCE-Leaf-3.GPU.S9825,FourHundredGigE1/0/43,3731,11636382,7846,23354228,0.02,0.04
2024/05/24 星期五 00:46:38.708,1716482798708,NH-DC-NM129-B05-ROCE-Leaf-3.GPU.S9825,FourHundredGigE1/0/43,0,0,0,0,0,0
2024/05/24 星期五 00:46:39.290,1716482799290,NH-DC-NM129-B05-ROCE-Leaf-3.GPU.S9825,FourHundredGigE1/0/43,138487,546863534,14766,13719388,1.16,0.02
2024/05/24 星期五 00:46:39.818,1716482799818,NH-DC-NM129-B05-ROCE-Leaf-3.GPU.S9825,FourHundredGigE1/0/43,0,0,0,0,0,0
2024/05/24 星期五 00:46:40.319,1716482800319,NH-DC-NM129-B05-ROCE-Leaf-3.GPU.S9825,FourHundredGigE1/0/43,233642,959535252,191341,775609090,2.37,1.92
2024/05/24 星期五 00:46:40.937,1716482800937,NH-DC-NM129-B05-ROCE-Leaf-3.GPU.S9825,FourHundredGigE1/0/43,0,0,0,0,0,0
2024/05/24 星期五 00:46:41.510,1716482801510,NH-DC-NM129-B05-ROCE-Leaf-3.GPU.S9825,FourHundredGigE1/0/43,516,42323,130838,457960544,0,0.98
2024/05/24 星期五 00:46:42.160,1716482802160,NH-DC-NM129-B05-ROCE-Leaf-3.GPU.S9825,FourHundredGigE1/0/43,1036,224196,4115,11505774,0,0.02
2024/05/24 星期五 00:46:42.734,1716482802734,NH-DC-NM129-B05-ROCE-Leaf-3.GPU.S9825,FourHundredGigE1/0/43,0,0,0,0,0,0
2024/05/24 星期五 00:46:43.238,1716482803238,NH-DC-NM129-B05-ROCE-Leaf-3.GPU.S9825,FourHundredGigE1/0/43,3667,11632378,173468,702275280,0.02,1.74
2024/05/24 星期五 00:46:43.754,1716482803754,NH-DC-NM129-B05-ROCE-Leaf-3.GPU.S9825,FourHundredGigE1/0/43,0,0,0,0,0,0
2024/05/24 星期五 00:46:44.268,1716482804268,NH-DC-NM129-B05-ROCE-Leaf-3.GPU.S9825,FourHundredGigE1/0/43,1004,82412,104726,427950264,0,1.02
2024/05/24 星期五 00:46:45.027,1716482805027,NH-DC-NM129-B05-ROCE-Leaf-3.GPU.S9825,FourHundredGigE1/0/43,95362,355975840,10675,23583006,0.58,0.03
2024/05/24 星期五 00:46:46.322,1716482806322,NH-DC-NM129-B05-ROCE-Leaf-3.GPU.S9825,FourHundredGigE1/0/43,219299,861098686,49312,154939792,0.83,0.14
2024/05/24 星期五 00:46:47.842,1716482807842,NH-DC-NM129-B05-ROCE-Leaf-3.GPU.S9825,FourHundredGigE1/0/43,0,0,0,0,0,0
2024/05/24 星期五 00:46:48.508,1716482808508,NH-DC-NM129-B05-ROCE-Leaf-3.GPU.S9825,FourHundredGigE1/0/43,5196,13826520,40794,136728768,0.02,0.24
2024/05/24 星期五 00:46:49.268,1716482809268,NH-DC-NM129-B05-ROCE-Leaf-3.GPU.S9825,FourHundredGigE1/0/43,23677,81679922,9236,17643096,0.13,0.02
2024/05/24 星期五 00:46:49.906,1716482809906,NH-DC-NM129-B05-ROCE-Leaf-3.GPU.S9825,FourHundredGigE1/0/43,0,0,0,0,0,0
2024/05/24 星期五 00:46:50.439,1716482810439,NH-DC-NM129-B05-ROCE-Leaf-3.GPU.S9825,FourHundredGigE1/0/43,34329,124683550,13375,49229530,0.28,0.09
2024/05/24 星期五 00:46:50.974,1716482810974,NH-DC-NM129-B05-ROCE-Leaf-3.GPU.S9825,FourHundredGigE1/0/43,94191,0,390113,0,0,0
2024/05/24 星期五 00:46:51.617,1716482811617,NH-DC-NM129-B05-ROCE-Leaf-3.GPU.S9825,FourHundredGigE1/0/43,0,380899790,0,1588538218,0.74,3.07
2024/05/24 星期五 00:46:52.257,1716482812257,NH-DC-NM129-B05-ROCE-Leaf-3.GPU.S9825,FourHundredGigE1/0/43,27904,69992588,17020,58428356,0.12,0.10
2024/05/24 星期五 00:46:52.964,1716482812964,NH-DC-NM129-B05-ROCE-Leaf-3.GPU.S9825,FourHundredGigE1/0/43,0,0,0,0,0,0
2024/05/24 星期五 00:46:53.544,1716482813544,NH-DC-NM129-B05-ROCE-Leaf-3.GPU.S9825,FourHundredGigE1/0/43,3150,11589376,20055,61890614,0.02,0.13
2024/05/24 星期五 00:46:54.045,1716482814045,NH-DC-NM129-B05-ROCE-Leaf-3.GPU.S9825,FourHundredGigE1/0/43,32578,118479396,188552,771202188,0.27,1.92
2024/05/24 星期五 00:46:54.720,1716482814720,NH-DC-NM129-B05-ROCE-Leaf-3.GPU.S9825,FourHundredGigE1/0/43,0,0,0,0,0,0
2024/05/24 星期五 00:46:55.669,1716482815669,NH-DC-NM129-B05-ROCE-Leaf-3.GPU.S9825,FourHundredGigE1/0/43,27526,88851368,19096,59231780,0.11,0.07
2024/05/24 星期五 00:46:56.342,1716482816342,NH-DC-NM129-B05-ROCE-Leaf-3.GPU.S9825,FourHundredGigE1/0/43,46386,163209640,28099,95957466,0.30,0.17
2024/05/24 星期五 00:46:56.881,1716482816881,NH-DC-NM129-B05-ROCE-Leaf-3.GPU.S9825,FourHundredGigE1/0/43,0,0,0,0,0,0
2024/05/24 星期五 00:46:57.385,1716482817385,NH-DC-NM129-B05-ROCE-Leaf-3.GPU.S9825,FourHundredGigE1/0/43,33282,95449660,35864,124786676,0.22,0.30
2024/05/24 星期五 00:46:57.929,1716482817929,NH-DC-NM129-B05-ROCE-Leaf-3.GPU.S9825,FourHundredGigE1/0/43,0,0,0,0,0,0
2024/05/24 星期五 00:46:58.431,1716482818431,NH-DC-NM129-B05-ROCE-Leaf-3.GPU.S9825,FourHundredGigE1/0/43,322643,1293808798,161989,631698722,3.21,1.57
2024/05/24 星期五 00:46:59.070,1716482819070,NH-DC-NM129-B05-ROCE-Leaf-3.GPU.S9825,FourHundredGigE1/0/43,46533,157431790,10498,16499996,0.29,0.02
2024/05/24 星期五 00:46:59.815,1716482819815,NH-DC-NM129-B05-ROCE-Leaf-3.GPU.S9825,FourHundredGigE1/0/43,0,0,0,0,0,0
2024/05/24 星期五 00:47:01.899,1716482821899,NH-DC-NM129-B05-ROCE-Leaf-3.GPU.S9825,FourHundredGigE1/0/43,93884,318439692,133109,471488118,0.19,0.28
2024/05/24 星期五 00:47:02.681,1716482822681,NH-DC-NM129-B05-ROCE-Leaf-3.GPU.S9825,FourHundredGigE1/0/43,103837,404301542,251020,990141132,0.64,1.58
2024/05/24 星期五 00:47:03.236,1716482823236,NH-DC-NM129-B05-ROCE-Leaf-3.GPU.S9825,FourHundredGigE1/0/43,42768,138179580,28627,85253062,0.29,0.18
2024/05/24 星期五 00:47:03.740,1716482823740,NH-DC-NM129-B05-ROCE-Leaf-3.GPU.S9825,FourHundredGigE1/0/43,0,0,0,0,0,0
2024/05/24 星期五 00:47:04.238,1716482824238,NH-DC-NM129-B05-ROCE-Leaf-3.GPU.S9825,FourHundredGigE1/0/43,4959,12041146,13831,35384582,0.03,0.08
2024/05/24 星期五 00:47:04.808,1716482824808,NH-DC-NM129-B05-ROCE-Leaf-3.GPU.S9825,FourHundredGigE1/0/43,0,0,0,0,0,0
2024/05/24 星期五 00:47:05.309,1716482825309,NH-DC-NM129-B05-ROCE-Leaf-3.GPU.S9825,FourHundredGigE1/0/43,144102,567597344,192310,771871416,1.40,1.92
2024/05/24 星期五 00:47:06.029,1716482826029,NH-DC-NM129-B05-ROCE-Leaf-3.GPU.S9825,FourHundredGigE1/0/43,10529,17723046,116967,454676206,0.02,0.78
2024/05/24 星期五 00:47:07.097,1716482827097,NH-DC-NM129-B05-ROCE-Leaf-3.GPU.S9825,FourHundredGigE1/0/43,0,0,0,0,0,0
2024/05/24 星期五 00:47:07.597,1716482827597,NH-DC-NM129-B05-ROCE-Leaf-3.GPU.S9825,FourHundredGigE1/0/43,47080,159519332,12612,19802300,0.38,0.02
2024/05/24 星期五 00:47:08.140,1716482828140,NH-DC-NM129-B05-ROCE-Leaf-3.GPU.S9825,FourHundredGigE1/0/43,3460,6821940,20386,72290576,0,0.16
2024/05/24 星期五 00:47:08.755,1716482828755,NH-DC-NM129-B05-ROCE-Leaf-3.GPU.S9825,FourHundredGigE1/0/43,0,0,0,0,0,0
2024/05/24 星期五 00:47:09.316,1716482829316,NH-DC-NM129-B05-ROCE-Leaf-3.GPU.S9825,FourHundredGigE1/0/43,51409,151865730,24345,63481206,0.33,0.13
2024/05/24 星期五 00:47:10.068,1716482830068,NH-DC-NM129-B05-ROCE-Leaf-3.GPU.S9825,FourHundredGigE1/0/43,94478,325436640,30919,104692526,0.53,0.17
2024/05/24 星期五 00:47:10.569,1716482830569,NH-DC-NM129-B05-ROCE-Leaf-3.GPU.S9825,FourHundredGigE1/0/43,0,0,0,0,0,0
2024/05/24 星期五 00:47:11.442,1716482831442,NH-DC-NM129-B05-ROCE-Leaf-3.GPU.S9825,FourHundredGigE1/0/43,11803,23628053,15784,37618788,0.03,0.04
2024/05/24 星期五 00:47:12.064,1716482832064,NH-DC-NM129-B05-ROCE-Leaf-3.GPU.S9825,FourHundredGigE1/0/43,31172,92071800,50812,172568624,0.18,0.34
2024/05/24 星期五 00:47:12.663,1716482832663,NH-DC-NM129-B05-ROCE-Leaf-3.GPU.S9825,FourHundredGigE1/0/43,0,0,0,0,0,0
2024/05/24 星期五 00:47:13.340,1716482833340,NH-DC-NM129-B05-ROCE-Leaf-3.GPU.S9825,FourHundredGigE1/0/43,34578,107489452,192721,778739474,0.18,1.42
2024/05/24 星期五 00:47:13.842,1716482833842,NH-DC-NM129-B05-ROCE-Leaf-3.GPU.S9825,FourHundredGigE1/0/43,0,0,0,0,0,0
2024/05/24 星期五 00:47:14.343,1716482834343,NH-DC-NM129-B05-ROCE-Leaf-3.GPU.S9825,FourHundredGigE1/0/43,3376,11850540,25163,82084366,0.02,0.20
2024/05/24 星期五 00:47:14.893,1716482834893,NH-DC-NM129-B05-ROCE-Leaf-3.GPU.S9825,FourHundredGigE1/0/43,0,0,0,0,0,0
2024/05/24 星期五 00:47:15.393,1716482835393,NH-DC-NM129-B05-ROCE-Leaf-3.GPU.S9825,FourHundredGigE1/0/43,23052,82496668,11531,23652230,0.2,0.05
2024/05/24 星期五 00:47:15.989,1716482835989,NH-DC-NM129-B05-ROCE-Leaf-3.GPU.S9825,FourHundredGigE1/0/43,116397,396113510,12024,14851616,0.82,0.02
2024/05/24 星期五 00:47:16.818,1716482836818,NH-DC-NM129-B05-ROCE-Leaf-3.GPU.S9825,FourHundredGigE1/0/43,0,0,0,0,0,0
2024/05/24 星期五 00:47:17.321,1716482837321,NH-DC-NM129-B05-ROCE-Leaf-3.GPU.S9825,FourHundredGigE1/0/43,18761,57141854,64737,218788614,0.12,0.52
2024/05/24 星期五 00:47:17.839,1716482837839,NH-DC-NM129-B05-ROCE-Leaf-3.GPU.S9825,FourHundredGigE1/0/43,0,0,0,0,0,0
2024/05/24 星期五 00:47:18.343,1716482838343,NH-DC-NM129-B05-ROCE-Leaf-3.GPU.S9825,FourHundredGigE1/0/43,9422,32496084,32401,114589838,0.07,0.27
2024/05/24 星期五 00:47:18.955,1716482838955,NH-DC-NM129-B05-ROCE-Leaf-3.GPU.S9825,FourHundredGigE1/0/43,0,0,0,0,0,0
2024/05/24 星期五 00:47:19.457,1716482839457,NH-DC-NM129-B05-ROCE-Leaf-3.GPU.S9825,FourHundredGigE1/0/43,3631,11629254,3778,11852332,0.02,0.02
2024/05/24 星期五 00:47:20.247,1716482840247,NH-DC-NM129-B05-ROCE-Leaf-3.GPU.S9825,FourHundredGigE1/0/43,310690,1260257208,427199,1753128706,1.99,2.77
2024/05/24 星期五 00:47:20.746,1716482840746,NH-DC-NM129-B05-ROCE-Leaf-3.GPU.S9825,FourHundredGigE1/0/43,0,0,0,0,0,0
2024/05/24 星期五 00:47:21.246,1716482841246,NH-DC-NM129-B05-ROCE-Leaf-3.GPU.S9825,FourHundredGigE1/0/43,3936,16067664,6814,23269892,0.02,0.05
2024/05/24 星期五 00:47:21.815,1716482841815,NH-DC-NM129-B05-ROCE-Leaf-3.GPU.S9825,FourHundredGigE1/0/43,0,0,0,0,0,0
2024/05/24 星期五 00:47:22.451,1716482842451,NH-DC-NM129-B05-ROCE-Leaf-3.GPU.S9825,FourHundredGigE1/0/43,1793,3200898,10342,36398428,0,0.06
2024/05/24 星期五 00:47:23.108,1716482843108,NH-DC-NM129-B05-ROCE-Leaf-3.GPU.S9825,FourHundredGigE1/0/43,17718,65520430,15462,56445164,0.11,0.10
2024/05/24 星期五 00:47:23.954,1716482843954,NH-DC-NM129-B05-ROCE-Leaf-3.GPU.S9825,FourHundredGigE1/0/43,0,0,0,0,0,0
2024/05/24 星期五 00:47:24.512,1716482844512,NH-DC-NM129-B05-ROCE-Leaf-3.GPU.S9825,FourHundredGigE1/0/43,178943,725862424,52170,181664204,1.61,0.40
2024/05/24 星期五 00:47:25.013,1716482845013,NH-DC-NM129-B05-ROCE-Leaf-3.GPU.S9825,FourHundredGigE1/0/43,0,0,0,0,0,0
2024/05/24 星期五 00:47:25.518,1716482845518,NH-DC-NM129-B05-ROCE-Leaf-3.GPU.S9825,FourHundredGigE1/0/43,7003,29466518,386723,1361490922,0.05,3.37
2024/05/24 星期五 00:47:26.070,1716482846070,NH-DC-NM129-B05-ROCE-Leaf-3.GPU.S9825,FourHundredGigE1/0/43,3151,11593550,147996,519406072,0.02,1.15
2024/05/24 星期五 00:47:26.921,1716482846921,NH-DC-NM129-B05-ROCE-Leaf-3.GPU.S9825,FourHundredGigE1/0/43,0,0,0,0,0,0
2024/05/24 星期五 00:47:27.422,1716482847422,NH-DC-NM129-B05-ROCE-Leaf-3.GPU.S9825,FourHundredGigE1/0/43,67882,222711092,142604,584162348,0.55,1.45
2024/05/24 星期五 00:47:27.932,1716482847932,NH-DC-NM129-B05-ROCE-Leaf-3.GPU.S9825,FourHundredGigE1/0/43,0,0,0,0,0,0
2024/05/24 星期五 00:47:28.510,1716482848510,NH-DC-NM129-B05-ROCE-Leaf-3.GPU.S9825,FourHundredGigE1/0/43,7597,29695210,6416,23612352,0.04,0.04
2024/05/24 星期五 00:47:29.029,1716482849029,NH-DC-NM129-B05-ROCE-Leaf-3.GPU.S9825,FourHundredGigE1/0/43,502,41316,7,462,0,0
2024/05/24 星期五 00:47:29.622,1716482849622,NH-DC-NM129-B05-ROCE-Leaf-3.GPU.S9825,FourHundredGigE1/0/43,0,0,0,0,0,0
2024/05/24 星期五 00:47:30.463,1716482850463,NH-DC-NM129-B05-ROCE-Leaf-3.GPU.S9825,FourHundredGigE1/0/43,11089,41857810,3627,11465806,0.06,0.01
2024/05/24 星期五 00:47:30.967,1716482850967,NH-DC-NM129-B05-ROCE-Leaf-3.GPU.S9825,FourHundredGigE1/0/43,0,0,0,0,0,0
2024/05/24 星期五 00:47:31.490,1716482851490,NH-DC-NM129-B05-ROCE-Leaf-3.GPU.S9825,FourHundredGigE1/0/43,118311,441157526,97704,369567824,1.05,0.86
2024/05/24 星期五 00:47:32.070,1716482852070,NH-DC-NM129-B05-ROCE-Leaf-3.GPU.S9825,FourHundredGigE1/0/43,59769,238359802,72529,288983586,0.50,0.60
2024/05/24 星期五 00:47:32.707,1716482852707,NH-DC-NM129-B05-ROCE-Leaf-3.GPU.S9825,FourHundredGigE1/0/43,0,0,0,0,0,0
2024/05/24 星期五 00:47:33.218,1716482853218,NH-DC-NM129-B05-ROCE-Leaf-3.GPU.S9825,FourHundredGigE1/0/43,9323,23953854,15705,51661810,0.05,0.12
2024/05/24 星期五 00:47:34.137,1716482854137,NH-DC-NM129-B05-ROCE-Leaf-3.GPU.S9825,FourHundredGigE1/0/43,12917,35954496,15609,47870742,0.04,0.05
2024/05/24 星期五 00:47:34.703,1716482854703,NH-DC-NM129-B05-ROCE-Leaf-3.GPU.S9825,FourHundredGigE1/0/43,0,0,0,0,0,0
2024/05/24 星期五 00:47:35.285,1716482855285,NH-DC-NM129-B05-ROCE-Leaf-3.GPU.S9825,FourHundredGigE1/0/43,462574,1897808694,16074,39740476,4.06,0.06
2024/05/24 星期五 00:47:35.884,1716482855884,NH-DC-NM129-B05-ROCE-Leaf-3.GPU.S9825,FourHundredGigE1/0/43,0,0,0,0,0,0
2024/05/24 星期五 00:47:36.396,1716482856396,NH-DC-NM129-B05-ROCE-Leaf-3.GPU.S9825,FourHundredGigE1/0/43,22949,61265478,22759,47294266,0.15,0.10
2024/05/24 星期五 00:47:37.069,1716482857069,NH-DC-NM129-B05-ROCE-Leaf-3.GPU.S9825,FourHundredGigE1/0/43,15711,54672458,22345,64356210,0.09,0.11
2024/05/24 星期五 00:47:37.715,1716482857715,NH-DC-NM129-B05-ROCE-Leaf-3.GPU.S9825,FourHundredGigE1/0/43,0,0,0,0,0,0
2024/05/24 星期五 00:47:39.036,1716482859036,NH-DC-NM129-B05-ROCE-Leaf-3.GPU.S9825,FourHundredGigE1/0/43,259072,994705032,133016,513819944,0.94,0.48
2024/05/24 星期五 00:47:39.599,1716482859599,NH-DC-NM129-B05-ROCE-Leaf-3.GPU.S9825,FourHundredGigE1/0/43,0,0,0,0,0,0
2024/05/24 星期五 00:47:40.221,1716482860221,NH-DC-NM129-B05-ROCE-Leaf-3.GPU.S9825,FourHundredGigE1/0/43,54284,190221396,28635,87583522,0.38,0.16
2024/05/24 星期五 00:47:40.915,1716482860915,NH-DC-NM129-B05-ROCE-Leaf-3.GPU.S9825,FourHundredGigE1/0/43,0,0,0,0,0,0
2024/05/24 星期五 00:47:41.414,1716482861414,NH-DC-NM129-B05-ROCE-Leaf-3.GPU.S9825,FourHundredGigE1/0/43,51035,177791449,22755,54547782,0.43,0.13
2024/05/24 星期五 00:47:41.991,1716482861991,NH-DC-NM129-B05-ROCE-Leaf-3.GPU.S9825,FourHundredGigE1/0/43,0,0,0,0,0,0
2024/05/24 星期五 00:47:42.489,1716482862489,NH-DC-NM129-B05-ROCE-Leaf-3.GPU.S9825,FourHundredGigE1/0/43,9547,21076182,169482,611681150,0.05,1.53
2024/05/24 星期五 00:47:43.011,1716482863011,NH-DC-NM129-B05-ROCE-Leaf-3.GPU.S9825,FourHundredGigE1/0/43,0,0,0,0,0,0
2024/05/24 星期五 00:47:43.521,1716482863521,NH-DC-NM129-B05-ROCE-Leaf-3.GPU.S9825,FourHundredGigE1/0/43,4843,11727374,17799,60779548,0.02,0.15
2024/05/24 星期五 00:47:44.259,1716482864259,NH-DC-NM129-B05-ROCE-Leaf-3.GPU.S9825,FourHundredGigE1/0/43,14275,23823666,27943,103204934,0.03,0.17
2024/05/24 星期五 00:47:44.815,1716482864815,NH-DC-NM129-B05-ROCE-Leaf-3.GPU.S9825,FourHundredGigE1/0/43,0,0,0,0,0,0
2024/05/24 星期五 00:47:45.419,1716482865419,NH-DC-NM129-B05-ROCE-Leaf-3.GPU.S9825,FourHundredGigE1/0/43,231126,882860316,149007,570247250,1.82,1.18
2024/05/24 星期五 00:47:48.069,1716482868069,NH-DC-NM129-B05-ROCE-Leaf-3.GPU.S9825,FourHundredGigE1/0/43,34223,125123450,20385,64199422,0.06,0.03
2024/05/24 星期五 00:47:48.569,1716482868569,NH-DC-NM129-B05-ROCE-Leaf-3.GPU.S9825,FourHundredGigE1/0/43,40089,141373998,13387,12254482,0.35,0.02
2024/05/24 星期五 00:47:49.135,1716482869135,NH-DC-NM129-B05-ROCE-Leaf-3.GPU.S9825,FourHundredGigE1/0/43,35615,124554410,263758,1006352252,0.27,2.21
2024/05/24 星期五 00:47:49.831,1716482869831,NH-DC-NM129-B05-ROCE-Leaf-3.GPU.S9825,FourHundredGigE1/0/43,0,0,0,0,0,0
2024/05/24 星期五 00:47:50.421,1716482870421,NH-DC-NM129-B05-ROCE-Leaf-3.GPU.S9825,FourHundredGigE1/0/43,3792,10688808,69713,250945790,0.02,0.53
2024/05/24 星期五 00:47:51.119,1716482871119,NH-DC-NM129-B05-ROCE-Leaf-3.GPU.S9825,FourHundredGigE1/0/43,29730,104010004,5572,14508056,0.18,0.02
2024/05/24 星期五 00:47:51.705,1716482871705,NH-DC-NM129-B05-ROCE-Leaf-3.GPU.S9825,FourHundredGigE1/0/43,0,0,0,0,0,0
2024/05/24 星期五 00:47:52.209,1716482872209,NH-DC-NM129-B05-ROCE-Leaf-3.GPU.S9825,FourHundredGigE1/0/43,43647,121098810,149345,581277878,0.30,1.44
2024/05/24 星期五 00:47:52.833,1716482872833,NH-DC-NM129-B05-ROCE-Leaf-3.GPU.S9825,FourHundredGigE1/0/43,0,0,0,0,0,0
2024/05/24 星期五 00:47:53.365,1716482873365,NH-DC-NM129-B05-ROCE-Leaf-3.GPU.S9825,FourHundredGigE1/0/43,37868,108800988,303223,1228189042,0.23,2.87
2024/05/24 星期五 00:47:53.885,1716482873885,NH-DC-NM129-B05-ROCE-Leaf-3.GPU.S9825,FourHundredGigE1/0/43,0,0,0,0,0,0
2024/05/24 星期五 00:47:54.410,1716482874410,NH-DC-NM129-B05-ROCE-Leaf-3.GPU.S9825,FourHundredGigE1/0/43,51229,175095322,23197,75994414,0.40,0.17
2024/05/24 星期五 00:47:55.223,1716482875223,NH-DC-NM129-B05-ROCE-Leaf-3.GPU.S9825,FourHundredGigE1/0/43,32698,112495244,30704,84933968,0.17,0.12
2024/05/24 星期五 00:47:55.728,1716482875728,NH-DC-NM129-B05-ROCE-Leaf-3.GPU.S9825,FourHundredGigE1/0/43,0,0,0,0,0,0
2024/05/24 星期五 00:47:56.266,1716482876266,NH-DC-NM129-B05-ROCE-Leaf-3.GPU.S9825,FourHundredGigE1/0/43,111296,405141024,440931,1735904870,0.93,4.02
2024/05/24 星期五 00:47:56.852,1716482876852,NH-DC-NM129-B05-ROCE-Leaf-3.GPU.S9825,FourHundredGigE1/0/43,0,0,0,0,0,0
2024/05/24 星期五 00:47:57.354,1716482877354,NH-DC-NM129-B05-ROCE-Leaf-3.GPU.S9825,FourHundredGigE1/0/43,81668,281633992,19500,60930280,0.70,0.15
2024/05/24 星期五 00:47:58.133,1716482878133,NH-DC-NM129-B05-ROCE-Leaf-3.GPU.S9825,FourHundredGigE1/0/43,38133,84849430,7241,23678902,0.13,0.03
2024/05/24 星期五 00:47:58.666,1716482878666,NH-DC-NM129-B05-ROCE-Leaf-3.GPU.S9825,FourHundredGigE1/0/43,0,0,0,0,0,0
2024/05/24 星期五 00:47:59.169,1716482879169,NH-DC-NM129-B05-ROCE-Leaf-3.GPU.S9825,FourHundredGigE1/0/43,69946,24057552,10653,43432002,0.05,0.10
2024/05/24 星期五 00:47:59.760,1716482879760,NH-DC-NM129-B05-ROCE-Leaf-3.GPU.S9825,FourHundredGigE1/0/43,0,0,0,0,0,0
2024/05/24 星期五 00:48:00.352,1716482880352,NH-DC-NM129-B05-ROCE-Leaf-3.GPU.S9825,FourHundredGigE1/0/43,323685,1145619066,341324,1310297228,2.41,2.77
2024/05/24 星期五 00:48:00.856,1716482880856,NH-DC-NM129-B05-ROCE-Leaf-3.GPU.S9825,FourHundredGigE1/0/43,0,0,0,0,0,0
2024/05/24 星期五 00:48:01.513,1716482881513,NH-DC-NM129-B05-ROCE-Leaf-3.GPU.S9825,FourHundredGigE1/0/43,13109,45838070,10532,35117736,0.08,0.06
2024/05/24 星期五 00:48:02.046,1716482882046,NH-DC-NM129-B05-ROCE-Leaf-3.GPU.S9825,FourHundredGigE1/0/43,0,0,0,0,0,0
2024/05/24 星期五 00:48:02.548,1716482882548,NH-DC-NM129-B05-ROCE-Leaf-3.GPU.S9825,FourHundredGigE1/0/43,3696,11862760,6821,23270354,0.02,0.05
2024/05/24 星期五 00:48:03.049,1716482883049,NH-DC-NM129-B05-ROCE-Leaf-3.GPU.S9825,FourHundredGigE1/0/43,295594,1168991246,249397,957979532,2.89,2.37
2024/05/24 星期五 00:48:03.636,1716482883636,NH-DC-NM129-B05-ROCE-Leaf-3.GPU.S9825,FourHundredGigE1/0/43,0,0,0,0,0,0
2024/05/24 星期五 00:48:06.592,1716482886592,NH-DC-NM129-B05-ROCE-Leaf-3.GPU.S9825,FourHundredGigE1/0/43,200392,740089866,698056,2592843590,0.31,1.10
2024/05/24 星期五 00:48:07.094,1716482887094,NH-DC-NM129-B05-ROCE-Leaf-3.GPU.S9825,FourHundredGigE1/0/43,16394,47184232,7362,13111124,0.10,0.02
2024/05/24 星期五 00:48:07.662,1716482887662,NH-DC-NM129-B05-ROCE-Leaf-3.GPU.S9825,FourHundredGigE1/0/43,0,0,0,0,0,0
2024/05/24 星期五 00:48:08.402,1716482888402,NH-DC-NM129-B05-ROCE-Leaf-3.GPU.S9825,FourHundredGigE1/0/43,7592,25771704,11235,925914,0.03,0
2024/05/24 星期五 00:48:09.608,1716482889608,NH-DC-NM129-B05-ROCE-Leaf-3.GPU.S9825,FourHundredGigE1/0/43,19846,75886512,15098,52225076,0.07,0.05
2024/05/24 星期五 00:48:10.106,1716482890106,NH-DC-NM129-B05-ROCE-Leaf-3.GPU.S9825,FourHundredGigE1/0/43,17302,54485112,28655,86015138,0.13,0.20
2024/05/24 星期五 00:48:10.609,1716482890609,NH-DC-NM129-B05-ROCE-Leaf-3.GPU.S9825,FourHundredGigE1/0/43,0,0,0,0,0,0
2024/05/24 星期五 00:48:11.110,1716482891110,NH-DC-NM129-B05-ROCE-Leaf-3.GPU.S9825,FourHundredGigE1/0/43,17393,24332737,29423,76473766,0.05,0.17
2024/05/24 星期五 00:48:11.751,1716482891751,NH-DC-NM129-B05-ROCE-Leaf-3.GPU.S9825,FourHundredGigE1/0/43,0,0,0,0,0,0
2024/05/24 星期五 00:48:12.311,1716482892311,NH-DC-NM129-B05-ROCE-Leaf-3.GPU.S9825,FourHundredGigE1/0/43,32062,104664364,47041,171339394,0.22,0.38
2024/05/24 星期五 00:48:12.872,1716482892872,NH-DC-NM129-B05-ROCE-Leaf-3.GPU.S9825,FourHundredGigE1/0/43,0,0,0,0,0,0
2024/05/24 星期五 00:48:13.373,1716482893373,NH-DC-NM129-B05-ROCE-Leaf-3.GPU.S9825,FourHundredGigE1/0/43,40106,143892596,11153,902418,0.35,0
2024/05/24 星期五 00:48:13.966,1716482893966,NH-DC-NM129-B05-ROCE-Leaf-3.GPU.S9825,FourHundredGigE1/0/43,0,0,0,0,0,0
2024/05/24 星期五 00:48:14.486,1716482894486,NH-DC-NM129-B05-ROCE-Leaf-3.GPU.S9825,FourHundredGigE1/0/43,273351,1118563550,13995,23868238,2.67,0.05
2024/05/24 星期五 00:48:15.104,1716482895104,NH-DC-NM129-B05-ROCE-Leaf-3.GPU.S9825,FourHundredGigE1/0/43,14640,1182876,22989,61186374,0,0.12
2024/05/24 星期五 00:48:15.605,1716482895605,NH-DC-NM129-B05-ROCE-Leaf-3.GPU.S9825,FourHundredGigE1/0/43,0,0,0,0,0,0
2024/05/24 星期五 00:48:16.300,1716482896300,NH-DC-NM129-B05-ROCE-Leaf-3.GPU.S9825,FourHundredGigE1/0/43,4424,366392,21778,72273156,0,0.13
2024/05/24 星期五 00:48:16.863,1716482896863,NH-DC-NM129-B05-ROCE-Leaf-3.GPU.S9825,FourHundredGigE1/0/43,0,0,0,0,0,0
2024/05/24 星期五 00:48:17.424,1716482897424,NH-DC-NM129-B05-ROCE-Leaf-3.GPU.S9825,FourHundredGigE1/0/43,5702,12046064,36746,125062372,0.02,0.27
2024/05/24 星期五 00:48:18.006,1716482898006,NH-DC-NM129-B05-ROCE-Leaf-3.GPU.S9825,FourHundredGigE1/0/43,0,0,0,0,0,0
2024/05/24 星期五 00:48:18.567,1716482898567,NH-DC-NM129-B05-ROCE-Leaf-3.GPU.S9825,FourHundredGigE1/0/43,463873,1905217146,86131,335892178,4.23,0.74
2024/05/24 星期五 00:48:19.067,1716482899067,NH-DC-NM129-B05-ROCE-Leaf-3.GPU.S9825,FourHundredGigE1/0/43,32599,118368818,17746,61815740,0.28,0.15
2024/05/24 星期五 00:48:19.620,1716482899620,NH-DC-NM129-B05-ROCE-Leaf-3.GPU.S9825,FourHundredGigE1/0/43,0,0,0,0,0,0
2024/05/24 星期五 00:48:20.124,1716482900124,NH-DC-NM129-B05-ROCE-Leaf-3.GPU.S9825,FourHundredGigE1/0/43,9757,34002138,8005,8860254,0.07,0
2024/05/24 星期五 00:48:20.689,1716482900689,NH-DC-NM129-B05-ROCE-Leaf-3.GPU.S9825,FourHundredGigE1/0/43,0,0,0,0,0,0
2024/05/24 星期五 00:48:21.190,1716482901190,NH-DC-NM129-B05-ROCE-Leaf-3.GPU.S9825,FourHundredGigE1/0/43,207047,806473312,23456,60347564,2.00,0.15
2024/05/24 星期五 00:48:21.925,1716482901925,NH-DC-NM129-B05-ROCE-Leaf-3.GPU.S9825,FourHundredGigE1/0/43,0,0,0,0,0,0
2024/05/24 星期五 00:48:22.468,1716482902468,NH-DC-NM129-B05-ROCE-Leaf-3.GPU.S9825,FourHundredGigE1/0/43,70679,266076652,39617,123491590,0.60,0.28
2024/05/24 星期五 00:48:22.970,1716482902970,NH-DC-NM129-B05-ROCE-Leaf-3.GPU.S9825,FourHundredGigE1/0/43,0,0,0,0,0,0
2024/05/24 星期五 00:48:23.470,1716482903470,NH-DC-NM129-B05-ROCE-Leaf-3.GPU.S9825,FourHundredGigE1/0/43,16726,60694088,36289,120068210,0.15,0.3
2024/05/24 星期五 00:48:24.423,1716482904423,NH-DC-NM129-B05-ROCE-Leaf-3.GPU.S9825,FourHundredGigE1/0/43,8203,23553958,39256,133403528,0.03,0.17
2024/05/24 星期五 00:48:25.056,1716482905056,NH-DC-NM129-B05-ROCE-Leaf-3.GPU.S9825,FourHundredGigE1/0/43,410594,1625393720,199192,793400771,3.20,1.56
2024/05/24 星期五 00:48:25.649,1716482905649,NH-DC-NM129-B05-ROCE-Leaf-3.GPU.S9825,FourHundredGigE1/0/43,0,0,0,0,0,0
2024/05/24 星期五 00:48:26.190,1716482906190,NH-DC-NM129-B05-ROCE-Leaf-3.GPU.S9825,FourHundredGigE1/0/43,10638,14934076,19029,67192842,0.02,0.14
2024/05/24 星期五 00:48:26.693,1716482906693,NH-DC-NM129-B05-ROCE-Leaf-3.GPU.S9825,FourHundredGigE1/0/43,0,0,0,0,0,0
2024/05/24 星期五 00:48:27.196,1716482907196,NH-DC-NM129-B05-ROCE-Leaf-3.GPU.S9825,FourHundredGigE1/0/43,24928,67998564,63495,230685602,0.15,0.57
2024/05/24 星期五 00:48:29.145,1716482909145,NH-DC-NM129-B05-ROCE-Leaf-3.GPU.S9825,FourHundredGigE1/0/43,199119,733700862,250879,997112706,0.47,0.63
2024/05/24 星期五 00:48:29.695,1716482909695,NH-DC-NM129-B05-ROCE-Leaf-3.GPU.S9825,FourHundredGigE1/0/43,0,0,0,0,0,0
2024/05/24 星期五 00:48:30.194,1716482910194,NH-DC-NM129-B05-ROCE-Leaf-3.GPU.S9825,FourHundredGigE1/0/43,57860,198316396,54180,183251056,0.48,0.45
2024/05/24 星期五 00:48:30.884,1716482910884,NH-DC-NM129-B05-ROCE-Leaf-3.GPU.S9825,FourHundredGigE1/0/43,0,0,0,0,0,0
2024/05/24 星期五 00:48:31.404,1716482911404,NH-DC-NM129-B05-ROCE-Leaf-3.GPU.S9825,FourHundredGigE1/0/43,22858,85565164,873,77638,0.19,0
2024/05/24 星期五 00:48:32.078,1716482912078,NH-DC-NM129-B05-ROCE-Leaf-3.GPU.S9825,FourHundredGigE1/0/43,192396,766016234,189934,760088080,1.41,1.41
2024/05/24 星期五 00:48:32.648,1716482912648,NH-DC-NM129-B05-ROCE-Leaf-3.GPU.S9825,FourHundredGigE1/0/43,0,0,0,0,0,0
2024/05/24 星期五 00:48:33.149,1716482913149,NH-DC-NM129-B05-ROCE-Leaf-3.GPU.S9825,FourHundredGigE1/0/43,37780,135017718,74595,279148598,0.32,0.67
2024/05/24 星期五 00:48:33.886,1716482913886,NH-DC-NM129-B05-ROCE-Leaf-3.GPU.S9825,FourHundredGigE1/0/43,10885,41177774,38350,136168060,0.07,0.22
2024/05/24 星期五 00:48:34.716,1716482914716,NH-DC-NM129-B05-ROCE-Leaf-3.GPU.S9825,FourHundredGigE1/0/43,0,0,0,0,0,0
2024/05/24 星期五 00:48:35.415,1716482915415,NH-DC-NM129-B05-ROCE-Leaf-3.GPU.S9825,FourHundredGigE1/0/43,39910,119942032,7666,608424,0.20,0
2024/05/24 星期五 00:48:35.995,1716482915995,NH-DC-NM129-B05-ROCE-Leaf-3.GPU.S9825,FourHundredGigE1/0/43,0,0,0,0,0,0
2024/05/24 星期五 00:48:36.502,1716482916502,NH-DC-NM129-B05-ROCE-Leaf-3.GPU.S9825,FourHundredGigE1/0/43,327731,1308918126,114021,417763510,3.21,1.01
2024/05/24 星期五 00:48:37.003,1716482917003,NH-DC-NM129-B05-ROCE-Leaf-3.GPU.S9825,FourHundredGigE1/0/43,6783,23218710,2020,168304,0.05,0
2024/05/24 星期五 00:48:37.673,1716482917673,NH-DC-NM129-B05-ROCE-Leaf-3.GPU.S9825,FourHundredGigE1/0/43,0,0,0,0,0,0
2024/05/24 星期五 00:48:38.674,1716482918674,NH-DC-NM129-B05-ROCE-Leaf-3.GPU.S9825,FourHundredGigE1/0/43,5566,16565008,15090,24322788,0.01,0.02
2024/05/24 星期五 00:48:39.242,1716482919242,NH-DC-NM129-B05-ROCE-Leaf-3.GPU.S9825,FourHundredGigE1/0/43,12100,43955568,4109,11879898,0.09,0.02
2024/05/24 星期五 00:48:39.777,1716482919777,NH-DC-NM129-B05-ROCE-Leaf-3.GPU.S9825,FourHundredGigE1/0/43,0,0,0,0,0,0
2024/05/24 星期五 00:48:40.280,1716482920280,NH-DC-NM129-B05-ROCE-Leaf-3.GPU.S9825,FourHundredGigE1/0/43,448328,1825757664,119709,460355830,4.52,1.14
2024/05/24 星期五 00:48:40.860,1716482920860,NH-DC-NM129-B05-ROCE-Leaf-3.GPU.S9825,FourHundredGigE1/0/43,0,0,0,0,0,0
2024/05/24 星期五 00:48:41.492,1716482921492,NH-DC-NM129-B05-ROCE-Leaf-3.GPU.S9825,FourHundredGigE1/0/43,92614,317863995,23445,24629098,0.61,0.04
2024/05/24 星期五 00:48:42.113,1716482922113,NH-DC-NM129-B05-ROCE-Leaf-3.GPU.S9825,FourHundredGigE1/0/43,6408,23644208,9928,34693400,0.04,0.06
2024/05/24 星期五 00:48:42.691,1716482922691,NH-DC-NM129-B05-ROCE-Leaf-3.GPU.S9825,FourHundredGigE1/0/43,0,0,0,0,0,0
2024/05/24 星期五 00:48:43.192,1716482923192,NH-DC-NM129-B05-ROCE-Leaf-3.GPU.S9825,FourHundredGigE1/0/43,317679,1300189658,208126,844897648,3.24,2.10
2024/05/24 星期五 00:48:43.694,1716482923694,NH-DC-NM129-B05-ROCE-Leaf-3.GPU.S9825,FourHundredGigE1/0/43,0,0,0,0,0,0
2024/05/24 星期五 00:48:44.206,1716482924206,NH-DC-NM129-B05-ROCE-Leaf-3.GPU.S9825,FourHundredGigE1/0/43,6521,14337146,4982,410520,0.02,0
2024/05/24 星期五 00:48:44.916,1716482924916,NH-DC-NM129-B05-ROCE-Leaf-3.GPU.S9825,FourHundredGigE1/0/43,4246,12792888,4301,11520274,0.02,0.02
2024/05/24 星期五 00:48:46.086,1716482926086,NH-DC-NM129-B05-ROCE-Leaf-3.GPU.S9825,FourHundredGigE1/0/43,1785,15964642,517,42554,0.01,0
2024/05/24 星期五 00:48:47.520,1716482927520,NH-DC-NM129-B05-ROCE-Leaf-3.GPU.S9825,FourHundredGigE1/0/43,356842,1417267940,71654,178597620,1.23,0.15
2024/05/24 星期五 00:48:48.188,1716482928188,NH-DC-NM129-B05-ROCE-Leaf-3.GPU.S9825,FourHundredGigE1/0/43,14156,47725696,11187,906430,0.07,0
2024/05/24 星期五 00:48:48.908,1716482928908,NH-DC-NM129-B05-ROCE-Leaf-3.GPU.S9825,FourHundredGigE1/0/43,22867,83104754,20055,40501706,0.14,0.07
2024/05/24 星期五 00:48:50.194,1716482930194,NH-DC-NM129-B05-ROCE-Leaf-3.GPU.S9825,FourHundredGigE1/0/43,240920,983357528,186485,759079870,0.95,0.73
2024/05/24 星期五 00:48:50.756,1716482930756,NH-DC-NM129-B05-ROCE-Leaf-3.GPU.S9825,FourHundredGigE1/0/43,0,0,0,0,0,0
2024/05/24 星期五 00:48:51.257,1716482931257,NH-DC-NM129-B05-ROCE-Leaf-3.GPU.S9825,FourHundredGigE1/0/43,116412,453471496,29825,94446738,1.12,0.22
2024/05/24 星期五 00:48:51.932,1716482931932,NH-DC-NM129-B05-ROCE-Leaf-3.GPU.S9825,FourHundredGigE1/0/43,29585,76205346,86615,301038342,0.13,0.56
2024/05/24 星期五 00:48:52.657,1716482932657,NH-DC-NM129-B05-ROCE-Leaf-3.GPU.S9825,FourHundredGigE1/0/43,0,0,0,0,0,0
2024/05/24 星期五 00:48:53.197,1716482933197,NH-DC-NM129-B05-ROCE-Leaf-3.GPU.S9825,FourHundredGigE1/0/43,11603,32620702,10935,12432318,0.07,0.02
2024/05/24 星期五 00:48:53.701,1716482933701,NH-DC-NM129-B05-ROCE-Leaf-3.GPU.S9825,FourHundredGigE1/0/43,0,0,0,0,0,0
2024/05/24 星期五 00:48:54.206,1716482934206,NH-DC-NM129-B05-ROCE-Leaf-3.GPU.S9825,FourHundredGigE1/0/43,210737,829960482,113138,452077788,2.03,1.11
2024/05/24 星期五 00:48:55.022,1716482935022,NH-DC-NM129-B05-ROCE-Leaf-3.GPU.S9825,FourHundredGigE1/0/43,1305,107778,20582,70530096,0,0.11
2024/05/24 星期五 00:48:55.738,1716482935738,NH-DC-NM129-B05-ROCE-Leaf-3.GPU.S9825,FourHundredGigE1/0/43,0,0,0,0,0,0
2024/05/24 星期五 00:48:56.397,1716482936397,NH-DC-NM129-B05-ROCE-Leaf-3.GPU.S9825,FourHundredGigE1/0/43,21168,57782404,9701,28484826,0.09,0.04
2024/05/24 星期五 00:48:56.898,1716482936898,NH-DC-NM129-B05-ROCE-Leaf-3.GPU.S9825,FourHundredGigE1/0/43,0,0,0,0,0,0
2024/05/24 星期五 00:48:57.412,1716482937412,NH-DC-NM129-B05-ROCE-Leaf-3.GPU.S9825,FourHundredGigE1/0/43,12578,26259564,23936,80681904,0.05,0.19
2024/05/24 星期五 00:48:57.974,1716482937974,NH-DC-NM129-B05-ROCE-Leaf-3.GPU.S9825,FourHundredGigE1/0/43,0,0,0,0,0,0
2024/05/24 星期五 00:48:58.576,1716482938576,NH-DC-NM129-B05-ROCE-Leaf-3.GPU.S9825,FourHundredGigE1/0/43,346653,1418857426,270740,1081586744,2.93,2.24
2024/05/24 星期五 00:48:59.337,1716482939337,NH-DC-NM129-B05-ROCE-Leaf-3.GPU.S9825,FourHundredGigE1/0/43,10305,31992430,21428,74806288,0.05,0.11
2024/05/24 星期五 00:48:59.983,1716482939983,NH-DC-NM129-B05-ROCE-Leaf-3.GPU.S9825,FourHundredGigE1/0/43,0,0,0,0,0,0
2024/05/24 星期五 00:49:00.486,1716482940486,NH-DC-NM129-B05-ROCE-Leaf-3.GPU.S9825,FourHundredGigE1/0/43,59547,206118778,18730,25127984,0.50,0.05
2024/05/24 星期五 00:49:00.987,1716482940987,NH-DC-NM129-B05-ROCE-Leaf-3.GPU.S9825,FourHundredGigE1/0/43,0,0,0,0,0,0
2024/05/24 星期五 00:49:01.485,1716482941485,NH-DC-NM129-B05-ROCE-Leaf-3.GPU.S9825,FourHundredGigE1/0/43,82308,310108956,7205,573442,0.78,0
2024/05/24 星期五 00:49:02.091,1716482942091,NH-DC-NM129-B05-ROCE-Leaf-3.GPU.S9825,FourHundredGigE1/0/43,39219,143611586,38490,133581556,0.29,0.27
2024/05/24 星期五 00:49:02.906,1716482942906,NH-DC-NM129-B05-ROCE-Leaf-3.GPU.S9825,FourHundredGigE1/0/43,0,0,0,0,0,0
2024/05/24 星期五 00:49:03.409,1716482943409,NH-DC-NM129-B05-ROCE-Leaf-3.GPU.S9825,FourHundredGigE1/0/43,28616,92626248,36403,132316138,0.22,0.32
2024/05/24 星期五 00:49:03.913,1716482943913,NH-DC-NM129-B05-ROCE-Leaf-3.GPU.S9825,FourHundredGigE1/0/43,0,0,0,0,0,0
2024/05/24 星期五 00:49:04.414,1716482944414,NH-DC-NM129-B05-ROCE-Leaf-3.GPU.S9825,FourHundredGigE1/0/43,23505,72578674,34829,92682962,0.17,0.22
2024/05/24 星期五 00:49:04.931,1716482944931,NH-DC-NM129-B05-ROCE-Leaf-3.GPU.S9825,FourHundredGigE1/0/43,0,0,0,0,0,0
2024/05/24 星期五 00:49:05.432,1716482945432,NH-DC-NM129-B05-ROCE-Leaf-3.GPU.S9825,FourHundredGigE1/0/43,350807,1372757362,361589,1489935210,3.42,3.69
2024/05/24 星期五 00:49:06.274,1716482946274,NH-DC-NM129-B05-ROCE-Leaf-3.GPU.S9825,FourHundredGigE1/0/43,5386,9663704,32309,116610282,0,0.16
2024/05/24 星期五 00:49:06.857,1716482946857,NH-DC-NM129-B05-ROCE-Leaf-3.GPU.S9825,FourHundredGigE1/0/43,0,0,0,0,0,0
2024/05/24 星期五 00:49:07.369,1716482947369,NH-DC-NM129-B05-ROCE-Leaf-3.GPU.S9825,FourHundredGigE1/0/43,3503,8678882,39093,114721286,0,0.27
2024/05/24 星期五 00:49:07.942,1716482947942,NH-DC-NM129-B05-ROCE-Leaf-3.GPU.S9825,FourHundredGigE1/0/43,0,0,0,0,0,0
2024/05/24 星期五 00:49:08.446,1716482948446,NH-DC-NM129-B05-ROCE-Leaf-3.GPU.S9825,FourHundredGigE1/0/43,7578,25771768,23055,79977498,0.05,0.17
2024/05/24 星期五 00:49:09.022,1716482949022,NH-DC-NM129-B05-ROCE-Leaf-3.GPU.S9825,FourHundredGigE1/0/43,342515,1344371226,115909,433199438,2.91,0.93
2024/05/24 星期五 00:49:09.879,1716482949879,NH-DC-NM129-B05-ROCE-Leaf-3.GPU.S9825,FourHundredGigE1/0/43,0,0,0,0,0,0
2024/05/24 星期五 00:49:10.382,1716482950382,NH-DC-NM129-B05-ROCE-Leaf-3.GPU.S9825,FourHundredGigE1/0/43,19358,62248936,34304,115255972,0.15,0.27
2024/05/24 星期五 00:49:10.884,1716482950884,NH-DC-NM129-B05-ROCE-Leaf-3.GPU.S9825,FourHundredGigE1/0/43,0,0,0,0,0,0
2024/05/24 星期五 00:49:11.385,1716482951385,NH-DC-NM129-B05-ROCE-Leaf-3.GPU.S9825,FourHundredGigE1/0/43,37164,132358455,18625,60233386,0.32,0.15
2024/05/24 星期五 00:49:11.887,1716482951887,NH-DC-NM129-B05-ROCE-Leaf-3.GPU.S9825,FourHundredGigE1/0/43,0,0,0,0,0,0
2024/05/24 星期五 00:49:12.416,1716482952416,NH-DC-NM129-B05-ROCE-Leaf-3.GPU.S9825,FourHundredGigE1/0/43,36151,110597010,190529,725483754,0.26,1.70
2024/05/24 星期五 00:49:13.205,1716482953205,NH-DC-NM129-B05-ROCE-Leaf-3.GPU.S9825,FourHundredGigE1/0/43,100336,402887056,8613,14991826,0.63,0.02
2024/05/24 星期五 00:49:13.705,1716482953705,NH-DC-NM129-B05-ROCE-Leaf-3.GPU.S9825,FourHundredGigE1/0/43,0,0,0,0,0,0
2024/05/24 星期五 00:49:14.206,1716482954206,NH-DC-NM129-B05-ROCE-Leaf-3.GPU.S9825,FourHundredGigE1/0/43,10598,23596896,6656,18526024,0.05,0.02
2024/05/24 星期五 00:49:14.747,1716482954747,NH-DC-NM129-B05-ROCE-Leaf-3.GPU.S9825,FourHundredGigE1/0/43,0,0,0,0,0,0
2024/05/24 星期五 00:49:15.251,1716482955251,NH-DC-NM129-B05-ROCE-Leaf-3.GPU.S9825,FourHundredGigE1/0/43,9647,23678838,29722,102449512,0.05,0.25
2024/05/24 星期五 00:49:15.876,1716482955876,NH-DC-NM129-B05-ROCE-Leaf-3.GPU.S9825,FourHundredGigE1/0/43,185211,757194534,273922,1118679976,1.5,2.22
2024/05/24 星期五 00:49:16.695,1716482956695,NH-DC-NM129-B05-ROCE-Leaf-3.GPU.S9825,FourHundredGigE1/0/43,0,0,0,0,0,0
2024/05/24 星期五 00:49:17.211,1716482957211,NH-DC-NM129-B05-ROCE-Leaf-3.GPU.S9825,FourHundredGigE1/0/43,19721,72270674,23410,78124872,0.17,0.17
2024/05/24 星期五 00:49:17.756,1716482957756,NH-DC-NM129-B05-ROCE-Leaf-3.GPU.S9825,FourHundredGigE1/0/43,0,0,0,0,0,0
2024/05/24 星期五 00:49:18.843,1716482958843,NH-DC-NM129-B05-ROCE-Leaf-3.GPU.S9825,FourHundredGigE1/0/43,2001,161898,3611,11464222,0,0.01
2024/05/24 星期五 00:49:19.346,1716482959346,NH-DC-NM129-B05-ROCE-Leaf-3.GPU.S9825,FourHundredGigE1/0/43,63842,241529236,58891,190660858,0.60,0.47
2024/05/24 星期五 00:49:20.858,1716482960858,NH-DC-NM129-B05-ROCE-Leaf-3.GPU.S9825,FourHundredGigE1/0/43,149987,574595982,150839,585874898,0.47,0.48
2024/05/24 星期五 00:49:21.362,1716482961362,NH-DC-NM129-B05-ROCE-Leaf-3.GPU.S9825,FourHundredGigE1/0/43,87204,344651144,49622,173454576,0.84,0.42
2024/05/24 星期五 00:49:21.968,1716482961968,NH-DC-NM129-B05-ROCE-Leaf-3.GPU.S9825,FourHundredGigE1/0/43,0,0,0,0,0,0
2024/05/24 星期五 00:49:22.478,1716482962478,NH-DC-NM129-B05-ROCE-Leaf-3.GPU.S9825,FourHundredGigE1/0/43,37441,138507466,54577,196647062,0.32,0.47
2024/05/24 星期五 00:49:23.125,1716482963125,NH-DC-NM129-B05-ROCE-Leaf-3.GPU.S9825,FourHundredGigE1/0/43,14206,40025644,252038,1039688284,0.08,1.99
2024/05/24 星期五 00:49:23.945,1716482963945,NH-DC-NM129-B05-ROCE-Leaf-3.GPU.S9825,FourHundredGigE1/0/43,0,0,0,0,0,0
2024/05/24 星期五 00:49:24.456,1716482964456,NH-DC-NM129-B05-ROCE-Leaf-3.GPU.S9825,FourHundredGigE1/0/43,15674,52271044,29285,106412770,0.12,0.24
2024/05/24 星期五 00:49:25.004,1716482965004,NH-DC-NM129-B05-ROCE-Leaf-3.GPU.S9825,FourHundredGigE1/0/43,0,0,0,0,0,0
2024/05/24 星期五 00:49:25.505,1716482965505,NH-DC-NM129-B05-ROCE-Leaf-3.GPU.S9825,FourHundredGigE1/0/43,2322,4323980,76016,300804708,0,0.75
2024/05/24 星期五 00:49:26.012,1716482966012,NH-DC-NM129-B05-ROCE-Leaf-3.GPU.S9825,FourHundredGigE1/0/43,4186,11907448,6313,23228662,0.02,0.05
2024/05/24 星期五 00:49:26.869,1716482966869,NH-DC-NM129-B05-ROCE-Leaf-3.GPU.S9825,FourHundredGigE1/0/43,0,0,0,0,0,0
2024/05/24 星期五 00:49:27.369,1716482967369,NH-DC-NM129-B05-ROCE-Leaf-3.GPU.S9825,FourHundredGigE1/0/43,70950,247811864,923305,3773103794,0.6,9.42
2024/05/24 星期五 00:49:27.930,1716482967930,NH-DC-NM129-B05-ROCE-Leaf-3.GPU.S9825,FourHundredGigE1/0/43,0,0,0,0,0,0
2024/05/24 星期五 00:49:28.555,1716482968555,NH-DC-NM129-B05-ROCE-Leaf-3.GPU.S9825,FourHundredGigE1/0/43,52080,182626436,11965,23694118,0.36,0.04
2024/05/24 星期五 00:49:29.125,1716482969125,NH-DC-NM129-B05-ROCE-Leaf-3.GPU.S9825,FourHundredGigE1/0/43,5212,11987368,14235,1166946,0.02,0
2024/05/24 星期五 00:49:29.782,1716482969782,NH-DC-NM129-B05-ROCE-Leaf-3.GPU.S9825,FourHundredGigE1/0/43,15374,47822376,10950,12057188,0.08,0.02
2024/05/24 星期五 00:49:30.556,1716482970556,NH-DC-NM129-B05-ROCE-Leaf-3.GPU.S9825,FourHundredGigE1/0/43,0,0,0,0,0,0
2024/05/24 星期五 00:49:31.059,1716482971059,NH-DC-NM129-B05-ROCE-Leaf-3.GPU.S9825,FourHundredGigE1/0/43,0,0,0,0,0,0
2024/05/24 星期五 00:49:31.573,1716482971573,NH-DC-NM129-B05-ROCE-Leaf-3.GPU.S9825,FourHundredGigE1/0/43,55479,190362766,57473,212816998,0.46,0.51
2024/05/24 星期五 00:49:32.218,1716482972218,NH-DC-NM129-B05-ROCE-Leaf-3.GPU.S9825,FourHundredGigE1/0/43,8684,778300,73833,267872900,0,0.50
2024/05/24 星期五 00:49:32.743,1716482972743,NH-DC-NM129-B05-ROCE-Leaf-3.GPU.S9825,FourHundredGigE1/0/43,0,0,0,0,0,0
2024/05/24 星期五 00:49:33.249,1716482973249,NH-DC-NM129-B05-ROCE-Leaf-3.GPU.S9825,FourHundredGigE1/0/43,23197,13210798,13250,12244188,0.02,0.02
2024/05/24 星期五 00:49:34.168,1716482974168,NH-DC-NM129-B05-ROCE-Leaf-3.GPU.S9825,FourHundredGigE1/0/43,55853,202693778,290796,1090380112,0.27,1.48
2024/05/24 星期五 00:49:34.736,1716482974736,NH-DC-NM129-B05-ROCE-Leaf-3.GPU.S9825,FourHundredGigE1/0/43,0,0,0,0,0,0
2024/05/24 星期五 00:49:35.281,1716482975281,NH-DC-NM129-B05-ROCE-Leaf-3.GPU.S9825,FourHundredGigE1/0/43,10938,34890732,490999,1841373542,0.07,4.22
2024/05/24 星期五 00:49:35.951,1716482975951,NH-DC-NM129-B05-ROCE-Leaf-3.GPU.S9825,FourHundredGigE1/0/43,0,0,0,0,0,0
2024/05/24 星期五 00:49:36.464,1716482976464,NH-DC-NM129-B05-ROCE-Leaf-3.GPU.S9825,FourHundredGigE1/0/43,3158,11659628,56705,177094486,0.02,0.41
2024/05/24 星期五 00:49:37.206,1716482977206,NH-DC-NM129-B05-ROCE-Leaf-3.GPU.S9825,FourHundredGigE1/0/43,239527,982273936,169222,698818398,1.65,1.16
2024/05/24 星期五 00:49:37.793,1716482977793,NH-DC-NM129-B05-ROCE-Leaf-3.GPU.S9825,FourHundredGigE1/0/43,0,0,0,0,0,0
2024/05/24 星期五 00:49:38.295,1716482978295,NH-DC-NM129-B05-ROCE-Leaf-3.GPU.S9825,FourHundredGigE1/0/43,119845,472907420,126355,492487956,1.17,1.22
2024/05/24 星期五 00:49:38.882,1716482978882,NH-DC-NM129-B05-ROCE-Leaf-3.GPU.S9825,FourHundredGigE1/0/43,12704,43347676,11467,14015446,0.09,0.02
2024/05/24 星期五 00:49:39.509,1716482979509,NH-DC-NM129-B05-ROCE-Leaf-3.GPU.S9825,FourHundredGigE1/0/43,0,0,0,0,0,0
2024/05/24 星期五 00:49:40.010,1716482980010,NH-DC-NM129-B05-ROCE-Leaf-3.GPU.S9825,FourHundredGigE1/0/43,27216,90731444,5133,11589342,0.22,0.02
2024/05/24 星期五 00:49:40.719,1716482980719,NH-DC-NM129-B05-ROCE-Leaf-3.GPU.S9825,FourHundredGigE1/0/43,0,0,0,0,0,0
2024/05/24 星期五 00:49:41.225,1716482981225,NH-DC-NM129-B05-ROCE-Leaf-3.GPU.S9825,FourHundredGigE1/0/43,20069,55639913,22934,61198176,0.12,0.15
2024/05/24 星期五 00:49:41.737,1716482981737,NH-DC-NM129-B05-ROCE-Leaf-3.GPU.S9825,FourHundredGigE1/0/43,0,0,0,0,0,0
2024/05/24 星期五 00:49:42.242,1716482982242,NH-DC-NM129-B05-ROCE-Leaf-3.GPU.S9825,FourHundredGigE1/0/43,3652,7812828,25604,82244660,0,0.20
2024/05/24 星期五 00:49:42.872,1716482982872,NH-DC-NM129-B05-ROCE-Leaf-3.GPU.S9825,FourHundredGigE1/0/43,0,0,0,0,0,0
2024/05/24 星期五 00:49:43.384,1716482983384,NH-DC-NM129-B05-ROCE-Leaf-3.GPU.S9825,FourHundredGigE1/0/43,22365,47848522,7862,23355368,0.10,0.05
2024/05/24 星期五 00:49:44.173,1716482984173,NH-DC-NM129-B05-ROCE-Leaf-3.GPU.S9825,FourHundredGigE1/0/43,64444,231000402,31505,88981026,0.36,0.13
2024/05/24 星期五 00:49:44.685,1716482984685,NH-DC-NM129-B05-ROCE-Leaf-3.GPU.S9825,FourHundredGigE1/0/43,0,0,0,0,0,0
2024/05/24 星期五 00:49:45.216,1716482985216,NH-DC-NM129-B05-ROCE-Leaf-3.GPU.S9825,FourHundredGigE1/0/43,278860,1098008774,188252,683917796,2.57,1.60
2024/05/24 星期五 00:49:46.912,1716482986912,NH-DC-NM129-B05-ROCE-Leaf-3.GPU.S9825,FourHundredGigE1/0/43,57477,196417634,42603,156017170,0.14,0.11
2024/05/24 星期五 00:49:48.164,1716482988164,NH-DC-NM129-B05-ROCE-Leaf-3.GPU.S9825,FourHundredGigE1/0/43,57121,141110726,59028,174482168,0.14,0.17
2024/05/24 星期五 00:49:48.666,1716482988666,NH-DC-NM129-B05-ROCE-Leaf-3.GPU.S9825,FourHundredGigE1/0/43,0,0,0,0,0,0
2024/05/24 星期五 00:49:49.273,1716482989273,NH-DC-NM129-B05-ROCE-Leaf-3.GPU.S9825,FourHundredGigE1/0/43,53080,196873660,64397,228730014,0.39,0.45
2024/05/24 星期五 00:49:50.061,1716482990061,NH-DC-NM129-B05-ROCE-Leaf-3.GPU.S9825,FourHundredGigE1/0/43,17421,50829098,20091,48460914,0.08,0.06
2024/05/24 星期五 00:49:50.563,1716482990563,NH-DC-NM129-B05-ROCE-Leaf-3.GPU.S9825,FourHundredGigE1/0/43,0,0,0,0,0,0
2024/05/24 星期五 00:49:51.292,1716482991292,NH-DC-NM129-B05-ROCE-Leaf-3.GPU.S9825,FourHundredGigE1/0/43,18470,32324476,12997,35862998,0.05,0.05
2024/05/24 星期五 00:49:51.889,1716482991889,NH-DC-NM129-B05-ROCE-Leaf-3.GPU.S9825,FourHundredGigE1/0/43,0,0,0,0,0,0
2024/05/24 星期五 00:49:52.465,1716482992465,NH-DC-NM129-B05-ROCE-Leaf-3.GPU.S9825,FourHundredGigE1/0/43,122507,400052330,22925,64024134,0.87,0.13
2024/05/24 星期五 00:49:53.025,1716482993025,NH-DC-NM129-B05-ROCE-Leaf-3.GPU.S9825,FourHundredGigE1/0/43,12482,26444292,39077,136209142,0.04,0.29
2024/05/24 星期五 00:49:53.668,1716482993668,NH-DC-NM129-B05-ROCE-Leaf-3.GPU.S9825,FourHundredGigE1/0/43,0,0,0,0,0,0
2024/05/24 星期五 00:49:54.169,1716482994169,NH-DC-NM129-B05-ROCE-Leaf-3.GPU.S9825,FourHundredGigE1/0/43,21502,61098444,31002,106658904,0.15,0.25
2024/05/24 星期五 00:49:55.206,1716482995206,NH-DC-NM129-B05-ROCE-Leaf-3.GPU.S9825,FourHundredGigE1/0/43,382432,1570284280,191767,749986554,1.89,0.89
2024/05/24 星期五 00:49:55.713,1716482995713,NH-DC-NM129-B05-ROCE-Leaf-3.GPU.S9825,FourHundredGigE1/0/43,0,0,0,0,0,0
2024/05/24 星期五 00:49:56.213,1716482996213,NH-DC-NM129-B05-ROCE-Leaf-3.GPU.S9825,FourHundredGigE1/0/43,9956,30096408,24368,57078924,0.08,0.12
2024/05/24 星期五 00:49:56.866,1716482996866,NH-DC-NM129-B05-ROCE-Leaf-3.GPU.S9825,FourHundredGigE1/0/43,0,0,0,0,0,0
2024/05/24 星期五 00:49:57.366,1716482997366,NH-DC-NM129-B05-ROCE-Leaf-3.GPU.S9825,FourHundredGigE1/0/43,54456,157085172,10065,3066678,0.38,0
2024/05/24 星期五 00:49:58.075,1716482998075,NH-DC-NM129-B05-ROCE-Leaf-3.GPU.S9825,FourHundredGigE1/0/43,85270,294230224,18233,63649290,0.51,0.11
2024/05/24 星期五 00:49:58.668,1716482998668,NH-DC-NM129-B05-ROCE-Leaf-3.GPU.S9825,FourHundredGigE1/0/43,0,0,0,0,0,0
2024/05/24 星期五 00:49:59.169,1716482999169,NH-DC-NM129-B05-ROCE-Leaf-3.GPU.S9825,FourHundredGigE1/0/43,53828,157891024,176427,626489274,0.37,1.55
2024/05/24 星期五 00:50:01.475,1716483001475,NH-DC-NM129-B05-ROCE-Leaf-3.GPU.S9825,FourHundredGigE1/0/43,37835,111332990,117773,425566030,0.06,0.23
2024/05/24 星期五 00:50:02.038,1716483002038,NH-DC-NM129-B05-ROCE-Leaf-3.GPU.S9825,FourHundredGigE1/0/43,0,0,0,0,0,0
2024/05/24 星期五 00:50:02.581,1716483002581,NH-DC-NM129-B05-ROCE-Leaf-3.GPU.S9825,FourHundredGigE1/0/43,123326,460719436,82938,235818752,1.06,0.53
2024/05/24 星期五 00:50:03.086,1716483003086,NH-DC-NM129-B05-ROCE-Leaf-3.GPU.S9825,FourHundredGigE1/0/43,81094,285551688,101258,381396532,0.69,0.94
2024/05/24 星期五 00:50:03.697,1716483003697,NH-DC-NM129-B05-ROCE-Leaf-3.GPU.S9825,FourHundredGigE1/0/43,0,0,0,0,0,0
2024/05/24 星期五 00:50:04.218,1716483004218,NH-DC-NM129-B05-ROCE-Leaf-3.GPU.S9825,FourHundredGigE1/0/43,32698,114702532,3202,11805604,0.26,0.02
2024/05/24 星期五 00:50:04.999,1716483004999,NH-DC-NM129-B05-ROCE-Leaf-3.GPU.S9825,FourHundredGigE1/0/43,79618,301742976,3782,11853424,0.48,0.02
2024/05/24 星期五 00:50:05.539,1716483005539,NH-DC-NM129-B05-ROCE-Leaf-3.GPU.S9825,FourHundredGigE1/0/43,0,0,0,0,0,0
2024/05/24 星期五 00:50:06.042,1716483006042,NH-DC-NM129-B05-ROCE-Leaf-3.GPU.S9825,FourHundredGigE1/0/43,279114,1107547836,12367,999854,2.73,0
2024/05/24 星期五 00:50:06.621,1716483006621,NH-DC-NM129-B05-ROCE-Leaf-3.GPU.S9825,FourHundredGigE1/0/43,0,0,0,0,0,0
2024/05/24 星期五 00:50:07.230,1716483007230,NH-DC-NM129-B05-ROCE-Leaf-3.GPU.S9825,FourHundredGigE1/0/43,8227,12008014,58966,217434784,0.02,0.43
2024/05/24 星期五 00:50:07.848,1716483007848,NH-DC-NM129-B05-ROCE-Leaf-3.GPU.S9825,FourHundredGigE1/0/43,0,0,0,0,0,0
2024/05/24 星期五 00:50:08.537,1716483008537,NH-DC-NM129-B05-ROCE-Leaf-3.GPU.S9825,FourHundredGigE1/0/43,74655,173116158,9931,34693326,0.31,0.05
2024/05/24 星期五 00:50:09.037,1716483009037,NH-DC-NM129-B05-ROCE-Leaf-3.GPU.S9825,FourHundredGigE1/0/43,0,0,0,0,0,0
2024/05/24 星期五 00:50:09.540,1716483009540,NH-DC-NM129-B05-ROCE-Leaf-3.GPU.S9825,FourHundredGigE1/0/43,96857,229673314,6819,23270222,0.55,0.05
2024/05/24 星期五 00:50:10.137,1716483010137,NH-DC-NM129-B05-ROCE-Leaf-3.GPU.S9825,FourHundredGigE1/0/43,365496,1471202304,190778,784183912,3.08,1.63
2024/05/24 星期五 00:50:10.804,1716483010804,NH-DC-NM129-B05-ROCE-Leaf-3.GPU.S9825,FourHundredGigE1/0/43,0,0,0,0,0,0
2024/05/24 星期五 00:50:11.306,1716483011306,NH-DC-NM129-B05-ROCE-Leaf-3.GPU.S9825,FourHundredGigE1/0/43,173048,648260663,4230,11890244,1.59,0.02
2024/05/24 星期五 00:50:11.944,1716483011944,NH-DC-NM129-B05-ROCE-Leaf-3.GPU.S9825,FourHundredGigE1/0/43,0,0,0,0,0,0
2024/05/24 星期五 00:50:12.459,1716483012459,NH-DC-NM129-B05-ROCE-Leaf-3.GPU.S9825,FourHundredGigE1/0/43,94129,336156738,82687,326587998,0.80,0.78
2024/05/24 星期五 00:50:12.959,1716483012959,NH-DC-NM129-B05-ROCE-Leaf-3.GPU.S9825,FourHundredGigE1/0/43,0,0,0,0,0,0
2024/05/24 星期五 00:50:13.460,1716483013460,NH-DC-NM129-B05-ROCE-Leaf-3.GPU.S9825,FourHundredGigE1/0/43,34114,76218484,200874,814748012,0.17,2.02
2024/05/24 星期五 00:50:14.062,1716483014062,NH-DC-NM129-B05-ROCE-Leaf-3.GPU.S9825,FourHundredGigE1/0/43,38592,139227312,105685,423609474,0.27,0.87
2024/05/24 星期五 00:50:14.657,1716483014657,NH-DC-NM129-B05-ROCE-Leaf-3.GPU.S9825,FourHundredGigE1/0/43,0,0,0,0,0,0
2024/05/24 星期五 00:50:15.324,1716483015324,NH-DC-NM129-B05-ROCE-Leaf-3.GPU.S9825,FourHundredGigE1/0/43,12125,26128114,4520,386652,0.04,0
2024/05/24 星期五 00:50:15.835,1716483015835,NH-DC-NM129-B05-ROCE-Leaf-3.GPU.S9825,FourHundredGigE1/0/43,0,0,0,0,0,0
2024/05/24 星期五 00:50:16.337,1716483016337,NH-DC-NM129-B05-ROCE-Leaf-3.GPU.S9825,FourHundredGigE1/0/43,45474,160222504,14166,50150812,0.40,0.12
2024/05/24 星期五 00:50:16.929,1716483016929,NH-DC-NM129-B05-ROCE-Leaf-3.GPU.S9825,FourHundredGigE1/0/43,0,0,0,0,0,0
2024/05/24 星期五 00:50:17.436,1716483017436,NH-DC-NM129-B05-ROCE-Leaf-3.GPU.S9825,FourHundredGigE1/0/43,286148,1163240832,115404,465304308,2.86,1.13
2024/05/24 星期五 00:50:18.109,1716483018109,NH-DC-NM129-B05-ROCE-Leaf-3.GPU.S9825,FourHundredGigE1/0/43,20424,64068872,13918,28395004,0.11,0.04
2024/05/24 星期五 00:50:18.787,1716483018787,NH-DC-NM129-B05-ROCE-Leaf-3.GPU.S9825,FourHundredGigE1/0/43,0,0,0,0,0,0
2024/05/24 星期五 00:50:19.304,1716483019304,NH-DC-NM129-B05-ROCE-Leaf-3.GPU.S9825,FourHundredGigE1/0/43,13419,33783018,44895,155622822,0.07,0.36
2024/05/24 星期五 00:50:19.805,1716483019805,NH-DC-NM129-B05-ROCE-Leaf-3.GPU.S9825,FourHundredGigE1/0/43,0,0,0,0,0,0
2024/05/24 星期五 00:50:20.306,1716483020306,NH-DC-NM129-B05-ROCE-Leaf-3.GPU.S9825,FourHundredGigE1/0/43,265117,1072967516,178271,705268448,2.67,1.75
2024/05/24 星期五 00:50:20.934,1716483020934,NH-DC-NM129-B05-ROCE-Leaf-3.GPU.S9825,FourHundredGigE1/0/43,0,0,0,0,0,0
2024/05/24 星期五 00:50:21.435,1716483021435,NH-DC-NM129-B05-ROCE-Leaf-3.GPU.S9825,FourHundredGigE1/0/43,112479,441168356,167258,686730326,1.10,1.70
2024/05/24 星期五 00:50:22.145,1716483022145,NH-DC-NM129-B05-ROCE-Leaf-3.GPU.S9825,FourHundredGigE1/0/43,25519,65839986,37615,127617118,0.11,0.21
2024/05/24 星期五 00:50:22.645,1716483022645,NH-DC-NM129-B05-ROCE-Leaf-3.GPU.S9825,FourHundredGigE1/0/43,0,0,0,0,0,0
2024/05/24 星期五 00:50:23.150,1716483023150,NH-DC-NM129-B05-ROCE-Leaf-3.GPU.S9825,FourHundredGigE1/0/43,23078,79514316,48612,158972940,0.17,0.37
2024/05/24 星期五 00:50:23.918,1716483023918,NH-DC-NM129-B05-ROCE-Leaf-3.GPU.S9825,FourHundredGigE1/0/43,173654,667319964,218818,855470008,1.07,1.38
2024/05/24 星期五 00:50:24.579,1716483024579,NH-DC-NM129-B05-ROCE-Leaf-3.GPU.S9825,FourHundredGigE1/0/43,0,0,0,0,0,0
2024/05/24 星期五 00:50:25.376,1716483025376,NH-DC-NM129-B05-ROCE-Leaf-3.GPU.S9825,FourHundredGigE1/0/43,30556,108334000,24575,54174686,0.16,0.08
2024/05/24 星期五 00:50:25.919,1716483025919,NH-DC-NM129-B05-ROCE-Leaf-3.GPU.S9825,FourHundredGigE1/0/43,0,0,0,0,0,0
2024/05/24 星期五 00:50:26.423,1716483026423,NH-DC-NM129-B05-ROCE-Leaf-3.GPU.S9825,FourHundredGigE1/0/43,26941,89527106,21819,54739570,0.20,0.12
2024/05/24 星期五 00:50:26.923,1716483026923,NH-DC-NM129-B05-ROCE-Leaf-3.GPU.S9825,FourHundredGigE1/0/43,0,0,0,0,0,0
2024/05/24 星期五 00:50:28.084,1716483028084,NH-DC-NM129-B05-ROCE-Leaf-3.GPU.S9825,FourHundredGigE1/0/43,219204,858180980,166368,629810156,0.92,0.67
2024/05/24 星期五 00:50:28.755,1716483028755,NH-DC-NM129-B05-ROCE-Leaf-3.GPU.S9825,FourHundredGigE1/0/43,0,0,0,0,0,0
2024/05/24 星期五 00:50:29.256,1716483029256,NH-DC-NM129-B05-ROCE-Leaf-3.GPU.S9825,FourHundredGigE1/0/43,16058,50112724,12767,34914142,0.12,0.07
2024/05/24 星期五 00:50:29.757,1716483029757,NH-DC-NM129-B05-ROCE-Leaf-3.GPU.S9825,FourHundredGigE1/0/43,0,0,0,0,0,0
2024/05/24 星期五 00:50:30.259,1716483030259,NH-DC-NM129-B05-ROCE-Leaf-3.GPU.S9825,FourHundredGigE1/0/43,18174,60811832,53956,191645212,0.15,0.47
2024/05/24 星期五 00:50:30.760,1716483030760,NH-DC-NM129-B05-ROCE-Leaf-3.GPU.S9825,FourHundredGigE1/0/43,0,0,0,0,0,0
2024/05/24 星期五 00:50:31.261,1716483031261,NH-DC-NM129-B05-ROCE-Leaf-3.GPU.S9825,FourHundredGigE1/0/43,18129,44218150,27731,61578734,0.10,0.15
2024/05/24 星期五 00:50:32.102,1716483032102,NH-DC-NM129-B05-ROCE-Leaf-3.GPU.S9825,FourHundredGigE1/0/43,24647,64558294,9836,27250316,0.09,0.03
2024/05/24 星期五 00:50:32.644,1716483032644,NH-DC-NM129-B05-ROCE-Leaf-3.GPU.S9825,FourHundredGigE1/0/43,0,0,0,0,0,0
2024/05/24 星期五 00:50:33.145,1716483033145,NH-DC-NM129-B05-ROCE-Leaf-3.GPU.S9825,FourHundredGigE1/0/43,55599,191834238,8876,27827352,0.47,0.05
2024/05/24 星期五 00:50:33.847,1716483033847,NH-DC-NM129-B05-ROCE-Leaf-3.GPU.S9825,FourHundredGigE1/0/43,21672,57207188,14173,50684374,0.09,0.09
2024/05/24 星期五 00:50:34.628,1716483034628,NH-DC-NM129-B05-ROCE-Leaf-3.GPU.S9825,FourHundredGigE1/0/43,0,0,0,0,0,0
2024/05/24 星期五 00:50:35.408,1716483035408,NH-DC-NM129-B05-ROCE-Leaf-3.GPU.S9825,FourHundredGigE1/0/43,69776,230512804,108071,421050754,0.37,0.67
2024/05/24 星期五 00:50:35.994,1716483035994,NH-DC-NM129-B05-ROCE-Leaf-3.GPU.S9825,FourHundredGigE1/0/43,0,0,0,0,0,0
2024/05/24 星期五 00:50:36.497,1716483036497,NH-DC-NM129-B05-ROCE-Leaf-3.GPU.S9825,FourHundredGigE1/0/43,16952,36057008,37806,130421128,0.07,0.32
2024/05/24 星期五 00:50:37.060,1716483037060,NH-DC-NM129-B05-ROCE-Leaf-3.GPU.S9825,FourHundredGigE1/0/43,57964,195790904,47285,161662494,0.42,0.36
2024/05/24 星期五 00:50:37.610,1716483037610,NH-DC-NM129-B05-ROCE-Leaf-3.GPU.S9825,FourHundredGigE1/0/43,0,0,0,0,0,0
2024/05/24 星期五 00:50:38.243,1716483038243,NH-DC-NM129-B05-ROCE-Leaf-3.GPU.S9825,FourHundredGigE1/0/43,220634,861970596,182434,749242740,1.70,1.46
2024/05/24 星期五 00:50:38.996,1716483038996,NH-DC-NM129-B05-ROCE-Leaf-3.GPU.S9825,FourHundredGigE1/0/43,42318,149622584,18156,56125376,0.23,0.08
2024/05/24 星期五 00:50:39.544,1716483039544,NH-DC-NM129-B05-ROCE-Leaf-3.GPU.S9825,FourHundredGigE1/0/43,0,0,0,0,0,0
2024/05/24 星期五 00:50:40.046,1716483040046,NH-DC-NM129-B05-ROCE-Leaf-3.GPU.S9825,FourHundredGigE1/0/43,58723,216605078,7369,23315882,0.52,0.05
2024/05/24 星期五 00:50:40.572,1716483040572,NH-DC-NM129-B05-ROCE-Leaf-3.GPU.S9825,FourHundredGigE1/0/43,0,0,0,0,0,0
2024/05/24 星期五 00:50:41.072,1716483041072,NH-DC-NM129-B05-ROCE-Leaf-3.GPU.S9825,FourHundredGigE1/0/43,22485,78440637,25290,36309872,0.18,0.08
2024/05/24 星期五 00:50:41.686,1716483041686,NH-DC-NM129-B05-ROCE-Leaf-3.GPU.S9825,FourHundredGigE1/0/43,0,0,0,0,0,0
2024/05/24 星期五 00:50:42.490,1716483042490,NH-DC-NM129-B05-ROCE-Leaf-3.GPU.S9825,FourHundredGigE1/0/43,318340,1275081184,137945,522531282,1.97,0.81
2024/05/24 星期五 00:50:42.991,1716483042991,NH-DC-NM129-B05-ROCE-Leaf-3.GPU.S9825,FourHundredGigE1/0/43,0,0,0,0,0,0
2024/05/24 星期五 00:50:43.493,1716483043493,NH-DC-NM129-B05-ROCE-Leaf-3.GPU.S9825,FourHundredGigE1/0/43,3157,11590138,16376,1324928,0.02,0
2024/05/24 星期五 00:50:44.055,1716483044055,NH-DC-NM129-B05-ROCE-Leaf-3.GPU.S9825,FourHundredGigE1/0/43,5138,11822992,4287,349614,0.02,0
2024/05/24 星期五 00:50:44.573,1716483044573,NH-DC-NM129-B05-ROCE-Leaf-3.GPU.S9825,FourHundredGigE1/0/43,0,0,0,0,0,0
2024/05/24 星期五 00:50:45.264,1716483045264,NH-DC-NM129-B05-ROCE-Leaf-3.GPU.S9825,FourHundredGigE1/0/43,277893,1130197446,109154,392845932,2.04,0.71
2024/05/24 星期五 00:50:46.994,1716483046994,NH-DC-NM129-B05-ROCE-Leaf-3.GPU.S9825,FourHundredGigE1/0/43,76653,283922878,18158,12642292,0.20,0.01
2024/05/24 星期五 00:50:48.186,1716483048186,NH-DC-NM129-B05-ROCE-Leaf-3.GPU.S9825,FourHundredGigE1/0/43,14578,55729212,8028,20799012,0.05,0.02
2024/05/24 星期五 00:50:48.686,1716483048686,NH-DC-NM129-B05-ROCE-Leaf-3.GPU.S9825,FourHundredGigE1/0/43,0,0,0,0,0,0
2024/05/24 星期五 00:50:50.180,1716483050180,NH-DC-NM129-B05-ROCE-Leaf-3.GPU.S9825,FourHundredGigE1/0/43,291338,1194778456,95929,382785862,1.00,0.32
2024/05/24 星期五 00:50:50.746,1716483050746,NH-DC-NM129-B05-ROCE-Leaf-3.GPU.S9825,FourHundredGigE1/0/43,0,0,0,0,0,0
2024/05/24 星期五 00:50:51.247,1716483051247,NH-DC-NM129-B05-ROCE-Leaf-3.GPU.S9825,FourHundredGigE1/0/43,9415,12324494,109139,403386558,0.02,1.00
2024/05/24 星期五 00:50:51.901,1716483051901,NH-DC-NM129-B05-ROCE-Leaf-3.GPU.S9825,FourHundredGigE1/0/43,0,0,0,0,0,0
2024/05/24 星期五 00:50:52.426,1716483052426,NH-DC-NM129-B05-ROCE-Leaf-3.GPU.S9825,FourHundredGigE1/0/43,45264,158567688,21107,72590146,0.36,0.17
2024/05/24 星期五 00:50:53.217,1716483053217,NH-DC-NM129-B05-ROCE-Leaf-3.GPU.S9825,FourHundredGigE1/0/43,28352,85122896,239044,950133208,0.13,1.50
2024/05/24 星期五 00:50:56.204,1716483056204,NH-DC-NM129-B05-ROCE-Leaf-3.GPU.S9825,FourHundredGigE1/0/43,37113,116645546,204474,726693948,0.05,0.30
2024/05/24 星期五 00:50:56.949,1716483056949,NH-DC-NM129-B05-ROCE-Leaf-3.GPU.S9825,FourHundredGigE1/0/43,0,0,0,0,0,0
2024/05/24 星期五 00:50:57.449,1716483057449,NH-DC-NM129-B05-ROCE-Leaf-3.GPU.S9825,FourHundredGigE1/0/43,197431,810188882,115526,444723356,2.02,1.1
2024/05/24 星期五 00:50:58.044,1716483058044,NH-DC-NM129-B05-ROCE-Leaf-3.GPU.S9825,FourHundredGigE1/0/43,22460,52896120,7527,12157494,0.11,0.02
2024/05/24 星期五 00:50:58.684,1716483058684,NH-DC-NM129-B05-ROCE-Leaf-3.GPU.S9825,FourHundredGigE1/0/43,0,0,0,0,0,0
2024/05/24 星期五 00:50:59.197,1716483059197,NH-DC-NM129-B05-ROCE-Leaf-3.GPU.S9825,FourHundredGigE1/0/43,54836,192559020,21713,48980434,0.46,0.10
2024/05/24 星期五 00:50:59.863,1716483059863,NH-DC-NM129-B05-ROCE-Leaf-3.GPU.S9825,FourHundredGigE1/0/43,0,0,0,0,0,0
2024/05/24 星期五 00:51:00.476,1716483060476,NH-DC-NM129-B05-ROCE-Leaf-3.GPU.S9825,FourHundredGigE1/0/43,139560,523457164,86825,309273262,1.06,0.61
2024/05/24 星期五 00:51:00.979,1716483060979,NH-DC-NM129-B05-ROCE-Leaf-3.GPU.S9825,FourHundredGigE1/0/43,0,0,0,0,0,0
2024/05/24 星期五 00:51:01.482,1716483061482,NH-DC-NM129-B05-ROCE-Leaf-3.GPU.S9825,FourHundredGigE1/0/43,19944,56272440,29409,95616698,0.12,0.22
2024/05/24 星期五 00:51:02.120,1716483062120,NH-DC-NM129-B05-ROCE-Leaf-3.GPU.S9825,FourHundredGigE1/0/43,4602,19831924,2676,226696,0.02,0
2024/05/24 星期五 00:51:02.672,1716483062672,NH-DC-NM129-B05-ROCE-Leaf-3.GPU.S9825,FourHundredGigE1/0/43,0,0,0,0,0,0
2024/05/24 星期五 00:51:03.320,1716483063320,NH-DC-NM129-B05-ROCE-Leaf-3.GPU.S9825,FourHundredGigE1/0/43,186060,738377948,203443,814714362,1.41,1.56
2024/05/24 星期五 00:51:03.894,1716483063894,NH-DC-NM129-B05-ROCE-Leaf-3.GPU.S9825,FourHundredGigE1/0/43,0,0,0,0,0,0
2024/05/24 星期五 00:51:04.398,1716483064398,NH-DC-NM129-B05-ROCE-Leaf-3.GPU.S9825,FourHundredGigE1/0/43,91596,369077816,118429,470142862,0.89,1.17
2024/05/24 星期五 00:51:04.953,1716483064953,NH-DC-NM129-B05-ROCE-Leaf-3.GPU.S9825,FourHundredGigE1/0/43,30483,0,5956,0,0,0
2024/05/24 星期五 00:51:05.506,1716483065506,NH-DC-NM129-B05-ROCE-Leaf-3.GPU.S9825,FourHundredGigE1/0/43,0,90541690,0,11653160,0.20,0.02
2024/05/24 星期五 00:51:06.011,1716483066011,NH-DC-NM129-B05-ROCE-Leaf-3.GPU.S9825,FourHundredGigE1/0/43,7922,11976612,28347,87560158,0.02,0.20
2024/05/24 星期五 00:51:06.649,1716483066649,NH-DC-NM129-B05-ROCE-Leaf-3.GPU.S9825,FourHundredGigE1/0/43,0,0,0,0,0,0
2024/05/24 星期五 00:51:07.275,1716483067275,NH-DC-NM129-B05-ROCE-Leaf-3.GPU.S9825,FourHundredGigE1/0/43,164062,653996996,202247,810577742,1.30,1.62
2024/05/24 星期五 00:51:07.790,1716483067790,NH-DC-NM129-B05-ROCE-Leaf-3.GPU.S9825,FourHundredGigE1/0/43,0,0,0,0,0,0
2024/05/24 星期五 00:51:08.293,1716483068293,NH-DC-NM129-B05-ROCE-Leaf-3.GPU.S9825,FourHundredGigE1/0/43,15291,55873538,11439,23275630,0.12,0.05
2024/05/24 星期五 00:51:08.915,1716483068915,NH-DC-NM129-B05-ROCE-Leaf-3.GPU.S9825,FourHundredGigE1/0/43,0,0,0,0,0,0
2024/05/24 星期五 00:51:09.417,1716483069417,NH-DC-NM129-B05-ROCE-Leaf-3.GPU.S9825,FourHundredGigE1/0/43,19043,61015598,17804,57297448,0.15,0.12
2024/05/24 星期五 00:51:10.138,1716483070138,NH-DC-NM129-B05-ROCE-Leaf-3.GPU.S9825,FourHundredGigE1/0/43,48025,171465742,1667,143418,0.29,0
2024/05/24 星期五 00:51:10.669,1716483070669,NH-DC-NM129-B05-ROCE-Leaf-3.GPU.S9825,FourHundredGigE1/0/43,0,0,0,0,0,0
2024/05/24 星期五 00:51:11.170,1716483071170,NH-DC-NM129-B05-ROCE-Leaf-3.GPU.S9825,FourHundredGigE1/0/43,190693,777771653,141715,532463190,1.92,1.32
2024/05/24 星期五 00:51:11.742,1716483071742,NH-DC-NM129-B05-ROCE-Leaf-3.GPU.S9825,FourHundredGigE1/0/43,0,0,0,0,0,0
2024/05/24 星期五 00:51:12.354,1716483072354,NH-DC-NM129-B05-ROCE-Leaf-3.GPU.S9825,FourHundredGigE1/0/43,16789,24548162,48146,172166824,0.04,0.35
2024/05/24 星期五 00:51:13.263,1716483073263,NH-DC-NM129-B05-ROCE-Leaf-3.GPU.S9825,FourHundredGigE1/0/43,40422,146204796,13204,35327772,0.19,0.04
2024/05/24 星期五 00:51:13.925,1716483073925,NH-DC-NM129-B05-ROCE-Leaf-3.GPU.S9825,FourHundredGigE1/0/43,0,0,0,0,0,0
2024/05/24 星期五 00:51:14.430,1716483074430,NH-DC-NM129-B05-ROCE-Leaf-3.GPU.S9825,FourHundredGigE1/0/43,367883,1502118042,284970,1168474688,3.71,2.87
2024/05/24 星期五 00:51:14.951,1716483074951,NH-DC-NM129-B05-ROCE-Leaf-3.GPU.S9825,FourHundredGigE1/0/43,0,0,0,0,0,0
2024/05/24 星期五 00:51:15.454,1716483075454,NH-DC-NM129-B05-ROCE-Leaf-3.GPU.S9825,FourHundredGigE1/0/43,3923,395918,35824,112997068,0,0.27
2024/05/24 星期五 00:51:15.960,1716483075960,NH-DC-NM129-B05-ROCE-Leaf-3.GPU.S9825,FourHundredGigE1/0/43,0,0,0,0,0,0
2024/05/24 星期五 00:51:16.461,1716483076461,NH-DC-NM129-B05-ROCE-Leaf-3.GPU.S9825,FourHundredGigE1/0/43,10119,35487830,8256,12215016,0.07,0.02
2024/05/24 星期五 00:51:17.177,1716483077177,NH-DC-NM129-B05-ROCE-Leaf-3.GPU.S9825,FourHundredGigE1/0/43,18613,54055282,30519,101791294,0.09,0.17
2024/05/24 星期五 00:51:17.677,1716483077677,NH-DC-NM129-B05-ROCE-Leaf-3.GPU.S9825,FourHundredGigE1/0/43,0,0,0,0,0,0
2024/05/24 星期五 00:51:18.189,1716483078189,NH-DC-NM129-B05-ROCE-Leaf-3.GPU.S9825,FourHundredGigE1/0/43,330746,1360404068,40919,117324206,3.32,0.27
2024/05/24 星期五 00:51:18.713,1716483078713,NH-DC-NM129-B05-ROCE-Leaf-3.GPU.S9825,FourHundredGigE1/0/43,0,0,0,0,0,0
2024/05/24 星期五 00:51:19.214,1716483079214,NH-DC-NM129-B05-ROCE-Leaf-3.GPU.S9825,FourHundredGigE1/0/43,9614,36229776,12722,36006420,0.07,0.07
2024/05/24 星期五 00:51:19.754,1716483079754,NH-DC-NM129-B05-ROCE-Leaf-3.GPU.S9825,FourHundredGigE1/0/43,0,0,0,0,0,0
2024/05/24 星期五 00:51:20.440,1716483080440,NH-DC-NM129-B05-ROCE-Leaf-3.GPU.S9825,FourHundredGigE1/0/43,10313,23732262,53,4382,0.04,0
2024/05/24 星期五 00:51:20.960,1716483080960,NH-DC-NM129-B05-ROCE-Leaf-3.GPU.S9825,FourHundredGigE1/0/43,0,0,0,0,0,0
2024/05/24 星期五 00:51:21.461,1716483081461,NH-DC-NM129-B05-ROCE-Leaf-3.GPU.S9825,FourHundredGigE1/0/43,22867,76185978,3210,256300,0.17,0
2024/05/24 星期五 00:51:21.986,1716483081986,NH-DC-NM129-B05-ROCE-Leaf-3.GPU.S9825,FourHundredGigE1/0/43,0,0,0,0,0,0
2024/05/24 星期五 00:51:22.519,1716483082519,NH-DC-NM129-B05-ROCE-Leaf-3.GPU.S9825,FourHundredGigE1/0/43,39297,120886170,180322,737896868,0.28,1.71
2024/05/24 星期五 00:51:23.062,1716483083062,NH-DC-NM129-B05-ROCE-Leaf-3.GPU.S9825,FourHundredGigE1/0/43,56189,212382130,19524,57715116,0.48,0.12
2024/05/24 星期五 00:51:23.799,1716483083799,NH-DC-NM129-B05-ROCE-Leaf-3.GPU.S9825,FourHundredGigE1/0/43,1006,83264,6312,23228688,0,0.03
2024/05/24 星期五 00:51:24.495,1716483084495,NH-DC-NM129-B05-ROCE-Leaf-3.GPU.S9825,FourHundredGigE1/0/43,0,0,0,0,0,0
2024/05/24 星期五 00:51:25.072,1716483085072,NH-DC-NM129-B05-ROCE-Leaf-3.GPU.S9825,FourHundredGigE1/0/43,273318,1127591720,11004,12081576,2.43,0.02
2024/05/24 星期五 00:51:25.582,1716483085582,NH-DC-NM129-B05-ROCE-Leaf-3.GPU.S9825,FourHundredGigE1/0/43,0,0,0,0,0,0
2024/05/24 星期五 00:51:26.168,1716483086168,NH-DC-NM129-B05-ROCE-Leaf-3.GPU.S9825,FourHundredGigE1/0/43,16180,52312272,46176,171933592,0.11,0.36
2024/05/24 星期五 00:51:26.884,1716483086884,NH-DC-NM129-B05-ROCE-Leaf-3.GPU.S9825,FourHundredGigE1/0/43,0,0,0,0,0,0
2024/05/24 星期五 00:51:27.457,1716483087457,NH-DC-NM129-B05-ROCE-Leaf-3.GPU.S9825,FourHundredGigE1/0/43,40138,133774316,3470,12614312,0.28,0.02
2024/05/24 星期五 00:51:28.054,1716483088054,NH-DC-NM129-B05-ROCE-Leaf-3.GPU.S9825,FourHundredGigE1/0/43,28947,108002842,14493,23513458,0.21,0.04
2024/05/24 星期五 00:51:28.662,1716483088662,NH-DC-NM129-B05-ROCE-Leaf-3.GPU.S9825,FourHundredGigE1/0/43,0,0,0,0,0,0
2024/05/24 星期五 00:51:29.169,1716483089169,NH-DC-NM129-B05-ROCE-Leaf-3.GPU.S9825,FourHundredGigE1/0/43,289684,1170752864,185708,749521023,2.88,1.82
2024/05/24 星期五 00:51:29.908,1716483089908,NH-DC-NM129-B05-ROCE-Leaf-3.GPU.S9825,FourHundredGigE1/0/43,19473,65208486,42157,136847622,0.10,0.22
2024/05/24 星期五 00:51:30.630,1716483090630,NH-DC-NM129-B05-ROCE-Leaf-3.GPU.S9825,FourHundredGigE1/0/43,0,0,0,0,0,0
2024/05/24 星期五 00:51:31.142,1716483091142,NH-DC-NM129-B05-ROCE-Leaf-3.GPU.S9825,FourHundredGigE1/0/43,8368,5242020,9993,35073626,0,0.07
2024/05/24 星期五 00:51:31.708,1716483091708,NH-DC-NM129-B05-ROCE-Leaf-3.GPU.S9825,FourHundredGigE1/0/43,0,0,0,0,0,0
2024/05/24 星期五 00:51:32.255,1716483092255,NH-DC-NM129-B05-ROCE-Leaf-3.GPU.S9825,FourHundredGigE1/0/43,65377,264058498,184390,749793356,0.59,1.69
2024/05/24 星期五 00:51:32.809,1716483092809,NH-DC-NM129-B05-ROCE-Leaf-3.GPU.S9825,FourHundredGigE1/0/43,0,0,0,0,0,0
2024/05/24 星期五 00:51:33.310,1716483093310,NH-DC-NM129-B05-ROCE-Leaf-3.GPU.S9825,FourHundredGigE1/0/43,6819,12108390,14606,36076052,0.02,0.07
2024/05/24 星期五 00:51:34.243,1716483094243,NH-DC-NM129-B05-ROCE-Leaf-3.GPU.S9825,FourHundredGigE1/0/43,13066,23947724,1563,128418,0.03,0
2024/05/24 星期五 00:51:34.976,1716483094976,NH-DC-NM129-B05-ROCE-Leaf-3.GPU.S9825,FourHundredGigE1/0/43,0,0,0,0,0,0
2024/05/24 星期五 00:51:35.514,1716483095514,NH-DC-NM129-B05-ROCE-Leaf-3.GPU.S9825,FourHundredGigE1/0/43,981,81114,0,0,0,0
2024/05/24 星期五 00:51:36.245,1716483096245,NH-DC-NM129-B05-ROCE-Leaf-3.GPU.S9825,FourHundredGigE1/0/43,24008,36880448,205484,783733516,0.05,1.33
2024/05/24 星期五 00:51:36.820,1716483096820,NH-DC-NM129-B05-ROCE-Leaf-3.GPU.S9825,FourHundredGigE1/0/43,0,0,0,0,0,0
2024/05/24 星期五 00:51:37.767,1716483097767,NH-DC-NM129-B05-ROCE-Leaf-3.GPU.S9825,FourHundredGigE1/0/43,105264,247217600,6056,13741812,0.32,0.01
2024/05/24 星期五 00:51:38.844,1716483098844,NH-DC-NM129-B05-ROCE-Leaf-3.GPU.S9825,FourHundredGigE1/0/43,991,220870,513,42294,0,0
2024/05/24 星期五 00:51:39.345,1716483099345,NH-DC-NM129-B05-ROCE-Leaf-3.GPU.S9825,FourHundredGigE1/0/43,262237,1067221614,13937,46563642,2.64,0.10
2024/05/24 星期五 00:51:39.919,1716483099919,NH-DC-NM129-B05-ROCE-Leaf-3.GPU.S9825,FourHundredGigE1/0/43,0,0,0,0,0,0
2024/05/24 星期五 00:51:40.494,1716483100494,NH-DC-NM129-B05-ROCE-Leaf-3.GPU.S9825,FourHundredGigE1/0/43,330318,1327842164,101402,369856104,2.87,0.78
2024/05/24 星期五 00:51:41.047,1716483101047,NH-DC-NM129-B05-ROCE-Leaf-3.GPU.S9825,FourHundredGigE1/0/43,20786,73866495,0,0,0.16,0
2024/05/24 星期五 00:51:41.564,1716483101564,NH-DC-NM129-B05-ROCE-Leaf-3.GPU.S9825,FourHundredGigE1/0/43,0,0,0,0,0,0
2024/05/24 星期五 00:51:42.087,1716483102087,NH-DC-NM129-B05-ROCE-Leaf-3.GPU.S9825,FourHundredGigE1/0/43,1445,4115566,12853,34928882,0,0.07
2024/05/24 星期五 00:51:42.656,1716483102656,NH-DC-NM129-B05-ROCE-Leaf-3.GPU.S9825,FourHundredGigE1/0/43,0,0,0,0,0,0
2024/05/24 星期五 00:51:43.184,1716483103184,NH-DC-NM129-B05-ROCE-Leaf-3.GPU.S9825,FourHundredGigE1/0/43,195787,740946138,202084,739683908,1.75,1.73
2024/05/24 星期五 00:51:43.716,1716483103716,NH-DC-NM129-B05-ROCE-Leaf-3.GPU.S9825,FourHundredGigE1/0/43,0,0,0,0,0,0
2024/05/24 星期五 00:51:44.351,1716483104351,NH-DC-NM129-B05-ROCE-Leaf-3.GPU.S9825,FourHundredGigE1/0/43,74937,297718478,22051,75504042,0.57,0.14
2024/05/24 星期五 00:51:44.995,1716483104995,NH-DC-NM129-B05-ROCE-Leaf-3.GPU.S9825,FourHundredGigE1/0/43,18738,26806644,92598,300204816,0.04,0.58
2024/05/24 星期五 00:51:46.006,1716483106006,NH-DC-NM129-B05-ROCE-Leaf-3.GPU.S9825,FourHundredGigE1/0/43,248474,987653084,131436,451080920,1.21,0.56
2024/05/24 星期五 00:51:47.687,1716483107687,NH-DC-NM129-B05-ROCE-Leaf-3.GPU.S9825,FourHundredGigE1/0/43,0,0,0,0,0,0
2024/05/24 星期五 00:51:48.293,1716483108293,NH-DC-NM129-B05-ROCE-Leaf-3.GPU.S9825,FourHundredGigE1/0/43,35643,116896994,18489,63669378,0.23,0.12
2024/05/24 星期五 00:51:48.877,1716483108877,NH-DC-NM129-B05-ROCE-Leaf-3.GPU.S9825,FourHundredGigE1/0/43,0,0,0,0,0,0
2024/05/24 星期五 00:51:49.509,1716483109509,NH-DC-NM129-B05-ROCE-Leaf-3.GPU.S9825,FourHundredGigE1/0/43,3145,11588994,16656,55721648,0.02,0.10
2024/05/24 星期五 00:51:50.101,1716483110101,NH-DC-NM129-B05-ROCE-Leaf-3.GPU.S9825,FourHundredGigE1/0/43,124753,485176370,100473,369784154,1.01,0.76
2024/05/24 星期五 00:51:50.712,1716483110712,NH-DC-NM129-B05-ROCE-Leaf-3.GPU.S9825,FourHundredGigE1/0/43,0,0,0,0,0,0
2024/05/24 星期五 00:51:51.416,1716483111416,NH-DC-NM129-B05-ROCE-Leaf-3.GPU.S9825,FourHundredGigE1/0/43,69038,247182328,34626,119257140,0.43,0.20
2024/05/24 星期五 00:51:51.929,1716483111929,NH-DC-NM129-B05-ROCE-Leaf-3.GPU.S9825,FourHundredGigE1/0/43,0,0,0,0,0,0
2024/05/24 星期五 00:51:52.510,1716483112510,NH-DC-NM129-B05-ROCE-Leaf-3.GPU.S9825,FourHundredGigE1/0/43,31876,74490128,47847,90144910,0.15,0.19
2024/05/24 星期五 00:51:53.072,1716483113072,NH-DC-NM129-B05-ROCE-Leaf-3.GPU.S9825,FourHundredGigE1/0/43,19163,0,69909,0,0,0
2024/05/24 星期五 00:51:53.606,1716483113606,NH-DC-NM129-B05-ROCE-Leaf-3.GPU.S9825,FourHundredGigE1/0/43,0,29750858,0,227062066,0.05,0.51
2024/05/24 星期五 00:51:54.225,1716483114225,NH-DC-NM129-B05-ROCE-Leaf-3.GPU.S9825,FourHundredGigE1/0/43,362153,1475922862,191984,768588940,2.97,1.53
2024/05/24 星期五 00:51:55.053,1716483115053,NH-DC-NM129-B05-ROCE-Leaf-3.GPU.S9825,FourHundredGigE1/0/43,26275,36607454,12449,32554826,0.05,0.05
2024/05/24 星期五 00:51:55.636,1716483115636,NH-DC-NM129-B05-ROCE-Leaf-3.GPU.S9825,FourHundredGigE1/0/43,0,0,0,0,0,0
2024/05/24 星期五 00:51:56.267,1716483116267,NH-DC-NM129-B05-ROCE-Leaf-3.GPU.S9825,FourHundredGigE1/0/43,45042,110400056,27149,80541694,0.22,0.16
2024/05/24 星期五 00:51:56.771,1716483116771,NH-DC-NM129-B05-ROCE-Leaf-3.GPU.S9825,FourHundredGigE1/0/43,0,0,0,0,0,0
2024/05/24 星期五 00:51:57.364,1716483117364,NH-DC-NM129-B05-ROCE-Leaf-3.GPU.S9825,FourHundredGigE1/0/43,167898,646551040,501561,2050707994,1.35,4.32
2024/05/24 星期五 00:51:58.057,1716483118057,NH-DC-NM129-B05-ROCE-Leaf-3.GPU.S9825,FourHundredGigE1/0/43,0,0,0,0,0,0
2024/05/24 星期五 00:51:58.568,1716483118568,NH-DC-NM129-B05-ROCE-Leaf-3.GPU.S9825,FourHundredGigE1/0/43,46055,143383598,76686,277305420,0.34,0.66
2024/05/24 星期五 00:51:59.094,1716483119094,NH-DC-NM129-B05-ROCE-Leaf-3.GPU.S9825,FourHundredGigE1/0/43,51127,176478866,24932,86983932,0.40,0.19
2024/05/24 星期五 00:51:59.696,1716483119696,NH-DC-NM129-B05-ROCE-Leaf-3.GPU.S9825,FourHundredGigE1/0/43,0,0,0,0,0,0
2024/05/24 星期五 00:52:00.215,1716483120215,NH-DC-NM129-B05-ROCE-Leaf-3.GPU.S9825,FourHundredGigE1/0/43,60710,210048560,20918,36433784,0.51,0.07
2024/05/24 星期五 00:52:01.015,1716483121015,NH-DC-NM129-B05-ROCE-Leaf-3.GPU.S9825,FourHundredGigE1/0/43,0,0,0,0,0,0
2024/05/24 星期五 00:52:01.539,1716483121539,NH-DC-NM129-B05-ROCE-Leaf-3.GPU.S9825,FourHundredGigE1/0/43,121436,472754856,503177,2025250970,1.12,4.82
2024/05/24 星期五 00:52:02.121,1716483122121,NH-DC-NM129-B05-ROCE-Leaf-3.GPU.S9825,FourHundredGigE1/0/43,27989,70887002,12308,35643832,0.15,0.06
2024/05/24 星期五 00:52:02.664,1716483122664,NH-DC-NM129-B05-ROCE-Leaf-3.GPU.S9825,FourHundredGigE1/0/43,0,0,0,0,0,0
2024/05/24 星期五 00:52:03.166,1716483123166,NH-DC-NM129-B05-ROCE-Leaf-3.GPU.S9825,FourHundredGigE1/0/43,42151,129039286,33083,122499918,0.30,0.30
2024/05/24 星期五 00:52:03.732,1716483123732,NH-DC-NM129-B05-ROCE-Leaf-3.GPU.S9825,FourHundredGigE1/0/43,0,0,0,0,0,0
2024/05/24 星期五 00:52:04.357,1716483124357,NH-DC-NM129-B05-ROCE-Leaf-3.GPU.S9825,FourHundredGigE1/0/43,5722,13867098,181570,707518696,0.02,1.4
2024/05/24 星期五 00:52:04.937,1716483124937,NH-DC-NM129-B05-ROCE-Leaf-3.GPU.S9825,FourHundredGigE1/0/43,0,0,0,0,0,0
2024/05/24 星期五 00:52:05.438,1716483125438,NH-DC-NM129-B05-ROCE-Leaf-3.GPU.S9825,FourHundredGigE1/0/43,271395,1091442256,35971,87468218,2.72,0.20
2024/05/24 星期五 00:52:05.993,1716483125993,NH-DC-NM129-B05-ROCE-Leaf-3.GPU.S9825,FourHundredGigE1/0/43,13277,31731758,11907,34478762,0.07,0.07
2024/05/24 星期五 00:52:06.629,1716483126629,NH-DC-NM129-B05-ROCE-Leaf-3.GPU.S9825,FourHundredGigE1/0/43,0,0,0,0,0,0
2024/05/24 星期五 00:52:07.156,1716483127156,NH-DC-NM129-B05-ROCE-Leaf-3.GPU.S9825,FourHundredGigE1/0/43,26034,82329524,35962,124023140,0.19,0.28
2024/05/24 星期五 00:52:07.769,1716483127769,NH-DC-NM129-B05-ROCE-Leaf-3.GPU.S9825,FourHundredGigE1/0/43,0,0,0,0,0,0
2024/05/24 星期五 00:52:08.379,1716483128379,NH-DC-NM129-B05-ROCE-Leaf-3.GPU.S9825,FourHundredGigE1/0/43,277838,1081575572,210907,847542674,2.21,1.72
2024/05/24 星期五 00:52:08.958,1716483128958,NH-DC-NM129-B05-ROCE-Leaf-3.GPU.S9825,FourHundredGigE1/0/43,0,0,0,0,0,0
2024/05/24 星期五 00:52:09.462,1716483129462,NH-DC-NM129-B05-ROCE-Leaf-3.GPU.S9825,FourHundredGigE1/0/43,50931,187156650,6218,22845812,0.45,0.05
2024/05/24 星期五 00:52:10.109,1716483130109,NH-DC-NM129-B05-ROCE-Leaf-3.GPU.S9825,FourHundredGigE1/0/43,19690,74261604,3200,11805708,0.14,0.02
2024/05/24 星期五 00:52:10.665,1716483130665,NH-DC-NM129-B05-ROCE-Leaf-3.GPU.S9825,FourHundredGigE1/0/43,0,0,0,0,0,0
2024/05/24 星期五 00:52:11.170,1716483131170,NH-DC-NM129-B05-ROCE-Leaf-3.GPU.S9825,FourHundredGigE1/0/43,26285,54136741,7985,11817630,0.12,0.02
2024/05/24 星期五 00:52:11.782,1716483131782,NH-DC-NM129-B05-ROCE-Leaf-3.GPU.S9825,FourHundredGigE1/0/43,0,0,0,0,0,0
2024/05/24 星期五 00:52:12.350,1716483132350,NH-DC-NM129-B05-ROCE-Leaf-3.GPU.S9825,FourHundredGigE1/0/43,223223,877246358,99723,392829098,1.91,0.86
2024/05/24 星期五 00:52:12.854,1716483132854,NH-DC-NM129-B05-ROCE-Leaf-3.GPU.S9825,FourHundredGigE1/0/43,0,0,0,0,0,0
2024/05/24 星期五 00:52:13.355,1716483133355,NH-DC-NM129-B05-ROCE-Leaf-3.GPU.S9825,FourHundredGigE1/0/43,22291,74654034,3472,282360,0.17,0
2024/05/24 星期五 00:52:13.925,1716483133925,NH-DC-NM129-B05-ROCE-Leaf-3.GPU.S9825,FourHundredGigE1/0/43,503,41382,35529,25965098,0,0.04
2024/05/24 星期五 00:52:15.004,1716483135004,NH-DC-NM129-B05-ROCE-Leaf-3.GPU.S9825,FourHundredGigE1/0/43,0,0,0,0,0,0
2024/05/24 星期五 00:52:15.506,1716483135506,NH-DC-NM129-B05-ROCE-Leaf-3.GPU.S9825,FourHundredGigE1/0/43,135987,518079910,250422,1019490412,1.27,2.51
2024/05/24 星期五 00:52:16.055,1716483136055,NH-DC-NM129-B05-ROCE-Leaf-3.GPU.S9825,FourHundredGigE1/0/43,0,0,0,0,0,0
2024/05/24 星期五 00:52:16.573,1716483136573,NH-DC-NM129-B05-ROCE-Leaf-3.GPU.S9825,FourHundredGigE1/0/43,96352,396047928,19850,36324616,0.94,0.07
2024/05/24 星期五 00:52:17.138,1716483137138,NH-DC-NM129-B05-ROCE-Leaf-3.GPU.S9825,FourHundredGigE1/0/43,6352,23411296,4392,14153468,0.04,0.02
2024/05/24 星期五 00:52:17.767,1716483137767,NH-DC-NM129-B05-ROCE-Leaf-3.GPU.S9825,FourHundredGigE1/0/43,0,0,0,0,0,0
2024/05/24 星期五 00:52:18.371,1716483138371,NH-DC-NM129-B05-ROCE-Leaf-3.GPU.S9825,FourHundredGigE1/0/43,12277,12554946,110957,399371814,0.02,0.81
2024/05/24 星期五 00:52:18.957,1716483138957,NH-DC-NM129-B05-ROCE-Leaf-3.GPU.S9825,FourHundredGigE1/0/43,0,0,0,0,0,0
2024/05/24 星期五 00:52:19.457,1716483139457,NH-DC-NM129-B05-ROCE-Leaf-3.GPU.S9825,FourHundredGigE1/0/43,385132,1588329856,3983,327510,3.95,0
2024/05/24 星期五 00:52:19.958,1716483139958,NH-DC-NM129-B05-ROCE-Leaf-3.GPU.S9825,FourHundredGigE1/0/43,20878,4065628,39183,96405662,0,0.22
2024/05/24 星期五 00:52:20.569,1716483140569,NH-DC-NM129-B05-ROCE-Leaf-3.GPU.S9825,FourHundredGigE1/0/43,0,0,0,0,0,0
2024/05/24 星期五 00:52:21.178,1716483141178,NH-DC-NM129-B05-ROCE-Leaf-3.GPU.S9825,FourHundredGigE1/0/43,15499,33835610,21132,64267080,0.06,0.12
2024/05/24 星期五 00:52:21.737,1716483141737,NH-DC-NM129-B05-ROCE-Leaf-3.GPU.S9825,FourHundredGigE1/0/43,0,0,0,0,0,0
2024/05/24 星期五 00:52:22.253,1716483142253,NH-DC-NM129-B05-ROCE-Leaf-3.GPU.S9825,FourHundredGigE1/0/43,249293,970301830,187559,738507746,2.35,1.77
2024/05/24 星期五 00:52:22.757,1716483142757,NH-DC-NM129-B05-ROCE-Leaf-3.GPU.S9825,FourHundredGigE1/0/43,0,0,0,0,0,0
2024/05/24 星期五 00:52:23.269,1716483143269,NH-DC-NM129-B05-ROCE-Leaf-3.GPU.S9825,FourHundredGigE1/0/43,116338,427539772,1399,104590,1.03,0
2024/05/24 星期五 00:52:24.376,1716483144376,NH-DC-NM129-B05-ROCE-Leaf-3.GPU.S9825,FourHundredGigE1/0/43,12560,41654844,16651,49206294,0.05,0.05
2024/05/24 星期五 00:52:25.020,1716483145020,NH-DC-NM129-B05-ROCE-Leaf-3.GPU.S9825,FourHundredGigE1/0/43,18742,60800836,17267,49133058,0.12,0.08
2024/05/24 星期五 00:52:25.594,1716483145594,NH-DC-NM129-B05-ROCE-Leaf-3.GPU.S9825,FourHundredGigE1/0/43,0,0,0,0,0,0
2024/05/24 星期五 00:52:26.125,1716483146125,NH-DC-NM129-B05-ROCE-Leaf-3.GPU.S9825,FourHundredGigE1/0/43,460106,1878573124,95961,373380634,4.40,0.87
2024/05/24 星期五 00:52:26.630,1716483146630,NH-DC-NM129-B05-ROCE-Leaf-3.GPU.S9825,FourHundredGigE1/0/43,0,0,0,0,0,0
2024/05/24 星期五 00:52:27.152,1716483147152,NH-DC-NM129-B05-ROCE-Leaf-3.GPU.S9825,FourHundredGigE1/0/43,6615,12099154,65661,224426222,0.02,0.53
2024/05/24 星期五 00:52:27.916,1716483147916,NH-DC-NM129-B05-ROCE-Leaf-3.GPU.S9825,FourHundredGigE1/0/43,0,0,0,0,0,0
2024/05/24 星期五 00:52:28.491,1716483148491,NH-DC-NM129-B05-ROCE-Leaf-3.GPU.S9825,FourHundredGigE1/0/43,49491,175604382,82213,283797146,0.37,0.61
2024/05/24 星期五 00:52:29.043,1716483149043,NH-DC-NM129-B05-ROCE-Leaf-3.GPU.S9825,FourHundredGigE1/0/43,51790,170874292,4456,2261632,0.38,0
2024/05/24 星期五 00:52:29.547,1716483149547,NH-DC-NM129-B05-ROCE-Leaf-3.GPU.S9825,FourHundredGigE1/0/43,0,0,0,0,0,0
2024/05/24 星期五 00:52:30.046,1716483150046,NH-DC-NM129-B05-ROCE-Leaf-3.GPU.S9825,FourHundredGigE1/0/43,424245,1708460986,277073,1118558378,4.26,2.78
2024/05/24 星期五 00:52:30.594,1716483150594,NH-DC-NM129-B05-ROCE-Leaf-3.GPU.S9825,FourHundredGigE1/0/43,0,0,0,0,0,0
2024/05/24 星期五 00:52:31.282,1716483151282,NH-DC-NM129-B05-ROCE-Leaf-3.GPU.S9825,FourHundredGigE1/0/43,34688,124894028,13461,30069858,0.22,0.05
2024/05/24 星期五 00:52:31.903,1716483151903,NH-DC-NM129-B05-ROCE-Leaf-3.GPU.S9825,FourHundredGigE1/0/43,0,0,0,0,0,0
2024/05/24 星期五 00:52:32.447,1716483152447,NH-DC-NM129-B05-ROCE-Leaf-3.GPU.S9825,FourHundredGigE1/0/43,44919,136462698,10277,30359230,0.30,0.07
2024/05/24 星期五 00:52:32.947,1716483152947,NH-DC-NM129-B05-ROCE-Leaf-3.GPU.S9825,FourHundredGigE1/0/43,0,0,0,0,0,0
2024/05/24 星期五 00:52:33.446,1716483153446,NH-DC-NM129-B05-ROCE-Leaf-3.GPU.S9825,FourHundredGigE1/0/43,251759,990047898,29685,69868930,2.48,0.15
2024/05/24 星期五 00:52:34.338,1716483154338,NH-DC-NM129-B05-ROCE-Leaf-3.GPU.S9825,FourHundredGigE1/0/43,44659,154708990,6763,11709142,0.21,0.01
2024/05/24 星期五 00:52:38.038,1716483158038,NH-DC-NM129-B05-ROCE-Leaf-3.GPU.S9825,FourHundredGigE1/0/43,236308,771347788,312363,1147378670,0.26,0.39
2024/05/24 星期五 00:52:38.743,1716483158743,NH-DC-NM129-B05-ROCE-Leaf-3.GPU.S9825,FourHundredGigE1/0/43,0,0,0,0,0,0
2024/05/24 星期五 00:52:39.247,1716483159247,NH-DC-NM129-B05-ROCE-Leaf-3.GPU.S9825,FourHundredGigE1/0/43,14140,21080284,46477,156753254,0.05,0.37
2024/05/24 星期五 00:52:40.052,1716483160052,NH-DC-NM129-B05-ROCE-Leaf-3.GPU.S9825,FourHundredGigE1/0/43,28175,96079706,74424,249297236,0.14,0.37
2024/05/24 星期五 00:52:40.556,1716483160556,NH-DC-NM129-B05-ROCE-Leaf-3.GPU.S9825,FourHundredGigE1/0/43,0,0,0,0,0,0
2024/05/24 星期五 00:52:41.058,1716483161058,NH-DC-NM129-B05-ROCE-Leaf-3.GPU.S9825,FourHundredGigE1/0/43,26223,88051581,105194,429662012,0.20,1.05
2024/05/24 星期五 00:52:41.668,1716483161668,NH-DC-NM129-B05-ROCE-Leaf-3.GPU.S9825,FourHundredGigE1/0/43,0,0,0,0,0,0
2024/05/24 星期五 00:52:42.378,1716483162378,NH-DC-NM129-B05-ROCE-Leaf-3.GPU.S9825,FourHundredGigE1/0/43,12267,15565466,13336,24826840,0.02,0.04
2024/05/24 星期五 00:52:42.882,1716483162882,NH-DC-NM129-B05-ROCE-Leaf-3.GPU.S9825,FourHundredGigE1/0/43,0,0,0,0,0,0
2024/05/24 星期五 00:52:43.382,1716483163382,NH-DC-NM129-B05-ROCE-Leaf-3.GPU.S9825,FourHundredGigE1/0/43,18715,69399566,47301,163309214,0.15,0.4
2024/05/24 星期五 00:52:43.969,1716483163969,NH-DC-NM129-B05-ROCE-Leaf-3.GPU.S9825,FourHundredGigE1/0/43,0,0,0,0,0,0
2024/05/24 星期五 00:52:44.476,1716483164476,NH-DC-NM129-B05-ROCE-Leaf-3.GPU.S9825,FourHundredGigE1/0/43,385453,1585684294,104741,393218130,3.90,0.96
2024/05/24 星期五 00:52:45.135,1716483165135,NH-DC-NM129-B05-ROCE-Leaf-3.GPU.S9825,FourHundredGigE1/0/43,11781,28665690,139951,558564430,0.04,1.04
2024/05/24 星期五 00:52:46.548,1716483166548,NH-DC-NM129-B05-ROCE-Leaf-3.GPU.S9825,FourHundredGigE1/0/43,136079,514122182,111552,344425748,0.45,0.30
2024/05/24 星期五 00:52:47.840,1716483167840,NH-DC-NM129-B05-ROCE-Leaf-3.GPU.S9825,FourHundredGigE1/0/43,0,0,0,0,0,0
2024/05/24 星期五 00:52:48.356,1716483168356,NH-DC-NM129-B05-ROCE-Leaf-3.GPU.S9825,FourHundredGigE1/0/43,15515,33016962,92099,369119029,0.07,0.87
2024/05/24 星期五 00:52:48.964,1716483168964,NH-DC-NM129-B05-ROCE-Leaf-3.GPU.S9825,FourHundredGigE1/0/43,3639,11629782,3110,11422976,0.02,0.02
2024/05/24 星期五 00:52:49.799,1716483169799,NH-DC-NM129-B05-ROCE-Leaf-3.GPU.S9825,FourHundredGigE1/0/43,0,0,0,0,0,0
2024/05/24 星期五 00:52:50.305,1716483170305,NH-DC-NM129-B05-ROCE-Leaf-3.GPU.S9825,FourHundredGigE1/0/43,80,300160,6295,23227458,0,0.05
2024/05/24 星期五 00:52:50.879,1716483170879,NH-DC-NM129-B05-ROCE-Leaf-3.GPU.S9825,FourHundredGigE1/0/43,92006,369166452,22307,24520438,0.78,0.04
2024/05/24 星期五 00:52:51.583,1716483171583,NH-DC-NM129-B05-ROCE-Leaf-3.GPU.S9825,FourHundredGigE1/0/43,0,0,0,0,0,0
2024/05/24 星期五 00:52:52.081,1716483172081,NH-DC-NM129-B05-ROCE-Leaf-3.GPU.S9825,FourHundredGigE1/0/43,0,0,77668,275346376,0,0.68
2024/05/24 星期五 00:52:52.824,1716483172824,NH-DC-NM129-B05-ROCE-Leaf-3.GPU.S9825,FourHundredGigE1/0/43,0,0,0,0,0,0
2024/05/24 星期五 00:52:53.429,1716483173429,NH-DC-NM129-B05-ROCE-Leaf-3.GPU.S9825,FourHundredGigE1/0/43,30507,107178622,4629,11547830,0.21,0.02
2024/05/24 星期五 00:52:53.954,1716483173954,NH-DC-NM129-B05-ROCE-Leaf-3.GPU.S9825,FourHundredGigE1/0/43,0,0,0,0,0,0
2024/05/24 星期五 00:52:55.090,1716483175090,NH-DC-NM129-B05-ROCE-Leaf-3.GPU.S9825,FourHundredGigE1/0/43,346179,1420376658,307106,1220697544,1.56,1.34
2024/05/24 星期五 00:52:55.593,1716483175593,NH-DC-NM129-B05-ROCE-Leaf-3.GPU.S9825,FourHundredGigE1/0/43,0,0,0,0,0,0
2024/05/24 星期五 00:52:56.305,1716483176305,NH-DC-NM129-B05-ROCE-Leaf-3.GPU.S9825,FourHundredGigE1/0/43,5356,26782748,14667,1193250,0.04,0
2024/05/24 星期五 00:52:56.903,1716483176903,NH-DC-NM129-B05-ROCE-Leaf-3.GPU.S9825,FourHundredGigE1/0/43,0,0,0,0,0,0
2024/05/24 星期五 00:52:57.406,1716483177406,NH-DC-NM129-B05-ROCE-Leaf-3.GPU.S9825,FourHundredGigE1/0/43,12555,42918386,510,41844,0.10,0
2024/05/24 星期五 00:52:58.597,1716483178597,NH-DC-NM129-B05-ROCE-Leaf-3.GPU.S9825,FourHundredGigE1/0/43,225774,889625060,180200,737906580,0.92,0.77
2024/05/24 星期五 00:52:59.097,1716483179097,NH-DC-NM129-B05-ROCE-Leaf-3.GPU.S9825,FourHundredGigE1/0/43,92711,380492582,13271,47590434,0.95,0.1
2024/05/24 星期五 00:52:59.960,1716483179960,NH-DC-NM129-B05-ROCE-Leaf-3.GPU.S9825,FourHundredGigE1/0/43,0,0,0,0,0,0
2024/05/24 星期五 00:53:00.510,1716483180510,NH-DC-NM129-B05-ROCE-Leaf-3.GPU.S9825,FourHundredGigE1/0/43,32338,103615284,40676,108599940,0.23,0.23
2024/05/24 星期五 00:53:01.013,1716483181013,NH-DC-NM129-B05-ROCE-Leaf-3.GPU.S9825,FourHundredGigE1/0/43,0,0,0,0,0,0
2024/05/24 星期五 00:53:01.699,1716483181699,NH-DC-NM129-B05-ROCE-Leaf-3.GPU.S9825,FourHundredGigE1/0/43,21692,47779016,36202,124443104,0.07,0.22
2024/05/24 星期五 00:53:02.265,1716483182265,NH-DC-NM129-B05-ROCE-Leaf-3.GPU.S9825,FourHundredGigE1/0/43,226017,888782982,140406,531667136,1.94,1.17
2024/05/24 星期五 00:53:02.876,1716483182876,NH-DC-NM129-B05-ROCE-Leaf-3.GPU.S9825,FourHundredGigE1/0/43,0,0,0,0,0,0
2024/05/24 星期五 00:53:03.483,1716483183483,NH-DC-NM129-B05-ROCE-Leaf-3.GPU.S9825,FourHundredGigE1/0/43,25028,86615760,29555,96347622,0.16,0.19
2024/05/24 星期五 00:53:04.019,1716483184019,NH-DC-NM129-B05-ROCE-Leaf-3.GPU.S9825,FourHundredGigE1/0/43,0,0,0,0,0,0
2024/05/24 星期五 00:53:05.125,1716483185125,NH-DC-NM129-B05-ROCE-Leaf-3.GPU.S9825,FourHundredGigE1/0/43,36570,97225768,78578,233887640,0.10,0.26
2024/05/24 星期五 00:53:05.640,1716483185640,NH-DC-NM129-B05-ROCE-Leaf-3.GPU.S9825,FourHundredGigE1/0/43,0,0,0,0,0,0
2024/05/24 星期五 00:53:06.148,1716483186148,NH-DC-NM129-B05-ROCE-Leaf-3.GPU.S9825,FourHundredGigE1/0/43,114127,452235062,120950,482630896,1.11,1.18
2024/05/24 星期五 00:53:06.927,1716483186927,NH-DC-NM129-B05-ROCE-Leaf-3.GPU.S9825,FourHundredGigE1/0/43,0,0,0,0,0,0
2024/05/24 星期五 00:53:07.487,1716483187487,NH-DC-NM129-B05-ROCE-Leaf-3.GPU.S9825,FourHundredGigE1/0/43,26518,73172316,16333,51791194,0.16,0.11
2024/05/24 星期五 00:53:07.990,1716483187990,NH-DC-NM129-B05-ROCE-Leaf-3.GPU.S9825,FourHundredGigE1/0/43,0,0,0,0,0,0
2024/05/24 星期五 00:53:08.497,1716483188497,NH-DC-NM129-B05-ROCE-Leaf-3.GPU.S9825,FourHundredGigE1/0/43,30107,88063094,39078,133586648,0.20,0.32
2024/05/24 星期五 00:53:09.065,1716483189065,NH-DC-NM129-B05-ROCE-Leaf-3.GPU.S9825,FourHundredGigE1/0/43,203240,813690780,271515,1118769406,1.78,2.44
2024/05/24 星期五 00:53:09.662,1716483189662,NH-DC-NM129-B05-ROCE-Leaf-3.GPU.S9825,FourHundredGigE1/0/43,0,0,0,0,0,0
2024/05/24 星期五 00:53:10.563,1716483190563,NH-DC-NM129-B05-ROCE-Leaf-3.GPU.S9825,FourHundredGigE1/0/43,7387,20046118,26912,88598604,0.03,0.11
2024/05/24 星期五 00:53:11.065,1716483191065,NH-DC-NM129-B05-ROCE-Leaf-3.GPU.S9825,FourHundredGigE1/0/43,0,0,0,0,0,0
2024/05/24 星期五 00:53:11.569,1716483191569,NH-DC-NM129-B05-ROCE-Leaf-3.GPU.S9825,FourHundredGigE1/0/43,65328,223003511,19987,54756302,0.55,0.12
2024/05/24 星期五 00:53:12.265,1716483192265,NH-DC-NM129-B05-ROCE-Leaf-3.GPU.S9825,FourHundredGigE1/0/43,4467,14713902,26621,79915594,0.02,0.13
2024/05/24 星期五 00:53:12.767,1716483192767,NH-DC-NM129-B05-ROCE-Leaf-3.GPU.S9825,FourHundredGigE1/0/43,0,0,0,0,0,0
2024/05/24 星期五 00:53:13.468,1716483193468,NH-DC-NM129-B05-ROCE-Leaf-3.GPU.S9825,FourHundredGigE1/0/43,29428,86257012,13757,12657814,0.14,0.02
2024/05/24 星期五 00:53:14.035,1716483194035,NH-DC-NM129-B05-ROCE-Leaf-3.GPU.S9825,FourHundredGigE1/0/43,0,0,0,0,0,0
2024/05/24 星期五 00:53:14.538,1716483194538,NH-DC-NM129-B05-ROCE-Leaf-3.GPU.S9825,FourHundredGigE1/0/43,24331,82284646,8224,12212652,0.20,0.02
2024/05/24 星期五 00:53:15.042,1716483195042,NH-DC-NM129-B05-ROCE-Leaf-3.GPU.S9825,FourHundredGigE1/0/43,39276,124813884,19571,73002566,0.30,0.17
2024/05/24 星期五 00:53:15.594,1716483195594,NH-DC-NM129-B05-ROCE-Leaf-3.GPU.S9825,FourHundredGigE1/0/43,0,0,0,0,0,0
2024/05/24 星期五 00:53:16.111,1716483196111,NH-DC-NM129-B05-ROCE-Leaf-3.GPU.S9825,FourHundredGigE1/0/43,191543,785339174,202825,810223586,1.89,1.96
2024/05/24 星期五 00:53:16.931,1716483196931,NH-DC-NM129-B05-ROCE-Leaf-3.GPU.S9825,FourHundredGigE1/0/43,0,0,0,0,0,0
2024/05/24 星期五 00:53:17.439,1716483197439,NH-DC-NM129-B05-ROCE-Leaf-3.GPU.S9825,FourHundredGigE1/0/43,26486,90764008,21502,64287730,0.22,0.15
2024/05/24 星期五 00:53:17.940,1716483197940,NH-DC-NM129-B05-ROCE-Leaf-3.GPU.S9825,FourHundredGigE1/0/43,0,0,0,0,0,0
2024/05/24 星期五 00:53:18.438,1716483198438,NH-DC-NM129-B05-ROCE-Leaf-3.GPU.S9825,FourHundredGigE1/0/43,3717,11934222,35063,112665138,0.03,0.28
2024/05/24 星期五 00:53:19.022,1716483199022,NH-DC-NM129-B05-ROCE-Leaf-3.GPU.S9825,FourHundredGigE1/0/43,18217,68917310,25225,90133770,0.13,0.19
2024/05/24 星期五 00:53:19.523,1716483199523,NH-DC-NM129-B05-ROCE-Leaf-3.GPU.S9825,FourHundredGigE1/0/43,0,0,0,0,0,0
2024/05/24 星期五 00:53:23.643,1716483203643,NH-DC-NM129-B05-ROCE-Leaf-3.GPU.S9825,FourHundredGigE1/0/43,258747,988651692,576396,2292458538,0.30,0.69
2024/05/24 星期五 00:53:24.225,1716483204225,NH-DC-NM129-B05-ROCE-Leaf-3.GPU.S9825,FourHundredGigE1/0/43,110232,455183474,197021,806259319,0.97,1.72
2024/05/24 星期五 00:53:24.763,1716483204763,NH-DC-NM129-B05-ROCE-Leaf-3.GPU.S9825,FourHundredGigE1/0/43,0,0,0,0,0,0
2024/05/24 星期五 00:53:25.250,1716483205250,NH-DC-NM129-B05-ROCE-Leaf-3.GPU.S9825,FourHundredGigE1/0/43,74849,301856002,18217,60565326,0.77,0.15
2024/05/24 星期五 00:53:25.794,1716483205794,NH-DC-NM129-B05-ROCE-Leaf-3.GPU.S9825,FourHundredGigE1/0/43,0,0,0,0,0,0
2024/05/24 星期五 00:53:26.517,1716483206517,NH-DC-NM129-B05-ROCE-Leaf-3.GPU.S9825,FourHundredGigE1/0/43,19335,59994010,20784,66746736,0.09,0.10
2024/05/24 星期五 00:53:27.157,1716483207157,NH-DC-NM129-B05-ROCE-Leaf-3.GPU.S9825,FourHundredGigE1/0/43,552343,2271074790,697819,2868142478,4.43,5.59
2024/05/24 星期五 00:53:27.657,1716483207657,NH-DC-NM129-B05-ROCE-Leaf-3.GPU.S9825,FourHundredGigE1/0/43,0,0,0,0,0,0
2024/05/24 星期五 00:53:28.191,1716483208191,NH-DC-NM129-B05-ROCE-Leaf-3.GPU.S9825,FourHundredGigE1/0/43,185814,708128588,1279,510950,1.64,0
2024/05/24 星期五 00:53:28.792,1716483208792,NH-DC-NM129-B05-ROCE-Leaf-3.GPU.S9825,FourHundredGigE1/0/43,0,0,0,0,0,0
2024/05/24 星期五 00:53:29.293,1716483209293,NH-DC-NM129-B05-ROCE-Leaf-3.GPU.S9825,FourHundredGigE1/0/43,6412,23644524,7796,23350108,0.05,0.05
2024/05/24 星期五 00:53:30.175,1716483210175,NH-DC-NM129-B05-ROCE-Leaf-3.GPU.S9825,FourHundredGigE1/0/43,9039,4099558,17034,56029228,0,0.07
2024/05/24 星期五 00:53:30.792,1716483210792,NH-DC-NM129-B05-ROCE-Leaf-3.GPU.S9825,FourHundredGigE1/0/43,0,0,0,0,0,0
2024/05/24 星期五 00:53:31.292,1716483211292,NH-DC-NM129-B05-ROCE-Leaf-3.GPU.S9825,FourHundredGigE1/0/43,4965,13093498,295425,1183187030,0.02,2.95
2024/05/24 星期五 00:53:31.843,1716483211843,NH-DC-NM129-B05-ROCE-Leaf-3.GPU.S9825,FourHundredGigE1/0/43,0,0,0,0,0,0
2024/05/24 星期五 00:53:32.349,1716483212349,NH-DC-NM129-B05-ROCE-Leaf-3.GPU.S9825,FourHundredGigE1/0/43,9103,23219834,3115,11423654,0.05,0.02
2024/05/24 星期五 00:53:32.892,1716483212892,NH-DC-NM129-B05-ROCE-Leaf-3.GPU.S9825,FourHundredGigE1/0/43,0,0,0,0,0,0
2024/05/24 星期五 00:53:33.417,1716483213417,NH-DC-NM129-B05-ROCE-Leaf-3.GPU.S9825,FourHundredGigE1/0/43,10916,29569768,30873,107041926,0.05,0.24
2024/05/24 星期五 00:53:34.316,1716483214316,NH-DC-NM129-B05-ROCE-Leaf-3.GPU.S9825,FourHundredGigE1/0/43,4364,3537316,226542,898153960,0,1.24
2024/05/24 星期五 00:53:34.851,1716483214851,NH-DC-NM129-B05-ROCE-Leaf-3.GPU.S9825,FourHundredGigE1/0/43,0,0,0,0,0,0
2024/05/24 星期五 00:53:35.407,1716483215407,NH-DC-NM129-B05-ROCE-Leaf-3.GPU.S9825,FourHundredGigE1/0/43,14179,35973318,2522,204204,0.07,0
2024/05/24 星期五 00:53:36.045,1716483216045,NH-DC-NM129-B05-ROCE-Leaf-3.GPU.S9825,FourHundredGigE1/0/43,28009,84994842,2722,221788,0.16,0
2024/05/24 星期五 00:53:36.577,1716483216577,NH-DC-NM129-B05-ROCE-Leaf-3.GPU.S9825,FourHundredGigE1/0/43,0,0,0,0,0,0
2024/05/24 星期五 00:53:37.378,1716483217378,NH-DC-NM129-B05-ROCE-Leaf-3.GPU.S9825,FourHundredGigE1/0/43,37565,124717806,20902,52709372,0.19,0.08
2024/05/24 星期五 00:53:37.917,1716483217917,NH-DC-NM129-B05-ROCE-Leaf-3.GPU.S9825,FourHundredGigE1/0/43,0,0,0,0,0,0
2024/05/24 星期五 00:53:38.421,1716483218421,NH-DC-NM129-B05-ROCE-Leaf-3.GPU.S9825,FourHundredGigE1/0/43,187398,760708288,27063,75906334,1.88,0.17
2024/05/24 星期五 00:53:38.925,1716483218925,NH-DC-NM129-B05-ROCE-Leaf-3.GPU.S9825,FourHundredGigE1/0/43,0,0,0,0,0,0
2024/05/24 星期五 00:53:39.539,1716483219539,NH-DC-NM129-B05-ROCE-Leaf-3.GPU.S9825,FourHundredGigE1/0/43,6082,13172972,32118,113759696,0.02,0.22
2024/05/24 星期五 00:53:40.041,1716483220041,NH-DC-NM129-B05-ROCE-Leaf-3.GPU.S9825,FourHundredGigE1/0/43,62107,216920406,39911,136862138,0.52,0.32
2024/05/24 星期五 00:53:40.866,1716483220866,NH-DC-NM129-B05-ROCE-Leaf-3.GPU.S9825,FourHundredGigE1/0/43,0,0,0,0,0,0
2024/05/24 星期五 00:53:41.369,1716483221369,NH-DC-NM129-B05-ROCE-Leaf-3.GPU.S9825,FourHundredGigE1/0/43,49998,176465747,37110,113878996,0.42,0.27
2024/05/24 星期五 00:53:41.871,1716483221871,NH-DC-NM129-B05-ROCE-Leaf-3.GPU.S9825,FourHundredGigE1/0/43,0,0,0,0,0,0
2024/05/24 星期五 00:53:42.374,1716483222374,NH-DC-NM129-B05-ROCE-Leaf-3.GPU.S9825,FourHundredGigE1/0/43,49677,162245162,390761,1539867758,0.40,3.80
2024/05/24 星期五 00:53:42.988,1716483222988,NH-DC-NM129-B05-ROCE-Leaf-3.GPU.S9825,FourHundredGigE1/0/43,0,0,0,0,0,0
2024/05/24 星期五 00:53:43.492,1716483223492,NH-DC-NM129-B05-ROCE-Leaf-3.GPU.S9825,FourHundredGigE1/0/43,6297,23178450,3728,11848624,0.05,0.02
2024/05/24 星期五 00:53:44.321,1716483224321,NH-DC-NM129-B05-ROCE-Leaf-3.GPU.S9825,FourHundredGigE1/0/43,4848,16493544,16016,34947560,0.02,0.05
2024/05/24 星期五 00:53:44.954,1716483224954,NH-DC-NM129-B05-ROCE-Leaf-3.GPU.S9825,FourHundredGigE1/0/43,0,0,0,0,0,0
2024/05/24 星期五 00:53:45.544,1716483225544,NH-DC-NM129-B05-ROCE-Leaf-3.GPU.S9825,FourHundredGigE1/0/43,142514,548800232,517325,2017646220,1.14,4.26
2024/05/24 星期五 00:53:47.694,1716483227694,NH-DC-NM129-B05-ROCE-Leaf-3.GPU.S9825,FourHundredGigE1/0/43,21344,81078924,16384,12879676,0.05,0.01
2024/05/24 星期五 00:53:48.369,1716483228369,NH-DC-NM129-B05-ROCE-Leaf-3.GPU.S9825,FourHundredGigE1/0/43,3206,11822236,9640,787600,0.02,0
2024/05/24 星期五 00:53:48.870,1716483228870,NH-DC-NM129-B05-ROCE-Leaf-3.GPU.S9825,FourHundredGigE1/0/43,0,0,0,0,0,0
2024/05/24 星期五 00:53:49.482,1716483229482,NH-DC-NM129-B05-ROCE-Leaf-3.GPU.S9825,FourHundredGigE1/0/43,200614,778913752,279154,1074576532,1.57,2.19
2024/05/24 星期五 00:53:50.190,1716483230190,NH-DC-NM129-B05-ROCE-Leaf-3.GPU.S9825,FourHundredGigE1/0/43,49414,171055968,519,42790,0.30,0
2024/05/24 星期五 00:53:50.711,1716483230711,NH-DC-NM129-B05-ROCE-Leaf-3.GPU.S9825,FourHundredGigE1/0/43,0,0,0,0,0,0
2024/05/24 星期五 00:53:51.531,1716483231531,NH-DC-NM129-B05-ROCE-Leaf-3.GPU.S9825,FourHundredGigE1/0/43,34235,120175182,65305,175401910,0.18,0.26
2024/05/24 星期五 00:53:52.032,1716483232032,NH-DC-NM129-B05-ROCE-Leaf-3.GPU.S9825,FourHundredGigE1/0/43,0,0,0,0,0,0
2024/05/24 星期五 00:53:52.530,1716483232530,NH-DC-NM129-B05-ROCE-Leaf-3.GPU.S9825,FourHundredGigE1/0/43,294711,1171573206,137019,565373986,2.94,1.41
2024/05/24 星期五 00:53:53.089,1716483233089,NH-DC-NM129-B05-ROCE-Leaf-3.GPU.S9825,FourHundredGigE1/0/43,318065,1310486190,145098,537222859,2.93,1.19
2024/05/24 星期五 00:53:53.718,1716483233718,NH-DC-NM129-B05-ROCE-Leaf-3.GPU.S9825,FourHundredGigE1/0/43,0,0,0,0,0,0
2024/05/24 星期五 00:53:54.221,1716483234221,NH-DC-NM129-B05-ROCE-Leaf-3.GPU.S9825,FourHundredGigE1/0/43,39926,102727156,3621,11464994,0.25,0.02
2024/05/24 星期五 00:53:55.244,1716483235244,NH-DC-NM129-B05-ROCE-Leaf-3.GPU.S9825,FourHundredGigE1/0/43,6899,23684798,16036,24394140,0.02,0.02
2024/05/24 星期五 00:53:55.745,1716483235745,NH-DC-NM129-B05-ROCE-Leaf-3.GPU.S9825,FourHundredGigE1/0/43,0,0,0,0,0,0
2024/05/24 星期五 00:53:56.244,1716483236244,NH-DC-NM129-B05-ROCE-Leaf-3.GPU.S9825,FourHundredGigE1/0/43,190974,780565688,279055,1080661774,1.95,2.71
2024/05/24 星期五 00:53:56.828,1716483236828,NH-DC-NM129-B05-ROCE-Leaf-3.GPU.S9825,FourHundredGigE1/0/43,0,0,0,0,0,0
2024/05/24 星期五 00:53:57.336,1716483237336,NH-DC-NM129-B05-ROCE-Leaf-3.GPU.S9825,FourHundredGigE1/0/43,7114,11903068,17910,60936220,0.02,0.15
2024/05/24 星期五 00:53:58.050,1716483238050,NH-DC-NM129-B05-ROCE-Leaf-3.GPU.S9825,FourHundredGigE1/0/43,62418,212574184,23073,79616530,0.37,0.12
2024/05/24 星期五 00:53:58.683,1716483238683,NH-DC-NM129-B05-ROCE-Leaf-3.GPU.S9825,FourHundredGigE1/0/43,0,0,0,0,0,0
2024/05/24 星期五 00:53:59.183,1716483239183,NH-DC-NM129-B05-ROCE-Leaf-3.GPU.S9825,FourHundredGigE1/0/43,31358,117626192,10688,1272728,0.28,0
2024/05/24 星期五 00:53:59.687,1716483239687,NH-DC-NM129-B05-ROCE-Leaf-3.GPU.S9825,FourHundredGigE1/0/43,0,0,0,0,0,0
2024/05/24 星期五 00:54:00.217,1716483240217,NH-DC-NM129-B05-ROCE-Leaf-3.GPU.S9825,FourHundredGigE1/0/43,175043,651846062,218051,872097662,1.53,2.05
2024/05/24 星期五 00:54:00.774,1716483240774,NH-DC-NM129-B05-ROCE-Leaf-3.GPU.S9825,FourHundredGigE1/0/43,0,0,0,0,0,0
2024/05/24 星期五 00:54:01.301,1716483241301,NH-DC-NM129-B05-ROCE-Leaf-3.GPU.S9825,FourHundredGigE1/0/43,36266,129126392,8245,20584806,0.28,0.05
2024/05/24 星期五 00:54:01.980,1716483241980,NH-DC-NM129-B05-ROCE-Leaf-3.GPU.S9825,FourHundredGigE1/0/43,0,0,0,0,0,0
2024/05/24 星期五 00:54:02.477,1716483242477,NH-DC-NM129-B05-ROCE-Leaf-3.GPU.S9825,FourHundredGigE1/0/43,81793,248891826,68851,232656950,0.60,0.58
2024/05/24 星期五 00:54:02.978,1716483242978,NH-DC-NM129-B05-ROCE-Leaf-3.GPU.S9825,FourHundredGigE1/0/43,0,0,0,0,0,0
2024/05/24 星期五 00:54:03.479,1716483243479,NH-DC-NM129-B05-ROCE-Leaf-3.GPU.S9825,FourHundredGigE1/0/43,202176,821208256,45135,138903966,2.05,0.32
2024/05/24 星期五 00:54:04.133,1716483244133,NH-DC-NM129-B05-ROCE-Leaf-3.GPU.S9825,FourHundredGigE1/0/43,36409,121907102,42619,149439926,0.23,0.27
2024/05/24 星期五 00:54:04.812,1716483244812,NH-DC-NM129-B05-ROCE-Leaf-3.GPU.S9825,FourHundredGigE1/0/43,0,0,0,0,0,0
2024/05/24 星期五 00:54:05.424,1716483245424,NH-DC-NM129-B05-ROCE-Leaf-3.GPU.S9825,FourHundredGigE1/0/43,7774,29488120,15491,52253914,0.04,0.10
2024/05/24 星期五 00:54:05.924,1716483245924,NH-DC-NM129-B05-ROCE-Leaf-3.GPU.S9825,FourHundredGigE1/0/43,0,0,0,0,0,0
2024/05/24 星期五 00:54:06.425,1716483246425,NH-DC-NM129-B05-ROCE-Leaf-3.GPU.S9825,FourHundredGigE1/0/43,143150,502772952,56111,169084894,1.25,0.40
2024/05/24 星期五 00:54:06.990,1716483246990,NH-DC-NM129-B05-ROCE-Leaf-3.GPU.S9825,FourHundredGigE1/0/43,146651,567455866,304197,1206716030,1.24,2.65
2024/05/24 星期五 00:54:07.587,1716483247587,NH-DC-NM129-B05-ROCE-Leaf-3.GPU.S9825,FourHundredGigE1/0/43,0,0,0,0,0,0
2024/05/24 星期五 00:54:08.267,1716483248267,NH-DC-NM129-B05-ROCE-Leaf-3.GPU.S9825,FourHundredGigE1/0/43,33574,103796580,21854,76835432,0.18,0.13
2024/05/24 星期五 00:54:08.851,1716483248851,NH-DC-NM129-B05-ROCE-Leaf-3.GPU.S9825,FourHundredGigE1/0/43,0,0,0,0,0,0
2024/05/24 星期五 00:54:09.353,1716483249353,NH-DC-NM129-B05-ROCE-Leaf-3.GPU.S9825,FourHundredGigE1/0/43,26425,94171242,26307,64693686,0.22,0.15
2024/05/24 星期五 00:54:09.853,1716483249853,NH-DC-NM129-B05-ROCE-Leaf-3.GPU.S9825,FourHundredGigE1/0/43,0,0,0,0,0,0
2024/05/24 星期五 00:54:10.354,1716483250354,NH-DC-NM129-B05-ROCE-Leaf-3.GPU.S9825,FourHundredGigE1/0/43,397167,1612443678,64737,212074926,4.02,0.52
2024/05/24 星期五 00:54:10.972,1716483250972,NH-DC-NM129-B05-ROCE-Leaf-3.GPU.S9825,FourHundredGigE1/0/43,0,0,0,0,0,0
2024/05/24 星期五 00:54:11.473,1716483251473,NH-DC-NM129-B05-ROCE-Leaf-3.GPU.S9825,FourHundredGigE1/0/43,38712,104903567,6307,15779190,0.25,0.02
2024/05/24 星期五 00:54:12.179,1716483252179,NH-DC-NM129-B05-ROCE-Leaf-3.GPU.S9825,FourHundredGigE1/0/43,39724,127382720,38230,129604740,0.21,0.21
2024/05/24 星期五 00:54:12.680,1716483252680,NH-DC-NM129-B05-ROCE-Leaf-3.GPU.S9825,FourHundredGigE1/0/43,0,0,0,0,0,0
2024/05/24 星期五 00:54:13.181,1716483253181,NH-DC-NM129-B05-ROCE-Leaf-3.GPU.S9825,FourHundredGigE1/0/43,49698,153129152,28277,83958846,0.37,0.20
2024/05/24 星期五 00:54:13.755,1716483253755,NH-DC-NM129-B05-ROCE-Leaf-3.GPU.S9825,FourHundredGigE1/0/43,0,0,0,0,0,0
2024/05/24 星期五 00:54:14.373,1716483254373,NH-DC-NM129-B05-ROCE-Leaf-3.GPU.S9825,FourHundredGigE1/0/43,160566,593725984,543331,2225446726,1.19,4.49
2024/05/24 星期五 00:54:15.044,1716483255044,NH-DC-NM129-B05-ROCE-Leaf-3.GPU.S9825,FourHundredGigE1/0/43,24462,81216228,49006,158262684,0.15,0.28
2024/05/24 星期五 00:54:15.673,1716483255673,NH-DC-NM129-B05-ROCE-Leaf-3.GPU.S9825,FourHundredGigE1/0/43,0,0,0,0,0,0
2024/05/24 星期五 00:54:16.175,1716483256175,NH-DC-NM129-B05-ROCE-Leaf-3.GPU.S9825,FourHundredGigE1/0/43,39633,120146354,47026,158981804,0.30,0.37
2024/05/24 星期五 00:54:16.678,1716483256678,NH-DC-NM129-B05-ROCE-Leaf-3.GPU.S9825,FourHundredGigE1/0/43,0,0,0,0,0,0
2024/05/24 星期五 00:54:17.178,1716483257178,NH-DC-NM129-B05-ROCE-Leaf-3.GPU.S9825,FourHundredGigE1/0/43,28421,99437434,28797,93784862,0.22,0.22
2024/05/24 星期五 00:54:17.797,1716483257797,NH-DC-NM129-B05-ROCE-Leaf-3.GPU.S9825,FourHundredGigE1/0/43,0,0,0,0,0,0
2024/05/24 星期五 00:54:18.511,1716483258511,NH-DC-NM129-B05-ROCE-Leaf-3.GPU.S9825,FourHundredGigE1/0/43,92621,381952734,142076,555923152,0.67,0.96
2024/05/24 星期五 00:54:19.117,1716483259117,NH-DC-NM129-B05-ROCE-Leaf-3.GPU.S9825,FourHundredGigE1/0/43,26471,90924902,9756,16166908,0.19,0.02
2024/05/24 星期五 00:54:19.629,1716483259629,NH-DC-NM129-B05-ROCE-Leaf-3.GPU.S9825,FourHundredGigE1/0/43,0,0,0,0,0,0
2024/05/24 星期五 00:54:20.130,1716483260130,NH-DC-NM129-B05-ROCE-Leaf-3.GPU.S9825,FourHundredGigE1/0/43,21305,70156626,46755,167664822,0.17,0.40
2024/05/24 星期五 00:54:20.699,1716483260699,NH-DC-NM129-B05-ROCE-Leaf-3.GPU.S9825,FourHundredGigE1/0/43,0,0,0,0,0,0
2024/05/24 星期五 00:54:21.200,1716483261200,NH-DC-NM129-B05-ROCE-Leaf-3.GPU.S9825,FourHundredGigE1/0/43,115806,396316016,154287,605393630,0.97,1.50
2024/05/24 星期五 00:54:21.959,1716483261959,NH-DC-NM129-B05-ROCE-Leaf-3.GPU.S9825,FourHundredGigE1/0/43,14085,46966290,32831,96336530,0.07,0.15
2024/05/24 星期五 00:54:22.602,1716483262602,NH-DC-NM129-B05-ROCE-Leaf-3.GPU.S9825,FourHundredGigE1/0/43,0,0,0,0,0,0
2024/05/24 星期五 00:54:23.106,1716483263106,NH-DC-NM129-B05-ROCE-Leaf-3.GPU.S9825,FourHundredGigE1/0/43,70979,274961066,126517,491441106,0.67,1.22
2024/05/24 星期五 00:54:23.789,1716483263789,NH-DC-NM129-B05-ROCE-Leaf-3.GPU.S9825,FourHundredGigE1/0/43,3207,11822302,3217,11807122,0.02,0.02
2024/05/24 星期五 00:54:24.582,1716483264582,NH-DC-NM129-B05-ROCE-Leaf-3.GPU.S9825,FourHundredGigE1/0/43,0,0,0,0,0,0
2024/05/24 星期五 00:54:25.258,1716483265258,NH-DC-NM129-B05-ROCE-Leaf-3.GPU.S9825,FourHundredGigE1/0/43,75657,284378410,276664,1122706020,0.52,2.07
2024/05/24 星期五 00:54:25.891,1716483265891,NH-DC-NM129-B05-ROCE-Leaf-3.GPU.S9825,FourHundredGigE1/0/43,0,0,0,0,0,0
2024/05/24 星期五 00:54:26.397,1716483266397,NH-DC-NM129-B05-ROCE-Leaf-3.GPU.S9825,FourHundredGigE1/0/43,40909,151168650,12663,24117294,0.37,0.05
2024/05/24 星期五 00:54:26.916,1716483266916,NH-DC-NM129-B05-ROCE-Leaf-3.GPU.S9825,FourHundredGigE1/0/43,0,0,0,0,0,0
2024/05/24 星期五 00:54:27.418,1716483267418,NH-DC-NM129-B05-ROCE-Leaf-3.GPU.S9825,FourHundredGigE1/0/43,70229,230557826,11903,35602918,0.57,0.07
2024/05/24 星期五 00:54:28.019,1716483268019,NH-DC-NM129-B05-ROCE-Leaf-3.GPU.S9825,FourHundredGigE1/0/43,190458,679816908,380210,1470800162,1.39,3.06
2024/05/24 星期五 00:54:28.745,1716483268745,NH-DC-NM129-B05-ROCE-Leaf-3.GPU.S9825,FourHundredGigE1/0/43,0,0,0,0,0,0
2024/05/24 星期五 00:54:29.380,1716483269380,NH-DC-NM129-B05-ROCE-Leaf-3.GPU.S9825,FourHundredGigE1/0/43,132610,521846060,149746,601067570,1.02,1.18
2024/05/24 星期五 00:54:29.882,1716483269882,NH-DC-NM129-B05-ROCE-Leaf-3.GPU.S9825,FourHundredGigE1/0/43,0,0,0,0,0,0
2024/05/24 星期五 00:54:30.382,1716483270382,NH-DC-NM129-B05-ROCE-Leaf-3.GPU.S9825,FourHundredGigE1/0/43,9570,35234728,53096,169823420,0.08,0.4
2024/05/24 星期五 00:54:30.940,1716483270940,NH-DC-NM129-B05-ROCE-Leaf-3.GPU.S9825,FourHundredGigE1/0/43,0,0,0,0,0,0
2024/05/24 星期五 00:54:31.445,1716483271445,NH-DC-NM129-B05-ROCE-Leaf-3.GPU.S9825,FourHundredGigE1/0/43,40065,26166222,181811,635158282,0.05,1.56
2024/05/24 星期五 00:54:32.262,1716483272262,NH-DC-NM129-B05-ROCE-Leaf-3.GPU.S9825,FourHundredGigE1/0/43,278428,1075057464,120133,439459318,1.64,0.66
2024/05/24 星期五 00:54:32.826,1716483272826,NH-DC-NM129-B05-ROCE-Leaf-3.GPU.S9825,FourHundredGigE1/0/43,0,0,0,0,0,0
2024/05/24 星期五 00:54:33.329,1716483273329,NH-DC-NM129-B05-ROCE-Leaf-3.GPU.S9825,FourHundredGigE1/0/43,691,1795434,24801,13191870,0,0.02
2024/05/24 星期五 00:54:34.409,1716483274409,NH-DC-NM129-B05-ROCE-Leaf-3.GPU.S9825,FourHundredGigE1/0/43,14287,12559354,11960,966920,0.01,0
2024/05/24 星期五 00:54:35.067,1716483275067,NH-DC-NM129-B05-ROCE-Leaf-3.GPU.S9825,FourHundredGigE1/0/43,25194,77961444,10942,12898780,0.13,0.02
2024/05/24 星期五 00:54:35.786,1716483275786,NH-DC-NM129-B05-ROCE-Leaf-3.GPU.S9825,FourHundredGigE1/0/43,0,0,0,0,0,0
2024/05/24 星期五 00:54:36.363,1716483276363,NH-DC-NM129-B05-ROCE-Leaf-3.GPU.S9825,FourHundredGigE1/0/43,362985,1500530182,113730,440090768,3.25,0.95
2024/05/24 星期五 00:54:36.991,1716483276991,NH-DC-NM129-B05-ROCE-Leaf-3.GPU.S9825,FourHundredGigE1/0/43,0,0,0,0,0,0
2024/05/24 星期五 00:54:37.492,1716483277492,NH-DC-NM129-B05-ROCE-Leaf-3.GPU.S9825,FourHundredGigE1/0/43,31651,98925798,9973,14857802,0.22,0.02
2024/05/24 星期五 00:54:38.072,1716483278072,NH-DC-NM129-B05-ROCE-Leaf-3.GPU.S9825,FourHundredGigE1/0/43,5659,12025550,4171,745266,0.02,0
2024/05/24 星期五 00:54:38.708,1716483278708,NH-DC-NM129-B05-ROCE-Leaf-3.GPU.S9825,FourHundredGigE1/0/43,0,0,0,0,0,0
2024/05/24 星期五 00:54:39.425,1716483279425,NH-DC-NM129-B05-ROCE-Leaf-3.GPU.S9825,FourHundredGigE1/0/43,21363,24412078,1276,102920,0.03,0
2024/05/24 星期五 00:54:39.940,1716483279940,NH-DC-NM129-B05-ROCE-Leaf-3.GPU.S9825,FourHundredGigE1/0/43,0,0,0,0,0,0
2024/05/24 星期五 00:54:40.442,1716483280442,NH-DC-NM129-B05-ROCE-Leaf-3.GPU.S9825,FourHundredGigE1/0/43,288208,1170695476,98589,391971986,2.91,0.97
2024/05/24 星期五 00:54:40.942,1716483280942,NH-DC-NM129-B05-ROCE-Leaf-3.GPU.S9825,FourHundredGigE1/0/43,0,0,0,0,0,0
2024/05/24 星期五 00:54:41.444,1716483281444,NH-DC-NM129-B05-ROCE-Leaf-3.GPU.S9825,FourHundredGigE1/0/43,21605,52750729,22442,68027740,0.12,0.15
2024/05/24 星期五 00:54:42.097,1716483282097,NH-DC-NM129-B05-ROCE-Leaf-3.GPU.S9825,FourHundredGigE1/0/43,14067,12506034,33238,105093588,0.02,0.19
2024/05/24 星期五 00:54:42.800,1716483282800,NH-DC-NM129-B05-ROCE-Leaf-3.GPU.S9825,FourHundredGigE1/0/43,0,0,0,0,0,0
2024/05/24 星期五 00:54:43.326,1716483283326,NH-DC-NM129-B05-ROCE-Leaf-3.GPU.S9825,FourHundredGigE1/0/43,107662,410085168,310262,1243848200,0.97,2.95
2024/05/24 星期五 00:54:43.840,1716483283840,NH-DC-NM129-B05-ROCE-Leaf-3.GPU.S9825,FourHundredGigE1/0/43,0,0,0,0,0,0
2024/05/24 星期五 00:54:44.341,1716483284341,NH-DC-NM129-B05-ROCE-Leaf-3.GPU.S9825,FourHundredGigE1/0/43,16027,32170574,5422,11617392,0.07,0.02
2024/05/24 星期五 00:54:44.988,1716483284988,NH-DC-NM129-B05-ROCE-Leaf-3.GPU.S9825,FourHundredGigE1/0/43,66685,231747650,15614,36050512,0.44,0.06
2024/05/24 星期五 00:54:46.233,1716483286233,NH-DC-NM129-B05-ROCE-Leaf-3.GPU.S9825,FourHundredGigE1/0/43,66027,219455950,533882,2139117756,0.21,2.14
2024/05/24 星期五 00:54:47.706,1716483287706,NH-DC-NM129-B05-ROCE-Leaf-3.GPU.S9825,FourHundredGigE1/0/43,0,0,0,0,0,0
2024/05/24 星期五 00:54:48.295,1716483288295,NH-DC-NM129-B05-ROCE-Leaf-3.GPU.S9825,FourHundredGigE1/0/43,20680,67659532,15071,14603762,0.13,0.02
2024/05/24 星期五 00:54:48.855,1716483288855,NH-DC-NM129-B05-ROCE-Leaf-3.GPU.S9825,FourHundredGigE1/0/43,0,0,0,0,0,0
2024/05/24 星期五 00:54:49.453,1716483289453,NH-DC-NM129-B05-ROCE-Leaf-3.GPU.S9825,FourHundredGigE1/0/43,50575,157068722,4562,11917164,0.31,0.02
2024/05/24 星期五 00:54:50.224,1716483290224,NH-DC-NM129-B05-ROCE-Leaf-3.GPU.S9825,FourHundredGigE1/0/43,76914,278007212,74246,240287572,0.44,0.39
2024/05/24 星期五 00:54:50.730,1716483290730,NH-DC-NM129-B05-ROCE-Leaf-3.GPU.S9825,FourHundredGigE1/0/43,0,0,0,0,0,0
2024/05/24 星期五 00:54:51.276,1716483291276,NH-DC-NM129-B05-ROCE-Leaf-3.GPU.S9825,FourHundredGigE1/0/43,54606,158220728,106387,428290114,0.34,0.96
2024/05/24 星期五 00:54:51.934,1716483291934,NH-DC-NM129-B05-ROCE-Leaf-3.GPU.S9825,FourHundredGigE1/0/43,0,0,0,0,0,0
2024/05/24 星期五 00:54:52.464,1716483292464,NH-DC-NM129-B05-ROCE-Leaf-3.GPU.S9825,FourHundredGigE1/0/43,46223,140503570,61684,220349268,0.33,0.52
2024/05/24 星期五 00:54:52.991,1716483292991,NH-DC-NM129-B05-ROCE-Leaf-3.GPU.S9825,FourHundredGigE1/0/43,42469,139214454,52075,168770398,0.31,0.38
2024/05/24 星期五 00:54:53.762,1716483293762,NH-DC-NM129-B05-ROCE-Leaf-3.GPU.S9825,FourHundredGigE1/0/43,0,0,0,0,0,0
2024/05/24 星期五 00:54:54.265,1716483294265,NH-DC-NM129-B05-ROCE-Leaf-3.GPU.S9825,FourHundredGigE1/0/43,10157,23283074,183636,738157892,0.05,1.81
2024/05/24 星期五 00:54:55.039,1716483295039,NH-DC-NM129-B05-ROCE-Leaf-3.GPU.S9825,FourHundredGigE1/0/43,56881,201014994,44071,143636758,0.32,0.23
2024/05/24 星期五 00:54:55.662,1716483295662,NH-DC-NM129-B05-ROCE-Leaf-3.GPU.S9825,FourHundredGigE1/0/43,0,0,0,0,0,0
2024/05/24 星期五 00:54:57.509,1716483297509,NH-DC-NM129-B05-ROCE-Leaf-3.GPU.S9825,FourHundredGigE1/0/43,76277,245654510,75827,236923654,0.16,0.16
2024/05/24 星期五 00:54:58.010,1716483298010,NH-DC-NM129-B05-ROCE-Leaf-3.GPU.S9825,FourHundredGigE1/0/43,0,0,0,0,0,0
2024/05/24 星期五 00:54:58.517,1716483298517,NH-DC-NM129-B05-ROCE-Leaf-3.GPU.S9825,FourHundredGigE1/0/43,129294,505042868,221060,882838704,1.23,2.17
2024/05/24 星期五 00:54:59.699,1716483299699,NH-DC-NM129-B05-ROCE-Leaf-3.GPU.S9825,FourHundredGigE1/0/43,22715,79195062,25525,96020362,0.07,0.10
2024/05/24 星期五 00:55:00.397,1716483300397,NH-DC-NM129-B05-ROCE-Leaf-3.GPU.S9825,FourHundredGigE1/0/43,25307,77717898,45506,160805904,0.13,0.29
2024/05/24 星期五 00:55:00.899,1716483300899,NH-DC-NM129-B05-ROCE-Leaf-3.GPU.S9825,FourHundredGigE1/0/43,0,0,0,0,0,0
2024/05/24 星期五 00:55:01.410,1716483301410,NH-DC-NM129-B05-ROCE-Leaf-3.GPU.S9825,FourHundredGigE1/0/43,204362,823159860,10843,23971730,2.01,0.05
2024/05/24 星期五 00:55:01.921,1716483301921,NH-DC-NM129-B05-ROCE-Leaf-3.GPU.S9825,FourHundredGigE1/0/43,0,0,0,0,0,0
2024/05/24 星期五 00:55:02.422,1716483302422,NH-DC-NM129-B05-ROCE-Leaf-3.GPU.S9825,FourHundredGigE1/0/43,1709,206542,97143,392232242,0,0.97
2024/05/24 星期五 00:55:02.990,1716483302990,NH-DC-NM129-B05-ROCE-Leaf-3.GPU.S9825,FourHundredGigE1/0/43,0,0,0,0,0,0
2024/05/24 星期五 00:55:03.576,1716483303576,NH-DC-NM129-B05-ROCE-Leaf-3.GPU.S9825,FourHundredGigE1/0/43,491,110314,35411,2876794,0,0
2024/05/24 星期五 00:55:04.117,1716483304117,NH-DC-NM129-B05-ROCE-Leaf-3.GPU.S9825,FourHundredGigE1/0/43,41620,142098244,14967,12381006,0.32,0.02
2024/05/24 星期五 00:55:04.671,1716483304671,NH-DC-NM129-B05-ROCE-Leaf-3.GPU.S9825,FourHundredGigE1/0/43,0,0,0,0,0,0
2024/05/24 星期五 00:55:05.172,1716483305172,NH-DC-NM129-B05-ROCE-Leaf-3.GPU.S9825,FourHundredGigE1/0/43,273823,1107118082,240008,984662736,2.74,2.45
2024/05/24 星期五 00:55:05.773,1716483305773,NH-DC-NM129-B05-ROCE-Leaf-3.GPU.S9825,FourHundredGigE1/0/43,0,0,0,0,0,0
2024/05/24 星期五 00:55:06.369,1716483306369,NH-DC-NM129-B05-ROCE-Leaf-3.GPU.S9825,FourHundredGigE1/0/43,3201,11821906,1,86,0.02,0
2024/05/24 星期五 00:55:07.092,1716483307092,NH-DC-NM129-B05-ROCE-Leaf-3.GPU.S9825,FourHundredGigE1/0/43,986,97904,4211,11888806,0,0.02
2024/05/24 星期五 00:55:07.598,1716483307598,NH-DC-NM129-B05-ROCE-Leaf-3.GPU.S9825,FourHundredGigE1/0/43,0,0,0,0,0,0
2024/05/24 星期五 00:55:08.165,1716483308165,NH-DC-NM129-B05-ROCE-Leaf-3.GPU.S9825,FourHundredGigE1/0/43,6899,23684974,3218,11807016,0.04,0.02
2024/05/24 星期五 00:55:08.669,1716483308669,NH-DC-NM129-B05-ROCE-Leaf-3.GPU.S9825,FourHundredGigE1/0/43,0,0,0,0,0,0
2024/05/24 星期五 00:55:09.170,1716483309170,NH-DC-NM129-B05-ROCE-Leaf-3.GPU.S9825,FourHundredGigE1/0/43,183627,749501082,184941,760994370,1.85,1.90
2024/05/24 星期五 00:55:09.743,1716483309743,NH-DC-NM129-B05-ROCE-Leaf-3.GPU.S9825,FourHundredGigE1/0/43,0,0,0,0,0,0
2024/05/24 星期五 00:55:10.425,1716483310425,NH-DC-NM129-B05-ROCE-Leaf-3.GPU.S9825,FourHundredGigE1/0/43,93055,318100938,3600,11463320,0.57,0.02
2024/05/24 星期五 00:55:10.953,1716483310953,NH-DC-NM129-B05-ROCE-Leaf-3.GPU.S9825,FourHundredGigE1/0/43,0,0,0,0,0,0
2024/05/24 星期五 00:55:11.454,1716483311454,NH-DC-NM129-B05-ROCE-Leaf-3.GPU.S9825,FourHundredGigE1/0/43,8893,23988605,9147,746814,0.05,0
2024/05/24 星期五 00:55:11.957,1716483311957,NH-DC-NM129-B05-ROCE-Leaf-3.GPU.S9825,FourHundredGigE1/0/43,0,0,0,0,0,0
2024/05/24 星期五 00:55:12.459,1716483312459,NH-DC-NM129-B05-ROCE-Leaf-3.GPU.S9825,FourHundredGigE1/0/43,409775,1668227326,248539,1020461912,4.13,2.54
2024/05/24 星期五 00:55:13.024,1716483313024,NH-DC-NM129-B05-ROCE-Leaf-3.GPU.S9825,FourHundredGigE1/0/43,0,0,0,0,0,0
2024/05/24 星期五 00:55:13.552,1716483313552,NH-DC-NM129-B05-ROCE-Leaf-3.GPU.S9825,FourHundredGigE1/0/43,2541,9518462,63587,245188236,0,0.57
2024/05/24 星期五 00:55:14.144,1716483314144,NH-DC-NM129-B05-ROCE-Leaf-3.GPU.S9825,FourHundredGigE1/0/43,5978,485996,3486,3565720,0,0
2024/05/24 星期五 00:55:14.741,1716483314741,NH-DC-NM129-B05-ROCE-Leaf-3.GPU.S9825,FourHundredGigE1/0/43,0,0,0,0,0,0
2024/05/24 星期五 00:55:15.243,1716483315243,NH-DC-NM129-B05-ROCE-Leaf-3.GPU.S9825,FourHundredGigE1/0/43,15444,42487356,21843,72280234,0.10,0.17
2024/05/24 星期五 00:55:15.864,1716483315864,NH-DC-NM129-B05-ROCE-Leaf-3.GPU.S9825,FourHundredGigE1/0/43,0,0,0,0,0,0
2024/05/24 星期五 00:55:16.474,1716483316474,NH-DC-NM129-B05-ROCE-Leaf-3.GPU.S9825,FourHundredGigE1/0/43,321968,1295968852,230368,921451096,2.64,1.89
2024/05/24 星期五 00:55:17.104,1716483317104,NH-DC-NM129-B05-ROCE-Leaf-3.GPU.S9825,FourHundredGigE1/0/43,10735,35856666,22402,83496288,0.06,0.16
2024/05/24 星期五 00:55:17.655,1716483317655,NH-DC-NM129-B05-ROCE-Leaf-3.GPU.S9825,FourHundredGigE1/0/43,0,0,0,0,0,0
2024/05/24 星期五 00:55:18.238,1716483318238,NH-DC-NM129-B05-ROCE-Leaf-3.GPU.S9825,FourHundredGigE1/0/43,15230,52241388,4933,11567170,0.11,0.02
2024/05/24 星期五 00:55:18.739,1716483318739,NH-DC-NM129-B05-ROCE-Leaf-3.GPU.S9825,FourHundredGigE1/0/43,0,0,0,0,0,0
2024/05/24 星期五 00:55:19.238,1716483319238,NH-DC-NM129-B05-ROCE-Leaf-3.GPU.S9825,FourHundredGigE1/0/43,56412,187661636,34703,113153762,0.45,0.28
2024/05/24 星期五 00:55:20.594,1716483320594,NH-DC-NM129-B05-ROCE-Leaf-3.GPU.S9825,FourHundredGigE1/0/43,198622,801946664,23756,72809064,0.74,0.06
2024/05/24 星期五 00:55:21.096,1716483321096,NH-DC-NM129-B05-ROCE-Leaf-3.GPU.S9825,FourHundredGigE1/0/43,13271,47167602,15520,40342660,0.10,0.10
2024/05/24 星期五 00:55:21.640,1716483321640,NH-DC-NM129-B05-ROCE-Leaf-3.GPU.S9825,FourHundredGigE1/0/43,0,0,0,0,0,0
2024/05/24 星期五 00:55:22.138,1716483322138,NH-DC-NM129-B05-ROCE-Leaf-3.GPU.S9825,FourHundredGigE1/0/43,20311,73239926,218027,877150734,0.18,2.18
2024/05/24 星期五 00:55:22.878,1716483322878,NH-DC-NM129-B05-ROCE-Leaf-3.GPU.S9825,FourHundredGigE1/0/43,0,0,0,0,0,0
2024/05/24 星期五 00:55:23.608,1716483323608,NH-DC-NM129-B05-ROCE-Leaf-3.GPU.S9825,FourHundredGigE1/0/43,350891,1428660466,28334,76007872,2.43,0.12
2024/05/24 星期五 00:55:24.641,1716483324641,NH-DC-NM129-B05-ROCE-Leaf-3.GPU.S9825,FourHundredGigE1/0/43,23740,80804140,19038,64089904,0.10,0.07
2024/05/24 星期五 00:55:25.326,1716483325326,NH-DC-NM129-B05-ROCE-Leaf-3.GPU.S9825,FourHundredGigE1/0/43,19748,72272720,4270,11893196,0.13,0.02
2024/05/24 星期五 00:55:25.827,1716483325827,NH-DC-NM129-B05-ROCE-Leaf-3.GPU.S9825,FourHundredGigE1/0/43,0,0,0,0,0,0
2024/05/24 星期五 00:55:27.163,1716483327163,NH-DC-NM129-B05-ROCE-Leaf-3.GPU.S9825,FourHundredGigE1/0/43,54425,176987950,244462,966800744,0.16,0.90
2024/05/24 星期五 00:55:27.770,1716483327770,NH-DC-NM129-B05-ROCE-Leaf-3.GPU.S9825,FourHundredGigE1/0/43,0,0,0,0,0,0
2024/05/24 星期五 00:55:28.411,1716483328411,NH-DC-NM129-B05-ROCE-Leaf-3.GPU.S9825,FourHundredGigE1/0/43,23726,74750760,17453,61234462,0.14,0.12
2024/05/24 星期五 00:55:28.924,1716483328924,NH-DC-NM129-B05-ROCE-Leaf-3.GPU.S9825,FourHundredGigE1/0/43,0,0,0,0,0,0
2024/05/24 星期五 00:55:29.481,1716483329481,NH-DC-NM129-B05-ROCE-Leaf-3.GPU.S9825,FourHundredGigE1/0/43,6294,21165292,23636,70335892,0.04,0.16
2024/05/24 星期五 00:55:30.704,1716483330704,NH-DC-NM129-B05-ROCE-Leaf-3.GPU.S9825,FourHundredGigE1/0/43,182489,743718718,201366,821581404,0.76,0.84
2024/05/24 星期五 00:55:31.205,1716483331205,NH-DC-NM129-B05-ROCE-Leaf-3.GPU.S9825,FourHundredGigE1/0/43,59143,189027982,178634,737766124,0.45,1.82
2024/05/24 星期五 00:55:31.791,1716483331791,NH-DC-NM129-B05-ROCE-Leaf-3.GPU.S9825,FourHundredGigE1/0/43,0,0,0,0,0,0
2024/05/24 星期五 00:55:32.294,1716483332294,NH-DC-NM129-B05-ROCE-Leaf-3.GPU.S9825,FourHundredGigE1/0/43,36762,124879160,546,167092,0.30,0
2024/05/24 星期五 00:55:32.794,1716483332794,NH-DC-NM129-B05-ROCE-Leaf-3.GPU.S9825,FourHundredGigE1/0/43,0,0,0,0,0,0
2024/05/24 星期五 00:55:33.382,1716483333382,NH-DC-NM129-B05-ROCE-Leaf-3.GPU.S9825,FourHundredGigE1/0/43,13820,38071688,9013,24718838,0.06,0.04
2024/05/24 星期五 00:55:34.299,1716483334299,NH-DC-NM129-B05-ROCE-Leaf-3.GPU.S9825,FourHundredGigE1/0/43,357004,1476472916,215369,870971786,2.00,1.19
2024/05/24 星期五 00:55:34.929,1716483334929,NH-DC-NM129-B05-ROCE-Leaf-3.GPU.S9825,FourHundredGigE1/0/43,0,0,0,0,0,0
2024/05/24 星期五 00:55:35.532,1716483335532,NH-DC-NM129-B05-ROCE-Leaf-3.GPU.S9825,FourHundredGigE1/0/43,32527,118594522,58664,211574908,0.23,0.44
2024/05/24 星期五 00:55:36.033,1716483336033,NH-DC-NM129-B05-ROCE-Leaf-3.GPU.S9825,FourHundredGigE1/0/43,9999,31857102,5030,408604,0.07,0
2024/05/24 星期五 00:55:36.715,1716483336715,NH-DC-NM129-B05-ROCE-Leaf-3.GPU.S9825,FourHundredGigE1/0/43,0,0,0,0,0,0
2024/05/24 星期五 00:55:37.485,1716483337485,NH-DC-NM129-B05-ROCE-Leaf-3.GPU.S9825,FourHundredGigE1/0/43,349051,1400247876,20602,61599428,2.27,0.10
2024/05/24 星期五 00:55:37.999,1716483337999,NH-DC-NM129-B05-ROCE-Leaf-3.GPU.S9825,FourHundredGigE1/0/43,0,0,0,0,0,0
2024/05/24 星期五 00:55:38.556,1716483338556,NH-DC-NM129-B05-ROCE-Leaf-3.GPU.S9825,FourHundredGigE1/0/43,106111,402687264,94771,385665666,0.90,0.85
2024/05/24 星期五 00:55:39.058,1716483339058,NH-DC-NM129-B05-ROCE-Leaf-3.GPU.S9825,FourHundredGigE1/0/43,14767,0,2271,0,0,0
2024/05/24 星期五 00:55:39.559,1716483339559,NH-DC-NM129-B05-ROCE-Leaf-3.GPU.S9825,FourHundredGigE1/0/43,0,36181394,0,183830,0.07,0
2024/05/24 星期五 00:55:40.233,1716483340233,NH-DC-NM129-B05-ROCE-Leaf-3.GPU.S9825,FourHundredGigE1/0/43,9286,23655496,10703,35837946,0.04,0.06
2024/05/24 星期五 00:55:40.963,1716483340963,NH-DC-NM129-B05-ROCE-Leaf-3.GPU.S9825,FourHundredGigE1/0/43,0,0,0,0,0,0
2024/05/24 星期五 00:55:41.465,1716483341465,NH-DC-NM129-B05-ROCE-Leaf-3.GPU.S9825,FourHundredGigE1/0/43,291766,1159790511,342887,1395061610,2.86,3.46
2024/05/24 星期五 00:55:42.035,1716483342035,NH-DC-NM129-B05-ROCE-Leaf-3.GPU.S9825,FourHundredGigE1/0/43,0,0,0,0,0,0
2024/05/24 星期五 00:55:42.540,1716483342540,NH-DC-NM129-B05-ROCE-Leaf-3.GPU.S9825,FourHundredGigE1/0/43,14683,17812366,9615,35373098,0.02,0.07
2024/05/24 星期五 00:55:43.702,1716483343702,NH-DC-NM129-B05-ROCE-Leaf-3.GPU.S9825,FourHundredGigE1/0/43,40325,122912154,5916,11658724,0.13,0.01
2024/05/24 星期五 00:55:44.395,1716483344395,NH-DC-NM129-B05-ROCE-Leaf-3.GPU.S9825,FourHundredGigE1/0/43,8558,26078296,5486,11991284,0.04,0.02
2024/05/24 星期五 00:55:44.985,1716483344985,NH-DC-NM129-B05-ROCE-Leaf-3.GPU.S9825,FourHundredGigE1/0/43,277907,1118782802,119382,462647840,2.35,0.97
2024/05/24 星期五 00:55:46.224,1716483346224,NH-DC-NM129-B05-ROCE-Leaf-3.GPU.S9825,FourHundredGigE1/0/43,40037,148020762,111191,380712062,0.14,0.38
2024/05/24 星期五 00:55:47.892,1716483347892,NH-DC-NM129-B05-ROCE-Leaf-3.GPU.S9825,FourHundredGigE1/0/43,0,0,0,0,0,0
2024/05/24 星期五 00:55:48.393,1716483348393,NH-DC-NM129-B05-ROCE-Leaf-3.GPU.S9825,FourHundredGigE1/0/43,34944,81068120,66486,232535112,0.20,0.57
2024/05/24 星期五 00:55:49.720,1716483349720,NH-DC-NM129-B05-ROCE-Leaf-3.GPU.S9825,FourHundredGigE1/0/43,30342,73378068,81308,286175656,0.07,0.26
2024/05/24 星期五 00:55:50.233,1716483350233,NH-DC-NM129-B05-ROCE-Leaf-3.GPU.S9825,FourHundredGigE1/0/43,607,1073010,67607,246098078,0,0.58
2024/05/24 星期五 00:55:51.126,1716483351126,NH-DC-NM129-B05-ROCE-Leaf-3.GPU.S9825,FourHundredGigE1/0/43,496,40940,6808,23269144,0,0.03
2024/05/24 星期五 00:55:51.766,1716483351766,NH-DC-NM129-B05-ROCE-Leaf-3.GPU.S9825,FourHundredGigE1/0/43,0,0,0,0,0,0
2024/05/24 星期五 00:55:52.282,1716483352282,NH-DC-NM129-B05-ROCE-Leaf-3.GPU.S9825,FourHundredGigE1/0/43,105800,427584220,10567,12032218,1.02,0.02
2024/05/24 星期五 00:55:52.853,1716483352853,NH-DC-NM129-B05-ROCE-Leaf-3.GPU.S9825,FourHundredGigE1/0/43,0,0,0,0,0,0
2024/05/24 星期五 00:55:53.354,1716483353354,NH-DC-NM129-B05-ROCE-Leaf-3.GPU.S9825,FourHundredGigE1/0/43,1646,180808,17685,1445034,0,0
2024/05/24 星期五 00:55:53.854,1716483353854,NH-DC-NM129-B05-ROCE-Leaf-3.GPU.S9825,FourHundredGigE1/0/43,0,0,0,0,0,0
2024/05/24 星期五 00:55:54.440,1716483354440,NH-DC-NM129-B05-ROCE-Leaf-3.GPU.S9825,FourHundredGigE1/0/43,32935,25358694,3209,11806418,0.04,0.02
2024/05/24 星期五 00:55:55.349,1716483355349,NH-DC-NM129-B05-ROCE-Leaf-3.GPU.S9825,FourHundredGigE1/0/43,252869,743798986,100166,392501984,1.02,0.54
2024/05/24 星期五 00:55:56.047,1716483356047,NH-DC-NM129-B05-ROCE-Leaf-3.GPU.S9825,FourHundredGigE1/0/43,117776,178518054,19334,24283764,0.30,0.04
2024/05/24 星期五 00:55:56.770,1716483356770,NH-DC-NM129-B05-ROCE-Leaf-3.GPU.S9825,FourHundredGigE1/0/43,0,0,0,0,0,0
2024/05/24 星期五 00:55:57.288,1716483357288,NH-DC-NM129-B05-ROCE-Leaf-3.GPU.S9825,FourHundredGigE1/0/43,17502,1415590,30780,25213064,0,0.05
2024/05/24 星期五 00:55:58.134,1716483358134,NH-DC-NM129-B05-ROCE-Leaf-3.GPU.S9825,FourHundredGigE1/0/43,645,1292758,252042,888291216,0,1.30
2024/05/24 星期五 00:55:58.855,1716483358855,NH-DC-NM129-B05-ROCE-Leaf-3.GPU.S9825,FourHundredGigE1/0/43,0,0,0,0,0,0
2024/05/24 星期五 00:55:59.353,1716483359353,NH-DC-NM129-B05-ROCE-Leaf-3.GPU.S9825,FourHundredGigE1/0/43,147639,538982502,41572,3401196,1.33,0
2024/05/24 星期五 00:55:59.950,1716483359950,NH-DC-NM129-B05-ROCE-Leaf-3.GPU.S9825,FourHundredGigE1/0/43,0,0,0,0,0,0
2024/05/24 星期五 00:56:00.486,1716483360486,NH-DC-NM129-B05-ROCE-Leaf-3.GPU.S9825,FourHundredGigE1/0/43,316210,1187222508,29729,25128014,2.75,0.05
2024/05/24 星期五 00:56:00.987,1716483360987,NH-DC-NM129-B05-ROCE-Leaf-3.GPU.S9825,FourHundredGigE1/0/43,134972,503526584,12252,12169576,1.25,0.02
2024/05/24 星期五 00:56:01.733,1716483361733,NH-DC-NM129-B05-ROCE-Leaf-3.GPU.S9825,FourHundredGigE1/0/43,0,0,0,0,0,0
2024/05/24 星期五 00:56:02.392,1716483362392,NH-DC-NM129-B05-ROCE-Leaf-3.GPU.S9825,FourHundredGigE1/0/43,114025,377786118,3793,11854466,0.70,0.02
2024/05/24 星期五 00:56:02.912,1716483362912,NH-DC-NM129-B05-ROCE-Leaf-3.GPU.S9825,FourHundredGigE1/0/43,0,0,0,0,0,0
2024/05/24 星期五 00:56:03.420,1716483363420,NH-DC-NM129-B05-ROCE-Leaf-3.GPU.S9825,FourHundredGigE1/0/43,179406,547326860,13906,39039308,1.33,0.07
2024/05/24 星期五 00:56:03.969,1716483363969,NH-DC-NM129-B05-ROCE-Leaf-3.GPU.S9825,FourHundredGigE1/0/43,0,0,0,0,0,0
2024/05/24 星期五 00:56:04.469,1716483364469,NH-DC-NM129-B05-ROCE-Leaf-3.GPU.S9825,FourHundredGigE1/0/43,47173,163924374,50304,164656976,0.4,0.4
2024/05/24 星期五 00:56:05.136,1716483365136,NH-DC-NM129-B05-ROCE-Leaf-3.GPU.S9825,FourHundredGigE1/0/43,6712,564300,9314,758776,0,0
2024/05/24 星期五 00:56:06.347,1716483366347,NH-DC-NM129-B05-ROCE-Leaf-3.GPU.S9825,FourHundredGigE1/0/43,355968,1428759324,98060,391931624,1.47,0.40
2024/05/24 星期五 00:56:06.931,1716483366931,NH-DC-NM129-B05-ROCE-Leaf-3.GPU.S9825,FourHundredGigE1/0/43,0,0,0,0,0,0
2024/05/24 星期五 00:56:07.434,1716483367434,NH-DC-NM129-B05-ROCE-Leaf-3.GPU.S9825,FourHundredGigE1/0/43,235278,930054972,27727,87148494,2.31,0.20
2024/05/24 星期五 00:56:07.936,1716483367936,NH-DC-NM129-B05-ROCE-Leaf-3.GPU.S9825,FourHundredGigE1/0/43,0,0,0,0,0,0
2024/05/24 星期五 00:56:08.506,1716483368506,NH-DC-NM129-B05-ROCE-Leaf-3.GPU.S9825,FourHundredGigE1/0/43,34105,93650806,55808,181358968,0.20,0.39
2024/05/24 星期五 00:56:09.343,1716483369343,NH-DC-NM129-B05-ROCE-Leaf-3.GPU.S9825,FourHundredGigE1/0/43,40953,143977130,8121,23390690,0.21,0.03
2024/05/24 星期五 00:56:09.843,1716483369843,NH-DC-NM129-B05-ROCE-Leaf-3.GPU.S9825,FourHundredGigE1/0/43,0,0,0,0,0,0
2024/05/24 星期五 00:56:10.378,1716483370378,NH-DC-NM129-B05-ROCE-Leaf-3.GPU.S9825,FourHundredGigE1/0/43,246673,932736014,402112,1634831384,2.17,3.81
2024/05/24 星期五 00:56:10.914,1716483370914,NH-DC-NM129-B05-ROCE-Leaf-3.GPU.S9825,FourHundredGigE1/0/43,0,0,0,0,0,0
2024/05/24 星期五 00:56:11.413,1716483371413,NH-DC-NM129-B05-ROCE-Leaf-3.GPU.S9825,FourHundredGigE1/0/43,52560,180381287,23591,61254802,0.45,0.15
2024/05/24 星期五 00:56:16.006,1716483376006,NH-DC-NM129-B05-ROCE-Leaf-3.GPU.S9825,FourHundredGigE1/0/43,263293,931454606,306560,1119478788,0.25,0.30
2024/05/24 星期五 00:56:16.542,1716483376542,NH-DC-NM129-B05-ROCE-Leaf-3.GPU.S9825,FourHundredGigE1/0/43,2433,8577550,21506,72626984,0,0.16
2024/05/24 星期五 00:56:17.045,1716483377045,NH-DC-NM129-B05-ROCE-Leaf-3.GPU.S9825,FourHundredGigE1/0/43,0,0,0,0,0,0
2024/05/24 星期五 00:56:17.545,1716483377545,NH-DC-NM129-B05-ROCE-Leaf-3.GPU.S9825,FourHundredGigE1/0/43,173435,645710626,373663,1527858062,1.6,3.8
2024/05/24 星期五 00:56:18.046,1716483378046,NH-DC-NM129-B05-ROCE-Leaf-3.GPU.S9825,FourHundredGigE1/0/43,0,0,0,0,0,0
2024/05/24 星期五 00:56:18.569,1716483378569,NH-DC-NM129-B05-ROCE-Leaf-3.GPU.S9825,FourHundredGigE1/0/43,20365,70928486,41657,140117802,0.17,0.33
2024/05/24 星期五 00:56:19.378,1716483379378,NH-DC-NM129-B05-ROCE-Leaf-3.GPU.S9825,FourHundredGigE1/0/43,53401,177113930,149258,582222856,0.26,0.90
2024/05/24 星期五 00:56:20.033,1716483380033,NH-DC-NM129-B05-ROCE-Leaf-3.GPU.S9825,FourHundredGigE1/0/43,35623,129684674,26011,72995678,0.23,0.13
2024/05/24 星期五 00:56:20.562,1716483380562,NH-DC-NM129-B05-ROCE-Leaf-3.GPU.S9825,FourHundredGigE1/0/43,0,0,0,0,0,0
2024/05/24 星期五 00:56:21.061,1716483381061,NH-DC-NM129-B05-ROCE-Leaf-3.GPU.S9825,FourHundredGigE1/0/43,0,0,0,0,0,0
2024/05/24 星期五 00:56:21.567,1716483381567,NH-DC-NM129-B05-ROCE-Leaf-3.GPU.S9825,FourHundredGigE1/0/43,277423,1141940430,384156,1554223052,2.82,3.83
2024/05/24 星期五 00:56:22.137,1716483382137,NH-DC-NM129-B05-ROCE-Leaf-3.GPU.S9825,FourHundredGigE1/0/43,68087,221809470,17049,52382634,0.48,0.11
2024/05/24 星期五 00:56:22.936,1716483382936,NH-DC-NM129-B05-ROCE-Leaf-3.GPU.S9825,FourHundredGigE1/0/43,0,0,0,0,0,0
2024/05/24 星期五 00:56:23.569,1716483383569,NH-DC-NM129-B05-ROCE-Leaf-3.GPU.S9825,FourHundredGigE1/0/43,10805,23545850,34139,112158774,0.04,0.22
2024/05/24 星期五 00:56:24.380,1716483384380,NH-DC-NM129-B05-ROCE-Leaf-3.GPU.S9825,FourHundredGigE1/0/43,299677,1208710306,276628,1118904456,1.85,1.71
2024/05/24 星期五 00:56:24.882,1716483384882,NH-DC-NM129-B05-ROCE-Leaf-3.GPU.S9825,FourHundredGigE1/0/43,0,0,0,0,0,0
2024/05/24 星期五 00:56:25.383,1716483385383,NH-DC-NM129-B05-ROCE-Leaf-3.GPU.S9825,FourHundredGigE1/0/43,6129,11831918,18550,38268560,0.02,0.07
2024/05/24 星期五 00:56:26.033,1716483386033,NH-DC-NM129-B05-ROCE-Leaf-3.GPU.S9825,FourHundredGigE1/0/43,41459,119082858,22176,63968904,0.21,0.12
2024/05/24 星期五 00:56:26.874,1716483386874,NH-DC-NM129-B05-ROCE-Leaf-3.GPU.S9825,FourHundredGigE1/0/43,0,0,0,0,0,0
2024/05/24 星期五 00:56:27.391,1716483387391,NH-DC-NM129-B05-ROCE-Leaf-3.GPU.S9825,FourHundredGigE1/0/43,46638,172645276,38214,131160540,0.41,0.31
2024/05/24 星期五 00:56:27.898,1716483387898,NH-DC-NM129-B05-ROCE-Leaf-3.GPU.S9825,FourHundredGigE1/0/43,0,0,0,0,0,0
2024/05/24 星期五 00:56:28.405,1716483388405,NH-DC-NM129-B05-ROCE-Leaf-3.GPU.S9825,FourHundredGigE1/0/43,57568,146685852,266760,1090894492,0.35,2.69
2024/05/24 星期五 00:56:28.951,1716483388951,NH-DC-NM129-B05-ROCE-Leaf-3.GPU.S9825,FourHundredGigE1/0/43,23558,76834808,83589,288165606,0.16,0.64
2024/05/24 星期五 00:56:29.629,1716483389629,NH-DC-NM129-B05-ROCE-Leaf-3.GPU.S9825,FourHundredGigE1/0/43,0,0,0,0,0,0
2024/05/24 星期五 00:56:30.327,1716483390327,NH-DC-NM129-B05-ROCE-Leaf-3.GPU.S9825,FourHundredGigE1/0/43,4691,16116962,101606,390229016,0.02,0.70
2024/05/24 星期五 00:56:30.899,1716483390899,NH-DC-NM129-B05-ROCE-Leaf-3.GPU.S9825,FourHundredGigE1/0/43,0,0,0,0,0,0
2024/05/24 星期五 00:56:31.399,1716483391399,NH-DC-NM129-B05-ROCE-Leaf-3.GPU.S9825,FourHundredGigE1/0/43,8760,23604748,155038,627570224,0.05,1.55
2024/05/24 星期五 00:56:32.064,1716483392064,NH-DC-NM129-B05-ROCE-Leaf-3.GPU.S9825,FourHundredGigE1/0/43,0,0,0,0,0,0
2024/05/24 星期五 00:56:32.569,1716483392569,NH-DC-NM129-B05-ROCE-Leaf-3.GPU.S9825,FourHundredGigE1/0/43,48129,166090766,34154,134150840,0.40,0.32
2024/05/24 星期五 00:56:33.241,1716483393241,NH-DC-NM129-B05-ROCE-Leaf-3.GPU.S9825,FourHundredGigE1/0/43,20887,72611514,1015,83478,0.13,0
2024/05/24 星期五 00:56:35.450,1716483395450,NH-DC-NM129-B05-ROCE-Leaf-3.GPU.S9825,FourHundredGigE1/0/43,317808,1155315140,48676,172015388,0.65,0.10
2024/05/24 星期五 00:56:35.954,1716483395954,NH-DC-NM129-B05-ROCE-Leaf-3.GPU.S9825,FourHundredGigE1/0/43,16962,48779172,6313,23228778,0.10,0.05
2024/05/24 星期五 00:56:36.660,1716483396660,NH-DC-NM129-B05-ROCE-Leaf-3.GPU.S9825,FourHundredGigE1/0/43,0,0,0,0,0,0
2024/05/24 星期五 00:56:37.296,1716483397296,NH-DC-NM129-B05-ROCE-Leaf-3.GPU.S9825,FourHundredGigE1/0/43,15851,57691558,1525,124850,0.10,0
2024/05/24 星期五 00:56:37.803,1716483397803,NH-DC-NM129-B05-ROCE-Leaf-3.GPU.S9825,FourHundredGigE1/0/43,0,0,0,0,0,0
2024/05/24 星期五 00:56:38.310,1716483398310,NH-DC-NM129-B05-ROCE-Leaf-3.GPU.S9825,FourHundredGigE1/0/43,7341,23492938,4131,11507082,0.05,0.02
2024/05/24 星期五 00:56:38.871,1716483398871,NH-DC-NM129-B05-ROCE-Leaf-3.GPU.S9825,FourHundredGigE1/0/43,0,0,0,0,0,0
2024/05/24 星期五 00:56:39.411,1716483399411,NH-DC-NM129-B05-ROCE-Leaf-3.GPU.S9825,FourHundredGigE1/0/43,97966,392773380,179821,737860946,0.90,1.69
2024/05/24 星期五 00:56:40.060,1716483400060,NH-DC-NM129-B05-ROCE-Leaf-3.GPU.S9825,FourHundredGigE1/0/43,39758,146613228,5375,11982858,0.27,0.02
2024/05/24 星期五 00:56:40.715,1716483400715,NH-DC-NM129-B05-ROCE-Leaf-3.GPU.S9825,FourHundredGigE1/0/43,0,0,0,0,0,0
2024/05/24 星期五 00:56:41.216,1716483401216,NH-DC-NM129-B05-ROCE-Leaf-3.GPU.S9825,FourHundredGigE1/0/43,53243,191405825,12117,34877598,0.47,0.07
2024/05/24 星期五 00:56:41.784,1716483401784,NH-DC-NM129-B05-ROCE-Leaf-3.GPU.S9825,FourHundredGigE1/0/43,0,0,0,0,0,0
2024/05/24 星期五 00:56:42.307,1716483402307,NH-DC-NM129-B05-ROCE-Leaf-3.GPU.S9825,FourHundredGigE1/0/43,19979,63954858,21559,63789350,0.14,0.14
2024/05/24 星期五 00:56:42.992,1716483402992,NH-DC-NM129-B05-ROCE-Leaf-3.GPU.S9825,FourHundredGigE1/0/43,0,0,0,0,0,0
2024/05/24 星期五 00:56:43.496,1716483403496,NH-DC-NM129-B05-ROCE-Leaf-3.GPU.S9825,FourHundredGigE1/0/43,144351,547801446,364445,1492603806,1.34,3.70
2024/05/24 星期五 00:56:44.144,1716483404144,NH-DC-NM129-B05-ROCE-Leaf-3.GPU.S9825,FourHundredGigE1/0/43,28877,82382050,918,74388,0.15,0
2024/05/24 星期五 00:56:44.645,1716483404645,NH-DC-NM129-B05-ROCE-Leaf-3.GPU.S9825,FourHundredGigE1/0/43,0,0,0,0,0,0
2024/05/24 星期五 00:56:45.259,1716483405259,NH-DC-NM129-B05-ROCE-Leaf-3.GPU.S9825,FourHundredGigE1/0/43,19827,52604870,10930,23604848,0.10,0.04
2024/05/24 星期五 00:56:47.027,1716483407027,NH-DC-NM129-B05-ROCE-Leaf-3.GPU.S9825,FourHundredGigE1/0/43,112328,392566192,103078,334545995,0.28,0.23
2024/05/24 星期五 00:56:48.082,1716483408082,NH-DC-NM129-B05-ROCE-Leaf-3.GPU.S9825,FourHundredGigE1/0/43,0,0,0,0,0,0
2024/05/24 星期五 00:56:48.582,1716483408582,NH-DC-NM129-B05-ROCE-Leaf-3.GPU.S9825,FourHundredGigE1/0/43,13002,1059828,64710,217593076,0,0.52
2024/05/24 星期五 00:56:49.178,1716483409178,NH-DC-NM129-B05-ROCE-Leaf-3.GPU.S9825,FourHundredGigE1/0/43,28257,59407582,81161,281247082,0.10,0.59
2024/05/24 星期五 00:56:49.744,1716483409744,NH-DC-NM129-B05-ROCE-Leaf-3.GPU.S9825,FourHundredGigE1/0/43,0,0,0,0,0,0
2024/05/24 星期五 00:56:50.278,1716483410278,NH-DC-NM129-B05-ROCE-Leaf-3.GPU.S9825,FourHundredGigE1/0/43,171567,649199382,305164,1236444128,1.50,2.88
2024/05/24 星期五 00:56:52.040,1716483412040,NH-DC-NM129-B05-ROCE-Leaf-3.GPU.S9825,FourHundredGigE1/0/43,43793,141467378,16319,41591286,0.10,0.03
2024/05/24 星期五 00:56:52.548,1716483412548,NH-DC-NM129-B05-ROCE-Leaf-3.GPU.S9825,FourHundredGigE1/0/43,24747,69964742,8418,23415140,0.15,0.05
2024/05/24 星期五 00:56:53.056,1716483413056,NH-DC-NM129-B05-ROCE-Leaf-3.GPU.S9825,FourHundredGigE1/0/43,0,0,0,0,0,0
2024/05/24 星期五 00:56:53.558,1716483413558,NH-DC-NM129-B05-ROCE-Leaf-3.GPU.S9825,FourHundredGigE1/0/43,246829,992171414,250527,996026510,2.47,2.47
2024/05/24 星期五 00:56:54.061,1716483414061,NH-DC-NM129-B05-ROCE-Leaf-3.GPU.S9825,FourHundredGigE1/0/43,9740,27926768,217445,867880290,0.05,2.14
2024/05/24 星期五 00:56:55.151,1716483415151,NH-DC-NM129-B05-ROCE-Leaf-3.GPU.S9825,FourHundredGigE1/0/43,34616,123911076,28073,88263154,0.14,0.09
2024/05/24 星期五 00:56:55.654,1716483415654,NH-DC-NM129-B05-ROCE-Leaf-3.GPU.S9825,FourHundredGigE1/0/43,0,0,0,0,0,0
2024/05/24 星期五 00:56:56.195,1716483416195,NH-DC-NM129-B05-ROCE-Leaf-3.GPU.S9825,FourHundredGigE1/0/43,25425,75958182,23673,72435718,0.16,0.16
2024/05/24 星期五 00:56:56.734,1716483416734,NH-DC-NM129-B05-ROCE-Leaf-3.GPU.S9825,FourHundredGigE1/0/43,0,0,0,0,0,0
2024/05/24 星期五 00:56:57.239,1716483417239,NH-DC-NM129-B05-ROCE-Leaf-3.GPU.S9825,FourHundredGigE1/0/43,18216,19266412,218210,851723040,0.02,2.10
2024/05/24 星期五 00:56:58.111,1716483418111,NH-DC-NM129-B05-ROCE-Leaf-3.GPU.S9825,FourHundredGigE1/0/43,36798,95141184,6058,11648948,0.13,0.01
2024/05/24 星期五 00:56:58.725,1716483418725,NH-DC-NM129-B05-ROCE-Leaf-3.GPU.S9825,FourHundredGigE1/0/43,0,0,0,0,0,0
2024/05/24 星期五 00:56:59.227,1716483419227,NH-DC-NM129-B05-ROCE-Leaf-3.GPU.S9825,FourHundredGigE1/0/43,48832,175402128,19672,36225012,0.42,0.07
2024/05/24 星期五 00:56:59.881,1716483419881,NH-DC-NM129-B05-ROCE-Leaf-3.GPU.S9825,FourHundredGigE1/0/43,0,0,0,0,0,0
2024/05/24 星期五 00:57:00.382,1716483420382,NH-DC-NM129-B05-ROCE-Leaf-3.GPU.S9825,FourHundredGigE1/0/43,33763,115920346,57382,172342648,0.27,0.42
2024/05/24 星期五 00:57:00.881,1716483420881,NH-DC-NM129-B05-ROCE-Leaf-3.GPU.S9825,FourHundredGigE1/0/43,0,0,0,0,0,0
2024/05/24 星期五 00:57:01.621,1716483421621,NH-DC-NM129-B05-ROCE-Leaf-3.GPU.S9825,FourHundredGigE1/0/43,8943,23623714,60660,206352060,0.03,0.34
2024/05/24 星期五 00:57:02.235,1716483422235,NH-DC-NM129-B05-ROCE-Leaf-3.GPU.S9825,FourHundredGigE1/0/43,18241,37750386,42349,136605446,0.06,0.26
2024/05/24 星期五 00:57:02.754,1716483422754,NH-DC-NM129-B05-ROCE-Leaf-3.GPU.S9825,FourHundredGigE1/0/43,0,0,0,0,0,0
2024/05/24 星期五 00:57:03.253,1716483423253,NH-DC-NM129-B05-ROCE-Leaf-3.GPU.S9825,FourHundredGigE1/0/43,23203,63262514,16686,37353240,0.15,0.08
2024/05/24 星期五 00:57:03.754,1716483423754,NH-DC-NM129-B05-ROCE-Leaf-3.GPU.S9825,FourHundredGigE1/0/43,0,0,0,0,0,0
2024/05/24 星期五 00:57:04.253,1716483424253,NH-DC-NM129-B05-ROCE-Leaf-3.GPU.S9825,FourHundredGigE1/0/43,24797,76135218,3626,11465740,0.18,0.03
2024/05/24 星期五 00:57:05.045,1716483425045,NH-DC-NM129-B05-ROCE-Leaf-3.GPU.S9825,FourHundredGigE1/0/43,10508,12222180,19640,64957048,0.02,0.09
2024/05/24 星期五 00:57:05.661,1716483425661,NH-DC-NM129-B05-ROCE-Leaf-3.GPU.S9825,FourHundredGigE1/0/43,0,0,0,0,0,0
2024/05/24 星期五 00:57:06.173,1716483426173,NH-DC-NM129-B05-ROCE-Leaf-3.GPU.S9825,FourHundredGigE1/0/43,198701,808322994,188941,748442326,1.95,1.81
2024/05/24 星期五 00:57:06.792,1716483426792,NH-DC-NM129-B05-ROCE-Leaf-3.GPU.S9825,FourHundredGigE1/0/43,0,0,0,0,0,0
2024/05/24 星期五 00:57:07.293,1716483427293,NH-DC-NM129-B05-ROCE-Leaf-3.GPU.S9825,FourHundredGigE1/0/43,7143,30755138,19200,72065664,0.07,0.17
2024/05/24 星期五 00:57:07.800,1716483427800,NH-DC-NM129-B05-ROCE-Leaf-3.GPU.S9825,FourHundredGigE1/0/43,0,0,0,0,0,0
2024/05/24 星期五 00:57:08.506,1716483428506,NH-DC-NM129-B05-ROCE-Leaf-3.GPU.S9825,FourHundredGigE1/0/43,52240,182619632,6723,22887934,0.32,0.04
2024/05/24 星期五 00:57:09.144,1716483429144,NH-DC-NM129-B05-ROCE-Leaf-3.GPU.S9825,FourHundredGigE1/0/43,94080,320333092,3209,11806838,0.63,0.02
2024/05/24 星期五 00:57:09.683,1716483429683,NH-DC-NM129-B05-ROCE-Leaf-3.GPU.S9825,FourHundredGigE1/0/43,0,0,0,0,0,0
2024/05/24 星期五 00:57:10.296,1716483430296,NH-DC-NM129-B05-ROCE-Leaf-3.GPU.S9825,FourHundredGigE1/0/43,189915,613242466,13312,1070004,1.24,0
2024/05/24 星期五 00:57:10.797,1716483430797,NH-DC-NM129-B05-ROCE-Leaf-3.GPU.S9825,FourHundredGigE1/0/43,0,0,0,0,0,0
2024/05/24 星期五 00:57:11.297,1716483431297,NH-DC-NM129-B05-ROCE-Leaf-3.GPU.S9825,FourHundredGigE1/0/43,74257,277025205,7770,12174500,0.68,0.02
2024/05/24 星期五 00:57:12.187,1716483432187,NH-DC-NM129-B05-ROCE-Leaf-3.GPU.S9825,FourHundredGigE1/0/43,12133,41731378,6821,23270778,0.06,0.03
2024/05/24 星期五 00:57:12.728,1716483432728,NH-DC-NM129-B05-ROCE-Leaf-3.GPU.S9825,FourHundredGigE1/0/43,0,0,0,0,0,0
2024/05/24 星期五 00:57:13.229,1716483433229,NH-DC-NM129-B05-ROCE-Leaf-3.GPU.S9825,FourHundredGigE1/0/43,186923,761379126,183237,749689433,1.90,1.85
2024/05/24 星期五 00:57:13.790,1716483433790,NH-DC-NM129-B05-ROCE-Leaf-3.GPU.S9825,FourHundredGigE1/0/43,0,0,0,0,0,0
2024/05/24 星期五 00:57:14.290,1716483434290,NH-DC-NM129-B05-ROCE-Leaf-3.GPU.S9825,FourHundredGigE1/0/43,11114,35589644,2287,184646,0.08,0
2024/05/24 星期五 00:57:14.810,1716483434810,NH-DC-NM129-B05-ROCE-Leaf-3.GPU.S9825,FourHundredGigE1/0/43,0,0,0,0,0,0
2024/05/24 星期五 00:57:15.434,1716483435434,NH-DC-NM129-B05-ROCE-Leaf-3.GPU.S9825,FourHundredGigE1/0/43,41612,145745092,17589,12594066,0.28,0.02
2024/05/24 星期五 00:57:16.083,1716483436083,NH-DC-NM129-B05-ROCE-Leaf-3.GPU.S9825,FourHundredGigE1/0/43,7337,23492674,3975,11492842,0.04,0.02
2024/05/24 星期五 00:57:16.671,1716483436671,NH-DC-NM129-B05-ROCE-Leaf-3.GPU.S9825,FourHundredGigE1/0/43,0,0,0,0,0,0
2024/05/24 星期五 00:57:17.173,1716483437173,NH-DC-NM129-B05-ROCE-Leaf-3.GPU.S9825,FourHundredGigE1/0/43,93317,380611982,279091,1130382136,0.95,2.81
2024/05/24 星期五 00:57:17.674,1716483437674,NH-DC-NM129-B05-ROCE-Leaf-3.GPU.S9825,FourHundredGigE1/0/43,0,0,0,0,0,0
2024/05/24 星期五 00:57:18.175,1716483438175,NH-DC-NM129-B05-ROCE-Leaf-3.GPU.S9825,FourHundredGigE1/0/43,17,5282,141483,421237432,0,1.05
2024/05/24 星期五 00:57:18.934,1716483438934,NH-DC-NM129-B05-ROCE-Leaf-3.GPU.S9825,FourHundredGigE1/0/43,18179,65376310,68015,266637194,0.10,0.43
2024/05/24 星期五 00:57:19.616,1716483439616,NH-DC-NM129-B05-ROCE-Leaf-3.GPU.S9825,FourHundredGigE1/0/43,0,0,0,0,0,0
2024/05/24 星期五 00:57:20.187,1716483440187,NH-DC-NM129-B05-ROCE-Leaf-3.GPU.S9825,FourHundredGigE1/0/43,12145,33918750,42341,156672466,0.07,0.33
2024/05/24 星期五 00:57:20.727,1716483440727,NH-DC-NM129-B05-ROCE-Leaf-3.GPU.S9825,FourHundredGigE1/0/43,0,0,0,0,0,0
2024/05/24 星期五 00:57:21.229,1716483441229,NH-DC-NM129-B05-ROCE-Leaf-3.GPU.S9825,FourHundredGigE1/0/43,108606,433296076,8836,1500392,1.07,0
2024/05/24 星期五 00:57:21.830,1716483441830,NH-DC-NM129-B05-ROCE-Leaf-3.GPU.S9825,FourHundredGigE1/0/43,9461,33426614,15684,51347440,0.06,0.10
2024/05/24 星期五 00:57:22.645,1716483442645,NH-DC-NM129-B05-ROCE-Leaf-3.GPU.S9825,FourHundredGigE1/0/43,0,0,0,0,0,0
2024/05/24 星期五 00:57:23.199,1716483443199,NH-DC-NM129-B05-ROCE-Leaf-3.GPU.S9825,FourHundredGigE1/0/43,21527,64079378,1461,125774,0.14,0
2024/05/24 星期五 00:57:24.036,1716483444036,NH-DC-NM129-B05-ROCE-Leaf-3.GPU.S9825,FourHundredGigE1/0/43,100046,383876000,6969,12117586,0.57,0.01
2024/05/24 星期五 00:57:24.539,1716483444539,NH-DC-NM129-B05-ROCE-Leaf-3.GPU.S9825,FourHundredGigE1/0/43,0,0,0,0,0,0
2024/05/24 星期五 00:57:25.040,1716483445040,NH-DC-NM129-B05-ROCE-Leaf-3.GPU.S9825,FourHundredGigE1/0/43,17326,52404760,52199,191221886,0.12,0.47
2024/05/24 星期五 00:57:25.648,1716483445648,NH-DC-NM129-B05-ROCE-Leaf-3.GPU.S9825,FourHundredGigE1/0/43,0,0,0,0,0,0
2024/05/24 星期五 00:57:26.373,1716483446373,NH-DC-NM129-B05-ROCE-Leaf-3.GPU.S9825,FourHundredGigE1/0/43,7923,23608822,36011,125280274,0.03,0.21
2024/05/24 星期五 00:57:26.946,1716483446946,NH-DC-NM129-B05-ROCE-Leaf-3.GPU.S9825,FourHundredGigE1/0/43,0,0,0,0,0,0
2024/05/24 星期五 00:57:27.523,1716483447523,NH-DC-NM129-B05-ROCE-Leaf-3.GPU.S9825,FourHundredGigE1/0/43,25154,69834644,26432,87830108,0.13,0.17
2024/05/24 星期五 00:57:28.026,1716483448026,NH-DC-NM129-B05-ROCE-Leaf-3.GPU.S9825,FourHundredGigE1/0/43,98941,0,14350,14061840,0,0.02
2024/05/24 星期五 00:57:28.599,1716483448599,NH-DC-NM129-B05-ROCE-Leaf-3.GPU.S9825,FourHundredGigE1/0/43,0,381232110,0,0,0.83,0
2024/05/24 星期五 00:57:29.346,1716483449346,NH-DC-NM129-B05-ROCE-Leaf-3.GPU.S9825,FourHundredGigE1/0/43,16095,47506874,52368,188791852,0.07,0.30
2024/05/24 星期五 00:57:30.090,1716483450090,NH-DC-NM129-B05-ROCE-Leaf-3.GPU.S9825,FourHundredGigE1/0/43,18191,63813730,2365,192346,0.10,0
2024/05/24 星期五 00:57:30.670,1716483450670,NH-DC-NM129-B05-ROCE-Leaf-3.GPU.S9825,FourHundredGigE1/0/43,0,0,0,0,0,0
2024/05/24 星期五 00:57:31.175,1716483451175,NH-DC-NM129-B05-ROCE-Leaf-3.GPU.S9825,FourHundredGigE1/0/43,158120,622248776,54870,188660952,1.53,0.45
2024/05/24 星期五 00:57:32.211,1716483452211,NH-DC-NM129-B05-ROCE-Leaf-3.GPU.S9825,FourHundredGigE1/0/43,9242,24179920,52461,179884682,0.02,0.21
2024/05/24 星期五 00:57:32.856,1716483452856,NH-DC-NM129-B05-ROCE-Leaf-3.GPU.S9825,FourHundredGigE1/0/43,0,0,0,0,0,0
2024/05/24 星期五 00:57:33.454,1716483453454,NH-DC-NM129-B05-ROCE-Leaf-3.GPU.S9825,FourHundredGigE1/0/43,21210,64069540,42763,152403278,0.13,0.31
2024/05/24 星期五 00:57:34.211,1716483454211,NH-DC-NM129-B05-ROCE-Leaf-3.GPU.S9825,FourHundredGigE1/0/43,2106,171644,3034,245652,0,0
2024/05/24 星期五 00:57:34.718,1716483454718,NH-DC-NM129-B05-ROCE-Leaf-3.GPU.S9825,FourHundredGigE1/0/43,0,0,0,0,0,0
2024/05/24 星期五 00:57:35.260,1716483455260,NH-DC-NM129-B05-ROCE-Leaf-3.GPU.S9825,FourHundredGigE1/0/43,254173,1013254242,266638,1049746144,2.33,2.40
2024/05/24 星期五 00:57:35.960,1716483455960,NH-DC-NM129-B05-ROCE-Leaf-3.GPU.S9825,FourHundredGigE1/0/43,30253,111999518,23291,46723566,0.20,0.07
2024/05/24 星期五 00:57:36.630,1716483456630,NH-DC-NM129-B05-ROCE-Leaf-3.GPU.S9825,FourHundredGigE1/0/43,0,0,0,0,0,0
2024/05/24 星期五 00:57:37.238,1716483457238,NH-DC-NM129-B05-ROCE-Leaf-3.GPU.S9825,FourHundredGigE1/0/43,41410,151111620,26477,90730098,0.31,0.19
2024/05/24 星期五 00:57:37.739,1716483457739,NH-DC-NM129-B05-ROCE-Leaf-3.GPU.S9825,FourHundredGigE1/0/43,0,0,0,0,0,0
2024/05/24 星期五 00:57:38.239,1716483458239,NH-DC-NM129-B05-ROCE-Leaf-3.GPU.S9825,FourHundredGigE1/0/43,49099,170009606,42759,152302014,0.42,0.38
2024/05/24 星期五 00:57:38.808,1716483458808,NH-DC-NM129-B05-ROCE-Leaf-3.GPU.S9825,FourHundredGigE1/0/43,0,0,0,0,0,0
2024/05/24 星期五 00:57:39.409,1716483459409,NH-DC-NM129-B05-ROCE-Leaf-3.GPU.S9825,FourHundredGigE1/0/43,9819,36186882,121864,494703304,0.06,1.02
2024/05/24 星期五 00:57:40.042,1716483460042,NH-DC-NM129-B05-ROCE-Leaf-3.GPU.S9825,FourHundredGigE1/0/43,25146,80525764,25299,90545342,0.16,0.18
2024/05/24 星期五 00:57:40.675,1716483460675,NH-DC-NM129-B05-ROCE-Leaf-3.GPU.S9825,FourHundredGigE1/0/43,0,0,0,0,0,0
2024/05/24 星期五 00:57:41.175,1716483461175,NH-DC-NM129-B05-ROCE-Leaf-3.GPU.S9825,FourHundredGigE1/0/43,39529,152862129,15884,26121436,0.38,0.05
2024/05/24 星期五 00:57:41.707,1716483461707,NH-DC-NM129-B05-ROCE-Leaf-3.GPU.S9825,FourHundredGigE1/0/43,0,0,0,0,0,0
2024/05/24 星期五 00:57:42.235,1716483462235,NH-DC-NM129-B05-ROCE-Leaf-3.GPU.S9825,FourHundredGigE1/0/43,333669,1325789022,211504,843881184,3.12,1.99
2024/05/24 星期五 00:57:43.232,1716483463232,NH-DC-NM129-B05-ROCE-Leaf-3.GPU.S9825,FourHundredGigE1/0/43,44031,156998830,21476,64706872,0.19,0.08
2024/05/24 星期五 00:57:43.965,1716483463965,NH-DC-NM129-B05-ROCE-Leaf-3.GPU.S9825,FourHundredGigE1/0/43,0,0,0,0,0,0
2024/05/24 星期五 00:57:44.475,1716483464475,NH-DC-NM129-B05-ROCE-Leaf-3.GPU.S9825,FourHundredGigE1/0/43,34118,90670488,39285,142626566,0.22,0.34
2024/05/24 星期五 00:57:45.028,1716483465028,NH-DC-NM129-B05-ROCE-Leaf-3.GPU.S9825,FourHundredGigE1/0/43,308513,1272901880,41795,144779970,2.87,0.32
2024/05/24 星期五 00:57:46.051,1716483466051,NH-DC-NM129-B05-ROCE-Leaf-3.GPU.S9825,FourHundredGigE1/0/43,182584,696194002,68055,178820770,0.84,0.21
2024/05/24 星期五 00:57:47.966,1716483467966,NH-DC-NM129-B05-ROCE-Leaf-3.GPU.S9825,FourHundredGigE1/0/43,0,0,0,0,0,0
2024/05/24 星期五 00:57:48.467,1716483468467,NH-DC-NM129-B05-ROCE-Leaf-3.GPU.S9825,FourHundredGigE1/0/43,53158,163965352,48534,157151012,0.40,0.37
2024/05/24 星期五 00:57:48.982,1716483468982,NH-DC-NM129-B05-ROCE-Leaf-3.GPU.S9825,FourHundredGigE1/0/43,13702,28787412,268791,1106718222,0.05,2.67
2024/05/24 星期五 00:57:49.741,1716483469741,NH-DC-NM129-B05-ROCE-Leaf-3.GPU.S9825,FourHundredGigE1/0/43,0,0,0,0,0,0
2024/05/24 星期五 00:57:50.253,1716483470253,NH-DC-NM129-B05-ROCE-Leaf-3.GPU.S9825,FourHundredGigE1/0/43,14698,39795464,25652,72573552,0.07,0.17
2024/05/24 星期五 00:57:51.160,1716483471160,NH-DC-NM129-B05-ROCE-Leaf-3.GPU.S9825,FourHundredGigE1/0/43,6948,11898488,19006,55047280,0.01,0.07
2024/05/24 星期五 00:57:51.750,1716483471750,NH-DC-NM129-B05-ROCE-Leaf-3.GPU.S9825,FourHundredGigE1/0/43,0,0,0,0,0,0
2024/05/24 星期五 00:57:52.815,1716483472815,NH-DC-NM129-B05-ROCE-Leaf-3.GPU.S9825,FourHundredGigE1/0/43,11317,22551850,57298,190371780,0.02,0.22
2024/05/24 星期五 00:57:53.317,1716483473317,NH-DC-NM129-B05-ROCE-Leaf-3.GPU.S9825,FourHundredGigE1/0/43,4776,447176,107732,405070296,0,1.00
2024/05/24 星期五 00:57:53.822,1716483473822,NH-DC-NM129-B05-ROCE-Leaf-3.GPU.S9825,FourHundredGigE1/0/43,0,0,0,0,0,0
2024/05/24 星期五 00:57:54.561,1716483474561,NH-DC-NM129-B05-ROCE-Leaf-3.GPU.S9825,FourHundredGigE1/0/43,19560,57005556,55181,183578942,0.08,0.30
2024/05/24 星期五 00:57:56.430,1716483476430,NH-DC-NM129-B05-ROCE-Leaf-3.GPU.S9825,FourHundredGigE1/0/43,207796,816974100,32141,78328498,0.54,0.05
2024/05/24 星期五 00:57:56.933,1716483476933,NH-DC-NM129-B05-ROCE-Leaf-3.GPU.S9825,FourHundredGigE1/0/43,0,0,0,0,0,0
2024/05/24 星期五 00:57:57.437,1716483477437,NH-DC-NM129-B05-ROCE-Leaf-3.GPU.S9825,FourHundredGigE1/0/43,73456,245452424,61032,203294052,0.60,0.50
2024/05/24 星期五 00:57:59.458,1716483479458,NH-DC-NM129-B05-ROCE-Leaf-3.GPU.S9825,FourHundredGigE1/0/43,22354,70293472,2727,213090,0.04,0
2024/05/24 星期五 00:58:00.046,1716483480046,NH-DC-NM129-B05-ROCE-Leaf-3.GPU.S9825,FourHundredGigE1/0/43,0,0,0,0,0,0
2024/05/24 星期五 00:58:00.564,1716483480564,NH-DC-NM129-B05-ROCE-Leaf-3.GPU.S9825,FourHundredGigE1/0/43,247592,955394312,103571,381200074,2.29,0.92
2024/05/24 星期五 00:58:01.065,1716483481065,NH-DC-NM129-B05-ROCE-Leaf-3.GPU.S9825,FourHundredGigE1/0/43,13460,49142892,6398,23610812,0.10,0.05
2024/05/24 星期五 00:58:01.936,1716483481936,NH-DC-NM129-B05-ROCE-Leaf-3.GPU.S9825,FourHundredGigE1/0/43,0,0,0,0,0,0
2024/05/24 星期五 00:58:02.451,1716483482451,NH-DC-NM129-B05-ROCE-Leaf-3.GPU.S9825,FourHundredGigE1/0/43,6840,23455848,512,41684,0.05,0
2024/05/24 星期五 00:58:03.789,1716483483789,NH-DC-NM129-B05-ROCE-Leaf-3.GPU.S9825,FourHundredGigE1/0/43,215713,862812986,11626,12492736,0.80,0.01
2024/05/24 星期五 00:58:04.292,1716483484292,NH-DC-NM129-B05-ROCE-Leaf-3.GPU.S9825,FourHundredGigE1/0/43,210682,814735468,78796,280824560,2.01,0.70
2024/05/24 星期五 00:58:04.904,1716483484904,NH-DC-NM129-B05-ROCE-Leaf-3.GPU.S9825,FourHundredGigE1/0/43,30025,103504270,13046,1055460,0.20,0
2024/05/24 星期五 00:58:05.752,1716483485752,NH-DC-NM129-B05-ROCE-Leaf-3.GPU.S9825,FourHundredGigE1/0/43,0,0,0,0,0,0
2024/05/24 星期五 00:58:06.439,1716483486439,NH-DC-NM129-B05-ROCE-Leaf-3.GPU.S9825,FourHundredGigE1/0/43,13705,46905430,31189,112266078,0.07,0.20
2024/05/24 星期五 00:58:06.950,1716483486950,NH-DC-NM129-B05-ROCE-Leaf-3.GPU.S9825,FourHundredGigE1/0/43,0,0,0,0,0,0
2024/05/24 星期五 00:58:07.450,1716483487450,NH-DC-NM129-B05-ROCE-Leaf-3.GPU.S9825,FourHundredGigE1/0/43,49139,175889298,12090,23314488,0.42,0.05
2024/05/24 星期五 00:58:08.014,1716483488014,NH-DC-NM129-B05-ROCE-Leaf-3.GPU.S9825,FourHundredGigE1/0/43,10061,35274918,1,4286,0.07,0
2024/05/24 星期五 00:58:08.700,1716483488700,NH-DC-NM129-B05-ROCE-Leaf-3.GPU.S9825,FourHundredGigE1/0/43,0,0,0,0,0,0
2024/05/24 星期五 00:58:09.325,1716483489325,NH-DC-NM129-B05-ROCE-Leaf-3.GPU.S9825,FourHundredGigE1/0/43,58654,209251020,513,42334,0.4,0
2024/05/24 星期五 00:58:09.960,1716483489960,NH-DC-NM129-B05-ROCE-Leaf-3.GPU.S9825,FourHundredGigE1/0/43,0,0,0,0,0,0
2024/05/24 星期五 00:58:10.475,1716483490475,NH-DC-NM129-B05-ROCE-Leaf-3.GPU.S9825,FourHundredGigE1/0/43,3653,11647510,18266,60818604,0.02,0.15
2024/05/24 星期五 00:58:10.973,1716483490973,NH-DC-NM129-B05-ROCE-Leaf-3.GPU.S9825,FourHundredGigE1/0/43,0,0,0,0,0,0
2024/05/24 星期五 00:58:11.477,1716483491477,NH-DC-NM129-B05-ROCE-Leaf-3.GPU.S9825,FourHundredGigE1/0/43,240031,915013137,290849,1190927886,2.26,2.95
2024/05/24 星期五 00:58:12.306,1716483492306,NH-DC-NM129-B05-ROCE-Leaf-3.GPU.S9825,FourHundredGigE1/0/43,102201,362640634,45825,160671734,0.54,0.24
2024/05/24 星期五 00:58:12.920,1716483492920,NH-DC-NM129-B05-ROCE-Leaf-3.GPU.S9825,FourHundredGigE1/0/43,0,0,0,0,0,0
2024/05/24 星期五 00:58:13.494,1716483493494,NH-DC-NM129-B05-ROCE-Leaf-3.GPU.S9825,FourHundredGigE1/0/43,85167,299220774,19053,46991870,0.63,0.09
2024/05/24 星期五 00:58:13.993,1716483493993,NH-DC-NM129-B05-ROCE-Leaf-3.GPU.S9825,FourHundredGigE1/0/43,0,0,0,0,0,0
2024/05/24 星期五 00:58:14.517,1716483494517,NH-DC-NM129-B05-ROCE-Leaf-3.GPU.S9825,FourHundredGigE1/0/43,33810,95509716,254695,1026759510,0.21,2.43
2024/05/24 星期五 00:58:15.058,1716483495058,NH-DC-NM129-B05-ROCE-Leaf-3.GPU.S9825,FourHundredGigE1/0/43,38667,122925666,68259,255004286,0.28,0.58
2024/05/24 星期五 00:58:15.691,1716483495691,NH-DC-NM129-B05-ROCE-Leaf-3.GPU.S9825,FourHundredGigE1/0/43,0,0,0,0,0,0
2024/05/24 星期五 00:58:16.357,1716483496357,NH-DC-NM129-B05-ROCE-Leaf-3.GPU.S9825,FourHundredGigE1/0/43,30265,101640854,33081,77306134,0.19,0.13
2024/05/24 星期五 00:58:16.892,1716483496892,NH-DC-NM129-B05-ROCE-Leaf-3.GPU.S9825,FourHundredGigE1/0/43,0,0,0,0,0,0
2024/05/24 星期五 00:58:17.392,1716483497392,NH-DC-NM129-B05-ROCE-Leaf-3.GPU.S9825,FourHundredGigE1/0/43,27548,86335744,17951,51179454,0.2,0.12
2024/05/24 星期五 00:58:17.950,1716483497950,NH-DC-NM129-B05-ROCE-Leaf-3.GPU.S9825,FourHundredGigE1/0/43,0,0,0,0,0,0
2024/05/24 星期五 00:58:18.454,1716483498454,NH-DC-NM129-B05-ROCE-Leaf-3.GPU.S9825,FourHundredGigE1/0/43,184156,739367836,19739,54324522,1.81,0.12
2024/05/24 星期五 00:58:19.075,1716483499075,NH-DC-NM129-B05-ROCE-Leaf-3.GPU.S9825,FourHundredGigE1/0/43,22487,78585794,20518,61000700,0.14,0.12
2024/05/24 星期五 00:58:19.814,1716483499814,NH-DC-NM129-B05-ROCE-Leaf-3.GPU.S9825,FourHundredGigE1/0/43,0,0,0,0,0,0
2024/05/24 星期五 00:58:20.316,1716483500316,NH-DC-NM129-B05-ROCE-Leaf-3.GPU.S9825,FourHundredGigE1/0/43,20968,75825344,25527,83718814,0.17,0.20
2024/05/24 星期五 00:58:20.820,1716483500820,NH-DC-NM129-B05-ROCE-Leaf-3.GPU.S9825,FourHundredGigE1/0/43,0,0,0,0,0,0
2024/05/24 星期五 00:58:21.322,1716483501322,NH-DC-NM129-B05-ROCE-Leaf-3.GPU.S9825,FourHundredGigE1/0/43,22160,74501904,31545,88852494,0.17,0.20
2024/05/24 星期五 00:58:21.913,1716483501913,NH-DC-NM129-B05-ROCE-Leaf-3.GPU.S9825,FourHundredGigE1/0/43,0,0,0,0,0,0
2024/05/24 星期五 00:58:22.545,1716483502545,NH-DC-NM129-B05-ROCE-Leaf-3.GPU.S9825,FourHundredGigE1/0/43,123298,478039588,103557,394150550,0.93,0.77
2024/05/24 星期五 00:58:23.234,1716483503234,NH-DC-NM129-B05-ROCE-Leaf-3.GPU.S9825,FourHundredGigE1/0/43,13735,46903754,76400,241606276,0.07,0.44
2024/05/24 星期五 00:58:23.918,1716483503918,NH-DC-NM129-B05-ROCE-Leaf-3.GPU.S9825,FourHundredGigE1/0/43,0,0,0,0,0,0
2024/05/24 星期五 00:58:24.432,1716483504432,NH-DC-NM129-B05-ROCE-Leaf-3.GPU.S9825,FourHundredGigE1/0/43,16940,13378752,45616,166993300,0.02,0.39
2024/05/24 星期五 00:58:25.022,1716483505022,NH-DC-NM129-B05-ROCE-Leaf-3.GPU.S9825,FourHundredGigE1/0/43,0,0,0,0,0,0
2024/05/24 星期五 00:58:25.522,1716483505522,NH-DC-NM129-B05-ROCE-Leaf-3.GPU.S9825,FourHundredGigE1/0/43,104751,340531718,314970,1258233088,0.85,3.12
2024/05/24 星期五 00:58:26.261,1716483506261,NH-DC-NM129-B05-ROCE-Leaf-3.GPU.S9825,FourHundredGigE1/0/43,23470,72366720,11912,32714320,0.12,0.05
2024/05/24 星期五 00:58:26.915,1716483506915,NH-DC-NM129-B05-ROCE-Leaf-3.GPU.S9825,FourHundredGigE1/0/43,0,0,0,0,0,0
2024/05/24 星期五 00:58:30.394,1716483510394,NH-DC-NM129-B05-ROCE-Leaf-3.GPU.S9825,FourHundredGigE1/0/43,123673,371725406,157995,511190362,0.13,0.18
2024/05/24 星期五 00:58:30.904,1716483510904,NH-DC-NM129-B05-ROCE-Leaf-3.GPU.S9825,FourHundredGigE1/0/43,0,0,0,0,0,0
2024/05/24 星期五 00:58:31.405,1716483511405,NH-DC-NM129-B05-ROCE-Leaf-3.GPU.S9825,FourHundredGigE1/0/43,19413,60121182,5395,11983958,0.15,0.02
2024/05/24 星期五 00:58:31.908,1716483511908,NH-DC-NM129-B05-ROCE-Leaf-3.GPU.S9825,FourHundredGigE1/0/43,0,0,0,0,0,0
2024/05/24 星期五 00:58:32.588,1716483512588,NH-DC-NM129-B05-ROCE-Leaf-3.GPU.S9825,FourHundredGigE1/0/43,103538,384648554,363259,1463246610,0.70,2.68
2024/05/24 星期五 00:58:33.198,1716483513198,NH-DC-NM129-B05-ROCE-Leaf-3.GPU.S9825,FourHundredGigE1/0/43,30394,111408966,18876,68499792,0.23,0.12
2024/05/24 星期五 00:58:33.750,1716483513750,NH-DC-NM129-B05-ROCE-Leaf-3.GPU.S9825,FourHundredGigE1/0/43,0,0,0,0,0,0
2024/05/24 星期五 00:58:34.557,1716483514557,NH-DC-NM129-B05-ROCE-Leaf-3.GPU.S9825,FourHundredGigE1/0/43,15116,26625496,19427,72097382,0.03,0.11
2024/05/24 星期五 00:58:35.059,1716483515059,NH-DC-NM129-B05-ROCE-Leaf-3.GPU.S9825,FourHundredGigE1/0/43,41517,132877650,40264,140070492,0.32,0.35
2024/05/24 星期五 00:58:35.748,1716483515748,NH-DC-NM129-B05-ROCE-Leaf-3.GPU.S9825,FourHundredGigE1/0/43,0,0,0,0,0,0
2024/05/24 星期五 00:58:36.420,1716483516420,NH-DC-NM129-B05-ROCE-Leaf-3.GPU.S9825,FourHundredGigE1/0/43,205484,785508960,31344,90006072,1.45,0.17
2024/05/24 星期五 00:58:36.968,1716483516968,NH-DC-NM129-B05-ROCE-Leaf-3.GPU.S9825,FourHundredGigE1/0/43,0,0,0,0,0,0
2024/05/24 星期五 00:58:37.470,1716483517470,NH-DC-NM129-B05-ROCE-Leaf-3.GPU.S9825,FourHundredGigE1/0/43,9498,35021156,0,0,0.07,0
2024/05/24 星期五 00:58:38.036,1716483518036,NH-DC-NM129-B05-ROCE-Leaf-3.GPU.S9825,FourHundredGigE1/0/43,0,0,0,0,0,0
2024/05/24 星期五 00:58:38.537,1716483518537,NH-DC-NM129-B05-ROCE-Leaf-3.GPU.S9825,FourHundredGigE1/0/43,44512,157545896,33933,99188170,0.37,0.22
2024/05/24 星期五 00:58:39.102,1716483519102,NH-DC-NM129-B05-ROCE-Leaf-3.GPU.S9825,FourHundredGigE1/0/43,15611,25910494,4348,12902644,0.04,0.02
2024/05/24 星期五 00:58:39.733,1716483519733,NH-DC-NM129-B05-ROCE-Leaf-3.GPU.S9825,FourHundredGigE1/0/43,0,0,0,0,0,0
2024/05/24 星期五 00:58:40.329,1716483520329,NH-DC-NM129-B05-ROCE-Leaf-3.GPU.S9825,FourHundredGigE1/0/43,5047,398142,134120,482963968,0,1.01
2024/05/24 星期五 00:58:40.846,1716483520846,NH-DC-NM129-B05-ROCE-Leaf-3.GPU.S9825,FourHundredGigE1/0/43,0,0,0,0,0,0
2024/05/24 星期五 00:58:41.364,1716483521364,NH-DC-NM129-B05-ROCE-Leaf-3.GPU.S9825,FourHundredGigE1/0/43,6906,23689787,6832,23271232,0.05,0.05
2024/05/24 星期五 00:58:41.894,1716483521894,NH-DC-NM129-B05-ROCE-Leaf-3.GPU.S9825,FourHundredGigE1/0/43,0,0,0,0,0,0
2024/05/24 星期五 00:58:42.502,1716483522502,NH-DC-NM129-B05-ROCE-Leaf-3.GPU.S9825,FourHundredGigE1/0/43,15423,47041910,2514,203148,0.08,0
2024/05/24 星期五 00:58:43.057,1716483523057,NH-DC-NM129-B05-ROCE-Leaf-3.GPU.S9825,FourHundredGigE1/0/43,283465,1142127470,8475,23026982,2.57,0.05
2024/05/24 星期五 00:58:43.612,1716483523612,NH-DC-NM129-B05-ROCE-Leaf-3.GPU.S9825,FourHundredGigE1/0/43,0,0,0,0,0,0
2024/05/24 星期五 00:58:44.112,1716483524112,NH-DC-NM129-B05-ROCE-Leaf-3.GPU.S9825,FourHundredGigE1/0/43,84507,312894582,9435,34652722,0.78,0.08
2024/05/24 星期五 00:58:44.698,1716483524698,NH-DC-NM129-B05-ROCE-Leaf-3.GPU.S9825,FourHundredGigE1/0/43,0,0,0,0,0,0
2024/05/24 星期五 00:58:45.327,1716483525327,NH-DC-NM129-B05-ROCE-Leaf-3.GPU.S9825,FourHundredGigE1/0/43,6943,23688758,70577,265942762,0.04,0.52
2024/05/24 星期五 00:58:47.378,1716483527378,NH-DC-NM129-B05-ROCE-Leaf-3.GPU.S9825,FourHundredGigE1/0/43,42446,138526704,284834,1160354280,0.08,0.71
2024/05/24 星期五 00:58:48.032,1716483528032,NH-DC-NM129-B05-ROCE-Leaf-3.GPU.S9825,FourHundredGigE1/0/43,73876,258494116,0,0,0.48,0
2024/05/24 星期五 00:58:48.633,1716483528633,NH-DC-NM129-B05-ROCE-Leaf-3.GPU.S9825,FourHundredGigE1/0/43,0,0,0,0,0,0
2024/05/24 星期五 00:58:49.133,1716483529133,NH-DC-NM129-B05-ROCE-Leaf-3.GPU.S9825,FourHundredGigE1/0/43,529,4706830,94909,320939522,0,0.8
2024/05/24 星期五 00:58:49.867,1716483529867,NH-DC-NM129-B05-ROCE-Leaf-3.GPU.S9825,FourHundredGigE1/0/43,24424,65573688,150719,533550458,0.10,0.90
2024/05/24 星期五 00:58:50.642,1716483530642,NH-DC-NM129-B05-ROCE-Leaf-3.GPU.S9825,FourHundredGigE1/0/43,0,0,0,0,0,0
2024/05/24 星期五 00:58:51.174,1716483531174,NH-DC-NM129-B05-ROCE-Leaf-3.GPU.S9825,FourHundredGigE1/0/43,65009,228937450,43619,156484778,0.52,0.35
2024/05/24 星期五 00:58:51.674,1716483531674,NH-DC-NM129-B05-ROCE-Leaf-3.GPU.S9825,FourHundredGigE1/0/43,0,0,0,0,0,0
2024/05/24 星期五 00:58:52.248,1716483532248,NH-DC-NM129-B05-ROCE-Leaf-3.GPU.S9825,FourHundredGigE1/0/43,9505,35000822,53445,175242738,0.07,0.37
2024/05/24 星期五 00:58:52.749,1716483532749,NH-DC-NM129-B05-ROCE-Leaf-3.GPU.S9825,FourHundredGigE1/0/43,0,0,0,0,0,0
2024/05/24 星期五 00:58:53.274,1716483533274,NH-DC-NM129-B05-ROCE-Leaf-3.GPU.S9825,FourHundredGigE1/0/43,13849,44258922,15515,49664170,0.10,0.10
2024/05/24 星期五 00:58:54.010,1716483534010,NH-DC-NM129-B05-ROCE-Leaf-3.GPU.S9825,FourHundredGigE1/0/43,344577,1376829122,105984,370239832,2.33,0.63
2024/05/24 星期五 00:58:54.701,1716483534701,NH-DC-NM129-B05-ROCE-Leaf-3.GPU.S9825,FourHundredGigE1/0/43,0,0,0,0,0,0
2024/05/24 星期五 00:58:55.318,1716483535318,NH-DC-NM129-B05-ROCE-Leaf-3.GPU.S9825,FourHundredGigE1/0/43,73625,258364978,52373,131258750,0.51,0.26
2024/05/24 星期五 00:58:55.888,1716483535888,NH-DC-NM129-B05-ROCE-Leaf-3.GPU.S9825,FourHundredGigE1/0/43,0,0,0,0,0,0
2024/05/24 星期五 00:58:56.402,1716483536402,NH-DC-NM129-B05-ROCE-Leaf-3.GPU.S9825,FourHundredGigE1/0/43,40117,53996182,23229,62500750,0.12,0.15
2024/05/24 星期五 00:58:57.108,1716483537108,NH-DC-NM129-B05-ROCE-Leaf-3.GPU.S9825,FourHundredGigE1/0/43,84497,249797178,183528,751849236,0.42,1.33
2024/05/24 星期五 00:58:57.833,1716483537833,NH-DC-NM129-B05-ROCE-Leaf-3.GPU.S9825,FourHundredGigE1/0/43,0,0,0,0,0,0
2024/05/24 星期五 00:58:58.333,1716483538333,NH-DC-NM129-B05-ROCE-Leaf-3.GPU.S9825,FourHundredGigE1/0/43,127457,491084830,51569,116160982,1.22,0.28
2024/05/24 星期五 00:58:58.889,1716483538889,NH-DC-NM129-B05-ROCE-Leaf-3.GPU.S9825,FourHundredGigE1/0/43,0,0,0,0,0,0
2024/05/24 星期五 00:58:59.979,1716483539979,NH-DC-NM129-B05-ROCE-Leaf-3.GPU.S9825,FourHundredGigE1/0/43,60900,197255208,65925,233353530,0.22,0.26
2024/05/24 星期五 00:59:00.558,1716483540558,NH-DC-NM129-B05-ROCE-Leaf-3.GPU.S9825,FourHundredGigE1/0/43,0,0,0,0,0,0
2024/05/24 星期五 00:59:01.135,1716483541135,NH-DC-NM129-B05-ROCE-Leaf-3.GPU.S9825,FourHundredGigE1/0/43,367513,1468450838,100758,403766564,3.16,0.87
2024/05/24 星期五 00:59:01.638,1716483541638,NH-DC-NM129-B05-ROCE-Leaf-3.GPU.S9825,FourHundredGigE1/0/43,0,0,0,0,0,0
2024/05/24 星期五 00:59:02.148,1716483542148,NH-DC-NM129-B05-ROCE-Leaf-3.GPU.S9825,FourHundredGigE1/0/43,16187,55966558,25119,76209894,0.12,0.17
2024/05/24 星期五 00:59:02.745,1716483542745,NH-DC-NM129-B05-ROCE-Leaf-3.GPU.S9825,FourHundredGigE1/0/43,0,0,0,0,0,0
2024/05/24 星期五 00:59:03.249,1716483543249,NH-DC-NM129-B05-ROCE-Leaf-3.GPU.S9825,FourHundredGigE1/0/43,29451,109348650,12204,34877048,0.25,0.07
2024/05/24 星期五 00:59:03.868,1716483543868,NH-DC-NM129-B05-ROCE-Leaf-3.GPU.S9825,FourHundredGigE1/0/43,0,0,0,0,0,0
2024/05/24 星期五 00:59:04.466,1716483544466,NH-DC-NM129-B05-ROCE-Leaf-3.GPU.S9825,FourHundredGigE1/0/43,55837,207743526,69319,253152858,0.42,0.52
2024/05/24 星期五 00:59:04.967,1716483544967,NH-DC-NM129-B05-ROCE-Leaf-3.GPU.S9825,FourHundredGigE1/0/43,0,0,0,0,0,0
2024/05/24 星期五 00:59:05.470,1716483545470,NH-DC-NM129-B05-ROCE-Leaf-3.GPU.S9825,FourHundredGigE1/0/43,29961,76637034,19585,47033782,0.17,0.10
2024/05/24 星期五 00:59:06.048,1716483546048,NH-DC-NM129-B05-ROCE-Leaf-3.GPU.S9825,FourHundredGigE1/0/43,27211,83049130,8191,23771058,0.17,0.04
2024/05/24 星期五 00:59:06.691,1716483546691,NH-DC-NM129-B05-ROCE-Leaf-3.GPU.S9825,FourHundredGigE1/0/43,0,0,0,0,0,0
2024/05/24 星期五 00:59:07.237,1716483547237,NH-DC-NM129-B05-ROCE-Leaf-3.GPU.S9825,FourHundredGigE1/0/43,11846,21444024,106156,376635136,0.05,0.85
2024/05/24 星期五 00:59:08.015,1716483548015,NH-DC-NM129-B05-ROCE-Leaf-3.GPU.S9825,FourHundredGigE1/0/43,0,0,0,0,0,0
2024/05/24 星期五 00:59:08.519,1716483548519,NH-DC-NM129-B05-ROCE-Leaf-3.GPU.S9825,FourHundredGigE1/0/43,39723,125476374,146546,574567964,0.30,1.41
2024/05/24 星期五 00:59:09.021,1716483549021,NH-DC-NM129-B05-ROCE-Leaf-3.GPU.S9825,FourHundredGigE1/0/43,26854,81063800,52369,191197838,0.20,0.47
2024/05/24 星期五 00:59:09.552,1716483549552,NH-DC-NM129-B05-ROCE-Leaf-3.GPU.S9825,FourHundredGigE1/0/43,0,0,0,0,0,0
2024/05/24 星期五 00:59:10.248,1716483550248,NH-DC-NM129-B05-ROCE-Leaf-3.GPU.S9825,FourHundredGigE1/0/43,65181,242973010,61324,178346052,0.43,0.31
2024/05/24 星期五 00:59:10.837,1716483550837,NH-DC-NM129-B05-ROCE-Leaf-3.GPU.S9825,FourHundredGigE1/0/43,0,0,0,0,0,0
2024/05/24 星期五 00:59:11.338,1716483551338,NH-DC-NM129-B05-ROCE-Leaf-3.GPU.S9825,FourHundredGigE1/0/43,20472,61966023,29997,102950650,0.15,0.25
2024/05/24 星期五 00:59:11.839,1716483551839,NH-DC-NM129-B05-ROCE-Leaf-3.GPU.S9825,FourHundredGigE1/0/43,0,0,0,0,0,0
2024/05/24 星期五 00:59:12.341,1716483552341,NH-DC-NM129-B05-ROCE-Leaf-3.GPU.S9825,FourHundredGigE1/0/43,345788,1387731600,269560,1059468748,3.44,2.61
2024/05/24 星期五 00:59:12.849,1716483552849,NH-DC-NM129-B05-ROCE-Leaf-3.GPU.S9825,FourHundredGigE1/0/43,0,0,0,0,0,0
2024/05/24 星期五 00:59:13.354,1716483553354,NH-DC-NM129-B05-ROCE-Leaf-3.GPU.S9825,FourHundredGigE1/0/43,15294,47806332,4854,12993068,0.10,0.02
2024/05/24 星期五 00:59:13.944,1716483553944,NH-DC-NM129-B05-ROCE-Leaf-3.GPU.S9825,FourHundredGigE1/0/43,0,0,0,0,0,0
2024/05/24 星期五 00:59:14.490,1716483554490,NH-DC-NM129-B05-ROCE-Leaf-3.GPU.S9825,FourHundredGigE1/0/43,88291,320624106,1510,124212,0.73,0
2024/05/24 星期五 00:59:14.998,1716483554998,NH-DC-NM129-B05-ROCE-Leaf-3.GPU.S9825,FourHundredGigE1/0/43,0,0,0,0,0,0
2024/05/24 星期五 00:59:15.503,1716483555503,NH-DC-NM129-B05-ROCE-Leaf-3.GPU.S9825,FourHundredGigE1/0/43,19489,55441314,28611,75084894,0.12,0.17
2024/05/24 星期五 00:59:16.069,1716483556069,NH-DC-NM129-B05-ROCE-Leaf-3.GPU.S9825,FourHundredGigE1/0/43,215336,863048724,297203,1207917874,1.90,2.65
2024/05/24 星期五 00:59:16.743,1716483556743,NH-DC-NM129-B05-ROCE-Leaf-3.GPU.S9825,FourHundredGigE1/0/43,0,0,0,0,0,0
2024/05/24 星期五 00:59:17.262,1716483557262,NH-DC-NM129-B05-ROCE-Leaf-3.GPU.S9825,FourHundredGigE1/0/43,62799,223749986,6606,535120,0.53,0
2024/05/24 星期五 00:59:17.794,1716483557794,NH-DC-NM129-B05-ROCE-Leaf-3.GPU.S9825,FourHundredGigE1/0/43,0,0,0,0,0,0
2024/05/24 星期五 00:59:18.383,1716483558383,NH-DC-NM129-B05-ROCE-Leaf-3.GPU.S9825,FourHundredGigE1/0/43,9639,779174,6912,558700,0,0
2024/05/24 星期五 00:59:18.925,1716483558925,NH-DC-NM129-B05-ROCE-Leaf-3.GPU.S9825,FourHundredGigE1/0/43,0,0,0,0,0,0
2024/05/24 星期五 00:59:19.430,1716483559430,NH-DC-NM129-B05-ROCE-Leaf-3.GPU.S9825,FourHundredGigE1/0/43,73869,254922726,170747,690344258,0.62,1.71
2024/05/24 星期五 00:59:20.116,1716483560116,NH-DC-NM129-B05-ROCE-Leaf-3.GPU.S9825,FourHundredGigE1/0/43,1669,134182,106666,428251252,0,0.77
2024/05/24 星期五 00:59:20.683,1716483560683,NH-DC-NM129-B05-ROCE-Leaf-3.GPU.S9825,FourHundredGigE1/0/43,0,0,0,0,0,0
2024/05/24 星期五 00:59:21.197,1716483561197,NH-DC-NM129-B05-ROCE-Leaf-3.GPU.S9825,FourHundredGigE1/0/43,71767,264931302,0,0,0.63,0
2024/05/24 星期五 00:59:21.803,1716483561803,NH-DC-NM129-B05-ROCE-Leaf-3.GPU.S9825,FourHundredGigE1/0/43,0,0,0,0,0,0
2024/05/24 星期五 00:59:22.385,1716483562385,NH-DC-NM129-B05-ROCE-Leaf-3.GPU.S9825,FourHundredGigE1/0/43,94732,351832412,7833,23353514,0.75,0.04
2024/05/24 星期五 00:59:22.911,1716483562911,NH-DC-NM129-B05-ROCE-Leaf-3.GPU.S9825,FourHundredGigE1/0/43,0,0,0,0,0,0
2024/05/24 星期五 00:59:23.428,1716483563428,NH-DC-NM129-B05-ROCE-Leaf-3.GPU.S9825,FourHundredGigE1/0/43,341520,1324222280,268790,1106726244,3.19,2.66
2024/05/24 星期五 00:59:24.405,1716483564405,NH-DC-NM129-B05-ROCE-Leaf-3.GPU.S9825,FourHundredGigE1/0/43,106205,162534658,13511,1100678,0.20,0
2024/05/24 星期五 00:59:24.966,1716483564966,NH-DC-NM129-B05-ROCE-Leaf-3.GPU.S9825,FourHundredGigE1/0/43,0,0,0,0,0,0
2024/05/24 星期五 00:59:25.506,1716483565506,NH-DC-NM129-B05-ROCE-Leaf-3.GPU.S9825,FourHundredGigE1/0/43,34781,104953362,10155,23541130,0.23,0.05
2024/05/24 星期五 00:59:26.044,1716483566044,NH-DC-NM129-B05-ROCE-Leaf-3.GPU.S9825,FourHundredGigE1/0/43,0,0,0,0,0,0
2024/05/24 星期五 00:59:26.545,1716483566545,NH-DC-NM129-B05-ROCE-Leaf-3.GPU.S9825,FourHundredGigE1/0/43,23261,83029842,24471,42986078,0.20,0.10
2024/05/24 星期五 00:59:27.242,1716483567242,NH-DC-NM129-B05-ROCE-Leaf-3.GPU.S9825,FourHundredGigE1/0/43,119352,459571560,284940,1104919692,0.81,1.97
2024/05/24 星期五 00:59:27.809,1716483567809,NH-DC-NM129-B05-ROCE-Leaf-3.GPU.S9825,FourHundredGigE1/0/43,0,0,0,0,0,0
2024/05/24 星期五 00:59:28.444,1716483568444,NH-DC-NM129-B05-ROCE-Leaf-3.GPU.S9825,FourHundredGigE1/0/43,7066,15999960,15834,49138952,0.02,0.08
2024/05/24 星期五 00:59:29.014,1716483569014,NH-DC-NM129-B05-ROCE-Leaf-3.GPU.S9825,FourHundredGigE1/0/43,10199,825374,21128,72212432,0,0.15
2024/05/24 星期五 00:59:29.622,1716483569622,NH-DC-NM129-B05-ROCE-Leaf-3.GPU.S9825,FourHundredGigE1/0/43,0,0,0,0,0,0
2024/05/24 星期五 00:59:30.338,1716483570338,NH-DC-NM129-B05-ROCE-Leaf-3.GPU.S9825,FourHundredGigE1/0/43,189624,751986480,140704,557633276,1.31,0.96
2024/05/24 星期五 00:59:30.937,1716483570937,NH-DC-NM129-B05-ROCE-Leaf-3.GPU.S9825,FourHundredGigE1/0/43,0,0,0,0,0,0
2024/05/24 星期五 00:59:31.537,1716483571537,NH-DC-NM129-B05-ROCE-Leaf-3.GPU.S9825,FourHundredGigE1/0/43,52701,200767318,4734,2470444,0.42,0
2024/05/24 星期五 00:59:32.641,1716483572641,NH-DC-NM129-B05-ROCE-Leaf-3.GPU.S9825,FourHundredGigE1/0/43,71622,275499260,42433,153340878,0.31,0.17
2024/05/24 星期五 00:59:33.143,1716483573143,NH-DC-NM129-B05-ROCE-Leaf-3.GPU.S9825,FourHundredGigE1/0/43,9921,12137498,14342,20174816,0.02,0.05
2024/05/24 星期五 00:59:34.016,1716483574016,NH-DC-NM129-B05-ROCE-Leaf-3.GPU.S9825,FourHundredGigE1/0/43,277685,1126038934,285423,1135430862,1.60,1.62
2024/05/24 星期五 00:59:34.768,1716483574768,NH-DC-NM129-B05-ROCE-Leaf-3.GPU.S9825,FourHundredGigE1/0/43,0,0,0,0,0,0
2024/05/24 星期五 00:59:35.313,1716483575313,NH-DC-NM129-B05-ROCE-Leaf-3.GPU.S9825,FourHundredGigE1/0/43,24512,71137760,19850,60948196,0.16,0.14
2024/05/24 星期五 00:59:35.858,1716483575858,NH-DC-NM129-B05-ROCE-Leaf-3.GPU.S9825,FourHundredGigE1/0/43,0,0,0,0,0,0
2024/05/24 星期五 00:59:36.432,1716483576432,NH-DC-NM129-B05-ROCE-Leaf-3.GPU.S9825,FourHundredGigE1/0/43,43939,133231314,23603,69948254,0.28,0.13
2024/05/24 星期五 00:59:37.060,1716483577060,NH-DC-NM129-B05-ROCE-Leaf-3.GPU.S9825,FourHundredGigE1/0/43,34343,118650518,201354,795167480,0.22,1.57
2024/05/24 星期五 00:59:37.685,1716483577685,NH-DC-NM129-B05-ROCE-Leaf-3.GPU.S9825,FourHundredGigE1/0/43,0,0,0,0,0,0
2024/05/24 星期五 00:59:38.198,1716483578198,NH-DC-NM129-B05-ROCE-Leaf-3.GPU.S9825,FourHundredGigE1/0/43,116903,475248558,98785,401581170,1.15,0.97
2024/05/24 星期五 00:59:38.755,1716483578755,NH-DC-NM129-B05-ROCE-Leaf-3.GPU.S9825,FourHundredGigE1/0/43,0,0,0,0,0,0
2024/05/24 星期五 00:59:39.367,1716483579367,NH-DC-NM129-B05-ROCE-Leaf-3.GPU.S9825,FourHundredGigE1/0/43,2621,213994,16205,51053322,0,0.10
2024/05/24 星期五 00:59:39.907,1716483579907,NH-DC-NM129-B05-ROCE-Leaf-3.GPU.S9825,FourHundredGigE1/0/43,7362,0,30116,0,0,0
2024/05/24 星期五 00:59:41.375,1716483581375,NH-DC-NM129-B05-ROCE-Leaf-3.GPU.S9825,FourHundredGigE1/0/43,5245,32604117,254714,1134665684,0.03,0.96
2024/05/24 星期五 00:59:41.917,1716483581917,NH-DC-NM129-B05-ROCE-Leaf-3.GPU.S9825,FourHundredGigE1/0/43,0,0,0,0,0,0
2024/05/24 星期五 00:59:42.417,1716483582417,NH-DC-NM129-B05-ROCE-Leaf-3.GPU.S9825,FourHundredGigE1/0/43,12220,34230296,13933,36636502,0.08,0.08
2024/05/24 星期五 00:59:42.947,1716483582947,NH-DC-NM129-B05-ROCE-Leaf-3.GPU.S9825,FourHundredGigE1/0/43,0,0,0,0,0,0
2024/05/24 星期五 00:59:43.447,1716483583447,NH-DC-NM129-B05-ROCE-Leaf-3.GPU.S9825,FourHundredGigE1/0/43,2664,6821432,28296,94615592,0,0.22
2024/05/24 星期五 00:59:44.199,1716483584199,NH-DC-NM129-B05-ROCE-Leaf-3.GPU.S9825,FourHundredGigE1/0/43,38767,130471074,28230,103089220,0.22,0.17
2024/05/24 星期五 00:59:44.779,1716483584779,NH-DC-NM129-B05-ROCE-Leaf-3.GPU.S9825,FourHundredGigE1/0/43,0,0,0,0,0,0
2024/05/24 星期五 00:59:45.374,1716483585374,NH-DC-NM129-B05-ROCE-Leaf-3.GPU.S9825,FourHundredGigE1/0/43,334926,1283728304,354629,1395478138,2.69,2.92
2024/05/24 星期五 00:59:47.276,1716483587276,NH-DC-NM129-B05-ROCE-Leaf-3.GPU.S9825,FourHundredGigE1/0/43,52385,187371026,59828,192031500,0.12,0.12
2024/05/24 星期五 00:59:48.164,1716483588164,NH-DC-NM129-B05-ROCE-Leaf-3.GPU.S9825,FourHundredGigE1/0/43,389216,1590028064,37628,117566732,2.24,0.15
2024/05/24 星期五 00:59:48.689,1716483588689,NH-DC-NM129-B05-ROCE-Leaf-3.GPU.S9825,FourHundredGigE1/0/43,0,0,0,0,0,0
2024/05/24 星期五 00:59:49.303,1716483589303,NH-DC-NM129-B05-ROCE-Leaf-3.GPU.S9825,FourHundredGigE1/0/43,27208,73110852,46964,174095744,0.14,0.35
2024/05/24 星期五 00:59:49.922,1716483589922,NH-DC-NM129-B05-ROCE-Leaf-3.GPU.S9825,FourHundredGigE1/0/43,0,0,0,0,0,0
2024/05/24 星期五 00:59:50.460,1716483590460,NH-DC-NM129-B05-ROCE-Leaf-3.GPU.S9825,FourHundredGigE1/0/43,12802,34602164,5834,13255752,0.07,0.02
2024/05/24 星期五 00:59:51.135,1716483591135,NH-DC-NM129-B05-ROCE-Leaf-3.GPU.S9825,FourHundredGigE1/0/43,74646,272963676,160006,615415060,0.5,1.13
2024/05/24 星期五 00:59:51.791,1716483591791,NH-DC-NM129-B05-ROCE-Leaf-3.GPU.S9825,FourHundredGigE1/0/43,0,0,0,0,0,0
2024/05/24 星期五 00:59:52.362,1716483592362,NH-DC-NM129-B05-ROCE-Leaf-3.GPU.S9825,FourHundredGigE1/0/43,199951,812073190,340130,1344455004,1.77,2.93
2024/05/24 星期五 00:59:52.877,1716483592877,NH-DC-NM129-B05-ROCE-Leaf-3.GPU.S9825,FourHundredGigE1/0/43,0,0,0,0,0,0
2024/05/24 星期五 00:59:53.445,1716483593445,NH-DC-NM129-B05-ROCE-Leaf-3.GPU.S9825,FourHundredGigE1/0/43,62534,221557732,24442,68540848,0.48,0.13
2024/05/24 星期五 00:59:53.947,1716483593947,NH-DC-NM129-B05-ROCE-Leaf-3.GPU.S9825,FourHundredGigE1/0/43,0,0,0,0,0,0
2024/05/24 星期五 00:59:54.448,1716483594448,NH-DC-NM129-B05-ROCE-Leaf-3.GPU.S9825,FourHundredGigE1/0/43,18367,60825406,33316,114126776,0.15,0.27
2024/05/24 星期五 00:59:55.432,1716483595432,NH-DC-NM129-B05-ROCE-Leaf-3.GPU.S9825,FourHundredGigE1/0/43,205024,799376800,102165,381098550,1.00,0.48
2024/05/24 星期五 00:59:55.989,1716483595989,NH-DC-NM129-B05-ROCE-Leaf-3.GPU.S9825,FourHundredGigE1/0/43,40307,127781390,20694,59063720,0.27,0.11
2024/05/24 星期五 00:59:56.582,1716483596582,NH-DC-NM129-B05-ROCE-Leaf-3.GPU.S9825,FourHundredGigE1/0/43,0,0,0,0,0,0
2024/05/24 星期五 00:59:57.134,1716483597134,NH-DC-NM129-B05-ROCE-Leaf-3.GPU.S9825,FourHundredGigE1/0/43,40275,141029986,12031,35246250,0.32,0.07
2024/05/24 星期五 00:59:57.667,1716483597667,NH-DC-NM129-B05-ROCE-Leaf-3.GPU.S9825,FourHundredGigE1/0/43,0,0,0,0,0,0
2024/05/24 星期五 00:59:58.412,1716483598412,NH-DC-NM129-B05-ROCE-Leaf-3.GPU.S9825,FourHundredGigE1/0/43,19018,47469832,14171,24241362,0.07,0.03
2024/05/24 星期五 00:59:59.039,1716483599039,NH-DC-NM129-B05-ROCE-Leaf-3.GPU.S9825,FourHundredGigE1/0/43,19318,52579456,634542,2610687832,0.10,5.20
2024/05/24 星期五 00:59:59.614,1716483599614,NH-DC-NM129-B05-ROCE-Leaf-3.GPU.S9825,FourHundredGigE1/0/43,0,0,0,0,0,0
