SaveTime,SaveTimeUTC,DeviceName,PortName,InPkts,InOctets,OutPkts,OutOctets,InRatio,OutRatio
2024/05/24 星期五 00:00:00.810,1716480000810,NH-DC-NM224-J08-ROCE-ST-leaf-4.GPU.S9825,FourHundredGigE1/0/31,0,0,0,0,0,0
2024/05/24 星期五 00:00:01.324,1716480001324,NH-DC-NM224-J08-ROCE-ST-leaf-4.GPU.S9825,FourHundredGigE1/0/31,3083,996832,2663,973379,0,0
2024/05/24 星期五 00:04:08.592,1716480248592,NH-DC-NM224-J08-ROCE-ST-leaf-4.GPU.S9825,FourHundredGigE1/0/31,504649,173218607,514530,174205102,0.00,0.00
2024/05/24 星期五 00:04:13.169,1716480253169,NH-DC-NM224-J08-ROCE-ST-leaf-4.GPU.S9825,FourHundredGigE1/0/31,8529,2830672,8026,2802660,0,0
2024/05/24 星期五 00:04:13.669,1716480253669,NH-DC-NM224-J08-ROCE-ST-leaf-4.GPU.S9825,FourHundredGigE1/0/31,2205,716838,1960,703185,0,0
2024/05/24 星期五 00:04:14.169,1716480254169,NH-DC-NM224-J08-ROCE-ST-leaf-4.GPU.S9825,FourHundredGigE1/0/31,0,0,0,0,0,0
2024/05/24 星期五 00:04:14.669,1716480254669,NH-DC-NM224-J08-ROCE-ST-leaf-4.GPU.S9825,FourHundredGigE1/0/31,1690,604316,1895,615214,0,0
2024/05/24 星期五 00:04:15.171,1716480255171,NH-DC-NM224-J08-ROCE-ST-leaf-4.GPU.S9825,FourHundredGigE1/0/31,0,0,0,0,0,0
2024/05/24 星期五 00:04:15.674,1716480255674,NH-DC-NM224-J08-ROCE-ST-leaf-4.GPU.S9825,FourHundredGigE1/0/31,1647,556380,1632,555540,0,0
2024/05/24 星期五 00:04:16.450,1716480256450,NH-DC-NM224-J08-ROCE-ST-leaf-4.GPU.S9825,FourHundredGigE1/0/31,2463,811886,2256,800555,0,0
2024/05/24 星期五 00:04:16.953,1716480256953,NH-DC-NM224-J08-ROCE-ST-leaf-4.GPU.S9825,FourHundredGigE1/0/31,0,0,0,0,0,0
2024/05/24 星期五 00:04:17.457,1716480257457,NH-DC-NM224-J08-ROCE-ST-leaf-4.GPU.S9825,FourHundredGigE1/0/31,950,364064,1284,383223,0,0
2024/05/24 星期五 00:04:17.978,1716480257978,NH-DC-NM224-J08-ROCE-ST-leaf-4.GPU.S9825,FourHundredGigE1/0/31,0,0,0,0,0,0
2024/05/24 星期五 00:04:18.482,1716480258482,NH-DC-NM224-J08-ROCE-ST-leaf-4.GPU.S9825,FourHundredGigE1/0/31,1862,649480,1976,655898,0,0
2024/05/24 星期五 00:04:18.982,1716480258982,NH-DC-NM224-J08-ROCE-ST-leaf-4.GPU.S9825,FourHundredGigE1/0/31,0,0,0,0,0,0
2024/05/24 星期五 00:04:19.485,1716480259485,NH-DC-NM224-J08-ROCE-ST-leaf-4.GPU.S9825,FourHundredGigE1/0/31,3765,1155450,2799,1100772,0,0
2024/05/24 星期五 00:04:19.987,1716480259987,NH-DC-NM224-J08-ROCE-ST-leaf-4.GPU.S9825,FourHundredGigE1/0/31,0,0,0,0,0,0
2024/05/24 星期五 00:04:20.490,1716480260490,NH-DC-NM224-J08-ROCE-ST-leaf-4.GPU.S9825,FourHundredGigE1/0/31,1158,472056,1732,504267,0,0
2024/05/24 星期五 00:04:21.012,1716480261012,NH-DC-NM224-J08-ROCE-ST-leaf-4.GPU.S9825,FourHundredGigE1/0/31,0,0,0,0,0,0
2024/05/24 星期五 00:04:21.531,1716480261531,NH-DC-NM224-J08-ROCE-ST-leaf-4.GPU.S9825,FourHundredGigE1/0/31,1483,548080,1805,566373,0,0
2024/05/24 星期五 00:04:22.033,1716480262033,NH-DC-NM224-J08-ROCE-ST-leaf-4.GPU.S9825,FourHundredGigE1/0/31,0,0,0,0,0,0
2024/05/24 星期五 00:04:22.534,1716480262534,NH-DC-NM224-J08-ROCE-ST-leaf-4.GPU.S9825,FourHundredGigE1/0/31,2717,883926,2397,866200,0,0
2024/05/24 星期五 00:04:23.033,1716480263033,NH-DC-NM224-J08-ROCE-ST-leaf-4.GPU.S9825,FourHundredGigE1/0/31,0,0,0,0,0,0
2024/05/24 星期五 00:04:23.532,1716480263532,NH-DC-NM224-J08-ROCE-ST-leaf-4.GPU.S9825,FourHundredGigE1/0/31,1902,633302,1809,628355,0,0
2024/05/24 星期五 00:04:24.033,1716480264033,NH-DC-NM224-J08-ROCE-ST-leaf-4.GPU.S9825,FourHundredGigE1/0/31,0,0,0,0,0,0
2024/05/24 星期五 00:04:24.536,1716480264536,NH-DC-NM224-J08-ROCE-ST-leaf-4.GPU.S9825,FourHundredGigE1/0/31,1743,561294,1527,548616,0,0
2024/05/24 星期五 00:04:25.033,1716480265033,NH-DC-NM224-J08-ROCE-ST-leaf-4.GPU.S9825,FourHundredGigE1/0/31,0,0,0,0,0,0
2024/05/24 星期五 00:04:25.533,1716480265533,NH-DC-NM224-J08-ROCE-ST-leaf-4.GPU.S9825,FourHundredGigE1/0/31,951,371988,1332,393324,0,0
2024/05/24 星期五 00:04:26.034,1716480266034,NH-DC-NM224-J08-ROCE-ST-leaf-4.GPU.S9825,FourHundredGigE1/0/31,0,0,0,0,0,0
2024/05/24 星期五 00:04:26.537,1716480266537,NH-DC-NM224-J08-ROCE-ST-leaf-4.GPU.S9825,FourHundredGigE1/0/31,2948,928398,2383,897019,0,0
2024/05/24 星期五 00:04:27.038,1716480267038,NH-DC-NM224-J08-ROCE-ST-leaf-4.GPU.S9825,FourHundredGigE1/0/31,0,0,0,0,0,0
2024/05/24 星期五 00:04:27.546,1716480267546,NH-DC-NM224-J08-ROCE-ST-leaf-4.GPU.S9825,FourHundredGigE1/0/31,1747,594838,1760,595827,0,0
2024/05/24 星期五 00:04:28.047,1716480268047,NH-DC-NM224-J08-ROCE-ST-leaf-4.GPU.S9825,FourHundredGigE1/0/31,0,0,0,0,0,0
2024/05/24 星期五 00:04:28.545,1716480268545,NH-DC-NM224-J08-ROCE-ST-leaf-4.GPU.S9825,FourHundredGigE1/0/31,1139,415404,1375,428848,0,0
2024/05/24 星期五 00:04:29.047,1716480269047,NH-DC-NM224-J08-ROCE-ST-leaf-4.GPU.S9825,FourHundredGigE1/0/31,0,0,0,0,0,0
2024/05/24 星期五 00:04:29.549,1716480269549,NH-DC-NM224-J08-ROCE-ST-leaf-4.GPU.S9825,FourHundredGigE1/0/31,1933,653840,1898,651298,0,0
2024/05/24 星期五 00:04:30.050,1716480270050,NH-DC-NM224-J08-ROCE-ST-leaf-4.GPU.S9825,FourHundredGigE1/0/31,0,0,0,0,0,0
2024/05/24 星期五 00:04:30.549,1716480270549,NH-DC-NM224-J08-ROCE-ST-leaf-4.GPU.S9825,FourHundredGigE1/0/31,1112,448894,1637,478361,0,0
2024/05/24 星期五 00:04:31.070,1716480271070,NH-DC-NM224-J08-ROCE-ST-leaf-4.GPU.S9825,FourHundredGigE1/0/31,0,0,0,0,0,0
2024/05/24 星期五 00:04:31.573,1716480271573,NH-DC-NM224-J08-ROCE-ST-leaf-4.GPU.S9825,FourHundredGigE1/0/31,2225,756510,2206,755707,0,0
2024/05/24 星期五 00:04:32.073,1716480272073,NH-DC-NM224-J08-ROCE-ST-leaf-4.GPU.S9825,FourHundredGigE1/0/31,0,0,0,0,0,0
2024/05/24 星期五 00:04:32.576,1716480272576,NH-DC-NM224-J08-ROCE-ST-leaf-4.GPU.S9825,FourHundredGigE1/0/31,2487,797024,2120,776666,0,0
2024/05/24 星期五 00:04:33.077,1716480273077,NH-DC-NM224-J08-ROCE-ST-leaf-4.GPU.S9825,FourHundredGigE1/0/31,0,0,0,0,0,0
2024/05/24 星期五 00:04:33.577,1716480273577,NH-DC-NM224-J08-ROCE-ST-leaf-4.GPU.S9825,FourHundredGigE1/0/31,2354,793518,2281,789691,0,0
2024/05/24 星期五 00:04:34.080,1716480274080,NH-DC-NM224-J08-ROCE-ST-leaf-4.GPU.S9825,FourHundredGigE1/0/31,0,0,0,0,0,0
2024/05/24 星期五 00:04:34.581,1716480274581,NH-DC-NM224-J08-ROCE-ST-leaf-4.GPU.S9825,FourHundredGigE1/0/31,2133,713658,2031,707364,0,0
2024/05/24 星期五 00:04:35.082,1716480275082,NH-DC-NM224-J08-ROCE-ST-leaf-4.GPU.S9825,FourHundredGigE1/0/31,0,0,0,0,0,0
2024/05/24 星期五 00:04:35.586,1716480275586,NH-DC-NM224-J08-ROCE-ST-leaf-4.GPU.S9825,FourHundredGigE1/0/31,1671,568236,1680,568740,0,0
2024/05/24 星期五 00:04:36.085,1716480276085,NH-DC-NM224-J08-ROCE-ST-leaf-4.GPU.S9825,FourHundredGigE1/0/31,0,0,0,0,0,0
2024/05/24 星期五 00:04:36.586,1716480276586,NH-DC-NM224-J08-ROCE-ST-leaf-4.GPU.S9825,FourHundredGigE1/0/31,2976,908504,2209,866179,0,0
2024/05/24 星期五 00:04:37.085,1716480277085,NH-DC-NM224-J08-ROCE-ST-leaf-4.GPU.S9825,FourHundredGigE1/0/31,0,0,0,0,0,0
2024/05/24 星期五 00:04:37.611,1716480277611,NH-DC-NM224-J08-ROCE-ST-leaf-4.GPU.S9825,FourHundredGigE1/0/31,2320,770590,2171,762507,0,0
2024/05/24 星期五 00:04:38.113,1716480278113,NH-DC-NM224-J08-ROCE-ST-leaf-4.GPU.S9825,FourHundredGigE1/0/31,0,0,0,0,0,0
2024/05/24 星期五 00:04:38.613,1716480278613,NH-DC-NM224-J08-ROCE-ST-leaf-4.GPU.S9825,FourHundredGigE1/0/31,1341,484094,1566,496922,0,0
2024/05/24 星期五 00:04:39.114,1716480279114,NH-DC-NM224-J08-ROCE-ST-leaf-4.GPU.S9825,FourHundredGigE1/0/31,0,0,0,0,0,0
2024/05/24 星期五 00:04:39.615,1716480279615,NH-DC-NM224-J08-ROCE-ST-leaf-4.GPU.S9825,FourHundredGigE1/0/31,2292,766362,2172,759060,0,0
2024/05/24 星期五 00:04:40.128,1716480280128,NH-DC-NM224-J08-ROCE-ST-leaf-4.GPU.S9825,FourHundredGigE1/0/31,0,0,0,0,0,0
2024/05/24 星期五 00:04:40.632,1716480280632,NH-DC-NM224-J08-ROCE-ST-leaf-4.GPU.S9825,FourHundredGigE1/0/31,1031,405459,1457,434220,0,0
2024/05/24 星期五 00:04:41.133,1716480281133,NH-DC-NM224-J08-ROCE-ST-leaf-4.GPU.S9825,FourHundredGigE1/0/31,0,0,0,0,0,0
2024/05/24 星期五 00:04:41.634,1716480281634,NH-DC-NM224-J08-ROCE-ST-leaf-4.GPU.S9825,FourHundredGigE1/0/31,2228,741786,2101,734935,0,0
2024/05/24 星期五 00:04:42.137,1716480282137,NH-DC-NM224-J08-ROCE-ST-leaf-4.GPU.S9825,FourHundredGigE1/0/31,0,0,0,0,0,0
2024/05/24 星期五 00:04:42.637,1716480282637,NH-DC-NM224-J08-ROCE-ST-leaf-4.GPU.S9825,FourHundredGigE1/0/31,1849,648730,1987,656652,0,0
2024/05/24 星期五 00:04:43.139,1716480283139,NH-DC-NM224-J08-ROCE-ST-leaf-4.GPU.S9825,FourHundredGigE1/0/31,0,0,0,0,0,0
2024/05/24 星期五 00:04:43.635,1716480283635,NH-DC-NM224-J08-ROCE-ST-leaf-4.GPU.S9825,FourHundredGigE1/0/31,1337,486030,1582,500011,0,0
2024/05/24 星期五 00:04:44.137,1716480284137,NH-DC-NM224-J08-ROCE-ST-leaf-4.GPU.S9825,FourHundredGigE1/0/31,0,0,0,0,0,0
2024/05/24 星期五 00:04:44.640,1716480284640,NH-DC-NM224-J08-ROCE-ST-leaf-4.GPU.S9825,FourHundredGigE1/0/31,1040,404542,1426,425576,0,0
2024/05/24 星期五 00:04:45.142,1716480285142,NH-DC-NM224-J08-ROCE-ST-leaf-4.GPU.S9825,FourHundredGigE1/0/31,0,0,0,0,0,0
2024/05/24 星期五 00:04:47.066,1716480287066,NH-DC-NM224-J08-ROCE-ST-leaf-4.GPU.S9825,FourHundredGigE1/0/31,4703,1555650,4351,1536199,0,0
2024/05/24 星期五 00:04:48.110,1716480288110,NH-DC-NM224-J08-ROCE-ST-leaf-4.GPU.S9825,FourHundredGigE1/0/31,2686,861403,2339,863533,0,0
2024/05/24 星期五 00:04:48.614,1716480288614,NH-DC-NM224-J08-ROCE-ST-leaf-4.GPU.S9825,FourHundredGigE1/0/31,1958,693491,2150,705829,0,0
2024/05/24 星期五 00:04:49.868,1716480289868,NH-DC-NM224-J08-ROCE-ST-leaf-4.GPU.S9825,FourHundredGigE1/0/31,2230,724784,1973,709810,0,0
2024/05/24 星期五 00:04:50.366,1716480290366,NH-DC-NM224-J08-ROCE-ST-leaf-4.GPU.S9825,FourHundredGigE1/0/31,1487,519388,1601,525839,0,0
2024/05/24 星期五 00:04:50.865,1716480290865,NH-DC-NM224-J08-ROCE-ST-leaf-4.GPU.S9825,FourHundredGigE1/0/31,0,0,0,0,0,0
2024/05/24 星期五 00:04:51.365,1716480291365,NH-DC-NM224-J08-ROCE-ST-leaf-4.GPU.S9825,FourHundredGigE1/0/31,0,0,0,0,0,0
2024/05/24 星期五 00:04:51.867,1716480291867,NH-DC-NM224-J08-ROCE-ST-leaf-4.GPU.S9825,FourHundredGigE1/0/31,2333,813032,2469,823431,0,0
2024/05/24 星期五 00:04:52.371,1716480292371,NH-DC-NM224-J08-ROCE-ST-leaf-4.GPU.S9825,FourHundredGigE1/0/31,0,0,0,0,0,0
2024/05/24 星期五 00:04:52.874,1716480292874,NH-DC-NM224-J08-ROCE-ST-leaf-4.GPU.S9825,FourHundredGigE1/0/31,0,0,0,0,0,0
2024/05/24 星期五 00:04:53.378,1716480293378,NH-DC-NM224-J08-ROCE-ST-leaf-4.GPU.S9825,FourHundredGigE1/0/31,3598,1161102,3097,1135198,0,0
2024/05/24 星期五 00:04:53.881,1716480293881,NH-DC-NM224-J08-ROCE-ST-leaf-4.GPU.S9825,FourHundredGigE1/0/31,0,0,0,0,0,0
2024/05/24 星期五 00:04:54.382,1716480294382,NH-DC-NM224-J08-ROCE-ST-leaf-4.GPU.S9825,FourHundredGigE1/0/31,2814,962602,2853,960021,0,0
2024/05/24 星期五 00:04:54.881,1716480294881,NH-DC-NM224-J08-ROCE-ST-leaf-4.GPU.S9825,FourHundredGigE1/0/31,0,0,0,0,0,0
2024/05/24 星期五 00:04:55.383,1716480295383,NH-DC-NM224-J08-ROCE-ST-leaf-4.GPU.S9825,FourHundredGigE1/0/31,2410,761689,1990,743014,0,0
2024/05/24 星期五 00:04:55.885,1716480295885,NH-DC-NM224-J08-ROCE-ST-leaf-4.GPU.S9825,FourHundredGigE1/0/31,0,0,0,0,0,0
2024/05/24 星期五 00:04:56.383,1716480296383,NH-DC-NM224-J08-ROCE-ST-leaf-4.GPU.S9825,FourHundredGigE1/0/31,1560,557210,1761,568727,0,0
2024/05/24 星期五 00:04:56.885,1716480296885,NH-DC-NM224-J08-ROCE-ST-leaf-4.GPU.S9825,FourHundredGigE1/0/31,0,0,0,0,0,0
2024/05/24 星期五 00:04:57.758,1716480297758,NH-DC-NM224-J08-ROCE-ST-leaf-4.GPU.S9825,FourHundredGigE1/0/31,1338,473376,1492,482067,0,0
2024/05/24 星期五 00:04:58.267,1716480298267,NH-DC-NM224-J08-ROCE-ST-leaf-4.GPU.S9825,FourHundredGigE1/0/31,0,0,0,0,0,0
2024/05/24 星期五 00:04:58.765,1716480298765,NH-DC-NM224-J08-ROCE-ST-leaf-4.GPU.S9825,FourHundredGigE1/0/31,2195,752678,2226,754836,0,0
2024/05/24 星期五 00:04:59.279,1716480299279,NH-DC-NM224-J08-ROCE-ST-leaf-4.GPU.S9825,FourHundredGigE1/0/31,1247,480520,1660,503066,0,0
2024/05/24 星期五 00:04:59.793,1716480299793,NH-DC-NM224-J08-ROCE-ST-leaf-4.GPU.S9825,FourHundredGigE1/0/31,0,0,0,0,0,0
2024/05/24 星期五 00:05:00.293,1716480300293,NH-DC-NM224-J08-ROCE-ST-leaf-4.GPU.S9825,FourHundredGigE1/0/31,1165,469035,1708,504311,0,0
2024/05/24 星期五 00:05:00.795,1716480300795,NH-DC-NM224-J08-ROCE-ST-leaf-4.GPU.S9825,FourHundredGigE1/0/31,0,0,0,0,0,0
2024/05/24 星期五 00:05:01.297,1716480301297,NH-DC-NM224-J08-ROCE-ST-leaf-4.GPU.S9825,FourHundredGigE1/0/31,0,0,0,0,0,0
2024/05/24 星期五 00:05:01.797,1716480301797,NH-DC-NM224-J08-ROCE-ST-leaf-4.GPU.S9825,FourHundredGigE1/0/31,2050,665242,1823,652791,0,0
2024/05/24 星期五 00:05:02.297,1716480302297,NH-DC-NM224-J08-ROCE-ST-leaf-4.GPU.S9825,FourHundredGigE1/0/31,1295,492438,1683,514360,0,0
2024/05/24 星期五 00:05:02.798,1716480302798,NH-DC-NM224-J08-ROCE-ST-leaf-4.GPU.S9825,FourHundredGigE1/0/31,0,0,0,0,0,0
2024/05/24 星期五 00:05:03.298,1716480303298,NH-DC-NM224-J08-ROCE-ST-leaf-4.GPU.S9825,FourHundredGigE1/0/31,2045,0,1903,0,0,0
2024/05/24 星期五 00:05:03.805,1716480303805,NH-DC-NM224-J08-ROCE-ST-leaf-4.GPU.S9825,FourHundredGigE1/0/31,0,675912,0,668221,0,0
2024/05/24 星期五 00:05:04.305,1716480304305,NH-DC-NM224-J08-ROCE-ST-leaf-4.GPU.S9825,FourHundredGigE1/0/31,2960,933418,2392,901028,0,0
2024/05/24 星期五 00:05:04.828,1716480304828,NH-DC-NM224-J08-ROCE-ST-leaf-4.GPU.S9825,FourHundredGigE1/0/31,0,0,0,0,0,0
2024/05/24 星期五 00:05:05.329,1716480305329,NH-DC-NM224-J08-ROCE-ST-leaf-4.GPU.S9825,FourHundredGigE1/0/31,1817,633352,1924,639344,0,0
2024/05/24 星期五 00:05:05.829,1716480305829,NH-DC-NM224-J08-ROCE-ST-leaf-4.GPU.S9825,FourHundredGigE1/0/31,0,0,0,0,0,0
2024/05/24 星期五 00:05:06.330,1716480306330,NH-DC-NM224-J08-ROCE-ST-leaf-4.GPU.S9825,FourHundredGigE1/0/31,2251,749644,2124,743159,0,0
2024/05/24 星期五 00:05:06.848,1716480306848,NH-DC-NM224-J08-ROCE-ST-leaf-4.GPU.S9825,FourHundredGigE1/0/31,0,0,0,0,0,0
2024/05/24 星期五 00:05:07.349,1716480307349,NH-DC-NM224-J08-ROCE-ST-leaf-4.GPU.S9825,FourHundredGigE1/0/31,857,397384,1637,441131,0,0
2024/05/24 星期五 00:05:07.860,1716480307860,NH-DC-NM224-J08-ROCE-ST-leaf-4.GPU.S9825,FourHundredGigE1/0/31,0,0,0,0,0,0
2024/05/24 星期五 00:05:08.362,1716480308362,NH-DC-NM224-J08-ROCE-ST-leaf-4.GPU.S9825,FourHundredGigE1/0/31,1419,507304,1619,518926,0,0
2024/05/24 星期五 00:05:08.863,1716480308863,NH-DC-NM224-J08-ROCE-ST-leaf-4.GPU.S9825,FourHundredGigE1/0/31,0,0,0,0,0,0
2024/05/24 星期五 00:05:09.384,1716480309384,NH-DC-NM224-J08-ROCE-ST-leaf-4.GPU.S9825,FourHundredGigE1/0/31,1325,473500,1504,482942,0,0
2024/05/24 星期五 00:05:09.886,1716480309886,NH-DC-NM224-J08-ROCE-ST-leaf-4.GPU.S9825,FourHundredGigE1/0/31,0,0,0,0,0,0
2024/05/24 星期五 00:05:10.387,1716480310387,NH-DC-NM224-J08-ROCE-ST-leaf-4.GPU.S9825,FourHundredGigE1/0/31,1488,556674,1855,577293,0,0
2024/05/24 星期五 00:05:10.891,1716480310891,NH-DC-NM224-J08-ROCE-ST-leaf-4.GPU.S9825,FourHundredGigE1/0/31,0,0,0,0,0,0
2024/05/24 星期五 00:05:11.393,1716480311393,NH-DC-NM224-J08-ROCE-ST-leaf-4.GPU.S9825,FourHundredGigE1/0/31,0,0,0,0,0,0
2024/05/24 星期五 00:05:11.893,1716480311893,NH-DC-NM224-J08-ROCE-ST-leaf-4.GPU.S9825,FourHundredGigE1/0/31,3958,1308048,3636,1293349,0,0
2024/05/24 星期五 00:05:12.393,1716480312393,NH-DC-NM224-J08-ROCE-ST-leaf-4.GPU.S9825,FourHundredGigE1/0/31,0,0,0,0,0,0
2024/05/24 星期五 00:05:12.898,1716480312898,NH-DC-NM224-J08-ROCE-ST-leaf-4.GPU.S9825,FourHundredGigE1/0/31,1639,541962,1562,537704,0,0
2024/05/24 星期五 00:05:13.398,1716480313398,NH-DC-NM224-J08-ROCE-ST-leaf-4.GPU.S9825,FourHundredGigE1/0/31,0,0,0,0,0,0
2024/05/24 星期五 00:05:13.901,1716480313901,NH-DC-NM224-J08-ROCE-ST-leaf-4.GPU.S9825,FourHundredGigE1/0/31,0,0,0,0,0,0
2024/05/24 星期五 00:05:14.405,1716480314405,NH-DC-NM224-J08-ROCE-ST-leaf-4.GPU.S9825,FourHundredGigE1/0/31,3266,1095288,3151,1085617,0,0
2024/05/24 星期五 00:05:14.916,1716480314916,NH-DC-NM224-J08-ROCE-ST-leaf-4.GPU.S9825,FourHundredGigE1/0/31,0,0,0,0,0,0
2024/05/24 星期五 00:05:15.418,1716480315418,NH-DC-NM224-J08-ROCE-ST-leaf-4.GPU.S9825,FourHundredGigE1/0/31,1969,695738,2141,705370,0,0
2024/05/24 星期五 00:05:15.937,1716480315937,NH-DC-NM224-J08-ROCE-ST-leaf-4.GPU.S9825,FourHundredGigE1/0/31,0,0,0,0,0,0
2024/05/24 星期五 00:05:16.437,1716480316437,NH-DC-NM224-J08-ROCE-ST-leaf-4.GPU.S9825,FourHundredGigE1/0/31,1926,650406,1891,648513,0,0
2024/05/24 星期五 00:05:16.937,1716480316937,NH-DC-NM224-J08-ROCE-ST-leaf-4.GPU.S9825,FourHundredGigE1/0/31,0,0,0,0,0,0
2024/05/24 星期五 00:05:17.438,1716480317438,NH-DC-NM224-J08-ROCE-ST-leaf-4.GPU.S9825,FourHundredGigE1/0/31,2261,741882,2056,730663,0,0
2024/05/24 星期五 00:05:17.942,1716480317942,NH-DC-NM224-J08-ROCE-ST-leaf-4.GPU.S9825,FourHundredGigE1/0/31,0,0,0,0,0,0
2024/05/24 星期五 00:05:18.441,1716480318441,NH-DC-NM224-J08-ROCE-ST-leaf-4.GPU.S9825,FourHundredGigE1/0/31,1766,611708,1854,617058,0,0
2024/05/24 星期五 00:05:18.964,1716480318964,NH-DC-NM224-J08-ROCE-ST-leaf-4.GPU.S9825,FourHundredGigE1/0/31,0,0,0,0,0,0
2024/05/24 星期五 00:05:19.466,1716480319466,NH-DC-NM224-J08-ROCE-ST-leaf-4.GPU.S9825,FourHundredGigE1/0/31,1632,557698,1654,558154,0,0
2024/05/24 星期五 00:05:19.967,1716480319967,NH-DC-NM224-J08-ROCE-ST-leaf-4.GPU.S9825,FourHundredGigE1/0/31,0,0,0,0,0,0
2024/05/24 星期五 00:05:20.466,1716480320466,NH-DC-NM224-J08-ROCE-ST-leaf-4.GPU.S9825,FourHundredGigE1/0/31,2843,929088,2533,911989,0,0
2024/05/24 星期五 00:05:20.970,1716480320970,NH-DC-NM224-J08-ROCE-ST-leaf-4.GPU.S9825,FourHundredGigE1/0/31,0,0,0,0,0,0
2024/05/24 星期五 00:05:21.474,1716480321474,NH-DC-NM224-J08-ROCE-ST-leaf-4.GPU.S9825,FourHundredGigE1/0/31,0,0,0,0,0,0
2024/05/24 星期五 00:05:21.977,1716480321977,NH-DC-NM224-J08-ROCE-ST-leaf-4.GPU.S9825,FourHundredGigE1/0/31,2159,766934,2394,782877,0,0
2024/05/24 星期五 00:05:22.479,1716480322479,NH-DC-NM224-J08-ROCE-ST-leaf-4.GPU.S9825,FourHundredGigE1/0/31,0,0,0,0,0,0
2024/05/24 星期五 00:05:22.982,1716480322982,NH-DC-NM224-J08-ROCE-ST-leaf-4.GPU.S9825,FourHundredGigE1/0/31,0,0,0,0,0,0
2024/05/24 星期五 00:05:23.492,1716480323492,NH-DC-NM224-J08-ROCE-ST-leaf-4.GPU.S9825,FourHundredGigE1/0/31,2975,1020680,3002,1024908,0,0
2024/05/24 星期五 00:05:23.993,1716480323993,NH-DC-NM224-J08-ROCE-ST-leaf-4.GPU.S9825,FourHundredGigE1/0/31,0,0,0,0,0,0
2024/05/24 星期五 00:05:24.491,1716480324491,NH-DC-NM224-J08-ROCE-ST-leaf-4.GPU.S9825,FourHundredGigE1/0/31,2107,735514,2267,738915,0,0
2024/05/24 星期五 00:05:24.994,1716480324994,NH-DC-NM224-J08-ROCE-ST-leaf-4.GPU.S9825,FourHundredGigE1/0/31,0,0,0,0,0,0
2024/05/24 星期五 00:05:25.499,1716480325499,NH-DC-NM224-J08-ROCE-ST-leaf-4.GPU.S9825,FourHundredGigE1/0/31,2635,839914,2209,816252,0,0
2024/05/24 星期五 00:05:26.002,1716480326002,NH-DC-NM224-J08-ROCE-ST-leaf-4.GPU.S9825,FourHundredGigE1/0/31,0,0,0,0,0,0
2024/05/24 星期五 00:05:26.502,1716480326502,NH-DC-NM224-J08-ROCE-ST-leaf-4.GPU.S9825,FourHundredGigE1/0/31,1173,439170,1486,456765,0,0
2024/05/24 星期五 00:05:27.003,1716480327003,NH-DC-NM224-J08-ROCE-ST-leaf-4.GPU.S9825,FourHundredGigE1/0/31,0,0,0,0,0,0
2024/05/24 星期五 00:05:27.508,1716480327508,NH-DC-NM224-J08-ROCE-ST-leaf-4.GPU.S9825,FourHundredGigE1/0/31,2488,822046,2291,811275,0,0
2024/05/24 星期五 00:05:28.011,1716480328011,NH-DC-NM224-J08-ROCE-ST-leaf-4.GPU.S9825,FourHundredGigE1/0/31,0,0,0,0,0,0
2024/05/24 星期五 00:05:28.513,1716480328513,NH-DC-NM224-J08-ROCE-ST-leaf-4.GPU.S9825,FourHundredGigE1/0/31,1148,458840,1662,488046,0,0
2024/05/24 星期五 00:05:29.015,1716480329015,NH-DC-NM224-J08-ROCE-ST-leaf-4.GPU.S9825,FourHundredGigE1/0/31,0,0,0,0,0,0
2024/05/24 星期五 00:05:29.517,1716480329517,NH-DC-NM224-J08-ROCE-ST-leaf-4.GPU.S9825,FourHundredGigE1/0/31,1267,443088,1374,448304,0,0
2024/05/24 星期五 00:05:30.018,1716480330018,NH-DC-NM224-J08-ROCE-ST-leaf-4.GPU.S9825,FourHundredGigE1/0/31,0,0,0,0,0,0
2024/05/24 星期五 00:05:30.520,1716480330520,NH-DC-NM224-J08-ROCE-ST-leaf-4.GPU.S9825,FourHundredGigE1/0/31,3184,1011694,2627,980763,0,0
2024/05/24 星期五 00:05:31.019,1716480331019,NH-DC-NM224-J08-ROCE-ST-leaf-4.GPU.S9825,FourHundredGigE1/0/31,0,0,0,0,0,0
2024/05/24 星期五 00:05:31.522,1716480331522,NH-DC-NM224-J08-ROCE-ST-leaf-4.GPU.S9825,FourHundredGigE1/0/31,2001,701026,2132,707055,0,0
2024/05/24 星期五 00:05:32.021,1716480332021,NH-DC-NM224-J08-ROCE-ST-leaf-4.GPU.S9825,FourHundredGigE1/0/31,0,0,0,0,0,0
2024/05/24 星期五 00:05:32.525,1716480332525,NH-DC-NM224-J08-ROCE-ST-leaf-4.GPU.S9825,FourHundredGigE1/0/31,0,0,0,0,0,0
2024/05/24 星期五 00:05:33.035,1716480333035,NH-DC-NM224-J08-ROCE-ST-leaf-4.GPU.S9825,FourHundredGigE1/0/31,1796,695854,2422,736164,0,0
2024/05/24 星期五 00:05:33.537,1716480333537,NH-DC-NM224-J08-ROCE-ST-leaf-4.GPU.S9825,FourHundredGigE1/0/31,0,0,0,0,0,0
2024/05/24 星期五 00:05:34.041,1716480334041,NH-DC-NM224-J08-ROCE-ST-leaf-4.GPU.S9825,FourHundredGigE1/0/31,1657,591550,1862,603291,0,0
2024/05/24 星期五 00:05:34.543,1716480334543,NH-DC-NM224-J08-ROCE-ST-leaf-4.GPU.S9825,FourHundredGigE1/0/31,1002,319480,859,307204,0,0
2024/05/24 星期五 00:05:35.046,1716480335046,NH-DC-NM224-J08-ROCE-ST-leaf-4.GPU.S9825,FourHundredGigE1/0/31,0,0,0,0,0,0
2024/05/24 星期五 00:05:35.547,1716480335547,NH-DC-NM224-J08-ROCE-ST-leaf-4.GPU.S9825,FourHundredGigE1/0/31,2911,945160,2548,925026,0,0
2024/05/24 星期五 00:05:36.045,1716480336045,NH-DC-NM224-J08-ROCE-ST-leaf-4.GPU.S9825,FourHundredGigE1/0/31,0,0,0,0,0,0
2024/05/24 星期五 00:05:36.547,1716480336547,NH-DC-NM224-J08-ROCE-ST-leaf-4.GPU.S9825,FourHundredGigE1/0/31,2171,733330,2121,730963,0,0
2024/05/24 星期五 00:05:37.052,1716480337052,NH-DC-NM224-J08-ROCE-ST-leaf-4.GPU.S9825,FourHundredGigE1/0/31,0,0,0,0,0,0
2024/05/24 星期五 00:05:37.553,1716480337553,NH-DC-NM224-J08-ROCE-ST-leaf-4.GPU.S9825,FourHundredGigE1/0/31,2265,749114,2100,740135,0,0
2024/05/24 星期五 00:05:38.057,1716480338057,NH-DC-NM224-J08-ROCE-ST-leaf-4.GPU.S9825,FourHundredGigE1/0/31,0,0,0,0,0,0
2024/05/24 星期五 00:05:38.561,1716480338561,NH-DC-NM224-J08-ROCE-ST-leaf-4.GPU.S9825,FourHundredGigE1/0/31,952,367702,1307,387810,0,0
2024/05/24 星期五 00:05:39.061,1716480339061,NH-DC-NM224-J08-ROCE-ST-leaf-4.GPU.S9825,FourHundredGigE1/0/31,0,0,0,0,0,0
2024/05/24 星期五 00:05:39.562,1716480339562,NH-DC-NM224-J08-ROCE-ST-leaf-4.GPU.S9825,FourHundredGigE1/0/31,1572,546900,1665,551526,0,0
2024/05/24 星期五 00:05:40.063,1716480340063,NH-DC-NM224-J08-ROCE-ST-leaf-4.GPU.S9825,FourHundredGigE1/0/31,0,0,0,0,0,0
2024/05/24 星期五 00:05:40.564,1716480340564,NH-DC-NM224-J08-ROCE-ST-leaf-4.GPU.S9825,FourHundredGigE1/0/31,2041,708629,2139,719208,0,0
2024/05/24 星期五 00:05:41.062,1716480341062,NH-DC-NM224-J08-ROCE-ST-leaf-4.GPU.S9825,FourHundredGigE1/0/31,0,0,0,0,0,0
2024/05/24 星期五 00:05:41.561,1716480341561,NH-DC-NM224-J08-ROCE-ST-leaf-4.GPU.S9825,FourHundredGigE1/0/31,1008,393138,1399,415101,0,0
2024/05/24 星期五 00:05:42.065,1716480342065,NH-DC-NM224-J08-ROCE-ST-leaf-4.GPU.S9825,FourHundredGigE1/0/31,0,0,0,0,0,0
2024/05/24 星期五 00:05:42.574,1716480342574,NH-DC-NM224-J08-ROCE-ST-leaf-4.GPU.S9825,FourHundredGigE1/0/31,1757,597588,1764,598174,0,0
2024/05/24 星期五 00:05:43.077,1716480343077,NH-DC-NM224-J08-ROCE-ST-leaf-4.GPU.S9825,FourHundredGigE1/0/31,0,0,0,0,0,0
2024/05/24 星期五 00:05:43.580,1716480343580,NH-DC-NM224-J08-ROCE-ST-leaf-4.GPU.S9825,FourHundredGigE1/0/31,3062,1003110,2737,985171,0,0
2024/05/24 星期五 00:05:44.083,1716480344083,NH-DC-NM224-J08-ROCE-ST-leaf-4.GPU.S9825,FourHundredGigE1/0/31,0,0,0,0,0,0
2024/05/24 星期五 00:05:44.582,1716480344582,NH-DC-NM224-J08-ROCE-ST-leaf-4.GPU.S9825,FourHundredGigE1/0/31,1426,516386,1658,528796,0,0
2024/05/24 星期五 00:05:45.085,1716480345085,NH-DC-NM224-J08-ROCE-ST-leaf-4.GPU.S9825,FourHundredGigE1/0/31,0,0,0,0,0,0
2024/05/24 星期五 00:05:45.585,1716480345585,NH-DC-NM224-J08-ROCE-ST-leaf-4.GPU.S9825,FourHundredGigE1/0/31,2731,861818,2238,834404,0,0
2024/05/24 星期五 00:05:46.090,1716480346090,NH-DC-NM224-J08-ROCE-ST-leaf-4.GPU.S9825,FourHundredGigE1/0/31,0,0,0,0,0,0
2024/05/24 星期五 00:05:46.592,1716480346592,NH-DC-NM224-J08-ROCE-ST-leaf-4.GPU.S9825,FourHundredGigE1/0/31,2722,864926,2259,839065,0,0
2024/05/24 星期五 00:05:47.107,1716480347107,NH-DC-NM224-J08-ROCE-ST-leaf-4.GPU.S9825,FourHundredGigE1/0/31,0,0,0,0,0,0
2024/05/24 星期五 00:05:47.618,1716480347618,NH-DC-NM224-J08-ROCE-ST-leaf-4.GPU.S9825,FourHundredGigE1/0/31,2426,782019,2155,788402,0,0
2024/05/24 星期五 00:05:48.126,1716480348126,NH-DC-NM224-J08-ROCE-ST-leaf-4.GPU.S9825,FourHundredGigE1/0/31,0,0,0,0,0,0
2024/05/24 星期五 00:05:48.626,1716480348626,NH-DC-NM224-J08-ROCE-ST-leaf-4.GPU.S9825,FourHundredGigE1/0/31,1777,610867,1845,618483,0,0
2024/05/24 星期五 00:05:49.136,1716480349136,NH-DC-NM224-J08-ROCE-ST-leaf-4.GPU.S9825,FourHundredGigE1/0/31,0,0,0,0,0,0
2024/05/24 星期五 00:05:49.639,1716480349639,NH-DC-NM224-J08-ROCE-ST-leaf-4.GPU.S9825,FourHundredGigE1/0/31,1492,526652,1637,534190,0,0
2024/05/24 星期五 00:05:50.158,1716480350158,NH-DC-NM224-J08-ROCE-ST-leaf-4.GPU.S9825,FourHundredGigE1/0/31,0,0,0,0,0,0
2024/05/24 星期五 00:05:50.661,1716480350661,NH-DC-NM224-J08-ROCE-ST-leaf-4.GPU.S9825,FourHundredGigE1/0/31,1540,580196,1949,603353,0,0
2024/05/24 星期五 00:05:51.182,1716480351182,NH-DC-NM224-J08-ROCE-ST-leaf-4.GPU.S9825,FourHundredGigE1/0/31,0,0,0,0,0,0
2024/05/24 星期五 00:05:51.685,1716480351685,NH-DC-NM224-J08-ROCE-ST-leaf-4.GPU.S9825,FourHundredGigE1/0/31,2208,753360,2206,753315,0,0
2024/05/24 星期五 00:05:52.205,1716480352205,NH-DC-NM224-J08-ROCE-ST-leaf-4.GPU.S9825,FourHundredGigE1/0/31,0,0,0,0,0,0
2024/05/24 星期五 00:05:52.706,1716480352706,NH-DC-NM224-J08-ROCE-ST-leaf-4.GPU.S9825,FourHundredGigE1/0/31,1557,570628,1859,587742,0,0
2024/05/24 星期五 00:05:53.208,1716480353208,NH-DC-NM224-J08-ROCE-ST-leaf-4.GPU.S9825,FourHundredGigE1/0/31,0,0,0,0,0,0
2024/05/24 星期五 00:05:53.722,1716480353722,NH-DC-NM224-J08-ROCE-ST-leaf-4.GPU.S9825,FourHundredGigE1/0/31,2068,701728,2048,700869,0,0
2024/05/24 星期五 00:05:54.223,1716480354223,NH-DC-NM224-J08-ROCE-ST-leaf-4.GPU.S9825,FourHundredGigE1/0/31,3009,988722,2703,971004,0,0
2024/05/24 星期五 00:05:54.725,1716480354725,NH-DC-NM224-J08-ROCE-ST-leaf-4.GPU.S9825,FourHundredGigE1/0/31,0,0,0,0,0,0
2024/05/24 星期五 00:05:55.227,1716480355227,NH-DC-NM224-J08-ROCE-ST-leaf-4.GPU.S9825,FourHundredGigE1/0/31,0,0,0,0,0,0
2024/05/24 星期五 00:05:55.725,1716480355725,NH-DC-NM224-J08-ROCE-ST-leaf-4.GPU.S9825,FourHundredGigE1/0/31,1234,457569,1534,479372,0,0
2024/05/24 星期五 00:05:56.226,1716480356226,NH-DC-NM224-J08-ROCE-ST-leaf-4.GPU.S9825,FourHundredGigE1/0/31,0,0,0,0,0,0
2024/05/24 星期五 00:05:56.726,1716480356726,NH-DC-NM224-J08-ROCE-ST-leaf-4.GPU.S9825,FourHundredGigE1/0/31,1690,582098,1743,584161,0,0
2024/05/24 星期五 00:05:57.830,1716480357830,NH-DC-NM224-J08-ROCE-ST-leaf-4.GPU.S9825,FourHundredGigE1/0/31,1824,627086,1881,631511,0,0
2024/05/24 星期五 00:05:58.341,1716480358341,NH-DC-NM224-J08-ROCE-ST-leaf-4.GPU.S9825,FourHundredGigE1/0/31,1653,592232,1875,604892,0,0
2024/05/24 星期五 00:05:58.842,1716480358842,NH-DC-NM224-J08-ROCE-ST-leaf-4.GPU.S9825,FourHundredGigE1/0/31,0,0,0,0,0,0
2024/05/24 星期五 00:05:59.340,1716480359340,NH-DC-NM224-J08-ROCE-ST-leaf-4.GPU.S9825,FourHundredGigE1/0/31,2182,700634,1874,682804,0,0
2024/05/24 星期五 00:05:59.841,1716480359841,NH-DC-NM224-J08-ROCE-ST-leaf-4.GPU.S9825,FourHundredGigE1/0/31,0,0,0,0,0,0
2024/05/24 星期五 00:06:00.341,1716480360341,NH-DC-NM224-J08-ROCE-ST-leaf-4.GPU.S9825,FourHundredGigE1/0/31,2426,794129,2191,786039,0,0
2024/05/24 星期五 00:06:01.478,1716480361478,NH-DC-NM224-J08-ROCE-ST-leaf-4.GPU.S9825,FourHundredGigE1/0/31,0,0,0,0,0,0
2024/05/24 星期五 00:06:01.981,1716480361981,NH-DC-NM224-J08-ROCE-ST-leaf-4.GPU.S9825,FourHundredGigE1/0/31,2305,863172,2857,897449,0,0
2024/05/24 星期五 00:06:02.481,1716480362481,NH-DC-NM224-J08-ROCE-ST-leaf-4.GPU.S9825,FourHundredGigE1/0/31,0,0,0,0,0,0
2024/05/24 星期五 00:06:02.985,1716480362985,NH-DC-NM224-J08-ROCE-ST-leaf-4.GPU.S9825,FourHundredGigE1/0/31,0,0,0,0,0,0
2024/05/24 星期五 00:06:03.486,1716480363486,NH-DC-NM224-J08-ROCE-ST-leaf-4.GPU.S9825,FourHundredGigE1/0/31,2206,784848,2439,799448,0,0
2024/05/24 星期五 00:06:03.988,1716480363988,NH-DC-NM224-J08-ROCE-ST-leaf-4.GPU.S9825,FourHundredGigE1/0/31,1879,632882,1836,630541,0,0
2024/05/24 星期五 00:06:04.486,1716480364486,NH-DC-NM224-J08-ROCE-ST-leaf-4.GPU.S9825,FourHundredGigE1/0/31,1465,450058,1105,424854,0,0
2024/05/24 星期五 00:06:04.991,1716480364991,NH-DC-NM224-J08-ROCE-ST-leaf-4.GPU.S9825,FourHundredGigE1/0/31,0,0,0,0,0,0
2024/05/24 星期五 00:06:05.493,1716480365493,NH-DC-NM224-J08-ROCE-ST-leaf-4.GPU.S9825,FourHundredGigE1/0/31,0,0,0,0,0,0
2024/05/24 星期五 00:06:05.995,1716480365995,NH-DC-NM224-J08-ROCE-ST-leaf-4.GPU.S9825,FourHundredGigE1/0/31,2439,821532,2365,818619,0,0
2024/05/24 星期五 00:06:06.497,1716480366497,NH-DC-NM224-J08-ROCE-ST-leaf-4.GPU.S9825,FourHundredGigE1/0/31,0,0,0,0,0,0
2024/05/24 星期五 00:06:06.998,1716480366998,NH-DC-NM224-J08-ROCE-ST-leaf-4.GPU.S9825,FourHundredGigE1/0/31,3014,1037724,3058,1042494,0,0
2024/05/24 星期五 00:06:07.500,1716480367500,NH-DC-NM224-J08-ROCE-ST-leaf-4.GPU.S9825,FourHundredGigE1/0/31,0,0,0,0,0,0
2024/05/24 星期五 00:06:08.002,1716480368002,NH-DC-NM224-J08-ROCE-ST-leaf-4.GPU.S9825,FourHundredGigE1/0/31,0,0,0,0,0,0
2024/05/24 星期五 00:06:08.517,1716480368517,NH-DC-NM224-J08-ROCE-ST-leaf-4.GPU.S9825,FourHundredGigE1/0/31,1860,663902,2098,679271,0,0
2024/05/24 星期五 00:06:09.020,1716480369020,NH-DC-NM224-J08-ROCE-ST-leaf-4.GPU.S9825,FourHundredGigE1/0/31,0,0,0,0,0,0
2024/05/24 星期五 00:06:09.517,1716480369517,NH-DC-NM224-J08-ROCE-ST-leaf-4.GPU.S9825,FourHundredGigE1/0/31,2162,747816,2280,749380,0,0
2024/05/24 星期五 00:06:10.018,1716480370018,NH-DC-NM224-J08-ROCE-ST-leaf-4.GPU.S9825,FourHundredGigE1/0/31,0,0,0,0,0,0
2024/05/24 星期五 00:06:10.520,1716480370520,NH-DC-NM224-J08-ROCE-ST-leaf-4.GPU.S9825,FourHundredGigE1/0/31,2760,912614,2535,900275,0,0
2024/05/24 星期五 00:06:11.022,1716480371022,NH-DC-NM224-J08-ROCE-ST-leaf-4.GPU.S9825,FourHundredGigE1/0/31,0,0,0,0,0,0
2024/05/24 星期五 00:06:11.521,1716480371521,NH-DC-NM224-J08-ROCE-ST-leaf-4.GPU.S9825,FourHundredGigE1/0/31,0,0,0,0,0,0
2024/05/24 星期五 00:06:12.022,1716480372022,NH-DC-NM224-J08-ROCE-ST-leaf-4.GPU.S9825,FourHundredGigE1/0/31,3428,1106062,2963,1082999,0,0
2024/05/24 星期五 00:06:12.525,1716480372525,NH-DC-NM224-J08-ROCE-ST-leaf-4.GPU.S9825,FourHundredGigE1/0/31,0,0,0,0,0,0
2024/05/24 星期五 00:06:13.027,1716480373027,NH-DC-NM224-J08-ROCE-ST-leaf-4.GPU.S9825,FourHundredGigE1/0/31,2427,805646,2281,797632,0,0
2024/05/24 星期五 00:06:13.546,1716480373546,NH-DC-NM224-J08-ROCE-ST-leaf-4.GPU.S9825,FourHundredGigE1/0/31,0,0,0,0,0,0
2024/05/24 星期五 00:06:14.049,1716480374049,NH-DC-NM224-J08-ROCE-ST-leaf-4.GPU.S9825,FourHundredGigE1/0/31,1524,533332,1663,541237,0,0
2024/05/24 星期五 00:06:14.559,1716480374559,NH-DC-NM224-J08-ROCE-ST-leaf-4.GPU.S9825,FourHundredGigE1/0/31,1870,591070,1528,568620,0,0
2024/05/24 星期五 00:06:15.061,1716480375061,NH-DC-NM224-J08-ROCE-ST-leaf-4.GPU.S9825,FourHundredGigE1/0/31,0,0,0,0,0,0
2024/05/24 星期五 00:06:15.561,1716480375561,NH-DC-NM224-J08-ROCE-ST-leaf-4.GPU.S9825,FourHundredGigE1/0/31,1618,569218,1762,577476,0,0
2024/05/24 星期五 00:06:16.080,1716480376080,NH-DC-NM224-J08-ROCE-ST-leaf-4.GPU.S9825,FourHundredGigE1/0/31,0,0,0,0,0,0
2024/05/24 星期五 00:06:16.582,1716480376582,NH-DC-NM224-J08-ROCE-ST-leaf-4.GPU.S9825,FourHundredGigE1/0/31,1521,527424,1609,532419,0,0
2024/05/24 星期五 00:06:17.085,1716480377085,NH-DC-NM224-J08-ROCE-ST-leaf-4.GPU.S9825,FourHundredGigE1/0/31,0,0,0,0,0,0
2024/05/24 星期五 00:06:17.585,1716480377585,NH-DC-NM224-J08-ROCE-ST-leaf-4.GPU.S9825,FourHundredGigE1/0/31,1101,436460,1569,462929,0,0
2024/05/24 星期五 00:06:18.086,1716480378086,NH-DC-NM224-J08-ROCE-ST-leaf-4.GPU.S9825,FourHundredGigE1/0/31,0,0,0,0,0,0
2024/05/24 星期五 00:06:18.587,1716480378587,NH-DC-NM224-J08-ROCE-ST-leaf-4.GPU.S9825,FourHundredGigE1/0/31,1349,521326,1808,547064,0,0
2024/05/24 星期五 00:06:19.087,1716480379087,NH-DC-NM224-J08-ROCE-ST-leaf-4.GPU.S9825,FourHundredGigE1/0/31,0,0,0,0,0,0
2024/05/24 星期五 00:06:19.585,1716480379585,NH-DC-NM224-J08-ROCE-ST-leaf-4.GPU.S9825,FourHundredGigE1/0/31,2222,767268,2277,769960,0,0
2024/05/24 星期五 00:06:20.086,1716480380086,NH-DC-NM224-J08-ROCE-ST-leaf-4.GPU.S9825,FourHundredGigE1/0/31,0,0,0,0,0,0
2024/05/24 星期五 00:06:20.595,1716480380595,NH-DC-NM224-J08-ROCE-ST-leaf-4.GPU.S9825,FourHundredGigE1/0/31,2733,898400,2475,884213,0,0
2024/05/24 星期五 00:06:21.097,1716480381097,NH-DC-NM224-J08-ROCE-ST-leaf-4.GPU.S9825,FourHundredGigE1/0/31,0,0,0,0,0,0
2024/05/24 星期五 00:06:21.595,1716480381595,NH-DC-NM224-J08-ROCE-ST-leaf-4.GPU.S9825,FourHundredGigE1/0/31,1793,645148,2039,658991,0,0
2024/05/24 星期五 00:06:22.093,1716480382093,NH-DC-NM224-J08-ROCE-ST-leaf-4.GPU.S9825,FourHundredGigE1/0/31,0,0,0,0,0,0
2024/05/24 星期五 00:06:22.595,1716480382595,NH-DC-NM224-J08-ROCE-ST-leaf-4.GPU.S9825,FourHundredGigE1/0/31,2551,838714,2319,826776,0,0
2024/05/24 星期五 00:06:23.097,1716480383097,NH-DC-NM224-J08-ROCE-ST-leaf-4.GPU.S9825,FourHundredGigE1/0/31,0,0,0,0,0,0
2024/05/24 星期五 00:06:23.600,1716480383600,NH-DC-NM224-J08-ROCE-ST-leaf-4.GPU.S9825,FourHundredGigE1/0/31,1731,588248,1735,587873,0,0
2024/05/24 星期五 00:06:24.103,1716480384103,NH-DC-NM224-J08-ROCE-ST-leaf-4.GPU.S9825,FourHundredGigE1/0/31,0,0,0,0,0,0
2024/05/24 星期五 00:06:24.606,1716480384606,NH-DC-NM224-J08-ROCE-ST-leaf-4.GPU.S9825,FourHundredGigE1/0/31,1552,547532,1697,555070,0,0
2024/05/24 星期五 00:06:25.105,1716480385105,NH-DC-NM224-J08-ROCE-ST-leaf-4.GPU.S9825,FourHundredGigE1/0/31,0,0,0,0,0,0
2024/05/24 星期五 00:06:25.605,1716480385605,NH-DC-NM224-J08-ROCE-ST-leaf-4.GPU.S9825,FourHundredGigE1/0/31,1160,467796,1701,498286,0,0
2024/05/24 星期五 00:06:26.101,1716480386101,NH-DC-NM224-J08-ROCE-ST-leaf-4.GPU.S9825,FourHundredGigE1/0/31,0,0,0,0,0,0
2024/05/24 星期五 00:06:26.597,1716480386597,NH-DC-NM224-J08-ROCE-ST-leaf-4.GPU.S9825,FourHundredGigE1/0/31,2602,875726,2499,870025,0,0
2024/05/24 星期五 00:06:27.097,1716480387097,NH-DC-NM224-J08-ROCE-ST-leaf-4.GPU.S9825,FourHundredGigE1/0/31,0,0,0,0,0,0
2024/05/24 星期五 00:06:27.598,1716480387598,NH-DC-NM224-J08-ROCE-ST-leaf-4.GPU.S9825,FourHundredGigE1/0/31,2177,780102,2434,794755,0,0
2024/05/24 星期五 00:06:28.096,1716480388096,NH-DC-NM224-J08-ROCE-ST-leaf-4.GPU.S9825,FourHundredGigE1/0/31,0,0,0,0,0,0
2024/05/24 星期五 00:06:28.598,1716480388598,NH-DC-NM224-J08-ROCE-ST-leaf-4.GPU.S9825,FourHundredGigE1/0/31,1573,544198,1685,548810,0,0
2024/05/24 星期五 00:06:29.098,1716480389098,NH-DC-NM224-J08-ROCE-ST-leaf-4.GPU.S9825,FourHundredGigE1/0/31,0,0,0,0,0,0
2024/05/24 星期五 00:06:29.600,1716480389600,NH-DC-NM224-J08-ROCE-ST-leaf-4.GPU.S9825,FourHundredGigE1/0/31,2316,771218,2174,762878,0,0
2024/05/24 星期五 00:06:30.098,1716480390098,NH-DC-NM224-J08-ROCE-ST-leaf-4.GPU.S9825,FourHundredGigE1/0/31,0,0,0,0,0,0
2024/05/24 星期五 00:06:30.601,1716480390601,NH-DC-NM224-J08-ROCE-ST-leaf-4.GPU.S9825,FourHundredGigE1/0/31,1610,570084,1780,579865,0,0
2024/05/24 星期五 00:06:31.101,1716480391101,NH-DC-NM224-J08-ROCE-ST-leaf-4.GPU.S9825,FourHundredGigE1/0/31,0,0,0,0,0,0
2024/05/24 星期五 00:06:31.605,1716480391605,NH-DC-NM224-J08-ROCE-ST-leaf-4.GPU.S9825,FourHundredGigE1/0/31,2532,825942,2286,810667,0,0
2024/05/24 星期五 00:06:32.105,1716480392105,NH-DC-NM224-J08-ROCE-ST-leaf-4.GPU.S9825,FourHundredGigE1/0/31,0,0,0,0,0,0
2024/05/24 星期五 00:06:32.607,1716480392607,NH-DC-NM224-J08-ROCE-ST-leaf-4.GPU.S9825,FourHundredGigE1/0/31,1803,641774,2003,653168,0,0
2024/05/24 星期五 00:06:33.110,1716480393110,NH-DC-NM224-J08-ROCE-ST-leaf-4.GPU.S9825,FourHundredGigE1/0/31,0,0,0,0,0,0
2024/05/24 星期五 00:06:33.614,1716480393614,NH-DC-NM224-J08-ROCE-ST-leaf-4.GPU.S9825,FourHundredGigE1/0/31,2421,839500,2513,844185,0,0
2024/05/24 星期五 00:06:34.114,1716480394114,NH-DC-NM224-J08-ROCE-ST-leaf-4.GPU.S9825,FourHundredGigE1/0/31,0,0,0,0,0,0
2024/05/24 星期五 00:06:34.617,1716480394617,NH-DC-NM224-J08-ROCE-ST-leaf-4.GPU.S9825,FourHundredGigE1/0/31,1357,510396,1731,529598,0,0
2024/05/24 星期五 00:06:35.121,1716480395121,NH-DC-NM224-J08-ROCE-ST-leaf-4.GPU.S9825,FourHundredGigE1/0/31,0,0,0,0,0,0
2024/05/24 星期五 00:06:35.622,1716480395622,NH-DC-NM224-J08-ROCE-ST-leaf-4.GPU.S9825,FourHundredGigE1/0/31,1831,620909,1891,625428,0,0
2024/05/24 星期五 00:06:36.136,1716480396136,NH-DC-NM224-J08-ROCE-ST-leaf-4.GPU.S9825,FourHundredGigE1/0/31,0,0,0,0,0,0
2024/05/24 星期五 00:06:36.638,1716480396638,NH-DC-NM224-J08-ROCE-ST-leaf-4.GPU.S9825,FourHundredGigE1/0/31,3060,994230,2678,973271,0,0
2024/05/24 星期五 00:06:37.146,1716480397146,NH-DC-NM224-J08-ROCE-ST-leaf-4.GPU.S9825,FourHundredGigE1/0/31,0,0,0,0,0,0
2024/05/24 星期五 00:06:38.156,1716480398156,NH-DC-NM224-J08-ROCE-ST-leaf-4.GPU.S9825,FourHundredGigE1/0/31,2281,759142,2206,751749,0,0
2024/05/24 星期五 00:06:38.658,1716480398658,NH-DC-NM224-J08-ROCE-ST-leaf-4.GPU.S9825,FourHundredGigE1/0/31,2964,984950,2751,973250,0,0
2024/05/24 星期五 00:06:39.161,1716480399161,NH-DC-NM224-J08-ROCE-ST-leaf-4.GPU.S9825,FourHundredGigE1/0/31,0,0,0,0,0,0
2024/05/24 星期五 00:06:39.661,1716480399661,NH-DC-NM224-J08-ROCE-ST-leaf-4.GPU.S9825,FourHundredGigE1/0/31,2334,750318,2004,731256,0,0
2024/05/24 星期五 00:06:40.165,1716480400165,NH-DC-NM224-J08-ROCE-ST-leaf-4.GPU.S9825,FourHundredGigE1/0/31,0,0,0,0,0,0
2024/05/24 星期五 00:06:40.666,1716480400666,NH-DC-NM224-J08-ROCE-ST-leaf-4.GPU.S9825,FourHundredGigE1/0/31,1114,443411,1606,476256,0,0
2024/05/24 星期五 00:06:41.176,1716480401176,NH-DC-NM224-J08-ROCE-ST-leaf-4.GPU.S9825,FourHundredGigE1/0/31,0,0,0,0,0,0
2024/05/24 星期五 00:06:41.680,1716480401680,NH-DC-NM224-J08-ROCE-ST-leaf-4.GPU.S9825,FourHundredGigE1/0/31,2610,884934,2551,881697,0,0
2024/05/24 星期五 00:06:42.182,1716480402182,NH-DC-NM224-J08-ROCE-ST-leaf-4.GPU.S9825,FourHundredGigE1/0/31,0,0,0,0,0,0
2024/05/24 星期五 00:06:42.685,1716480402685,NH-DC-NM224-J08-ROCE-ST-leaf-4.GPU.S9825,FourHundredGigE1/0/31,1642,588958,1864,601584,0,0
2024/05/24 星期五 00:06:43.189,1716480403189,NH-DC-NM224-J08-ROCE-ST-leaf-4.GPU.S9825,FourHundredGigE1/0/31,0,0,0,0,0,0
2024/05/24 星期五 00:06:43.725,1716480403725,NH-DC-NM224-J08-ROCE-ST-leaf-4.GPU.S9825,FourHundredGigE1/0/31,2139,745116,2245,751119,0,0
2024/05/24 星期五 00:06:44.239,1716480404239,NH-DC-NM224-J08-ROCE-ST-leaf-4.GPU.S9825,FourHundredGigE1/0/31,0,0,0,0,0,0
2024/05/24 星期五 00:06:44.737,1716480404737,NH-DC-NM224-J08-ROCE-ST-leaf-4.GPU.S9825,FourHundredGigE1/0/31,1268,482572,1645,503102,0,0
2024/05/24 星期五 00:06:45.239,1716480405239,NH-DC-NM224-J08-ROCE-ST-leaf-4.GPU.S9825,FourHundredGigE1/0/31,0,0,0,0,0,0
2024/05/24 星期五 00:06:45.741,1716480405741,NH-DC-NM224-J08-ROCE-ST-leaf-4.GPU.S9825,FourHundredGigE1/0/31,2662,900556,2587,896550,0,0
2024/05/24 星期五 00:06:46.268,1716480406268,NH-DC-NM224-J08-ROCE-ST-leaf-4.GPU.S9825,FourHundredGigE1/0/31,1682,616164,1996,634009,0,0
2024/05/24 星期五 00:06:46.770,1716480406770,NH-DC-NM224-J08-ROCE-ST-leaf-4.GPU.S9825,FourHundredGigE1/0/31,0,0,0,0,0,0
2024/05/24 星期五 00:06:47.271,1716480407271,NH-DC-NM224-J08-ROCE-ST-leaf-4.GPU.S9825,FourHundredGigE1/0/31,0,0,0,0,0,0
2024/05/24 星期五 00:06:47.771,1716480407771,NH-DC-NM224-J08-ROCE-ST-leaf-4.GPU.S9825,FourHundredGigE1/0/31,2645,920753,2584,889026,0,0
2024/05/24 星期五 00:06:48.276,1716480408276,NH-DC-NM224-J08-ROCE-ST-leaf-4.GPU.S9825,FourHundredGigE1/0/31,0,0,0,0,0,0
2024/05/24 星期五 00:06:48.773,1716480408773,NH-DC-NM224-J08-ROCE-ST-leaf-4.GPU.S9825,FourHundredGigE1/0/31,1575,551367,1715,562821,0,0
2024/05/24 星期五 00:06:49.274,1716480409274,NH-DC-NM224-J08-ROCE-ST-leaf-4.GPU.S9825,FourHundredGigE1/0/31,1065,426966,1545,453264,0,0
2024/05/24 星期五 00:06:49.780,1716480409780,NH-DC-NM224-J08-ROCE-ST-leaf-4.GPU.S9825,FourHundredGigE1/0/31,0,0,0,0,0,0
2024/05/24 星期五 00:06:50.281,1716480410281,NH-DC-NM224-J08-ROCE-ST-leaf-4.GPU.S9825,FourHundredGigE1/0/31,0,0,0,0,0,0
2024/05/24 星期五 00:06:51.212,1716480411212,NH-DC-NM224-J08-ROCE-ST-leaf-4.GPU.S9825,FourHundredGigE1/0/31,3618,1148572,2966,1112515,0,0
2024/05/24 星期五 00:06:51.714,1716480411714,NH-DC-NM224-J08-ROCE-ST-leaf-4.GPU.S9825,FourHundredGigE1/0/31,2547,832350,2278,817353,0,0
2024/05/24 星期五 00:06:52.218,1716480412218,NH-DC-NM224-J08-ROCE-ST-leaf-4.GPU.S9825,FourHundredGigE1/0/31,0,0,0,0,0,0
2024/05/24 星期五 00:06:52.719,1716480412719,NH-DC-NM224-J08-ROCE-ST-leaf-4.GPU.S9825,FourHundredGigE1/0/31,2146,751648,2281,759402,0,0
2024/05/24 星期五 00:06:53.221,1716480413221,NH-DC-NM224-J08-ROCE-ST-leaf-4.GPU.S9825,FourHundredGigE1/0/31,0,0,0,0,0,0
2024/05/24 星期五 00:06:53.721,1716480413721,NH-DC-NM224-J08-ROCE-ST-leaf-4.GPU.S9825,FourHundredGigE1/0/31,2374,825728,2472,831283,0,0
2024/05/24 星期五 00:06:54.226,1716480414226,NH-DC-NM224-J08-ROCE-ST-leaf-4.GPU.S9825,FourHundredGigE1/0/31,0,0,0,0,0,0
2024/05/24 星期五 00:06:54.725,1716480414725,NH-DC-NM224-J08-ROCE-ST-leaf-4.GPU.S9825,FourHundredGigE1/0/31,1799,631006,1927,637592,0,0
2024/05/24 星期五 00:06:55.230,1716480415230,NH-DC-NM224-J08-ROCE-ST-leaf-4.GPU.S9825,FourHundredGigE1/0/31,0,0,0,0,0,0
2024/05/24 星期五 00:06:55.733,1716480415733,NH-DC-NM224-J08-ROCE-ST-leaf-4.GPU.S9825,FourHundredGigE1/0/31,3191,1032317,2763,1013352,0,0
2024/05/24 星期五 00:06:56.235,1716480416235,NH-DC-NM224-J08-ROCE-ST-leaf-4.GPU.S9825,FourHundredGigE1/0/31,0,0,0,0,0,0
2024/05/24 星期五 00:06:56.737,1716480416737,NH-DC-NM224-J08-ROCE-ST-leaf-4.GPU.S9825,FourHundredGigE1/0/31,2487,833816,2373,827693,0,0
2024/05/24 星期五 00:06:58.266,1716480418266,NH-DC-NM224-J08-ROCE-ST-leaf-4.GPU.S9825,FourHundredGigE1/0/31,2208,753806,2211,754235,0,0
2024/05/24 星期五 00:06:58.769,1716480418769,NH-DC-NM224-J08-ROCE-ST-leaf-4.GPU.S9825,FourHundredGigE1/0/31,3020,967492,2552,941318,0,0
2024/05/24 星期五 00:06:59.273,1716480419273,NH-DC-NM224-J08-ROCE-ST-leaf-4.GPU.S9825,FourHundredGigE1/0/31,2817,899130,2355,872676,0,0
2024/05/24 星期五 00:06:59.774,1716480419774,NH-DC-NM224-J08-ROCE-ST-leaf-4.GPU.S9825,FourHundredGigE1/0/31,0,0,0,0,0,0
2024/05/24 星期五 00:07:00.272,1716480420272,NH-DC-NM224-J08-ROCE-ST-leaf-4.GPU.S9825,FourHundredGigE1/0/31,2421,792105,2185,783951,0,0
2024/05/24 星期五 00:07:00.772,1716480420772,NH-DC-NM224-J08-ROCE-ST-leaf-4.GPU.S9825,FourHundredGigE1/0/31,0,0,0,0,0,0
2024/05/24 星期五 00:07:01.291,1716480421291,NH-DC-NM224-J08-ROCE-ST-leaf-4.GPU.S9825,FourHundredGigE1/0/31,2863,962220,2734,955257,0,0
2024/05/24 星期五 00:07:01.794,1716480421794,NH-DC-NM224-J08-ROCE-ST-leaf-4.GPU.S9825,FourHundredGigE1/0/31,0,0,0,0,0,0
2024/05/24 星期五 00:07:02.297,1716480422297,NH-DC-NM224-J08-ROCE-ST-leaf-4.GPU.S9825,FourHundredGigE1/0/31,0,0,0,0,0,0
2024/05/24 星期五 00:07:02.798,1716480422798,NH-DC-NM224-J08-ROCE-ST-leaf-4.GPU.S9825,FourHundredGigE1/0/31,2644,910490,2678,912394,0,0
2024/05/24 星期五 00:07:03.298,1716480423298,NH-DC-NM224-J08-ROCE-ST-leaf-4.GPU.S9825,FourHundredGigE1/0/31,0,0,0,0,0,0
2024/05/24 星期五 00:07:03.804,1716480423804,NH-DC-NM224-J08-ROCE-ST-leaf-4.GPU.S9825,FourHundredGigE1/0/31,2389,808650,2344,807167,0,0
2024/05/24 星期五 00:07:04.314,1716480424314,NH-DC-NM224-J08-ROCE-ST-leaf-4.GPU.S9825,FourHundredGigE1/0/31,1203,445174,1471,458824,0,0
2024/05/24 星期五 00:07:04.817,1716480424817,NH-DC-NM224-J08-ROCE-ST-leaf-4.GPU.S9825,FourHundredGigE1/0/31,0,0,0,0,0,0
2024/05/24 星期五 00:07:05.318,1716480425318,NH-DC-NM224-J08-ROCE-ST-leaf-4.GPU.S9825,FourHundredGigE1/0/31,2177,739806,2157,738880,0,0
2024/05/24 星期五 00:07:05.818,1716480425818,NH-DC-NM224-J08-ROCE-ST-leaf-4.GPU.S9825,FourHundredGigE1/0/31,0,0,0,0,0,0
2024/05/24 星期五 00:07:06.322,1716480426322,NH-DC-NM224-J08-ROCE-ST-leaf-4.GPU.S9825,FourHundredGigE1/0/31,2322,806180,2413,811903,0,0
2024/05/24 星期五 00:07:06.825,1716480426825,NH-DC-NM224-J08-ROCE-ST-leaf-4.GPU.S9825,FourHundredGigE1/0/31,0,0,0,0,0,0
2024/05/24 星期五 00:07:07.326,1716480427326,NH-DC-NM224-J08-ROCE-ST-leaf-4.GPU.S9825,FourHundredGigE1/0/31,1926,653034,1909,652149,0,0
2024/05/24 星期五 00:07:07.829,1716480427829,NH-DC-NM224-J08-ROCE-ST-leaf-4.GPU.S9825,FourHundredGigE1/0/31,0,0,0,0,0,0
2024/05/24 星期五 00:07:08.330,1716480428330,NH-DC-NM224-J08-ROCE-ST-leaf-4.GPU.S9825,FourHundredGigE1/0/31,0,0,0,0,0,0
2024/05/24 星期五 00:07:08.834,1716480428834,NH-DC-NM224-J08-ROCE-ST-leaf-4.GPU.S9825,FourHundredGigE1/0/31,2273,776310,2278,776818,0,0
2024/05/24 星期五 00:07:09.334,1716480429334,NH-DC-NM224-J08-ROCE-ST-leaf-4.GPU.S9825,FourHundredGigE1/0/31,1359,526650,1821,551940,0,0
2024/05/24 星期五 00:07:09.837,1716480429837,NH-DC-NM224-J08-ROCE-ST-leaf-4.GPU.S9825,FourHundredGigE1/0/31,0,0,0,0,0,0
2024/05/24 星期五 00:07:10.337,1716480430337,NH-DC-NM224-J08-ROCE-ST-leaf-4.GPU.S9825,FourHundredGigE1/0/31,1906,672508,2072,682065,0,0
2024/05/24 星期五 00:07:10.842,1716480430842,NH-DC-NM224-J08-ROCE-ST-leaf-4.GPU.S9825,FourHundredGigE1/0/31,0,0,0,0,0,0
2024/05/24 星期五 00:07:11.343,1716480431343,NH-DC-NM224-J08-ROCE-ST-leaf-4.GPU.S9825,FourHundredGigE1/0/31,1751,620466,1930,630751,0,0
2024/05/24 星期五 00:07:11.843,1716480431843,NH-DC-NM224-J08-ROCE-ST-leaf-4.GPU.S9825,FourHundredGigE1/0/31,0,0,0,0,0,0
2024/05/24 星期五 00:07:12.345,1716480432345,NH-DC-NM224-J08-ROCE-ST-leaf-4.GPU.S9825,FourHundredGigE1/0/31,3092,1001278,2680,978206,0,0
2024/05/24 星期五 00:07:12.846,1716480432846,NH-DC-NM224-J08-ROCE-ST-leaf-4.GPU.S9825,FourHundredGigE1/0/31,0,0,0,0,0,0
2024/05/24 星期五 00:07:13.345,1716480433345,NH-DC-NM224-J08-ROCE-ST-leaf-4.GPU.S9825,FourHundredGigE1/0/31,2344,816610,2453,822975,0,0
2024/05/24 星期五 00:07:13.845,1716480433845,NH-DC-NM224-J08-ROCE-ST-leaf-4.GPU.S9825,FourHundredGigE1/0/31,0,0,0,0,0,0
2024/05/24 星期五 00:07:14.349,1716480434349,NH-DC-NM224-J08-ROCE-ST-leaf-4.GPU.S9825,FourHundredGigE1/0/31,1517,573806,1962,598166,0,0
2024/05/24 星期五 00:07:14.850,1716480434850,NH-DC-NM224-J08-ROCE-ST-leaf-4.GPU.S9825,FourHundredGigE1/0/31,0,0,0,0,0,0
2024/05/24 星期五 00:07:15.353,1716480435353,NH-DC-NM224-J08-ROCE-ST-leaf-4.GPU.S9825,FourHundredGigE1/0/31,1390,545500,1915,575094,0,0
2024/05/24 星期五 00:07:15.854,1716480435854,NH-DC-NM224-J08-ROCE-ST-leaf-4.GPU.S9825,FourHundredGigE1/0/31,0,0,0,0,0,0
2024/05/24 星期五 00:07:16.354,1716480436354,NH-DC-NM224-J08-ROCE-ST-leaf-4.GPU.S9825,FourHundredGigE1/0/31,2253,784358,2358,790499,0,0
2024/05/24 星期五 00:07:16.858,1716480436858,NH-DC-NM224-J08-ROCE-ST-leaf-4.GPU.S9825,FourHundredGigE1/0/31,0,0,0,0,0,0
2024/05/24 星期五 00:07:17.360,1716480437360,NH-DC-NM224-J08-ROCE-ST-leaf-4.GPU.S9825,FourHundredGigE1/0/31,1424,527686,1745,545729,0,0
2024/05/24 星期五 00:07:17.860,1716480437860,NH-DC-NM224-J08-ROCE-ST-leaf-4.GPU.S9825,FourHundredGigE1/0/31,0,0,0,0,0,0
2024/05/24 星期五 00:07:18.359,1716480438359,NH-DC-NM224-J08-ROCE-ST-leaf-4.GPU.S9825,FourHundredGigE1/0/31,4012,1241614,3059,1188474,0,0
2024/05/24 星期五 00:07:18.867,1716480438867,NH-DC-NM224-J08-ROCE-ST-leaf-4.GPU.S9825,FourHundredGigE1/0/31,0,0,0,0,0,0
2024/05/24 星期五 00:07:19.826,1716480439826,NH-DC-NM224-J08-ROCE-ST-leaf-4.GPU.S9825,FourHundredGigE1/0/31,2789,914206,2497,897272,0,0
2024/05/24 星期五 00:07:20.341,1716480440341,NH-DC-NM224-J08-ROCE-ST-leaf-4.GPU.S9825,FourHundredGigE1/0/31,1003,424848,1627,460247,0,0
2024/05/24 星期五 00:07:20.842,1716480440842,NH-DC-NM224-J08-ROCE-ST-leaf-4.GPU.S9825,FourHundredGigE1/0/31,0,0,0,0,0,0
2024/05/24 星期五 00:07:21.812,1716480441812,NH-DC-NM224-J08-ROCE-ST-leaf-4.GPU.S9825,FourHundredGigE1/0/31,2837,923058,2500,904447,0,0
2024/05/24 星期五 00:07:22.309,1716480442309,NH-DC-NM224-J08-ROCE-ST-leaf-4.GPU.S9825,FourHundredGigE1/0/31,1770,648678,2094,666822,0,0
2024/05/24 星期五 00:07:22.948,1716480442948,NH-DC-NM224-J08-ROCE-ST-leaf-4.GPU.S9825,FourHundredGigE1/0/31,0,0,0,0,0,0
2024/05/24 星期五 00:07:23.459,1716480443459,NH-DC-NM224-J08-ROCE-ST-leaf-4.GPU.S9825,FourHundredGigE1/0/31,2112,741876,2266,751149,0,0
2024/05/24 星期五 00:07:23.958,1716480443958,NH-DC-NM224-J08-ROCE-ST-leaf-4.GPU.S9825,FourHundredGigE1/0/31,0,0,0,0,0,0
2024/05/24 星期五 00:07:24.457,1716480444457,NH-DC-NM224-J08-ROCE-ST-leaf-4.GPU.S9825,FourHundredGigE1/0/31,3079,1001386,2689,978576,0,0
2024/05/24 星期五 00:07:24.961,1716480444961,NH-DC-NM224-J08-ROCE-ST-leaf-4.GPU.S9825,FourHundredGigE1/0/31,0,0,0,0,0,0
2024/05/24 星期五 00:07:25.462,1716480445462,NH-DC-NM224-J08-ROCE-ST-leaf-4.GPU.S9825,FourHundredGigE1/0/31,1996,696382,2110,702960,0,0
2024/05/24 星期五 00:07:25.963,1716480445963,NH-DC-NM224-J08-ROCE-ST-leaf-4.GPU.S9825,FourHundredGigE1/0/31,0,0,0,0,0,0
2024/05/24 星期五 00:07:26.506,1716480446506,NH-DC-NM224-J08-ROCE-ST-leaf-4.GPU.S9825,FourHundredGigE1/0/31,2328,792938,2313,792359,0,0
2024/05/24 星期五 00:07:27.013,1716480447013,NH-DC-NM224-J08-ROCE-ST-leaf-4.GPU.S9825,FourHundredGigE1/0/31,0,0,0,0,0,0
2024/05/24 星期五 00:07:27.521,1716480447521,NH-DC-NM224-J08-ROCE-ST-leaf-4.GPU.S9825,FourHundredGigE1/0/31,2838,935370,2581,921045,0,0
2024/05/24 星期五 00:07:28.021,1716480448021,NH-DC-NM224-J08-ROCE-ST-leaf-4.GPU.S9825,FourHundredGigE1/0/31,0,0,0,0,0,0
2024/05/24 星期五 00:07:28.523,1716480448523,NH-DC-NM224-J08-ROCE-ST-leaf-4.GPU.S9825,FourHundredGigE1/0/31,1393,543954,1906,572910,0,0
2024/05/24 星期五 00:07:29.023,1716480449023,NH-DC-NM224-J08-ROCE-ST-leaf-4.GPU.S9825,FourHundredGigE1/0/31,0,0,0,0,0,0
2024/05/24 星期五 00:07:29.522,1716480449522,NH-DC-NM224-J08-ROCE-ST-leaf-4.GPU.S9825,FourHundredGigE1/0/31,1646,634702,2164,663128,0,0
2024/05/24 星期五 00:07:30.023,1716480450023,NH-DC-NM224-J08-ROCE-ST-leaf-4.GPU.S9825,FourHundredGigE1/0/31,0,0,0,0,0,0
2024/05/24 星期五 00:07:30.527,1716480450527,NH-DC-NM224-J08-ROCE-ST-leaf-4.GPU.S9825,FourHundredGigE1/0/31,2781,920798,2562,908795,0,0
2024/05/24 星期五 00:07:31.034,1716480451034,NH-DC-NM224-J08-ROCE-ST-leaf-4.GPU.S9825,FourHundredGigE1/0/31,0,0,0,0,0,0
2024/05/24 星期五 00:07:31.538,1716480451538,NH-DC-NM224-J08-ROCE-ST-leaf-4.GPU.S9825,FourHundredGigE1/0/31,2582,858846,2413,849643,0,0
2024/05/24 星期五 00:07:32.037,1716480452037,NH-DC-NM224-J08-ROCE-ST-leaf-4.GPU.S9825,FourHundredGigE1/0/31,0,0,0,0,0,0
2024/05/24 星期五 00:07:32.541,1716480452541,NH-DC-NM224-J08-ROCE-ST-leaf-4.GPU.S9825,FourHundredGigE1/0/31,2975,964942,2593,943550,0,0
2024/05/24 星期五 00:07:33.045,1716480453045,NH-DC-NM224-J08-ROCE-ST-leaf-4.GPU.S9825,FourHundredGigE1/0/31,0,0,0,0,0,0
2024/05/24 星期五 00:07:33.550,1716480453550,NH-DC-NM224-J08-ROCE-ST-leaf-4.GPU.S9825,FourHundredGigE1/0/31,1998,728030,2325,746603,0,0
2024/05/24 星期五 00:07:34.051,1716480454051,NH-DC-NM224-J08-ROCE-ST-leaf-4.GPU.S9825,FourHundredGigE1/0/31,0,0,0,0,0,0
2024/05/24 星期五 00:07:34.549,1716480454549,NH-DC-NM224-J08-ROCE-ST-leaf-4.GPU.S9825,FourHundredGigE1/0/31,725,333466,1375,369284,0,0
2024/05/24 星期五 00:07:35.051,1716480455051,NH-DC-NM224-J08-ROCE-ST-leaf-4.GPU.S9825,FourHundredGigE1/0/31,0,0,0,0,0,0
2024/05/24 星期五 00:07:35.550,1716480455550,NH-DC-NM224-J08-ROCE-ST-leaf-4.GPU.S9825,FourHundredGigE1/0/31,2969,968118,2625,949048,0,0
2024/05/24 星期五 00:07:36.066,1716480456066,NH-DC-NM224-J08-ROCE-ST-leaf-4.GPU.S9825,FourHundredGigE1/0/31,0,0,0,0,0,0
2024/05/24 星期五 00:07:36.581,1716480456581,NH-DC-NM224-J08-ROCE-ST-leaf-4.GPU.S9825,FourHundredGigE1/0/31,3959,1242996,3140,1197759,0,0
2024/05/24 星期五 00:07:37.365,1716480457365,NH-DC-NM224-J08-ROCE-ST-leaf-4.GPU.S9825,FourHundredGigE1/0/31,1499,563422,1886,585161,0,0
2024/05/24 星期五 00:07:37.866,1716480457866,NH-DC-NM224-J08-ROCE-ST-leaf-4.GPU.S9825,FourHundredGigE1/0/31,0,0,0,0,0,0
2024/05/24 星期五 00:07:38.366,1716480458366,NH-DC-NM224-J08-ROCE-ST-leaf-4.GPU.S9825,FourHundredGigE1/0/31,2841,960104,2751,955292,0,0
2024/05/24 星期五 00:07:38.869,1716480458869,NH-DC-NM224-J08-ROCE-ST-leaf-4.GPU.S9825,FourHundredGigE1/0/31,0,0,0,0,0,0
2024/05/24 星期五 00:07:39.370,1716480459370,NH-DC-NM224-J08-ROCE-ST-leaf-4.GPU.S9825,FourHundredGigE1/0/31,735,338836,1396,375076,0,0
2024/05/24 星期五 00:07:39.878,1716480459878,NH-DC-NM224-J08-ROCE-ST-leaf-4.GPU.S9825,FourHundredGigE1/0/31,0,0,0,0,0,0
2024/05/24 星期五 00:07:40.378,1716480460378,NH-DC-NM224-J08-ROCE-ST-leaf-4.GPU.S9825,FourHundredGigE1/0/31,2969,992745,2803,988734,0,0
2024/05/24 星期五 00:07:40.881,1716480460881,NH-DC-NM224-J08-ROCE-ST-leaf-4.GPU.S9825,FourHundredGigE1/0/31,0,0,0,0,0,0
2024/05/24 星期五 00:07:41.383,1716480461383,NH-DC-NM224-J08-ROCE-ST-leaf-4.GPU.S9825,FourHundredGigE1/0/31,0,0,0,0,0,0
2024/05/24 星期五 00:07:41.886,1716480461886,NH-DC-NM224-J08-ROCE-ST-leaf-4.GPU.S9825,FourHundredGigE1/0/31,3000,1068962,3303,1089101,0,0
2024/05/24 星期五 00:07:42.387,1716480462387,NH-DC-NM224-J08-ROCE-ST-leaf-4.GPU.S9825,FourHundredGigE1/0/31,0,0,0,0,0,0
2024/05/24 星期五 00:07:42.902,1716480462902,NH-DC-NM224-J08-ROCE-ST-leaf-4.GPU.S9825,FourHundredGigE1/0/31,0,0,0,0,0,0
2024/05/24 星期五 00:07:43.411,1716480463411,NH-DC-NM224-J08-ROCE-ST-leaf-4.GPU.S9825,FourHundredGigE1/0/31,2757,941386,2743,941572,0,0
2024/05/24 星期五 00:07:43.910,1716480463910,NH-DC-NM224-J08-ROCE-ST-leaf-4.GPU.S9825,FourHundredGigE1/0/31,0,0,0,0,0,0
2024/05/24 星期五 00:07:44.413,1716480464413,NH-DC-NM224-J08-ROCE-ST-leaf-4.GPU.S9825,FourHundredGigE1/0/31,2958,1045142,3222,1055531,0,0
2024/05/24 星期五 00:07:44.914,1716480464914,NH-DC-NM224-J08-ROCE-ST-leaf-4.GPU.S9825,FourHundredGigE1/0/31,0,0,0,0,0,0
2024/05/24 星期五 00:07:45.417,1716480465417,NH-DC-NM224-J08-ROCE-ST-leaf-4.GPU.S9825,FourHundredGigE1/0/31,2334,781902,2233,776895,0,0
2024/05/24 星期五 00:07:45.919,1716480465919,NH-DC-NM224-J08-ROCE-ST-leaf-4.GPU.S9825,FourHundredGigE1/0/31,0,0,0,0,0,0
2024/05/24 星期五 00:07:46.421,1716480466421,NH-DC-NM224-J08-ROCE-ST-leaf-4.GPU.S9825,FourHundredGigE1/0/31,3568,1140014,2960,1103386,0,0
2024/05/24 星期五 00:07:46.921,1716480466921,NH-DC-NM224-J08-ROCE-ST-leaf-4.GPU.S9825,FourHundredGigE1/0/31,0,0,0,0,0,0
2024/05/24 星期五 00:07:47.422,1716480467422,NH-DC-NM224-J08-ROCE-ST-leaf-4.GPU.S9825,FourHundredGigE1/0/31,0,0,0,0,0,0
2024/05/24 星期五 00:07:47.923,1716480467923,NH-DC-NM224-J08-ROCE-ST-leaf-4.GPU.S9825,FourHundredGigE1/0/31,2622,868342,2471,874632,0,0
2024/05/24 星期五 00:07:48.421,1716480468421,NH-DC-NM224-J08-ROCE-ST-leaf-4.GPU.S9825,FourHundredGigE1/0/31,0,0,0,0,0,0
2024/05/24 星期五 00:07:48.924,1716480468924,NH-DC-NM224-J08-ROCE-ST-leaf-4.GPU.S9825,FourHundredGigE1/0/31,1993,712296,2233,723811,0,0
2024/05/24 星期五 00:07:49.427,1716480469427,NH-DC-NM224-J08-ROCE-ST-leaf-4.GPU.S9825,FourHundredGigE1/0/31,2556,847268,2356,834702,0,0
2024/05/24 星期五 00:07:49.929,1716480469929,NH-DC-NM224-J08-ROCE-ST-leaf-4.GPU.S9825,FourHundredGigE1/0/31,0,0,0,0,0,0
2024/05/24 星期五 00:07:50.449,1716480470449,NH-DC-NM224-J08-ROCE-ST-leaf-4.GPU.S9825,FourHundredGigE1/0/31,2509,858708,2516,859369,0,0
2024/05/24 星期五 00:07:51.395,1716480471395,NH-DC-NM224-J08-ROCE-ST-leaf-4.GPU.S9825,FourHundredGigE1/0/31,0,0,0,0,0,0
2024/05/24 星期五 00:07:51.898,1716480471898,NH-DC-NM224-J08-ROCE-ST-leaf-4.GPU.S9825,FourHundredGigE1/0/31,3196,1072882,3048,1065833,0,0
2024/05/24 星期五 00:07:52.397,1716480472397,NH-DC-NM224-J08-ROCE-ST-leaf-4.GPU.S9825,FourHundredGigE1/0/31,0,0,0,0,0,0
2024/05/24 星期五 00:07:53.386,1716480473386,NH-DC-NM224-J08-ROCE-ST-leaf-4.GPU.S9825,FourHundredGigE1/0/31,988,416140,1591,450102,0,0
2024/05/24 星期五 00:07:53.886,1716480473886,NH-DC-NM224-J08-ROCE-ST-leaf-4.GPU.S9825,FourHundredGigE1/0/31,2299,861482,2844,894397,0,0
2024/05/24 星期五 00:07:54.387,1716480474387,NH-DC-NM224-J08-ROCE-ST-leaf-4.GPU.S9825,FourHundredGigE1/0/31,609,241002,872,251842,0,0
2024/05/24 星期五 00:07:54.886,1716480474886,NH-DC-NM224-J08-ROCE-ST-leaf-4.GPU.S9825,FourHundredGigE1/0/31,0,0,0,0,0,0
2024/05/24 星期五 00:07:55.389,1716480475389,NH-DC-NM224-J08-ROCE-ST-leaf-4.GPU.S9825,FourHundredGigE1/0/31,2622,849789,2301,836808,0,0
2024/05/24 星期五 00:07:55.890,1716480475890,NH-DC-NM224-J08-ROCE-ST-leaf-4.GPU.S9825,FourHundredGigE1/0/31,0,0,0,0,0,0
2024/05/24 星期五 00:07:56.393,1716480476393,NH-DC-NM224-J08-ROCE-ST-leaf-4.GPU.S9825,FourHundredGigE1/0/31,2763,914980,2549,903451,0,0
2024/05/24 星期五 00:07:56.894,1716480476894,NH-DC-NM224-J08-ROCE-ST-leaf-4.GPU.S9825,FourHundredGigE1/0/31,0,0,0,0,0,0
2024/05/24 星期五 00:07:57.684,1716480477684,NH-DC-NM224-J08-ROCE-ST-leaf-4.GPU.S9825,FourHundredGigE1/0/31,873,405288,1669,449931,0,0
2024/05/24 星期五 00:07:58.185,1716480478185,NH-DC-NM224-J08-ROCE-ST-leaf-4.GPU.S9825,FourHundredGigE1/0/31,0,0,0,0,0,0
2024/05/24 星期五 00:07:58.685,1716480478685,NH-DC-NM224-J08-ROCE-ST-leaf-4.GPU.S9825,FourHundredGigE1/0/31,2722,922342,2657,918930,0,0
2024/05/24 星期五 00:07:59.308,1716480479308,NH-DC-NM224-J08-ROCE-ST-leaf-4.GPU.S9825,FourHundredGigE1/0/31,1029,442900,1702,479812,0,0
2024/05/24 星期五 00:07:59.810,1716480479810,NH-DC-NM224-J08-ROCE-ST-leaf-4.GPU.S9825,FourHundredGigE1/0/31,0,0,0,0,0,0
2024/05/24 星期五 00:08:00.313,1716480480313,NH-DC-NM224-J08-ROCE-ST-leaf-4.GPU.S9825,FourHundredGigE1/0/31,2021,700939,2115,711467,0,0
2024/05/24 星期五 00:08:00.814,1716480480814,NH-DC-NM224-J08-ROCE-ST-leaf-4.GPU.S9825,FourHundredGigE1/0/31,0,0,0,0,0,0
2024/05/24 星期五 00:08:01.316,1716480481316,NH-DC-NM224-J08-ROCE-ST-leaf-4.GPU.S9825,FourHundredGigE1/0/31,0,0,0,0,0,0
2024/05/24 星期五 00:08:01.816,1716480481816,NH-DC-NM224-J08-ROCE-ST-leaf-4.GPU.S9825,FourHundredGigE1/0/31,1692,658812,2284,693195,0,0
2024/05/24 星期五 00:08:02.320,1716480482320,NH-DC-NM224-J08-ROCE-ST-leaf-4.GPU.S9825,FourHundredGigE1/0/31,0,0,0,0,0,0
2024/05/24 星期五 00:08:02.822,1716480482822,NH-DC-NM224-J08-ROCE-ST-leaf-4.GPU.S9825,FourHundredGigE1/0/31,3096,994932,2631,968892,0,0
2024/05/24 星期五 00:08:03.322,1716480483322,NH-DC-NM224-J08-ROCE-ST-leaf-4.GPU.S9825,FourHundredGigE1/0/31,0,0,0,0,0,0
2024/05/24 星期五 00:08:03.822,1716480483822,NH-DC-NM224-J08-ROCE-ST-leaf-4.GPU.S9825,FourHundredGigE1/0/31,1112,449786,1647,480201,0,0
2024/05/24 星期五 00:08:04.321,1716480484321,NH-DC-NM224-J08-ROCE-ST-leaf-4.GPU.S9825,FourHundredGigE1/0/31,2466,814156,2245,799840,0,0
2024/05/24 星期五 00:08:04.823,1716480484823,NH-DC-NM224-J08-ROCE-ST-leaf-4.GPU.S9825,FourHundredGigE1/0/31,0,0,0,0,0,0
2024/05/24 星期五 00:08:05.323,1716480485323,NH-DC-NM224-J08-ROCE-ST-leaf-4.GPU.S9825,FourHundredGigE1/0/31,1452,533204,1745,549806,0,0
2024/05/24 星期五 00:08:05.822,1716480485822,NH-DC-NM224-J08-ROCE-ST-leaf-4.GPU.S9825,FourHundredGigE1/0/31,0,0,0,0,0,0
2024/05/24 星期五 00:08:06.910,1716480486910,NH-DC-NM224-J08-ROCE-ST-leaf-4.GPU.S9825,FourHundredGigE1/0/31,2238,780460,2355,787833,0,0
2024/05/24 星期五 00:08:07.410,1716480487410,NH-DC-NM224-J08-ROCE-ST-leaf-4.GPU.S9825,FourHundredGigE1/0/31,2028,741966,2377,761577,0,0
2024/05/24 星期五 00:08:07.914,1716480487914,NH-DC-NM224-J08-ROCE-ST-leaf-4.GPU.S9825,FourHundredGigE1/0/31,0,0,0,0,0,0
2024/05/24 星期五 00:08:08.417,1716480488417,NH-DC-NM224-J08-ROCE-ST-leaf-4.GPU.S9825,FourHundredGigE1/0/31,1966,712252,2264,729168,0,0
2024/05/24 星期五 00:08:08.917,1716480488917,NH-DC-NM224-J08-ROCE-ST-leaf-4.GPU.S9825,FourHundredGigE1/0/31,0,0,0,0,0,0
2024/05/24 星期五 00:08:09.419,1716480489419,NH-DC-NM224-J08-ROCE-ST-leaf-4.GPU.S9825,FourHundredGigE1/0/31,2298,785524,2293,784468,0,0
2024/05/24 星期五 00:08:09.922,1716480489922,NH-DC-NM224-J08-ROCE-ST-leaf-4.GPU.S9825,FourHundredGigE1/0/31,0,0,0,0,0,0
2024/05/24 星期五 00:08:10.421,1716480490421,NH-DC-NM224-J08-ROCE-ST-leaf-4.GPU.S9825,FourHundredGigE1/0/31,1922,686982,2149,699955,0,0
2024/05/24 星期五 00:08:10.921,1716480490921,NH-DC-NM224-J08-ROCE-ST-leaf-4.GPU.S9825,FourHundredGigE1/0/31,0,0,0,0,0,0
2024/05/24 星期五 00:08:11.422,1716480491422,NH-DC-NM224-J08-ROCE-ST-leaf-4.GPU.S9825,FourHundredGigE1/0/31,1912,672406,2063,681123,0,0
2024/05/24 星期五 00:08:11.921,1716480491921,NH-DC-NM224-J08-ROCE-ST-leaf-4.GPU.S9825,FourHundredGigE1/0/31,0,0,0,0,0,0
2024/05/24 星期五 00:08:12.423,1716480492423,NH-DC-NM224-J08-ROCE-ST-leaf-4.GPU.S9825,FourHundredGigE1/0/31,1576,560734,1762,571344,0,0
2024/05/24 星期五 00:08:12.928,1716480492928,NH-DC-NM224-J08-ROCE-ST-leaf-4.GPU.S9825,FourHundredGigE1/0/31,0,0,0,0,0,0
2024/05/24 星期五 00:08:13.426,1716480493426,NH-DC-NM224-J08-ROCE-ST-leaf-4.GPU.S9825,FourHundredGigE1/0/31,2042,716908,2186,725039,0,0
2024/05/24 星期五 00:08:13.925,1716480493925,NH-DC-NM224-J08-ROCE-ST-leaf-4.GPU.S9825,FourHundredGigE1/0/31,0,0,0,0,0,0
2024/05/24 星期五 00:08:14.429,1716480494429,NH-DC-NM224-J08-ROCE-ST-leaf-4.GPU.S9825,FourHundredGigE1/0/31,1968,686460,2073,691758,0,0
2024/05/24 星期五 00:08:14.929,1716480494929,NH-DC-NM224-J08-ROCE-ST-leaf-4.GPU.S9825,FourHundredGigE1/0/31,0,0,0,0,0,0
2024/05/24 星期五 00:08:15.429,1716480495429,NH-DC-NM224-J08-ROCE-ST-leaf-4.GPU.S9825,FourHundredGigE1/0/31,0,0,0,0,0,0
2024/05/24 星期五 00:08:15.930,1716480495930,NH-DC-NM224-J08-ROCE-ST-leaf-4.GPU.S9825,FourHundredGigE1/0/31,4271,1352336,3494,1310325,0,0
2024/05/24 星期五 00:08:16.590,1716480496590,NH-DC-NM224-J08-ROCE-ST-leaf-4.GPU.S9825,FourHundredGigE1/0/31,0,0,0,0,0,0
2024/05/24 星期五 00:08:17.092,1716480497092,NH-DC-NM224-J08-ROCE-ST-leaf-4.GPU.S9825,FourHundredGigE1/0/31,2742,968104,2967,982590,0,0
2024/05/24 星期五 00:08:17.594,1716480497594,NH-DC-NM224-J08-ROCE-ST-leaf-4.GPU.S9825,FourHundredGigE1/0/31,0,0,0,0,0,0
2024/05/24 星期五 00:08:18.097,1716480498097,NH-DC-NM224-J08-ROCE-ST-leaf-4.GPU.S9825,FourHundredGigE1/0/31,3780,1185706,3000,1142515,0,0
2024/05/24 星期五 00:08:18.598,1716480498598,NH-DC-NM224-J08-ROCE-ST-leaf-4.GPU.S9825,FourHundredGigE1/0/31,0,0,0,0,0,0
2024/05/24 星期五 00:08:19.098,1716480499098,NH-DC-NM224-J08-ROCE-ST-leaf-4.GPU.S9825,FourHundredGigE1/0/31,2851,979532,2882,983014,0,0
2024/05/24 星期五 00:08:19.597,1716480499597,NH-DC-NM224-J08-ROCE-ST-leaf-4.GPU.S9825,FourHundredGigE1/0/31,214,91782,378,95534,0,0
2024/05/24 星期五 00:08:20.103,1716480500103,NH-DC-NM224-J08-ROCE-ST-leaf-4.GPU.S9825,FourHundredGigE1/0/31,0,0,0,0,0,0
2024/05/24 星期五 00:08:20.603,1716480500603,NH-DC-NM224-J08-ROCE-ST-leaf-4.GPU.S9825,FourHundredGigE1/0/31,3267,1069340,2907,1049441,0,0
2024/05/24 星期五 00:08:21.104,1716480501104,NH-DC-NM224-J08-ROCE-ST-leaf-4.GPU.S9825,FourHundredGigE1/0/31,0,0,0,0,0,0
2024/05/24 星期五 00:08:21.606,1716480501606,NH-DC-NM224-J08-ROCE-ST-leaf-4.GPU.S9825,FourHundredGigE1/0/31,3323,1068096,2821,1040245,0,0
2024/05/24 星期五 00:08:22.110,1716480502110,NH-DC-NM224-J08-ROCE-ST-leaf-4.GPU.S9825,FourHundredGigE1/0/31,0,0,0,0,0,0
2024/05/24 星期五 00:08:22.609,1716480502609,NH-DC-NM224-J08-ROCE-ST-leaf-4.GPU.S9825,FourHundredGigE1/0/31,1898,669870,2064,679360,0,0
2024/05/24 星期五 00:08:23.111,1716480503111,NH-DC-NM224-J08-ROCE-ST-leaf-4.GPU.S9825,FourHundredGigE1/0/31,0,0,0,0,0,0
2024/05/24 星期五 00:08:23.625,1716480503625,NH-DC-NM224-J08-ROCE-ST-leaf-4.GPU.S9825,FourHundredGigE1/0/31,2875,933500,2517,913519,0,0
2024/05/24 星期五 00:08:24.128,1716480504128,NH-DC-NM224-J08-ROCE-ST-leaf-4.GPU.S9825,FourHundredGigE1/0/31,0,0,0,0,0,0
2024/05/24 星期五 00:08:24.629,1716480504629,NH-DC-NM224-J08-ROCE-ST-leaf-4.GPU.S9825,FourHundredGigE1/0/31,1425,529032,1746,546426,0,0
2024/05/24 星期五 00:08:25.130,1716480505130,NH-DC-NM224-J08-ROCE-ST-leaf-4.GPU.S9825,FourHundredGigE1/0/31,0,0,0,0,0,0
2024/05/24 星期五 00:08:25.629,1716480505629,NH-DC-NM224-J08-ROCE-ST-leaf-4.GPU.S9825,FourHundredGigE1/0/31,2020,738460,2364,758332,0,0
2024/05/24 星期五 00:08:26.134,1716480506134,NH-DC-NM224-J08-ROCE-ST-leaf-4.GPU.S9825,FourHundredGigE1/0/31,0,0,0,0,0,0
2024/05/24 星期五 00:08:26.647,1716480506647,NH-DC-NM224-J08-ROCE-ST-leaf-4.GPU.S9825,FourHundredGigE1/0/31,2611,871858,2463,863417,0,0
2024/05/24 星期五 00:08:27.150,1716480507150,NH-DC-NM224-J08-ROCE-ST-leaf-4.GPU.S9825,FourHundredGigE1/0/31,0,0,0,0,0,0
2024/05/24 星期五 00:08:27.662,1716480507662,NH-DC-NM224-J08-ROCE-ST-leaf-4.GPU.S9825,FourHundredGigE1/0/31,2345,821046,2482,828979,0,0
2024/05/24 星期五 00:08:28.161,1716480508161,NH-DC-NM224-J08-ROCE-ST-leaf-4.GPU.S9825,FourHundredGigE1/0/31,0,0,0,0,0,0
2024/05/24 星期五 00:08:28.665,1716480508665,NH-DC-NM224-J08-ROCE-ST-leaf-4.GPU.S9825,FourHundredGigE1/0/31,2091,742458,2296,753972,0,0
2024/05/24 星期五 00:08:29.168,1716480509168,NH-DC-NM224-J08-ROCE-ST-leaf-4.GPU.S9825,FourHundredGigE1/0/31,0,0,0,0,0,0
2024/05/24 星期五 00:08:29.670,1716480509670,NH-DC-NM224-J08-ROCE-ST-leaf-4.GPU.S9825,FourHundredGigE1/0/31,1678,593124,1833,601028,0,0
2024/05/24 星期五 00:08:30.169,1716480510169,NH-DC-NM224-J08-ROCE-ST-leaf-4.GPU.S9825,FourHundredGigE1/0/31,0,0,0,0,0,0
2024/05/24 星期五 00:08:30.673,1716480510673,NH-DC-NM224-J08-ROCE-ST-leaf-4.GPU.S9825,FourHundredGigE1/0/31,2032,695778,2059,697745,0,0
2024/05/24 星期五 00:08:31.175,1716480511175,NH-DC-NM224-J08-ROCE-ST-leaf-4.GPU.S9825,FourHundredGigE1/0/31,0,0,0,0,0,0
2024/05/24 星期五 00:08:31.673,1716480511673,NH-DC-NM224-J08-ROCE-ST-leaf-4.GPU.S9825,FourHundredGigE1/0/31,1379,542694,1912,572803,0,0
2024/05/24 星期五 00:08:32.174,1716480512174,NH-DC-NM224-J08-ROCE-ST-leaf-4.GPU.S9825,FourHundredGigE1/0/31,0,0,0,0,0,0
2024/05/24 星期五 00:08:32.673,1716480512673,NH-DC-NM224-J08-ROCE-ST-leaf-4.GPU.S9825,FourHundredGigE1/0/31,2872,982834,2860,982356,0,0
2024/05/24 星期五 00:08:33.174,1716480513174,NH-DC-NM224-J08-ROCE-ST-leaf-4.GPU.S9825,FourHundredGigE1/0/31,0,0,0,0,0,0
2024/05/24 星期五 00:08:33.978,1716480513978,NH-DC-NM224-J08-ROCE-ST-leaf-4.GPU.S9825,FourHundredGigE1/0/31,2925,949878,2560,929505,0,0
2024/05/24 星期五 00:08:34.479,1716480514479,NH-DC-NM224-J08-ROCE-ST-leaf-4.GPU.S9825,FourHundredGigE1/0/31,1126,455340,1653,484076,0,0
2024/05/24 星期五 00:08:34.981,1716480514981,NH-DC-NM224-J08-ROCE-ST-leaf-4.GPU.S9825,FourHundredGigE1/0/31,0,0,0,0,0,0
2024/05/24 星期五 00:08:35.483,1716480515483,NH-DC-NM224-J08-ROCE-ST-leaf-4.GPU.S9825,FourHundredGigE1/0/31,3598,1119850,2794,1075020,0,0
2024/05/24 星期五 00:08:35.984,1716480515984,NH-DC-NM224-J08-ROCE-ST-leaf-4.GPU.S9825,FourHundredGigE1/0/31,0,0,0,0,0,0
2024/05/24 星期五 00:08:36.483,1716480516483,NH-DC-NM224-J08-ROCE-ST-leaf-4.GPU.S9825,FourHundredGigE1/0/31,1353,530734,1869,560451,0,0
2024/05/24 星期五 00:08:36.982,1716480516982,NH-DC-NM224-J08-ROCE-ST-leaf-4.GPU.S9825,FourHundredGigE1/0/31,0,0,0,0,0,0
2024/05/24 星期五 00:08:37.481,1716480517481,NH-DC-NM224-J08-ROCE-ST-leaf-4.GPU.S9825,FourHundredGigE1/0/31,2548,847744,2384,838821,0,0
2024/05/24 星期五 00:08:37.983,1716480517983,NH-DC-NM224-J08-ROCE-ST-leaf-4.GPU.S9825,FourHundredGigE1/0/31,0,0,0,0,0,0
2024/05/24 星期五 00:08:38.492,1716480518492,NH-DC-NM224-J08-ROCE-ST-leaf-4.GPU.S9825,FourHundredGigE1/0/31,3239,1041076,2753,1013894,0,0
2024/05/24 星期五 00:08:38.994,1716480518994,NH-DC-NM224-J08-ROCE-ST-leaf-4.GPU.S9825,FourHundredGigE1/0/31,0,0,0,0,0,0
2024/05/24 星期五 00:08:39.495,1716480519495,NH-DC-NM224-J08-ROCE-ST-leaf-4.GPU.S9825,FourHundredGigE1/0/31,2061,717064,2152,721384,0,0
2024/05/24 星期五 00:08:39.999,1716480519999,NH-DC-NM224-J08-ROCE-ST-leaf-4.GPU.S9825,FourHundredGigE1/0/31,0,0,0,0,0,0
2024/05/24 星期五 00:08:40.497,1716480520497,NH-DC-NM224-J08-ROCE-ST-leaf-4.GPU.S9825,FourHundredGigE1/0/31,2025,691965,2047,698288,0,0
2024/05/24 星期五 00:08:40.999,1716480520999,NH-DC-NM224-J08-ROCE-ST-leaf-4.GPU.S9825,FourHundredGigE1/0/31,0,0,0,0,0,0
2024/05/24 星期五 00:08:41.502,1716480521502,NH-DC-NM224-J08-ROCE-ST-leaf-4.GPU.S9825,FourHundredGigE1/0/31,2792,956024,2790,956367,0,0
2024/05/24 星期五 00:08:42.010,1716480522010,NH-DC-NM224-J08-ROCE-ST-leaf-4.GPU.S9825,FourHundredGigE1/0/31,0,0,0,0,0,0
2024/05/24 星期五 00:08:42.509,1716480522509,NH-DC-NM224-J08-ROCE-ST-leaf-4.GPU.S9825,FourHundredGigE1/0/31,2258,777192,2301,779794,0,0
2024/05/24 星期五 00:08:43.034,1716480523034,NH-DC-NM224-J08-ROCE-ST-leaf-4.GPU.S9825,FourHundredGigE1/0/31,0,0,0,0,0,0
2024/05/24 星期五 00:08:43.549,1716480523549,NH-DC-NM224-J08-ROCE-ST-leaf-4.GPU.S9825,FourHundredGigE1/0/31,1520,569416,1898,590651,0,0
2024/05/24 星期五 00:08:44.049,1716480524049,NH-DC-NM224-J08-ROCE-ST-leaf-4.GPU.S9825,FourHundredGigE1/0/31,0,0,0,0,0,0
2024/05/24 星期五 00:08:44.554,1716480524554,NH-DC-NM224-J08-ROCE-ST-leaf-4.GPU.S9825,FourHundredGigE1/0/31,706,324510,1338,359126,0,0
2024/05/24 星期五 00:08:45.055,1716480525055,NH-DC-NM224-J08-ROCE-ST-leaf-4.GPU.S9825,FourHundredGigE1/0/31,0,0,0,0,0,0
2024/05/24 星期五 00:08:45.554,1716480525554,NH-DC-NM224-J08-ROCE-ST-leaf-4.GPU.S9825,FourHundredGigE1/0/31,2807,897288,2364,872674,0,0
2024/05/24 星期五 00:08:46.055,1716480526055,NH-DC-NM224-J08-ROCE-ST-leaf-4.GPU.S9825,FourHundredGigE1/0/31,0,0,0,0,0,0
2024/05/24 星期五 00:08:46.558,1716480526558,NH-DC-NM224-J08-ROCE-ST-leaf-4.GPU.S9825,FourHundredGigE1/0/31,2413,816978,2362,814577,0,0
2024/05/24 星期五 00:08:47.061,1716480527061,NH-DC-NM224-J08-ROCE-ST-leaf-4.GPU.S9825,FourHundredGigE1/0/31,0,0,0,0,0,0
2024/05/24 星期五 00:08:47.575,1716480527575,NH-DC-NM224-J08-ROCE-ST-leaf-4.GPU.S9825,FourHundredGigE1/0/31,2194,758361,2265,763956,0,0
2024/05/24 星期五 00:08:48.078,1716480528078,NH-DC-NM224-J08-ROCE-ST-leaf-4.GPU.S9825,FourHundredGigE1/0/31,0,0,0,0,0,0
2024/05/24 星期五 00:08:48.596,1716480528596,NH-DC-NM224-J08-ROCE-ST-leaf-4.GPU.S9825,FourHundredGigE1/0/31,1703,621497,2013,641360,0,0
2024/05/24 星期五 00:08:49.098,1716480529098,NH-DC-NM224-J08-ROCE-ST-leaf-4.GPU.S9825,FourHundredGigE1/0/31,0,0,0,0,0,0
2024/05/24 星期五 00:08:49.601,1716480529601,NH-DC-NM224-J08-ROCE-ST-leaf-4.GPU.S9825,FourHundredGigE1/0/31,1149,470644,1726,502180,0,0
2024/05/24 星期五 00:08:50.104,1716480530104,NH-DC-NM224-J08-ROCE-ST-leaf-4.GPU.S9825,FourHundredGigE1/0/31,0,0,0,0,0,0
2024/05/24 星期五 00:08:50.605,1716480530605,NH-DC-NM224-J08-ROCE-ST-leaf-4.GPU.S9825,FourHundredGigE1/0/31,1851,640082,1926,644543,0,0
2024/05/24 星期五 00:08:51.107,1716480531107,NH-DC-NM224-J08-ROCE-ST-leaf-4.GPU.S9825,FourHundredGigE1/0/31,0,0,0,0,0,0
2024/05/24 星期五 00:08:51.607,1716480531607,NH-DC-NM224-J08-ROCE-ST-leaf-4.GPU.S9825,FourHundredGigE1/0/31,1419,511654,1646,524821,0,0
2024/05/24 星期五 00:08:52.106,1716480532106,NH-DC-NM224-J08-ROCE-ST-leaf-4.GPU.S9825,FourHundredGigE1/0/31,0,0,0,0,0,0
2024/05/24 星期五 00:08:52.609,1716480532609,NH-DC-NM224-J08-ROCE-ST-leaf-4.GPU.S9825,FourHundredGigE1/0/31,1489,553234,1831,572580,0,0
2024/05/24 星期五 00:08:53.109,1716480533109,NH-DC-NM224-J08-ROCE-ST-leaf-4.GPU.S9825,FourHundredGigE1/0/31,0,0,0,0,0,0
2024/05/24 星期五 00:08:53.610,1716480533610,NH-DC-NM224-J08-ROCE-ST-leaf-4.GPU.S9825,FourHundredGigE1/0/31,1620,617064,2086,643227,0,0
2024/05/24 星期五 00:08:54.114,1716480534114,NH-DC-NM224-J08-ROCE-ST-leaf-4.GPU.S9825,FourHundredGigE1/0/31,0,0,0,0,0,0
2024/05/24 星期五 00:08:54.614,1716480534614,NH-DC-NM224-J08-ROCE-ST-leaf-4.GPU.S9825,FourHundredGigE1/0/31,1796,633020,1943,640476,0,0
2024/05/24 星期五 00:08:55.117,1716480535117,NH-DC-NM224-J08-ROCE-ST-leaf-4.GPU.S9825,FourHundredGigE1/0/31,0,0,0,0,0,0
2024/05/24 星期五 00:08:55.616,1716480535616,NH-DC-NM224-J08-ROCE-ST-leaf-4.GPU.S9825,FourHundredGigE1/0/31,2249,769325,2265,775224,0,0
2024/05/24 星期五 00:08:56.117,1716480536117,NH-DC-NM224-J08-ROCE-ST-leaf-4.GPU.S9825,FourHundredGigE1/0/31,0,0,0,0,0,0
2024/05/24 星期五 00:08:56.643,1716480536643,NH-DC-NM224-J08-ROCE-ST-leaf-4.GPU.S9825,FourHundredGigE1/0/31,3048,993136,2690,973543,0,0
2024/05/24 星期五 00:08:57.583,1716480537583,NH-DC-NM224-J08-ROCE-ST-leaf-4.GPU.S9825,FourHundredGigE1/0/31,1781,626088,1927,634525,0,0
2024/05/24 星期五 00:08:58.082,1716480538082,NH-DC-NM224-J08-ROCE-ST-leaf-4.GPU.S9825,FourHundredGigE1/0/31,0,0,0,0,0,0
2024/05/24 星期五 00:08:58.581,1716480538581,NH-DC-NM224-J08-ROCE-ST-leaf-4.GPU.S9825,FourHundredGigE1/0/31,1740,654036,2176,678486,0,0
2024/05/24 星期五 00:08:59.081,1716480539081,NH-DC-NM224-J08-ROCE-ST-leaf-4.GPU.S9825,FourHundredGigE1/0/31,0,0,0,0,0,0
2024/05/24 星期五 00:08:59.583,1716480539583,NH-DC-NM224-J08-ROCE-ST-leaf-4.GPU.S9825,FourHundredGigE1/0/31,2236,758400,2193,755216,0,0
2024/05/24 星期五 00:09:00.086,1716480540086,NH-DC-NM224-J08-ROCE-ST-leaf-4.GPU.S9825,FourHundredGigE1/0/31,0,0,0,0,0,0
2024/05/24 星期五 00:09:00.594,1716480540594,NH-DC-NM224-J08-ROCE-ST-leaf-4.GPU.S9825,FourHundredGigE1/0/31,2935,955785,2597,943217,0,0
2024/05/24 星期五 00:09:01.097,1716480541097,NH-DC-NM224-J08-ROCE-ST-leaf-4.GPU.S9825,FourHundredGigE1/0/31,0,0,0,0,0,0
2024/05/24 星期五 00:09:01.597,1716480541597,NH-DC-NM224-J08-ROCE-ST-leaf-4.GPU.S9825,FourHundredGigE1/0/31,1159,471252,1726,502169,0,0
2024/05/24 星期五 00:09:02.098,1716480542098,NH-DC-NM224-J08-ROCE-ST-leaf-4.GPU.S9825,FourHundredGigE1/0/31,0,0,0,0,0,0
2024/05/24 星期五 00:09:02.601,1716480542601,NH-DC-NM224-J08-ROCE-ST-leaf-4.GPU.S9825,FourHundredGigE1/0/31,3365,1055994,2679,1017772,0,0
2024/05/24 星期五 00:09:03.102,1716480543102,NH-DC-NM224-J08-ROCE-ST-leaf-4.GPU.S9825,FourHundredGigE1/0/31,0,0,0,0,0,0
2024/05/24 星期五 00:09:03.606,1716480543606,NH-DC-NM224-J08-ROCE-ST-leaf-4.GPU.S9825,FourHundredGigE1/0/31,2376,803064,2316,800631,0,0
2024/05/24 星期五 00:09:04.110,1716480544110,NH-DC-NM224-J08-ROCE-ST-leaf-4.GPU.S9825,FourHundredGigE1/0/31,0,0,0,0,0,0
2024/05/24 星期五 00:09:04.612,1716480544612,NH-DC-NM224-J08-ROCE-ST-leaf-4.GPU.S9825,FourHundredGigE1/0/31,1291,468084,1510,478712,0,0
2024/05/24 星期五 00:09:05.114,1716480545114,NH-DC-NM224-J08-ROCE-ST-leaf-4.GPU.S9825,FourHundredGigE1/0/31,0,0,0,0,0,0
2024/05/24 星期五 00:09:05.619,1716480545619,NH-DC-NM224-J08-ROCE-ST-leaf-4.GPU.S9825,FourHundredGigE1/0/31,1414,545092,1879,571326,0,0
2024/05/24 星期五 00:09:06.123,1716480546123,NH-DC-NM224-J08-ROCE-ST-leaf-4.GPU.S9825,FourHundredGigE1/0/31,0,0,0,0,0,0
2024/05/24 星期五 00:09:06.627,1716480546627,NH-DC-NM224-J08-ROCE-ST-leaf-4.GPU.S9825,FourHundredGigE1/0/31,2646,903164,2629,902839,0,0
2024/05/24 星期五 00:09:07.127,1716480547127,NH-DC-NM224-J08-ROCE-ST-leaf-4.GPU.S9825,FourHundredGigE1/0/31,0,0,0,0,0,0
2024/05/24 星期五 00:09:08.015,1716480548015,NH-DC-NM224-J08-ROCE-ST-leaf-4.GPU.S9825,FourHundredGigE1/0/31,2403,802402,2276,795745,0,0
2024/05/24 星期五 00:09:08.517,1716480548517,NH-DC-NM224-J08-ROCE-ST-leaf-4.GPU.S9825,FourHundredGigE1/0/31,1563,588060,1969,610830,0,0
2024/05/24 星期五 00:09:09.030,1716480549030,NH-DC-NM224-J08-ROCE-ST-leaf-4.GPU.S9825,FourHundredGigE1/0/31,0,0,0,0,0,0
2024/05/24 星期五 00:09:09.533,1716480549533,NH-DC-NM224-J08-ROCE-ST-leaf-4.GPU.S9825,FourHundredGigE1/0/31,2771,901802,2435,882210,0,0
2024/05/24 星期五 00:09:10.034,1716480550034,NH-DC-NM224-J08-ROCE-ST-leaf-4.GPU.S9825,FourHundredGigE1/0/31,0,0,0,0,0,0
2024/05/24 星期五 00:09:10.533,1716480550533,NH-DC-NM224-J08-ROCE-ST-leaf-4.GPU.S9825,FourHundredGigE1/0/31,2582,836108,2259,818281,0,0
2024/05/24 星期五 00:09:11.044,1716480551044,NH-DC-NM224-J08-ROCE-ST-leaf-4.GPU.S9825,FourHundredGigE1/0/31,0,0,0,0,0,0
2024/05/24 星期五 00:09:11.546,1716480551546,NH-DC-NM224-J08-ROCE-ST-leaf-4.GPU.S9825,FourHundredGigE1/0/31,2102,735168,2230,742597,0,0
2024/05/24 星期五 00:09:12.047,1716480552047,NH-DC-NM224-J08-ROCE-ST-leaf-4.GPU.S9825,FourHundredGigE1/0/31,0,0,0,0,0,0
2024/05/24 星期五 00:09:12.550,1716480552550,NH-DC-NM224-J08-ROCE-ST-leaf-4.GPU.S9825,FourHundredGigE1/0/31,1131,453478,1645,482650,0,0
2024/05/24 星期五 00:09:13.054,1716480553054,NH-DC-NM224-J08-ROCE-ST-leaf-4.GPU.S9825,FourHundredGigE1/0/31,0,0,0,0,0,0
2024/05/24 星期五 00:09:13.558,1716480553558,NH-DC-NM224-J08-ROCE-ST-leaf-4.GPU.S9825,FourHundredGigE1/0/31,2685,889572,2480,878177,0,0
2024/05/24 星期五 00:09:14.062,1716480554062,NH-DC-NM224-J08-ROCE-ST-leaf-4.GPU.S9825,FourHundredGigE1/0/31,0,0,0,0,0,0
2024/05/24 星期五 00:09:14.561,1716480554561,NH-DC-NM224-J08-ROCE-ST-leaf-4.GPU.S9825,FourHundredGigE1/0/31,1135,418176,1386,431456,0,0
2024/05/24 星期五 00:09:15.061,1716480555061,NH-DC-NM224-J08-ROCE-ST-leaf-4.GPU.S9825,FourHundredGigE1/0/31,0,0,0,0,0,0
2024/05/24 星期五 00:09:15.582,1716480555582,NH-DC-NM224-J08-ROCE-ST-leaf-4.GPU.S9825,FourHundredGigE1/0/31,1597,572422,1813,584712,0,0
2024/05/24 星期五 00:09:16.087,1716480556087,NH-DC-NM224-J08-ROCE-ST-leaf-4.GPU.S9825,FourHundredGigE1/0/31,0,0,0,0,0,0
2024/05/24 星期五 00:09:16.586,1716480556586,NH-DC-NM224-J08-ROCE-ST-leaf-4.GPU.S9825,FourHundredGigE1/0/31,1957,669826,2003,672649,0,0
2024/05/24 星期五 00:09:17.088,1716480557088,NH-DC-NM224-J08-ROCE-ST-leaf-4.GPU.S9825,FourHundredGigE1/0/31,0,0,0,0,0,0
2024/05/24 星期五 00:09:17.588,1716480557588,NH-DC-NM224-J08-ROCE-ST-leaf-4.GPU.S9825,FourHundredGigE1/0/31,3290,1044840,2729,1013969,0,0
2024/05/24 星期五 00:09:18.085,1716480558085,NH-DC-NM224-J08-ROCE-ST-leaf-4.GPU.S9825,FourHundredGigE1/0/31,0,0,0,0,0,0
2024/05/24 星期五 00:09:19.091,1716480559091,NH-DC-NM224-J08-ROCE-ST-leaf-4.GPU.S9825,FourHundredGigE1/0/31,2532,848184,2410,841386,0,0
2024/05/24 星期五 00:09:19.613,1716480559613,NH-DC-NM224-J08-ROCE-ST-leaf-4.GPU.S9825,FourHundredGigE1/0/31,1511,565368,1872,584614,0,0
2024/05/24 星期五 00:09:20.123,1716480560123,NH-DC-NM224-J08-ROCE-ST-leaf-4.GPU.S9825,FourHundredGigE1/0/31,0,0,0,0,0,0
2024/05/24 星期五 00:09:21.088,1716480561088,NH-DC-NM224-J08-ROCE-ST-leaf-4.GPU.S9825,FourHundredGigE1/0/31,2548,836802,2311,823985,0,0
2024/05/24 星期五 00:09:21.599,1716480561599,NH-DC-NM224-J08-ROCE-ST-leaf-4.GPU.S9825,FourHundredGigE1/0/31,1874,662386,2045,672029,0,0
2024/05/24 星期五 00:09:22.111,1716480562111,NH-DC-NM224-J08-ROCE-ST-leaf-4.GPU.S9825,FourHundredGigE1/0/31,0,0,0,0,0,0
2024/05/24 星期五 00:09:22.613,1716480562613,NH-DC-NM224-J08-ROCE-ST-leaf-4.GPU.S9825,FourHundredGigE1/0/31,2002,728270,2324,746884,0,0
2024/05/24 星期五 00:09:23.117,1716480563117,NH-DC-NM224-J08-ROCE-ST-leaf-4.GPU.S9825,FourHundredGigE1/0/31,0,0,0,0,0,0
2024/05/24 星期五 00:09:23.617,1716480563617,NH-DC-NM224-J08-ROCE-ST-leaf-4.GPU.S9825,FourHundredGigE1/0/31,1178,480184,1760,512843,0,0
2024/05/24 星期五 00:09:24.119,1716480564119,NH-DC-NM224-J08-ROCE-ST-leaf-4.GPU.S9825,FourHundredGigE1/0/31,0,0,0,0,0,0
2024/05/24 星期五 00:09:24.622,1716480564622,NH-DC-NM224-J08-ROCE-ST-leaf-4.GPU.S9825,FourHundredGigE1/0/31,2171,728910,2079,722788,0,0
2024/05/24 星期五 00:09:25.132,1716480565132,NH-DC-NM224-J08-ROCE-ST-leaf-4.GPU.S9825,FourHundredGigE1/0/31,0,0,0,0,0,0
2024/05/24 星期五 00:09:25.633,1716480565633,NH-DC-NM224-J08-ROCE-ST-leaf-4.GPU.S9825,FourHundredGigE1/0/31,2435,820400,2354,816252,0,0
2024/05/24 星期五 00:09:26.136,1716480566136,NH-DC-NM224-J08-ROCE-ST-leaf-4.GPU.S9825,FourHundredGigE1/0/31,0,0,0,0,0,0
2024/05/24 星期五 00:09:26.656,1716480566656,NH-DC-NM224-J08-ROCE-ST-leaf-4.GPU.S9825,FourHundredGigE1/0/31,1077,426794,1536,452759,0,0
2024/05/24 星期五 00:09:27.157,1716480567157,NH-DC-NM224-J08-ROCE-ST-leaf-4.GPU.S9825,FourHundredGigE1/0/31,0,0,0,0,0,0
2024/05/24 星期五 00:09:27.658,1716480567658,NH-DC-NM224-J08-ROCE-ST-leaf-4.GPU.S9825,FourHundredGigE1/0/31,1720,595962,1807,601289,0,0
2024/05/24 星期五 00:09:28.161,1716480568161,NH-DC-NM224-J08-ROCE-ST-leaf-4.GPU.S9825,FourHundredGigE1/0/31,0,0,0,0,0,0
2024/05/24 星期五 00:09:28.665,1716480568665,NH-DC-NM224-J08-ROCE-ST-leaf-4.GPU.S9825,FourHundredGigE1/0/31,2624,889690,2567,886532,0,0
2024/05/24 星期五 00:09:29.184,1716480569184,NH-DC-NM224-J08-ROCE-ST-leaf-4.GPU.S9825,FourHundredGigE1/0/31,0,0,0,0,0,0
2024/05/24 星期五 00:09:29.685,1716480569685,NH-DC-NM224-J08-ROCE-ST-leaf-4.GPU.S9825,FourHundredGigE1/0/31,1049,421674,1527,447472,0,0
2024/05/24 星期五 00:09:30.188,1716480570188,NH-DC-NM224-J08-ROCE-ST-leaf-4.GPU.S9825,FourHundredGigE1/0/31,0,0,0,0,0,0
2024/05/24 星期五 00:09:30.690,1716480570690,NH-DC-NM224-J08-ROCE-ST-leaf-4.GPU.S9825,FourHundredGigE1/0/31,1616,580940,1848,594387,0,0
2024/05/24 星期五 00:09:31.207,1716480571207,NH-DC-NM224-J08-ROCE-ST-leaf-4.GPU.S9825,FourHundredGigE1/0/31,0,0,0,0,0,0
2024/05/24 星期五 00:09:31.710,1716480571710,NH-DC-NM224-J08-ROCE-ST-leaf-4.GPU.S9825,FourHundredGigE1/0/31,1178,477118,1739,508601,0,0
2024/05/24 星期五 00:09:32.209,1716480572209,NH-DC-NM224-J08-ROCE-ST-leaf-4.GPU.S9825,FourHundredGigE1/0/31,0,0,0,0,0,0
2024/05/24 星期五 00:09:32.733,1716480572733,NH-DC-NM224-J08-ROCE-ST-leaf-4.GPU.S9825,FourHundredGigE1/0/31,1727,624386,1991,639558,0,0
2024/05/24 星期五 00:09:33.234,1716480573234,NH-DC-NM224-J08-ROCE-ST-leaf-4.GPU.S9825,FourHundredGigE1/0/31,0,0,0,0,0,0
2024/05/24 星期五 00:09:33.734,1716480573734,NH-DC-NM224-J08-ROCE-ST-leaf-4.GPU.S9825,FourHundredGigE1/0/31,1875,704498,2334,730463,0,0
2024/05/24 星期五 00:09:34.233,1716480574233,NH-DC-NM224-J08-ROCE-ST-leaf-4.GPU.S9825,FourHundredGigE1/0/31,0,0,0,0,0,0
2024/05/24 星期五 00:09:34.733,1716480574733,NH-DC-NM224-J08-ROCE-ST-leaf-4.GPU.S9825,FourHundredGigE1/0/31,1151,467682,1701,497512,0,0
2024/05/24 星期五 00:09:35.234,1716480575234,NH-DC-NM224-J08-ROCE-ST-leaf-4.GPU.S9825,FourHundredGigE1/0/31,0,0,0,0,0,0
2024/05/24 星期五 00:09:35.746,1716480575746,NH-DC-NM224-J08-ROCE-ST-leaf-4.GPU.S9825,FourHundredGigE1/0/31,1514,573997,1946,602480,0,0
2024/05/24 星期五 00:09:36.247,1716480576247,NH-DC-NM224-J08-ROCE-ST-leaf-4.GPU.S9825,FourHundredGigE1/0/31,2623,908438,2695,912903,0,0
2024/05/24 星期五 00:09:36.750,1716480576750,NH-DC-NM224-J08-ROCE-ST-leaf-4.GPU.S9825,FourHundredGigE1/0/31,0,0,0,0,0,0
2024/05/24 星期五 00:09:37.250,1716480577250,NH-DC-NM224-J08-ROCE-ST-leaf-4.GPU.S9825,FourHundredGigE1/0/31,0,0,0,0,0,0
2024/05/24 星期五 00:09:37.751,1716480577751,NH-DC-NM224-J08-ROCE-ST-leaf-4.GPU.S9825,FourHundredGigE1/0/31,2551,841788,2341,830483,0,0
2024/05/24 星期五 00:09:38.253,1716480578253,NH-DC-NM224-J08-ROCE-ST-leaf-4.GPU.S9825,FourHundredGigE1/0/31,0,0,0,0,0,0
2024/05/24 星期五 00:09:38.753,1716480578753,NH-DC-NM224-J08-ROCE-ST-leaf-4.GPU.S9825,FourHundredGigE1/0/31,2257,783696,2343,787466,0,0
2024/05/24 星期五 00:09:39.256,1716480579256,NH-DC-NM224-J08-ROCE-ST-leaf-4.GPU.S9825,FourHundredGigE1/0/31,1954,669932,1983,671860,0,0
2024/05/24 星期五 00:09:39.757,1716480579757,NH-DC-NM224-J08-ROCE-ST-leaf-4.GPU.S9825,FourHundredGigE1/0/31,0,0,0,0,0,0
2024/05/24 星期五 00:09:40.257,1716480580257,NH-DC-NM224-J08-ROCE-ST-leaf-4.GPU.S9825,FourHundredGigE1/0/31,0,0,0,0,0,0
2024/05/24 星期五 00:09:40.783,1716480580783,NH-DC-NM224-J08-ROCE-ST-leaf-4.GPU.S9825,FourHundredGigE1/0/31,2506,835417,2366,832862,0,0
2024/05/24 星期五 00:09:41.294,1716480581294,NH-DC-NM224-J08-ROCE-ST-leaf-4.GPU.S9825,FourHundredGigE1/0/31,1504,551000,1794,567307,0,0
2024/05/24 星期五 00:09:41.795,1716480581795,NH-DC-NM224-J08-ROCE-ST-leaf-4.GPU.S9825,FourHundredGigE1/0/31,0,0,0,0,0,0
2024/05/24 星期五 00:09:42.298,1716480582298,NH-DC-NM224-J08-ROCE-ST-leaf-4.GPU.S9825,FourHundredGigE1/0/31,1468,549446,1838,570748,0,0
2024/05/24 星期五 00:09:42.797,1716480582797,NH-DC-NM224-J08-ROCE-ST-leaf-4.GPU.S9825,FourHundredGigE1/0/31,0,0,0,0,0,0
2024/05/24 星期五 00:09:43.297,1716480583297,NH-DC-NM224-J08-ROCE-ST-leaf-4.GPU.S9825,FourHundredGigE1/0/31,0,0,0,0,0,0
2024/05/24 星期五 00:09:43.797,1716480583797,NH-DC-NM224-J08-ROCE-ST-leaf-4.GPU.S9825,FourHundredGigE1/0/31,2861,917832,2431,894013,0,0
2024/05/24 星期五 00:09:44.294,1716480584294,NH-DC-NM224-J08-ROCE-ST-leaf-4.GPU.S9825,FourHundredGigE1/0/31,2559,822024,2178,799524,0,0
2024/05/24 星期五 00:09:45.192,1716480585192,NH-DC-NM224-J08-ROCE-ST-leaf-4.GPU.S9825,FourHundredGigE1/0/31,0,0,0,0,0,0
2024/05/24 星期五 00:09:45.693,1716480585693,NH-DC-NM224-J08-ROCE-ST-leaf-4.GPU.S9825,FourHundredGigE1/0/31,2107,739828,2254,748254,0,0
2024/05/24 星期五 00:09:46.197,1716480586197,NH-DC-NM224-J08-ROCE-ST-leaf-4.GPU.S9825,FourHundredGigE1/0/31,0,0,0,0,0,0
2024/05/24 星期五 00:09:46.702,1716480586702,NH-DC-NM224-J08-ROCE-ST-leaf-4.GPU.S9825,FourHundredGigE1/0/31,1710,618170,1971,633047,0,0
2024/05/24 星期五 00:09:47.200,1716480587200,NH-DC-NM224-J08-ROCE-ST-leaf-4.GPU.S9825,FourHundredGigE1/0/31,0,0,0,0,0,0
2024/05/24 星期五 00:09:47.703,1716480587703,NH-DC-NM224-J08-ROCE-ST-leaf-4.GPU.S9825,FourHundredGigE1/0/31,2450,818411,2373,835852,0,0
2024/05/24 星期五 00:09:48.215,1716480588215,NH-DC-NM224-J08-ROCE-ST-leaf-4.GPU.S9825,FourHundredGigE1/0/31,0,0,0,0,0,0
2024/05/24 星期五 00:09:48.730,1716480588730,NH-DC-NM224-J08-ROCE-ST-leaf-4.GPU.S9825,FourHundredGigE1/0/31,2437,799155,2211,788085,0,0
2024/05/24 星期五 00:09:49.229,1716480589229,NH-DC-NM224-J08-ROCE-ST-leaf-4.GPU.S9825,FourHundredGigE1/0/31,0,0,0,0,0,0
2024/05/24 星期五 00:09:49.734,1716480589734,NH-DC-NM224-J08-ROCE-ST-leaf-4.GPU.S9825,FourHundredGigE1/0/31,1863,665234,2069,675800,0,0
2024/05/24 星期五 00:09:50.249,1716480590249,NH-DC-NM224-J08-ROCE-ST-leaf-4.GPU.S9825,FourHundredGigE1/0/31,0,0,0,0,0,0
2024/05/24 星期五 00:09:50.753,1716480590753,NH-DC-NM224-J08-ROCE-ST-leaf-4.GPU.S9825,FourHundredGigE1/0/31,2104,742288,2276,752181,0,0
2024/05/24 星期五 00:09:51.254,1716480591254,NH-DC-NM224-J08-ROCE-ST-leaf-4.GPU.S9825,FourHundredGigE1/0/31,1517,600792,2119,634765,0,0
2024/05/24 星期五 00:09:51.750,1716480591750,NH-DC-NM224-J08-ROCE-ST-leaf-4.GPU.S9825,FourHundredGigE1/0/31,0,0,0,0,0,0
2024/05/24 星期五 00:09:52.251,1716480592251,NH-DC-NM224-J08-ROCE-ST-leaf-4.GPU.S9825,FourHundredGigE1/0/31,1475,547202,1811,566406,0,0
2024/05/24 星期五 00:09:52.753,1716480592753,NH-DC-NM224-J08-ROCE-ST-leaf-4.GPU.S9825,FourHundredGigE1/0/31,0,0,0,0,0,0
2024/05/24 星期五 00:09:53.253,1716480593253,NH-DC-NM224-J08-ROCE-ST-leaf-4.GPU.S9825,FourHundredGigE1/0/31,0,0,0,0,0,0
2024/05/24 星期五 00:09:53.754,1716480593754,NH-DC-NM224-J08-ROCE-ST-leaf-4.GPU.S9825,FourHundredGigE1/0/31,2469,838534,2438,838257,0,0
2024/05/24 星期五 00:09:54.254,1716480594254,NH-DC-NM224-J08-ROCE-ST-leaf-4.GPU.S9825,FourHundredGigE1/0/31,1288,471380,1529,482708,0,0
2024/05/24 星期五 00:09:54.758,1716480594758,NH-DC-NM224-J08-ROCE-ST-leaf-4.GPU.S9825,FourHundredGigE1/0/31,0,0,0,0,0,0
2024/05/24 星期五 00:09:55.258,1716480595258,NH-DC-NM224-J08-ROCE-ST-leaf-4.GPU.S9825,FourHundredGigE1/0/31,0,0,0,0,0,0
2024/05/24 星期五 00:09:55.757,1716480595757,NH-DC-NM224-J08-ROCE-ST-leaf-4.GPU.S9825,FourHundredGigE1/0/31,1993,680967,2014,687146,0,0
2024/05/24 星期五 00:09:56.257,1716480596257,NH-DC-NM224-J08-ROCE-ST-leaf-4.GPU.S9825,FourHundredGigE1/0/31,0,0,0,0,0,0
2024/05/24 星期五 00:09:56.758,1716480596758,NH-DC-NM224-J08-ROCE-ST-leaf-4.GPU.S9825,FourHundredGigE1/0/31,2140,728536,2132,728349,0,0
2024/05/24 星期五 00:09:57.759,1716480597759,NH-DC-NM224-J08-ROCE-ST-leaf-4.GPU.S9825,FourHundredGigE1/0/31,3069,978544,2561,950551,0,0
2024/05/24 星期五 00:09:58.260,1716480598260,NH-DC-NM224-J08-ROCE-ST-leaf-4.GPU.S9825,FourHundredGigE1/0/31,0,0,0,0,0,0
2024/05/24 星期五 00:09:59.238,1716480599238,NH-DC-NM224-J08-ROCE-ST-leaf-4.GPU.S9825,FourHundredGigE1/0/31,3931,1352538,4021,1356836,0,0
2024/05/24 星期五 00:09:59.742,1716480599742,NH-DC-NM224-J08-ROCE-ST-leaf-4.GPU.S9825,FourHundredGigE1/0/31,0,0,0,0,0,0
2024/05/24 星期五 00:10:00.244,1716480600244,NH-DC-NM224-J08-ROCE-ST-leaf-4.GPU.S9825,FourHundredGigE1/0/31,1754,646121,2107,670959,0,0
2024/05/24 星期五 00:10:00.746,1716480600746,NH-DC-NM224-J08-ROCE-ST-leaf-4.GPU.S9825,FourHundredGigE1/0/31,0,0,0,0,0,0
2024/05/24 星期五 00:10:01.245,1716480601245,NH-DC-NM224-J08-ROCE-ST-leaf-4.GPU.S9825,FourHundredGigE1/0/31,0,0,0,0,0,0
2024/05/24 星期五 00:10:01.746,1716480601746,NH-DC-NM224-J08-ROCE-ST-leaf-4.GPU.S9825,FourHundredGigE1/0/31,2765,887052,2353,864241,0,0
2024/05/24 星期五 00:10:02.249,1716480602249,NH-DC-NM224-J08-ROCE-ST-leaf-4.GPU.S9825,FourHundredGigE1/0/31,0,0,0,0,0,0
2024/05/24 星期五 00:10:02.750,1716480602750,NH-DC-NM224-J08-ROCE-ST-leaf-4.GPU.S9825,FourHundredGigE1/0/31,2423,820166,2369,817530,0,0
2024/05/24 星期五 00:10:03.751,1716480603751,NH-DC-NM224-J08-ROCE-ST-leaf-4.GPU.S9825,FourHundredGigE1/0/31,3167,1064656,3023,1057823,0,0
2024/05/24 星期五 00:10:04.250,1716480604250,NH-DC-NM224-J08-ROCE-ST-leaf-4.GPU.S9825,FourHundredGigE1/0/31,2029,668358,1851,656450,0,0
2024/05/24 星期五 00:10:04.750,1716480604750,NH-DC-NM224-J08-ROCE-ST-leaf-4.GPU.S9825,FourHundredGigE1/0/31,0,0,0,0,0,0
2024/05/24 星期五 00:10:05.250,1716480605250,NH-DC-NM224-J08-ROCE-ST-leaf-4.GPU.S9825,FourHundredGigE1/0/31,1316,501936,1719,524698,0,0
2024/05/24 星期五 00:10:05.752,1716480605752,NH-DC-NM224-J08-ROCE-ST-leaf-4.GPU.S9825,FourHundredGigE1/0/31,0,0,0,0,0,0
2024/05/24 星期五 00:10:06.254,1716480606254,NH-DC-NM224-J08-ROCE-ST-leaf-4.GPU.S9825,FourHundredGigE1/0/31,0,0,0,0,0,0
2024/05/24 星期五 00:10:06.754,1716480606754,NH-DC-NM224-J08-ROCE-ST-leaf-4.GPU.S9825,FourHundredGigE1/0/31,1442,544470,1838,567273,0,0
2024/05/24 星期五 00:10:07.255,1716480607255,NH-DC-NM224-J08-ROCE-ST-leaf-4.GPU.S9825,FourHundredGigE1/0/31,0,0,0,0,0,0
2024/05/24 星期五 00:10:07.758,1716480607758,NH-DC-NM224-J08-ROCE-ST-leaf-4.GPU.S9825,FourHundredGigE1/0/31,2901,945954,2578,929097,0,0
2024/05/24 星期五 00:10:08.259,1716480608259,NH-DC-NM224-J08-ROCE-ST-leaf-4.GPU.S9825,FourHundredGigE1/0/31,0,0,0,0,0,0
2024/05/24 星期五 00:10:08.761,1716480608761,NH-DC-NM224-J08-ROCE-ST-leaf-4.GPU.S9825,FourHundredGigE1/0/31,2897,964554,2704,953974,0,0
2024/05/24 星期五 00:10:09.261,1716480609261,NH-DC-NM224-J08-ROCE-ST-leaf-4.GPU.S9825,FourHundredGigE1/0/31,1453,506900,1544,510250,0,0
2024/05/24 星期五 00:10:09.771,1716480609771,NH-DC-NM224-J08-ROCE-ST-leaf-4.GPU.S9825,FourHundredGigE1/0/31,0,0,0,0,0,0
2024/05/24 星期五 00:10:10.269,1716480610269,NH-DC-NM224-J08-ROCE-ST-leaf-4.GPU.S9825,FourHundredGigE1/0/31,748,343108,1418,380889,0,0
2024/05/24 星期五 00:10:10.782,1716480610782,NH-DC-NM224-J08-ROCE-ST-leaf-4.GPU.S9825,FourHundredGigE1/0/31,0,0,0,0,0,0
2024/05/24 星期五 00:10:11.281,1716480611281,NH-DC-NM224-J08-ROCE-ST-leaf-4.GPU.S9825,FourHundredGigE1/0/31,0,0,0,0,0,0
2024/05/24 星期五 00:10:11.783,1716480611783,NH-DC-NM224-J08-ROCE-ST-leaf-4.GPU.S9825,FourHundredGigE1/0/31,1741,611178,1888,620447,0,0
2024/05/24 星期五 00:10:12.286,1716480612286,NH-DC-NM224-J08-ROCE-ST-leaf-4.GPU.S9825,FourHundredGigE1/0/31,0,0,0,0,0,0
2024/05/24 星期五 00:10:12.787,1716480612787,NH-DC-NM224-J08-ROCE-ST-leaf-4.GPU.S9825,FourHundredGigE1/0/31,1863,667902,2097,681006,0,0
2024/05/24 星期五 00:10:13.289,1716480613289,NH-DC-NM224-J08-ROCE-ST-leaf-4.GPU.S9825,FourHundredGigE1/0/31,0,0,0,0,0,0
2024/05/24 星期五 00:10:13.789,1716480613789,NH-DC-NM224-J08-ROCE-ST-leaf-4.GPU.S9825,FourHundredGigE1/0/31,0,0,0,0,0,0
2024/05/24 星期五 00:10:14.291,1716480614291,NH-DC-NM224-J08-ROCE-ST-leaf-4.GPU.S9825,FourHundredGigE1/0/31,4395,1485348,4282,1477923,0,0
2024/05/24 星期五 00:10:14.791,1716480614791,NH-DC-NM224-J08-ROCE-ST-leaf-4.GPU.S9825,FourHundredGigE1/0/31,0,0,0,0,0,0
2024/05/24 星期五 00:10:15.293,1716480615293,NH-DC-NM224-J08-ROCE-ST-leaf-4.GPU.S9825,FourHundredGigE1/0/31,1955,666492,1962,667078,0,0
2024/05/24 星期五 00:10:16.341,1716480616341,NH-DC-NM224-J08-ROCE-ST-leaf-4.GPU.S9825,FourHundredGigE1/0/31,2503,827704,2309,817101,0,0
2024/05/24 星期五 00:10:16.842,1716480616842,NH-DC-NM224-J08-ROCE-ST-leaf-4.GPU.S9825,FourHundredGigE1/0/31,0,0,0,0,0,0
2024/05/24 星期五 00:10:17.346,1716480617346,NH-DC-NM224-J08-ROCE-ST-leaf-4.GPU.S9825,FourHundredGigE1/0/31,0,0,0,0,0,0
2024/05/24 星期五 00:10:17.846,1716480617846,NH-DC-NM224-J08-ROCE-ST-leaf-4.GPU.S9825,FourHundredGigE1/0/31,1431,523026,1734,541193,0,0
2024/05/24 星期五 00:10:18.347,1716480618347,NH-DC-NM224-J08-ROCE-ST-leaf-4.GPU.S9825,FourHundredGigE1/0/31,0,0,0,0,0,0
2024/05/24 星期五 00:10:18.845,1716480618845,NH-DC-NM224-J08-ROCE-ST-leaf-4.GPU.S9825,FourHundredGigE1/0/31,1246,505976,1865,540922,0,0
2024/05/24 星期五 00:10:19.369,1716480619369,NH-DC-NM224-J08-ROCE-ST-leaf-4.GPU.S9825,FourHundredGigE1/0/31,1256,449432,1421,456732,0,0
2024/05/24 星期五 00:10:19.845,1716480619845,NH-DC-NM224-J08-ROCE-ST-leaf-4.GPU.S9825,FourHundredGigE1/0/31,0,0,0,0,0,0
2024/05/24 星期五 00:10:20.346,1716480620346,NH-DC-NM224-J08-ROCE-ST-leaf-4.GPU.S9825,FourHundredGigE1/0/31,1673,602966,1920,617253,0,0
2024/05/24 星期五 00:10:20.850,1716480620850,NH-DC-NM224-J08-ROCE-ST-leaf-4.GPU.S9825,FourHundredGigE1/0/31,0,0,0,0,0,0
2024/05/24 星期五 00:10:21.350,1716480621350,NH-DC-NM224-J08-ROCE-ST-leaf-4.GPU.S9825,FourHundredGigE1/0/31,0,0,0,0,0,0
2024/05/24 星期五 00:10:21.854,1716480621854,NH-DC-NM224-J08-ROCE-ST-leaf-4.GPU.S9825,FourHundredGigE1/0/31,2654,883520,2496,876291,0,0
2024/05/24 星期五 00:10:22.357,1716480622357,NH-DC-NM224-J08-ROCE-ST-leaf-4.GPU.S9825,FourHundredGigE1/0/31,0,0,0,0,0,0
2024/05/24 星期五 00:10:22.858,1716480622858,NH-DC-NM224-J08-ROCE-ST-leaf-4.GPU.S9825,FourHundredGigE1/0/31,2861,952960,2692,945824,0,0
2024/05/24 星期五 00:10:23.357,1716480623357,NH-DC-NM224-J08-ROCE-ST-leaf-4.GPU.S9825,FourHundredGigE1/0/31,0,0,0,0,0,0
2024/05/24 星期五 00:10:23.858,1716480623858,NH-DC-NM224-J08-ROCE-ST-leaf-4.GPU.S9825,FourHundredGigE1/0/31,0,0,0,0,0,0
2024/05/24 星期五 00:10:24.837,1716480624837,NH-DC-NM224-J08-ROCE-ST-leaf-4.GPU.S9825,FourHundredGigE1/0/31,1748,698822,2526,738189,0,0
2024/05/24 星期五 00:10:25.337,1716480625337,NH-DC-NM224-J08-ROCE-ST-leaf-4.GPU.S9825,FourHundredGigE1/0/31,1793,628074,1923,635548,0,0
2024/05/24 星期五 00:10:25.849,1716480625849,NH-DC-NM224-J08-ROCE-ST-leaf-4.GPU.S9825,FourHundredGigE1/0/31,0,0,0,0,0,0
2024/05/24 星期五 00:10:26.350,1716480626350,NH-DC-NM224-J08-ROCE-ST-leaf-4.GPU.S9825,FourHundredGigE1/0/31,3254,1044530,2757,1017153,0,0
2024/05/24 星期五 00:10:26.853,1716480626853,NH-DC-NM224-J08-ROCE-ST-leaf-4.GPU.S9825,FourHundredGigE1/0/31,0,0,0,0,0,0
2024/05/24 星期五 00:10:27.354,1716480627354,NH-DC-NM224-J08-ROCE-ST-leaf-4.GPU.S9825,FourHundredGigE1/0/31,0,0,0,0,0,0
2024/05/24 星期五 00:10:27.854,1716480627854,NH-DC-NM224-J08-ROCE-ST-leaf-4.GPU.S9825,FourHundredGigE1/0/31,1885,648596,1947,653299,0,0
2024/05/24 星期五 00:10:28.354,1716480628354,NH-DC-NM224-J08-ROCE-ST-leaf-4.GPU.S9825,FourHundredGigE1/0/31,0,0,0,0,0,0
2024/05/24 星期五 00:10:29.342,1716480629342,NH-DC-NM224-J08-ROCE-ST-leaf-4.GPU.S9825,FourHundredGigE1/0/31,3510,1229496,3751,1241280,0,0
2024/05/24 星期五 00:10:29.841,1716480629841,NH-DC-NM224-J08-ROCE-ST-leaf-4.GPU.S9825,FourHundredGigE1/0/31,0,0,0,0,0,0
2024/05/24 星期五 00:10:30.353,1716480630353,NH-DC-NM224-J08-ROCE-ST-leaf-4.GPU.S9825,FourHundredGigE1/0/31,870,403376,1662,447989,0,0
2024/05/24 星期五 00:10:30.854,1716480630854,NH-DC-NM224-J08-ROCE-ST-leaf-4.GPU.S9825,FourHundredGigE1/0/31,0,0,0,0,0,0
2024/05/24 星期五 00:10:31.359,1716480631359,NH-DC-NM224-J08-ROCE-ST-leaf-4.GPU.S9825,FourHundredGigE1/0/31,3219,1026364,2681,996691,0,0
2024/05/24 星期五 00:10:31.857,1716480631857,NH-DC-NM224-J08-ROCE-ST-leaf-4.GPU.S9825,FourHundredGigE1/0/31,0,0,0,0,0,0
2024/05/24 星期五 00:10:32.358,1716480632358,NH-DC-NM224-J08-ROCE-ST-leaf-4.GPU.S9825,FourHundredGigE1/0/31,1160,470440,1723,502550,0,0
2024/05/24 星期五 00:10:32.859,1716480632859,NH-DC-NM224-J08-ROCE-ST-leaf-4.GPU.S9825,FourHundredGigE1/0/31,0,0,0,0,0,0
2024/05/24 星期五 00:10:33.367,1716480633367,NH-DC-NM224-J08-ROCE-ST-leaf-4.GPU.S9825,FourHundredGigE1/0/31,1755,644334,2086,662937,0,0
2024/05/24 星期五 00:10:33.869,1716480633869,NH-DC-NM224-J08-ROCE-ST-leaf-4.GPU.S9825,FourHundredGigE1/0/31,0,0,0,0,0,0
2024/05/24 星期五 00:10:34.370,1716480634370,NH-DC-NM224-J08-ROCE-ST-leaf-4.GPU.S9825,FourHundredGigE1/0/31,1002,393358,1414,414770,0,0
2024/05/24 星期五 00:10:34.873,1716480634873,NH-DC-NM224-J08-ROCE-ST-leaf-4.GPU.S9825,FourHundredGigE1/0/31,0,0,0,0,0,0
2024/05/24 星期五 00:10:35.374,1716480635374,NH-DC-NM224-J08-ROCE-ST-leaf-4.GPU.S9825,FourHundredGigE1/0/31,1879,654946,2007,662260,0,0
2024/05/24 星期五 00:10:35.873,1716480635873,NH-DC-NM224-J08-ROCE-ST-leaf-4.GPU.S9825,FourHundredGigE1/0/31,0,0,0,0,0,0
2024/05/24 星期五 00:10:36.374,1716480636374,NH-DC-NM224-J08-ROCE-ST-leaf-4.GPU.S9825,FourHundredGigE1/0/31,2460,834940,2421,833577,0,0
2024/05/24 星期五 00:10:36.878,1716480636878,NH-DC-NM224-J08-ROCE-ST-leaf-4.GPU.S9825,FourHundredGigE1/0/31,0,0,0,0,0,0
2024/05/24 星期五 00:10:37.379,1716480637379,NH-DC-NM224-J08-ROCE-ST-leaf-4.GPU.S9825,FourHundredGigE1/0/31,0,0,0,0,0,0
2024/05/24 星期五 00:10:37.882,1716480637882,NH-DC-NM224-J08-ROCE-ST-leaf-4.GPU.S9825,FourHundredGigE1/0/31,1302,501630,1747,527781,0,0
2024/05/24 星期五 00:10:38.385,1716480638385,NH-DC-NM224-J08-ROCE-ST-leaf-4.GPU.S9825,FourHundredGigE1/0/31,0,0,0,0,0,0
2024/05/24 星期五 00:10:38.885,1716480638885,NH-DC-NM224-J08-ROCE-ST-leaf-4.GPU.S9825,FourHundredGigE1/0/31,3042,965658,2509,935844,0,0
2024/05/24 星期五 00:10:39.386,1716480639386,NH-DC-NM224-J08-ROCE-ST-leaf-4.GPU.S9825,FourHundredGigE1/0/31,1848,615744,1743,608118,0,0
2024/05/24 星期五 00:10:39.887,1716480639887,NH-DC-NM224-J08-ROCE-ST-leaf-4.GPU.S9825,FourHundredGigE1/0/31,0,0,0,0,0,0
2024/05/24 星期五 00:10:40.386,1716480640386,NH-DC-NM224-J08-ROCE-ST-leaf-4.GPU.S9825,FourHundredGigE1/0/31,1585,559577,1749,573852,0,0
2024/05/24 星期五 00:10:40.885,1716480640885,NH-DC-NM224-J08-ROCE-ST-leaf-4.GPU.S9825,FourHundredGigE1/0/31,0,0,0,0,0,0
2024/05/24 星期五 00:10:41.396,1716480641396,NH-DC-NM224-J08-ROCE-ST-leaf-4.GPU.S9825,FourHundredGigE1/0/31,3873,1223842,3148,1183681,0,0
2024/05/24 星期五 00:10:41.897,1716480641897,NH-DC-NM224-J08-ROCE-ST-leaf-4.GPU.S9825,FourHundredGigE1/0/31,0,0,0,0,0,0
2024/05/24 星期五 00:10:42.399,1716480642399,NH-DC-NM224-J08-ROCE-ST-leaf-4.GPU.S9825,FourHundredGigE1/0/31,1934,688522,2140,700058,0,0
2024/05/24 星期五 00:10:42.898,1716480642898,NH-DC-NM224-J08-ROCE-ST-leaf-4.GPU.S9825,FourHundredGigE1/0/31,0,0,0,0,0,0
2024/05/24 星期五 00:10:43.398,1716480643398,NH-DC-NM224-J08-ROCE-ST-leaf-4.GPU.S9825,FourHundredGigE1/0/31,0,0,0,0,0,0
2024/05/24 星期五 00:10:43.901,1716480643901,NH-DC-NM224-J08-ROCE-ST-leaf-4.GPU.S9825,FourHundredGigE1/0/31,2611,910216,2779,923377,0,0
2024/05/24 星期五 00:10:44.412,1716480644412,NH-DC-NM224-J08-ROCE-ST-leaf-4.GPU.S9825,FourHundredGigE1/0/31,354,157970,651,170334,0,0
2024/05/24 星期五 00:10:44.914,1716480644914,NH-DC-NM224-J08-ROCE-ST-leaf-4.GPU.S9825,FourHundredGigE1/0/31,0,0,0,0,0,0
2024/05/24 星期五 00:10:45.416,1716480645416,NH-DC-NM224-J08-ROCE-ST-leaf-4.GPU.S9825,FourHundredGigE1/0/31,1837,642686,1974,650552,0,0
2024/05/24 星期五 00:10:45.917,1716480645917,NH-DC-NM224-J08-ROCE-ST-leaf-4.GPU.S9825,FourHundredGigE1/0/31,0,0,0,0,0,0
2024/05/24 星期五 00:10:46.423,1716480646423,NH-DC-NM224-J08-ROCE-ST-leaf-4.GPU.S9825,FourHundredGigE1/0/31,2322,777272,2214,771485,0,0
2024/05/24 星期五 00:10:46.924,1716480646924,NH-DC-NM224-J08-ROCE-ST-leaf-4.GPU.S9825,FourHundredGigE1/0/31,0,0,0,0,0,0
2024/05/24 星期五 00:10:47.422,1716480647422,NH-DC-NM224-J08-ROCE-ST-leaf-4.GPU.S9825,FourHundredGigE1/0/31,0,0,0,0,0,0
2024/05/24 星期五 00:10:47.924,1716480647924,NH-DC-NM224-J08-ROCE-ST-leaf-4.GPU.S9825,FourHundredGigE1/0/31,1960,737816,2265,717787,0,0
2024/05/24 星期五 00:10:48.428,1716480648428,NH-DC-NM224-J08-ROCE-ST-leaf-4.GPU.S9825,FourHundredGigE1/0/31,0,0,0,0,0,0
2024/05/24 星期五 00:10:48.931,1716480648931,NH-DC-NM224-J08-ROCE-ST-leaf-4.GPU.S9825,FourHundredGigE1/0/31,1827,638649,1971,650723,0,0
2024/05/24 星期五 00:10:49.434,1716480649434,NH-DC-NM224-J08-ROCE-ST-leaf-4.GPU.S9825,FourHundredGigE1/0/31,1142,388728,1161,387658,0,0
2024/05/24 星期五 00:10:49.937,1716480649937,NH-DC-NM224-J08-ROCE-ST-leaf-4.GPU.S9825,FourHundredGigE1/0/31,0,0,0,0,0,0
2024/05/24 星期五 00:10:50.440,1716480650440,NH-DC-NM224-J08-ROCE-ST-leaf-4.GPU.S9825,FourHundredGigE1/0/31,2950,940336,2462,913269,0,0
2024/05/24 星期五 00:10:50.938,1716480650938,NH-DC-NM224-J08-ROCE-ST-leaf-4.GPU.S9825,FourHundredGigE1/0/31,0,0,0,0,0,0
2024/05/24 星期五 00:10:51.441,1716480651441,NH-DC-NM224-J08-ROCE-ST-leaf-4.GPU.S9825,FourHundredGigE1/0/31,2144,720446,2074,716795,0,0
2024/05/24 星期五 00:10:51.950,1716480651950,NH-DC-NM224-J08-ROCE-ST-leaf-4.GPU.S9825,FourHundredGigE1/0/31,0,0,0,0,0,0
2024/05/24 星期五 00:10:52.449,1716480652449,NH-DC-NM224-J08-ROCE-ST-leaf-4.GPU.S9825,FourHundredGigE1/0/31,0,0,0,0,0,0
2024/05/24 星期五 00:10:52.955,1716480652955,NH-DC-NM224-J08-ROCE-ST-leaf-4.GPU.S9825,FourHundredGigE1/0/31,2342,821372,2501,831828,0,0
2024/05/24 星期五 00:10:53.454,1716480653454,NH-DC-NM224-J08-ROCE-ST-leaf-4.GPU.S9825,FourHundredGigE1/0/31,0,0,0,0,0,0
2024/05/24 星期五 00:10:53.956,1716480653956,NH-DC-NM224-J08-ROCE-ST-leaf-4.GPU.S9825,FourHundredGigE1/0/31,1456,610588,2288,659187,0,0
2024/05/24 星期五 00:10:54.478,1716480654478,NH-DC-NM224-J08-ROCE-ST-leaf-4.GPU.S9825,FourHundredGigE1/0/31,914,345666,1164,355786,0,0
2024/05/24 星期五 00:10:54.981,1716480654981,NH-DC-NM224-J08-ROCE-ST-leaf-4.GPU.S9825,FourHundredGigE1/0/31,0,0,0,0,0,0
2024/05/24 星期五 00:10:55.482,1716480655482,NH-DC-NM224-J08-ROCE-ST-leaf-4.GPU.S9825,FourHundredGigE1/0/31,1038,411999,1494,442530,0,0
2024/05/24 星期五 00:10:55.985,1716480655985,NH-DC-NM224-J08-ROCE-ST-leaf-4.GPU.S9825,FourHundredGigE1/0/31,0,0,0,0,0,0
2024/05/24 星期五 00:10:56.486,1716480656486,NH-DC-NM224-J08-ROCE-ST-leaf-4.GPU.S9825,FourHundredGigE1/0/31,2399,774576,2089,757477,0,0
2024/05/24 星期五 00:10:57.148,1716480657148,NH-DC-NM224-J08-ROCE-ST-leaf-4.GPU.S9825,FourHundredGigE1/0/31,1213,458500,1565,478473,0,0
2024/05/24 星期五 00:10:58.102,1716480658102,NH-DC-NM224-J08-ROCE-ST-leaf-4.GPU.S9825,FourHundredGigE1/0/31,0,0,0,0,0,0
2024/05/24 星期五 00:10:58.601,1716480658601,NH-DC-NM224-J08-ROCE-ST-leaf-4.GPU.S9825,FourHundredGigE1/0/31,2466,832240,2396,828742,0,0
2024/05/24 星期五 00:10:59.103,1716480659103,NH-DC-NM224-J08-ROCE-ST-leaf-4.GPU.S9825,FourHundredGigE1/0/31,0,0,0,0,0,0
2024/05/24 星期五 00:10:59.605,1716480659605,NH-DC-NM224-J08-ROCE-ST-leaf-4.GPU.S9825,FourHundredGigE1/0/31,1885,628422,1806,623066,0,0
2024/05/24 星期五 00:11:00.462,1716480660462,NH-DC-NM224-J08-ROCE-ST-leaf-4.GPU.S9825,FourHundredGigE1/0/31,920,385673,1477,421935,0,0
2024/05/24 星期五 00:11:00.962,1716480660962,NH-DC-NM224-J08-ROCE-ST-leaf-4.GPU.S9825,FourHundredGigE1/0/31,0,0,0,0,0,0
2024/05/24 星期五 00:11:01.464,1716480661464,NH-DC-NM224-J08-ROCE-ST-leaf-4.GPU.S9825,FourHundredGigE1/0/31,2068,724066,2201,731775,0,0
2024/05/24 星期五 00:11:01.967,1716480661967,NH-DC-NM224-J08-ROCE-ST-leaf-4.GPU.S9825,FourHundredGigE1/0/31,0,0,0,0,0,0
2024/05/24 星期五 00:11:02.469,1716480662469,NH-DC-NM224-J08-ROCE-ST-leaf-4.GPU.S9825,FourHundredGigE1/0/31,1900,642826,1876,641676,0,0
2024/05/24 星期五 00:11:02.970,1716480662970,NH-DC-NM224-J08-ROCE-ST-leaf-4.GPU.S9825,FourHundredGigE1/0/31,0,0,0,0,0,0
2024/05/24 星期五 00:11:03.470,1716480663470,NH-DC-NM224-J08-ROCE-ST-leaf-4.GPU.S9825,FourHundredGigE1/0/31,2323,776898,2212,771137,0,0
2024/05/24 星期五 00:11:03.976,1716480663976,NH-DC-NM224-J08-ROCE-ST-leaf-4.GPU.S9825,FourHundredGigE1/0/31,0,0,0,0,0,0
2024/05/24 星期五 00:11:05.012,1716480665012,NH-DC-NM224-J08-ROCE-ST-leaf-4.GPU.S9825,FourHundredGigE1/0/31,1263,487578,1684,510184,0,0
2024/05/24 星期五 00:11:05.514,1716480665514,NH-DC-NM224-J08-ROCE-ST-leaf-4.GPU.S9825,FourHundredGigE1/0/31,3173,1014730,2692,989041,0,0
2024/05/24 星期五 00:11:06.013,1716480666013,NH-DC-NM224-J08-ROCE-ST-leaf-4.GPU.S9825,FourHundredGigE1/0/31,0,0,0,0,0,0
2024/05/24 星期五 00:11:07.000,1716480667000,NH-DC-NM224-J08-ROCE-ST-leaf-4.GPU.S9825,FourHundredGigE1/0/31,2030,693652,2082,696946,0,0
2024/05/24 星期五 00:11:07.556,1716480667556,NH-DC-NM224-J08-ROCE-ST-leaf-4.GPU.S9825,FourHundredGigE1/0/31,0,0,0,0,0,0
2024/05/24 星期五 00:11:08.057,1716480668057,NH-DC-NM224-J08-ROCE-ST-leaf-4.GPU.S9825,FourHundredGigE1/0/31,3360,1097434,2994,1079173,0,0
2024/05/24 星期五 00:11:09.012,1716480669012,NH-DC-NM224-J08-ROCE-ST-leaf-4.GPU.S9825,FourHundredGigE1/0/31,0,0,0,0,0,0
2024/05/24 星期五 00:11:09.513,1716480669513,NH-DC-NM224-J08-ROCE-ST-leaf-4.GPU.S9825,FourHundredGigE1/0/31,1728,644742,2197,666364,0,0
2024/05/24 星期五 00:11:10.025,1716480670025,NH-DC-NM224-J08-ROCE-ST-leaf-4.GPU.S9825,FourHundredGigE1/0/31,0,0,0,0,0,0
2024/05/24 星期五 00:11:10.525,1716480670525,NH-DC-NM224-J08-ROCE-ST-leaf-4.GPU.S9825,FourHundredGigE1/0/31,2621,850956,2305,833521,0,0
2024/05/24 星期五 00:11:11.025,1716480671025,NH-DC-NM224-J08-ROCE-ST-leaf-4.GPU.S9825,FourHundredGigE1/0/31,0,0,0,0,0,0
2024/05/24 星期五 00:11:11.530,1716480671530,NH-DC-NM224-J08-ROCE-ST-leaf-4.GPU.S9825,FourHundredGigE1/0/31,0,0,0,0,0,0
2024/05/24 星期五 00:11:12.029,1716480672029,NH-DC-NM224-J08-ROCE-ST-leaf-4.GPU.S9825,FourHundredGigE1/0/31,3052,1035106,3005,1036227,0,0
2024/05/24 星期五 00:11:12.530,1716480672530,NH-DC-NM224-J08-ROCE-ST-leaf-4.GPU.S9825,FourHundredGigE1/0/31,0,0,0,0,0,0
2024/05/24 星期五 00:11:13.057,1716480673057,NH-DC-NM224-J08-ROCE-ST-leaf-4.GPU.S9825,FourHundredGigE1/0/31,1932,700268,2231,717788,0,0
2024/05/24 星期五 00:11:13.576,1716480673576,NH-DC-NM224-J08-ROCE-ST-leaf-4.GPU.S9825,FourHundredGigE1/0/31,0,0,0,0,0,0
2024/05/24 星期五 00:11:14.078,1716480674078,NH-DC-NM224-J08-ROCE-ST-leaf-4.GPU.S9825,FourHundredGigE1/0/31,862,396844,1640,441837,0,0
2024/05/24 星期五 00:11:14.577,1716480674577,NH-DC-NM224-J08-ROCE-ST-leaf-4.GPU.S9825,FourHundredGigE1/0/31,192,82204,340,85768,0,0
2024/05/24 星期五 00:11:15.077,1716480675077,NH-DC-NM224-J08-ROCE-ST-leaf-4.GPU.S9825,FourHundredGigE1/0/31,0,0,0,0,0,0
2024/05/24 星期五 00:11:15.581,1716480675581,NH-DC-NM224-J08-ROCE-ST-leaf-4.GPU.S9825,FourHundredGigE1/0/31,3209,1008714,2568,971722,0,0
2024/05/24 星期五 00:11:16.082,1716480676082,NH-DC-NM224-J08-ROCE-ST-leaf-4.GPU.S9825,FourHundredGigE1/0/31,0,0,0,0,0,0
2024/05/24 星期五 00:11:16.602,1716480676602,NH-DC-NM224-J08-ROCE-ST-leaf-4.GPU.S9825,FourHundredGigE1/0/31,2654,854994,2287,834703,0,0
2024/05/24 星期五 00:11:17.105,1716480677105,NH-DC-NM224-J08-ROCE-ST-leaf-4.GPU.S9825,FourHundredGigE1/0/31,0,0,0,0,0,0
2024/05/24 星期五 00:11:17.606,1716480677606,NH-DC-NM224-J08-ROCE-ST-leaf-4.GPU.S9825,FourHundredGigE1/0/31,2158,737866,2171,738855,0,0
2024/05/24 星期五 00:11:18.107,1716480678107,NH-DC-NM224-J08-ROCE-ST-leaf-4.GPU.S9825,FourHundredGigE1/0/31,0,0,0,0,0,0
2024/05/24 星期五 00:11:18.610,1716480678610,NH-DC-NM224-J08-ROCE-ST-leaf-4.GPU.S9825,FourHundredGigE1/0/31,1238,462714,1575,482496,0,0
2024/05/24 星期五 00:11:19.111,1716480679111,NH-DC-NM224-J08-ROCE-ST-leaf-4.GPU.S9825,FourHundredGigE1/0/31,0,0,0,0,0,0
2024/05/24 星期五 00:11:19.625,1716480679625,NH-DC-NM224-J08-ROCE-ST-leaf-4.GPU.S9825,FourHundredGigE1/0/31,2307,769906,2199,762422,0,0
2024/05/24 星期五 00:11:20.127,1716480680127,NH-DC-NM224-J08-ROCE-ST-leaf-4.GPU.S9825,FourHundredGigE1/0/31,0,0,0,0,0,0
2024/05/24 星期五 00:11:20.628,1716480680628,NH-DC-NM224-J08-ROCE-ST-leaf-4.GPU.S9825,FourHundredGigE1/0/31,2443,807262,2252,796827,0,0
2024/05/24 星期五 00:11:21.130,1716480681130,NH-DC-NM224-J08-ROCE-ST-leaf-4.GPU.S9825,FourHundredGigE1/0/31,0,0,0,0,0,0
2024/05/24 星期五 00:11:21.632,1716480681632,NH-DC-NM224-J08-ROCE-ST-leaf-4.GPU.S9825,FourHundredGigE1/0/31,2157,740438,2190,742547,0,0
2024/05/24 星期五 00:11:22.144,1716480682144,NH-DC-NM224-J08-ROCE-ST-leaf-4.GPU.S9825,FourHundredGigE1/0/31,0,0,0,0,0,0
2024/05/24 星期五 00:11:23.040,1716480683040,NH-DC-NM224-J08-ROCE-ST-leaf-4.GPU.S9825,FourHundredGigE1/0/31,2391,777194,2117,762044,0,0
2024/05/24 星期五 00:11:23.541,1716480683541,NH-DC-NM224-J08-ROCE-ST-leaf-4.GPU.S9825,FourHundredGigE1/0/31,2361,801356,2325,799601,0,0
2024/05/24 星期五 00:11:24.043,1716480684043,NH-DC-NM224-J08-ROCE-ST-leaf-4.GPU.S9825,FourHundredGigE1/0/31,0,0,0,0,0,0
2024/05/24 星期五 00:11:24.541,1716480684541,NH-DC-NM224-J08-ROCE-ST-leaf-4.GPU.S9825,FourHundredGigE1/0/31,976,373356,1299,390668,0,0
2024/05/24 星期五 00:11:25.042,1716480685042,NH-DC-NM224-J08-ROCE-ST-leaf-4.GPU.S9825,FourHundredGigE1/0/31,0,0,0,0,0,0
2024/05/24 星期五 00:11:25.542,1716480685542,NH-DC-NM224-J08-ROCE-ST-leaf-4.GPU.S9825,FourHundredGigE1/0/31,2827,883954,2245,851556,0,0
2024/05/24 星期五 00:11:26.041,1716480686041,NH-DC-NM224-J08-ROCE-ST-leaf-4.GPU.S9825,FourHundredGigE1/0/31,0,0,0,0,0,0
2024/05/24 星期五 00:11:26.541,1716480686541,NH-DC-NM224-J08-ROCE-ST-leaf-4.GPU.S9825,FourHundredGigE1/0/31,2108,736380,2230,743473,0,0
2024/05/24 星期五 00:11:27.042,1716480687042,NH-DC-NM224-J08-ROCE-ST-leaf-4.GPU.S9825,FourHundredGigE1/0/31,0,0,0,0,0,0
2024/05/24 星期五 00:11:27.545,1716480687545,NH-DC-NM224-J08-ROCE-ST-leaf-4.GPU.S9825,FourHundredGigE1/0/31,732,335204,1386,372089,0,0
2024/05/24 星期五 00:11:28.526,1716480688526,NH-DC-NM224-J08-ROCE-ST-leaf-4.GPU.S9825,FourHundredGigE1/0/31,2433,777074,2093,756696,0,0
2024/05/24 星期五 00:11:29.030,1716480689030,NH-DC-NM224-J08-ROCE-ST-leaf-4.GPU.S9825,FourHundredGigE1/0/31,0,0,0,0,0,0
2024/05/24 星期五 00:11:29.534,1716480689534,NH-DC-NM224-J08-ROCE-ST-leaf-4.GPU.S9825,FourHundredGigE1/0/31,3189,1007116,2578,972124,0,0
2024/05/24 星期五 00:11:30.035,1716480690035,NH-DC-NM224-J08-ROCE-ST-leaf-4.GPU.S9825,FourHundredGigE1/0/31,0,0,0,0,0,0
2024/05/24 星期五 00:11:30.536,1716480690536,NH-DC-NM224-J08-ROCE-ST-leaf-4.GPU.S9825,FourHundredGigE1/0/31,1011,398562,1432,422205,0,0
2024/05/24 星期五 00:11:31.039,1716480691039,NH-DC-NM224-J08-ROCE-ST-leaf-4.GPU.S9825,FourHundredGigE1/0/31,0,0,0,0,0,0
2024/05/24 星期五 00:11:31.554,1716480691554,NH-DC-NM224-J08-ROCE-ST-leaf-4.GPU.S9825,FourHundredGigE1/0/31,1770,613032,1885,618233,0,0
2024/05/24 星期五 00:11:32.054,1716480692054,NH-DC-NM224-J08-ROCE-ST-leaf-4.GPU.S9825,FourHundredGigE1/0/31,0,0,0,0,0,0
2024/05/24 星期五 00:11:32.557,1716480692557,NH-DC-NM224-J08-ROCE-ST-leaf-4.GPU.S9825,FourHundredGigE1/0/31,1708,620686,1990,636672,0,0
2024/05/24 星期五 00:11:33.057,1716480693057,NH-DC-NM224-J08-ROCE-ST-leaf-4.GPU.S9825,FourHundredGigE1/0/31,0,0,0,0,0,0
2024/05/24 星期五 00:11:33.557,1716480693557,NH-DC-NM224-J08-ROCE-ST-leaf-4.GPU.S9825,FourHundredGigE1/0/31,2467,807292,2219,793665,0,0
2024/05/24 星期五 00:11:34.058,1716480694058,NH-DC-NM224-J08-ROCE-ST-leaf-4.GPU.S9825,FourHundredGigE1/0/31,0,0,0,0,0,0
2024/05/24 星期五 00:11:34.561,1716480694561,NH-DC-NM224-J08-ROCE-ST-leaf-4.GPU.S9825,FourHundredGigE1/0/31,1367,487486,1570,496384,0,0
2024/05/24 星期五 00:11:35.431,1716480695431,NH-DC-NM224-J08-ROCE-ST-leaf-4.GPU.S9825,FourHundredGigE1/0/31,0,0,0,0,0,0
2024/05/24 星期五 00:11:36.081,1716480696081,NH-DC-NM224-J08-ROCE-ST-leaf-4.GPU.S9825,FourHundredGigE1/0/31,2774,889194,2435,869085,0,0
2024/05/24 星期五 00:11:36.582,1716480696582,NH-DC-NM224-J08-ROCE-ST-leaf-4.GPU.S9825,FourHundredGigE1/0/31,1299,487836,1645,507578,0,0
2024/05/24 星期五 00:11:37.082,1716480697082,NH-DC-NM224-J08-ROCE-ST-leaf-4.GPU.S9825,FourHundredGigE1/0/31,0,0,0,0,0,0
2024/05/24 星期五 00:11:37.581,1716480697581,NH-DC-NM224-J08-ROCE-ST-leaf-4.GPU.S9825,FourHundredGigE1/0/31,1407,513916,1715,529755,0,0
2024/05/24 星期五 00:11:38.085,1716480698085,NH-DC-NM224-J08-ROCE-ST-leaf-4.GPU.S9825,FourHundredGigE1/0/31,0,0,0,0,0,0
2024/05/24 星期五 00:11:38.586,1716480698586,NH-DC-NM224-J08-ROCE-ST-leaf-4.GPU.S9825,FourHundredGigE1/0/31,0,0,0,0,0,0
2024/05/24 星期五 00:11:39.086,1716480699086,NH-DC-NM224-J08-ROCE-ST-leaf-4.GPU.S9825,FourHundredGigE1/0/31,2661,915608,2749,922100,0,0
2024/05/24 星期五 00:11:39.586,1716480699586,NH-DC-NM224-J08-ROCE-ST-leaf-4.GPU.S9825,FourHundredGigE1/0/31,553,182606,533,176248,0,0
2024/05/24 星期五 00:11:40.601,1716480700601,NH-DC-NM224-J08-ROCE-ST-leaf-4.GPU.S9825,FourHundredGigE1/0/31,2034,689387,2014,693172,0,0
2024/05/24 星期五 00:11:41.101,1716480701101,NH-DC-NM224-J08-ROCE-ST-leaf-4.GPU.S9825,FourHundredGigE1/0/31,0,0,0,0,0,0
2024/05/24 星期五 00:11:42.077,1716480702077,NH-DC-NM224-J08-ROCE-ST-leaf-4.GPU.S9825,FourHundredGigE1/0/31,2227,730350,2026,719549,0,0
2024/05/24 星期五 00:11:42.577,1716480702577,NH-DC-NM224-J08-ROCE-ST-leaf-4.GPU.S9825,FourHundredGigE1/0/31,1583,567696,1800,580042,0,0
2024/05/24 星期五 00:11:43.082,1716480703082,NH-DC-NM224-J08-ROCE-ST-leaf-4.GPU.S9825,FourHundredGigE1/0/31,0,0,0,0,0,0
2024/05/24 星期五 00:11:43.586,1716480703586,NH-DC-NM224-J08-ROCE-ST-leaf-4.GPU.S9825,FourHundredGigE1/0/31,2419,777448,2081,758781,0,0
2024/05/24 星期五 00:11:44.092,1716480704092,NH-DC-NM224-J08-ROCE-ST-leaf-4.GPU.S9825,FourHundredGigE1/0/31,0,0,0,0,0,0
2024/05/24 星期五 00:11:44.593,1716480704593,NH-DC-NM224-J08-ROCE-ST-leaf-4.GPU.S9825,FourHundredGigE1/0/31,1349,496736,1628,511584,0,0
2024/05/24 星期五 00:11:45.094,1716480705094,NH-DC-NM224-J08-ROCE-ST-leaf-4.GPU.S9825,FourHundredGigE1/0/31,0,0,0,0,0,0
2024/05/24 星期五 00:11:45.597,1716480705597,NH-DC-NM224-J08-ROCE-ST-leaf-4.GPU.S9825,FourHundredGigE1/0/31,1503,525102,1617,531486,0,0
2024/05/24 星期五 00:11:46.097,1716480706097,NH-DC-NM224-J08-ROCE-ST-leaf-4.GPU.S9825,FourHundredGigE1/0/31,0,0,0,0,0,0
2024/05/24 星期五 00:11:46.601,1716480706601,NH-DC-NM224-J08-ROCE-ST-leaf-4.GPU.S9825,FourHundredGigE1/0/31,1374,505622,1665,522179,0,0
2024/05/24 星期五 00:11:47.101,1716480707101,NH-DC-NM224-J08-ROCE-ST-leaf-4.GPU.S9825,FourHundredGigE1/0/31,0,0,0,0,0,0
2024/05/24 星期五 00:11:47.602,1716480707602,NH-DC-NM224-J08-ROCE-ST-leaf-4.GPU.S9825,FourHundredGigE1/0/31,1891,651165,1950,656088,0,0
2024/05/24 星期五 00:11:48.103,1716480708103,NH-DC-NM224-J08-ROCE-ST-leaf-4.GPU.S9825,FourHundredGigE1/0/31,0,0,0,0,0,0
2024/05/24 星期五 00:11:48.605,1716480708605,NH-DC-NM224-J08-ROCE-ST-leaf-4.GPU.S9825,FourHundredGigE1/0/31,1555,549242,1713,555232,0,0
2024/05/24 星期五 00:11:49.106,1716480709106,NH-DC-NM224-J08-ROCE-ST-leaf-4.GPU.S9825,FourHundredGigE1/0/31,0,0,0,0,0,0
2024/05/24 星期五 00:11:49.607,1716480709607,NH-DC-NM224-J08-ROCE-ST-leaf-4.GPU.S9825,FourHundredGigE1/0/31,1710,594924,1803,599550,0,0
2024/05/24 星期五 00:11:50.109,1716480710109,NH-DC-NM224-J08-ROCE-ST-leaf-4.GPU.S9825,FourHundredGigE1/0/31,0,0,0,0,0,0
2024/05/24 星期五 00:11:50.609,1716480710609,NH-DC-NM224-J08-ROCE-ST-leaf-4.GPU.S9825,FourHundredGigE1/0/31,1495,545678,1770,561145,0,0
2024/05/24 星期五 00:11:51.110,1716480711110,NH-DC-NM224-J08-ROCE-ST-leaf-4.GPU.S9825,FourHundredGigE1/0/31,0,0,0,0,0,0
2024/05/24 星期五 00:11:51.609,1716480711609,NH-DC-NM224-J08-ROCE-ST-leaf-4.GPU.S9825,FourHundredGigE1/0/31,2603,807908,2038,776537,0,0
2024/05/24 星期五 00:11:52.110,1716480712110,NH-DC-NM224-J08-ROCE-ST-leaf-4.GPU.S9825,FourHundredGigE1/0/31,0,0,0,0,0,0
2024/05/24 星期五 00:11:52.613,1716480712613,NH-DC-NM224-J08-ROCE-ST-leaf-4.GPU.S9825,FourHundredGigE1/0/31,1688,578856,1736,581924,0,0
2024/05/24 星期五 00:11:53.113,1716480713113,NH-DC-NM224-J08-ROCE-ST-leaf-4.GPU.S9825,FourHundredGigE1/0/31,0,0,0,0,0,0
2024/05/24 星期五 00:11:53.617,1716480713617,NH-DC-NM224-J08-ROCE-ST-leaf-4.GPU.S9825,FourHundredGigE1/0/31,2718,867776,2286,843845,0,0
2024/05/24 星期五 00:11:54.118,1716480714118,NH-DC-NM224-J08-ROCE-ST-leaf-4.GPU.S9825,FourHundredGigE1/0/31,0,0,0,0,0,0
2024/05/24 星期五 00:11:55.137,1716480715137,NH-DC-NM224-J08-ROCE-ST-leaf-4.GPU.S9825,FourHundredGigE1/0/31,811,336522,1275,361730,0,0
2024/05/24 星期五 00:11:55.639,1716480715639,NH-DC-NM224-J08-ROCE-ST-leaf-4.GPU.S9825,FourHundredGigE1/0/31,1413,550805,1923,584174,0,0
2024/05/24 星期五 00:11:56.143,1716480716143,NH-DC-NM224-J08-ROCE-ST-leaf-4.GPU.S9825,FourHundredGigE1/0/31,0,0,0,0,0,0
2024/05/24 星期五 00:11:56.650,1716480716650,NH-DC-NM224-J08-ROCE-ST-leaf-4.GPU.S9825,FourHundredGigE1/0/31,2005,667540,1901,661977,0,0
2024/05/24 星期五 00:11:57.316,1716480717316,NH-DC-NM224-J08-ROCE-ST-leaf-4.GPU.S9825,FourHundredGigE1/0/31,1974,673688,1986,674621,0,0
2024/05/24 星期五 00:11:57.841,1716480717841,NH-DC-NM224-J08-ROCE-ST-leaf-4.GPU.S9825,FourHundredGigE1/0/31,0,0,0,0,0,0
2024/05/24 星期五 00:11:58.345,1716480718345,NH-DC-NM224-J08-ROCE-ST-leaf-4.GPU.S9825,FourHundredGigE1/0/31,1813,637108,1961,645624,0,0
2024/05/24 星期五 00:11:58.849,1716480718849,NH-DC-NM224-J08-ROCE-ST-leaf-4.GPU.S9825,FourHundredGigE1/0/31,0,0,0,0,0,0
2024/05/24 星期五 00:11:59.351,1716480719351,NH-DC-NM224-J08-ROCE-ST-leaf-4.GPU.S9825,FourHundredGigE1/0/31,2283,747024,2052,733506,0,0
2024/05/24 星期五 00:11:59.923,1716480719923,NH-DC-NM224-J08-ROCE-ST-leaf-4.GPU.S9825,FourHundredGigE1/0/31,0,0,0,0,0,0
2024/05/24 星期五 00:12:00.425,1716480720425,NH-DC-NM224-J08-ROCE-ST-leaf-4.GPU.S9825,FourHundredGigE1/0/31,1613,564195,1739,576127,0,0
2024/05/24 星期五 00:12:00.938,1716480720938,NH-DC-NM224-J08-ROCE-ST-leaf-4.GPU.S9825,FourHundredGigE1/0/31,0,0,0,0,0,0
2024/05/24 星期五 00:12:01.438,1716480721438,NH-DC-NM224-J08-ROCE-ST-leaf-4.GPU.S9825,FourHundredGigE1/0/31,0,0,0,0,0,0
2024/05/24 星期五 00:12:01.944,1716480721944,NH-DC-NM224-J08-ROCE-ST-leaf-4.GPU.S9825,FourHundredGigE1/0/31,1826,643134,1999,654829,0,0
2024/05/24 星期五 00:12:02.446,1716480722446,NH-DC-NM224-J08-ROCE-ST-leaf-4.GPU.S9825,FourHundredGigE1/0/31,0,0,0,0,0,0
2024/05/24 星期五 00:12:02.953,1716480722953,NH-DC-NM224-J08-ROCE-ST-leaf-4.GPU.S9825,FourHundredGigE1/0/31,3157,1027352,2792,1009240,0,0
2024/05/24 星期五 00:12:04.148,1716480724148,NH-DC-NM224-J08-ROCE-ST-leaf-4.GPU.S9825,FourHundredGigE1/0/31,1593,598660,2044,623969,0,0
2024/05/24 星期五 00:12:04.649,1716480724649,NH-DC-NM224-J08-ROCE-ST-leaf-4.GPU.S9825,FourHundredGigE1/0/31,529,163718,431,152410,0,0
2024/05/24 星期五 00:12:05.149,1716480725149,NH-DC-NM224-J08-ROCE-ST-leaf-4.GPU.S9825,FourHundredGigE1/0/31,0,0,0,0,0,0
2024/05/24 星期五 00:12:05.652,1716480725652,NH-DC-NM224-J08-ROCE-ST-leaf-4.GPU.S9825,FourHundredGigE1/0/31,961,376052,1346,397612,0,0
2024/05/24 星期五 00:12:06.154,1716480726154,NH-DC-NM224-J08-ROCE-ST-leaf-4.GPU.S9825,FourHundredGigE1/0/31,0,0,0,0,0,0
2024/05/24 星期五 00:12:06.655,1716480726655,NH-DC-NM224-J08-ROCE-ST-leaf-4.GPU.S9825,FourHundredGigE1/0/31,1831,633268,1908,638207,0,0
2024/05/24 星期五 00:12:07.678,1716480727678,NH-DC-NM224-J08-ROCE-ST-leaf-4.GPU.S9825,FourHundredGigE1/0/31,1860,628370,1845,628955,0,0
2024/05/24 星期五 00:12:08.179,1716480728179,NH-DC-NM224-J08-ROCE-ST-leaf-4.GPU.S9825,FourHundredGigE1/0/31,0,0,0,0,0,0
2024/05/24 星期五 00:12:08.682,1716480728682,NH-DC-NM224-J08-ROCE-ST-leaf-4.GPU.S9825,FourHundredGigE1/0/31,1785,622400,1899,629012,0,0
2024/05/24 星期五 00:12:09.182,1716480729182,NH-DC-NM224-J08-ROCE-ST-leaf-4.GPU.S9825,FourHundredGigE1/0/31,0,0,0,0,0,0
2024/05/24 星期五 00:12:09.686,1716480729686,NH-DC-NM224-J08-ROCE-ST-leaf-4.GPU.S9825,FourHundredGigE1/0/31,1444,491066,1448,489544,0,0
2024/05/24 星期五 00:12:10.188,1716480730188,NH-DC-NM224-J08-ROCE-ST-leaf-4.GPU.S9825,FourHundredGigE1/0/31,0,0,0,0,0,0
2024/05/24 星期五 00:12:10.689,1716480730689,NH-DC-NM224-J08-ROCE-ST-leaf-4.GPU.S9825,FourHundredGigE1/0/31,2470,797378,2145,779245,0,0
2024/05/24 星期五 00:12:11.211,1716480731211,NH-DC-NM224-J08-ROCE-ST-leaf-4.GPU.S9825,FourHundredGigE1/0/31,0,0,0,0,0,0
2024/05/24 星期五 00:12:11.714,1716480731714,NH-DC-NM224-J08-ROCE-ST-leaf-4.GPU.S9825,FourHundredGigE1/0/31,1060,424528,1544,451893,0,0
2024/05/24 星期五 00:12:12.214,1716480732214,NH-DC-NM224-J08-ROCE-ST-leaf-4.GPU.S9825,FourHundredGigE1/0/31,0,0,0,0,0,0
2024/05/24 星期五 00:12:12.735,1716480732735,NH-DC-NM224-J08-ROCE-ST-leaf-4.GPU.S9825,FourHundredGigE1/0/31,2899,932670,2481,909650,0,0
2024/05/24 星期五 00:12:13.235,1716480733235,NH-DC-NM224-J08-ROCE-ST-leaf-4.GPU.S9825,FourHundredGigE1/0/31,0,0,0,0,0,0
2024/05/24 星期五 00:12:13.737,1716480733737,NH-DC-NM224-J08-ROCE-ST-leaf-4.GPU.S9825,FourHundredGigE1/0/31,1546,546790,1709,556179,0,0
2024/05/24 星期五 00:12:14.237,1716480734237,NH-DC-NM224-J08-ROCE-ST-leaf-4.GPU.S9825,FourHundredGigE1/0/31,0,0,0,0,0,0
2024/05/24 星期五 00:12:14.741,1716480734741,NH-DC-NM224-J08-ROCE-ST-leaf-4.GPU.S9825,FourHundredGigE1/0/31,2160,731806,2116,728566,0,0
2024/05/24 星期五 00:12:15.241,1716480735241,NH-DC-NM224-J08-ROCE-ST-leaf-4.GPU.S9825,FourHundredGigE1/0/31,0,0,0,0,0,0
2024/05/24 星期五 00:12:15.755,1716480735755,NH-DC-NM224-J08-ROCE-ST-leaf-4.GPU.S9825,FourHundredGigE1/0/31,1999,658874,1847,650362,0,0
2024/05/24 星期五 00:12:16.257,1716480736257,NH-DC-NM224-J08-ROCE-ST-leaf-4.GPU.S9825,FourHundredGigE1/0/31,0,0,0,0,0,0
2024/05/24 星期五 00:12:16.764,1716480736764,NH-DC-NM224-J08-ROCE-ST-leaf-4.GPU.S9825,FourHundredGigE1/0/31,1893,666086,2046,674915,0,0
2024/05/24 星期五 00:12:17.266,1716480737266,NH-DC-NM224-J08-ROCE-ST-leaf-4.GPU.S9825,FourHundredGigE1/0/31,0,0,0,0,0,0
2024/05/24 星期五 00:12:17.765,1716480737765,NH-DC-NM224-J08-ROCE-ST-leaf-4.GPU.S9825,FourHundredGigE1/0/31,1622,552360,1642,553741,0,0
2024/05/24 星期五 00:12:18.265,1716480738265,NH-DC-NM224-J08-ROCE-ST-leaf-4.GPU.S9825,FourHundredGigE1/0/31,0,0,0,0,0,0
2024/05/24 星期五 00:12:18.768,1716480738768,NH-DC-NM224-J08-ROCE-ST-leaf-4.GPU.S9825,FourHundredGigE1/0/31,1501,524590,1622,531594,0,0
2024/05/24 星期五 00:12:19.270,1716480739270,NH-DC-NM224-J08-ROCE-ST-leaf-4.GPU.S9825,FourHundredGigE1/0/31,955,372188,1322,392158,0,0
2024/05/24 星期五 00:12:19.773,1716480739773,NH-DC-NM224-J08-ROCE-ST-leaf-4.GPU.S9825,FourHundredGigE1/0/31,0,0,0,0,0,0
2024/05/24 星期五 00:12:20.690,1716480740690,NH-DC-NM224-J08-ROCE-ST-leaf-4.GPU.S9825,FourHundredGigE1/0/31,2504,802504,2152,782827,0,0
2024/05/24 星期五 00:12:21.190,1716480741190,NH-DC-NM224-J08-ROCE-ST-leaf-4.GPU.S9825,FourHundredGigE1/0/31,0,0,0,0,0,0
2024/05/24 星期五 00:12:21.691,1716480741691,NH-DC-NM224-J08-ROCE-ST-leaf-4.GPU.S9825,FourHundredGigE1/0/31,1210,447866,1514,465205,0,0
2024/05/24 星期五 00:12:22.194,1716480742194,NH-DC-NM224-J08-ROCE-ST-leaf-4.GPU.S9825,FourHundredGigE1/0/31,0,0,0,0,0,0
2024/05/24 星期五 00:12:22.694,1716480742694,NH-DC-NM224-J08-ROCE-ST-leaf-4.GPU.S9825,FourHundredGigE1/0/31,1642,548224,1585,545226,0,0
2024/05/24 星期五 00:12:23.197,1716480743197,NH-DC-NM224-J08-ROCE-ST-leaf-4.GPU.S9825,FourHundredGigE1/0/31,0,0,0,0,0,0
2024/05/24 星期五 00:12:23.699,1716480743699,NH-DC-NM224-J08-ROCE-ST-leaf-4.GPU.S9825,FourHundredGigE1/0/31,1936,656230,1919,655539,0,0
2024/05/24 星期五 00:12:24.200,1716480744200,NH-DC-NM224-J08-ROCE-ST-leaf-4.GPU.S9825,FourHundredGigE1/0/31,0,0,0,0,0,0
2024/05/24 星期五 00:12:24.701,1716480744701,NH-DC-NM224-J08-ROCE-ST-leaf-4.GPU.S9825,FourHundredGigE1/0/31,1938,666384,1977,667986,0,0
2024/05/24 星期五 00:12:25.205,1716480745205,NH-DC-NM224-J08-ROCE-ST-leaf-4.GPU.S9825,FourHundredGigE1/0/31,0,0,0,0,0,0
2024/05/24 星期五 00:12:25.718,1716480745718,NH-DC-NM224-J08-ROCE-ST-leaf-4.GPU.S9825,FourHundredGigE1/0/31,1443,540138,1803,560298,0,0
2024/05/24 星期五 00:12:26.301,1716480746301,NH-DC-NM224-J08-ROCE-ST-leaf-4.GPU.S9825,FourHundredGigE1/0/31,2939,937968,2461,911461,0,0
2024/05/24 星期五 00:12:26.801,1716480746801,NH-DC-NM224-J08-ROCE-ST-leaf-4.GPU.S9825,FourHundredGigE1/0/31,0,0,0,0,0,0
2024/05/24 星期五 00:12:27.303,1716480747303,NH-DC-NM224-J08-ROCE-ST-leaf-4.GPU.S9825,FourHundredGigE1/0/31,1749,599330,1788,601775,0,0
2024/05/24 星期五 00:12:27.802,1716480747802,NH-DC-NM224-J08-ROCE-ST-leaf-4.GPU.S9825,FourHundredGigE1/0/31,0,0,0,0,0,0
2024/05/24 星期五 00:12:28.305,1716480748305,NH-DC-NM224-J08-ROCE-ST-leaf-4.GPU.S9825,FourHundredGigE1/0/31,1585,560830,1754,570522,0,0
2024/05/24 星期五 00:12:28.811,1716480748811,NH-DC-NM224-J08-ROCE-ST-leaf-4.GPU.S9825,FourHundredGigE1/0/31,0,0,0,0,0,0
2024/05/24 星期五 00:12:29.331,1716480749331,NH-DC-NM224-J08-ROCE-ST-leaf-4.GPU.S9825,FourHundredGigE1/0/31,2482,806348,2183,789022,0,0
2024/05/24 星期五 00:12:29.834,1716480749834,NH-DC-NM224-J08-ROCE-ST-leaf-4.GPU.S9825,FourHundredGigE1/0/31,0,0,0,0,0,0
2024/05/24 星期五 00:12:30.344,1716480750344,NH-DC-NM224-J08-ROCE-ST-leaf-4.GPU.S9825,FourHundredGigE1/0/31,669,304512,1261,337731,0,0
2024/05/24 星期五 00:12:30.845,1716480750845,NH-DC-NM224-J08-ROCE-ST-leaf-4.GPU.S9825,FourHundredGigE1/0/31,0,0,0,0,0,0
2024/05/24 星期五 00:12:31.345,1716480751345,NH-DC-NM224-J08-ROCE-ST-leaf-4.GPU.S9825,FourHundredGigE1/0/31,1259,439614,1372,446203,0,0
2024/05/24 星期五 00:12:31.846,1716480751846,NH-DC-NM224-J08-ROCE-ST-leaf-4.GPU.S9825,FourHundredGigE1/0/31,0,0,0,0,0,0
2024/05/24 星期五 00:12:32.347,1716480752347,NH-DC-NM224-J08-ROCE-ST-leaf-4.GPU.S9825,FourHundredGigE1/0/31,1354,482602,1534,492876,0,0
2024/05/24 星期五 00:12:32.849,1716480752849,NH-DC-NM224-J08-ROCE-ST-leaf-4.GPU.S9825,FourHundredGigE1/0/31,0,0,0,0,0,0
2024/05/24 星期五 00:12:33.350,1716480753350,NH-DC-NM224-J08-ROCE-ST-leaf-4.GPU.S9825,FourHundredGigE1/0/31,2608,859864,2384,847581,0,0
2024/05/24 星期五 00:12:33.852,1716480753852,NH-DC-NM224-J08-ROCE-ST-leaf-4.GPU.S9825,FourHundredGigE1/0/31,0,0,0,0,0,0
2024/05/24 星期五 00:12:34.351,1716480754351,NH-DC-NM224-J08-ROCE-ST-leaf-4.GPU.S9825,FourHundredGigE1/0/31,1590,568494,1788,579000,0,0
2024/05/24 星期五 00:12:34.852,1716480754852,NH-DC-NM224-J08-ROCE-ST-leaf-4.GPU.S9825,FourHundredGigE1/0/31,0,0,0,0,0,0
2024/05/24 星期五 00:12:35.349,1716480755349,NH-DC-NM224-J08-ROCE-ST-leaf-4.GPU.S9825,FourHundredGigE1/0/31,2259,741407,2058,734054,0,0
2024/05/24 星期五 00:12:35.849,1716480755849,NH-DC-NM224-J08-ROCE-ST-leaf-4.GPU.S9825,FourHundredGigE1/0/31,0,0,0,0,0,0
2024/05/24 星期五 00:12:36.352,1716480756352,NH-DC-NM224-J08-ROCE-ST-leaf-4.GPU.S9825,FourHundredGigE1/0/31,1995,653402,1819,644173,0,0
2024/05/24 星期五 00:12:36.850,1716480756850,NH-DC-NM224-J08-ROCE-ST-leaf-4.GPU.S9825,FourHundredGigE1/0/31,0,0,0,0,0,0
2024/05/24 星期五 00:12:37.355,1716480757355,NH-DC-NM224-J08-ROCE-ST-leaf-4.GPU.S9825,FourHundredGigE1/0/31,2359,797302,2300,794259,0,0
2024/05/24 星期五 00:12:37.857,1716480757857,NH-DC-NM224-J08-ROCE-ST-leaf-4.GPU.S9825,FourHundredGigE1/0/31,0,0,0,0,0,0
2024/05/24 星期五 00:12:38.359,1716480758359,NH-DC-NM224-J08-ROCE-ST-leaf-4.GPU.S9825,FourHundredGigE1/0/31,958,369790,1313,389898,0,0
2024/05/24 星期五 00:12:38.857,1716480758857,NH-DC-NM224-J08-ROCE-ST-leaf-4.GPU.S9825,FourHundredGigE1/0/31,0,0,0,0,0,0
2024/05/24 星期五 00:12:39.381,1716480759381,NH-DC-NM224-J08-ROCE-ST-leaf-4.GPU.S9825,FourHundredGigE1/0/31,1233,467472,1590,486882,0,0
2024/05/24 星期五 00:12:39.884,1716480759884,NH-DC-NM224-J08-ROCE-ST-leaf-4.GPU.S9825,FourHundredGigE1/0/31,0,0,0,0,0,0
2024/05/24 星期五 00:12:40.385,1716480760385,NH-DC-NM224-J08-ROCE-ST-leaf-4.GPU.S9825,FourHundredGigE1/0/31,1435,522691,1701,542492,0,0
2024/05/24 星期五 00:12:40.885,1716480760885,NH-DC-NM224-J08-ROCE-ST-leaf-4.GPU.S9825,FourHundredGigE1/0/31,0,0,0,0,0,0
2024/05/24 星期五 00:12:41.385,1716480761385,NH-DC-NM224-J08-ROCE-ST-leaf-4.GPU.S9825,FourHundredGigE1/0/31,900,378338,1449,409343,0,0
2024/05/24 星期五 00:12:41.891,1716480761891,NH-DC-NM224-J08-ROCE-ST-leaf-4.GPU.S9825,FourHundredGigE1/0/31,0,0,0,0,0,0
2024/05/24 星期五 00:12:42.392,1716480762392,NH-DC-NM224-J08-ROCE-ST-leaf-4.GPU.S9825,FourHundredGigE1/0/31,1964,655170,1872,650212,0,0
2024/05/24 星期五 00:12:42.895,1716480762895,NH-DC-NM224-J08-ROCE-ST-leaf-4.GPU.S9825,FourHundredGigE1/0/31,0,0,0,0,0,0
2024/05/24 星期五 00:12:43.393,1716480763393,NH-DC-NM224-J08-ROCE-ST-leaf-4.GPU.S9825,FourHundredGigE1/0/31,954,370412,1320,391169,0,0
2024/05/24 星期五 00:12:43.893,1716480763893,NH-DC-NM224-J08-ROCE-ST-leaf-4.GPU.S9825,FourHundredGigE1/0/31,0,0,0,0,0,0
2024/05/24 星期五 00:12:44.393,1716480764393,NH-DC-NM224-J08-ROCE-ST-leaf-4.GPU.S9825,FourHundredGigE1/0/31,1154,424058,1400,437058,0,0
2024/05/24 星期五 00:12:44.895,1716480764895,NH-DC-NM224-J08-ROCE-ST-leaf-4.GPU.S9825,FourHundredGigE1/0/31,0,0,0,0,0,0
2024/05/24 星期五 00:12:45.764,1716480765764,NH-DC-NM224-J08-ROCE-ST-leaf-4.GPU.S9825,FourHundredGigE1/0/31,2470,814906,2266,803676,0,0
2024/05/24 星期五 00:12:46.263,1716480766263,NH-DC-NM224-J08-ROCE-ST-leaf-4.GPU.S9825,FourHundredGigE1/0/31,0,0,0,0,0,0
2024/05/24 星期五 00:12:46.765,1716480766765,NH-DC-NM224-J08-ROCE-ST-leaf-4.GPU.S9825,FourHundredGigE1/0/31,2591,809418,2062,780055,0,0
2024/05/24 星期五 00:12:47.773,1716480767773,NH-DC-NM224-J08-ROCE-ST-leaf-4.GPU.S9825,FourHundredGigE1/0/31,1610,558933,1756,588668,0,0
2024/05/24 星期五 00:12:48.290,1716480768290,NH-DC-NM224-J08-ROCE-ST-leaf-4.GPU.S9825,FourHundredGigE1/0/31,2207,715757,1958,703399,0,0
2024/05/24 星期五 00:12:48.806,1716480768806,NH-DC-NM224-J08-ROCE-ST-leaf-4.GPU.S9825,FourHundredGigE1/0/31,0,0,0,0,0,0
2024/05/24 星期五 00:12:49.305,1716480769305,NH-DC-NM224-J08-ROCE-ST-leaf-4.GPU.S9825,FourHundredGigE1/0/31,1596,537286,1564,534718,0,0
2024/05/24 星期五 00:12:49.807,1716480769807,NH-DC-NM224-J08-ROCE-ST-leaf-4.GPU.S9825,FourHundredGigE1/0/31,0,0,0,0,0,0
2024/05/24 星期五 00:12:50.306,1716480770306,NH-DC-NM224-J08-ROCE-ST-leaf-4.GPU.S9825,FourHundredGigE1/0/31,2250,744786,2094,736303,0,0
2024/05/24 星期五 00:12:50.806,1716480770806,NH-DC-NM224-J08-ROCE-ST-leaf-4.GPU.S9825,FourHundredGigE1/0/31,0,0,0,0,0,0
2024/05/24 星期五 00:12:51.307,1716480771307,NH-DC-NM224-J08-ROCE-ST-leaf-4.GPU.S9825,FourHundredGigE1/0/31,2386,806292,2333,803593,0,0
2024/05/24 星期五 00:12:51.810,1716480771810,NH-DC-NM224-J08-ROCE-ST-leaf-4.GPU.S9825,FourHundredGigE1/0/31,0,0,0,0,0,0
2024/05/24 星期五 00:12:52.310,1716480772310,NH-DC-NM224-J08-ROCE-ST-leaf-4.GPU.S9825,FourHundredGigE1/0/31,1662,576516,1754,581854,0,0
2024/05/24 星期五 00:12:52.813,1716480772813,NH-DC-NM224-J08-ROCE-ST-leaf-4.GPU.S9825,FourHundredGigE1/0/31,0,0,0,0,0,0
2024/05/24 星期五 00:12:53.319,1716480773319,NH-DC-NM224-J08-ROCE-ST-leaf-4.GPU.S9825,FourHundredGigE1/0/31,1886,645124,1918,647193,0,0
2024/05/24 星期五 00:12:53.819,1716480773819,NH-DC-NM224-J08-ROCE-ST-leaf-4.GPU.S9825,FourHundredGigE1/0/31,0,0,0,0,0,0
2024/05/24 星期五 00:12:54.321,1716480774321,NH-DC-NM224-J08-ROCE-ST-leaf-4.GPU.S9825,FourHundredGigE1/0/31,2587,820548,2109,800570,0,0
2024/05/24 星期五 00:12:55.774,1716480775774,NH-DC-NM224-J08-ROCE-ST-leaf-4.GPU.S9825,FourHundredGigE1/0/31,902,365021,1402,392271,0,0
2024/05/24 星期五 00:12:56.278,1716480776278,NH-DC-NM224-J08-ROCE-ST-leaf-4.GPU.S9825,FourHundredGigE1/0/31,0,0,0,0,0,0
2024/05/24 星期五 00:12:56.779,1716480776779,NH-DC-NM224-J08-ROCE-ST-leaf-4.GPU.S9825,FourHundredGigE1/0/31,2148,752238,2292,761466,0,0
2024/05/24 星期五 00:12:57.740,1716480777740,NH-DC-NM224-J08-ROCE-ST-leaf-4.GPU.S9825,FourHundredGigE1/0/31,0,0,0,0,0,0
2024/05/24 星期五 00:12:58.243,1716480778243,NH-DC-NM224-J08-ROCE-ST-leaf-4.GPU.S9825,FourHundredGigE1/0/31,1660,638694,2204,671393,0,0
2024/05/24 星期五 00:12:58.749,1716480778749,NH-DC-NM224-J08-ROCE-ST-leaf-4.GPU.S9825,FourHundredGigE1/0/31,0,0,0,0,0,0
2024/05/24 星期五 00:12:59.382,1716480779382,NH-DC-NM224-J08-ROCE-ST-leaf-4.GPU.S9825,FourHundredGigE1/0/31,2838,930648,2571,918024,0,0
2024/05/24 星期五 00:12:59.882,1716480779882,NH-DC-NM224-J08-ROCE-ST-leaf-4.GPU.S9825,FourHundredGigE1/0/31,0,0,0,0,0,0
2024/05/24 星期五 00:13:00.386,1716480780386,NH-DC-NM224-J08-ROCE-ST-leaf-4.GPU.S9825,FourHundredGigE1/0/31,1568,541091,1669,544251,0,0
2024/05/24 星期五 00:13:00.885,1716480780885,NH-DC-NM224-J08-ROCE-ST-leaf-4.GPU.S9825,FourHundredGigE1/0/31,0,0,0,0,0,0
2024/05/24 星期五 00:13:01.386,1716480781386,NH-DC-NM224-J08-ROCE-ST-leaf-4.GPU.S9825,FourHundredGigE1/0/31,1003,392858,1404,415381,0,0
2024/05/24 星期五 00:13:01.887,1716480781887,NH-DC-NM224-J08-ROCE-ST-leaf-4.GPU.S9825,FourHundredGigE1/0/31,0,0,0,0,0,0
2024/05/24 星期五 00:13:02.389,1716480782389,NH-DC-NM224-J08-ROCE-ST-leaf-4.GPU.S9825,FourHundredGigE1/0/31,1505,534858,1683,545020,0,0
2024/05/24 星期五 00:13:02.891,1716480782891,NH-DC-NM224-J08-ROCE-ST-leaf-4.GPU.S9825,FourHundredGigE1/0/31,0,0,0,0,0,0
2024/05/24 星期五 00:13:03.393,1716480783393,NH-DC-NM224-J08-ROCE-ST-leaf-4.GPU.S9825,FourHundredGigE1/0/31,0,0,0,0,0,0
2024/05/24 星期五 00:13:03.894,1716480783894,NH-DC-NM224-J08-ROCE-ST-leaf-4.GPU.S9825,FourHundredGigE1/0/31,2258,763200,2212,761467,0,0
2024/05/24 星期五 00:13:04.394,1716480784394,NH-DC-NM224-J08-ROCE-ST-leaf-4.GPU.S9825,FourHundredGigE1/0/31,1024,372968,1202,389338,0,0
2024/05/24 星期五 00:13:04.893,1716480784893,NH-DC-NM224-J08-ROCE-ST-leaf-4.GPU.S9825,FourHundredGigE1/0/31,0,0,0,0,0,0
2024/05/24 星期五 00:13:05.394,1716480785394,NH-DC-NM224-J08-ROCE-ST-leaf-4.GPU.S9825,FourHundredGigE1/0/31,2294,749856,2088,730948,0,0
2024/05/24 星期五 00:13:05.896,1716480785896,NH-DC-NM224-J08-ROCE-ST-leaf-4.GPU.S9825,FourHundredGigE1/0/31,0,0,0,0,0,0
2024/05/24 星期五 00:13:06.399,1716480786399,NH-DC-NM224-J08-ROCE-ST-leaf-4.GPU.S9825,FourHundredGigE1/0/31,2619,853464,2324,837377,0,0
2024/05/24 星期五 00:13:06.904,1716480786904,NH-DC-NM224-J08-ROCE-ST-leaf-4.GPU.S9825,FourHundredGigE1/0/31,0,0,0,0,0,0
2024/05/24 星期五 00:13:07.405,1716480787405,NH-DC-NM224-J08-ROCE-ST-leaf-4.GPU.S9825,FourHundredGigE1/0/31,1631,561186,1690,564751,0,0
2024/05/24 星期五 00:13:07.908,1716480787908,NH-DC-NM224-J08-ROCE-ST-leaf-4.GPU.S9825,FourHundredGigE1/0/31,0,0,0,0,0,0
2024/05/24 星期五 00:13:08.408,1716480788408,NH-DC-NM224-J08-ROCE-ST-leaf-4.GPU.S9825,FourHundredGigE1/0/31,2490,821312,2286,810116,0,0
2024/05/24 星期五 00:13:08.909,1716480788909,NH-DC-NM224-J08-ROCE-ST-leaf-4.GPU.S9825,FourHundredGigE1/0/31,0,0,0,0,0,0
2024/05/24 星期五 00:13:09.411,1716480789411,NH-DC-NM224-J08-ROCE-ST-leaf-4.GPU.S9825,FourHundredGigE1/0/31,1105,404684,1313,423316,0,0
2024/05/24 星期五 00:13:09.911,1716480789911,NH-DC-NM224-J08-ROCE-ST-leaf-4.GPU.S9825,FourHundredGigE1/0/31,0,0,0,0,0,0
2024/05/24 星期五 00:13:10.423,1716480790423,NH-DC-NM224-J08-ROCE-ST-leaf-4.GPU.S9825,FourHundredGigE1/0/31,1067,418782,1519,436789,0,0
2024/05/24 星期五 00:13:10.923,1716480790923,NH-DC-NM224-J08-ROCE-ST-leaf-4.GPU.S9825,FourHundredGigE1/0/31,0,0,0,0,0,0
2024/05/24 星期五 00:13:11.448,1716480791448,NH-DC-NM224-J08-ROCE-ST-leaf-4.GPU.S9825,FourHundredGigE1/0/31,2098,692450,1941,683725,0,0
2024/05/24 星期五 00:13:11.946,1716480791946,NH-DC-NM224-J08-ROCE-ST-leaf-4.GPU.S9825,FourHundredGigE1/0/31,0,0,0,0,0,0
2024/05/24 星期五 00:13:12.446,1716480792446,NH-DC-NM224-J08-ROCE-ST-leaf-4.GPU.S9825,FourHundredGigE1/0/31,1158,425636,1415,440222,0,0
2024/05/24 星期五 00:13:12.947,1716480792947,NH-DC-NM224-J08-ROCE-ST-leaf-4.GPU.S9825,FourHundredGigE1/0/31,0,0,0,0,0,0
2024/05/24 星期五 00:13:13.449,1716480793449,NH-DC-NM224-J08-ROCE-ST-leaf-4.GPU.S9825,FourHundredGigE1/0/31,2094,686564,1914,677327,0,0
2024/05/24 星期五 00:13:13.950,1716480793950,NH-DC-NM224-J08-ROCE-ST-leaf-4.GPU.S9825,FourHundredGigE1/0/31,0,0,0,0,0,0
2024/05/24 星期五 00:13:14.453,1716480794453,NH-DC-NM224-J08-ROCE-ST-leaf-4.GPU.S9825,FourHundredGigE1/0/31,1119,404568,1287,420378,0,0
2024/05/24 星期五 00:13:14.957,1716480794957,NH-DC-NM224-J08-ROCE-ST-leaf-4.GPU.S9825,FourHundredGigE1/0/31,0,0,0,0,0,0
2024/05/24 星期五 00:13:15.858,1716480795858,NH-DC-NM224-J08-ROCE-ST-leaf-4.GPU.S9825,FourHundredGigE1/0/31,2581,845644,2347,825168,0,0
2024/05/24 星期五 00:13:16.358,1716480796358,NH-DC-NM224-J08-ROCE-ST-leaf-4.GPU.S9825,FourHundredGigE1/0/31,1476,549870,1825,569481,0,0
2024/05/24 星期五 00:13:16.873,1716480796873,NH-DC-NM224-J08-ROCE-ST-leaf-4.GPU.S9825,FourHundredGigE1/0/31,0,0,0,0,0,0
2024/05/24 星期五 00:13:17.852,1716480797852,NH-DC-NM224-J08-ROCE-ST-leaf-4.GPU.S9825,FourHundredGigE1/0/31,1411,517330,1694,533439,0,0
2024/05/24 星期五 00:13:18.353,1716480798353,NH-DC-NM224-J08-ROCE-ST-leaf-4.GPU.S9825,FourHundredGigE1/0/31,2012,655698,1813,644782,0,0
2024/05/24 星期五 00:13:18.854,1716480798854,NH-DC-NM224-J08-ROCE-ST-leaf-4.GPU.S9825,FourHundredGigE1/0/31,0,0,0,0,0,0
2024/05/24 星期五 00:13:19.354,1716480799354,NH-DC-NM224-J08-ROCE-ST-leaf-4.GPU.S9825,FourHundredGigE1/0/31,915,354624,1233,379416,0,0
2024/05/24 星期五 00:13:19.862,1716480799862,NH-DC-NM224-J08-ROCE-ST-leaf-4.GPU.S9825,FourHundredGigE1/0/31,0,0,0,0,0,0
2024/05/24 星期五 00:13:20.363,1716480800363,NH-DC-NM224-J08-ROCE-ST-leaf-4.GPU.S9825,FourHundredGigE1/0/31,1101,433388,1572,452459,0,0
2024/05/24 星期五 00:13:20.866,1716480800866,NH-DC-NM224-J08-ROCE-ST-leaf-4.GPU.S9825,FourHundredGigE1/0/31,0,0,0,0,0,0
2024/05/24 星期五 00:13:21.366,1716480801366,NH-DC-NM224-J08-ROCE-ST-leaf-4.GPU.S9825,FourHundredGigE1/0/31,2150,720922,2083,717205,0,0
2024/05/24 星期五 00:13:21.870,1716480801870,NH-DC-NM224-J08-ROCE-ST-leaf-4.GPU.S9825,FourHundredGigE1/0/31,0,0,0,0,0,0
2024/05/24 星期五 00:13:22.374,1716480802374,NH-DC-NM224-J08-ROCE-ST-leaf-4.GPU.S9825,FourHundredGigE1/0/31,1294,461768,1492,473104,0,0
2024/05/24 星期五 00:13:22.876,1716480802876,NH-DC-NM224-J08-ROCE-ST-leaf-4.GPU.S9825,FourHundredGigE1/0/31,0,0,0,0,0,0
2024/05/24 星期五 00:13:23.380,1716480803380,NH-DC-NM224-J08-ROCE-ST-leaf-4.GPU.S9825,FourHundredGigE1/0/31,2040,660740,1806,647897,0,0
2024/05/24 星期五 00:13:23.881,1716480803881,NH-DC-NM224-J08-ROCE-ST-leaf-4.GPU.S9825,FourHundredGigE1/0/31,0,0,0,0,0,0
2024/05/24 星期五 00:13:24.379,1716480804379,NH-DC-NM224-J08-ROCE-ST-leaf-4.GPU.S9825,FourHundredGigE1/0/31,1047,419394,1494,451410,0,0
2024/05/24 星期五 00:13:24.882,1716480804882,NH-DC-NM224-J08-ROCE-ST-leaf-4.GPU.S9825,FourHundredGigE1/0/31,0,0,0,0,0,0
2024/05/24 星期五 00:13:25.383,1716480805383,NH-DC-NM224-J08-ROCE-ST-leaf-4.GPU.S9825,FourHundredGigE1/0/31,0,0,0,0,0,0
2024/05/24 星期五 00:13:25.885,1716480805885,NH-DC-NM224-J08-ROCE-ST-leaf-4.GPU.S9825,FourHundredGigE1/0/31,2360,811034,2442,810843,0,0
2024/05/24 星期五 00:13:26.389,1716480806389,NH-DC-NM224-J08-ROCE-ST-leaf-4.GPU.S9825,FourHundredGigE1/0/31,0,0,0,0,0,0
2024/05/24 星期五 00:13:26.890,1716480806890,NH-DC-NM224-J08-ROCE-ST-leaf-4.GPU.S9825,FourHundredGigE1/0/31,2100,692148,1941,683826,0,0
2024/05/24 星期五 00:13:27.392,1716480807392,NH-DC-NM224-J08-ROCE-ST-leaf-4.GPU.S9825,FourHundredGigE1/0/31,0,0,0,0,0,0
2024/05/24 星期五 00:13:27.894,1716480807894,NH-DC-NM224-J08-ROCE-ST-leaf-4.GPU.S9825,FourHundredGigE1/0/31,1408,504476,1615,516743,0,0
2024/05/24 星期五 00:13:28.397,1716480808397,NH-DC-NM224-J08-ROCE-ST-leaf-4.GPU.S9825,FourHundredGigE1/0/31,0,0,0,0,0,0
2024/05/24 星期五 00:13:28.898,1716480808898,NH-DC-NM224-J08-ROCE-ST-leaf-4.GPU.S9825,FourHundredGigE1/0/31,1279,477548,1604,495756,0,0
2024/05/24 星期五 00:13:29.401,1716480809401,NH-DC-NM224-J08-ROCE-ST-leaf-4.GPU.S9825,FourHundredGigE1/0/31,1851,569840,1379,547094,0,0
2024/05/24 星期五 00:13:29.902,1716480809902,NH-DC-NM224-J08-ROCE-ST-leaf-4.GPU.S9825,FourHundredGigE1/0/31,0,0,0,0,0,0
2024/05/24 星期五 00:13:30.906,1716480810906,NH-DC-NM224-J08-ROCE-ST-leaf-4.GPU.S9825,FourHundredGigE1/0/31,1709,574346,1698,566425,0,0
2024/05/24 星期五 00:13:31.432,1716480811432,NH-DC-NM224-J08-ROCE-ST-leaf-4.GPU.S9825,FourHundredGigE1/0/31,1882,627794,1797,623101,0,0
2024/05/24 星期五 00:13:31.933,1716480811933,NH-DC-NM224-J08-ROCE-ST-leaf-4.GPU.S9825,FourHundredGigE1/0/31,0,0,0,0,0,0
2024/05/24 星期五 00:13:32.435,1716480812435,NH-DC-NM224-J08-ROCE-ST-leaf-4.GPU.S9825,FourHundredGigE1/0/31,2448,806228,2237,794606,0,0
2024/05/24 星期五 00:13:32.934,1716480812934,NH-DC-NM224-J08-ROCE-ST-leaf-4.GPU.S9825,FourHundredGigE1/0/31,0,0,0,0,0,0
2024/05/24 星期五 00:13:33.439,1716480813439,NH-DC-NM224-J08-ROCE-ST-leaf-4.GPU.S9825,FourHundredGigE1/0/31,1705,595552,1823,602421,0,0
2024/05/24 星期五 00:13:33.940,1716480813940,NH-DC-NM224-J08-ROCE-ST-leaf-4.GPU.S9825,FourHundredGigE1/0/31,0,0,0,0,0,0
2024/05/24 星期五 00:13:34.444,1716480814444,NH-DC-NM224-J08-ROCE-ST-leaf-4.GPU.S9825,FourHundredGigE1/0/31,1295,463504,1453,479336,0,0
2024/05/24 星期五 00:13:34.942,1716480814942,NH-DC-NM224-J08-ROCE-ST-leaf-4.GPU.S9825,FourHundredGigE1/0/31,0,0,0,0,0,0
2024/05/24 星期五 00:13:35.445,1716480815445,NH-DC-NM224-J08-ROCE-ST-leaf-4.GPU.S9825,FourHundredGigE1/0/31,0,0,0,0,0,0
2024/05/24 星期五 00:13:35.952,1716480815952,NH-DC-NM224-J08-ROCE-ST-leaf-4.GPU.S9825,FourHundredGigE1/0/31,1235,492274,1806,518813,0,0
2024/05/24 星期五 00:13:36.456,1716480816456,NH-DC-NM224-J08-ROCE-ST-leaf-4.GPU.S9825,FourHundredGigE1/0/31,0,0,0,0,0,0
2024/05/24 星期五 00:13:36.964,1716480816964,NH-DC-NM224-J08-ROCE-ST-leaf-4.GPU.S9825,FourHundredGigE1/0/31,2663,873496,2428,863296,0,0
2024/05/24 星期五 00:13:37.465,1716480817465,NH-DC-NM224-J08-ROCE-ST-leaf-4.GPU.S9825,FourHundredGigE1/0/31,0,0,0,0,0,0
2024/05/24 星期五 00:13:37.966,1716480817966,NH-DC-NM224-J08-ROCE-ST-leaf-4.GPU.S9825,FourHundredGigE1/0/31,0,0,0,0,0,0
2024/05/24 星期五 00:13:38.475,1716480818475,NH-DC-NM224-J08-ROCE-ST-leaf-4.GPU.S9825,FourHundredGigE1/0/31,2069,693532,2005,691231,0,0
2024/05/24 星期五 00:13:38.974,1716480818974,NH-DC-NM224-J08-ROCE-ST-leaf-4.GPU.S9825,FourHundredGigE1/0/31,0,0,0,0,0,0
2024/05/24 星期五 00:13:39.482,1716480819482,NH-DC-NM224-J08-ROCE-ST-leaf-4.GPU.S9825,FourHundredGigE1/0/31,1929,673860,2068,683462,0,0
2024/05/24 星期五 00:13:39.987,1716480819987,NH-DC-NM224-J08-ROCE-ST-leaf-4.GPU.S9825,FourHundredGigE1/0/31,0,0,0,0,0,0
2024/05/24 星期五 00:13:40.938,1716480820938,NH-DC-NM224-J08-ROCE-ST-leaf-4.GPU.S9825,FourHundredGigE1/0/31,1855,637755,1934,639712,0,0
2024/05/24 星期五 00:13:41.443,1716480821443,NH-DC-NM224-J08-ROCE-ST-leaf-4.GPU.S9825,FourHundredGigE1/0/31,2393,755836,1967,732047,0,0
2024/05/24 星期五 00:13:42.471,1716480822471,NH-DC-NM224-J08-ROCE-ST-leaf-4.GPU.S9825,FourHundredGigE1/0/31,1526,524646,1584,528088,0,0
2024/05/24 星期五 00:13:42.941,1716480822941,NH-DC-NM224-J08-ROCE-ST-leaf-4.GPU.S9825,FourHundredGigE1/0/31,0,0,0,0,0,0
2024/05/24 星期五 00:13:43.442,1716480823442,NH-DC-NM224-J08-ROCE-ST-leaf-4.GPU.S9825,FourHundredGigE1/0/31,1066,418732,1496,443073,0,0
2024/05/24 星期五 00:13:43.942,1716480823942,NH-DC-NM224-J08-ROCE-ST-leaf-4.GPU.S9825,FourHundredGigE1/0/31,0,0,0,0,0,0
2024/05/24 星期五 00:13:44.441,1716480824441,NH-DC-NM224-J08-ROCE-ST-leaf-4.GPU.S9825,FourHundredGigE1/0/31,2045,705670,2074,714278,0,0
2024/05/24 星期五 00:13:44.943,1716480824943,NH-DC-NM224-J08-ROCE-ST-leaf-4.GPU.S9825,FourHundredGigE1/0/31,0,0,0,0,0,0
2024/05/24 星期五 00:13:45.457,1716480825457,NH-DC-NM224-J08-ROCE-ST-leaf-4.GPU.S9825,FourHundredGigE1/0/31,0,0,0,0,0,0
2024/05/24 星期五 00:13:45.945,1716480825945,NH-DC-NM224-J08-ROCE-ST-leaf-4.GPU.S9825,FourHundredGigE1/0/31,2385,822492,2482,822753,0,0
2024/05/24 星期五 00:13:46.445,1716480826445,NH-DC-NM224-J08-ROCE-ST-leaf-4.GPU.S9825,FourHundredGigE1/0/31,0,0,0,0,0,0
2024/05/24 星期五 00:13:46.946,1716480826946,NH-DC-NM224-J08-ROCE-ST-leaf-4.GPU.S9825,FourHundredGigE1/0/31,2127,744954,2277,755100,0,0
2024/05/24 星期五 00:13:47.462,1716480827462,NH-DC-NM224-J08-ROCE-ST-leaf-4.GPU.S9825,FourHundredGigE1/0/31,0,0,0,0,0,0
2024/05/24 星期五 00:13:47.963,1716480827963,NH-DC-NM224-J08-ROCE-ST-leaf-4.GPU.S9825,FourHundredGigE1/0/31,1745,620002,1715,568550,0,0
2024/05/24 星期五 00:13:48.464,1716480828464,NH-DC-NM224-J08-ROCE-ST-leaf-4.GPU.S9825,FourHundredGigE1/0/31,0,0,0,0,0,0
2024/05/24 星期五 00:13:48.967,1716480828967,NH-DC-NM224-J08-ROCE-ST-leaf-4.GPU.S9825,FourHundredGigE1/0/31,0,0,0,0,0,0
2024/05/24 星期五 00:13:49.469,1716480829469,NH-DC-NM224-J08-ROCE-ST-leaf-4.GPU.S9825,FourHundredGigE1/0/31,1976,696236,2187,716304,0,0
2024/05/24 星期五 00:13:49.982,1716480829982,NH-DC-NM224-J08-ROCE-ST-leaf-4.GPU.S9825,FourHundredGigE1/0/31,0,0,0,0,0,0
2024/05/24 星期五 00:13:50.481,1716480830481,NH-DC-NM224-J08-ROCE-ST-leaf-4.GPU.S9825,FourHundredGigE1/0/31,2180,736918,2163,728863,0,0
2024/05/24 星期五 00:13:50.981,1716480830981,NH-DC-NM224-J08-ROCE-ST-leaf-4.GPU.S9825,FourHundredGigE1/0/31,0,0,0,0,0,0
2024/05/24 星期五 00:13:51.484,1716480831484,NH-DC-NM224-J08-ROCE-ST-leaf-4.GPU.S9825,FourHundredGigE1/0/31,0,0,0,0,0,0
2024/05/24 星期五 00:13:51.985,1716480831985,NH-DC-NM224-J08-ROCE-ST-leaf-4.GPU.S9825,FourHundredGigE1/0/31,3869,1217514,3126,1180519,0,0
2024/05/24 星期五 00:13:52.488,1716480832488,NH-DC-NM224-J08-ROCE-ST-leaf-4.GPU.S9825,FourHundredGigE1/0/31,0,0,0,0,0,0
2024/05/24 星期五 00:13:52.989,1716480832989,NH-DC-NM224-J08-ROCE-ST-leaf-4.GPU.S9825,FourHundredGigE1/0/31,1151,462498,1681,492094,0,0
2024/05/24 星期五 00:13:53.489,1716480833489,NH-DC-NM224-J08-ROCE-ST-leaf-4.GPU.S9825,FourHundredGigE1/0/31,0,0,0,0,0,0
2024/05/24 星期五 00:13:53.990,1716480833990,NH-DC-NM224-J08-ROCE-ST-leaf-4.GPU.S9825,FourHundredGigE1/0/31,0,0,0,0,0,0
2024/05/24 星期五 00:13:54.498,1716480834498,NH-DC-NM224-J08-ROCE-ST-leaf-4.GPU.S9825,FourHundredGigE1/0/31,2632,847734,2293,831533,0,0
2024/05/24 星期五 00:13:55.006,1716480835006,NH-DC-NM224-J08-ROCE-ST-leaf-4.GPU.S9825,FourHundredGigE1/0/31,0,0,0,0,0,0
2024/05/24 星期五 00:13:55.516,1716480835516,NH-DC-NM224-J08-ROCE-ST-leaf-4.GPU.S9825,FourHundredGigE1/0/31,2667,874235,2440,859997,0,0
2024/05/24 星期五 00:13:56.040,1716480836040,NH-DC-NM224-J08-ROCE-ST-leaf-4.GPU.S9825,FourHundredGigE1/0/31,0,0,0,0,0,0
2024/05/24 星期五 00:13:56.542,1716480836542,NH-DC-NM224-J08-ROCE-ST-leaf-4.GPU.S9825,FourHundredGigE1/0/31,2086,690504,1953,684026,0,0
2024/05/24 星期五 00:13:57.165,1716480837165,NH-DC-NM224-J08-ROCE-ST-leaf-4.GPU.S9825,FourHundredGigE1/0/31,2252,727362,1969,711775,0,0
2024/05/24 星期五 00:13:57.938,1716480837938,NH-DC-NM224-J08-ROCE-ST-leaf-4.GPU.S9825,FourHundredGigE1/0/31,0,0,0,0,0,0
2024/05/24 星期五 00:13:58.439,1716480838439,NH-DC-NM224-J08-ROCE-ST-leaf-4.GPU.S9825,FourHundredGigE1/0/31,0,0,0,0,0,0
2024/05/24 星期五 00:13:58.942,1716480838942,NH-DC-NM224-J08-ROCE-ST-leaf-4.GPU.S9825,FourHundredGigE1/0/31,1986,680076,2014,681678,0,0
2024/05/24 星期五 00:13:59.445,1716480839445,NH-DC-NM224-J08-ROCE-ST-leaf-4.GPU.S9825,FourHundredGigE1/0/31,771,296556,1017,315570,0,0
2024/05/24 星期五 00:13:59.950,1716480839950,NH-DC-NM224-J08-ROCE-ST-leaf-4.GPU.S9825,FourHundredGigE1/0/31,0,0,0,0,0,0
2024/05/24 星期五 00:14:00.454,1716480840454,NH-DC-NM224-J08-ROCE-ST-leaf-4.GPU.S9825,FourHundredGigE1/0/31,1333,470561,1513,478339,0,0
2024/05/24 星期五 00:14:00.954,1716480840954,NH-DC-NM224-J08-ROCE-ST-leaf-4.GPU.S9825,FourHundredGigE1/0/31,0,0,0,0,0,0
2024/05/24 星期五 00:14:01.461,1716480841461,NH-DC-NM224-J08-ROCE-ST-leaf-4.GPU.S9825,FourHundredGigE1/0/31,0,0,0,0,0,0
2024/05/24 星期五 00:14:01.961,1716480841961,NH-DC-NM224-J08-ROCE-ST-leaf-4.GPU.S9825,FourHundredGigE1/0/31,3416,1100620,2954,1078889,0,0
2024/05/24 星期五 00:14:02.462,1716480842462,NH-DC-NM224-J08-ROCE-ST-leaf-4.GPU.S9825,FourHundredGigE1/0/31,0,0,0,0,0,0
2024/05/24 星期五 00:14:02.963,1716480842963,NH-DC-NM224-J08-ROCE-ST-leaf-4.GPU.S9825,FourHundredGigE1/0/31,0,0,0,0,0,0
2024/05/24 星期五 00:14:03.466,1716480843466,NH-DC-NM224-J08-ROCE-ST-leaf-4.GPU.S9825,FourHundredGigE1/0/31,1848,654838,2038,666448,0,0
2024/05/24 星期五 00:14:03.967,1716480843967,NH-DC-NM224-J08-ROCE-ST-leaf-4.GPU.S9825,FourHundredGigE1/0/31,0,0,0,0,0,0
2024/05/24 星期五 00:14:04.465,1716480844465,NH-DC-NM224-J08-ROCE-ST-leaf-4.GPU.S9825,FourHundredGigE1/0/31,2306,795728,2382,802185,0,0
2024/05/24 星期五 00:14:04.977,1716480844977,NH-DC-NM224-J08-ROCE-ST-leaf-4.GPU.S9825,FourHundredGigE1/0/31,0,0,0,0,0,0
2024/05/24 星期五 00:14:05.482,1716480845482,NH-DC-NM224-J08-ROCE-ST-leaf-4.GPU.S9825,FourHundredGigE1/0/31,0,0,0,0,0,0
2024/05/24 星期五 00:14:05.983,1716480845983,NH-DC-NM224-J08-ROCE-ST-leaf-4.GPU.S9825,FourHundredGigE1/0/31,2240,788538,2452,795433,0,0
2024/05/24 星期五 00:14:06.486,1716480846486,NH-DC-NM224-J08-ROCE-ST-leaf-4.GPU.S9825,FourHundredGigE1/0/31,0,0,0,0,0,0
2024/05/24 星期五 00:14:06.985,1716480846985,NH-DC-NM224-J08-ROCE-ST-leaf-4.GPU.S9825,FourHundredGigE1/0/31,1186,447782,1527,467244,0,0
2024/05/24 星期五 00:14:07.487,1716480847487,NH-DC-NM224-J08-ROCE-ST-leaf-4.GPU.S9825,FourHundredGigE1/0/31,0,0,0,0,0,0
2024/05/24 星期五 00:14:08.011,1716480848011,NH-DC-NM224-J08-ROCE-ST-leaf-4.GPU.S9825,FourHundredGigE1/0/31,0,0,0,0,0,0
2024/05/24 星期五 00:14:08.530,1716480848530,NH-DC-NM224-J08-ROCE-ST-leaf-4.GPU.S9825,FourHundredGigE1/0/31,2446,818084,2353,815887,0,0
2024/05/24 星期五 00:14:09.031,1716480849031,NH-DC-NM224-J08-ROCE-ST-leaf-4.GPU.S9825,FourHundredGigE1/0/31,0,0,0,0,0,0
2024/05/24 星期五 00:14:09.535,1716480849535,NH-DC-NM224-J08-ROCE-ST-leaf-4.GPU.S9825,FourHundredGigE1/0/31,2500,829806,2346,823316,0,0
2024/05/24 星期五 00:14:10.034,1716480850034,NH-DC-NM224-J08-ROCE-ST-leaf-4.GPU.S9825,FourHundredGigE1/0/31,0,0,0,0,0,0
2024/05/24 星期五 00:14:10.537,1716480850537,NH-DC-NM224-J08-ROCE-ST-leaf-4.GPU.S9825,FourHundredGigE1/0/31,2139,708772,2024,695221,0,0
2024/05/24 星期五 00:14:11.044,1716480851044,NH-DC-NM224-J08-ROCE-ST-leaf-4.GPU.S9825,FourHundredGigE1/0/31,0,0,0,0,0,0
2024/05/24 星期五 00:14:11.545,1716480851545,NH-DC-NM224-J08-ROCE-ST-leaf-4.GPU.S9825,FourHundredGigE1/0/31,1225,459164,1551,477487,0,0
2024/05/24 星期五 00:14:12.045,1716480852045,NH-DC-NM224-J08-ROCE-ST-leaf-4.GPU.S9825,FourHundredGigE1/0/31,0,0,0,0,0,0
2024/05/24 星期五 00:14:12.546,1716480852546,NH-DC-NM224-J08-ROCE-ST-leaf-4.GPU.S9825,FourHundredGigE1/0/31,769,306608,1136,327160,0,0
2024/05/24 星期五 00:14:13.045,1716480853045,NH-DC-NM224-J08-ROCE-ST-leaf-4.GPU.S9825,FourHundredGigE1/0/31,0,0,0,0,0,0
2024/05/24 星期五 00:14:13.545,1716480853545,NH-DC-NM224-J08-ROCE-ST-leaf-4.GPU.S9825,FourHundredGigE1/0/31,2914,905908,2276,870441,0,0
2024/05/24 星期五 00:14:14.046,1716480854046,NH-DC-NM224-J08-ROCE-ST-leaf-4.GPU.S9825,FourHundredGigE1/0/31,0,0,0,0,0,0
2024/05/24 星期五 00:14:14.545,1716480854545,NH-DC-NM224-J08-ROCE-ST-leaf-4.GPU.S9825,FourHundredGigE1/0/31,1256,456502,1459,474854,0,0
2024/05/24 星期五 00:14:15.048,1716480855048,NH-DC-NM224-J08-ROCE-ST-leaf-4.GPU.S9825,FourHundredGigE1/0/31,0,0,0,0,0,0
2024/05/24 星期五 00:14:15.549,1716480855549,NH-DC-NM224-J08-ROCE-ST-leaf-4.GPU.S9825,FourHundredGigE1/0/31,1791,647228,2081,656096,0,0
2024/05/24 星期五 00:14:16.050,1716480856050,NH-DC-NM224-J08-ROCE-ST-leaf-4.GPU.S9825,FourHundredGigE1/0/31,0,0,0,0,0,0
2024/05/24 星期五 00:14:16.555,1716480856555,NH-DC-NM224-J08-ROCE-ST-leaf-4.GPU.S9825,FourHundredGigE1/0/31,2199,712130,1938,697775,0,0
2024/05/24 星期五 00:14:17.054,1716480857054,NH-DC-NM224-J08-ROCE-ST-leaf-4.GPU.S9825,FourHundredGigE1/0/31,0,0,0,0,0,0
2024/05/24 星期五 00:14:18.074,1716480858074,NH-DC-NM224-J08-ROCE-ST-leaf-4.GPU.S9825,FourHundredGigE1/0/31,2068,688580,1956,682375,0,0
2024/05/24 星期五 00:14:18.576,1716480858576,NH-DC-NM224-J08-ROCE-ST-leaf-4.GPU.S9825,FourHundredGigE1/0/31,1992,653702,1827,644690,0,0
2024/05/24 星期五 00:14:19.077,1716480859077,NH-DC-NM224-J08-ROCE-ST-leaf-4.GPU.S9825,FourHundredGigE1/0/31,0,0,0,0,0,0
2024/05/24 星期五 00:14:19.578,1716480859578,NH-DC-NM224-J08-ROCE-ST-leaf-4.GPU.S9825,FourHundredGigE1/0/31,1088,395848,1276,413360,0,0
2024/05/24 星期五 00:14:20.082,1716480860082,NH-DC-NM224-J08-ROCE-ST-leaf-4.GPU.S9825,FourHundredGigE1/0/31,0,0,0,0,0,0
2024/05/24 星期五 00:14:20.583,1716480860583,NH-DC-NM224-J08-ROCE-ST-leaf-4.GPU.S9825,FourHundredGigE1/0/31,1581,555760,1748,558001,0,0
2024/05/24 星期五 00:14:21.081,1716480861081,NH-DC-NM224-J08-ROCE-ST-leaf-4.GPU.S9825,FourHundredGigE1/0/31,0,0,0,0,0,0
2024/05/24 星期五 00:14:21.585,1716480861585,NH-DC-NM224-J08-ROCE-ST-leaf-4.GPU.S9825,FourHundredGigE1/0/31,1908,684000,2146,697395,0,0
2024/05/24 星期五 00:14:22.089,1716480862089,NH-DC-NM224-J08-ROCE-ST-leaf-4.GPU.S9825,FourHundredGigE1/0/31,0,0,0,0,0,0
2024/05/24 星期五 00:14:22.590,1716480862590,NH-DC-NM224-J08-ROCE-ST-leaf-4.GPU.S9825,FourHundredGigE1/0/31,1798,598288,1731,594698,0,0
2024/05/24 星期五 00:14:23.103,1716480863103,NH-DC-NM224-J08-ROCE-ST-leaf-4.GPU.S9825,FourHundredGigE1/0/31,0,0,0,0,0,0
2024/05/24 星期五 00:14:23.605,1716480863605,NH-DC-NM224-J08-ROCE-ST-leaf-4.GPU.S9825,FourHundredGigE1/0/31,3059,951296,2402,914625,0,0
2024/05/24 星期五 00:14:24.109,1716480864109,NH-DC-NM224-J08-ROCE-ST-leaf-4.GPU.S9825,FourHundredGigE1/0/31,0,0,0,0,0,0
2024/05/24 星期五 00:14:24.610,1716480864610,NH-DC-NM224-J08-ROCE-ST-leaf-4.GPU.S9825,FourHundredGigE1/0/31,1921,625580,1697,620020,0,0
2024/05/24 星期五 00:14:25.111,1716480865111,NH-DC-NM224-J08-ROCE-ST-leaf-4.GPU.S9825,FourHundredGigE1/0/31,0,0,0,0,0,0
2024/05/24 星期五 00:14:25.610,1716480865610,NH-DC-NM224-J08-ROCE-ST-leaf-4.GPU.S9825,FourHundredGigE1/0/31,2562,812174,2120,787616,0,0
2024/05/24 星期五 00:14:26.114,1716480866114,NH-DC-NM224-J08-ROCE-ST-leaf-4.GPU.S9825,FourHundredGigE1/0/31,0,0,0,0,0,0
2024/05/24 星期五 00:14:26.614,1716480866614,NH-DC-NM224-J08-ROCE-ST-leaf-4.GPU.S9825,FourHundredGigE1/0/31,1938,647576,1881,637079,0,0
2024/05/24 星期五 00:14:27.118,1716480867118,NH-DC-NM224-J08-ROCE-ST-leaf-4.GPU.S9825,FourHundredGigE1/0/31,0,0,0,0,0,0
2024/05/24 星期五 00:14:27.618,1716480867618,NH-DC-NM224-J08-ROCE-ST-leaf-4.GPU.S9825,FourHundredGigE1/0/31,1763,600544,1775,601283,0,0
2024/05/24 星期五 00:14:28.121,1716480868121,NH-DC-NM224-J08-ROCE-ST-leaf-4.GPU.S9825,FourHundredGigE1/0/31,0,0,0,0,0,0
2024/05/24 星期五 00:14:29.107,1716480869107,NH-DC-NM224-J08-ROCE-ST-leaf-4.GPU.S9825,FourHundredGigE1/0/31,2341,768730,2132,757254,0,0
2024/05/24 星期五 00:14:29.613,1716480869613,NH-DC-NM224-J08-ROCE-ST-leaf-4.GPU.S9825,FourHundredGigE1/0/31,1062,427242,1527,460266,0,0
2024/05/24 星期五 00:14:30.115,1716480870115,NH-DC-NM224-J08-ROCE-ST-leaf-4.GPU.S9825,FourHundredGigE1/0/31,0,0,0,0,0,0
2024/05/24 星期五 00:14:30.614,1716480870614,NH-DC-NM224-J08-ROCE-ST-leaf-4.GPU.S9825,FourHundredGigE1/0/31,1414,478954,1427,479943,0,0
2024/05/24 星期五 00:14:31.113,1716480871113,NH-DC-NM224-J08-ROCE-ST-leaf-4.GPU.S9825,FourHundredGigE1/0/31,0,0,0,0,0,0
2024/05/24 星期五 00:14:31.614,1716480871614,NH-DC-NM224-J08-ROCE-ST-leaf-4.GPU.S9825,FourHundredGigE1/0/31,2639,838380,2218,807499,0,0
2024/05/24 星期五 00:14:32.117,1716480872117,NH-DC-NM224-J08-ROCE-ST-leaf-4.GPU.S9825,FourHundredGigE1/0/31,0,0,0,0,0,0
2024/05/24 星期五 00:14:32.617,1716480872617,NH-DC-NM224-J08-ROCE-ST-leaf-4.GPU.S9825,FourHundredGigE1/0/31,2943,926358,2373,894438,0,0
2024/05/24 星期五 00:14:33.136,1716480873136,NH-DC-NM224-J08-ROCE-ST-leaf-4.GPU.S9825,FourHundredGigE1/0/31,0,0,0,0,0,0
2024/05/24 星期五 00:14:33.637,1716480873637,NH-DC-NM224-J08-ROCE-ST-leaf-4.GPU.S9825,FourHundredGigE1/0/31,818,336516,1276,362425,0,0
2024/05/24 星期五 00:14:34.138,1716480874138,NH-DC-NM224-J08-ROCE-ST-leaf-4.GPU.S9825,FourHundredGigE1/0/31,0,0,0,0,0,0
2024/05/24 星期五 00:14:34.638,1716480874638,NH-DC-NM224-J08-ROCE-ST-leaf-4.GPU.S9825,FourHundredGigE1/0/31,2823,916992,2445,902808,0,0
2024/05/24 星期五 00:14:35.141,1716480875141,NH-DC-NM224-J08-ROCE-ST-leaf-4.GPU.S9825,FourHundredGigE1/0/31,0,0,0,0,0,0
2024/05/24 星期五 00:14:35.661,1716480875661,NH-DC-NM224-J08-ROCE-ST-leaf-4.GPU.S9825,FourHundredGigE1/0/31,1574,528648,1545,527218,0,0
2024/05/24 星期五 00:14:36.161,1716480876161,NH-DC-NM224-J08-ROCE-ST-leaf-4.GPU.S9825,FourHundredGigE1/0/31,0,0,0,0,0,0
2024/05/24 星期五 00:14:36.661,1716480876661,NH-DC-NM224-J08-ROCE-ST-leaf-4.GPU.S9825,FourHundredGigE1/0/31,1523,557322,1838,568023,0,0
2024/05/24 星期五 00:14:37.161,1716480877161,NH-DC-NM224-J08-ROCE-ST-leaf-4.GPU.S9825,FourHundredGigE1/0/31,0,0,0,0,0,0
2024/05/24 星期五 00:14:37.668,1716480877668,NH-DC-NM224-J08-ROCE-ST-leaf-4.GPU.S9825,FourHundredGigE1/0/31,604,272402,1131,301981,0,0
2024/05/24 星期五 00:14:38.170,1716480878170,NH-DC-NM224-J08-ROCE-ST-leaf-4.GPU.S9825,FourHundredGigE1/0/31,0,0,0,0,0,0
2024/05/24 星期五 00:14:38.688,1716480878688,NH-DC-NM224-J08-ROCE-ST-leaf-4.GPU.S9825,FourHundredGigE1/0/31,1555,539878,1652,545538,0,0
2024/05/24 星期五 00:14:39.191,1716480879191,NH-DC-NM224-J08-ROCE-ST-leaf-4.GPU.S9825,FourHundredGigE1/0/31,0,0,0,0,0,0
2024/05/24 星期五 00:14:39.694,1716480879694,NH-DC-NM224-J08-ROCE-ST-leaf-4.GPU.S9825,FourHundredGigE1/0/31,882,345330,1215,370962,0,0
2024/05/24 星期五 00:14:40.214,1716480880214,NH-DC-NM224-J08-ROCE-ST-leaf-4.GPU.S9825,FourHundredGigE1/0/31,0,0,0,0,0,0
2024/05/24 星期五 00:14:40.717,1716480880717,NH-DC-NM224-J08-ROCE-ST-leaf-4.GPU.S9825,FourHundredGigE1/0/31,1158,420463,1386,438330,0,0
2024/05/24 星期五 00:14:41.218,1716480881218,NH-DC-NM224-J08-ROCE-ST-leaf-4.GPU.S9825,FourHundredGigE1/0/31,0,0,0,0,0,0
2024/05/24 星期五 00:14:41.732,1716480881732,NH-DC-NM224-J08-ROCE-ST-leaf-4.GPU.S9825,FourHundredGigE1/0/31,909,346424,1245,359225,0,0
2024/05/24 星期五 00:14:42.233,1716480882233,NH-DC-NM224-J08-ROCE-ST-leaf-4.GPU.S9825,FourHundredGigE1/0/31,2190,706362,1905,689112,0,0
2024/05/24 星期五 00:14:42.799,1716480882799,NH-DC-NM224-J08-ROCE-ST-leaf-4.GPU.S9825,FourHundredGigE1/0/31,0,0,0,0,0,0
2024/05/24 星期五 00:14:43.299,1716480883299,NH-DC-NM224-J08-ROCE-ST-leaf-4.GPU.S9825,FourHundredGigE1/0/31,0,0,0,0,0,0
2024/05/24 星期五 00:14:43.801,1716480883801,NH-DC-NM224-J08-ROCE-ST-leaf-4.GPU.S9825,FourHundredGigE1/0/31,1805,595020,1681,588337,0,0
2024/05/24 星期五 00:14:44.305,1716480884305,NH-DC-NM224-J08-ROCE-ST-leaf-4.GPU.S9825,FourHundredGigE1/0/31,1764,620730,1881,634266,0,0
2024/05/24 星期五 00:14:44.816,1716480884816,NH-DC-NM224-J08-ROCE-ST-leaf-4.GPU.S9825,FourHundredGigE1/0/31,0,0,0,0,0,0
2024/05/24 星期五 00:14:47.143,1716480887143,NH-DC-NM224-J08-ROCE-ST-leaf-4.GPU.S9825,FourHundredGigE1/0/31,4009,1396084,4289,1409115,0,0
2024/05/24 星期五 00:14:47.643,1716480887643,NH-DC-NM224-J08-ROCE-ST-leaf-4.GPU.S9825,FourHundredGigE1/0/31,0,0,0,0,0,0
2024/05/24 星期五 00:14:48.165,1716480888165,NH-DC-NM224-J08-ROCE-ST-leaf-4.GPU.S9825,FourHundredGigE1/0/31,2977,966876,2618,947843,0,0
2024/05/24 星期五 00:14:50.157,1716480890157,NH-DC-NM224-J08-ROCE-ST-leaf-4.GPU.S9825,FourHundredGigE1/0/31,3114,995705,2623,967124,0,0
2024/05/24 星期五 00:14:50.658,1716480890658,NH-DC-NM224-J08-ROCE-ST-leaf-4.GPU.S9825,FourHundredGigE1/0/31,1730,591250,1757,592829,0,0
2024/05/24 星期五 00:14:51.157,1716480891157,NH-DC-NM224-J08-ROCE-ST-leaf-4.GPU.S9825,FourHundredGigE1/0/31,0,0,0,0,0,0
2024/05/24 星期五 00:14:51.658,1716480891658,NH-DC-NM224-J08-ROCE-ST-leaf-4.GPU.S9825,FourHundredGigE1/0/31,2859,898450,2327,861547,0,0
2024/05/24 星期五 00:14:53.667,1716480893667,NH-DC-NM224-J08-ROCE-ST-leaf-4.GPU.S9825,FourHundredGigE1/0/31,3362,1179210,3628,1194367,0,0
2024/05/24 星期五 00:14:54.188,1716480894188,NH-DC-NM224-J08-ROCE-ST-leaf-4.GPU.S9825,FourHundredGigE1/0/31,0,0,0,0,0,0
2024/05/24 星期五 00:14:54.690,1716480894690,NH-DC-NM224-J08-ROCE-ST-leaf-4.GPU.S9825,FourHundredGigE1/0/31,1439,492154,1450,499754,0,0
2024/05/24 星期五 00:14:55.190,1716480895190,NH-DC-NM224-J08-ROCE-ST-leaf-4.GPU.S9825,FourHundredGigE1/0/31,0,0,0,0,0,0
2024/05/24 星期五 00:14:55.694,1716480895694,NH-DC-NM224-J08-ROCE-ST-leaf-4.GPU.S9825,FourHundredGigE1/0/31,1500,525893,1632,538094,0,0
2024/05/24 星期五 00:14:56.193,1716480896193,NH-DC-NM224-J08-ROCE-ST-leaf-4.GPU.S9825,FourHundredGigE1/0/31,0,0,0,0,0,0
2024/05/24 星期五 00:14:56.695,1716480896695,NH-DC-NM224-J08-ROCE-ST-leaf-4.GPU.S9825,FourHundredGigE1/0/31,943,389946,1495,413747,0,0
2024/05/24 星期五 00:14:57.517,1716480897517,NH-DC-NM224-J08-ROCE-ST-leaf-4.GPU.S9825,FourHundredGigE1/0/31,1286,457762,1457,467405,0,0
2024/05/24 星期五 00:14:58.022,1716480898022,NH-DC-NM224-J08-ROCE-ST-leaf-4.GPU.S9825,FourHundredGigE1/0/31,0,0,0,0,0,0
2024/05/24 星期五 00:14:58.521,1716480898521,NH-DC-NM224-J08-ROCE-ST-leaf-4.GPU.S9825,FourHundredGigE1/0/31,1421,519234,1696,534862,0,0
2024/05/24 星期五 00:14:59.086,1716480899086,NH-DC-NM224-J08-ROCE-ST-leaf-4.GPU.S9825,FourHundredGigE1/0/31,0,0,0,0,0,0
2024/05/24 星期五 00:14:59.590,1716480899590,NH-DC-NM224-J08-ROCE-ST-leaf-4.GPU.S9825,FourHundredGigE1/0/31,2294,744580,1996,734876,0,0
2024/05/24 星期五 00:15:00.090,1716480900090,NH-DC-NM224-J08-ROCE-ST-leaf-4.GPU.S9825,FourHundredGigE1/0/31,0,0,0,0,0,0
2024/05/24 星期五 00:15:00.625,1716480900625,NH-DC-NM224-J08-ROCE-ST-leaf-4.GPU.S9825,FourHundredGigE1/0/31,1221,428801,1354,441125,0,0
2024/05/24 星期五 00:15:01.127,1716480901127,NH-DC-NM224-J08-ROCE-ST-leaf-4.GPU.S9825,FourHundredGigE1/0/31,0,0,0,0,0,0
2024/05/24 星期五 00:15:01.647,1716480901647,NH-DC-NM224-J08-ROCE-ST-leaf-4.GPU.S9825,FourHundredGigE1/0/31,1086,418978,1496,434827,0,0
2024/05/24 星期五 00:15:02.147,1716480902147,NH-DC-NM224-J08-ROCE-ST-leaf-4.GPU.S9825,FourHundredGigE1/0/31,0,0,0,0,0,0
2024/05/24 星期五 00:15:02.661,1716480902661,NH-DC-NM224-J08-ROCE-ST-leaf-4.GPU.S9825,FourHundredGigE1/0/31,1425,517668,1674,531612,0,0
2024/05/24 星期五 00:15:03.161,1716480903161,NH-DC-NM224-J08-ROCE-ST-leaf-4.GPU.S9825,FourHundredGigE1/0/31,0,0,0,0,0,0
2024/05/24 星期五 00:15:03.662,1716480903662,NH-DC-NM224-J08-ROCE-ST-leaf-4.GPU.S9825,FourHundredGigE1/0/31,2924,946326,2539,925027,0,0
2024/05/24 星期五 00:15:04.165,1716480904165,NH-DC-NM224-J08-ROCE-ST-leaf-4.GPU.S9825,FourHundredGigE1/0/31,0,0,0,0,0,0
2024/05/24 星期五 00:15:04.666,1716480904666,NH-DC-NM224-J08-ROCE-ST-leaf-4.GPU.S9825,FourHundredGigE1/0/31,1111,408524,1331,427828,0,0
2024/05/24 星期五 00:15:05.173,1716480905173,NH-DC-NM224-J08-ROCE-ST-leaf-4.GPU.S9825,FourHundredGigE1/0/31,0,0,0,0,0,0
2024/05/24 星期五 00:15:06.215,1716480906215,NH-DC-NM224-J08-ROCE-ST-leaf-4.GPU.S9825,FourHundredGigE1/0/31,1378,501896,1631,516064,0,0
2024/05/24 星期五 00:15:06.731,1716480906731,NH-DC-NM224-J08-ROCE-ST-leaf-4.GPU.S9825,FourHundredGigE1/0/31,1655,556400,1651,549431,0,0
2024/05/24 星期五 00:15:07.233,1716480907233,NH-DC-NM224-J08-ROCE-ST-leaf-4.GPU.S9825,FourHundredGigE1/0/31,0,0,0,0,0,0
2024/05/24 星期五 00:15:07.745,1716480907745,NH-DC-NM224-J08-ROCE-ST-leaf-4.GPU.S9825,FourHundredGigE1/0/31,1923,646734,1870,643833,0,0
2024/05/24 星期五 00:15:08.247,1716480908247,NH-DC-NM224-J08-ROCE-ST-leaf-4.GPU.S9825,FourHundredGigE1/0/31,0,0,0,0,0,0
2024/05/24 星期五 00:15:08.747,1716480908747,NH-DC-NM224-J08-ROCE-ST-leaf-4.GPU.S9825,FourHundredGigE1/0/31,2824,896956,2342,870192,0,0
2024/05/24 星期五 00:15:09.249,1716480909249,NH-DC-NM224-J08-ROCE-ST-leaf-4.GPU.S9825,FourHundredGigE1/0/31,1220,427330,1309,439298,0,0
2024/05/24 星期五 00:15:09.751,1716480909751,NH-DC-NM224-J08-ROCE-ST-leaf-4.GPU.S9825,FourHundredGigE1/0/31,0,0,0,0,0,0
2024/05/24 星期五 00:15:10.251,1716480910251,NH-DC-NM224-J08-ROCE-ST-leaf-4.GPU.S9825,FourHundredGigE1/0/31,0,0,0,0,0,0
2024/05/24 星期五 00:15:10.754,1716480910754,NH-DC-NM224-J08-ROCE-ST-leaf-4.GPU.S9825,FourHundredGigE1/0/31,1629,558000,1669,560307,0,0
2024/05/24 星期五 00:15:11.257,1716480911257,NH-DC-NM224-J08-ROCE-ST-leaf-4.GPU.S9825,FourHundredGigE1/0/31,0,0,0,0,0,0
2024/05/24 星期五 00:15:11.757,1716480911757,NH-DC-NM224-J08-ROCE-ST-leaf-4.GPU.S9825,FourHundredGigE1/0/31,1726,611184,1927,615329,0,0
2024/05/24 星期五 00:15:12.260,1716480912260,NH-DC-NM224-J08-ROCE-ST-leaf-4.GPU.S9825,FourHundredGigE1/0/31,0,0,0,0,0,0
2024/05/24 星期五 00:15:12.762,1716480912762,NH-DC-NM224-J08-ROCE-ST-leaf-4.GPU.S9825,FourHundredGigE1/0/31,1919,649576,1894,648176,0,0
2024/05/24 星期五 00:15:13.261,1716480913261,NH-DC-NM224-J08-ROCE-ST-leaf-4.GPU.S9825,FourHundredGigE1/0/31,0,0,0,0,0,0
2024/05/24 星期五 00:15:13.762,1716480913762,NH-DC-NM224-J08-ROCE-ST-leaf-4.GPU.S9825,FourHundredGigE1/0/31,2287,729760,1937,710421,0,0
2024/05/24 星期五 00:15:14.281,1716480914281,NH-DC-NM224-J08-ROCE-ST-leaf-4.GPU.S9825,FourHundredGigE1/0/31,3017,928732,2257,893156,0,0
2024/05/24 星期五 00:15:14.782,1716480914782,NH-DC-NM224-J08-ROCE-ST-leaf-4.GPU.S9825,FourHundredGigE1/0/31,0,0,0,0,0,0
2024/05/24 星期五 00:15:15.304,1716480915304,NH-DC-NM224-J08-ROCE-ST-leaf-4.GPU.S9825,FourHundredGigE1/0/31,1392,504432,1629,517704,0,0
2024/05/24 星期五 00:15:15.806,1716480915806,NH-DC-NM224-J08-ROCE-ST-leaf-4.GPU.S9825,FourHundredGigE1/0/31,0,0,0,0,0,0
2024/05/24 星期五 00:15:16.305,1716480916305,NH-DC-NM224-J08-ROCE-ST-leaf-4.GPU.S9825,FourHundredGigE1/0/31,1416,485638,1496,483007,0,0
2024/05/24 星期五 00:15:16.818,1716480916818,NH-DC-NM224-J08-ROCE-ST-leaf-4.GPU.S9825,FourHundredGigE1/0/31,0,0,0,0,0,0
2024/05/24 星期五 00:15:17.317,1716480917317,NH-DC-NM224-J08-ROCE-ST-leaf-4.GPU.S9825,FourHundredGigE1/0/31,1566,530382,1567,530505,0,0
2024/05/24 星期五 00:15:17.821,1716480917821,NH-DC-NM224-J08-ROCE-ST-leaf-4.GPU.S9825,FourHundredGigE1/0/31,0,0,0,0,0,0
2024/05/24 星期五 00:15:18.322,1716480918322,NH-DC-NM224-J08-ROCE-ST-leaf-4.GPU.S9825,FourHundredGigE1/0/31,2135,710766,2020,704554,0,0
2024/05/24 星期五 00:15:18.842,1716480918842,NH-DC-NM224-J08-ROCE-ST-leaf-4.GPU.S9825,FourHundredGigE1/0/31,0,0,0,0,0,0
2024/05/24 星期五 00:15:19.349,1716480919349,NH-DC-NM224-J08-ROCE-ST-leaf-4.GPU.S9825,FourHundredGigE1/0/31,1263,451638,1416,467190,0,0
2024/05/24 星期五 00:15:19.864,1716480919864,NH-DC-NM224-J08-ROCE-ST-leaf-4.GPU.S9825,FourHundredGigE1/0/31,0,0,0,0,0,0
2024/05/24 星期五 00:15:20.362,1716480920362,NH-DC-NM224-J08-ROCE-ST-leaf-4.GPU.S9825,FourHundredGigE1/0/31,1546,539336,1656,545563,0,0
2024/05/24 星期五 00:15:20.863,1716480920863,NH-DC-NM224-J08-ROCE-ST-leaf-4.GPU.S9825,FourHundredGigE1/0/31,0,0,0,0,0,0
2024/05/24 星期五 00:15:21.766,1716480921766,NH-DC-NM224-J08-ROCE-ST-leaf-4.GPU.S9825,FourHundredGigE1/0/31,2232,741646,2138,731017,0,0
2024/05/24 星期五 00:15:22.265,1716480922265,NH-DC-NM224-J08-ROCE-ST-leaf-4.GPU.S9825,FourHundredGigE1/0/31,0,0,0,0,0,0
2024/05/24 星期五 00:15:22.766,1716480922766,NH-DC-NM224-J08-ROCE-ST-leaf-4.GPU.S9825,FourHundredGigE1/0/31,0,0,0,0,0,0
2024/05/24 星期五 00:15:23.269,1716480923269,NH-DC-NM224-J08-ROCE-ST-leaf-4.GPU.S9825,FourHundredGigE1/0/31,2944,994870,2872,993942,0,0
2024/05/24 星期五 00:15:23.769,1716480923769,NH-DC-NM224-J08-ROCE-ST-leaf-4.GPU.S9825,FourHundredGigE1/0/31,0,0,0,0,0,0
2024/05/24 星期五 00:15:24.273,1716480924273,NH-DC-NM224-J08-ROCE-ST-leaf-4.GPU.S9825,FourHundredGigE1/0/31,2439,840178,2541,848307,0,0
2024/05/24 星期五 00:15:24.774,1716480924774,NH-DC-NM224-J08-ROCE-ST-leaf-4.GPU.S9825,FourHundredGigE1/0/31,0,0,0,0,0,0
2024/05/24 星期五 00:15:25.278,1716480925278,NH-DC-NM224-J08-ROCE-ST-leaf-4.GPU.S9825,FourHundredGigE1/0/31,0,0,0,0,0,0
2024/05/24 星期五 00:15:25.780,1716480925780,NH-DC-NM224-J08-ROCE-ST-leaf-4.GPU.S9825,FourHundredGigE1/0/31,2109,711462,2055,708438,0,0
2024/05/24 星期五 00:15:26.281,1716480926281,NH-DC-NM224-J08-ROCE-ST-leaf-4.GPU.S9825,FourHundredGigE1/0/31,1781,614264,1872,612249,0,0
2024/05/24 星期五 00:15:26.789,1716480926789,NH-DC-NM224-J08-ROCE-ST-leaf-4.GPU.S9825,FourHundredGigE1/0/31,0,0,0,0,0,0
2024/05/24 星期五 00:15:27.291,1716480927291,NH-DC-NM224-J08-ROCE-ST-leaf-4.GPU.S9825,FourHundredGigE1/0/31,1340,475240,1502,484379,0,0
2024/05/24 星期五 00:15:27.793,1716480927793,NH-DC-NM224-J08-ROCE-ST-leaf-4.GPU.S9825,FourHundredGigE1/0/31,0,0,0,0,0,0
2024/05/24 星期五 00:15:28.295,1716480928295,NH-DC-NM224-J08-ROCE-ST-leaf-4.GPU.S9825,FourHundredGigE1/0/31,656,297682,1235,330140,0,0
2024/05/24 星期五 00:15:28.798,1716480928798,NH-DC-NM224-J08-ROCE-ST-leaf-4.GPU.S9825,FourHundredGigE1/0/31,0,0,0,0,0,0
2024/05/24 星期五 00:15:29.300,1716480929300,NH-DC-NM224-J08-ROCE-ST-leaf-4.GPU.S9825,FourHundredGigE1/0/31,1326,485396,1562,505790,0,0
2024/05/24 星期五 00:15:29.798,1716480929798,NH-DC-NM224-J08-ROCE-ST-leaf-4.GPU.S9825,FourHundredGigE1/0/31,0,0,0,0,0,0
2024/05/24 星期五 00:15:30.300,1716480930300,NH-DC-NM224-J08-ROCE-ST-leaf-4.GPU.S9825,FourHundredGigE1/0/31,1848,649980,1996,658335,0,0
2024/05/24 星期五 00:15:30.801,1716480930801,NH-DC-NM224-J08-ROCE-ST-leaf-4.GPU.S9825,FourHundredGigE1/0/31,0,0,0,0,0,0
2024/05/24 星期五 00:15:31.303,1716480931303,NH-DC-NM224-J08-ROCE-ST-leaf-4.GPU.S9825,FourHundredGigE1/0/31,2761,866244,2242,830069,0,0
2024/05/24 星期五 00:15:31.805,1716480931805,NH-DC-NM224-J08-ROCE-ST-leaf-4.GPU.S9825,FourHundredGigE1/0/31,0,0,0,0,0,0
2024/05/24 星期五 00:15:32.306,1716480932306,NH-DC-NM224-J08-ROCE-ST-leaf-4.GPU.S9825,FourHundredGigE1/0/31,959,373312,1330,394088,0,0
2024/05/24 星期五 00:15:33.329,1716480933329,NH-DC-NM224-J08-ROCE-ST-leaf-4.GPU.S9825,FourHundredGigE1/0/31,1756,599722,1781,601383,0,0
2024/05/24 星期五 00:15:33.831,1716480933831,NH-DC-NM224-J08-ROCE-ST-leaf-4.GPU.S9825,FourHundredGigE1/0/31,0,0,0,0,0,0
2024/05/24 星期五 00:15:34.331,1716480934331,NH-DC-NM224-J08-ROCE-ST-leaf-4.GPU.S9825,FourHundredGigE1/0/31,1083,402576,1329,423336,0,0
2024/05/24 星期五 00:15:34.835,1716480934835,NH-DC-NM224-J08-ROCE-ST-leaf-4.GPU.S9825,FourHundredGigE1/0/31,0,0,0,0,0,0
2024/05/24 星期五 00:15:35.342,1716480935342,NH-DC-NM224-J08-ROCE-ST-leaf-4.GPU.S9825,FourHundredGigE1/0/31,0,0,0,0,0,0
2024/05/24 星期五 00:15:35.843,1716480935843,NH-DC-NM224-J08-ROCE-ST-leaf-4.GPU.S9825,FourHundredGigE1/0/31,2816,930879,2651,922117,0,0
2024/05/24 星期五 00:15:36.345,1716480936345,NH-DC-NM224-J08-ROCE-ST-leaf-4.GPU.S9825,FourHundredGigE1/0/31,0,0,0,0,0,0
2024/05/24 星期五 00:15:36.845,1716480936845,NH-DC-NM224-J08-ROCE-ST-leaf-4.GPU.S9825,FourHundredGigE1/0/31,1474,505966,1529,509606,0,0
2024/05/24 星期五 00:15:37.349,1716480937349,NH-DC-NM224-J08-ROCE-ST-leaf-4.GPU.S9825,FourHundredGigE1/0/31,0,0,0,0,0,0
2024/05/24 星期五 00:15:37.861,1716480937861,NH-DC-NM224-J08-ROCE-ST-leaf-4.GPU.S9825,FourHundredGigE1/0/31,1633,575306,1783,583799,0,0
2024/05/24 星期五 00:15:38.362,1716480938362,NH-DC-NM224-J08-ROCE-ST-leaf-4.GPU.S9825,FourHundredGigE1/0/31,0,0,0,0,0,0
2024/05/24 星期五 00:15:38.866,1716480938866,NH-DC-NM224-J08-ROCE-ST-leaf-4.GPU.S9825,FourHundredGigE1/0/31,0,0,0,0,0,0
2024/05/24 星期五 00:15:39.369,1716480939369,NH-DC-NM224-J08-ROCE-ST-leaf-4.GPU.S9825,FourHundredGigE1/0/31,3602,1170202,3169,1149260,0,0
2024/05/24 星期五 00:15:39.869,1716480939869,NH-DC-NM224-J08-ROCE-ST-leaf-4.GPU.S9825,FourHundredGigE1/0/31,0,0,0,0,0,0
2024/05/24 星期五 00:15:40.373,1716480940373,NH-DC-NM224-J08-ROCE-ST-leaf-4.GPU.S9825,FourHundredGigE1/0/31,2093,727731,2195,738348,0,0
2024/05/24 星期五 00:15:40.875,1716480940875,NH-DC-NM224-J08-ROCE-ST-leaf-4.GPU.S9825,FourHundredGigE1/0/31,0,0,0,0,0,0
2024/05/24 星期五 00:15:41.373,1716480941373,NH-DC-NM224-J08-ROCE-ST-leaf-4.GPU.S9825,FourHundredGigE1/0/31,1102,433014,1570,452111,0,0
2024/05/24 星期五 00:15:42.386,1716480942386,NH-DC-NM224-J08-ROCE-ST-leaf-4.GPU.S9825,FourHundredGigE1/0/31,2354,795262,2290,791678,0,0
2024/05/24 星期五 00:15:42.890,1716480942890,NH-DC-NM224-J08-ROCE-ST-leaf-4.GPU.S9825,FourHundredGigE1/0/31,0,0,0,0,0,0
2024/05/24 星期五 00:15:43.393,1716480943393,NH-DC-NM224-J08-ROCE-ST-leaf-4.GPU.S9825,FourHundredGigE1/0/31,2412,770478,2041,749769,0,0
2024/05/24 星期五 00:15:43.891,1716480943891,NH-DC-NM224-J08-ROCE-ST-leaf-4.GPU.S9825,FourHundredGigE1/0/31,0,0,0,0,0,0
2024/05/24 星期五 00:15:44.390,1716480944390,NH-DC-NM224-J08-ROCE-ST-leaf-4.GPU.S9825,FourHundredGigE1/0/31,1210,423712,1300,435930,0,0
2024/05/24 星期五 00:15:44.889,1716480944889,NH-DC-NM224-J08-ROCE-ST-leaf-4.GPU.S9825,FourHundredGigE1/0/31,0,0,0,0,0,0
2024/05/24 星期五 00:15:45.391,1716480945391,NH-DC-NM224-J08-ROCE-ST-leaf-4.GPU.S9825,FourHundredGigE1/0/31,0,0,0,0,0,0
2024/05/24 星期五 00:15:45.898,1716480945898,NH-DC-NM224-J08-ROCE-ST-leaf-4.GPU.S9825,FourHundredGigE1/0/31,1578,580944,1952,596329,0,0
2024/05/24 星期五 00:15:46.398,1716480946398,NH-DC-NM224-J08-ROCE-ST-leaf-4.GPU.S9825,FourHundredGigE1/0/31,0,0,0,0,0,0
2024/05/24 星期五 00:15:47.849,1716480947849,NH-DC-NM224-J08-ROCE-ST-leaf-4.GPU.S9825,FourHundredGigE1/0/31,3871,1316933,3912,1331426,0,0
2024/05/24 星期五 00:15:48.900,1716480948900,NH-DC-NM224-J08-ROCE-ST-leaf-4.GPU.S9825,FourHundredGigE1/0/31,1989,654998,1843,649554,0,0
2024/05/24 星期五 00:15:49.398,1716480949398,NH-DC-NM224-J08-ROCE-ST-leaf-4.GPU.S9825,FourHundredGigE1/0/31,1042,350642,995,351502,0,0
2024/05/24 星期五 00:15:49.898,1716480949898,NH-DC-NM224-J08-ROCE-ST-leaf-4.GPU.S9825,FourHundredGigE1/0/31,0,0,0,0,0,0
2024/05/24 星期五 00:15:50.399,1716480950399,NH-DC-NM224-J08-ROCE-ST-leaf-4.GPU.S9825,FourHundredGigE1/0/31,1462,540764,1782,558751,0,0
2024/05/24 星期五 00:15:50.901,1716480950901,NH-DC-NM224-J08-ROCE-ST-leaf-4.GPU.S9825,FourHundredGigE1/0/31,0,0,0,0,0,0
2024/05/24 星期五 00:15:51.402,1716480951402,NH-DC-NM224-J08-ROCE-ST-leaf-4.GPU.S9825,FourHundredGigE1/0/31,0,0,0,0,0,0
2024/05/24 星期五 00:15:51.902,1716480951902,NH-DC-NM224-J08-ROCE-ST-leaf-4.GPU.S9825,FourHundredGigE1/0/31,3689,1167952,3043,1126209,0,0
2024/05/24 星期五 00:15:52.411,1716480952411,NH-DC-NM224-J08-ROCE-ST-leaf-4.GPU.S9825,FourHundredGigE1/0/31,0,0,0,0,0,0
2024/05/24 星期五 00:15:52.913,1716480952913,NH-DC-NM224-J08-ROCE-ST-leaf-4.GPU.S9825,FourHundredGigE1/0/31,2798,923136,2571,912364,0,0
2024/05/24 星期五 00:15:53.413,1716480953413,NH-DC-NM224-J08-ROCE-ST-leaf-4.GPU.S9825,FourHundredGigE1/0/31,0,0,0,0,0,0
2024/05/24 星期五 00:15:53.914,1716480953914,NH-DC-NM224-J08-ROCE-ST-leaf-4.GPU.S9825,FourHundredGigE1/0/31,938,0,0,0,0,0
2024/05/24 星期五 00:15:54.428,1716480954428,NH-DC-NM224-J08-ROCE-ST-leaf-4.GPU.S9825,FourHundredGigE1/0/31,227,493202,1907,538499,0,0
2024/05/24 星期五 00:15:54.926,1716480954926,NH-DC-NM224-J08-ROCE-ST-leaf-4.GPU.S9825,FourHundredGigE1/0/31,0,0,0,0,0,0
2024/05/24 星期五 00:15:55.425,1716480955425,NH-DC-NM224-J08-ROCE-ST-leaf-4.GPU.S9825,FourHundredGigE1/0/31,679,308651,1279,347068,0,0
2024/05/24 星期五 00:15:55.925,1716480955925,NH-DC-NM224-J08-ROCE-ST-leaf-4.GPU.S9825,FourHundredGigE1/0/31,0,0,0,0,0,0
2024/05/24 星期五 00:15:56.426,1716480956426,NH-DC-NM224-J08-ROCE-ST-leaf-4.GPU.S9825,FourHundredGigE1/0/31,1083,430196,1550,456407,0,0
2024/05/24 星期五 00:15:56.930,1716480956930,NH-DC-NM224-J08-ROCE-ST-leaf-4.GPU.S9825,FourHundredGigE1/0/31,0,0,0,0,0,0
2024/05/24 星期五 00:15:57.800,1716480957800,NH-DC-NM224-J08-ROCE-ST-leaf-4.GPU.S9825,FourHundredGigE1/0/31,1899,672556,2108,677149,0,0
2024/05/24 星期五 00:15:58.301,1716480958301,NH-DC-NM224-J08-ROCE-ST-leaf-4.GPU.S9825,FourHundredGigE1/0/31,2621,837400,2213,814586,0,0
2024/05/24 星期五 00:15:58.816,1716480958816,NH-DC-NM224-J08-ROCE-ST-leaf-4.GPU.S9825,FourHundredGigE1/0/31,0,0,0,0,0,0
2024/05/24 星期五 00:15:59.319,1716480959319,NH-DC-NM224-J08-ROCE-ST-leaf-4.GPU.S9825,FourHundredGigE1/0/31,1193,425388,1335,440518,0,0
2024/05/24 星期五 00:15:59.821,1716480959821,NH-DC-NM224-J08-ROCE-ST-leaf-4.GPU.S9825,FourHundredGigE1/0/31,0,0,0,0,0,0
2024/05/24 星期五 00:16:00.321,1716480960321,NH-DC-NM224-J08-ROCE-ST-leaf-4.GPU.S9825,FourHundredGigE1/0/31,1663,555161,1607,556909,0,0
2024/05/24 星期五 00:16:00.832,1716480960832,NH-DC-NM224-J08-ROCE-ST-leaf-4.GPU.S9825,FourHundredGigE1/0/31,0,0,0,0,0,0
2024/05/24 星期五 00:16:01.335,1716480961335,NH-DC-NM224-J08-ROCE-ST-leaf-4.GPU.S9825,FourHundredGigE1/0/31,1789,612952,1849,608805,0,0
2024/05/24 星期五 00:16:01.834,1716480961834,NH-DC-NM224-J08-ROCE-ST-leaf-4.GPU.S9825,FourHundredGigE1/0/31,0,0,0,0,0,0
2024/05/24 星期五 00:16:02.362,1716480962362,NH-DC-NM224-J08-ROCE-ST-leaf-4.GPU.S9825,FourHundredGigE1/0/31,1068,462652,1795,503752,0,0
2024/05/24 星期五 00:16:02.865,1716480962865,NH-DC-NM224-J08-ROCE-ST-leaf-4.GPU.S9825,FourHundredGigE1/0/31,0,0,0,0,0,0
2024/05/24 星期五 00:16:03.365,1716480963365,NH-DC-NM224-J08-ROCE-ST-leaf-4.GPU.S9825,FourHundredGigE1/0/31,2042,673546,1889,665045,0,0
2024/05/24 星期五 00:16:03.865,1716480963865,NH-DC-NM224-J08-ROCE-ST-leaf-4.GPU.S9825,FourHundredGigE1/0/31,0,0,0,0,0,0
2024/05/24 星期五 00:16:04.373,1716480964373,NH-DC-NM224-J08-ROCE-ST-leaf-4.GPU.S9825,FourHundredGigE1/0/31,1632,559910,1649,568040,0,0
2024/05/24 星期五 00:16:04.877,1716480964877,NH-DC-NM224-J08-ROCE-ST-leaf-4.GPU.S9825,FourHundredGigE1/0/31,0,0,0,0,0,0
2024/05/24 星期五 00:16:05.378,1716480965378,NH-DC-NM224-J08-ROCE-ST-leaf-4.GPU.S9825,FourHundredGigE1/0/31,0,0,0,0,0,0
2024/05/24 星期五 00:16:05.900,1716480965900,NH-DC-NM224-J08-ROCE-ST-leaf-4.GPU.S9825,FourHundredGigE1/0/31,2903,932514,2515,905227,0,0
2024/05/24 星期五 00:16:06.405,1716480966405,NH-DC-NM224-J08-ROCE-ST-leaf-4.GPU.S9825,FourHundredGigE1/0/31,0,0,0,0,0,0
2024/05/24 星期五 00:16:06.905,1716480966905,NH-DC-NM224-J08-ROCE-ST-leaf-4.GPU.S9825,FourHundredGigE1/0/31,1760,642058,2081,662146,0,0
2024/05/24 星期五 00:16:07.406,1716480967406,NH-DC-NM224-J08-ROCE-ST-leaf-4.GPU.S9825,FourHundredGigE1/0/31,0,0,0,0,0,0
2024/05/24 星期五 00:16:07.910,1716480967910,NH-DC-NM224-J08-ROCE-ST-leaf-4.GPU.S9825,FourHundredGigE1/0/31,0,0,0,0,0,0
2024/05/24 星期五 00:16:08.409,1716480968409,NH-DC-NM224-J08-ROCE-ST-leaf-4.GPU.S9825,FourHundredGigE1/0/31,3194,1020678,2696,994831,0,0
2024/05/24 星期五 00:16:08.911,1716480968911,NH-DC-NM224-J08-ROCE-ST-leaf-4.GPU.S9825,FourHundredGigE1/0/31,0,0,0,0,0,0
2024/05/24 星期五 00:16:09.410,1716480969410,NH-DC-NM224-J08-ROCE-ST-leaf-4.GPU.S9825,FourHundredGigE1/0/31,2606,870336,2475,864940,0,0
2024/05/24 星期五 00:16:09.937,1716480969937,NH-DC-NM224-J08-ROCE-ST-leaf-4.GPU.S9825,FourHundredGigE1/0/31,0,0,0,0,0,0
2024/05/24 星期五 00:16:10.441,1716480970441,NH-DC-NM224-J08-ROCE-ST-leaf-4.GPU.S9825,FourHundredGigE1/0/31,1596,568416,1786,579123,0,0
2024/05/24 星期五 00:16:10.939,1716480970939,NH-DC-NM224-J08-ROCE-ST-leaf-4.GPU.S9825,FourHundredGigE1/0/31,0,0,0,0,0,0
2024/05/24 星期五 00:16:11.437,1716480971437,NH-DC-NM224-J08-ROCE-ST-leaf-4.GPU.S9825,FourHundredGigE1/0/31,0,0,0,0,0,0
2024/05/24 星期五 00:16:11.941,1716480971941,NH-DC-NM224-J08-ROCE-ST-leaf-4.GPU.S9825,FourHundredGigE1/0/31,2767,932886,2731,927833,0,0
2024/05/24 星期五 00:16:12.450,1716480972450,NH-DC-NM224-J08-ROCE-ST-leaf-4.GPU.S9825,FourHundredGigE1/0/31,0,0,0,0,0,0
2024/05/24 星期五 00:16:12.950,1716480972950,NH-DC-NM224-J08-ROCE-ST-leaf-4.GPU.S9825,FourHundredGigE1/0/31,1401,524646,1755,544470,0,0
2024/05/24 星期五 00:16:13.449,1716480973449,NH-DC-NM224-J08-ROCE-ST-leaf-4.GPU.S9825,FourHundredGigE1/0/31,0,0,0,0,0,0
2024/05/24 星期五 00:16:13.950,1716480973950,NH-DC-NM224-J08-ROCE-ST-leaf-4.GPU.S9825,FourHundredGigE1/0/31,0,0,0,0,0,0
2024/05/24 星期五 00:16:14.452,1716480974452,NH-DC-NM224-J08-ROCE-ST-leaf-4.GPU.S9825,FourHundredGigE1/0/31,2511,891782,2766,909233,0,0
2024/05/24 星期五 00:16:14.950,1716480974950,NH-DC-NM224-J08-ROCE-ST-leaf-4.GPU.S9825,FourHundredGigE1/0/31,0,0,0,0,0,0
2024/05/24 星期五 00:16:15.450,1716480975450,NH-DC-NM224-J08-ROCE-ST-leaf-4.GPU.S9825,FourHundredGigE1/0/31,0,0,0,0,0,0
2024/05/24 星期五 00:16:15.951,1716480975951,NH-DC-NM224-J08-ROCE-ST-leaf-4.GPU.S9825,FourHundredGigE1/0/31,1535,574702,1955,592469,0,0
2024/05/24 星期五 00:16:16.454,1716480976454,NH-DC-NM224-J08-ROCE-ST-leaf-4.GPU.S9825,FourHundredGigE1/0/31,0,0,0,0,0,0
2024/05/24 星期五 00:16:16.953,1716480976953,NH-DC-NM224-J08-ROCE-ST-leaf-4.GPU.S9825,FourHundredGigE1/0/31,1909,685450,2173,702174,0,0
2024/05/24 星期五 00:16:17.453,1716480977453,NH-DC-NM224-J08-ROCE-ST-leaf-4.GPU.S9825,FourHundredGigE1/0/31,0,0,0,0,0,0
2024/05/24 星期五 00:16:17.954,1716480977954,NH-DC-NM224-J08-ROCE-ST-leaf-4.GPU.S9825,FourHundredGigE1/0/31,0,0,0,0,0,0
2024/05/24 星期五 00:16:18.459,1716480978459,NH-DC-NM224-J08-ROCE-ST-leaf-4.GPU.S9825,FourHundredGigE1/0/31,2033,698064,2084,702371,0,0
2024/05/24 星期五 00:16:18.962,1716480978962,NH-DC-NM224-J08-ROCE-ST-leaf-4.GPU.S9825,FourHundredGigE1/0/31,0,0,0,0,0,0
2024/05/24 星期五 00:16:19.464,1716480979464,NH-DC-NM224-J08-ROCE-ST-leaf-4.GPU.S9825,FourHundredGigE1/0/31,3105,1012214,2765,995704,0,0
2024/05/24 星期五 00:16:19.965,1716480979965,NH-DC-NM224-J08-ROCE-ST-leaf-4.GPU.S9825,FourHundredGigE1/0/31,0,0,0,0,0,0
2024/05/24 星期五 00:16:20.470,1716480980470,NH-DC-NM224-J08-ROCE-ST-leaf-4.GPU.S9825,FourHundredGigE1/0/31,1403,509866,1652,523877,0,0
2024/05/24 星期五 00:16:20.981,1716480980981,NH-DC-NM224-J08-ROCE-ST-leaf-4.GPU.S9825,FourHundredGigE1/0/31,0,0,0,0,0,0
2024/05/24 星期五 00:16:21.483,1716480981483,NH-DC-NM224-J08-ROCE-ST-leaf-4.GPU.S9825,FourHundredGigE1/0/31,0,0,0,0,0,0
2024/05/24 星期五 00:16:21.986,1716480981986,NH-DC-NM224-J08-ROCE-ST-leaf-4.GPU.S9825,FourHundredGigE1/0/31,3591,1149380,3066,1116167,0,0
2024/05/24 星期五 00:16:22.488,1716480982488,NH-DC-NM224-J08-ROCE-ST-leaf-4.GPU.S9825,FourHundredGigE1/0/31,0,0,0,0,0,0
2024/05/24 星期五 00:16:22.990,1716480982990,NH-DC-NM224-J08-ROCE-ST-leaf-4.GPU.S9825,FourHundredGigE1/0/31,0,0,0,0,0,0
2024/05/24 星期五 00:16:23.490,1716480983490,NH-DC-NM224-J08-ROCE-ST-leaf-4.GPU.S9825,FourHundredGigE1/0/31,1161,506444,1976,553442,0,0
2024/05/24 星期五 00:16:23.993,1716480983993,NH-DC-NM224-J08-ROCE-ST-leaf-4.GPU.S9825,FourHundredGigE1/0/31,0,0,0,0,0,0
2024/05/24 星期五 00:16:24.494,1716480984494,NH-DC-NM224-J08-ROCE-ST-leaf-4.GPU.S9825,FourHundredGigE1/0/31,2543,863766,2524,865291,0,0
2024/05/24 星期五 00:16:24.994,1716480984994,NH-DC-NM224-J08-ROCE-ST-leaf-4.GPU.S9825,FourHundredGigE1/0/31,0,0,0,0,0,0
2024/05/24 星期五 00:16:25.506,1716480985506,NH-DC-NM224-J08-ROCE-ST-leaf-4.GPU.S9825,FourHundredGigE1/0/31,0,0,0,0,0,0
2024/05/24 星期五 00:16:26.010,1716480986010,NH-DC-NM224-J08-ROCE-ST-leaf-4.GPU.S9825,FourHundredGigE1/0/31,2049,696108,2113,693959,0,0
2024/05/24 星期五 00:16:26.514,1716480986514,NH-DC-NM224-J08-ROCE-ST-leaf-4.GPU.S9825,FourHundredGigE1/0/31,0,0,0,0,0,0
2024/05/24 星期五 00:16:27.016,1716480987016,NH-DC-NM224-J08-ROCE-ST-leaf-4.GPU.S9825,FourHundredGigE1/0/31,2688,886276,2461,874534,0,0
2024/05/24 星期五 00:16:27.971,1716480987971,NH-DC-NM224-J08-ROCE-ST-leaf-4.GPU.S9825,FourHundredGigE1/0/31,2240,735060,2051,725927,0,0
2024/05/24 星期五 00:16:30.527,1716480990527,NH-DC-NM224-J08-ROCE-ST-leaf-4.GPU.S9825,FourHundredGigE1/0/31,5352,1795208,5160,1786329,0,0
2024/05/24 星期五 00:16:31.029,1716480991029,NH-DC-NM224-J08-ROCE-ST-leaf-4.GPU.S9825,FourHundredGigE1/0/31,0,0,0,0,0,0
2024/05/24 星期五 00:16:31.529,1716480991529,NH-DC-NM224-J08-ROCE-ST-leaf-4.GPU.S9825,FourHundredGigE1/0/31,3520,1168094,3276,1147771,0,0
2024/05/24 星期五 00:16:32.029,1716480992029,NH-DC-NM224-J08-ROCE-ST-leaf-4.GPU.S9825,FourHundredGigE1/0/31,0,0,0,0,0,0
2024/05/24 星期五 00:16:32.530,1716480992530,NH-DC-NM224-J08-ROCE-ST-leaf-4.GPU.S9825,FourHundredGigE1/0/31,0,0,0,0,0,0
2024/05/24 星期五 00:16:33.031,1716480993031,NH-DC-NM224-J08-ROCE-ST-leaf-4.GPU.S9825,FourHundredGigE1/0/31,2231,790052,2477,805562,0,0
2024/05/24 星期五 00:16:33.534,1716480993534,NH-DC-NM224-J08-ROCE-ST-leaf-4.GPU.S9825,FourHundredGigE1/0/31,0,0,0,0,0,0
2024/05/24 星期五 00:16:34.037,1716480994037,NH-DC-NM224-J08-ROCE-ST-leaf-4.GPU.S9825,FourHundredGigE1/0/31,1844,614724,1762,610393,0,0
2024/05/24 星期五 00:16:34.538,1716480994538,NH-DC-NM224-J08-ROCE-ST-leaf-4.GPU.S9825,FourHundredGigE1/0/31,912,280090,718,270636,0,0
2024/05/24 星期五 00:16:35.038,1716480995038,NH-DC-NM224-J08-ROCE-ST-leaf-4.GPU.S9825,FourHundredGigE1/0/31,0,0,0,0,0,0
2024/05/24 星期五 00:16:35.542,1716480995542,NH-DC-NM224-J08-ROCE-ST-leaf-4.GPU.S9825,FourHundredGigE1/0/31,3529,1112492,2868,1068559,0,0
2024/05/24 星期五 00:16:36.043,1716480996043,NH-DC-NM224-J08-ROCE-ST-leaf-4.GPU.S9825,FourHundredGigE1/0/31,0,0,0,0,0,0
2024/05/24 星期五 00:16:36.541,1716480996541,NH-DC-NM224-J08-ROCE-ST-leaf-4.GPU.S9825,FourHundredGigE1/0/31,1887,649064,2003,653248,0,0
2024/05/24 星期五 00:16:37.045,1716480997045,NH-DC-NM224-J08-ROCE-ST-leaf-4.GPU.S9825,FourHundredGigE1/0/31,0,0,0,0,0,0
2024/05/24 星期五 00:16:37.545,1716480997545,NH-DC-NM224-J08-ROCE-ST-leaf-4.GPU.S9825,FourHundredGigE1/0/31,2483,809690,2234,794607,0,0
2024/05/24 星期五 00:16:38.049,1716480998049,NH-DC-NM224-J08-ROCE-ST-leaf-4.GPU.S9825,FourHundredGigE1/0/31,0,0,0,0,0,0
2024/05/24 星期五 00:16:38.550,1716480998550,NH-DC-NM224-J08-ROCE-ST-leaf-4.GPU.S9825,FourHundredGigE1/0/31,2291,780146,2322,780444,0,0
2024/05/24 星期五 00:16:39.050,1716480999050,NH-DC-NM224-J08-ROCE-ST-leaf-4.GPU.S9825,FourHundredGigE1/0/31,0,0,0,0,0,0
2024/05/24 星期五 00:16:39.551,1716480999551,NH-DC-NM224-J08-ROCE-ST-leaf-4.GPU.S9825,FourHundredGigE1/0/31,1576,517736,1424,515044,0,0
2024/05/24 星期五 00:16:40.101,1716481000101,NH-DC-NM224-J08-ROCE-ST-leaf-4.GPU.S9825,FourHundredGigE1/0/31,0,0,0,0,0,0
2024/05/24 星期五 00:16:40.602,1716481000602,NH-DC-NM224-J08-ROCE-ST-leaf-4.GPU.S9825,FourHundredGigE1/0/31,1206,449423,1516,471688,0,0
2024/05/24 星期五 00:16:41.105,1716481001105,NH-DC-NM224-J08-ROCE-ST-leaf-4.GPU.S9825,FourHundredGigE1/0/31,0,0,0,0,0,0
2024/05/24 星期五 00:16:41.606,1716481001606,NH-DC-NM224-J08-ROCE-ST-leaf-4.GPU.S9825,FourHundredGigE1/0/31,3716,1187770,3095,1153061,0,0
2024/05/24 星期五 00:16:42.106,1716481002106,NH-DC-NM224-J08-ROCE-ST-leaf-4.GPU.S9825,FourHundredGigE1/0/31,0,0,0,0,0,0
2024/05/24 星期五 00:16:42.605,1716481002605,NH-DC-NM224-J08-ROCE-ST-leaf-4.GPU.S9825,FourHundredGigE1/0/31,1004,416138,1589,441720,0,0
2024/05/24 星期五 00:16:43.106,1716481003106,NH-DC-NM224-J08-ROCE-ST-leaf-4.GPU.S9825,FourHundredGigE1/0/31,0,0,0,0,0,0
2024/05/24 星期五 00:16:43.606,1716481003606,NH-DC-NM224-J08-ROCE-ST-leaf-4.GPU.S9825,FourHundredGigE1/0/31,1836,649308,2008,659007,0,0
2024/05/24 星期五 00:16:44.106,1716481004106,NH-DC-NM224-J08-ROCE-ST-leaf-4.GPU.S9825,FourHundredGigE1/0/31,0,0,0,0,0,0
2024/05/24 星期五 00:16:44.609,1716481004609,NH-DC-NM224-J08-ROCE-ST-leaf-4.GPU.S9825,FourHundredGigE1/0/31,1152,433604,1448,457358,0,0
2024/05/24 星期五 00:16:45.113,1716481005113,NH-DC-NM224-J08-ROCE-ST-leaf-4.GPU.S9825,FourHundredGigE1/0/31,0,0,0,0,0,0
2024/05/24 星期五 00:16:45.613,1716481005613,NH-DC-NM224-J08-ROCE-ST-leaf-4.GPU.S9825,FourHundredGigE1/0/31,2562,845016,2343,832752,0,0
2024/05/24 星期五 00:16:46.118,1716481006118,NH-DC-NM224-J08-ROCE-ST-leaf-4.GPU.S9825,FourHundredGigE1/0/31,0,0,0,0,0,0
2024/05/24 星期五 00:16:46.620,1716481006620,NH-DC-NM224-J08-ROCE-ST-leaf-4.GPU.S9825,FourHundredGigE1/0/31,1591,562004,1749,570919,0,0
2024/05/24 星期五 00:16:47.123,1716481007123,NH-DC-NM224-J08-ROCE-ST-leaf-4.GPU.S9825,FourHundredGigE1/0/31,0,0,0,0,0,0
2024/05/24 星期五 00:16:47.626,1716481007626,NH-DC-NM224-J08-ROCE-ST-leaf-4.GPU.S9825,FourHundredGigE1/0/31,1470,565750,1970,586639,0,0
2024/05/24 星期五 00:16:48.135,1716481008135,NH-DC-NM224-J08-ROCE-ST-leaf-4.GPU.S9825,FourHundredGigE1/0/31,0,0,0,0,0,0
2024/05/24 星期五 00:16:48.646,1716481008646,NH-DC-NM224-J08-ROCE-ST-leaf-4.GPU.S9825,FourHundredGigE1/0/31,2281,771117,2314,806750,0,0
2024/05/24 星期五 00:16:49.149,1716481009149,NH-DC-NM224-J08-ROCE-ST-leaf-4.GPU.S9825,FourHundredGigE1/0/31,0,0,0,0,0,0
2024/05/24 星期五 00:16:49.660,1716481009660,NH-DC-NM224-J08-ROCE-ST-leaf-4.GPU.S9825,FourHundredGigE1/0/31,1936,657136,1903,662442,0,0
2024/05/24 星期五 00:16:50.164,1716481010164,NH-DC-NM224-J08-ROCE-ST-leaf-4.GPU.S9825,FourHundredGigE1/0/31,0,0,0,0,0,0
2024/05/24 星期五 00:16:50.665,1716481010665,NH-DC-NM224-J08-ROCE-ST-leaf-4.GPU.S9825,FourHundredGigE1/0/31,1671,599366,1901,612727,0,0
2024/05/24 星期五 00:16:51.176,1716481011176,NH-DC-NM224-J08-ROCE-ST-leaf-4.GPU.S9825,FourHundredGigE1/0/31,0,0,0,0,0,0
2024/05/24 星期五 00:16:51.679,1716481011679,NH-DC-NM224-J08-ROCE-ST-leaf-4.GPU.S9825,FourHundredGigE1/0/31,1925,645970,1861,642023,0,0
2024/05/24 星期五 00:16:52.182,1716481012182,NH-DC-NM224-J08-ROCE-ST-leaf-4.GPU.S9825,FourHundredGigE1/0/31,0,0,0,0,0,0
2024/05/24 星期五 00:16:52.711,1716481012711,NH-DC-NM224-J08-ROCE-ST-leaf-4.GPU.S9825,FourHundredGigE1/0/31,2449,795336,2187,773486,0,0
2024/05/24 星期五 00:16:53.214,1716481013214,NH-DC-NM224-J08-ROCE-ST-leaf-4.GPU.S9825,FourHundredGigE1/0/31,0,0,0,0,0,0
2024/05/24 星期五 00:16:53.714,1716481013714,NH-DC-NM224-J08-ROCE-ST-leaf-4.GPU.S9825,FourHundredGigE1/0/31,1476,540672,1762,556755,0,0
2024/05/24 星期五 00:16:54.217,1716481014217,NH-DC-NM224-J08-ROCE-ST-leaf-4.GPU.S9825,FourHundredGigE1/0/31,0,0,0,0,0,0
2024/05/24 星期五 00:16:54.717,1716481014717,NH-DC-NM224-J08-ROCE-ST-leaf-4.GPU.S9825,FourHundredGigE1/0/31,1634,566592,1692,577018,0,0
2024/05/24 星期五 00:16:55.218,1716481015218,NH-DC-NM224-J08-ROCE-ST-leaf-4.GPU.S9825,FourHundredGigE1/0/31,0,0,0,0,0,0
2024/05/24 星期五 00:16:55.721,1716481015721,NH-DC-NM224-J08-ROCE-ST-leaf-4.GPU.S9825,FourHundredGigE1/0/31,1682,610991,1965,631648,0,0
2024/05/24 星期五 00:16:56.244,1716481016244,NH-DC-NM224-J08-ROCE-ST-leaf-4.GPU.S9825,FourHundredGigE1/0/31,0,0,0,0,0,0
2024/05/24 星期五 00:16:56.746,1716481016746,NH-DC-NM224-J08-ROCE-ST-leaf-4.GPU.S9825,FourHundredGigE1/0/31,3208,1017856,2635,985827,0,0
2024/05/24 星期五 00:16:57.660,1716481017660,NH-DC-NM224-J08-ROCE-ST-leaf-4.GPU.S9825,FourHundredGigE1/0/31,1678,600166,1916,606189,0,0
2024/05/24 星期五 00:16:58.161,1716481018161,NH-DC-NM224-J08-ROCE-ST-leaf-4.GPU.S9825,FourHundredGigE1/0/31,0,0,0,0,0,0
2024/05/24 星期五 00:16:58.680,1716481018680,NH-DC-NM224-J08-ROCE-ST-leaf-4.GPU.S9825,FourHundredGigE1/0/31,1362,503228,1668,520592,0,0
2024/05/24 星期五 00:16:59.181,1716481019181,NH-DC-NM224-J08-ROCE-ST-leaf-4.GPU.S9825,FourHundredGigE1/0/31,1985,683922,2010,692500,0,0
2024/05/24 星期五 00:16:59.713,1716481019713,NH-DC-NM224-J08-ROCE-ST-leaf-4.GPU.S9825,FourHundredGigE1/0/31,0,0,0,0,0,0
2024/05/24 星期五 00:17:00.216,1716481020216,NH-DC-NM224-J08-ROCE-ST-leaf-4.GPU.S9825,FourHundredGigE1/0/31,0,0,0,0,0,0
2024/05/24 星期五 00:17:00.717,1716481020717,NH-DC-NM224-J08-ROCE-ST-leaf-4.GPU.S9825,FourHundredGigE1/0/31,1915,656873,1955,663997,0,0
2024/05/24 星期五 00:17:01.221,1716481021221,NH-DC-NM224-J08-ROCE-ST-leaf-4.GPU.S9825,FourHundredGigE1/0/31,0,0,0,0,0,0
2024/05/24 星期五 00:17:01.723,1716481021723,NH-DC-NM224-J08-ROCE-ST-leaf-4.GPU.S9825,FourHundredGigE1/0/31,2057,699798,2049,699409,0,0
2024/05/24 星期五 00:17:02.225,1716481022225,NH-DC-NM224-J08-ROCE-ST-leaf-4.GPU.S9825,FourHundredGigE1/0/31,0,0,0,0,0,0
2024/05/24 星期五 00:17:02.725,1716481022725,NH-DC-NM224-J08-ROCE-ST-leaf-4.GPU.S9825,FourHundredGigE1/0/31,2661,882106,2488,865240,0,0
2024/05/24 星期五 00:17:03.237,1716481023237,NH-DC-NM224-J08-ROCE-ST-leaf-4.GPU.S9825,FourHundredGigE1/0/31,0,0,0,0,0,0
2024/05/24 星期五 00:17:03.738,1716481023738,NH-DC-NM224-J08-ROCE-ST-leaf-4.GPU.S9825,FourHundredGigE1/0/31,2892,930072,2470,906507,0,0
2024/05/24 星期五 00:17:04.238,1716481024238,NH-DC-NM224-J08-ROCE-ST-leaf-4.GPU.S9825,FourHundredGigE1/0/31,0,0,0,0,0,0
2024/05/24 星期五 00:17:04.740,1716481024740,NH-DC-NM224-J08-ROCE-ST-leaf-4.GPU.S9825,FourHundredGigE1/0/31,1469,549468,1803,575350,0,0
2024/05/24 星期五 00:17:05.240,1716481025240,NH-DC-NM224-J08-ROCE-ST-leaf-4.GPU.S9825,FourHundredGigE1/0/31,0,0,0,0,0,0
2024/05/24 星期五 00:17:05.742,1716481025742,NH-DC-NM224-J08-ROCE-ST-leaf-4.GPU.S9825,FourHundredGigE1/0/31,1536,579072,1941,601752,0,0
2024/05/24 星期五 00:17:06.242,1716481026242,NH-DC-NM224-J08-ROCE-ST-leaf-4.GPU.S9825,FourHundredGigE1/0/31,0,0,0,0,0,0
2024/05/24 星期五 00:17:06.742,1716481026742,NH-DC-NM224-J08-ROCE-ST-leaf-4.GPU.S9825,FourHundredGigE1/0/31,2322,768066,2150,758867,0,0
2024/05/24 星期五 00:17:07.246,1716481027246,NH-DC-NM224-J08-ROCE-ST-leaf-4.GPU.S9825,FourHundredGigE1/0/31,0,0,0,0,0,0
2024/05/24 星期五 00:17:07.747,1716481027747,NH-DC-NM224-J08-ROCE-ST-leaf-4.GPU.S9825,FourHundredGigE1/0/31,1735,623076,1996,630581,0,0
2024/05/24 星期五 00:17:08.250,1716481028250,NH-DC-NM224-J08-ROCE-ST-leaf-4.GPU.S9825,FourHundredGigE1/0/31,0,0,0,0,0,0
2024/05/24 星期五 00:17:08.764,1716481028764,NH-DC-NM224-J08-ROCE-ST-leaf-4.GPU.S9825,FourHundredGigE1/0/31,1787,625570,1916,632828,0,0
2024/05/24 星期五 00:17:09.265,1716481029265,NH-DC-NM224-J08-ROCE-ST-leaf-4.GPU.S9825,FourHundredGigE1/0/31,3335,1055610,2688,1026556,0,0
2024/05/24 星期五 00:17:09.765,1716481029765,NH-DC-NM224-J08-ROCE-ST-leaf-4.GPU.S9825,FourHundredGigE1/0/31,0,0,0,0,0,0
2024/05/24 星期五 00:17:10.264,1716481030264,NH-DC-NM224-J08-ROCE-ST-leaf-4.GPU.S9825,FourHundredGigE1/0/31,0,0,0,0,0,0
2024/05/24 星期五 00:17:10.780,1716481030780,NH-DC-NM224-J08-ROCE-ST-leaf-4.GPU.S9825,FourHundredGigE1/0/31,1863,663084,2065,674463,0,0
2024/05/24 星期五 00:17:11.281,1716481031281,NH-DC-NM224-J08-ROCE-ST-leaf-4.GPU.S9825,FourHundredGigE1/0/31,1713,598182,1828,604689,0,0
2024/05/24 星期五 00:17:11.781,1716481031781,NH-DC-NM224-J08-ROCE-ST-leaf-4.GPU.S9825,FourHundredGigE1/0/31,0,0,0,0,0,0
2024/05/24 星期五 00:17:12.285,1716481032285,NH-DC-NM224-J08-ROCE-ST-leaf-4.GPU.S9825,FourHundredGigE1/0/31,1706,611362,1951,617516,0,0
2024/05/24 星期五 00:17:12.808,1716481032808,NH-DC-NM224-J08-ROCE-ST-leaf-4.GPU.S9825,FourHundredGigE1/0/31,0,0,0,0,0,0
2024/05/24 星期五 00:17:13.309,1716481033309,NH-DC-NM224-J08-ROCE-ST-leaf-4.GPU.S9825,FourHundredGigE1/0/31,0,0,0,0,0,0
2024/05/24 星期五 00:17:13.810,1716481033810,NH-DC-NM224-J08-ROCE-ST-leaf-4.GPU.S9825,FourHundredGigE1/0/31,1833,648718,2012,659197,0,0
2024/05/24 星期五 00:17:14.323,1716481034323,NH-DC-NM224-J08-ROCE-ST-leaf-4.GPU.S9825,FourHundredGigE1/0/31,1691,622344,1995,646546,0,0
2024/05/24 星期五 00:17:14.826,1716481034826,NH-DC-NM224-J08-ROCE-ST-leaf-4.GPU.S9825,FourHundredGigE1/0/31,0,0,0,0,0,0
2024/05/24 星期五 00:17:15.328,1716481035328,NH-DC-NM224-J08-ROCE-ST-leaf-4.GPU.S9825,FourHundredGigE1/0/31,0,0,0,0,0,0
2024/05/24 星期五 00:17:15.829,1716481035829,NH-DC-NM224-J08-ROCE-ST-leaf-4.GPU.S9825,FourHundredGigE1/0/31,2690,920610,2734,918097,0,0
2024/05/24 星期五 00:17:16.329,1716481036329,NH-DC-NM224-J08-ROCE-ST-leaf-4.GPU.S9825,FourHundredGigE1/0/31,0,0,0,0,0,0
2024/05/24 星期五 00:17:16.834,1716481036834,NH-DC-NM224-J08-ROCE-ST-leaf-4.GPU.S9825,FourHundredGigE1/0/31,0,0,0,0,0,0
2024/05/24 星期五 00:17:17.333,1716481037333,NH-DC-NM224-J08-ROCE-ST-leaf-4.GPU.S9825,FourHundredGigE1/0/31,1943,725946,2415,755482,0,0
2024/05/24 星期五 00:17:17.833,1716481037833,NH-DC-NM224-J08-ROCE-ST-leaf-4.GPU.S9825,FourHundredGigE1/0/31,0,0,0,0,0,0
2024/05/24 星期五 00:17:18.346,1716481038346,NH-DC-NM224-J08-ROCE-ST-leaf-4.GPU.S9825,FourHundredGigE1/0/31,1143,423920,1426,440055,0,0
2024/05/24 星期五 00:17:18.849,1716481038849,NH-DC-NM224-J08-ROCE-ST-leaf-4.GPU.S9825,FourHundredGigE1/0/31,0,0,0,0,0,0
2024/05/24 星期五 00:17:19.350,1716481039350,NH-DC-NM224-J08-ROCE-ST-leaf-4.GPU.S9825,FourHundredGigE1/0/31,3159,1023966,2763,1003544,0,0
2024/05/24 星期五 00:17:19.850,1716481039850,NH-DC-NM224-J08-ROCE-ST-leaf-4.GPU.S9825,FourHundredGigE1/0/31,0,0,0,0,0,0
2024/05/24 星期五 00:17:20.363,1716481040363,NH-DC-NM224-J08-ROCE-ST-leaf-4.GPU.S9825,FourHundredGigE1/0/31,1299,504918,1764,531885,0,0
2024/05/24 星期五 00:17:20.864,1716481040864,NH-DC-NM224-J08-ROCE-ST-leaf-4.GPU.S9825,FourHundredGigE1/0/31,0,0,0,0,0,0
2024/05/24 星期五 00:17:21.364,1716481041364,NH-DC-NM224-J08-ROCE-ST-leaf-4.GPU.S9825,FourHundredGigE1/0/31,2805,913812,2477,894651,0,0
2024/05/24 星期五 00:17:21.865,1716481041865,NH-DC-NM224-J08-ROCE-ST-leaf-4.GPU.S9825,FourHundredGigE1/0/31,0,0,0,0,0,0
2024/05/24 星期五 00:17:22.366,1716481042366,NH-DC-NM224-J08-ROCE-ST-leaf-4.GPU.S9825,FourHundredGigE1/0/31,1775,646770,2100,657598,0,0
2024/05/24 星期五 00:17:22.888,1716481042888,NH-DC-NM224-J08-ROCE-ST-leaf-4.GPU.S9825,FourHundredGigE1/0/31,0,0,0,0,0,0
2024/05/24 星期五 00:17:23.389,1716481043389,NH-DC-NM224-J08-ROCE-ST-leaf-4.GPU.S9825,FourHundredGigE1/0/31,1492,558220,1862,579201,0,0
2024/05/24 星期五 00:17:23.896,1716481043896,NH-DC-NM224-J08-ROCE-ST-leaf-4.GPU.S9825,FourHundredGigE1/0/31,0,0,0,0,0,0
2024/05/24 星期五 00:17:24.397,1716481044397,NH-DC-NM224-J08-ROCE-ST-leaf-4.GPU.S9825,FourHundredGigE1/0/31,2089,701134,1984,702432,0,0
2024/05/24 星期五 00:17:24.898,1716481044898,NH-DC-NM224-J08-ROCE-ST-leaf-4.GPU.S9825,FourHundredGigE1/0/31,0,0,0,0,0,0
2024/05/24 星期五 00:17:25.397,1716481045397,NH-DC-NM224-J08-ROCE-ST-leaf-4.GPU.S9825,FourHundredGigE1/0/31,0,0,0,0,0,0
2024/05/24 星期五 00:17:25.901,1716481045901,NH-DC-NM224-J08-ROCE-ST-leaf-4.GPU.S9825,FourHundredGigE1/0/31,2639,898466,2649,893661,0,0
2024/05/24 星期五 00:17:26.404,1716481046404,NH-DC-NM224-J08-ROCE-ST-leaf-4.GPU.S9825,FourHundredGigE1/0/31,0,0,0,0,0,0
2024/05/24 星期五 00:17:26.905,1716481046905,NH-DC-NM224-J08-ROCE-ST-leaf-4.GPU.S9825,FourHundredGigE1/0/31,2815,931218,2620,920320,0,0
2024/05/24 星期五 00:17:27.405,1716481047405,NH-DC-NM224-J08-ROCE-ST-leaf-4.GPU.S9825,FourHundredGigE1/0/31,0,0,0,0,0,0
2024/05/24 星期五 00:17:27.907,1716481047907,NH-DC-NM224-J08-ROCE-ST-leaf-4.GPU.S9825,FourHundredGigE1/0/31,3059,1017906,2861,1008851,0,0
2024/05/24 星期五 00:17:28.422,1716481048422,NH-DC-NM224-J08-ROCE-ST-leaf-4.GPU.S9825,FourHundredGigE1/0/31,0,0,0,0,0,0
2024/05/24 星期五 00:17:28.926,1716481048926,NH-DC-NM224-J08-ROCE-ST-leaf-4.GPU.S9825,FourHundredGigE1/0/31,2619,859188,2364,844916,0,0
2024/05/24 星期五 00:17:29.450,1716481049450,NH-DC-NM224-J08-ROCE-ST-leaf-4.GPU.S9825,FourHundredGigE1/0/31,790,306308,1040,323800,0,0
2024/05/24 星期五 00:17:29.950,1716481049950,NH-DC-NM224-J08-ROCE-ST-leaf-4.GPU.S9825,FourHundredGigE1/0/31,0,0,0,0,0,0
2024/05/24 星期五 00:17:30.454,1716481050454,NH-DC-NM224-J08-ROCE-ST-leaf-4.GPU.S9825,FourHundredGigE1/0/31,4041,1277364,3259,1233639,0,0
2024/05/24 星期五 00:17:30.955,1716481050955,NH-DC-NM224-J08-ROCE-ST-leaf-4.GPU.S9825,FourHundredGigE1/0/31,0,0,0,0,0,0
2024/05/24 星期五 00:17:31.454,1716481051454,NH-DC-NM224-J08-ROCE-ST-leaf-4.GPU.S9825,FourHundredGigE1/0/31,0,0,0,0,0,0
2024/05/24 星期五 00:17:31.965,1716481051965,NH-DC-NM224-J08-ROCE-ST-leaf-4.GPU.S9825,FourHundredGigE1/0/31,1943,720254,2403,741813,0,0
2024/05/24 星期五 00:17:32.469,1716481052469,NH-DC-NM224-J08-ROCE-ST-leaf-4.GPU.S9825,FourHundredGigE1/0/31,0,0,0,0,0,0
2024/05/24 星期五 00:17:32.973,1716481052973,NH-DC-NM224-J08-ROCE-ST-leaf-4.GPU.S9825,FourHundredGigE1/0/31,0,0,0,0,0,0
2024/05/24 星期五 00:17:33.473,1716481053473,NH-DC-NM224-J08-ROCE-ST-leaf-4.GPU.S9825,FourHundredGigE1/0/31,3524,1175338,3292,1164092,0,0
2024/05/24 星期五 00:17:33.973,1716481053973,NH-DC-NM224-J08-ROCE-ST-leaf-4.GPU.S9825,FourHundredGigE1/0/31,0,0,0,0,0,0
2024/05/24 星期五 00:17:34.477,1716481054477,NH-DC-NM224-J08-ROCE-ST-leaf-4.GPU.S9825,FourHundredGigE1/0/31,3298,1094386,3059,1083591,0,0
2024/05/24 星期五 00:17:34.981,1716481054981,NH-DC-NM224-J08-ROCE-ST-leaf-4.GPU.S9825,FourHundredGigE1/0/31,0,0,0,0,0,0
2024/05/24 星期五 00:17:35.485,1716481055485,NH-DC-NM224-J08-ROCE-ST-leaf-4.GPU.S9825,FourHundredGigE1/0/31,2367,805626,2343,804282,0,0
2024/05/24 星期五 00:17:35.987,1716481055987,NH-DC-NM224-J08-ROCE-ST-leaf-4.GPU.S9825,FourHundredGigE1/0/31,0,0,0,0,0,0
2024/05/24 星期五 00:17:36.488,1716481056488,NH-DC-NM224-J08-ROCE-ST-leaf-4.GPU.S9825,FourHundredGigE1/0/31,2412,784932,2141,770189,0,0
2024/05/24 星期五 00:17:36.997,1716481056997,NH-DC-NM224-J08-ROCE-ST-leaf-4.GPU.S9825,FourHundredGigE1/0/31,0,0,0,0,0,0
2024/05/24 星期五 00:17:37.501,1716481057501,NH-DC-NM224-J08-ROCE-ST-leaf-4.GPU.S9825,FourHundredGigE1/0/31,2538,841044,2350,830583,0,0
2024/05/24 星期五 00:17:38.001,1716481058001,NH-DC-NM224-J08-ROCE-ST-leaf-4.GPU.S9825,FourHundredGigE1/0/31,0,0,0,0,0,0
2024/05/24 星期五 00:17:38.503,1716481058503,NH-DC-NM224-J08-ROCE-ST-leaf-4.GPU.S9825,FourHundredGigE1/0/31,1773,648010,2117,660130,0,0
2024/05/24 星期五 00:17:39.005,1716481059005,NH-DC-NM224-J08-ROCE-ST-leaf-4.GPU.S9825,FourHundredGigE1/0/31,0,0,0,0,0,0
2024/05/24 星期五 00:17:39.506,1716481059506,NH-DC-NM224-J08-ROCE-ST-leaf-4.GPU.S9825,FourHundredGigE1/0/31,1725,611546,1874,627068,0,0
2024/05/24 星期五 00:17:40.005,1716481060005,NH-DC-NM224-J08-ROCE-ST-leaf-4.GPU.S9825,FourHundredGigE1/0/31,0,0,0,0,0,0
2024/05/24 星期五 00:17:40.515,1716481060515,NH-DC-NM224-J08-ROCE-ST-leaf-4.GPU.S9825,FourHundredGigE1/0/31,3521,1133141,2997,1108694,0,0
2024/05/24 星期五 00:17:41.017,1716481061017,NH-DC-NM224-J08-ROCE-ST-leaf-4.GPU.S9825,FourHundredGigE1/0/31,0,0,0,0,0,0
2024/05/24 星期五 00:17:41.519,1716481061519,NH-DC-NM224-J08-ROCE-ST-leaf-4.GPU.S9825,FourHundredGigE1/0/31,1961,696232,2198,703751,0,0
2024/05/24 星期五 00:17:42.022,1716481062022,NH-DC-NM224-J08-ROCE-ST-leaf-4.GPU.S9825,FourHundredGigE1/0/31,0,0,0,0,0,0
2024/05/24 星期五 00:17:42.522,1716481062522,NH-DC-NM224-J08-ROCE-ST-leaf-4.GPU.S9825,FourHundredGigE1/0/31,0,0,0,0,0,0
2024/05/24 星期五 00:17:43.025,1716481063025,NH-DC-NM224-J08-ROCE-ST-leaf-4.GPU.S9825,FourHundredGigE1/0/31,3044,1006100,2795,993708,0,0
2024/05/24 星期五 00:17:43.526,1716481063526,NH-DC-NM224-J08-ROCE-ST-leaf-4.GPU.S9825,FourHundredGigE1/0/31,0,0,0,0,0,0
2024/05/24 星期五 00:17:44.030,1716481064030,NH-DC-NM224-J08-ROCE-ST-leaf-4.GPU.S9825,FourHundredGigE1/0/31,3354,1096614,2989,1077987,0,0
2024/05/24 星期五 00:17:44.530,1716481064530,NH-DC-NM224-J08-ROCE-ST-leaf-4.GPU.S9825,FourHundredGigE1/0/31,802,274090,793,276108,0,0
2024/05/24 星期五 00:17:45.030,1716481065030,NH-DC-NM224-J08-ROCE-ST-leaf-4.GPU.S9825,FourHundredGigE1/0/31,0,0,0,0,0,0
2024/05/24 星期五 00:17:45.530,1716481065530,NH-DC-NM224-J08-ROCE-ST-leaf-4.GPU.S9825,FourHundredGigE1/0/31,2159,727840,2098,724424,0,0
2024/05/24 星期五 00:17:46.034,1716481066034,NH-DC-NM224-J08-ROCE-ST-leaf-4.GPU.S9825,FourHundredGigE1/0/31,0,0,0,0,0,0
2024/05/24 星期五 00:17:46.537,1716481066537,NH-DC-NM224-J08-ROCE-ST-leaf-4.GPU.S9825,FourHundredGigE1/0/31,2564,854764,2408,846095,0,0
2024/05/24 星期五 00:17:47.039,1716481067039,NH-DC-NM224-J08-ROCE-ST-leaf-4.GPU.S9825,FourHundredGigE1/0/31,0,0,0,0,0,0
2024/05/24 星期五 00:17:47.541,1716481067541,NH-DC-NM224-J08-ROCE-ST-leaf-4.GPU.S9825,FourHundredGigE1/0/31,1941,693374,2202,701655,0,0
2024/05/24 星期五 00:17:48.046,1716481068046,NH-DC-NM224-J08-ROCE-ST-leaf-4.GPU.S9825,FourHundredGigE1/0/31,0,0,0,0,0,0
2024/05/24 星期五 00:17:48.545,1716481068545,NH-DC-NM224-J08-ROCE-ST-leaf-4.GPU.S9825,FourHundredGigE1/0/31,2522,807540,2217,816677,0,0
2024/05/24 星期五 00:17:49.047,1716481069047,NH-DC-NM224-J08-ROCE-ST-leaf-4.GPU.S9825,FourHundredGigE1/0/31,0,0,0,0,0,0
2024/05/24 星期五 00:17:49.550,1716481069550,NH-DC-NM224-J08-ROCE-ST-leaf-4.GPU.S9825,FourHundredGigE1/0/31,2338,759714,2031,748730,0,0
2024/05/24 星期五 00:17:50.053,1716481070053,NH-DC-NM224-J08-ROCE-ST-leaf-4.GPU.S9825,FourHundredGigE1/0/31,0,0,0,0,0,0
2024/05/24 星期五 00:17:50.553,1716481070553,NH-DC-NM224-J08-ROCE-ST-leaf-4.GPU.S9825,FourHundredGigE1/0/31,1963,709418,2244,725221,0,0
2024/05/24 星期五 00:17:51.053,1716481071053,NH-DC-NM224-J08-ROCE-ST-leaf-4.GPU.S9825,FourHundredGigE1/0/31,0,0,0,0,0,0
2024/05/24 星期五 00:17:51.557,1716481071557,NH-DC-NM224-J08-ROCE-ST-leaf-4.GPU.S9825,FourHundredGigE1/0/31,2462,861764,2625,863781,0,0
2024/05/24 星期五 00:17:52.059,1716481072059,NH-DC-NM224-J08-ROCE-ST-leaf-4.GPU.S9825,FourHundredGigE1/0/31,0,0,0,0,0,0
2024/05/24 星期五 00:17:52.562,1716481072562,NH-DC-NM224-J08-ROCE-ST-leaf-4.GPU.S9825,FourHundredGigE1/0/31,0,0,0,0,0,0
2024/05/24 星期五 00:17:53.063,1716481073063,NH-DC-NM224-J08-ROCE-ST-leaf-4.GPU.S9825,FourHundredGigE1/0/31,3260,1085688,3051,1076506,0,0
2024/05/24 星期五 00:17:53.561,1716481073561,NH-DC-NM224-J08-ROCE-ST-leaf-4.GPU.S9825,FourHundredGigE1/0/31,0,0,0,0,0,0
2024/05/24 星期五 00:17:54.062,1716481074062,NH-DC-NM224-J08-ROCE-ST-leaf-4.GPU.S9825,FourHundredGigE1/0/31,2416,856184,2640,870541,0,0
2024/05/24 星期五 00:17:54.563,1716481074563,NH-DC-NM224-J08-ROCE-ST-leaf-4.GPU.S9825,FourHundredGigE1/0/31,963,314220,849,310746,0,0
2024/05/24 星期五 00:17:55.085,1716481075085,NH-DC-NM224-J08-ROCE-ST-leaf-4.GPU.S9825,FourHundredGigE1/0/31,0,0,0,0,0,0
2024/05/24 星期五 00:17:55.589,1716481075589,NH-DC-NM224-J08-ROCE-ST-leaf-4.GPU.S9825,FourHundredGigE1/0/31,1953,644547,1817,641748,0,0
2024/05/24 星期五 00:17:56.096,1716481076096,NH-DC-NM224-J08-ROCE-ST-leaf-4.GPU.S9825,FourHundredGigE1/0/31,0,0,0,0,0,0
2024/05/24 星期五 00:17:56.597,1716481076597,NH-DC-NM224-J08-ROCE-ST-leaf-4.GPU.S9825,FourHundredGigE1/0/31,2595,856946,2381,845021,0,0
2024/05/24 星期五 00:17:57.098,1716481077098,NH-DC-NM224-J08-ROCE-ST-leaf-4.GPU.S9825,FourHundredGigE1/0/31,1287,524832,1915,560067,0,0
2024/05/24 星期五 00:17:57.724,1716481077724,NH-DC-NM224-J08-ROCE-ST-leaf-4.GPU.S9825,FourHundredGigE1/0/31,0,0,0,0,0,0
2024/05/24 星期五 00:17:58.228,1716481078228,NH-DC-NM224-J08-ROCE-ST-leaf-4.GPU.S9825,FourHundredGigE1/0/31,1958,663626,1968,657042,0,0
2024/05/24 星期五 00:17:58.730,1716481078730,NH-DC-NM224-J08-ROCE-ST-leaf-4.GPU.S9825,FourHundredGigE1/0/31,0,0,0,0,0,0
2024/05/24 星期五 00:17:59.231,1716481079231,NH-DC-NM224-J08-ROCE-ST-leaf-4.GPU.S9825,FourHundredGigE1/0/31,2100,704816,1994,706058,0,0
2024/05/24 星期五 00:17:59.734,1716481079734,NH-DC-NM224-J08-ROCE-ST-leaf-4.GPU.S9825,FourHundredGigE1/0/31,0,0,0,0,0,0
2024/05/24 星期五 00:18:00.262,1716481080262,NH-DC-NM224-J08-ROCE-ST-leaf-4.GPU.S9825,FourHundredGigE1/0/31,0,0,0,0,0,0
2024/05/24 星期五 00:18:00.762,1716481080762,NH-DC-NM224-J08-ROCE-ST-leaf-4.GPU.S9825,FourHundredGigE1/0/31,2372,839287,2573,855409,0,0
2024/05/24 星期五 00:18:01.276,1716481081276,NH-DC-NM224-J08-ROCE-ST-leaf-4.GPU.S9825,FourHundredGigE1/0/31,0,0,0,0,0,0
2024/05/24 星期五 00:18:01.783,1716481081783,NH-DC-NM224-J08-ROCE-ST-leaf-4.GPU.S9825,FourHundredGigE1/0/31,1653,600962,1931,616589,0,0
2024/05/24 星期五 00:18:02.286,1716481082286,NH-DC-NM224-J08-ROCE-ST-leaf-4.GPU.S9825,FourHundredGigE1/0/31,0,0,0,0,0,0
2024/05/24 星期五 00:18:02.790,1716481082790,NH-DC-NM224-J08-ROCE-ST-leaf-4.GPU.S9825,FourHundredGigE1/0/31,2941,972238,2716,952266,0,0
2024/05/24 星期五 00:18:03.289,1716481083289,NH-DC-NM224-J08-ROCE-ST-leaf-4.GPU.S9825,FourHundredGigE1/0/31,0,0,0,0,0,0
2024/05/24 星期五 00:18:03.790,1716481083790,NH-DC-NM224-J08-ROCE-ST-leaf-4.GPU.S9825,FourHundredGigE1/0/31,2541,851732,2421,845273,0,0
2024/05/24 星期五 00:18:04.293,1716481084293,NH-DC-NM224-J08-ROCE-ST-leaf-4.GPU.S9825,FourHundredGigE1/0/31,1585,573922,1810,593700,0,0
2024/05/24 星期五 00:18:04.795,1716481084795,NH-DC-NM224-J08-ROCE-ST-leaf-4.GPU.S9825,FourHundredGigE1/0/31,0,0,0,0,0,0
2024/05/24 星期五 00:18:06.812,1716481086812,NH-DC-NM224-J08-ROCE-ST-leaf-4.GPU.S9825,FourHundredGigE1/0/31,3039,1111710,3660,1141699,0,0
2024/05/24 星期五 00:18:07.313,1716481087313,NH-DC-NM224-J08-ROCE-ST-leaf-4.GPU.S9825,FourHundredGigE1/0/31,0,0,0,0,0,0
2024/05/24 星期五 00:18:07.825,1716481087825,NH-DC-NM224-J08-ROCE-ST-leaf-4.GPU.S9825,FourHundredGigE1/0/31,2988,991154,2776,981315,0,0
2024/05/24 星期五 00:18:08.334,1716481088334,NH-DC-NM224-J08-ROCE-ST-leaf-4.GPU.S9825,FourHundredGigE1/0/31,0,0,0,0,0,0
2024/05/24 星期五 00:18:08.837,1716481088837,NH-DC-NM224-J08-ROCE-ST-leaf-4.GPU.S9825,FourHundredGigE1/0/31,0,0,0,0,0,0
2024/05/24 星期五 00:18:09.338,1716481089338,NH-DC-NM224-J08-ROCE-ST-leaf-4.GPU.S9825,FourHundredGigE1/0/31,2409,867274,2743,889284,0,0
2024/05/24 星期五 00:18:10.323,1716481090323,NH-DC-NM224-J08-ROCE-ST-leaf-4.GPU.S9825,FourHundredGigE1/0/31,3204,1032078,2737,1005993,0,0
2024/05/24 星期五 00:18:10.822,1716481090822,NH-DC-NM224-J08-ROCE-ST-leaf-4.GPU.S9825,FourHundredGigE1/0/31,0,0,0,0,0,0
2024/05/24 星期五 00:18:11.322,1716481091322,NH-DC-NM224-J08-ROCE-ST-leaf-4.GPU.S9825,FourHundredGigE1/0/31,1906,684764,2154,698719,0,0
2024/05/24 星期五 00:18:11.829,1716481091829,NH-DC-NM224-J08-ROCE-ST-leaf-4.GPU.S9825,FourHundredGigE1/0/31,0,0,0,0,0,0
2024/05/24 星期五 00:18:12.345,1716481092345,NH-DC-NM224-J08-ROCE-ST-leaf-4.GPU.S9825,FourHundredGigE1/0/31,2359,783278,2201,774430,0,0
2024/05/24 星期五 00:18:12.987,1716481092987,NH-DC-NM224-J08-ROCE-ST-leaf-4.GPU.S9825,FourHundredGigE1/0/31,0,0,0,0,0,0
2024/05/24 星期五 00:18:13.512,1716481093512,NH-DC-NM224-J08-ROCE-ST-leaf-4.GPU.S9825,FourHundredGigE1/0/31,2489,831294,2377,817717,0,0
2024/05/24 星期五 00:18:13.990,1716481093990,NH-DC-NM224-J08-ROCE-ST-leaf-4.GPU.S9825,FourHundredGigE1/0/31,0,0,0,0,0,0
2024/05/24 星期五 00:18:14.493,1716481094493,NH-DC-NM224-J08-ROCE-ST-leaf-4.GPU.S9825,FourHundredGigE1/0/31,1410,524710,1717,549274,0,0
2024/05/24 星期五 00:18:14.994,1716481094994,NH-DC-NM224-J08-ROCE-ST-leaf-4.GPU.S9825,FourHundredGigE1/0/31,0,0,0,0,0,0
2024/05/24 星期五 00:18:15.514,1716481095514,NH-DC-NM224-J08-ROCE-ST-leaf-4.GPU.S9825,FourHundredGigE1/0/31,1024,394034,1382,414082,0,0
2024/05/24 星期五 00:18:16.027,1716481096027,NH-DC-NM224-J08-ROCE-ST-leaf-4.GPU.S9825,FourHundredGigE1/0/31,0,0,0,0,0,0
2024/05/24 星期五 00:18:16.538,1716481096538,NH-DC-NM224-J08-ROCE-ST-leaf-4.GPU.S9825,FourHundredGigE1/0/31,1403,518188,1709,535391,0,0
2024/05/24 星期五 00:18:17.041,1716481097041,NH-DC-NM224-J08-ROCE-ST-leaf-4.GPU.S9825,FourHundredGigE1/0/31,0,0,0,0,0,0
2024/05/24 星期五 00:18:17.544,1716481097544,NH-DC-NM224-J08-ROCE-ST-leaf-4.GPU.S9825,FourHundredGigE1/0/31,2851,938760,2620,919295,0,0
2024/05/24 星期五 00:18:18.049,1716481098049,NH-DC-NM224-J08-ROCE-ST-leaf-4.GPU.S9825,FourHundredGigE1/0/31,0,0,0,0,0,0
2024/05/24 星期五 00:18:18.550,1716481098550,NH-DC-NM224-J08-ROCE-ST-leaf-4.GPU.S9825,FourHundredGigE1/0/31,2075,728876,2229,737922,0,0
2024/05/24 星期五 00:18:19.053,1716481099053,NH-DC-NM224-J08-ROCE-ST-leaf-4.GPU.S9825,FourHundredGigE1/0/31,0,0,0,0,0,0
2024/05/24 星期五 00:18:19.554,1716481099554,NH-DC-NM224-J08-ROCE-ST-leaf-4.GPU.S9825,FourHundredGigE1/0/31,2845,885780,2193,855476,0,0
2024/05/24 星期五 00:18:20.060,1716481100060,NH-DC-NM224-J08-ROCE-ST-leaf-4.GPU.S9825,FourHundredGigE1/0/31,0,0,0,0,0,0
2024/05/24 星期五 00:18:20.563,1716481100563,NH-DC-NM224-J08-ROCE-ST-leaf-4.GPU.S9825,FourHundredGigE1/0/31,2578,860804,2430,852583,0,0
2024/05/24 星期五 00:18:21.065,1716481101065,NH-DC-NM224-J08-ROCE-ST-leaf-4.GPU.S9825,FourHundredGigE1/0/31,0,0,0,0,0,0
2024/05/24 星期五 00:18:21.871,1716481101871,NH-DC-NM224-J08-ROCE-ST-leaf-4.GPU.S9825,FourHundredGigE1/0/31,1811,632140,1927,639563,0,0
2024/05/24 星期五 00:18:22.383,1716481102383,NH-DC-NM224-J08-ROCE-ST-leaf-4.GPU.S9825,FourHundredGigE1/0/31,2356,782234,2196,772414,0,0
2024/05/24 星期五 00:18:22.897,1716481102897,NH-DC-NM224-J08-ROCE-ST-leaf-4.GPU.S9825,FourHundredGigE1/0/31,0,0,0,0,0,0
2024/05/24 星期五 00:18:23.397,1716481103397,NH-DC-NM224-J08-ROCE-ST-leaf-4.GPU.S9825,FourHundredGigE1/0/31,1857,657056,2058,661007,0,0
2024/05/24 星期五 00:18:23.905,1716481103905,NH-DC-NM224-J08-ROCE-ST-leaf-4.GPU.S9825,FourHundredGigE1/0/31,0,0,0,0,0,0
2024/05/24 星期五 00:18:24.405,1716481104405,NH-DC-NM224-J08-ROCE-ST-leaf-4.GPU.S9825,FourHundredGigE1/0/31,2026,714696,2166,729908,0,0
2024/05/24 星期五 00:18:24.906,1716481104906,NH-DC-NM224-J08-ROCE-ST-leaf-4.GPU.S9825,FourHundredGigE1/0/31,0,0,0,0,0,0
2024/05/24 星期五 00:18:25.405,1716481105405,NH-DC-NM224-J08-ROCE-ST-leaf-4.GPU.S9825,FourHundredGigE1/0/31,2320,753938,2054,739042,0,0
2024/05/24 星期五 00:18:25.909,1716481105909,NH-DC-NM224-J08-ROCE-ST-leaf-4.GPU.S9825,FourHundredGigE1/0/31,0,0,0,0,0,0
2024/05/24 星期五 00:18:26.409,1716481106409,NH-DC-NM224-J08-ROCE-ST-leaf-4.GPU.S9825,FourHundredGigE1/0/31,2249,786316,2375,793439,0,0
2024/05/24 星期五 00:18:26.930,1716481106930,NH-DC-NM224-J08-ROCE-ST-leaf-4.GPU.S9825,FourHundredGigE1/0/31,0,0,0,0,0,0
2024/05/24 星期五 00:18:27.430,1716481107430,NH-DC-NM224-J08-ROCE-ST-leaf-4.GPU.S9825,FourHundredGigE1/0/31,0,0,0,0,0,0
2024/05/24 星期五 00:18:27.956,1716481107956,NH-DC-NM224-J08-ROCE-ST-leaf-4.GPU.S9825,FourHundredGigE1/0/31,2526,862462,2566,858141,0,0
2024/05/24 星期五 00:18:28.479,1716481108479,NH-DC-NM224-J08-ROCE-ST-leaf-4.GPU.S9825,FourHundredGigE1/0/31,1586,559626,1764,570070,0,0
2024/05/24 星期五 00:18:28.981,1716481108981,NH-DC-NM224-J08-ROCE-ST-leaf-4.GPU.S9825,FourHundredGigE1/0/31,0,0,0,0,0,0
2024/05/24 星期五 00:18:29.491,1716481109491,NH-DC-NM224-J08-ROCE-ST-leaf-4.GPU.S9825,FourHundredGigE1/0/31,2950,896478,2121,856262,0,0
2024/05/24 星期五 00:18:30.008,1716481110008,NH-DC-NM224-J08-ROCE-ST-leaf-4.GPU.S9825,FourHundredGigE1/0/31,0,0,0,0,0,0
2024/05/24 星期五 00:18:30.509,1716481110509,NH-DC-NM224-J08-ROCE-ST-leaf-4.GPU.S9825,FourHundredGigE1/0/31,1516,574448,1938,598147,0,0
2024/05/24 星期五 00:18:31.014,1716481111014,NH-DC-NM224-J08-ROCE-ST-leaf-4.GPU.S9825,FourHundredGigE1/0/31,0,0,0,0,0,0
2024/05/24 星期五 00:18:31.902,1716481111902,NH-DC-NM224-J08-ROCE-ST-leaf-4.GPU.S9825,FourHundredGigE1/0/31,1093,433376,1557,459427,0,0
2024/05/24 星期五 00:18:32.405,1716481112405,NH-DC-NM224-J08-ROCE-ST-leaf-4.GPU.S9825,FourHundredGigE1/0/31,2690,885034,2440,871034,0,0
2024/05/24 星期五 00:18:32.905,1716481112905,NH-DC-NM224-J08-ROCE-ST-leaf-4.GPU.S9825,FourHundredGigE1/0/31,0,0,0,0,0,0
2024/05/24 星期五 00:18:33.411,1716481113411,NH-DC-NM224-J08-ROCE-ST-leaf-4.GPU.S9825,FourHundredGigE1/0/31,0,0,0,0,0,0
2024/05/24 星期五 00:18:33.910,1716481113910,NH-DC-NM224-J08-ROCE-ST-leaf-4.GPU.S9825,FourHundredGigE1/0/31,1968,737040,2497,763821,0,0
2024/05/24 星期五 00:18:34.410,1716481114410,NH-DC-NM224-J08-ROCE-ST-leaf-4.GPU.S9825,FourHundredGigE1/0/31,429,161238,540,170364,0,0
2024/05/24 星期五 00:18:34.910,1716481114910,NH-DC-NM224-J08-ROCE-ST-leaf-4.GPU.S9825,FourHundredGigE1/0/31,0,0,0,0,0,0
2024/05/24 星期五 00:18:35.951,1716481115951,NH-DC-NM224-J08-ROCE-ST-leaf-4.GPU.S9825,FourHundredGigE1/0/31,2271,770111,2238,772166,0,0
2024/05/24 星期五 00:18:36.454,1716481116454,NH-DC-NM224-J08-ROCE-ST-leaf-4.GPU.S9825,FourHundredGigE1/0/31,2063,723778,2206,732649,0,0
2024/05/24 星期五 00:18:36.953,1716481116953,NH-DC-NM224-J08-ROCE-ST-leaf-4.GPU.S9825,FourHundredGigE1/0/31,0,0,0,0,0,0
2024/05/24 星期五 00:18:37.453,1716481117453,NH-DC-NM224-J08-ROCE-ST-leaf-4.GPU.S9825,FourHundredGigE1/0/31,1446,533736,1755,550677,0,0
2024/05/24 星期五 00:18:37.961,1716481117961,NH-DC-NM224-J08-ROCE-ST-leaf-4.GPU.S9825,FourHundredGigE1/0/31,0,0,0,0,0,0
2024/05/24 星期五 00:18:38.475,1716481118475,NH-DC-NM224-J08-ROCE-ST-leaf-4.GPU.S9825,FourHundredGigE1/0/31,2156,758364,2341,761386,0,0
2024/05/24 星期五 00:18:38.977,1716481118977,NH-DC-NM224-J08-ROCE-ST-leaf-4.GPU.S9825,FourHundredGigE1/0/31,0,0,0,0,0,0
2024/05/24 星期五 00:18:39.477,1716481119477,NH-DC-NM224-J08-ROCE-ST-leaf-4.GPU.S9825,FourHundredGigE1/0/31,1961,705362,2192,725670,0,0
2024/05/24 星期五 00:18:39.979,1716481119979,NH-DC-NM224-J08-ROCE-ST-leaf-4.GPU.S9825,FourHundredGigE1/0/31,0,0,0,0,0,0
2024/05/24 星期五 00:18:40.977,1716481120977,NH-DC-NM224-J08-ROCE-ST-leaf-4.GPU.S9825,FourHundredGigE1/0/31,1577,563493,1784,579990,0,0
2024/05/24 星期五 00:18:41.482,1716481121482,NH-DC-NM224-J08-ROCE-ST-leaf-4.GPU.S9825,FourHundredGigE1/0/31,864,400842,1654,446439,0,0
2024/05/24 星期五 00:18:41.983,1716481121983,NH-DC-NM224-J08-ROCE-ST-leaf-4.GPU.S9825,FourHundredGigE1/0/31,0,0,0,0,0,0
2024/05/24 星期五 00:18:42.484,1716481122484,NH-DC-NM224-J08-ROCE-ST-leaf-4.GPU.S9825,FourHundredGigE1/0/31,0,0,0,0,0,0
2024/05/24 星期五 00:18:42.984,1716481122984,NH-DC-NM224-J08-ROCE-ST-leaf-4.GPU.S9825,FourHundredGigE1/0/31,2339,804554,2411,801282,0,0
2024/05/24 星期五 00:18:43.485,1716481123485,NH-DC-NM224-J08-ROCE-ST-leaf-4.GPU.S9825,FourHundredGigE1/0/31,0,0,0,0,0,0
2024/05/24 星期五 00:18:43.994,1716481123994,NH-DC-NM224-J08-ROCE-ST-leaf-4.GPU.S9825,FourHundredGigE1/0/31,2880,942110,2571,925067,0,0
2024/05/24 星期五 00:18:44.502,1716481124502,NH-DC-NM224-J08-ROCE-ST-leaf-4.GPU.S9825,FourHundredGigE1/0/31,1800,593352,1632,589764,0,0
2024/05/24 星期五 00:18:45.005,1716481125005,NH-DC-NM224-J08-ROCE-ST-leaf-4.GPU.S9825,FourHundredGigE1/0/31,0,0,0,0,0,0
2024/05/24 星期五 00:18:45.505,1716481125505,NH-DC-NM224-J08-ROCE-ST-leaf-4.GPU.S9825,FourHundredGigE1/0/31,2080,729110,2216,736726,0,0
2024/05/24 星期五 00:18:46.014,1716481126014,NH-DC-NM224-J08-ROCE-ST-leaf-4.GPU.S9825,FourHundredGigE1/0/31,0,0,0,0,0,0
2024/05/24 星期五 00:18:46.514,1716481126514,NH-DC-NM224-J08-ROCE-ST-leaf-4.GPU.S9825,FourHundredGigE1/0/31,1737,641136,2089,660915,0,0
2024/05/24 星期五 00:18:47.013,1716481127013,NH-DC-NM224-J08-ROCE-ST-leaf-4.GPU.S9825,FourHundredGigE1/0/31,0,0,0,0,0,0
2024/05/24 星期五 00:18:47.515,1716481127515,NH-DC-NM224-J08-ROCE-ST-leaf-4.GPU.S9825,FourHundredGigE1/0/31,2488,837806,2397,832777,0,0
2024/05/24 星期五 00:18:48.018,1716481128018,NH-DC-NM224-J08-ROCE-ST-leaf-4.GPU.S9825,FourHundredGigE1/0/31,0,0,0,0,0,0
2024/05/24 星期五 00:18:48.522,1716481128522,NH-DC-NM224-J08-ROCE-ST-leaf-4.GPU.S9825,FourHundredGigE1/0/31,1801,600093,1788,606741,0,0
2024/05/24 星期五 00:18:49.053,1716481129053,NH-DC-NM224-J08-ROCE-ST-leaf-4.GPU.S9825,FourHundredGigE1/0/31,0,0,0,0,0,0
2024/05/24 星期五 00:18:49.568,1716481129568,NH-DC-NM224-J08-ROCE-ST-leaf-4.GPU.S9825,FourHundredGigE1/0/31,1724,605820,1843,620058,0,0
2024/05/24 星期五 00:18:50.070,1716481130070,NH-DC-NM224-J08-ROCE-ST-leaf-4.GPU.S9825,FourHundredGigE1/0/31,0,0,0,0,0,0
2024/05/24 星期五 00:18:50.569,1716481130569,NH-DC-NM224-J08-ROCE-ST-leaf-4.GPU.S9825,FourHundredGigE1/0/31,1840,684134,2241,706657,0,0
2024/05/24 星期五 00:18:51.070,1716481131070,NH-DC-NM224-J08-ROCE-ST-leaf-4.GPU.S9825,FourHundredGigE1/0/31,0,0,0,0,0,0
2024/05/24 星期五 00:18:51.569,1716481131569,NH-DC-NM224-J08-ROCE-ST-leaf-4.GPU.S9825,FourHundredGigE1/0/31,2837,944090,2645,933397,0,0
2024/05/24 星期五 00:18:52.072,1716481132072,NH-DC-NM224-J08-ROCE-ST-leaf-4.GPU.S9825,FourHundredGigE1/0/31,0,0,0,0,0,0
2024/05/24 星期五 00:18:52.573,1716481132573,NH-DC-NM224-J08-ROCE-ST-leaf-4.GPU.S9825,FourHundredGigE1/0/31,1749,615966,1899,624366,0,0
2024/05/24 星期五 00:18:53.073,1716481133073,NH-DC-NM224-J08-ROCE-ST-leaf-4.GPU.S9825,FourHundredGigE1/0/31,0,0,0,0,0,0
2024/05/24 星期五 00:18:53.573,1716481133573,NH-DC-NM224-J08-ROCE-ST-leaf-4.GPU.S9825,FourHundredGigE1/0/31,0,0,0,0,0,0
2024/05/24 星期五 00:18:54.078,1716481134078,NH-DC-NM224-J08-ROCE-ST-leaf-4.GPU.S9825,FourHundredGigE1/0/31,1942,660144,1981,656963,0,0
2024/05/24 星期五 00:18:55.012,1716481135012,NH-DC-NM224-J08-ROCE-ST-leaf-4.GPU.S9825,FourHundredGigE1/0/31,1347,460658,1346,466034,0,0
2024/05/24 星期五 00:18:55.514,1716481135514,NH-DC-NM224-J08-ROCE-ST-leaf-4.GPU.S9825,FourHundredGigE1/0/31,1585,598535,2011,627208,0,0
2024/05/24 星期五 00:18:56.014,1716481136014,NH-DC-NM224-J08-ROCE-ST-leaf-4.GPU.S9825,FourHundredGigE1/0/31,0,0,0,0,0,0
2024/05/24 星期五 00:18:56.517,1716481136517,NH-DC-NM224-J08-ROCE-ST-leaf-4.GPU.S9825,FourHundredGigE1/0/31,1502,559218,1854,578989,0,0
2024/05/24 星期五 00:18:57.018,1716481137018,NH-DC-NM224-J08-ROCE-ST-leaf-4.GPU.S9825,FourHundredGigE1/0/31,2532,839832,2350,829707,0,0
2024/05/24 星期五 00:18:57.819,1716481137819,NH-DC-NM224-J08-ROCE-ST-leaf-4.GPU.S9825,FourHundredGigE1/0/31,0,0,0,0,0,0
2024/05/24 星期五 00:18:58.319,1716481138319,NH-DC-NM224-J08-ROCE-ST-leaf-4.GPU.S9825,FourHundredGigE1/0/31,0,0,0,0,0,0
2024/05/24 星期五 00:18:58.818,1716481138818,NH-DC-NM224-J08-ROCE-ST-leaf-4.GPU.S9825,FourHundredGigE1/0/31,1159,451988,1620,470272,0,0
2024/05/24 星期五 00:18:59.341,1716481139341,NH-DC-NM224-J08-ROCE-ST-leaf-4.GPU.S9825,FourHundredGigE1/0/31,1321,490388,1607,513970,0,0
2024/05/24 星期五 00:18:59.841,1716481139841,NH-DC-NM224-J08-ROCE-ST-leaf-4.GPU.S9825,FourHundredGigE1/0/31,0,0,0,0,0,0
2024/05/24 星期五 00:19:00.341,1716481140341,NH-DC-NM224-J08-ROCE-ST-leaf-4.GPU.S9825,FourHundredGigE1/0/31,1559,544519,1678,556067,0,0
2024/05/24 星期五 00:19:00.841,1716481140841,NH-DC-NM224-J08-ROCE-ST-leaf-4.GPU.S9825,FourHundredGigE1/0/31,0,0,0,0,0,0
2024/05/24 星期五 00:19:01.347,1716481141347,NH-DC-NM224-J08-ROCE-ST-leaf-4.GPU.S9825,FourHundredGigE1/0/31,2270,767352,2217,764443,0,0
2024/05/24 星期五 00:19:01.846,1716481141846,NH-DC-NM224-J08-ROCE-ST-leaf-4.GPU.S9825,FourHundredGigE1/0/31,0,0,0,0,0,0
2024/05/24 星期五 00:19:02.347,1716481142347,NH-DC-NM224-J08-ROCE-ST-leaf-4.GPU.S9825,FourHundredGigE1/0/31,2706,886368,2427,870744,0,0
2024/05/24 星期五 00:19:02.847,1716481142847,NH-DC-NM224-J08-ROCE-ST-leaf-4.GPU.S9825,FourHundredGigE1/0/31,0,0,0,0,0,0
2024/05/24 星期五 00:19:04.046,1716481144046,NH-DC-NM224-J08-ROCE-ST-leaf-4.GPU.S9825,FourHundredGigE1/0/31,2226,756560,2229,749423,0,0
2024/05/24 星期五 00:19:04.566,1716481144566,NH-DC-NM224-J08-ROCE-ST-leaf-4.GPU.S9825,FourHundredGigE1/0/31,1374,501232,1606,521596,0,0
2024/05/24 星期五 00:19:05.067,1716481145067,NH-DC-NM224-J08-ROCE-ST-leaf-4.GPU.S9825,FourHundredGigE1/0/31,0,0,0,0,0,0
2024/05/24 星期五 00:19:05.568,1716481145568,NH-DC-NM224-J08-ROCE-ST-leaf-4.GPU.S9825,FourHundredGigE1/0/31,1361,494812,1606,508532,0,0
2024/05/24 星期五 00:19:06.069,1716481146069,NH-DC-NM224-J08-ROCE-ST-leaf-4.GPU.S9825,FourHundredGigE1/0/31,0,0,0,0,0,0
2024/05/24 星期五 00:19:06.569,1716481146569,NH-DC-NM224-J08-ROCE-ST-leaf-4.GPU.S9825,FourHundredGigE1/0/31,1643,586816,1848,598729,0,0
2024/05/24 星期五 00:19:07.070,1716481147070,NH-DC-NM224-J08-ROCE-ST-leaf-4.GPU.S9825,FourHundredGigE1/0/31,0,0,0,0,0,0
2024/05/24 星期五 00:19:07.573,1716481147573,NH-DC-NM224-J08-ROCE-ST-leaf-4.GPU.S9825,FourHundredGigE1/0/31,1186,444278,1503,462097,0,0
2024/05/24 星期五 00:19:08.073,1716481148073,NH-DC-NM224-J08-ROCE-ST-leaf-4.GPU.S9825,FourHundredGigE1/0/31,0,0,0,0,0,0
2024/05/24 星期五 00:19:08.578,1716481148578,NH-DC-NM224-J08-ROCE-ST-leaf-4.GPU.S9825,FourHundredGigE1/0/31,3274,1038656,2688,1005874,0,0
2024/05/24 星期五 00:19:09.089,1716481149089,NH-DC-NM224-J08-ROCE-ST-leaf-4.GPU.S9825,FourHundredGigE1/0/31,0,0,0,0,0,0
2024/05/24 星期五 00:19:09.591,1716481149591,NH-DC-NM224-J08-ROCE-ST-leaf-4.GPU.S9825,FourHundredGigE1/0/31,1603,607790,2045,632542,0,0
2024/05/24 星期五 00:19:10.094,1716481150094,NH-DC-NM224-J08-ROCE-ST-leaf-4.GPU.S9825,FourHundredGigE1/0/31,0,0,0,0,0,0
2024/05/24 星期五 00:19:10.593,1716481150593,NH-DC-NM224-J08-ROCE-ST-leaf-4.GPU.S9825,FourHundredGigE1/0/31,3167,1018180,2693,991703,0,0
2024/05/24 星期五 00:19:11.093,1716481151093,NH-DC-NM224-J08-ROCE-ST-leaf-4.GPU.S9825,FourHundredGigE1/0/31,0,0,0,0,0,0
2024/05/24 星期五 00:19:11.618,1716481151618,NH-DC-NM224-J08-ROCE-ST-leaf-4.GPU.S9825,FourHundredGigE1/0/31,2714,872362,2321,850421,0,0
2024/05/24 星期五 00:19:12.120,1716481152120,NH-DC-NM224-J08-ROCE-ST-leaf-4.GPU.S9825,FourHundredGigE1/0/31,0,0,0,0,0,0
2024/05/24 星期五 00:19:12.622,1716481152622,NH-DC-NM224-J08-ROCE-ST-leaf-4.GPU.S9825,FourHundredGigE1/0/31,1118,444412,1597,471236,0,0
2024/05/24 星期五 00:19:13.127,1716481153127,NH-DC-NM224-J08-ROCE-ST-leaf-4.GPU.S9825,FourHundredGigE1/0/31,0,0,0,0,0,0
2024/05/24 星期五 00:19:13.630,1716481153630,NH-DC-NM224-J08-ROCE-ST-leaf-4.GPU.S9825,FourHundredGigE1/0/31,2143,721244,2100,711337,0,0
2024/05/24 星期五 00:19:14.134,1716481154134,NH-DC-NM224-J08-ROCE-ST-leaf-4.GPU.S9825,FourHundredGigE1/0/31,0,0,0,0,0,0
2024/05/24 星期五 00:19:15.086,1716481155086,NH-DC-NM224-J08-ROCE-ST-leaf-4.GPU.S9825,FourHundredGigE1/0/31,1985,651964,1795,648890,0,0
2024/05/24 星期五 00:19:15.586,1716481155586,NH-DC-NM224-J08-ROCE-ST-leaf-4.GPU.S9825,FourHundredGigE1/0/31,2207,751990,2197,751430,0,0
2024/05/24 星期五 00:19:16.097,1716481156097,NH-DC-NM224-J08-ROCE-ST-leaf-4.GPU.S9825,FourHundredGigE1/0/31,0,0,0,0,0,0
2024/05/24 星期五 00:19:16.602,1716481156602,NH-DC-NM224-J08-ROCE-ST-leaf-4.GPU.S9825,FourHundredGigE1/0/31,1912,659696,1974,663235,0,0
2024/05/24 星期五 00:19:17.117,1716481157117,NH-DC-NM224-J08-ROCE-ST-leaf-4.GPU.S9825,FourHundredGigE1/0/31,0,0,0,0,0,0
2024/05/24 星期五 00:19:17.605,1716481157605,NH-DC-NM224-J08-ROCE-ST-leaf-4.GPU.S9825,FourHundredGigE1/0/31,1493,577128,2020,599917,0,0
2024/05/24 星期五 00:19:18.105,1716481158105,NH-DC-NM224-J08-ROCE-ST-leaf-4.GPU.S9825,FourHundredGigE1/0/31,0,0,0,0,0,0
2024/05/24 星期五 00:19:18.608,1716481158608,NH-DC-NM224-J08-ROCE-ST-leaf-4.GPU.S9825,FourHundredGigE1/0/31,1873,642236,1917,645316,0,0
2024/05/24 星期五 00:19:19.106,1716481159106,NH-DC-NM224-J08-ROCE-ST-leaf-4.GPU.S9825,FourHundredGigE1/0/31,0,0,0,0,0,0
2024/05/24 星期五 00:19:19.608,1716481159608,NH-DC-NM224-J08-ROCE-ST-leaf-4.GPU.S9825,FourHundredGigE1/0/31,936,367594,1285,393346,0,0
2024/05/24 星期五 00:19:20.110,1716481160110,NH-DC-NM224-J08-ROCE-ST-leaf-4.GPU.S9825,FourHundredGigE1/0/31,0,0,0,0,0,0
2024/05/24 星期五 00:19:20.609,1716481160609,NH-DC-NM224-J08-ROCE-ST-leaf-4.GPU.S9825,FourHundredGigE1/0/31,1648,583592,1818,593179,0,0
2024/05/24 星期五 00:19:21.110,1716481161110,NH-DC-NM224-J08-ROCE-ST-leaf-4.GPU.S9825,FourHundredGigE1/0/31,0,0,0,0,0,0
2024/05/24 星期五 00:19:21.609,1716481161609,NH-DC-NM224-J08-ROCE-ST-leaf-4.GPU.S9825,FourHundredGigE1/0/31,1661,599650,1910,613661,0,0
2024/05/24 星期五 00:19:23.591,1716481163591,NH-DC-NM224-J08-ROCE-ST-leaf-4.GPU.S9825,FourHundredGigE1/0/31,1601,594174,1998,610780,0,0
2024/05/24 星期五 00:19:26.635,1716481166635,NH-DC-NM224-J08-ROCE-ST-leaf-4.GPU.S9825,FourHundredGigE1/0/31,6684,2373172,7365,2417068,0,0
2024/05/24 星期五 00:19:27.134,1716481167134,NH-DC-NM224-J08-ROCE-ST-leaf-4.GPU.S9825,FourHundredGigE1/0/31,0,0,0,0,0,0
2024/05/24 星期五 00:19:27.657,1716481167657,NH-DC-NM224-J08-ROCE-ST-leaf-4.GPU.S9825,FourHundredGigE1/0/31,2460,795942,2149,778593,0,0
2024/05/24 星期五 00:19:28.157,1716481168157,NH-DC-NM224-J08-ROCE-ST-leaf-4.GPU.S9825,FourHundredGigE1/0/31,0,0,0,0,0,0
2024/05/24 星期五 00:19:28.659,1716481168659,NH-DC-NM224-J08-ROCE-ST-leaf-4.GPU.S9825,FourHundredGigE1/0/31,2048,719464,2198,727898,0,0
2024/05/24 星期五 00:19:29.164,1716481169164,NH-DC-NM224-J08-ROCE-ST-leaf-4.GPU.S9825,FourHundredGigE1/0/31,0,0,0,0,0,0
2024/05/24 星期五 00:19:29.665,1716481169665,NH-DC-NM224-J08-ROCE-ST-leaf-4.GPU.S9825,FourHundredGigE1/0/31,1692,579002,1755,583368,0,0
2024/05/24 星期五 00:19:30.170,1716481170170,NH-DC-NM224-J08-ROCE-ST-leaf-4.GPU.S9825,FourHundredGigE1/0/31,0,0,0,0,0,0
2024/05/24 星期五 00:19:30.670,1716481170670,NH-DC-NM224-J08-ROCE-ST-leaf-4.GPU.S9825,FourHundredGigE1/0/31,2405,787416,2173,773675,0,0
2024/05/24 星期五 00:19:31.169,1716481171169,NH-DC-NM224-J08-ROCE-ST-leaf-4.GPU.S9825,FourHundredGigE1/0/31,0,0,0,0,0,0
2024/05/24 星期五 00:19:31.670,1716481171670,NH-DC-NM224-J08-ROCE-ST-leaf-4.GPU.S9825,FourHundredGigE1/0/31,1793,628942,1928,636569,0,0
2024/05/24 星期五 00:19:32.174,1716481172174,NH-DC-NM224-J08-ROCE-ST-leaf-4.GPU.S9825,FourHundredGigE1/0/31,0,0,0,0,0,0
2024/05/24 星期五 00:19:32.689,1716481172689,NH-DC-NM224-J08-ROCE-ST-leaf-4.GPU.S9825,FourHundredGigE1/0/31,2512,820754,2246,805858,0,0
2024/05/24 星期五 00:19:33.189,1716481173189,NH-DC-NM224-J08-ROCE-ST-leaf-4.GPU.S9825,FourHundredGigE1/0/31,0,0,0,0,0,0
2024/05/24 星期五 00:19:33.689,1716481173689,NH-DC-NM224-J08-ROCE-ST-leaf-4.GPU.S9825,FourHundredGigE1/0/31,2216,747238,2153,743777,0,0
2024/05/24 星期五 00:19:34.194,1716481174194,NH-DC-NM224-J08-ROCE-ST-leaf-4.GPU.S9825,FourHundredGigE1/0/31,0,0,0,0,0,0
2024/05/24 星期五 00:19:34.698,1716481174698,NH-DC-NM224-J08-ROCE-ST-leaf-4.GPU.S9825,FourHundredGigE1/0/31,1357,490208,1587,506098,0,0
2024/05/24 星期五 00:19:35.198,1716481175198,NH-DC-NM224-J08-ROCE-ST-leaf-4.GPU.S9825,FourHundredGigE1/0/31,0,0,0,0,0,0
2024/05/24 星期五 00:19:35.702,1716481175702,NH-DC-NM224-J08-ROCE-ST-leaf-4.GPU.S9825,FourHundredGigE1/0/31,2484,825318,2309,812508,0,0
2024/05/24 星期五 00:19:36.205,1716481176205,NH-DC-NM224-J08-ROCE-ST-leaf-4.GPU.S9825,FourHundredGigE1/0/31,0,0,0,0,0,0
2024/05/24 星期五 00:19:36.709,1716481176709,NH-DC-NM224-J08-ROCE-ST-leaf-4.GPU.S9825,FourHundredGigE1/0/31,915,384864,1472,416489,0,0
2024/05/24 星期五 00:19:37.210,1716481177210,NH-DC-NM224-J08-ROCE-ST-leaf-4.GPU.S9825,FourHundredGigE1/0/31,0,0,0,0,0,0
2024/05/24 星期五 00:19:37.710,1716481177710,NH-DC-NM224-J08-ROCE-ST-leaf-4.GPU.S9825,FourHundredGigE1/0/31,1956,663036,1936,661983,0,0
2024/05/24 星期五 00:19:38.213,1716481178213,NH-DC-NM224-J08-ROCE-ST-leaf-4.GPU.S9825,FourHundredGigE1/0/31,0,0,0,0,0,0
2024/05/24 星期五 00:19:38.714,1716481178714,NH-DC-NM224-J08-ROCE-ST-leaf-4.GPU.S9825,FourHundredGigE1/0/31,1993,686600,2049,689770,0,0
2024/05/24 星期五 00:19:39.221,1716481179221,NH-DC-NM224-J08-ROCE-ST-leaf-4.GPU.S9825,FourHundredGigE1/0/31,0,0,0,0,0,0
2024/05/24 星期五 00:19:39.722,1716481179722,NH-DC-NM224-J08-ROCE-ST-leaf-4.GPU.S9825,FourHundredGigE1/0/31,2556,808318,2098,782476,0,0
2024/05/24 星期五 00:19:40.223,1716481180223,NH-DC-NM224-J08-ROCE-ST-leaf-4.GPU.S9825,FourHundredGigE1/0/31,0,0,0,0,0,0
2024/05/24 星期五 00:19:40.722,1716481180722,NH-DC-NM224-J08-ROCE-ST-leaf-4.GPU.S9825,FourHundredGigE1/0/31,1273,484719,1667,511882,0,0
2024/05/24 星期五 00:19:41.227,1716481181227,NH-DC-NM224-J08-ROCE-ST-leaf-4.GPU.S9825,FourHundredGigE1/0/31,0,0,0,0,0,0
2024/05/24 星期五 00:19:41.728,1716481181728,NH-DC-NM224-J08-ROCE-ST-leaf-4.GPU.S9825,FourHundredGigE1/0/31,1485,544680,1777,561099,0,0
2024/05/24 星期五 00:19:42.229,1716481182229,NH-DC-NM224-J08-ROCE-ST-leaf-4.GPU.S9825,FourHundredGigE1/0/31,0,0,0,0,0,0
2024/05/24 星期五 00:19:42.732,1716481182732,NH-DC-NM224-J08-ROCE-ST-leaf-4.GPU.S9825,FourHundredGigE1/0/31,2859,944868,2616,931260,0,0
2024/05/24 星期五 00:19:43.233,1716481183233,NH-DC-NM224-J08-ROCE-ST-leaf-4.GPU.S9825,FourHundredGigE1/0/31,0,0,0,0,0,0
2024/05/24 星期五 00:19:43.734,1716481183734,NH-DC-NM224-J08-ROCE-ST-leaf-4.GPU.S9825,FourHundredGigE1/0/31,2031,709722,2152,716565,0,0
2024/05/24 星期五 00:19:44.239,1716481184239,NH-DC-NM224-J08-ROCE-ST-leaf-4.GPU.S9825,FourHundredGigE1/0/31,2639,858518,2327,840852,0,0
2024/05/24 星期五 00:19:45.182,1716481185182,NH-DC-NM224-J08-ROCE-ST-leaf-4.GPU.S9825,FourHundredGigE1/0/31,0,0,0,0,0,0
2024/05/24 星期五 00:19:45.681,1716481185681,NH-DC-NM224-J08-ROCE-ST-leaf-4.GPU.S9825,FourHundredGigE1/0/31,1442,525636,1707,540670,0,0
2024/05/24 星期五 00:19:46.186,1716481186186,NH-DC-NM224-J08-ROCE-ST-leaf-4.GPU.S9825,FourHundredGigE1/0/31,0,0,0,0,0,0
2024/05/24 星期五 00:19:46.686,1716481186686,NH-DC-NM224-J08-ROCE-ST-leaf-4.GPU.S9825,FourHundredGigE1/0/31,2581,832940,2235,813631,0,0
2024/05/24 星期五 00:19:47.705,1716481187705,NH-DC-NM224-J08-ROCE-ST-leaf-4.GPU.S9825,FourHundredGigE1/0/31,2092,751262,2382,760585,0,0
2024/05/24 星期五 00:19:48.221,1716481188221,NH-DC-NM224-J08-ROCE-ST-leaf-4.GPU.S9825,FourHundredGigE1/0/31,0,0,0,0,0,0
2024/05/24 星期五 00:19:48.722,1716481188722,NH-DC-NM224-J08-ROCE-ST-leaf-4.GPU.S9825,FourHundredGigE1/0/31,2102,714527,2129,730266,0,0
2024/05/24 星期五 00:19:49.223,1716481189223,NH-DC-NM224-J08-ROCE-ST-leaf-4.GPU.S9825,FourHundredGigE1/0/31,0,0,0,0,0,0
2024/05/24 星期五 00:19:49.726,1716481189726,NH-DC-NM224-J08-ROCE-ST-leaf-4.GPU.S9825,FourHundredGigE1/0/31,1494,521976,1584,533418,0,0
2024/05/24 星期五 00:19:50.229,1716481190229,NH-DC-NM224-J08-ROCE-ST-leaf-4.GPU.S9825,FourHundredGigE1/0/31,0,0,0,0,0,0
2024/05/24 星期五 00:19:50.733,1716481190733,NH-DC-NM224-J08-ROCE-ST-leaf-4.GPU.S9825,FourHundredGigE1/0/31,1482,512108,1560,516737,0,0
2024/05/24 星期五 00:19:51.233,1716481191233,NH-DC-NM224-J08-ROCE-ST-leaf-4.GPU.S9825,FourHundredGigE1/0/31,0,0,0,0,0,0
2024/05/24 星期五 00:19:51.733,1716481191733,NH-DC-NM224-J08-ROCE-ST-leaf-4.GPU.S9825,FourHundredGigE1/0/31,2891,937024,2519,916259,0,0
2024/05/24 星期五 00:19:52.234,1716481192234,NH-DC-NM224-J08-ROCE-ST-leaf-4.GPU.S9825,FourHundredGigE1/0/31,0,0,0,0,0,0
2024/05/24 星期五 00:19:52.737,1716481192737,NH-DC-NM224-J08-ROCE-ST-leaf-4.GPU.S9825,FourHundredGigE1/0/31,2342,791102,2281,787678,0,0
2024/05/24 星期五 00:19:53.237,1716481193237,NH-DC-NM224-J08-ROCE-ST-leaf-4.GPU.S9825,FourHundredGigE1/0/31,0,0,0,0,0,0
2024/05/24 星期五 00:19:53.739,1716481193739,NH-DC-NM224-J08-ROCE-ST-leaf-4.GPU.S9825,FourHundredGigE1/0/31,2037,725388,2251,737439,0,0
2024/05/24 星期五 00:19:54.242,1716481194242,NH-DC-NM224-J08-ROCE-ST-leaf-4.GPU.S9825,FourHundredGigE1/0/31,3347,1044896,2624,1004214,0,0
2024/05/24 星期五 00:19:54.746,1716481194746,NH-DC-NM224-J08-ROCE-ST-leaf-4.GPU.S9825,FourHundredGigE1/0/31,0,0,0,0,0,0
2024/05/24 星期五 00:19:55.246,1716481195246,NH-DC-NM224-J08-ROCE-ST-leaf-4.GPU.S9825,FourHundredGigE1/0/31,2220,762362,2252,764348,0,0
2024/05/24 星期五 00:19:55.745,1716481195745,NH-DC-NM224-J08-ROCE-ST-leaf-4.GPU.S9825,FourHundredGigE1/0/31,0,0,0,0,0,0
2024/05/24 星期五 00:19:56.246,1716481196246,NH-DC-NM224-J08-ROCE-ST-leaf-4.GPU.S9825,FourHundredGigE1/0/31,0,0,0,0,0,0
2024/05/24 星期五 00:19:56.745,1716481196745,NH-DC-NM224-J08-ROCE-ST-leaf-4.GPU.S9825,FourHundredGigE1/0/31,1469,553065,1862,579949,0,0
2024/05/24 星期五 00:19:57.715,1716481197715,NH-DC-NM224-J08-ROCE-ST-leaf-4.GPU.S9825,FourHundredGigE1/0/31,1512,551048,1785,566403,0,0
2024/05/24 星期五 00:19:58.238,1716481198238,NH-DC-NM224-J08-ROCE-ST-leaf-4.GPU.S9825,FourHundredGigE1/0/31,0,0,0,0,0,0
2024/05/24 星期五 00:19:58.740,1716481198740,NH-DC-NM224-J08-ROCE-ST-leaf-4.GPU.S9825,FourHundredGigE1/0/31,1806,626634,1897,631764,0,0
2024/05/24 星期五 00:19:59.387,1716481199387,NH-DC-NM224-J08-ROCE-ST-leaf-4.GPU.S9825,FourHundredGigE1/0/31,2438,787694,2120,769692,0,0
2024/05/24 星期五 00:19:59.888,1716481199888,NH-DC-NM224-J08-ROCE-ST-leaf-4.GPU.S9825,FourHundredGigE1/0/31,0,0,0,0,0,0
2024/05/24 星期五 00:20:00.388,1716481200388,NH-DC-NM224-J08-ROCE-ST-leaf-4.GPU.S9825,FourHundredGigE1/0/31,1756,611986,1865,618351,0,0
2024/05/24 星期五 00:20:00.889,1716481200889,NH-DC-NM224-J08-ROCE-ST-leaf-4.GPU.S9825,FourHundredGigE1/0/31,0,0,0,0,0,0
2024/05/24 星期五 00:20:01.789,1716481201789,NH-DC-NM224-J08-ROCE-ST-leaf-4.GPU.S9825,FourHundredGigE1/0/31,2314,793673,2398,798985,0,0
2024/05/24 星期五 00:20:02.308,1716481202308,NH-DC-NM224-J08-ROCE-ST-leaf-4.GPU.S9825,FourHundredGigE1/0/31,0,0,0,0,0,0
2024/05/24 星期五 00:20:02.810,1716481202810,NH-DC-NM224-J08-ROCE-ST-leaf-4.GPU.S9825,FourHundredGigE1/0/31,0,0,0,0,0,0
2024/05/24 星期五 00:20:03.309,1716481203309,NH-DC-NM224-J08-ROCE-ST-leaf-4.GPU.S9825,FourHundredGigE1/0/31,3292,1127306,3284,1128604,0,0
2024/05/24 星期五 00:20:03.809,1716481203809,NH-DC-NM224-J08-ROCE-ST-leaf-4.GPU.S9825,FourHundredGigE1/0/31,0,0,0,0,0,0
2024/05/24 星期五 00:20:04.310,1716481204310,NH-DC-NM224-J08-ROCE-ST-leaf-4.GPU.S9825,FourHundredGigE1/0/31,1568,594538,2027,622637,0,0
2024/05/24 星期五 00:20:04.813,1716481204813,NH-DC-NM224-J08-ROCE-ST-leaf-4.GPU.S9825,FourHundredGigE1/0/31,0,0,0,0,0,0
2024/05/24 星期五 00:20:05.315,1716481205315,NH-DC-NM224-J08-ROCE-ST-leaf-4.GPU.S9825,FourHundredGigE1/0/31,2785,910510,2485,893904,0,0
2024/05/24 星期五 00:20:05.818,1716481205818,NH-DC-NM224-J08-ROCE-ST-leaf-4.GPU.S9825,FourHundredGigE1/0/31,0,0,0,0,0,0
2024/05/24 星期五 00:20:06.318,1716481206318,NH-DC-NM224-J08-ROCE-ST-leaf-4.GPU.S9825,FourHundredGigE1/0/31,2190,745344,2177,745049,0,0
2024/05/24 星期五 00:20:06.819,1716481206819,NH-DC-NM224-J08-ROCE-ST-leaf-4.GPU.S9825,FourHundredGigE1/0/31,0,0,0,0,0,0
2024/05/24 星期五 00:20:07.321,1716481207321,NH-DC-NM224-J08-ROCE-ST-leaf-4.GPU.S9825,FourHundredGigE1/0/31,1643,560098,1664,561341,0,0
2024/05/24 星期五 00:20:07.822,1716481207822,NH-DC-NM224-J08-ROCE-ST-leaf-4.GPU.S9825,FourHundredGigE1/0/31,0,0,0,0,0,0
2024/05/24 星期五 00:20:08.322,1716481208322,NH-DC-NM224-J08-ROCE-ST-leaf-4.GPU.S9825,FourHundredGigE1/0/31,3602,1106080,2696,1055378,0,0
2024/05/24 星期五 00:20:08.834,1716481208834,NH-DC-NM224-J08-ROCE-ST-leaf-4.GPU.S9825,FourHundredGigE1/0/31,0,0,0,0,0,0
2024/05/24 星期五 00:20:09.351,1716481209351,NH-DC-NM224-J08-ROCE-ST-leaf-4.GPU.S9825,FourHundredGigE1/0/31,1630,594402,1914,610112,0,0
2024/05/24 星期五 00:20:09.850,1716481209850,NH-DC-NM224-J08-ROCE-ST-leaf-4.GPU.S9825,FourHundredGigE1/0/31,0,0,0,0,0,0
2024/05/24 星期五 00:20:10.347,1716481210347,NH-DC-NM224-J08-ROCE-ST-leaf-4.GPU.S9825,FourHundredGigE1/0/31,1223,458184,1549,476701,0,0
2024/05/24 星期五 00:20:10.851,1716481210851,NH-DC-NM224-J08-ROCE-ST-leaf-4.GPU.S9825,FourHundredGigE1/0/31,0,0,0,0,0,0
2024/05/24 星期五 00:20:11.353,1716481211353,NH-DC-NM224-J08-ROCE-ST-leaf-4.GPU.S9825,FourHundredGigE1/0/31,1822,643706,1989,653125,0,0
2024/05/24 星期五 00:20:11.853,1716481211853,NH-DC-NM224-J08-ROCE-ST-leaf-4.GPU.S9825,FourHundredGigE1/0/31,0,0,0,0,0,0
2024/05/24 星期五 00:20:12.356,1716481212356,NH-DC-NM224-J08-ROCE-ST-leaf-4.GPU.S9825,FourHundredGigE1/0/31,712,325754,1346,361258,0,0
2024/05/24 星期五 00:20:12.859,1716481212859,NH-DC-NM224-J08-ROCE-ST-leaf-4.GPU.S9825,FourHundredGigE1/0/31,0,0,0,0,0,0
2024/05/24 星期五 00:20:13.362,1716481213362,NH-DC-NM224-J08-ROCE-ST-leaf-4.GPU.S9825,FourHundredGigE1/0/31,1905,637404,1831,633327,0,0
2024/05/24 星期五 00:20:13.866,1716481213866,NH-DC-NM224-J08-ROCE-ST-leaf-4.GPU.S9825,FourHundredGigE1/0/31,0,0,0,0,0,0
2024/05/24 星期五 00:20:14.365,1716481214365,NH-DC-NM224-J08-ROCE-ST-leaf-4.GPU.S9825,FourHundredGigE1/0/31,2494,815796,2235,801098,0,0
2024/05/24 星期五 00:20:14.866,1716481214866,NH-DC-NM224-J08-ROCE-ST-leaf-4.GPU.S9825,FourHundredGigE1/0/31,0,0,0,0,0,0
2024/05/24 星期五 00:20:15.365,1716481215365,NH-DC-NM224-J08-ROCE-ST-leaf-4.GPU.S9825,FourHundredGigE1/0/31,1453,536326,1765,553992,0,0
2024/05/24 星期五 00:20:15.870,1716481215870,NH-DC-NM224-J08-ROCE-ST-leaf-4.GPU.S9825,FourHundredGigE1/0/31,0,0,0,0,0,0
2024/05/24 星期五 00:20:16.370,1716481216370,NH-DC-NM224-J08-ROCE-ST-leaf-4.GPU.S9825,FourHundredGigE1/0/31,2159,739228,2177,740303,0,0
2024/05/24 星期五 00:20:16.884,1716481216884,NH-DC-NM224-J08-ROCE-ST-leaf-4.GPU.S9825,FourHundredGigE1/0/31,0,0,0,0,0,0
2024/05/24 星期五 00:20:17.385,1716481217385,NH-DC-NM224-J08-ROCE-ST-leaf-4.GPU.S9825,FourHundredGigE1/0/31,1259,469390,1574,487097,0,0
2024/05/24 星期五 00:20:17.891,1716481217891,NH-DC-NM224-J08-ROCE-ST-leaf-4.GPU.S9825,FourHundredGigE1/0/31,0,0,0,0,0,0
2024/05/24 星期五 00:20:18.394,1716481218394,NH-DC-NM224-J08-ROCE-ST-leaf-4.GPU.S9825,FourHundredGigE1/0/31,4461,1360482,3250,1292700,0,0
2024/05/24 星期五 00:20:19.341,1716481219341,NH-DC-NM224-J08-ROCE-ST-leaf-4.GPU.S9825,FourHundredGigE1/0/31,2018,701970,2112,706846,0,0
2024/05/24 星期五 00:20:19.846,1716481219846,NH-DC-NM224-J08-ROCE-ST-leaf-4.GPU.S9825,FourHundredGigE1/0/31,0,0,0,0,0,0
2024/05/24 星期五 00:20:20.349,1716481220349,NH-DC-NM224-J08-ROCE-ST-leaf-4.GPU.S9825,FourHundredGigE1/0/31,1039,413724,1501,440051,0,0
2024/05/24 星期五 00:20:20.854,1716481220854,NH-DC-NM224-J08-ROCE-ST-leaf-4.GPU.S9825,FourHundredGigE1/0/31,0,0,0,0,0,0
2024/05/24 星期五 00:20:21.357,1716481221357,NH-DC-NM224-J08-ROCE-ST-leaf-4.GPU.S9825,FourHundredGigE1/0/31,0,0,0,0,0,0
2024/05/24 星期五 00:20:21.859,1716481221859,NH-DC-NM224-J08-ROCE-ST-leaf-4.GPU.S9825,FourHundredGigE1/0/31,2310,797698,2414,798157,0,0
2024/05/24 星期五 00:20:22.362,1716481222362,NH-DC-NM224-J08-ROCE-ST-leaf-4.GPU.S9825,FourHundredGigE1/0/31,0,0,0,0,0,0
2024/05/24 星期五 00:20:22.861,1716481222861,NH-DC-NM224-J08-ROCE-ST-leaf-4.GPU.S9825,FourHundredGigE1/0/31,0,0,0,0,0,0
2024/05/24 星期五 00:20:23.361,1716481223361,NH-DC-NM224-J08-ROCE-ST-leaf-4.GPU.S9825,FourHundredGigE1/0/31,2202,785540,2459,802454,0,0
2024/05/24 星期五 00:20:23.861,1716481223861,NH-DC-NM224-J08-ROCE-ST-leaf-4.GPU.S9825,FourHundredGigE1/0/31,0,0,0,0,0,0
2024/05/24 星期五 00:20:24.362,1716481224362,NH-DC-NM224-J08-ROCE-ST-leaf-4.GPU.S9825,FourHundredGigE1/0/31,2644,922858,2789,933567,0,0
2024/05/24 星期五 00:20:24.866,1716481224866,NH-DC-NM224-J08-ROCE-ST-leaf-4.GPU.S9825,FourHundredGigE1/0/31,0,0,0,0,0,0
2024/05/24 星期五 00:20:25.381,1716481225381,NH-DC-NM224-J08-ROCE-ST-leaf-4.GPU.S9825,FourHundredGigE1/0/31,0,0,0,0,0,0
2024/05/24 星期五 00:20:26.376,1716481226376,NH-DC-NM224-J08-ROCE-ST-leaf-4.GPU.S9825,FourHundredGigE1/0/31,3781,1164758,2889,1109053,0,0
2024/05/24 星期五 00:20:26.882,1716481226882,NH-DC-NM224-J08-ROCE-ST-leaf-4.GPU.S9825,FourHundredGigE1/0/31,1624,588826,1888,603804,0,0
2024/05/24 星期五 00:20:27.385,1716481227385,NH-DC-NM224-J08-ROCE-ST-leaf-4.GPU.S9825,FourHundredGigE1/0/31,0,0,0,0,0,0
2024/05/24 星期五 00:20:27.885,1716481227885,NH-DC-NM224-J08-ROCE-ST-leaf-4.GPU.S9825,FourHundredGigE1/0/31,0,0,0,0,0,0
2024/05/24 星期五 00:20:28.387,1716481228387,NH-DC-NM224-J08-ROCE-ST-leaf-4.GPU.S9825,FourHundredGigE1/0/31,3273,1098266,3127,1093287,0,0
2024/05/24 星期五 00:20:28.902,1716481228902,NH-DC-NM224-J08-ROCE-ST-leaf-4.GPU.S9825,FourHundredGigE1/0/31,0,0,0,0,0,0
2024/05/24 星期五 00:20:29.389,1716481229389,NH-DC-NM224-J08-ROCE-ST-leaf-4.GPU.S9825,FourHundredGigE1/0/31,3003,1015262,2927,1013536,0,0
2024/05/24 星期五 00:20:29.892,1716481229892,NH-DC-NM224-J08-ROCE-ST-leaf-4.GPU.S9825,FourHundredGigE1/0/31,0,0,0,0,0,0
2024/05/24 星期五 00:20:30.390,1716481230390,NH-DC-NM224-J08-ROCE-ST-leaf-4.GPU.S9825,FourHundredGigE1/0/31,1973,676424,2027,679871,0,0
2024/05/24 星期五 00:20:30.893,1716481230893,NH-DC-NM224-J08-ROCE-ST-leaf-4.GPU.S9825,FourHundredGigE1/0/31,0,0,0,0,0,0
2024/05/24 星期五 00:20:31.395,1716481231395,NH-DC-NM224-J08-ROCE-ST-leaf-4.GPU.S9825,FourHundredGigE1/0/31,2018,667430,1898,660831,0,0
2024/05/24 星期五 00:20:31.894,1716481231894,NH-DC-NM224-J08-ROCE-ST-leaf-4.GPU.S9825,FourHundredGigE1/0/31,0,0,0,0,0,0
2024/05/24 星期五 00:20:32.394,1716481232394,NH-DC-NM224-J08-ROCE-ST-leaf-4.GPU.S9825,FourHundredGigE1/0/31,2085,714060,2106,715236,0,0
2024/05/24 星期五 00:20:32.900,1716481232900,NH-DC-NM224-J08-ROCE-ST-leaf-4.GPU.S9825,FourHundredGigE1/0/31,0,0,0,0,0,0
2024/05/24 星期五 00:20:33.403,1716481233403,NH-DC-NM224-J08-ROCE-ST-leaf-4.GPU.S9825,FourHundredGigE1/0/31,2799,899022,2386,875961,0,0
2024/05/24 星期五 00:20:33.904,1716481233904,NH-DC-NM224-J08-ROCE-ST-leaf-4.GPU.S9825,FourHundredGigE1/0/31,0,0,0,0,0,0
2024/05/24 星期五 00:20:34.402,1716481234402,NH-DC-NM224-J08-ROCE-ST-leaf-4.GPU.S9825,FourHundredGigE1/0/31,1690,578418,1732,580438,0,0
2024/05/24 星期五 00:20:34.902,1716481234902,NH-DC-NM224-J08-ROCE-ST-leaf-4.GPU.S9825,FourHundredGigE1/0/31,0,0,0,0,0,0
2024/05/24 星期五 00:20:35.403,1716481235403,NH-DC-NM224-J08-ROCE-ST-leaf-4.GPU.S9825,FourHundredGigE1/0/31,1475,540862,1773,557386,0,0
2024/05/24 星期五 00:20:35.903,1716481235903,NH-DC-NM224-J08-ROCE-ST-leaf-4.GPU.S9825,FourHundredGigE1/0/31,0,0,0,0,0,0
2024/05/24 星期五 00:20:36.406,1716481236406,NH-DC-NM224-J08-ROCE-ST-leaf-4.GPU.S9825,FourHundredGigE1/0/31,1791,631176,1966,641361,0,0
2024/05/24 星期五 00:20:36.905,1716481236905,NH-DC-NM224-J08-ROCE-ST-leaf-4.GPU.S9825,FourHundredGigE1/0/31,0,0,0,0,0,0
2024/05/24 星期五 00:20:37.402,1716481237402,NH-DC-NM224-J08-ROCE-ST-leaf-4.GPU.S9825,FourHundredGigE1/0/31,2256,781452,2332,785775,0,0
2024/05/24 星期五 00:20:37.901,1716481237901,NH-DC-NM224-J08-ROCE-ST-leaf-4.GPU.S9825,FourHundredGigE1/0/31,0,0,0,0,0,0
2024/05/24 星期五 00:20:38.401,1716481238401,NH-DC-NM224-J08-ROCE-ST-leaf-4.GPU.S9825,FourHundredGigE1/0/31,1742,612546,1891,621118,0,0
2024/05/24 星期五 00:20:38.905,1716481238905,NH-DC-NM224-J08-ROCE-ST-leaf-4.GPU.S9825,FourHundredGigE1/0/31,0,0,0,0,0,0
2024/05/24 星期五 00:20:39.407,1716481239407,NH-DC-NM224-J08-ROCE-ST-leaf-4.GPU.S9825,FourHundredGigE1/0/31,2219,742134,2109,735586,0,0
2024/05/24 星期五 00:20:39.906,1716481239906,NH-DC-NM224-J08-ROCE-ST-leaf-4.GPU.S9825,FourHundredGigE1/0/31,0,0,0,0,0,0
2024/05/24 星期五 00:20:40.409,1716481240409,NH-DC-NM224-J08-ROCE-ST-leaf-4.GPU.S9825,FourHundredGigE1/0/31,1652,621153,2080,650406,0,0
2024/05/24 星期五 00:20:40.909,1716481240909,NH-DC-NM224-J08-ROCE-ST-leaf-4.GPU.S9825,FourHundredGigE1/0/31,0,0,0,0,0,0
2024/05/24 星期五 00:20:41.425,1716481241425,NH-DC-NM224-J08-ROCE-ST-leaf-4.GPU.S9825,FourHundredGigE1/0/31,1775,610960,1849,615155,0,0
2024/05/24 星期五 00:20:41.927,1716481241927,NH-DC-NM224-J08-ROCE-ST-leaf-4.GPU.S9825,FourHundredGigE1/0/31,0,0,0,0,0,0
2024/05/24 星期五 00:20:42.434,1716481242434,NH-DC-NM224-J08-ROCE-ST-leaf-4.GPU.S9825,FourHundredGigE1/0/31,3495,1082546,2681,1037156,0,0
2024/05/24 星期五 00:20:42.934,1716481242934,NH-DC-NM224-J08-ROCE-ST-leaf-4.GPU.S9825,FourHundredGigE1/0/31,0,0,0,0,0,0
2024/05/24 星期五 00:20:43.436,1716481243436,NH-DC-NM224-J08-ROCE-ST-leaf-4.GPU.S9825,FourHundredGigE1/0/31,835,348410,1332,376309,0,0
2024/05/24 星期五 00:20:43.935,1716481243935,NH-DC-NM224-J08-ROCE-ST-leaf-4.GPU.S9825,FourHundredGigE1/0/31,0,0,0,0,0,0
2024/05/24 星期五 00:20:44.437,1716481244437,NH-DC-NM224-J08-ROCE-ST-leaf-4.GPU.S9825,FourHundredGigE1/0/31,1567,532720,1596,533956,0,0
2024/05/24 星期五 00:20:44.944,1716481244944,NH-DC-NM224-J08-ROCE-ST-leaf-4.GPU.S9825,FourHundredGigE1/0/31,0,0,0,0,0,0
2024/05/24 星期五 00:20:45.448,1716481245448,NH-DC-NM224-J08-ROCE-ST-leaf-4.GPU.S9825,FourHundredGigE1/0/31,0,0,0,0,0,0
2024/05/24 星期五 00:20:45.970,1716481245970,NH-DC-NM224-J08-ROCE-ST-leaf-4.GPU.S9825,FourHundredGigE1/0/31,1870,644200,1981,644663,0,0
2024/05/24 星期五 00:20:46.470,1716481246470,NH-DC-NM224-J08-ROCE-ST-leaf-4.GPU.S9825,FourHundredGigE1/0/31,0,0,0,0,0,0
2024/05/24 星期五 00:20:46.973,1716481246973,NH-DC-NM224-J08-ROCE-ST-leaf-4.GPU.S9825,FourHundredGigE1/0/31,2973,988530,2769,978270,0,0
2024/05/24 星期五 00:20:47.474,1716481247474,NH-DC-NM224-J08-ROCE-ST-leaf-4.GPU.S9825,FourHundredGigE1/0/31,0,0,0,0,0,0
2024/05/24 星期五 00:20:47.975,1716481247975,NH-DC-NM224-J08-ROCE-ST-leaf-4.GPU.S9825,FourHundredGigE1/0/31,1816,611035,1800,620404,0,0
2024/05/24 星期五 00:20:48.475,1716481248475,NH-DC-NM224-J08-ROCE-ST-leaf-4.GPU.S9825,FourHundredGigE1/0/31,0,0,0,0,0,0
2024/05/24 星期五 00:20:48.975,1716481248975,NH-DC-NM224-J08-ROCE-ST-leaf-4.GPU.S9825,FourHundredGigE1/0/31,0,0,0,0,0,0
2024/05/24 星期五 00:20:49.474,1716481249474,NH-DC-NM224-J08-ROCE-ST-leaf-4.GPU.S9825,FourHundredGigE1/0/31,2814,994960,3081,1018209,0,0
2024/05/24 星期五 00:20:49.978,1716481249978,NH-DC-NM224-J08-ROCE-ST-leaf-4.GPU.S9825,FourHundredGigE1/0/31,0,0,0,0,0,0
2024/05/24 星期五 00:20:50.479,1716481250479,NH-DC-NM224-J08-ROCE-ST-leaf-4.GPU.S9825,FourHundredGigE1/0/31,1952,707066,2247,724041,0,0
2024/05/24 星期五 00:20:50.977,1716481250977,NH-DC-NM224-J08-ROCE-ST-leaf-4.GPU.S9825,FourHundredGigE1/0/31,0,0,0,0,0,0
2024/05/24 星期五 00:20:51.476,1716481251476,NH-DC-NM224-J08-ROCE-ST-leaf-4.GPU.S9825,FourHundredGigE1/0/31,3174,1006308,2602,974343,0,0
2024/05/24 星期五 00:20:51.989,1716481251989,NH-DC-NM224-J08-ROCE-ST-leaf-4.GPU.S9825,FourHundredGigE1/0/31,0,0,0,0,0,0
2024/05/24 星期五 00:20:52.490,1716481252490,NH-DC-NM224-J08-ROCE-ST-leaf-4.GPU.S9825,FourHundredGigE1/0/31,2981,945130,2449,915338,0,0
2024/05/24 星期五 00:20:53.002,1716481253002,NH-DC-NM224-J08-ROCE-ST-leaf-4.GPU.S9825,FourHundredGigE1/0/31,0,0,0,0,0,0
2024/05/24 星期五 00:20:54.002,1716481254002,NH-DC-NM224-J08-ROCE-ST-leaf-4.GPU.S9825,FourHundredGigE1/0/31,1524,529782,1621,535281,0,0
2024/05/24 星期五 00:20:54.505,1716481254505,NH-DC-NM224-J08-ROCE-ST-leaf-4.GPU.S9825,FourHundredGigE1/0/31,2297,750006,2055,736066,0,0
2024/05/24 星期五 00:20:55.005,1716481255005,NH-DC-NM224-J08-ROCE-ST-leaf-4.GPU.S9825,FourHundredGigE1/0/31,0,0,0,0,0,0
2024/05/24 星期五 00:20:55.506,1716481255506,NH-DC-NM224-J08-ROCE-ST-leaf-4.GPU.S9825,FourHundredGigE1/0/31,1797,647281,2096,663073,0,0
2024/05/24 星期五 00:20:56.007,1716481256007,NH-DC-NM224-J08-ROCE-ST-leaf-4.GPU.S9825,FourHundredGigE1/0/31,0,0,0,0,0,0
2024/05/24 星期五 00:20:56.511,1716481256511,NH-DC-NM224-J08-ROCE-ST-leaf-4.GPU.S9825,FourHundredGigE1/0/31,1092,431568,1545,456936,0,0
2024/05/24 星期五 00:20:57.024,1716481257024,NH-DC-NM224-J08-ROCE-ST-leaf-4.GPU.S9825,FourHundredGigE1/0/31,0,0,0,0,0,0
2024/05/24 星期五 00:20:58.003,1716481258003,NH-DC-NM224-J08-ROCE-ST-leaf-4.GPU.S9825,FourHundredGigE1/0/31,1136,459006,1675,489451,0,0
2024/05/24 星期五 00:20:58.509,1716481258509,NH-DC-NM224-J08-ROCE-ST-leaf-4.GPU.S9825,FourHundredGigE1/0/31,0,0,0,0,0,0
2024/05/24 星期五 00:20:59.010,1716481259010,NH-DC-NM224-J08-ROCE-ST-leaf-4.GPU.S9825,FourHundredGigE1/0/31,1550,548788,1718,558230,0,0
2024/05/24 星期五 00:20:59.511,1716481259511,NH-DC-NM224-J08-ROCE-ST-leaf-4.GPU.S9825,FourHundredGigE1/0/31,1098,408990,1351,428840,0,0
2024/05/24 星期五 00:21:00.014,1716481260014,NH-DC-NM224-J08-ROCE-ST-leaf-4.GPU.S9825,FourHundredGigE1/0/31,0,0,0,0,0,0
2024/05/24 星期五 00:21:00.523,1716481260523,NH-DC-NM224-J08-ROCE-ST-leaf-4.GPU.S9825,FourHundredGigE1/0/31,1490,559548,1881,581687,0,0
2024/05/24 星期五 00:21:01.021,1716481261021,NH-DC-NM224-J08-ROCE-ST-leaf-4.GPU.S9825,FourHundredGigE1/0/31,0,0,0,0,0,0
2024/05/24 星期五 00:21:01.525,1716481261525,NH-DC-NM224-J08-ROCE-ST-leaf-4.GPU.S9825,FourHundredGigE1/0/31,1709,624769,2049,641507,0,0
2024/05/24 星期五 00:21:02.025,1716481262025,NH-DC-NM224-J08-ROCE-ST-leaf-4.GPU.S9825,FourHundredGigE1/0/31,0,0,0,0,0,0
2024/05/24 星期五 00:21:02.534,1716481262534,NH-DC-NM224-J08-ROCE-ST-leaf-4.GPU.S9825,FourHundredGigE1/0/31,2090,685432,1903,674960,0,0
2024/05/24 星期五 00:21:03.034,1716481263034,NH-DC-NM224-J08-ROCE-ST-leaf-4.GPU.S9825,FourHundredGigE1/0/31,0,0,0,0,0,0
2024/05/24 星期五 00:21:03.538,1716481263538,NH-DC-NM224-J08-ROCE-ST-leaf-4.GPU.S9825,FourHundredGigE1/0/31,0,0,0,0,0,0
2024/05/24 星期五 00:21:04.047,1716481264047,NH-DC-NM224-J08-ROCE-ST-leaf-4.GPU.S9825,FourHundredGigE1/0/31,2041,744606,2416,769553,0,0
2024/05/24 星期五 00:21:04.546,1716481264546,NH-DC-NM224-J08-ROCE-ST-leaf-4.GPU.S9825,FourHundredGigE1/0/31,1098,377898,1102,381226,0,0
2024/05/24 星期五 00:21:05.055,1716481265055,NH-DC-NM224-J08-ROCE-ST-leaf-4.GPU.S9825,FourHundredGigE1/0/31,0,0,0,0,0,0
2024/05/24 星期五 00:21:05.553,1716481265553,NH-DC-NM224-J08-ROCE-ST-leaf-4.GPU.S9825,FourHundredGigE1/0/31,1338,510722,1768,535012,0,0
2024/05/24 星期五 00:21:06.054,1716481266054,NH-DC-NM224-J08-ROCE-ST-leaf-4.GPU.S9825,FourHundredGigE1/0/31,0,0,0,0,0,0
2024/05/24 星期五 00:21:06.558,1716481266558,NH-DC-NM224-J08-ROCE-ST-leaf-4.GPU.S9825,FourHundredGigE1/0/31,1975,669364,1956,668927,0,0
2024/05/24 星期五 00:21:07.061,1716481267061,NH-DC-NM224-J08-ROCE-ST-leaf-4.GPU.S9825,FourHundredGigE1/0/31,0,0,0,0,0,0
2024/05/24 星期五 00:21:07.563,1716481267563,NH-DC-NM224-J08-ROCE-ST-leaf-4.GPU.S9825,FourHundredGigE1/0/31,1596,590406,1962,609681,0,0
2024/05/24 星期五 00:21:08.061,1716481268061,NH-DC-NM224-J08-ROCE-ST-leaf-4.GPU.S9825,FourHundredGigE1/0/31,0,0,0,0,0,0
2024/05/24 星期五 00:21:08.562,1716481268562,NH-DC-NM224-J08-ROCE-ST-leaf-4.GPU.S9825,FourHundredGigE1/0/31,1805,627892,1907,633638,0,0
2024/05/24 星期五 00:21:09.066,1716481269066,NH-DC-NM224-J08-ROCE-ST-leaf-4.GPU.S9825,FourHundredGigE1/0/31,0,0,0,0,0,0
2024/05/24 星期五 00:21:09.565,1716481269565,NH-DC-NM224-J08-ROCE-ST-leaf-4.GPU.S9825,FourHundredGigE1/0/31,1755,605820,1834,609676,0,0
2024/05/24 星期五 00:21:10.078,1716481270078,NH-DC-NM224-J08-ROCE-ST-leaf-4.GPU.S9825,FourHundredGigE1/0/31,0,0,0,0,0,0
2024/05/24 星期五 00:21:10.577,1716481270577,NH-DC-NM224-J08-ROCE-ST-leaf-4.GPU.S9825,FourHundredGigE1/0/31,2756,882614,2337,859605,0,0
2024/05/24 星期五 00:21:11.077,1716481271077,NH-DC-NM224-J08-ROCE-ST-leaf-4.GPU.S9825,FourHundredGigE1/0/31,0,0,0,0,0,0
2024/05/24 星期五 00:21:11.578,1716481271578,NH-DC-NM224-J08-ROCE-ST-leaf-4.GPU.S9825,FourHundredGigE1/0/31,1070,425964,1540,452545,0,0
2024/05/24 星期五 00:21:12.596,1716481272596,NH-DC-NM224-J08-ROCE-ST-leaf-4.GPU.S9825,FourHundredGigE1/0/31,1987,710366,2252,718804,0,0
2024/05/24 星期五 00:21:13.104,1716481273104,NH-DC-NM224-J08-ROCE-ST-leaf-4.GPU.S9825,FourHundredGigE1/0/31,0,0,0,0,0,0
2024/05/24 星期五 00:21:13.607,1716481273607,NH-DC-NM224-J08-ROCE-ST-leaf-4.GPU.S9825,FourHundredGigE1/0/31,0,0,0,0,0,0
2024/05/24 星期五 00:21:14.628,1716481274628,NH-DC-NM224-J08-ROCE-ST-leaf-4.GPU.S9825,FourHundredGigE1/0/31,4219,1341446,3510,1307629,0,0
2024/05/24 星期五 00:21:15.130,1716481275130,NH-DC-NM224-J08-ROCE-ST-leaf-4.GPU.S9825,FourHundredGigE1/0/31,0,0,0,0,0,0
2024/05/24 星期五 00:21:15.634,1716481275634,NH-DC-NM224-J08-ROCE-ST-leaf-4.GPU.S9825,FourHundredGigE1/0/31,645,291796,1210,323824,0,0
2024/05/24 星期五 00:21:16.133,1716481276133,NH-DC-NM224-J08-ROCE-ST-leaf-4.GPU.S9825,FourHundredGigE1/0/31,0,0,0,0,0,0
2024/05/24 星期五 00:21:16.633,1716481276633,NH-DC-NM224-J08-ROCE-ST-leaf-4.GPU.S9825,FourHundredGigE1/0/31,3149,988710,2518,953635,0,0
2024/05/24 星期五 00:21:17.604,1716481277604,NH-DC-NM224-J08-ROCE-ST-leaf-4.GPU.S9825,FourHundredGigE1/0/31,1463,549142,1838,570209,0,0
2024/05/24 星期五 00:21:18.105,1716481278105,NH-DC-NM224-J08-ROCE-ST-leaf-4.GPU.S9825,FourHundredGigE1/0/31,0,0,0,0,0,0
2024/05/24 星期五 00:21:18.606,1716481278606,NH-DC-NM224-J08-ROCE-ST-leaf-4.GPU.S9825,FourHundredGigE1/0/31,1270,479234,1629,499372,0,0
2024/05/24 星期五 00:21:19.117,1716481279117,NH-DC-NM224-J08-ROCE-ST-leaf-4.GPU.S9825,FourHundredGigE1/0/31,0,0,0,0,0,0
2024/05/24 星期五 00:21:19.618,1716481279618,NH-DC-NM224-J08-ROCE-ST-leaf-4.GPU.S9825,FourHundredGigE1/0/31,1754,604834,1811,607874,0,0
2024/05/24 星期五 00:21:20.133,1716481280133,NH-DC-NM224-J08-ROCE-ST-leaf-4.GPU.S9825,FourHundredGigE1/0/31,0,0,0,0,0,0
2024/05/24 星期五 00:21:20.749,1716481280749,NH-DC-NM224-J08-ROCE-ST-leaf-4.GPU.S9825,FourHundredGigE1/0/31,2612,874550,2480,867183,0,0
2024/05/24 星期五 00:21:21.249,1716481281249,NH-DC-NM224-J08-ROCE-ST-leaf-4.GPU.S9825,FourHundredGigE1/0/31,0,0,0,0,0,0
2024/05/24 星期五 00:21:21.749,1716481281749,NH-DC-NM224-J08-ROCE-ST-leaf-4.GPU.S9825,FourHundredGigE1/0/31,1653,562418,1668,563519,0,0
2024/05/24 星期五 00:21:22.252,1716481282252,NH-DC-NM224-J08-ROCE-ST-leaf-4.GPU.S9825,FourHundredGigE1/0/31,0,0,0,0,0,0
2024/05/24 星期五 00:21:22.754,1716481282754,NH-DC-NM224-J08-ROCE-ST-leaf-4.GPU.S9825,FourHundredGigE1/0/31,1665,569214,1695,570894,0,0
2024/05/24 星期五 00:21:23.255,1716481283255,NH-DC-NM224-J08-ROCE-ST-leaf-4.GPU.S9825,FourHundredGigE1/0/31,0,0,0,0,0,0
2024/05/24 星期五 00:21:23.758,1716481283758,NH-DC-NM224-J08-ROCE-ST-leaf-4.GPU.S9825,FourHundredGigE1/0/31,2730,888150,2407,870129,0,0
2024/05/24 星期五 00:21:24.262,1716481284262,NH-DC-NM224-J08-ROCE-ST-leaf-4.GPU.S9825,FourHundredGigE1/0/31,1708,600944,1847,608146,0,0
2024/05/24 星期五 00:21:24.764,1716481284764,NH-DC-NM224-J08-ROCE-ST-leaf-4.GPU.S9825,FourHundredGigE1/0/31,0,0,0,0,0,0
2024/05/24 星期五 00:21:25.268,1716481285268,NH-DC-NM224-J08-ROCE-ST-leaf-4.GPU.S9825,FourHundredGigE1/0/31,1539,566116,1852,584032,0,0
2024/05/24 星期五 00:21:25.771,1716481285771,NH-DC-NM224-J08-ROCE-ST-leaf-4.GPU.S9825,FourHundredGigE1/0/31,0,0,0,0,0,0
2024/05/24 星期五 00:21:26.273,1716481286273,NH-DC-NM224-J08-ROCE-ST-leaf-4.GPU.S9825,FourHundredGigE1/0/31,0,0,0,0,0,0
2024/05/24 星期五 00:21:26.777,1716481286777,NH-DC-NM224-J08-ROCE-ST-leaf-4.GPU.S9825,FourHundredGigE1/0/31,1819,602374,1712,596643,0,0
2024/05/24 星期五 00:21:27.290,1716481287290,NH-DC-NM224-J08-ROCE-ST-leaf-4.GPU.S9825,FourHundredGigE1/0/31,0,0,0,0,0,0
2024/05/24 星期五 00:21:27.809,1716481287809,NH-DC-NM224-J08-ROCE-ST-leaf-4.GPU.S9825,FourHundredGigE1/0/31,2070,685626,1933,678021,0,0
2024/05/24 星期五 00:21:28.651,1716481288651,NH-DC-NM224-J08-ROCE-ST-leaf-4.GPU.S9825,FourHundredGigE1/0/31,3453,1086098,2786,1047380,0,0
2024/05/24 星期五 00:21:29.153,1716481289153,NH-DC-NM224-J08-ROCE-ST-leaf-4.GPU.S9825,FourHundredGigE1/0/31,0,0,0,0,0,0
2024/05/24 星期五 00:21:29.655,1716481289655,NH-DC-NM224-J08-ROCE-ST-leaf-4.GPU.S9825,FourHundredGigE1/0/31,1671,573844,1723,576008,0,0
2024/05/24 星期五 00:21:30.164,1716481290164,NH-DC-NM224-J08-ROCE-ST-leaf-4.GPU.S9825,FourHundredGigE1/0/31,0,0,0,0,0,0
2024/05/24 星期五 00:21:30.664,1716481290664,NH-DC-NM224-J08-ROCE-ST-leaf-4.GPU.S9825,FourHundredGigE1/0/31,1816,637692,1960,646211,0,0
2024/05/24 星期五 00:21:31.178,1716481291178,NH-DC-NM224-J08-ROCE-ST-leaf-4.GPU.S9825,FourHundredGigE1/0/31,0,0,0,0,0,0
2024/05/24 星期五 00:21:32.271,1716481292271,NH-DC-NM224-J08-ROCE-ST-leaf-4.GPU.S9825,FourHundredGigE1/0/31,1775,607794,1810,610015,0,0
2024/05/24 星期五 00:21:32.783,1716481292783,NH-DC-NM224-J08-ROCE-ST-leaf-4.GPU.S9825,FourHundredGigE1/0/31,1148,454824,1676,482666,0,0
2024/05/24 星期五 00:21:33.281,1716481293281,NH-DC-NM224-J08-ROCE-ST-leaf-4.GPU.S9825,FourHundredGigE1/0/31,0,0,0,0,0,0
2024/05/24 星期五 00:21:33.786,1716481293786,NH-DC-NM224-J08-ROCE-ST-leaf-4.GPU.S9825,FourHundredGigE1/0/31,2020,691194,2058,693443,0,0
2024/05/24 星期五 00:21:34.285,1716481294285,NH-DC-NM224-J08-ROCE-ST-leaf-4.GPU.S9825,FourHundredGigE1/0/31,1571,557870,1751,566800,0,0
2024/05/24 星期五 00:21:34.786,1716481294786,NH-DC-NM224-J08-ROCE-ST-leaf-4.GPU.S9825,FourHundredGigE1/0/31,0,0,0,0,0,0
2024/05/24 星期五 00:21:35.294,1716481295294,NH-DC-NM224-J08-ROCE-ST-leaf-4.GPU.S9825,FourHundredGigE1/0/31,2194,709053,1950,698352,0,0
2024/05/24 星期五 00:21:35.797,1716481295797,NH-DC-NM224-J08-ROCE-ST-leaf-4.GPU.S9825,FourHundredGigE1/0/31,0,0,0,0,0,0
2024/05/24 星期五 00:21:36.297,1716481296297,NH-DC-NM224-J08-ROCE-ST-leaf-4.GPU.S9825,FourHundredGigE1/0/31,0,0,0,0,0,0
2024/05/24 星期五 00:21:36.797,1716481296797,NH-DC-NM224-J08-ROCE-ST-leaf-4.GPU.S9825,FourHundredGigE1/0/31,1671,550674,1627,545771,0,0
2024/05/24 星期五 00:21:37.310,1716481297310,NH-DC-NM224-J08-ROCE-ST-leaf-4.GPU.S9825,FourHundredGigE1/0/31,0,0,0,0,0,0
2024/05/24 星期五 00:21:37.809,1716481297809,NH-DC-NM224-J08-ROCE-ST-leaf-4.GPU.S9825,FourHundredGigE1/0/31,2927,933356,2472,900765,0,0
2024/05/24 星期五 00:21:38.310,1716481298310,NH-DC-NM224-J08-ROCE-ST-leaf-4.GPU.S9825,FourHundredGigE1/0/31,0,0,0,0,0,0
2024/05/24 星期五 00:21:38.810,1716481298810,NH-DC-NM224-J08-ROCE-ST-leaf-4.GPU.S9825,FourHundredGigE1/0/31,700,301976,1266,330512,0,0
2024/05/24 星期五 00:21:39.309,1716481299309,NH-DC-NM224-J08-ROCE-ST-leaf-4.GPU.S9825,FourHundredGigE1/0/31,2193,704298,1854,691716,0,0
2024/05/24 星期五 00:21:39.810,1716481299810,NH-DC-NM224-J08-ROCE-ST-leaf-4.GPU.S9825,FourHundredGigE1/0/31,0,0,0,0,0,0
2024/05/24 星期五 00:21:40.335,1716481300335,NH-DC-NM224-J08-ROCE-ST-leaf-4.GPU.S9825,FourHundredGigE1/0/31,1260,477421,1635,503520,0,0
2024/05/24 星期五 00:21:40.848,1716481300848,NH-DC-NM224-J08-ROCE-ST-leaf-4.GPU.S9825,FourHundredGigE1/0/31,0,0,0,0,0,0
2024/05/24 星期五 00:21:41.376,1716481301376,NH-DC-NM224-J08-ROCE-ST-leaf-4.GPU.S9825,FourHundredGigE1/0/31,2663,857258,2292,836937,0,0
2024/05/24 星期五 00:21:41.878,1716481301878,NH-DC-NM224-J08-ROCE-ST-leaf-4.GPU.S9825,FourHundredGigE1/0/31,0,0,0,0,0,0
2024/05/24 星期五 00:21:42.382,1716481302382,NH-DC-NM224-J08-ROCE-ST-leaf-4.GPU.S9825,FourHundredGigE1/0/31,4596,1426266,3510,1365450,0,0
2024/05/24 星期五 00:21:42.882,1716481302882,NH-DC-NM224-J08-ROCE-ST-leaf-4.GPU.S9825,FourHundredGigE1/0/31,0,0,0,0,0,0
2024/05/24 星期五 00:21:43.386,1716481303386,NH-DC-NM224-J08-ROCE-ST-leaf-4.GPU.S9825,FourHundredGigE1/0/31,1949,628918,1712,615713,0,0
2024/05/24 星期五 00:21:43.889,1716481303889,NH-DC-NM224-J08-ROCE-ST-leaf-4.GPU.S9825,FourHundredGigE1/0/31,0,0,0,0,0,0
2024/05/24 星期五 00:21:44.390,1716481304390,NH-DC-NM224-J08-ROCE-ST-leaf-4.GPU.S9825,FourHundredGigE1/0/31,1057,424766,1541,451288,0,0
2024/05/24 星期五 00:21:44.894,1716481304894,NH-DC-NM224-J08-ROCE-ST-leaf-4.GPU.S9825,FourHundredGigE1/0/31,0,0,0,0,0,0
2024/05/24 星期五 00:21:45.394,1716481305394,NH-DC-NM224-J08-ROCE-ST-leaf-4.GPU.S9825,FourHundredGigE1/0/31,2153,722256,2070,717802,0,0
2024/05/24 星期五 00:21:45.895,1716481305895,NH-DC-NM224-J08-ROCE-ST-leaf-4.GPU.S9825,FourHundredGigE1/0/31,0,0,0,0,0,0
2024/05/24 星期五 00:21:46.397,1716481306397,NH-DC-NM224-J08-ROCE-ST-leaf-4.GPU.S9825,FourHundredGigE1/0/31,1392,515398,1709,533605,0,0
2024/05/24 星期五 00:21:46.898,1716481306898,NH-DC-NM224-J08-ROCE-ST-leaf-4.GPU.S9825,FourHundredGigE1/0/31,0,0,0,0,0,0
2024/05/24 星期五 00:21:47.397,1716481307397,NH-DC-NM224-J08-ROCE-ST-leaf-4.GPU.S9825,FourHundredGigE1/0/31,0,0,0,0,0,0
2024/05/24 星期五 00:21:47.906,1716481307906,NH-DC-NM224-J08-ROCE-ST-leaf-4.GPU.S9825,FourHundredGigE1/0/31,1510,550892,1809,560137,0,0
2024/05/24 星期五 00:21:48.408,1716481308408,NH-DC-NM224-J08-ROCE-ST-leaf-4.GPU.S9825,FourHundredGigE1/0/31,0,0,0,0,0,0
2024/05/24 星期五 00:21:48.910,1716481308910,NH-DC-NM224-J08-ROCE-ST-leaf-4.GPU.S9825,FourHundredGigE1/0/31,1585,620932,2189,657312,0,0
2024/05/24 星期五 00:21:49.414,1716481309414,NH-DC-NM224-J08-ROCE-ST-leaf-4.GPU.S9825,FourHundredGigE1/0/31,786,303934,1039,322564,0,0
2024/05/24 星期五 00:21:49.916,1716481309916,NH-DC-NM224-J08-ROCE-ST-leaf-4.GPU.S9825,FourHundredGigE1/0/31,0,0,0,0,0,0
2024/05/24 星期五 00:21:50.417,1716481310417,NH-DC-NM224-J08-ROCE-ST-leaf-4.GPU.S9825,FourHundredGigE1/0/31,2164,736533,2157,737760,0,0
2024/05/24 星期五 00:21:50.925,1716481310925,NH-DC-NM224-J08-ROCE-ST-leaf-4.GPU.S9825,FourHundredGigE1/0/31,0,0,0,0,0,0
2024/05/24 星期五 00:21:51.425,1716481311425,NH-DC-NM224-J08-ROCE-ST-leaf-4.GPU.S9825,FourHundredGigE1/0/31,1512,523448,1601,528879,0,0
2024/05/24 星期五 00:21:51.925,1716481311925,NH-DC-NM224-J08-ROCE-ST-leaf-4.GPU.S9825,FourHundredGigE1/0/31,0,0,0,0,0,0
2024/05/24 星期五 00:21:52.425,1716481312425,NH-DC-NM224-J08-ROCE-ST-leaf-4.GPU.S9825,FourHundredGigE1/0/31,1563,554742,1737,564486,0,0
2024/05/24 星期五 00:21:52.925,1716481312925,NH-DC-NM224-J08-ROCE-ST-leaf-4.GPU.S9825,FourHundredGigE1/0/31,0,0,0,0,0,0
2024/05/24 星期五 00:21:53.448,1716481313448,NH-DC-NM224-J08-ROCE-ST-leaf-4.GPU.S9825,FourHundredGigE1/0/31,1436,532477,1768,553621,0,0
2024/05/24 星期五 00:21:53.950,1716481313950,NH-DC-NM224-J08-ROCE-ST-leaf-4.GPU.S9825,FourHundredGigE1/0/31,0,0,0,0,0,0
2024/05/24 星期五 00:21:54.450,1716481314450,NH-DC-NM224-J08-ROCE-ST-leaf-4.GPU.S9825,FourHundredGigE1/0/31,2904,904018,2270,867916,0,0
2024/05/24 星期五 00:21:54.951,1716481314951,NH-DC-NM224-J08-ROCE-ST-leaf-4.GPU.S9825,FourHundredGigE1/0/31,0,0,0,0,0,0
2024/05/24 星期五 00:21:55.454,1716481315454,NH-DC-NM224-J08-ROCE-ST-leaf-4.GPU.S9825,FourHundredGigE1/0/31,1253,463806,1545,480352,0,0
2024/05/24 星期五 00:21:55.954,1716481315954,NH-DC-NM224-J08-ROCE-ST-leaf-4.GPU.S9825,FourHundredGigE1/0/31,0,0,0,0,0,0
2024/05/24 星期五 00:21:56.453,1716481316453,NH-DC-NM224-J08-ROCE-ST-leaf-4.GPU.S9825,FourHundredGigE1/0/31,1866,593279,1593,583247,0,0
2024/05/24 星期五 00:21:57.179,1716481317179,NH-DC-NM224-J08-ROCE-ST-leaf-4.GPU.S9825,FourHundredGigE1/0/31,1862,649888,1976,656339,0,0
2024/05/24 星期五 00:21:58.286,1716481318286,NH-DC-NM224-J08-ROCE-ST-leaf-4.GPU.S9825,FourHundredGigE1/0/31,0,0,0,0,0,0
2024/05/24 星期五 00:21:58.789,1716481318789,NH-DC-NM224-J08-ROCE-ST-leaf-4.GPU.S9825,FourHundredGigE1/0/31,1992,652380,1816,642558,0,0
2024/05/24 星期五 00:21:59.312,1716481319312,NH-DC-NM224-J08-ROCE-ST-leaf-4.GPU.S9825,FourHundredGigE1/0/31,1105,410372,1376,424966,0,0
2024/05/24 星期五 00:21:59.813,1716481319813,NH-DC-NM224-J08-ROCE-ST-leaf-4.GPU.S9825,FourHundredGigE1/0/31,0,0,0,0,0,0
2024/05/24 星期五 00:22:00.314,1716481320314,NH-DC-NM224-J08-ROCE-ST-leaf-4.GPU.S9825,FourHundredGigE1/0/31,1762,610570,1847,615591,0,0
2024/05/24 星期五 00:22:00.817,1716481320817,NH-DC-NM224-J08-ROCE-ST-leaf-4.GPU.S9825,FourHundredGigE1/0/31,0,0,0,0,0,0
2024/05/24 星期五 00:22:01.318,1716481321318,NH-DC-NM224-J08-ROCE-ST-leaf-4.GPU.S9825,FourHundredGigE1/0/31,0,0,0,0,0,0
2024/05/24 星期五 00:22:01.821,1716481321821,NH-DC-NM224-J08-ROCE-ST-leaf-4.GPU.S9825,FourHundredGigE1/0/31,1774,643341,2096,660041,0,0
2024/05/24 星期五 00:22:02.326,1716481322326,NH-DC-NM224-J08-ROCE-ST-leaf-4.GPU.S9825,FourHundredGigE1/0/31,0,0,0,0,0,0
2024/05/24 星期五 00:22:02.829,1716481322829,NH-DC-NM224-J08-ROCE-ST-leaf-4.GPU.S9825,FourHundredGigE1/0/31,4018,1250298,3121,1202048,0,0
2024/05/24 星期五 00:22:03.330,1716481323330,NH-DC-NM224-J08-ROCE-ST-leaf-4.GPU.S9825,FourHundredGigE1/0/31,0,0,0,0,0,0
2024/05/24 星期五 00:22:03.833,1716481323833,NH-DC-NM224-J08-ROCE-ST-leaf-4.GPU.S9825,FourHundredGigE1/0/31,0,0,0,0,0,0
2024/05/24 星期五 00:22:04.337,1716481324337,NH-DC-NM224-J08-ROCE-ST-leaf-4.GPU.S9825,FourHundredGigE1/0/31,3496,1176510,3366,1173329,0,0
2024/05/24 星期五 00:22:04.837,1716481324837,NH-DC-NM224-J08-ROCE-ST-leaf-4.GPU.S9825,FourHundredGigE1/0/31,0,0,0,0,0,0
2024/05/24 星期五 00:22:05.337,1716481325337,NH-DC-NM224-J08-ROCE-ST-leaf-4.GPU.S9825,FourHundredGigE1/0/31,0,0,0,0,0,0
2024/05/24 星期五 00:22:05.864,1716481325864,NH-DC-NM224-J08-ROCE-ST-leaf-4.GPU.S9825,FourHundredGigE1/0/31,1374,500382,1633,515535,0,0
2024/05/24 星期五 00:22:06.389,1716481326389,NH-DC-NM224-J08-ROCE-ST-leaf-4.GPU.S9825,FourHundredGigE1/0/31,2178,734600,2145,725746,0,0
2024/05/24 星期五 00:22:06.889,1716481326889,NH-DC-NM224-J08-ROCE-ST-leaf-4.GPU.S9825,FourHundredGigE1/0/31,0,0,0,0,0,0
2024/05/24 星期五 00:22:07.389,1716481327389,NH-DC-NM224-J08-ROCE-ST-leaf-4.GPU.S9825,FourHundredGigE1/0/31,0,0,0,0,0,0
2024/05/24 星期五 00:22:07.909,1716481327909,NH-DC-NM224-J08-ROCE-ST-leaf-4.GPU.S9825,FourHundredGigE1/0/31,1921,659370,1963,661983,0,0
2024/05/24 星期五 00:22:08.414,1716481328414,NH-DC-NM224-J08-ROCE-ST-leaf-4.GPU.S9825,FourHundredGigE1/0/31,0,0,0,0,0,0
2024/05/24 星期五 00:22:08.923,1716481328923,NH-DC-NM224-J08-ROCE-ST-leaf-4.GPU.S9825,FourHundredGigE1/0/31,2394,806300,2316,802160,0,0
2024/05/24 星期五 00:22:09.422,1716481329422,NH-DC-NM224-J08-ROCE-ST-leaf-4.GPU.S9825,FourHundredGigE1/0/31,1967,640396,1729,633470,0,0
2024/05/24 星期五 00:22:10.367,1716481330367,NH-DC-NM224-J08-ROCE-ST-leaf-4.GPU.S9825,FourHundredGigE1/0/31,832,342994,1301,369519,0,0
2024/05/24 星期五 00:22:10.876,1716481330876,NH-DC-NM224-J08-ROCE-ST-leaf-4.GPU.S9825,FourHundredGigE1/0/31,0,0,0,0,0,0
2024/05/24 星期五 00:22:11.377,1716481331377,NH-DC-NM224-J08-ROCE-ST-leaf-4.GPU.S9825,FourHundredGigE1/0/31,0,0,0,0,0,0
2024/05/24 星期五 00:22:11.878,1716481331878,NH-DC-NM224-J08-ROCE-ST-leaf-4.GPU.S9825,FourHundredGigE1/0/31,1584,596312,2043,617039,0,0
2024/05/24 星期五 00:22:12.378,1716481332378,NH-DC-NM224-J08-ROCE-ST-leaf-4.GPU.S9825,FourHundredGigE1/0/31,0,0,0,0,0,0
2024/05/24 星期五 00:22:12.878,1716481332878,NH-DC-NM224-J08-ROCE-ST-leaf-4.GPU.S9825,FourHundredGigE1/0/31,1624,565166,1724,570766,0,0
2024/05/24 星期五 00:22:13.378,1716481333378,NH-DC-NM224-J08-ROCE-ST-leaf-4.GPU.S9825,FourHundredGigE1/0/31,0,0,0,0,0,0
2024/05/24 星期五 00:22:13.878,1716481333878,NH-DC-NM224-J08-ROCE-ST-leaf-4.GPU.S9825,FourHundredGigE1/0/31,0,0,0,0,0,0
2024/05/24 星期五 00:22:14.380,1716481334380,NH-DC-NM224-J08-ROCE-ST-leaf-4.GPU.S9825,FourHundredGigE1/0/31,3595,1185136,3293,1173141,0,0
2024/05/24 星期五 00:22:14.883,1716481334883,NH-DC-NM224-J08-ROCE-ST-leaf-4.GPU.S9825,FourHundredGigE1/0/31,0,0,0,0,0,0
2024/05/24 星期五 00:22:15.399,1716481335399,NH-DC-NM224-J08-ROCE-ST-leaf-4.GPU.S9825,FourHundredGigE1/0/31,1397,499918,1598,511823,0,0
2024/05/24 星期五 00:22:15.888,1716481335888,NH-DC-NM224-J08-ROCE-ST-leaf-4.GPU.S9825,FourHundredGigE1/0/31,0,0,0,0,0,0
2024/05/24 星期五 00:22:16.391,1716481336391,NH-DC-NM224-J08-ROCE-ST-leaf-4.GPU.S9825,FourHundredGigE1/0/31,3480,1084764,2715,1041924,0,0
2024/05/24 星期五 00:22:16.893,1716481336893,NH-DC-NM224-J08-ROCE-ST-leaf-4.GPU.S9825,FourHundredGigE1/0/31,0,0,0,0,0,0
2024/05/24 星期五 00:22:17.393,1716481337393,NH-DC-NM224-J08-ROCE-ST-leaf-4.GPU.S9825,FourHundredGigE1/0/31,0,0,0,0,0,0
2024/05/24 星期五 00:22:17.894,1716481337894,NH-DC-NM224-J08-ROCE-ST-leaf-4.GPU.S9825,FourHundredGigE1/0/31,1701,640006,2159,658543,0,0
2024/05/24 星期五 00:22:18.394,1716481338394,NH-DC-NM224-J08-ROCE-ST-leaf-4.GPU.S9825,FourHundredGigE1/0/31,2442,795410,2175,780686,0,0
2024/05/24 星期五 00:22:18.898,1716481338898,NH-DC-NM224-J08-ROCE-ST-leaf-4.GPU.S9825,FourHundredGigE1/0/31,0,0,0,0,0,0
2024/05/24 星期五 00:22:19.397,1716481339397,NH-DC-NM224-J08-ROCE-ST-leaf-4.GPU.S9825,FourHundredGigE1/0/31,837,323076,1119,345270,0,0
2024/05/24 星期五 00:22:19.896,1716481339896,NH-DC-NM224-J08-ROCE-ST-leaf-4.GPU.S9825,FourHundredGigE1/0/31,0,0,0,0,0,0
2024/05/24 星期五 00:22:20.403,1716481340403,NH-DC-NM224-J08-ROCE-ST-leaf-4.GPU.S9825,FourHundredGigE1/0/31,2165,735630,2146,734827,0,0
2024/05/24 星期五 00:22:20.905,1716481340905,NH-DC-NM224-J08-ROCE-ST-leaf-4.GPU.S9825,FourHundredGigE1/0/31,0,0,0,0,0,0
2024/05/24 星期五 00:22:21.406,1716481341406,NH-DC-NM224-J08-ROCE-ST-leaf-4.GPU.S9825,FourHundredGigE1/0/31,1428,518290,1679,532801,0,0
2024/05/24 星期五 00:22:21.930,1716481341930,NH-DC-NM224-J08-ROCE-ST-leaf-4.GPU.S9825,FourHundredGigE1/0/31,0,0,0,0,0,0
2024/05/24 星期五 00:22:22.429,1716481342429,NH-DC-NM224-J08-ROCE-ST-leaf-4.GPU.S9825,FourHundredGigE1/0/31,1642,552596,1615,551120,0,0
2024/05/24 星期五 00:22:22.930,1716481342930,NH-DC-NM224-J08-ROCE-ST-leaf-4.GPU.S9825,FourHundredGigE1/0/31,0,0,0,0,0,0
2024/05/24 星期五 00:22:23.433,1716481343433,NH-DC-NM224-J08-ROCE-ST-leaf-4.GPU.S9825,FourHundredGigE1/0/31,2752,856970,2164,824127,0,0
2024/05/24 星期五 00:22:23.934,1716481343934,NH-DC-NM224-J08-ROCE-ST-leaf-4.GPU.S9825,FourHundredGigE1/0/31,0,0,0,0,0,0
2024/05/24 星期五 00:22:24.433,1716481344433,NH-DC-NM224-J08-ROCE-ST-leaf-4.GPU.S9825,FourHundredGigE1/0/31,1503,523764,1603,528800,0,0
2024/05/24 星期五 00:22:24.934,1716481344934,NH-DC-NM224-J08-ROCE-ST-leaf-4.GPU.S9825,FourHundredGigE1/0/31,0,0,0,0,0,0
2024/05/24 星期五 00:22:25.434,1716481345434,NH-DC-NM224-J08-ROCE-ST-leaf-4.GPU.S9825,FourHundredGigE1/0/31,1886,637216,1855,635480,0,0
2024/05/24 星期五 00:22:25.935,1716481345935,NH-DC-NM224-J08-ROCE-ST-leaf-4.GPU.S9825,FourHundredGigE1/0/31,0,0,0,0,0,0
2024/05/24 星期五 00:22:26.437,1716481346437,NH-DC-NM224-J08-ROCE-ST-leaf-4.GPU.S9825,FourHundredGigE1/0/31,3300,1008250,2476,960995,0,0
2024/05/24 星期五 00:22:26.938,1716481346938,NH-DC-NM224-J08-ROCE-ST-leaf-4.GPU.S9825,FourHundredGigE1/0/31,0,0,0,0,0,0
2024/05/24 星期五 00:22:27.437,1716481347437,NH-DC-NM224-J08-ROCE-ST-leaf-4.GPU.S9825,FourHundredGigE1/0/31,0,0,0,0,0,0
2024/05/24 星期五 00:22:27.942,1716481347942,NH-DC-NM224-J08-ROCE-ST-leaf-4.GPU.S9825,FourHundredGigE1/0/31,2410,804110,2304,791257,0,0
2024/05/24 星期五 00:22:28.445,1716481348445,NH-DC-NM224-J08-ROCE-ST-leaf-4.GPU.S9825,FourHundredGigE1/0/31,1687,613846,1976,630258,0,0
2024/05/24 星期五 00:22:28.948,1716481348948,NH-DC-NM224-J08-ROCE-ST-leaf-4.GPU.S9825,FourHundredGigE1/0/31,0,0,0,0,0,0
2024/05/24 星期五 00:22:30.910,1716481350910,NH-DC-NM224-J08-ROCE-ST-leaf-4.GPU.S9825,FourHundredGigE1/0/31,3012,1058382,3247,1078011,0,0
2024/05/24 星期五 00:22:31.912,1716481351912,NH-DC-NM224-J08-ROCE-ST-leaf-4.GPU.S9825,FourHundredGigE1/0/31,1624,608148,2059,626561,0,0
2024/05/24 星期五 00:22:32.414,1716481352414,NH-DC-NM224-J08-ROCE-ST-leaf-4.GPU.S9825,FourHundredGigE1/0/31,0,0,0,0,0,0
2024/05/24 星期五 00:22:32.913,1716481352913,NH-DC-NM224-J08-ROCE-ST-leaf-4.GPU.S9825,FourHundredGigE1/0/31,1347,473888,1484,481754,0,0
2024/05/24 星期五 00:22:33.413,1716481353413,NH-DC-NM224-J08-ROCE-ST-leaf-4.GPU.S9825,FourHundredGigE1/0/31,0,0,0,0,0,0
2024/05/24 星期五 00:22:33.931,1716481353931,NH-DC-NM224-J08-ROCE-ST-leaf-4.GPU.S9825,FourHundredGigE1/0/31,2236,723556,1984,709673,0,0
2024/05/24 星期五 00:22:34.434,1716481354434,NH-DC-NM224-J08-ROCE-ST-leaf-4.GPU.S9825,FourHundredGigE1/0/31,2015,644294,1693,631952,0,0
2024/05/24 星期五 00:22:34.933,1716481354933,NH-DC-NM224-J08-ROCE-ST-leaf-4.GPU.S9825,FourHundredGigE1/0/31,0,0,0,0,0,0
2024/05/24 星期五 00:22:35.434,1716481355434,NH-DC-NM224-J08-ROCE-ST-leaf-4.GPU.S9825,FourHundredGigE1/0/31,2413,794304,2208,782814,0,0
2024/05/24 星期五 00:22:35.937,1716481355937,NH-DC-NM224-J08-ROCE-ST-leaf-4.GPU.S9825,FourHundredGigE1/0/31,0,0,0,0,0,0
2024/05/24 星期五 00:22:36.439,1716481356439,NH-DC-NM224-J08-ROCE-ST-leaf-4.GPU.S9825,FourHundredGigE1/0/31,1535,528224,1600,532685,0,0
2024/05/24 星期五 00:22:36.939,1716481356939,NH-DC-NM224-J08-ROCE-ST-leaf-4.GPU.S9825,FourHundredGigE1/0/31,0,0,0,0,0,0
2024/05/24 星期五 00:22:37.442,1716481357442,NH-DC-NM224-J08-ROCE-ST-leaf-4.GPU.S9825,FourHundredGigE1/0/31,0,0,0,0,0,0
2024/05/24 星期五 00:22:37.941,1716481357941,NH-DC-NM224-J08-ROCE-ST-leaf-4.GPU.S9825,FourHundredGigE1/0/31,2848,933312,2581,911249,0,0
2024/05/24 星期五 00:22:38.441,1716481358441,NH-DC-NM224-J08-ROCE-ST-leaf-4.GPU.S9825,FourHundredGigE1/0/31,0,0,0,0,0,0
2024/05/24 星期五 00:22:38.941,1716481358941,NH-DC-NM224-J08-ROCE-ST-leaf-4.GPU.S9825,FourHundredGigE1/0/31,2256,782040,2368,791256,0,0
2024/05/24 星期五 00:22:39.441,1716481359441,NH-DC-NM224-J08-ROCE-ST-leaf-4.GPU.S9825,FourHundredGigE1/0/31,1061,367490,1088,372882,0,0
2024/05/24 星期五 00:22:39.945,1716481359945,NH-DC-NM224-J08-ROCE-ST-leaf-4.GPU.S9825,FourHundredGigE1/0/31,0,0,0,0,0,0
2024/05/24 星期五 00:22:40.446,1716481360446,NH-DC-NM224-J08-ROCE-ST-leaf-4.GPU.S9825,FourHundredGigE1/0/31,2520,816905,2215,804730,0,0
2024/05/24 星期五 00:22:40.975,1716481360975,NH-DC-NM224-J08-ROCE-ST-leaf-4.GPU.S9825,FourHundredGigE1/0/31,0,0,0,0,0,0
2024/05/24 星期五 00:22:41.477,1716481361477,NH-DC-NM224-J08-ROCE-ST-leaf-4.GPU.S9825,FourHundredGigE1/0/31,1557,578520,1915,599217,0,0
2024/05/24 星期五 00:22:41.978,1716481361978,NH-DC-NM224-J08-ROCE-ST-leaf-4.GPU.S9825,FourHundredGigE1/0/31,0,0,0,0,0,0
2024/05/24 星期五 00:22:42.478,1716481362478,NH-DC-NM224-J08-ROCE-ST-leaf-4.GPU.S9825,FourHundredGigE1/0/31,1405,533632,1837,550452,0,0
2024/05/24 星期五 00:22:42.978,1716481362978,NH-DC-NM224-J08-ROCE-ST-leaf-4.GPU.S9825,FourHundredGigE1/0/31,0,0,0,0,0,0
2024/05/24 星期五 00:22:43.481,1716481363481,NH-DC-NM224-J08-ROCE-ST-leaf-4.GPU.S9825,FourHundredGigE1/0/31,0,0,0,0,0,0
2024/05/24 星期五 00:22:43.982,1716481363982,NH-DC-NM224-J08-ROCE-ST-leaf-4.GPU.S9825,FourHundredGigE1/0/31,3398,1089514,2897,1065017,0,0
2024/05/24 星期五 00:22:44.500,1716481364500,NH-DC-NM224-J08-ROCE-ST-leaf-4.GPU.S9825,FourHundredGigE1/0/31,940,308568,846,306602,0,0
2024/05/24 星期五 00:22:45.006,1716481365006,NH-DC-NM224-J08-ROCE-ST-leaf-4.GPU.S9825,FourHundredGigE1/0/31,0,0,0,0,0,0
2024/05/24 星期五 00:22:45.509,1716481365509,NH-DC-NM224-J08-ROCE-ST-leaf-4.GPU.S9825,FourHundredGigE1/0/31,1787,620722,1879,625874,0,0
2024/05/24 星期五 00:22:46.011,1716481366011,NH-DC-NM224-J08-ROCE-ST-leaf-4.GPU.S9825,FourHundredGigE1/0/31,0,0,0,0,0,0
2024/05/24 星期五 00:22:46.514,1716481366514,NH-DC-NM224-J08-ROCE-ST-leaf-4.GPU.S9825,FourHundredGigE1/0/31,1745,603494,1824,608373,0,0
2024/05/24 星期五 00:22:47.017,1716481367017,NH-DC-NM224-J08-ROCE-ST-leaf-4.GPU.S9825,FourHundredGigE1/0/31,0,0,0,0,0,0
2024/05/24 星期五 00:22:47.521,1716481367521,NH-DC-NM224-J08-ROCE-ST-leaf-4.GPU.S9825,FourHundredGigE1/0/31,1569,578302,1919,590791,0,0
2024/05/24 星期五 00:22:48.030,1716481368030,NH-DC-NM224-J08-ROCE-ST-leaf-4.GPU.S9825,FourHundredGigE1/0/31,0,0,0,0,0,0
2024/05/24 星期五 00:22:48.533,1716481368533,NH-DC-NM224-J08-ROCE-ST-leaf-4.GPU.S9825,FourHundredGigE1/0/31,2070,695823,2034,704199,0,0
2024/05/24 星期五 00:22:49.035,1716481369035,NH-DC-NM224-J08-ROCE-ST-leaf-4.GPU.S9825,FourHundredGigE1/0/31,0,0,0,0,0,0
2024/05/24 星期五 00:22:49.537,1716481369537,NH-DC-NM224-J08-ROCE-ST-leaf-4.GPU.S9825,FourHundredGigE1/0/31,1500,531900,1632,545694,0,0
2024/05/24 星期五 00:22:50.039,1716481370039,NH-DC-NM224-J08-ROCE-ST-leaf-4.GPU.S9825,FourHundredGigE1/0/31,0,0,0,0,0,0
2024/05/24 星期五 00:22:50.541,1716481370541,NH-DC-NM224-J08-ROCE-ST-leaf-4.GPU.S9825,FourHundredGigE1/0/31,2384,798339,2274,793604,0,0
2024/05/24 星期五 00:22:51.044,1716481371044,NH-DC-NM224-J08-ROCE-ST-leaf-4.GPU.S9825,FourHundredGigE1/0/31,0,0,0,0,0,0
2024/05/24 星期五 00:22:51.547,1716481371547,NH-DC-NM224-J08-ROCE-ST-leaf-4.GPU.S9825,FourHundredGigE1/0/31,3378,1064630,2728,1028887,0,0
2024/05/24 星期五 00:22:52.049,1716481372049,NH-DC-NM224-J08-ROCE-ST-leaf-4.GPU.S9825,FourHundredGigE1/0/31,0,0,0,0,0,0
2024/05/24 星期五 00:22:52.551,1716481372551,NH-DC-NM224-J08-ROCE-ST-leaf-4.GPU.S9825,FourHundredGigE1/0/31,0,0,0,0,0,0
2024/05/24 星期五 00:22:53.054,1716481373054,NH-DC-NM224-J08-ROCE-ST-leaf-4.GPU.S9825,FourHundredGigE1/0/31,2220,748022,2207,742250,0,0
2024/05/24 星期五 00:22:53.557,1716481373557,NH-DC-NM224-J08-ROCE-ST-leaf-4.GPU.S9825,FourHundredGigE1/0/31,0,0,0,0,0,0
2024/05/24 星期五 00:22:56.469,1716481376469,NH-DC-NM224-J08-ROCE-ST-leaf-4.GPU.S9825,FourHundredGigE1/0/31,6118,2081438,6151,2094437,0,0
2024/05/24 星期五 00:22:57.514,1716481377514,NH-DC-NM224-J08-ROCE-ST-leaf-4.GPU.S9825,FourHundredGigE1/0/31,1515,526220,1611,531857,0,0
2024/05/24 星期五 00:22:58.014,1716481378014,NH-DC-NM224-J08-ROCE-ST-leaf-4.GPU.S9825,FourHundredGigE1/0/31,0,0,0,0,0,0
2024/05/24 星期五 00:22:58.516,1716481378516,NH-DC-NM224-J08-ROCE-ST-leaf-4.GPU.S9825,FourHundredGigE1/0/31,3029,959236,2483,928694,0,0
2024/05/24 星期五 00:22:59.209,1716481379209,NH-DC-NM224-J08-ROCE-ST-leaf-4.GPU.S9825,FourHundredGigE1/0/31,0,0,0,0,0,0
2024/05/24 星期五 00:22:59.723,1716481379723,NH-DC-NM224-J08-ROCE-ST-leaf-4.GPU.S9825,FourHundredGigE1/0/31,1343,480640,1528,490418,0,0
2024/05/24 星期五 00:23:00.227,1716481380227,NH-DC-NM224-J08-ROCE-ST-leaf-4.GPU.S9825,FourHundredGigE1/0/31,0,0,0,0,0,0
2024/05/24 星期五 00:23:00.725,1716481380725,NH-DC-NM224-J08-ROCE-ST-leaf-4.GPU.S9825,FourHundredGigE1/0/31,1952,675952,2030,680387,0,0
2024/05/24 星期五 00:23:01.235,1716481381235,NH-DC-NM224-J08-ROCE-ST-leaf-4.GPU.S9825,FourHundredGigE1/0/31,0,0,0,0,0,0
2024/05/24 星期五 00:23:01.739,1716481381739,NH-DC-NM224-J08-ROCE-ST-leaf-4.GPU.S9825,FourHundredGigE1/0/31,1979,684571,2061,694427,0,0
2024/05/24 星期五 00:23:02.354,1716481382354,NH-DC-NM224-J08-ROCE-ST-leaf-4.GPU.S9825,FourHundredGigE1/0/31,3170,1006092,2607,974758,0,0
2024/05/24 星期五 00:23:02.858,1716481382858,NH-DC-NM224-J08-ROCE-ST-leaf-4.GPU.S9825,FourHundredGigE1/0/31,0,0,0,0,0,0
2024/05/24 星期五 00:23:03.358,1716481383358,NH-DC-NM224-J08-ROCE-ST-leaf-4.GPU.S9825,FourHundredGigE1/0/31,1470,524568,1660,535275,0,0
2024/05/24 星期五 00:23:03.861,1716481383861,NH-DC-NM224-J08-ROCE-ST-leaf-4.GPU.S9825,FourHundredGigE1/0/31,0,0,0,0,0,0
2024/05/24 星期五 00:23:04.366,1716481384366,NH-DC-NM224-J08-ROCE-ST-leaf-4.GPU.S9825,FourHundredGigE1/0/31,1239,439338,1389,447156,0,0
2024/05/24 星期五 00:23:04.870,1716481384870,NH-DC-NM224-J08-ROCE-ST-leaf-4.GPU.S9825,FourHundredGigE1/0/31,0,0,0,0,0,0
2024/05/24 星期五 00:23:05.375,1716481385375,NH-DC-NM224-J08-ROCE-ST-leaf-4.GPU.S9825,FourHundredGigE1/0/31,1488,537840,1725,551112,0,0
2024/05/24 星期五 00:23:05.878,1716481385878,NH-DC-NM224-J08-ROCE-ST-leaf-4.GPU.S9825,FourHundredGigE1/0/31,0,0,0,0,0,0
2024/05/24 星期五 00:23:06.382,1716481386382,NH-DC-NM224-J08-ROCE-ST-leaf-4.GPU.S9825,FourHundredGigE1/0/31,1079,424278,1517,449433,0,0
2024/05/24 星期五 00:23:06.887,1716481386887,NH-DC-NM224-J08-ROCE-ST-leaf-4.GPU.S9825,FourHundredGigE1/0/31,0,0,0,0,0,0
2024/05/24 星期五 00:23:07.389,1716481387389,NH-DC-NM224-J08-ROCE-ST-leaf-4.GPU.S9825,FourHundredGigE1/0/31,0,0,0,0,0,0
2024/05/24 星期五 00:23:07.890,1716481387890,NH-DC-NM224-J08-ROCE-ST-leaf-4.GPU.S9825,FourHundredGigE1/0/31,2231,740212,2114,726743,0,0
2024/05/24 星期五 00:23:08.391,1716481388391,NH-DC-NM224-J08-ROCE-ST-leaf-4.GPU.S9825,FourHundredGigE1/0/31,0,0,0,0,0,0
2024/05/24 星期五 00:23:08.902,1716481388902,NH-DC-NM224-J08-ROCE-ST-leaf-4.GPU.S9825,FourHundredGigE1/0/31,2596,835578,2239,816008,0,0
2024/05/24 星期五 00:23:09.422,1716481389422,NH-DC-NM224-J08-ROCE-ST-leaf-4.GPU.S9825,FourHundredGigE1/0/31,869,330562,1126,351356,0,0
2024/05/24 星期五 00:23:09.925,1716481389925,NH-DC-NM224-J08-ROCE-ST-leaf-4.GPU.S9825,FourHundredGigE1/0/31,0,0,0,0,0,0
2024/05/24 星期五 00:23:10.426,1716481390426,NH-DC-NM224-J08-ROCE-ST-leaf-4.GPU.S9825,FourHundredGigE1/0/31,1750,622154,1941,632917,0,0
2024/05/24 星期五 00:23:10.925,1716481390925,NH-DC-NM224-J08-ROCE-ST-leaf-4.GPU.S9825,FourHundredGigE1/0/31,0,0,0,0,0,0
2024/05/24 星期五 00:23:11.425,1716481391425,NH-DC-NM224-J08-ROCE-ST-leaf-4.GPU.S9825,FourHundredGigE1/0/31,1811,621198,1852,623755,0,0
2024/05/24 星期五 00:23:11.929,1716481391929,NH-DC-NM224-J08-ROCE-ST-leaf-4.GPU.S9825,FourHundredGigE1/0/31,0,0,0,0,0,0
2024/05/24 星期五 00:23:12.429,1716481392429,NH-DC-NM224-J08-ROCE-ST-leaf-4.GPU.S9825,FourHundredGigE1/0/31,0,0,0,0,0,0
2024/05/24 星期五 00:23:12.929,1716481392929,NH-DC-NM224-J08-ROCE-ST-leaf-4.GPU.S9825,FourHundredGigE1/0/31,2832,932910,2613,914826,0,0
2024/05/24 星期五 00:23:13.430,1716481393430,NH-DC-NM224-J08-ROCE-ST-leaf-4.GPU.S9825,FourHundredGigE1/0/31,0,0,0,0,0,0
2024/05/24 星期五 00:23:13.932,1716481393932,NH-DC-NM224-J08-ROCE-ST-leaf-4.GPU.S9825,FourHundredGigE1/0/31,4280,1332884,3330,1281885,0,0
2024/05/24 星期五 00:23:14.434,1716481394434,NH-DC-NM224-J08-ROCE-ST-leaf-4.GPU.S9825,FourHundredGigE1/0/31,973,318308,869,315976,0,0
2024/05/24 星期五 00:23:14.934,1716481394934,NH-DC-NM224-J08-ROCE-ST-leaf-4.GPU.S9825,FourHundredGigE1/0/31,0,0,0,0,0,0
2024/05/24 星期五 00:23:15.434,1716481395434,NH-DC-NM224-J08-ROCE-ST-leaf-4.GPU.S9825,FourHundredGigE1/0/31,1263,480564,1644,501900,0,0
2024/05/24 星期五 00:23:15.933,1716481395933,NH-DC-NM224-J08-ROCE-ST-leaf-4.GPU.S9825,FourHundredGigE1/0/31,0,0,0,0,0,0
2024/05/24 星期五 00:23:16.439,1716481396439,NH-DC-NM224-J08-ROCE-ST-leaf-4.GPU.S9825,FourHundredGigE1/0/31,2505,815114,2220,799415,0,0
2024/05/24 星期五 00:23:16.941,1716481396941,NH-DC-NM224-J08-ROCE-ST-leaf-4.GPU.S9825,FourHundredGigE1/0/31,0,0,0,0,0,0
2024/05/24 星期五 00:23:17.442,1716481397442,NH-DC-NM224-J08-ROCE-ST-leaf-4.GPU.S9825,FourHundredGigE1/0/31,0,0,0,0,0,0
2024/05/24 星期五 00:23:17.941,1716481397941,NH-DC-NM224-J08-ROCE-ST-leaf-4.GPU.S9825,FourHundredGigE1/0/31,1951,696062,2199,703033,0,0
2024/05/24 星期五 00:23:18.445,1716481398445,NH-DC-NM224-J08-ROCE-ST-leaf-4.GPU.S9825,FourHundredGigE1/0/31,3428,1084518,2791,1049074,0,0
2024/05/24 星期五 00:23:18.944,1716481398944,NH-DC-NM224-J08-ROCE-ST-leaf-4.GPU.S9825,FourHundredGigE1/0/31,0,0,0,0,0,0
2024/05/24 星期五 00:23:19.447,1716481399447,NH-DC-NM224-J08-ROCE-ST-leaf-4.GPU.S9825,FourHundredGigE1/0/31,1204,430360,1348,445020,0,0
2024/05/24 星期五 00:23:19.946,1716481399946,NH-DC-NM224-J08-ROCE-ST-leaf-4.GPU.S9825,FourHundredGigE1/0/31,0,0,0,0,0,0
2024/05/24 星期五 00:23:20.449,1716481400449,NH-DC-NM224-J08-ROCE-ST-leaf-4.GPU.S9825,FourHundredGigE1/0/31,1218,448260,1486,463335,0,0
2024/05/24 星期五 00:23:20.949,1716481400949,NH-DC-NM224-J08-ROCE-ST-leaf-4.GPU.S9825,FourHundredGigE1/0/31,0,0,0,0,0,0
2024/05/24 星期五 00:23:21.452,1716481401452,NH-DC-NM224-J08-ROCE-ST-leaf-4.GPU.S9825,FourHundredGigE1/0/31,1416,558344,1968,589517,0,0
2024/05/24 星期五 00:23:21.953,1716481401953,NH-DC-NM224-J08-ROCE-ST-leaf-4.GPU.S9825,FourHundredGigE1/0/31,0,0,0,0,0,0
2024/05/24 星期五 00:23:22.462,1716481402462,NH-DC-NM224-J08-ROCE-ST-leaf-4.GPU.S9825,FourHundredGigE1/0/31,1642,543414,1554,538874,0,0
2024/05/24 星期五 00:23:22.965,1716481402965,NH-DC-NM224-J08-ROCE-ST-leaf-4.GPU.S9825,FourHundredGigE1/0/31,0,0,0,0,0,0
2024/05/24 星期五 00:23:23.467,1716481403467,NH-DC-NM224-J08-ROCE-ST-leaf-4.GPU.S9825,FourHundredGigE1/0/31,2394,767718,2047,748353,0,0
2024/05/24 星期五 00:23:23.970,1716481403970,NH-DC-NM224-J08-ROCE-ST-leaf-4.GPU.S9825,FourHundredGigE1/0/31,0,0,0,0,0,0
2024/05/24 星期五 00:23:24.474,1716481404474,NH-DC-NM224-J08-ROCE-ST-leaf-4.GPU.S9825,FourHundredGigE1/0/31,1122,445050,1590,470676,0,0
2024/05/24 星期五 00:23:24.975,1716481404975,NH-DC-NM224-J08-ROCE-ST-leaf-4.GPU.S9825,FourHundredGigE1/0/31,0,0,0,0,0,0
2024/05/24 星期五 00:23:25.478,1716481405478,NH-DC-NM224-J08-ROCE-ST-leaf-4.GPU.S9825,FourHundredGigE1/0/31,2076,664938,1782,648474,0,0
2024/05/24 星期五 00:23:25.981,1716481405981,NH-DC-NM224-J08-ROCE-ST-leaf-4.GPU.S9825,FourHundredGigE1/0/31,0,0,0,0,0,0
2024/05/24 星期五 00:23:26.485,1716481406485,NH-DC-NM224-J08-ROCE-ST-leaf-4.GPU.S9825,FourHundredGigE1/0/31,1540,543826,1697,552879,0,0
2024/05/24 星期五 00:23:26.985,1716481406985,NH-DC-NM224-J08-ROCE-ST-leaf-4.GPU.S9825,FourHundredGigE1/0/31,0,0,0,0,0,0
2024/05/24 星期五 00:23:27.487,1716481407487,NH-DC-NM224-J08-ROCE-ST-leaf-4.GPU.S9825,FourHundredGigE1/0/31,2619,870126,2467,854697,0,0
2024/05/24 星期五 00:23:27.990,1716481407990,NH-DC-NM224-J08-ROCE-ST-leaf-4.GPU.S9825,FourHundredGigE1/0/31,0,0,0,0,0,0
2024/05/24 星期五 00:23:28.489,1716481408489,NH-DC-NM224-J08-ROCE-ST-leaf-4.GPU.S9825,FourHundredGigE1/0/31,2268,746246,2079,735890,0,0
2024/05/24 星期五 00:23:29.002,1716481409002,NH-DC-NM224-J08-ROCE-ST-leaf-4.GPU.S9825,FourHundredGigE1/0/31,0,0,0,0,0,0
2024/05/24 星期五 00:23:29.503,1716481409503,NH-DC-NM224-J08-ROCE-ST-leaf-4.GPU.S9825,FourHundredGigE1/0/31,839,332832,1185,358804,0,0
2024/05/24 星期五 00:23:30.007,1716481410007,NH-DC-NM224-J08-ROCE-ST-leaf-4.GPU.S9825,FourHundredGigE1/0/31,0,0,0,0,0,0
2024/05/24 星期五 00:23:30.507,1716481410507,NH-DC-NM224-J08-ROCE-ST-leaf-4.GPU.S9825,FourHundredGigE1/0/31,1756,615920,1890,623491,0,0
2024/05/24 星期五 00:23:31.010,1716481411010,NH-DC-NM224-J08-ROCE-ST-leaf-4.GPU.S9825,FourHundredGigE1/0/31,0,0,0,0,0,0
2024/05/24 星期五 00:23:31.511,1716481411511,NH-DC-NM224-J08-ROCE-ST-leaf-4.GPU.S9825,FourHundredGigE1/0/31,1928,649650,1885,647503,0,0
2024/05/24 星期五 00:23:32.013,1716481412013,NH-DC-NM224-J08-ROCE-ST-leaf-4.GPU.S9825,FourHundredGigE1/0/31,0,0,0,0,0,0
2024/05/24 星期五 00:23:32.623,1716481412623,NH-DC-NM224-J08-ROCE-ST-leaf-4.GPU.S9825,FourHundredGigE1/0/31,1335,510454,1753,534250,0,0
2024/05/24 星期五 00:23:33.124,1716481413124,NH-DC-NM224-J08-ROCE-ST-leaf-4.GPU.S9825,FourHundredGigE1/0/31,0,0,0,0,0,0
2024/05/24 星期五 00:23:33.626,1716481413626,NH-DC-NM224-J08-ROCE-ST-leaf-4.GPU.S9825,FourHundredGigE1/0/31,3057,957708,2431,922719,0,0
2024/05/24 星期五 00:23:34.621,1716481414621,NH-DC-NM224-J08-ROCE-ST-leaf-4.GPU.S9825,FourHundredGigE1/0/31,2337,749610,1995,729876,0,0
2024/05/24 星期五 00:23:35.122,1716481415122,NH-DC-NM224-J08-ROCE-ST-leaf-4.GPU.S9825,FourHundredGigE1/0/31,0,0,0,0,0,0
2024/05/24 星期五 00:23:35.626,1716481415626,NH-DC-NM224-J08-ROCE-ST-leaf-4.GPU.S9825,FourHundredGigE1/0/31,1817,628266,1911,633506,0,0
2024/05/24 星期五 00:23:36.126,1716481416126,NH-DC-NM224-J08-ROCE-ST-leaf-4.GPU.S9825,FourHundredGigE1/0/31,0,0,0,0,0,0
2024/05/24 星期五 00:23:36.625,1716481416625,NH-DC-NM224-J08-ROCE-ST-leaf-4.GPU.S9825,FourHundredGigE1/0/31,1835,635714,1934,641931,0,0
2024/05/24 星期五 00:23:37.125,1716481417125,NH-DC-NM224-J08-ROCE-ST-leaf-4.GPU.S9825,FourHundredGigE1/0/31,0,0,0,0,0,0
2024/05/24 星期五 00:23:37.625,1716481417625,NH-DC-NM224-J08-ROCE-ST-leaf-4.GPU.S9825,FourHundredGigE1/0/31,1573,555318,1732,564677,0,0
2024/05/24 星期五 00:23:38.126,1716481418126,NH-DC-NM224-J08-ROCE-ST-leaf-4.GPU.S9825,FourHundredGigE1/0/31,0,0,0,0,0,0
2024/05/24 星期五 00:23:38.625,1716481418625,NH-DC-NM224-J08-ROCE-ST-leaf-4.GPU.S9825,FourHundredGigE1/0/31,2786,899170,2405,877860,0,0
2024/05/24 星期五 00:23:39.125,1716481419125,NH-DC-NM224-J08-ROCE-ST-leaf-4.GPU.S9825,FourHundredGigE1/0/31,0,0,0,0,0,0
2024/05/24 星期五 00:23:39.627,1716481419627,NH-DC-NM224-J08-ROCE-ST-leaf-4.GPU.S9825,FourHundredGigE1/0/31,3162,985494,2472,946280,0,0
2024/05/24 星期五 00:23:40.125,1716481420125,NH-DC-NM224-J08-ROCE-ST-leaf-4.GPU.S9825,FourHundredGigE1/0/31,0,0,0,0,0,0
2024/05/24 星期五 00:23:40.629,1716481420629,NH-DC-NM224-J08-ROCE-ST-leaf-4.GPU.S9825,FourHundredGigE1/0/31,2050,715687,2172,727424,0,0
2024/05/24 星期五 00:23:41.139,1716481421139,NH-DC-NM224-J08-ROCE-ST-leaf-4.GPU.S9825,FourHundredGigE1/0/31,0,0,0,0,0,0
2024/05/24 星期五 00:23:41.639,1716481421639,NH-DC-NM224-J08-ROCE-ST-leaf-4.GPU.S9825,FourHundredGigE1/0/31,1434,527816,1734,544877,0,0
2024/05/24 星期五 00:23:42.143,1716481422143,NH-DC-NM224-J08-ROCE-ST-leaf-4.GPU.S9825,FourHundredGigE1/0/31,0,0,0,0,0,0
2024/05/24 星期五 00:23:42.649,1716481422649,NH-DC-NM224-J08-ROCE-ST-leaf-4.GPU.S9825,FourHundredGigE1/0/31,2252,745766,2096,737418,0,0
2024/05/24 星期五 00:23:43.152,1716481423152,NH-DC-NM224-J08-ROCE-ST-leaf-4.GPU.S9825,FourHundredGigE1/0/31,0,0,0,0,0,0
2024/05/24 星期五 00:23:43.655,1716481423655,NH-DC-NM224-J08-ROCE-ST-leaf-4.GPU.S9825,FourHundredGigE1/0/31,2103,716382,2098,716169,0,0
2024/05/24 星期五 00:23:44.154,1716481424154,NH-DC-NM224-J08-ROCE-ST-leaf-4.GPU.S9825,FourHundredGigE1/0/31,0,0,0,0,0,0
2024/05/24 星期五 00:23:44.657,1716481424657,NH-DC-NM224-J08-ROCE-ST-leaf-4.GPU.S9825,FourHundredGigE1/0/31,1339,478664,1520,488218,0,0
2024/05/24 星期五 00:23:45.157,1716481425157,NH-DC-NM224-J08-ROCE-ST-leaf-4.GPU.S9825,FourHundredGigE1/0/31,0,0,0,0,0,0
2024/05/24 星期五 00:23:45.657,1716481425657,NH-DC-NM224-J08-ROCE-ST-leaf-4.GPU.S9825,FourHundredGigE1/0/31,1888,634700,1835,631732,0,0
2024/05/24 星期五 00:23:46.157,1716481426157,NH-DC-NM224-J08-ROCE-ST-leaf-4.GPU.S9825,FourHundredGigE1/0/31,0,0,0,0,0,0
2024/05/24 星期五 00:23:46.659,1716481426659,NH-DC-NM224-J08-ROCE-ST-leaf-4.GPU.S9825,FourHundredGigE1/0/31,2674,866188,2336,847521,0,0
2024/05/24 星期五 00:23:47.157,1716481427157,NH-DC-NM224-J08-ROCE-ST-leaf-4.GPU.S9825,FourHundredGigE1/0/31,0,0,0,0,0,0
2024/05/24 星期五 00:23:47.660,1716481427660,NH-DC-NM224-J08-ROCE-ST-leaf-4.GPU.S9825,FourHundredGigE1/0/31,1285,531744,1969,570503,0,0
2024/05/24 星期五 00:23:48.179,1716481428179,NH-DC-NM224-J08-ROCE-ST-leaf-4.GPU.S9825,FourHundredGigE1/0/31,0,0,0,0,0,0
2024/05/24 星期五 00:23:48.676,1716481428676,NH-DC-NM224-J08-ROCE-ST-leaf-4.GPU.S9825,FourHundredGigE1/0/31,1687,657050,2048,627427,0,0
2024/05/24 星期五 00:23:49.173,1716481429173,NH-DC-NM224-J08-ROCE-ST-leaf-4.GPU.S9825,FourHundredGigE1/0/31,0,0,0,0,0,0
2024/05/24 星期五 00:23:49.672,1716481429672,NH-DC-NM224-J08-ROCE-ST-leaf-4.GPU.S9825,FourHundredGigE1/0/31,1936,630402,1742,618980,0,0
2024/05/24 星期五 00:23:50.173,1716481430173,NH-DC-NM224-J08-ROCE-ST-leaf-4.GPU.S9825,FourHundredGigE1/0/31,0,0,0,0,0,0
2024/05/24 星期五 00:23:50.677,1716481430677,NH-DC-NM224-J08-ROCE-ST-leaf-4.GPU.S9825,FourHundredGigE1/0/31,1465,533569,1732,549946,0,0
2024/05/24 星期五 00:23:51.177,1716481431177,NH-DC-NM224-J08-ROCE-ST-leaf-4.GPU.S9825,FourHundredGigE1/0/31,0,0,0,0,0,0
2024/05/24 星期五 00:23:51.681,1716481431681,NH-DC-NM224-J08-ROCE-ST-leaf-4.GPU.S9825,FourHundredGigE1/0/31,1807,607834,1766,605799,0,0
2024/05/24 星期五 00:23:52.184,1716481432184,NH-DC-NM224-J08-ROCE-ST-leaf-4.GPU.S9825,FourHundredGigE1/0/31,0,0,0,0,0,0
2024/05/24 星期五 00:23:52.685,1716481432685,NH-DC-NM224-J08-ROCE-ST-leaf-4.GPU.S9825,FourHundredGigE1/0/31,2588,826340,2183,804048,0,0
2024/05/24 星期五 00:23:53.185,1716481433185,NH-DC-NM224-J08-ROCE-ST-leaf-4.GPU.S9825,FourHundredGigE1/0/31,0,0,0,0,0,0
2024/05/24 星期五 00:23:53.696,1716481433696,NH-DC-NM224-J08-ROCE-ST-leaf-4.GPU.S9825,FourHundredGigE1/0/31,2260,739805,2048,730485,0,0
2024/05/24 星期五 00:23:54.197,1716481434197,NH-DC-NM224-J08-ROCE-ST-leaf-4.GPU.S9825,FourHundredGigE1/0/31,0,0,0,0,0,0
2024/05/24 星期五 00:23:54.698,1716481434698,NH-DC-NM224-J08-ROCE-ST-leaf-4.GPU.S9825,FourHundredGigE1/0/31,1817,596990,1671,588216,0,0
2024/05/24 星期五 00:23:55.198,1716481435198,NH-DC-NM224-J08-ROCE-ST-leaf-4.GPU.S9825,FourHundredGigE1/0/31,0,0,0,0,0,0
2024/05/24 星期五 00:23:55.698,1716481435698,NH-DC-NM224-J08-ROCE-ST-leaf-4.GPU.S9825,FourHundredGigE1/0/31,2469,807396,2214,793116,0,0
2024/05/24 星期五 00:23:56.203,1716481436203,NH-DC-NM224-J08-ROCE-ST-leaf-4.GPU.S9825,FourHundredGigE1/0/31,0,0,0,0,0,0
2024/05/24 星期五 00:23:56.711,1716481436711,NH-DC-NM224-J08-ROCE-ST-leaf-4.GPU.S9825,FourHundredGigE1/0/31,2928,936551,2470,915779,0,0
2024/05/24 星期五 00:23:57.731,1716481437731,NH-DC-NM224-J08-ROCE-ST-leaf-4.GPU.S9825,FourHundredGigE1/0/31,1787,597962,1728,595113,0,0
2024/05/24 星期五 00:23:58.235,1716481438235,NH-DC-NM224-J08-ROCE-ST-leaf-4.GPU.S9825,FourHundredGigE1/0/31,0,0,0,0,0,0
2024/05/24 星期五 00:23:58.734,1716481438734,NH-DC-NM224-J08-ROCE-ST-leaf-4.GPU.S9825,FourHundredGigE1/0/31,2749,897106,2444,880246,0,0
2024/05/24 星期五 00:23:59.233,1716481439233,NH-DC-NM224-J08-ROCE-ST-leaf-4.GPU.S9825,FourHundredGigE1/0/31,1916,651604,1909,650638,0,0
2024/05/24 星期五 00:23:59.734,1716481439734,NH-DC-NM224-J08-ROCE-ST-leaf-4.GPU.S9825,FourHundredGigE1/0/31,0,0,0,0,0,0
2024/05/24 星期五 00:24:00.237,1716481440237,NH-DC-NM224-J08-ROCE-ST-leaf-4.GPU.S9825,FourHundredGigE1/0/31,685,0,1293,0,0,0
2024/05/24 星期五 00:24:00.737,1716481440737,NH-DC-NM224-J08-ROCE-ST-leaf-4.GPU.S9825,FourHundredGigE1/0/31,0,312416,0,346531,0,0
2024/05/24 星期五 00:24:01.241,1716481441241,NH-DC-NM224-J08-ROCE-ST-leaf-4.GPU.S9825,FourHundredGigE1/0/31,0,0,0,0,0,0
2024/05/24 星期五 00:24:01.741,1716481441741,NH-DC-NM224-J08-ROCE-ST-leaf-4.GPU.S9825,FourHundredGigE1/0/31,1804,628335,1916,639677,0,0
2024/05/24 星期五 00:24:02.242,1716481442242,NH-DC-NM224-J08-ROCE-ST-leaf-4.GPU.S9825,FourHundredGigE1/0/31,0,0,0,0,0,0
2024/05/24 星期五 00:24:02.737,1716481442737,NH-DC-NM224-J08-ROCE-ST-leaf-4.GPU.S9825,FourHundredGigE1/0/31,2042,698082,2058,699172,0,0
2024/05/24 星期五 00:24:03.239,1716481443239,NH-DC-NM224-J08-ROCE-ST-leaf-4.GPU.S9825,FourHundredGigE1/0/31,0,0,0,0,0,0
2024/05/24 星期五 00:24:03.746,1716481443746,NH-DC-NM224-J08-ROCE-ST-leaf-4.GPU.S9825,FourHundredGigE1/0/31,1450,536596,1772,554889,0,0
2024/05/24 星期五 00:24:04.250,1716481444250,NH-DC-NM224-J08-ROCE-ST-leaf-4.GPU.S9825,FourHundredGigE1/0/31,0,0,0,0,0,0
2024/05/24 星期五 00:24:04.767,1716481444767,NH-DC-NM224-J08-ROCE-ST-leaf-4.GPU.S9825,FourHundredGigE1/0/31,498,221328,921,244434,0,0
2024/05/24 星期五 00:24:05.269,1716481445269,NH-DC-NM224-J08-ROCE-ST-leaf-4.GPU.S9825,FourHundredGigE1/0/31,0,0,0,0,0,0
2024/05/24 星期五 00:24:05.770,1716481445770,NH-DC-NM224-J08-ROCE-ST-leaf-4.GPU.S9825,FourHundredGigE1/0/31,2960,957970,2566,935906,0,0
2024/05/24 星期五 00:24:06.269,1716481446269,NH-DC-NM224-J08-ROCE-ST-leaf-4.GPU.S9825,FourHundredGigE1/0/31,0,0,0,0,0,0
2024/05/24 星期五 00:24:06.769,1716481446769,NH-DC-NM224-J08-ROCE-ST-leaf-4.GPU.S9825,FourHundredGigE1/0/31,1616,569974,1770,579031,0,0
2024/05/24 星期五 00:24:07.269,1716481447269,NH-DC-NM224-J08-ROCE-ST-leaf-4.GPU.S9825,FourHundredGigE1/0/31,0,0,0,0,0,0
2024/05/24 星期五 00:24:07.770,1716481447770,NH-DC-NM224-J08-ROCE-ST-leaf-4.GPU.S9825,FourHundredGigE1/0/31,2455,805752,2227,793439,0,0
2024/05/24 星期五 00:24:08.270,1716481448270,NH-DC-NM224-J08-ROCE-ST-leaf-4.GPU.S9825,FourHundredGigE1/0/31,0,0,0,0,0,0
2024/05/24 星期五 00:24:08.773,1716481448773,NH-DC-NM224-J08-ROCE-ST-leaf-4.GPU.S9825,FourHundredGigE1/0/31,892,374386,1433,404902,0,0
2024/05/24 星期五 00:24:09.277,1716481449277,NH-DC-NM224-J08-ROCE-ST-leaf-4.GPU.S9825,FourHundredGigE1/0/31,1423,513620,1646,525534,0,0
2024/05/24 星期五 00:24:09.778,1716481449778,NH-DC-NM224-J08-ROCE-ST-leaf-4.GPU.S9825,FourHundredGigE1/0/31,0,0,0,0,0,0
2024/05/24 星期五 00:24:10.277,1716481450277,NH-DC-NM224-J08-ROCE-ST-leaf-4.GPU.S9825,FourHundredGigE1/0/31,3417,1101384,2917,1073451,0,0
2024/05/24 星期五 00:24:10.778,1716481450778,NH-DC-NM224-J08-ROCE-ST-leaf-4.GPU.S9825,FourHundredGigE1/0/31,0,0,0,0,0,0
2024/05/24 星期五 00:24:11.279,1716481451279,NH-DC-NM224-J08-ROCE-ST-leaf-4.GPU.S9825,FourHundredGigE1/0/31,0,0,0,0,0,0
2024/05/24 星期五 00:24:11.781,1716481451781,NH-DC-NM224-J08-ROCE-ST-leaf-4.GPU.S9825,FourHundredGigE1/0/31,1206,441456,1456,455523,0,0
2024/05/24 星期五 00:24:12.282,1716481452282,NH-DC-NM224-J08-ROCE-ST-leaf-4.GPU.S9825,FourHundredGigE1/0/31,0,0,0,0,0,0
2024/05/24 星期五 00:24:12.781,1716481452781,NH-DC-NM224-J08-ROCE-ST-leaf-4.GPU.S9825,FourHundredGigE1/0/31,2049,692788,2014,691216,0,0
2024/05/24 星期五 00:24:13.282,1716481453282,NH-DC-NM224-J08-ROCE-ST-leaf-4.GPU.S9825,FourHundredGigE1/0/31,1371,493628,1587,505985,0,0
2024/05/24 星期五 00:24:13.810,1716481453810,NH-DC-NM224-J08-ROCE-ST-leaf-4.GPU.S9825,FourHundredGigE1/0/31,0,0,0,0,0,0
2024/05/24 星期五 00:24:14.313,1716481454313,NH-DC-NM224-J08-ROCE-ST-leaf-4.GPU.S9825,FourHundredGigE1/0/31,837,388794,1599,430884,0,0
2024/05/24 星期五 00:24:15.301,1716481455301,NH-DC-NM224-J08-ROCE-ST-leaf-4.GPU.S9825,FourHundredGigE1/0/31,1712,593308,1795,597956,0,0
2024/05/24 星期五 00:24:15.802,1716481455802,NH-DC-NM224-J08-ROCE-ST-leaf-4.GPU.S9825,FourHundredGigE1/0/31,0,0,0,0,0,0
2024/05/24 星期五 00:24:16.306,1716481456306,NH-DC-NM224-J08-ROCE-ST-leaf-4.GPU.S9825,FourHundredGigE1/0/31,2265,0,2115,0,0,0
2024/05/24 星期五 00:24:16.808,1716481456808,NH-DC-NM224-J08-ROCE-ST-leaf-4.GPU.S9825,FourHundredGigE1/0/31,0,751334,0,743001,0,0
2024/05/24 星期五 00:24:17.314,1716481457314,NH-DC-NM224-J08-ROCE-ST-leaf-4.GPU.S9825,FourHundredGigE1/0/31,1471,0,1684,0,0,0
2024/05/24 星期五 00:24:17.817,1716481457817,NH-DC-NM224-J08-ROCE-ST-leaf-4.GPU.S9825,FourHundredGigE1/0/31,0,527706,0,540089,0,0
2024/05/24 星期五 00:24:18.328,1716481458328,NH-DC-NM224-J08-ROCE-ST-leaf-4.GPU.S9825,FourHundredGigE1/0/31,2306,760170,2119,749918,0,0
2024/05/24 星期五 00:24:18.829,1716481458829,NH-DC-NM224-J08-ROCE-ST-leaf-4.GPU.S9825,FourHundredGigE1/0/31,0,0,0,0,0,0
2024/05/24 星期五 00:24:19.330,1716481459330,NH-DC-NM224-J08-ROCE-ST-leaf-4.GPU.S9825,FourHundredGigE1/0/31,1787,595324,1702,589990,0,0
2024/05/24 星期五 00:24:19.830,1716481459830,NH-DC-NM224-J08-ROCE-ST-leaf-4.GPU.S9825,FourHundredGigE1/0/31,0,0,0,0,0,0
2024/05/24 星期五 00:24:20.329,1716481460329,NH-DC-NM224-J08-ROCE-ST-leaf-4.GPU.S9825,FourHundredGigE1/0/31,2482,802868,2166,785239,0,0
2024/05/24 星期五 00:24:20.830,1716481460830,NH-DC-NM224-J08-ROCE-ST-leaf-4.GPU.S9825,FourHundredGigE1/0/31,0,0,0,0,0,0
2024/05/24 星期五 00:24:21.340,1716481461340,NH-DC-NM224-J08-ROCE-ST-leaf-4.GPU.S9825,FourHundredGigE1/0/31,0,0,0,0,0,0
2024/05/24 星期五 00:24:21.842,1716481461842,NH-DC-NM224-J08-ROCE-ST-leaf-4.GPU.S9825,FourHundredGigE1/0/31,2349,764388,2128,746259,0,0
2024/05/24 星期五 00:24:22.341,1716481462341,NH-DC-NM224-J08-ROCE-ST-leaf-4.GPU.S9825,FourHundredGigE1/0/31,0,0,0,0,0,0
2024/05/24 星期五 00:24:23.357,1716481463357,NH-DC-NM224-J08-ROCE-ST-leaf-4.GPU.S9825,FourHundredGigE1/0/31,3433,1083972,2796,1050434,0,0
2024/05/24 星期五 00:24:23.853,1716481463853,NH-DC-NM224-J08-ROCE-ST-leaf-4.GPU.S9825,FourHundredGigE1/0/31,0,0,0,0,0,0
2024/05/24 星期五 00:24:24.354,1716481464354,NH-DC-NM224-J08-ROCE-ST-leaf-4.GPU.S9825,FourHundredGigE1/0/31,2313,848744,2751,877025,0,0
2024/05/24 星期五 00:24:24.855,1716481464855,NH-DC-NM224-J08-ROCE-ST-leaf-4.GPU.S9825,FourHundredGigE1/0/31,0,0,0,0,0,0
2024/05/24 星期五 00:24:25.357,1716481465357,NH-DC-NM224-J08-ROCE-ST-leaf-4.GPU.S9825,FourHundredGigE1/0/31,0,0,0,0,0,0
2024/05/24 星期五 00:24:25.861,1716481465861,NH-DC-NM224-J08-ROCE-ST-leaf-4.GPU.S9825,FourHundredGigE1/0/31,1600,572168,1812,584689,0,0
2024/05/24 星期五 00:24:26.362,1716481466362,NH-DC-NM224-J08-ROCE-ST-leaf-4.GPU.S9825,FourHundredGigE1/0/31,2130,694680,1911,682416,0,0
2024/05/24 星期五 00:24:26.861,1716481466861,NH-DC-NM224-J08-ROCE-ST-leaf-4.GPU.S9825,FourHundredGigE1/0/31,0,0,0,0,0,0
2024/05/24 星期五 00:24:27.371,1716481467371,NH-DC-NM224-J08-ROCE-ST-leaf-4.GPU.S9825,FourHundredGigE1/0/31,0,0,0,0,0,0
2024/05/24 星期五 00:24:27.874,1716481467874,NH-DC-NM224-J08-ROCE-ST-leaf-4.GPU.S9825,FourHundredGigE1/0/31,1513,548878,1793,557253,0,0
2024/05/24 星期五 00:24:28.383,1716481468383,NH-DC-NM224-J08-ROCE-ST-leaf-4.GPU.S9825,FourHundredGigE1/0/31,0,0,0,0,0,0
2024/05/24 星期五 00:24:28.883,1716481468883,NH-DC-NM224-J08-ROCE-ST-leaf-4.GPU.S9825,FourHundredGigE1/0/31,2178,731124,2098,726678,0,0
2024/05/24 星期五 00:24:29.386,1716481469386,NH-DC-NM224-J08-ROCE-ST-leaf-4.GPU.S9825,FourHundredGigE1/0/31,1115,419252,1397,441834,0,0
2024/05/24 星期五 00:24:29.896,1716481469896,NH-DC-NM224-J08-ROCE-ST-leaf-4.GPU.S9825,FourHundredGigE1/0/31,0,0,0,0,0,0
2024/05/24 星期五 00:24:30.398,1716481470398,NH-DC-NM224-J08-ROCE-ST-leaf-4.GPU.S9825,FourHundredGigE1/0/31,1374,497730,1609,510957,0,0
2024/05/24 星期五 00:24:30.901,1716481470901,NH-DC-NM224-J08-ROCE-ST-leaf-4.GPU.S9825,FourHundredGigE1/0/31,0,0,0,0,0,0
2024/05/24 星期五 00:24:31.406,1716481471406,NH-DC-NM224-J08-ROCE-ST-leaf-4.GPU.S9825,FourHundredGigE1/0/31,0,0,0,0,0,0
2024/05/24 星期五 00:24:31.906,1716481471906,NH-DC-NM224-J08-ROCE-ST-leaf-4.GPU.S9825,FourHundredGigE1/0/31,3273,1083328,3038,1064803,0,0
2024/05/24 星期五 00:24:32.407,1716481472407,NH-DC-NM224-J08-ROCE-ST-leaf-4.GPU.S9825,FourHundredGigE1/0/31,0,0,0,0,0,0
2024/05/24 星期五 00:24:32.905,1716481472905,NH-DC-NM224-J08-ROCE-ST-leaf-4.GPU.S9825,FourHundredGigE1/0/31,1873,670254,2109,684440,0,0
2024/05/24 星期五 00:24:33.405,1716481473405,NH-DC-NM224-J08-ROCE-ST-leaf-4.GPU.S9825,FourHundredGigE1/0/31,0,0,0,0,0,0
2024/05/24 星期五 00:24:33.905,1716481473905,NH-DC-NM224-J08-ROCE-ST-leaf-4.GPU.S9825,FourHundredGigE1/0/31,3089,978780,2533,947905,0,0
2024/05/24 星期五 00:24:34.405,1716481474405,NH-DC-NM224-J08-ROCE-ST-leaf-4.GPU.S9825,FourHundredGigE1/0/31,1394,449226,1191,442126,0,0
2024/05/24 星期五 00:24:34.905,1716481474905,NH-DC-NM224-J08-ROCE-ST-leaf-4.GPU.S9825,FourHundredGigE1/0/31,0,0,0,0,0,0
2024/05/24 星期五 00:24:35.405,1716481475405,NH-DC-NM224-J08-ROCE-ST-leaf-4.GPU.S9825,FourHundredGigE1/0/31,0,0,0,0,0,0
2024/05/24 星期五 00:24:36.012,1716481476012,NH-DC-NM224-J08-ROCE-ST-leaf-4.GPU.S9825,FourHundredGigE1/0/31,2478,833419,2393,833203,0,0
2024/05/24 星期五 00:24:36.537,1716481476537,NH-DC-NM224-J08-ROCE-ST-leaf-4.GPU.S9825,FourHundredGigE1/0/31,1016,395494,1423,418620,0,0
2024/05/24 星期五 00:24:37.038,1716481477038,NH-DC-NM224-J08-ROCE-ST-leaf-4.GPU.S9825,FourHundredGigE1/0/31,0,0,0,0,0,0
2024/05/24 星期五 00:24:37.538,1716481477538,NH-DC-NM224-J08-ROCE-ST-leaf-4.GPU.S9825,FourHundredGigE1/0/31,1517,544768,1777,552077,0,0
2024/05/24 星期五 00:24:38.037,1716481478037,NH-DC-NM224-J08-ROCE-ST-leaf-4.GPU.S9825,FourHundredGigE1/0/31,0,0,0,0,0,0
2024/05/24 星期五 00:24:38.554,1716481478554,NH-DC-NM224-J08-ROCE-ST-leaf-4.GPU.S9825,FourHundredGigE1/0/31,2407,769352,2043,749002,0,0
2024/05/24 星期五 00:24:39.058,1716481479058,NH-DC-NM224-J08-ROCE-ST-leaf-4.GPU.S9825,FourHundredGigE1/0/31,0,0,0,0,0,0
2024/05/24 星期五 00:24:39.559,1716481479559,NH-DC-NM224-J08-ROCE-ST-leaf-4.GPU.S9825,FourHundredGigE1/0/31,450,207250,865,237280,0,0
2024/05/24 星期五 00:24:40.058,1716481480058,NH-DC-NM224-J08-ROCE-ST-leaf-4.GPU.S9825,FourHundredGigE1/0/31,0,0,0,0,0,0
2024/05/24 星期五 00:24:40.561,1716481480561,NH-DC-NM224-J08-ROCE-ST-leaf-4.GPU.S9825,FourHundredGigE1/0/31,2117,711125,2049,712214,0,0
2024/05/24 星期五 00:24:41.069,1716481481069,NH-DC-NM224-J08-ROCE-ST-leaf-4.GPU.S9825,FourHundredGigE1/0/31,0,0,0,0,0,0
2024/05/24 星期五 00:24:41.570,1716481481570,NH-DC-NM224-J08-ROCE-ST-leaf-4.GPU.S9825,FourHundredGigE1/0/31,0,0,0,0,0,0
2024/05/24 星期五 00:24:42.070,1716481482070,NH-DC-NM224-J08-ROCE-ST-leaf-4.GPU.S9825,FourHundredGigE1/0/31,815,362702,1503,395865,0,0
2024/05/24 星期五 00:24:42.906,1716481482906,NH-DC-NM224-J08-ROCE-ST-leaf-4.GPU.S9825,FourHundredGigE1/0/31,2750,893220,2415,874654,0,0
2024/05/24 星期五 00:24:43.412,1716481483412,NH-DC-NM224-J08-ROCE-ST-leaf-4.GPU.S9825,FourHundredGigE1/0/31,0,0,0,0,0,0
2024/05/24 星期五 00:24:43.914,1716481483914,NH-DC-NM224-J08-ROCE-ST-leaf-4.GPU.S9825,FourHundredGigE1/0/31,0,0,0,0,0,0
2024/05/24 星期五 00:24:44.413,1716481484413,NH-DC-NM224-J08-ROCE-ST-leaf-4.GPU.S9825,FourHundredGigE1/0/31,3468,1182858,3457,1187547,0,0
2024/05/24 星期五 00:24:44.913,1716481484913,NH-DC-NM224-J08-ROCE-ST-leaf-4.GPU.S9825,FourHundredGigE1/0/31,0,0,0,0,0,0
2024/05/24 星期五 00:24:45.415,1716481485415,NH-DC-NM224-J08-ROCE-ST-leaf-4.GPU.S9825,FourHundredGigE1/0/31,1464,533868,1731,548820,0,0
2024/05/24 星期五 00:24:45.922,1716481485922,NH-DC-NM224-J08-ROCE-ST-leaf-4.GPU.S9825,FourHundredGigE1/0/31,0,0,0,0,0,0
2024/05/24 星期五 00:24:46.425,1716481486425,NH-DC-NM224-J08-ROCE-ST-leaf-4.GPU.S9825,FourHundredGigE1/0/31,1522,572594,1917,594781,0,0
2024/05/24 星期五 00:24:46.926,1716481486926,NH-DC-NM224-J08-ROCE-ST-leaf-4.GPU.S9825,FourHundredGigE1/0/31,0,0,0,0,0,0
2024/05/24 星期五 00:24:47.429,1716481487429,NH-DC-NM224-J08-ROCE-ST-leaf-4.GPU.S9825,FourHundredGigE1/0/31,0,0,0,0,0,0
2024/05/24 星期五 00:24:48.384,1716481488384,NH-DC-NM224-J08-ROCE-ST-leaf-4.GPU.S9825,FourHundredGigE1/0/31,1660,570712,1745,568749,0,0
2024/05/24 星期五 00:24:49.423,1716481489423,NH-DC-NM224-J08-ROCE-ST-leaf-4.GPU.S9825,FourHundredGigE1/0/31,3022,1059941,3275,1090906,0,0
2024/05/24 星期五 00:24:49.925,1716481489925,NH-DC-NM224-J08-ROCE-ST-leaf-4.GPU.S9825,FourHundredGigE1/0/31,0,0,0,0,0,0
2024/05/24 星期五 00:24:50.426,1716481490426,NH-DC-NM224-J08-ROCE-ST-leaf-4.GPU.S9825,FourHundredGigE1/0/31,2115,704013,2003,699158,0,0
2024/05/24 星期五 00:24:50.926,1716481490926,NH-DC-NM224-J08-ROCE-ST-leaf-4.GPU.S9825,FourHundredGigE1/0/31,0,0,0,0,0,0
2024/05/24 星期五 00:24:51.430,1716481491430,NH-DC-NM224-J08-ROCE-ST-leaf-4.GPU.S9825,FourHundredGigE1/0/31,0,0,0,0,0,0
2024/05/24 星期五 00:24:51.931,1716481491931,NH-DC-NM224-J08-ROCE-ST-leaf-4.GPU.S9825,FourHundredGigE1/0/31,4139,1280266,3179,1220171,0,0
2024/05/24 星期五 00:24:52.434,1716481492434,NH-DC-NM224-J08-ROCE-ST-leaf-4.GPU.S9825,FourHundredGigE1/0/31,0,0,0,0,0,0
2024/05/24 星期五 00:24:52.959,1716481492959,NH-DC-NM224-J08-ROCE-ST-leaf-4.GPU.S9825,FourHundredGigE1/0/31,2947,966504,2658,951872,0,0
2024/05/24 星期五 00:24:53.457,1716481493457,NH-DC-NM224-J08-ROCE-ST-leaf-4.GPU.S9825,FourHundredGigE1/0/31,0,0,0,0,0,0
2024/05/24 星期五 00:24:53.958,1716481493958,NH-DC-NM224-J08-ROCE-ST-leaf-4.GPU.S9825,FourHundredGigE1/0/31,3120,1024014,2811,1004714,0,0
2024/05/24 星期五 00:24:54.487,1716481494487,NH-DC-NM224-J08-ROCE-ST-leaf-4.GPU.S9825,FourHundredGigE1/0/31,274,128420,519,143144,0,0
2024/05/24 星期五 00:24:54.985,1716481494985,NH-DC-NM224-J08-ROCE-ST-leaf-4.GPU.S9825,FourHundredGigE1/0/31,0,0,0,0,0,0
2024/05/24 星期五 00:24:55.488,1716481495488,NH-DC-NM224-J08-ROCE-ST-leaf-4.GPU.S9825,FourHundredGigE1/0/31,3250,988266,2381,941314,0,0
2024/05/24 星期五 00:24:55.999,1716481495999,NH-DC-NM224-J08-ROCE-ST-leaf-4.GPU.S9825,FourHundredGigE1/0/31,0,0,0,0,0,0
2024/05/24 星期五 00:24:56.501,1716481496501,NH-DC-NM224-J08-ROCE-ST-leaf-4.GPU.S9825,FourHundredGigE1/0/31,1501,547849,1782,568461,0,0
2024/05/24 星期五 00:24:57.003,1716481497003,NH-DC-NM224-J08-ROCE-ST-leaf-4.GPU.S9825,FourHundredGigE1/0/31,0,0,0,0,0,0
2024/05/24 星期五 00:24:57.712,1716481497712,NH-DC-NM224-J08-ROCE-ST-leaf-4.GPU.S9825,FourHundredGigE1/0/31,1056,407660,1434,429089,0,0
2024/05/24 星期五 00:24:58.214,1716481498214,NH-DC-NM224-J08-ROCE-ST-leaf-4.GPU.S9825,FourHundredGigE1/0/31,0,0,0,0,0,0
2024/05/24 星期五 00:24:58.717,1716481498717,NH-DC-NM224-J08-ROCE-ST-leaf-4.GPU.S9825,FourHundredGigE1/0/31,1892,662088,2020,669476,0,0
2024/05/24 星期五 00:24:59.251,1716481499251,NH-DC-NM224-J08-ROCE-ST-leaf-4.GPU.S9825,FourHundredGigE1/0/31,1627,580240,1822,590780,0,0
2024/05/24 星期五 00:25:00.420,1716481500420,NH-DC-NM224-J08-ROCE-ST-leaf-4.GPU.S9825,FourHundredGigE1/0/31,1447,557006,1914,583225,0,0
2024/05/24 星期五 00:25:00.922,1716481500922,NH-DC-NM224-J08-ROCE-ST-leaf-4.GPU.S9825,FourHundredGigE1/0/31,0,0,0,0,0,0
2024/05/24 星期五 00:25:01.438,1716481501438,NH-DC-NM224-J08-ROCE-ST-leaf-4.GPU.S9825,FourHundredGigE1/0/31,0,0,0,0,0,0
2024/05/24 星期五 00:25:01.940,1716481501940,NH-DC-NM224-J08-ROCE-ST-leaf-4.GPU.S9825,FourHundredGigE1/0/31,2532,856227,2519,855525,0,0
2024/05/24 星期五 00:25:02.441,1716481502441,NH-DC-NM224-J08-ROCE-ST-leaf-4.GPU.S9825,FourHundredGigE1/0/31,0,0,0,0,0,0
2024/05/24 星期五 00:25:02.941,1716481502941,NH-DC-NM224-J08-ROCE-ST-leaf-4.GPU.S9825,FourHundredGigE1/0/31,1380,531880,1855,560614,0,0
2024/05/24 星期五 00:25:03.442,1716481503442,NH-DC-NM224-J08-ROCE-ST-leaf-4.GPU.S9825,FourHundredGigE1/0/31,0,0,0,0,0,0
2024/05/24 星期五 00:25:03.947,1716481503947,NH-DC-NM224-J08-ROCE-ST-leaf-4.GPU.S9825,FourHundredGigE1/0/31,0,0,0,0,0,0
2024/05/24 星期五 00:25:04.447,1716481504447,NH-DC-NM224-J08-ROCE-ST-leaf-4.GPU.S9825,FourHundredGigE1/0/31,3438,1132894,3131,1118485,0,0
2024/05/24 星期五 00:25:04.952,1716481504952,NH-DC-NM224-J08-ROCE-ST-leaf-4.GPU.S9825,FourHundredGigE1/0/31,0,0,0,0,0,0
2024/05/24 星期五 00:25:05.454,1716481505454,NH-DC-NM224-J08-ROCE-ST-leaf-4.GPU.S9825,FourHundredGigE1/0/31,1100,441676,1610,470885,0,0
2024/05/24 星期五 00:25:05.958,1716481505958,NH-DC-NM224-J08-ROCE-ST-leaf-4.GPU.S9825,FourHundredGigE1/0/31,0,0,0,0,0,0
2024/05/24 星期五 00:25:06.469,1716481506469,NH-DC-NM224-J08-ROCE-ST-leaf-4.GPU.S9825,FourHundredGigE1/0/31,0,0,0,0,0,0
2024/05/24 星期五 00:25:06.973,1716481506973,NH-DC-NM224-J08-ROCE-ST-leaf-4.GPU.S9825,FourHundredGigE1/0/31,2810,925514,2586,906740,0,0
2024/05/24 星期五 00:25:07.474,1716481507474,NH-DC-NM224-J08-ROCE-ST-leaf-4.GPU.S9825,FourHundredGigE1/0/31,0,0,0,0,0,0
2024/05/24 星期五 00:25:07.974,1716481507974,NH-DC-NM224-J08-ROCE-ST-leaf-4.GPU.S9825,FourHundredGigE1/0/31,2152,741114,2222,747261,0,0
2024/05/24 星期五 00:25:08.473,1716481508473,NH-DC-NM224-J08-ROCE-ST-leaf-4.GPU.S9825,FourHundredGigE1/0/31,0,0,0,0,0,0
2024/05/24 星期五 00:25:08.977,1716481508977,NH-DC-NM224-J08-ROCE-ST-leaf-4.GPU.S9825,FourHundredGigE1/0/31,1390,499986,1608,512590,0,0
2024/05/24 星期五 00:25:09.480,1716481509480,NH-DC-NM224-J08-ROCE-ST-leaf-4.GPU.S9825,FourHundredGigE1/0/31,1820,574666,1453,557606,0,0
2024/05/24 星期五 00:25:09.993,1716481509993,NH-DC-NM224-J08-ROCE-ST-leaf-4.GPU.S9825,FourHundredGigE1/0/31,0,0,0,0,0,0
2024/05/24 星期五 00:25:10.494,1716481510494,NH-DC-NM224-J08-ROCE-ST-leaf-4.GPU.S9825,FourHundredGigE1/0/31,2149,723776,2085,720259,0,0
2024/05/24 星期五 00:25:10.997,1716481510997,NH-DC-NM224-J08-ROCE-ST-leaf-4.GPU.S9825,FourHundredGigE1/0/31,0,0,0,0,0,0
2024/05/24 星期五 00:25:11.497,1716481511497,NH-DC-NM224-J08-ROCE-ST-leaf-4.GPU.S9825,FourHundredGigE1/0/31,0,0,0,0,0,0
2024/05/24 星期五 00:25:11.998,1716481511998,NH-DC-NM224-J08-ROCE-ST-leaf-4.GPU.S9825,FourHundredGigE1/0/31,1890,662440,2057,665263,0,0
2024/05/24 星期五 00:25:12.497,1716481512497,NH-DC-NM224-J08-ROCE-ST-leaf-4.GPU.S9825,FourHundredGigE1/0/31,0,0,0,0,0,0
2024/05/24 星期五 00:25:12.998,1716481512998,NH-DC-NM224-J08-ROCE-ST-leaf-4.GPU.S9825,FourHundredGigE1/0/31,1368,496104,1611,510294,0,0
2024/05/24 星期五 00:25:13.502,1716481513502,NH-DC-NM224-J08-ROCE-ST-leaf-4.GPU.S9825,FourHundredGigE1/0/31,0,0,0,0,0,0
2024/05/24 星期五 00:25:14.002,1716481514002,NH-DC-NM224-J08-ROCE-ST-leaf-4.GPU.S9825,FourHundredGigE1/0/31,1994,742388,2460,771849,0,0
2024/05/24 星期五 00:25:14.505,1716481514505,NH-DC-NM224-J08-ROCE-ST-leaf-4.GPU.S9825,FourHundredGigE1/0/31,297,140698,580,159262,0,0
2024/05/24 星期五 00:25:15.008,1716481515008,NH-DC-NM224-J08-ROCE-ST-leaf-4.GPU.S9825,FourHundredGigE1/0/31,0,0,0,0,0,0
2024/05/24 星期五 00:25:15.512,1716481515512,NH-DC-NM224-J08-ROCE-ST-leaf-4.GPU.S9825,FourHundredGigE1/0/31,2784,876282,2250,846378,0,0
2024/05/24 星期五 00:25:16.013,1716481516013,NH-DC-NM224-J08-ROCE-ST-leaf-4.GPU.S9825,FourHundredGigE1/0/31,0,0,0,0,0,0
2024/05/24 星期五 00:25:16.514,1716481516514,NH-DC-NM224-J08-ROCE-ST-leaf-4.GPU.S9825,FourHundredGigE1/0/31,1892,634924,1832,631631,0,0
2024/05/24 星期五 00:25:17.013,1716481517013,NH-DC-NM224-J08-ROCE-ST-leaf-4.GPU.S9825,FourHundredGigE1/0/31,0,0,0,0,0,0
2024/05/24 星期五 00:25:17.514,1716481517514,NH-DC-NM224-J08-ROCE-ST-leaf-4.GPU.S9825,FourHundredGigE1/0/31,3420,1101140,2943,1067705,0,0
2024/05/24 星期五 00:25:18.013,1716481518013,NH-DC-NM224-J08-ROCE-ST-leaf-4.GPU.S9825,FourHundredGigE1/0/31,0,0,0,0,0,0
2024/05/24 星期五 00:25:18.514,1716481518514,NH-DC-NM224-J08-ROCE-ST-leaf-4.GPU.S9825,FourHundredGigE1/0/31,2565,835578,2278,819540,0,0
2024/05/24 星期五 00:25:19.015,1716481519015,NH-DC-NM224-J08-ROCE-ST-leaf-4.GPU.S9825,FourHundredGigE1/0/31,0,0,0,0,0,0
2024/05/24 星期五 00:25:19.518,1716481519518,NH-DC-NM224-J08-ROCE-ST-leaf-4.GPU.S9825,FourHundredGigE1/0/31,2085,674614,1804,665668,0,0
2024/05/24 星期五 00:25:20.021,1716481520021,NH-DC-NM224-J08-ROCE-ST-leaf-4.GPU.S9825,FourHundredGigE1/0/31,0,0,0,0,0,0
2024/05/24 星期五 00:25:20.521,1716481520521,NH-DC-NM224-J08-ROCE-ST-leaf-4.GPU.S9825,FourHundredGigE1/0/31,1807,642428,2001,653359,0,0
2024/05/24 星期五 00:25:21.036,1716481521036,NH-DC-NM224-J08-ROCE-ST-leaf-4.GPU.S9825,FourHundredGigE1/0/31,0,0,0,0,0,0
2024/05/24 星期五 00:25:21.537,1716481521537,NH-DC-NM224-J08-ROCE-ST-leaf-4.GPU.S9825,FourHundredGigE1/0/31,0,0,0,0,0,0
2024/05/24 星期五 00:25:22.042,1716481522042,NH-DC-NM224-J08-ROCE-ST-leaf-4.GPU.S9825,FourHundredGigE1/0/31,2686,899322,2584,887663,0,0
2024/05/24 星期五 00:25:22.545,1716481522545,NH-DC-NM224-J08-ROCE-ST-leaf-4.GPU.S9825,FourHundredGigE1/0/31,0,0,0,0,0,0
2024/05/24 星期五 00:25:23.573,1716481523573,NH-DC-NM224-J08-ROCE-ST-leaf-4.GPU.S9825,FourHundredGigE1/0/31,2873,937466,2579,924300,0,0
2024/05/24 星期五 00:25:24.073,1716481524073,NH-DC-NM224-J08-ROCE-ST-leaf-4.GPU.S9825,FourHundredGigE1/0/31,2737,900822,2488,887333,0,0
2024/05/24 星期五 00:25:24.573,1716481524573,NH-DC-NM224-J08-ROCE-ST-leaf-4.GPU.S9825,FourHundredGigE1/0/31,447,140760,369,138720,0,0
2024/05/24 星期五 00:25:25.073,1716481525073,NH-DC-NM224-J08-ROCE-ST-leaf-4.GPU.S9825,FourHundredGigE1/0/31,0,0,0,0,0,0
2024/05/24 星期五 00:25:25.581,1716481525581,NH-DC-NM224-J08-ROCE-ST-leaf-4.GPU.S9825,FourHundredGigE1/0/31,2319,768774,2157,759702,0,0
2024/05/24 星期五 00:25:26.082,1716481526082,NH-DC-NM224-J08-ROCE-ST-leaf-4.GPU.S9825,FourHundredGigE1/0/31,0,0,0,0,0,0
2024/05/24 星期五 00:25:26.584,1716481526584,NH-DC-NM224-J08-ROCE-ST-leaf-4.GPU.S9825,FourHundredGigE1/0/31,1019,402952,1451,427211,0,0
2024/05/24 星期五 00:25:27.086,1716481527086,NH-DC-NM224-J08-ROCE-ST-leaf-4.GPU.S9825,FourHundredGigE1/0/31,0,0,0,0,0,0
2024/05/24 星期五 00:25:27.586,1716481527586,NH-DC-NM224-J08-ROCE-ST-leaf-4.GPU.S9825,FourHundredGigE1/0/31,1383,531960,1831,557115,0,0
2024/05/24 星期五 00:25:28.086,1716481528086,NH-DC-NM224-J08-ROCE-ST-leaf-4.GPU.S9825,FourHundredGigE1/0/31,0,0,0,0,0,0
2024/05/24 星期五 00:25:28.586,1716481528586,NH-DC-NM224-J08-ROCE-ST-leaf-4.GPU.S9825,FourHundredGigE1/0/31,2012,692468,2064,695794,0,0
2024/05/24 星期五 00:25:29.087,1716481529087,NH-DC-NM224-J08-ROCE-ST-leaf-4.GPU.S9825,FourHundredGigE1/0/31,0,0,0,0,0,0
2024/05/24 星期五 00:25:29.589,1716481529589,NH-DC-NM224-J08-ROCE-ST-leaf-4.GPU.S9825,FourHundredGigE1/0/31,2358,744254,1934,720130,0,0
2024/05/24 星期五 00:25:30.089,1716481530089,NH-DC-NM224-J08-ROCE-ST-leaf-4.GPU.S9825,FourHundredGigE1/0/31,0,0,0,0,0,0
2024/05/24 星期五 00:25:30.589,1716481530589,NH-DC-NM224-J08-ROCE-ST-leaf-4.GPU.S9825,FourHundredGigE1/0/31,1716,630762,2047,649365,0,0
2024/05/24 星期五 00:25:31.090,1716481531090,NH-DC-NM224-J08-ROCE-ST-leaf-4.GPU.S9825,FourHundredGigE1/0/31,0,0,0,0,0,0
2024/05/24 星期五 00:25:31.593,1716481531593,NH-DC-NM224-J08-ROCE-ST-leaf-4.GPU.S9825,FourHundredGigE1/0/31,1726,587960,1740,588811,0,0
2024/05/24 星期五 00:25:32.093,1716481532093,NH-DC-NM224-J08-ROCE-ST-leaf-4.GPU.S9825,FourHundredGigE1/0/31,0,0,0,0,0,0
2024/05/24 星期五 00:25:32.593,1716481532593,NH-DC-NM224-J08-ROCE-ST-leaf-4.GPU.S9825,FourHundredGigE1/0/31,2451,839238,2460,841454,0,0
2024/05/24 星期五 00:25:33.094,1716481533094,NH-DC-NM224-J08-ROCE-ST-leaf-4.GPU.S9825,FourHundredGigE1/0/31,0,0,0,0,0,0
2024/05/24 星期五 00:25:33.594,1716481533594,NH-DC-NM224-J08-ROCE-ST-leaf-4.GPU.S9825,FourHundredGigE1/0/31,2154,766996,2375,778115,0,0
2024/05/24 星期五 00:25:34.093,1716481534093,NH-DC-NM224-J08-ROCE-ST-leaf-4.GPU.S9825,FourHundredGigE1/0/31,0,0,0,0,0,0
2024/05/24 星期五 00:25:34.594,1716481534594,NH-DC-NM224-J08-ROCE-ST-leaf-4.GPU.S9825,FourHundredGigE1/0/31,2250,738614,2042,726578,0,0
2024/05/24 星期五 00:25:35.107,1716481535107,NH-DC-NM224-J08-ROCE-ST-leaf-4.GPU.S9825,FourHundredGigE1/0/31,0,0,0,0,0,0
2024/05/24 星期五 00:25:35.593,1716481535593,NH-DC-NM224-J08-ROCE-ST-leaf-4.GPU.S9825,FourHundredGigE1/0/31,2747,852310,2137,818150,0,0
2024/05/24 星期五 00:25:36.100,1716481536100,NH-DC-NM224-J08-ROCE-ST-leaf-4.GPU.S9825,FourHundredGigE1/0/31,0,0,0,0,0,0
2024/05/24 星期五 00:25:36.622,1716481536622,NH-DC-NM224-J08-ROCE-ST-leaf-4.GPU.S9825,FourHundredGigE1/0/31,2273,754372,2124,746461,0,0
2024/05/24 星期五 00:25:37.123,1716481537123,NH-DC-NM224-J08-ROCE-ST-leaf-4.GPU.S9825,FourHundredGigE1/0/31,0,0,0,0,0,0
2024/05/24 星期五 00:25:37.626,1716481537626,NH-DC-NM224-J08-ROCE-ST-leaf-4.GPU.S9825,FourHundredGigE1/0/31,2238,740586,2077,731637,0,0
2024/05/24 星期五 00:25:38.129,1716481538129,NH-DC-NM224-J08-ROCE-ST-leaf-4.GPU.S9825,FourHundredGigE1/0/31,0,0,0,0,0,0
2024/05/24 星期五 00:25:38.634,1716481538634,NH-DC-NM224-J08-ROCE-ST-leaf-4.GPU.S9825,FourHundredGigE1/0/31,1687,611398,1995,629082,0,0
2024/05/24 星期五 00:25:39.155,1716481539155,NH-DC-NM224-J08-ROCE-ST-leaf-4.GPU.S9825,FourHundredGigE1/0/31,0,0,0,0,0,0
2024/05/24 星期五 00:25:39.657,1716481539657,NH-DC-NM224-J08-ROCE-ST-leaf-4.GPU.S9825,FourHundredGigE1/0/31,2876,925686,2460,902010,0,0
2024/05/24 星期五 00:25:40.157,1716481540157,NH-DC-NM224-J08-ROCE-ST-leaf-4.GPU.S9825,FourHundredGigE1/0/31,0,0,0,0,0,0
2024/05/24 星期五 00:25:40.660,1716481540660,NH-DC-NM224-J08-ROCE-ST-leaf-4.GPU.S9825,FourHundredGigE1/0/31,1535,540993,1688,554466,0,0
2024/05/24 星期五 00:25:41.183,1716481541183,NH-DC-NM224-J08-ROCE-ST-leaf-4.GPU.S9825,FourHundredGigE1/0/31,0,0,0,0,0,0
2024/05/24 星期五 00:25:41.681,1716481541681,NH-DC-NM224-J08-ROCE-ST-leaf-4.GPU.S9825,FourHundredGigE1/0/31,1510,560096,1848,579091,0,0
2024/05/24 星期五 00:25:42.182,1716481542182,NH-DC-NM224-J08-ROCE-ST-leaf-4.GPU.S9825,FourHundredGigE1/0/31,0,0,0,0,0,0
2024/05/24 星期五 00:25:42.694,1716481542694,NH-DC-NM224-J08-ROCE-ST-leaf-4.GPU.S9825,FourHundredGigE1/0/31,1293,465600,1500,477192,0,0
2024/05/24 星期五 00:25:43.194,1716481543194,NH-DC-NM224-J08-ROCE-ST-leaf-4.GPU.S9825,FourHundredGigE1/0/31,0,0,0,0,0,0
2024/05/24 星期五 00:25:43.695,1716481543695,NH-DC-NM224-J08-ROCE-ST-leaf-4.GPU.S9825,FourHundredGigE1/0/31,2353,797412,2311,795515,0,0
2024/05/24 星期五 00:25:44.203,1716481544203,NH-DC-NM224-J08-ROCE-ST-leaf-4.GPU.S9825,FourHundredGigE1/0/31,0,0,0,0,0,0
2024/05/24 星期五 00:25:44.706,1716481544706,NH-DC-NM224-J08-ROCE-ST-leaf-4.GPU.S9825,FourHundredGigE1/0/31,2571,812654,2105,786170,0,0
2024/05/24 星期五 00:25:45.208,1716481545208,NH-DC-NM224-J08-ROCE-ST-leaf-4.GPU.S9825,FourHundredGigE1/0/31,0,0,0,0,0,0
2024/05/24 星期五 00:25:45.710,1716481545710,NH-DC-NM224-J08-ROCE-ST-leaf-4.GPU.S9825,FourHundredGigE1/0/31,2604,832360,2210,810296,0,0
2024/05/24 星期五 00:25:46.214,1716481546214,NH-DC-NM224-J08-ROCE-ST-leaf-4.GPU.S9825,FourHundredGigE1/0/31,0,0,0,0,0,0
2024/05/24 星期五 00:25:46.722,1716481546722,NH-DC-NM224-J08-ROCE-ST-leaf-4.GPU.S9825,FourHundredGigE1/0/31,1169,425368,1397,438203,0,0
2024/05/24 星期五 00:25:47.221,1716481547221,NH-DC-NM224-J08-ROCE-ST-leaf-4.GPU.S9825,FourHundredGigE1/0/31,0,0,0,0,0,0
2024/05/24 星期五 00:25:47.731,1716481547731,NH-DC-NM224-J08-ROCE-ST-leaf-4.GPU.S9825,FourHundredGigE1/0/31,3206,1024744,2684,995579,0,0
2024/05/24 星期五 00:25:48.233,1716481548233,NH-DC-NM224-J08-ROCE-ST-leaf-4.GPU.S9825,FourHundredGigE1/0/31,0,0,0,0,0,0
2024/05/24 星期五 00:25:48.735,1716481548735,NH-DC-NM224-J08-ROCE-ST-leaf-4.GPU.S9825,FourHundredGigE1/0/31,1243,461656,1596,501784,0,0
2024/05/24 星期五 00:25:49.238,1716481549238,NH-DC-NM224-J08-ROCE-ST-leaf-4.GPU.S9825,FourHundredGigE1/0/31,0,0,0,0,0,0
2024/05/24 星期五 00:25:49.739,1716481549739,NH-DC-NM224-J08-ROCE-ST-leaf-4.GPU.S9825,FourHundredGigE1/0/31,2449,804976,2224,791996,0,0
2024/05/24 星期五 00:25:50.238,1716481550238,NH-DC-NM224-J08-ROCE-ST-leaf-4.GPU.S9825,FourHundredGigE1/0/31,0,0,0,0,0,0
2024/05/24 星期五 00:25:50.742,1716481550742,NH-DC-NM224-J08-ROCE-ST-leaf-4.GPU.S9825,FourHundredGigE1/0/31,2814,930167,2582,918600,0,0
2024/05/24 星期五 00:25:51.242,1716481551242,NH-DC-NM224-J08-ROCE-ST-leaf-4.GPU.S9825,FourHundredGigE1/0/31,0,0,0,0,0,0
2024/05/24 星期五 00:25:51.743,1716481551743,NH-DC-NM224-J08-ROCE-ST-leaf-4.GPU.S9825,FourHundredGigE1/0/31,1991,713192,2234,726859,0,0
2024/05/24 星期五 00:25:52.244,1716481552244,NH-DC-NM224-J08-ROCE-ST-leaf-4.GPU.S9825,FourHundredGigE1/0/31,0,0,0,0,0,0
2024/05/24 星期五 00:25:52.746,1716481552746,NH-DC-NM224-J08-ROCE-ST-leaf-4.GPU.S9825,FourHundredGigE1/0/31,1683,562338,1623,558978,0,0
2024/05/24 星期五 00:25:53.248,1716481553248,NH-DC-NM224-J08-ROCE-ST-leaf-4.GPU.S9825,FourHundredGigE1/0/31,0,0,0,0,0,0
2024/05/24 星期五 00:25:53.746,1716481553746,NH-DC-NM224-J08-ROCE-ST-leaf-4.GPU.S9825,FourHundredGigE1/0/31,2668,903705,2610,903397,0,0
2024/05/24 星期五 00:25:54.246,1716481554246,NH-DC-NM224-J08-ROCE-ST-leaf-4.GPU.S9825,FourHundredGigE1/0/31,2481,799746,2143,780414,0,0
2024/05/24 星期五 00:25:54.805,1716481554805,NH-DC-NM224-J08-ROCE-ST-leaf-4.GPU.S9825,FourHundredGigE1/0/31,0,0,0,0,0,0
2024/05/24 星期五 00:25:55.305,1716481555305,NH-DC-NM224-J08-ROCE-ST-leaf-4.GPU.S9825,FourHundredGigE1/0/31,785,361816,1492,401408,0,0
2024/05/24 星期五 00:25:55.805,1716481555805,NH-DC-NM224-J08-ROCE-ST-leaf-4.GPU.S9825,FourHundredGigE1/0/31,0,0,0,0,0,0
2024/05/24 星期五 00:25:56.307,1716481556307,NH-DC-NM224-J08-ROCE-ST-leaf-4.GPU.S9825,FourHundredGigE1/0/31,2539,844687,2379,840603,0,0
2024/05/24 星期五 00:25:56.809,1716481556809,NH-DC-NM224-J08-ROCE-ST-leaf-4.GPU.S9825,FourHundredGigE1/0/31,0,0,0,0,0,0
2024/05/24 星期五 00:25:57.764,1716481557764,NH-DC-NM224-J08-ROCE-ST-leaf-4.GPU.S9825,FourHundredGigE1/0/31,1995,686682,2044,689493,0,0
2024/05/24 星期五 00:25:58.264,1716481558264,NH-DC-NM224-J08-ROCE-ST-leaf-4.GPU.S9825,FourHundredGigE1/0/31,0,0,0,0,0,0
2024/05/24 星期五 00:25:58.768,1716481558768,NH-DC-NM224-J08-ROCE-ST-leaf-4.GPU.S9825,FourHundredGigE1/0/31,1218,452218,1517,469376,0,0
2024/05/24 星期五 00:25:59.269,1716481559269,NH-DC-NM224-J08-ROCE-ST-leaf-4.GPU.S9825,FourHundredGigE1/0/31,1155,431168,1454,447532,0,0
2024/05/24 星期五 00:25:59.770,1716481559770,NH-DC-NM224-J08-ROCE-ST-leaf-4.GPU.S9825,FourHundredGigE1/0/31,0,0,0,0,0,0
2024/05/24 星期五 00:26:00.273,1716481560273,NH-DC-NM224-J08-ROCE-ST-leaf-4.GPU.S9825,FourHundredGigE1/0/31,0,0,0,0,0,0
2024/05/24 星期五 00:26:00.775,1716481560775,NH-DC-NM224-J08-ROCE-ST-leaf-4.GPU.S9825,FourHundredGigE1/0/31,2221,757154,2214,756829,0,0
2024/05/24 星期五 00:26:01.274,1716481561274,NH-DC-NM224-J08-ROCE-ST-leaf-4.GPU.S9825,FourHundredGigE1/0/31,0,0,0,0,0,0
2024/05/24 星期五 00:26:02.216,1716481562216,NH-DC-NM224-J08-ROCE-ST-leaf-4.GPU.S9825,FourHundredGigE1/0/31,1272,450491,1432,464327,0,0
2024/05/24 星期五 00:26:02.717,1716481562717,NH-DC-NM224-J08-ROCE-ST-leaf-4.GPU.S9825,FourHundredGigE1/0/31,2824,895118,2312,863866,0,0
2024/05/24 星期五 00:26:03.218,1716481563218,NH-DC-NM224-J08-ROCE-ST-leaf-4.GPU.S9825,FourHundredGigE1/0/31,0,0,0,0,0,0
2024/05/24 星期五 00:26:03.719,1716481563719,NH-DC-NM224-J08-ROCE-ST-leaf-4.GPU.S9825,FourHundredGigE1/0/31,1689,614422,1988,634201,0,0
2024/05/24 星期五 00:26:04.217,1716481564217,NH-DC-NM224-J08-ROCE-ST-leaf-4.GPU.S9825,FourHundredGigE1/0/31,0,0,0,0,0,0
2024/05/24 星期五 00:26:04.717,1716481564717,NH-DC-NM224-J08-ROCE-ST-leaf-4.GPU.S9825,FourHundredGigE1/0/31,1408,510568,1645,523452,0,0
2024/05/24 星期五 00:26:05.217,1716481565217,NH-DC-NM224-J08-ROCE-ST-leaf-4.GPU.S9825,FourHundredGigE1/0/31,0,0,0,0,0,0
2024/05/24 星期五 00:26:05.719,1716481565719,NH-DC-NM224-J08-ROCE-ST-leaf-4.GPU.S9825,FourHundredGigE1/0/31,1254,514662,1890,550278,0,0
2024/05/24 星期五 00:26:06.222,1716481566222,NH-DC-NM224-J08-ROCE-ST-leaf-4.GPU.S9825,FourHundredGigE1/0/31,0,0,0,0,0,0
2024/05/24 星期五 00:26:06.720,1716481566720,NH-DC-NM224-J08-ROCE-ST-leaf-4.GPU.S9825,FourHundredGigE1/0/31,3254,1036192,2697,1005433,0,0
2024/05/24 星期五 00:26:07.223,1716481567223,NH-DC-NM224-J08-ROCE-ST-leaf-4.GPU.S9825,FourHundredGigE1/0/31,0,0,0,0,0,0
2024/05/24 星期五 00:26:07.726,1716481567726,NH-DC-NM224-J08-ROCE-ST-leaf-4.GPU.S9825,FourHundredGigE1/0/31,2226,761376,2236,762003,0,0
2024/05/24 星期五 00:26:08.244,1716481568244,NH-DC-NM224-J08-ROCE-ST-leaf-4.GPU.S9825,FourHundredGigE1/0/31,0,0,0,0,0,0
2024/05/24 星期五 00:26:08.746,1716481568746,NH-DC-NM224-J08-ROCE-ST-leaf-4.GPU.S9825,FourHundredGigE1/0/31,1958,638628,1768,628208,0,0
2024/05/24 星期五 00:26:09.247,1716481569247,NH-DC-NM224-J08-ROCE-ST-leaf-4.GPU.S9825,FourHundredGigE1/0/31,0,0,0,0,0,0
2024/05/24 星期五 00:26:09.750,1716481569750,NH-DC-NM224-J08-ROCE-ST-leaf-4.GPU.S9825,FourHundredGigE1/0/31,2219,746114,2141,741560,0,0
2024/05/24 星期五 00:26:10.565,1716481570565,NH-DC-NM224-J08-ROCE-ST-leaf-4.GPU.S9825,FourHundredGigE1/0/31,1226,498640,1820,531971,0,0
2024/05/24 星期五 00:26:11.069,1716481571069,NH-DC-NM224-J08-ROCE-ST-leaf-4.GPU.S9825,FourHundredGigE1/0/31,0,0,0,0,0,0
2024/05/24 星期五 00:26:11.571,1716481571571,NH-DC-NM224-J08-ROCE-ST-leaf-4.GPU.S9825,FourHundredGigE1/0/31,1511,564094,1874,584489,0,0
2024/05/24 星期五 00:26:12.073,1716481572073,NH-DC-NM224-J08-ROCE-ST-leaf-4.GPU.S9825,FourHundredGigE1/0/31,0,0,0,0,0,0
2024/05/24 星期五 00:26:12.576,1716481572576,NH-DC-NM224-J08-ROCE-ST-leaf-4.GPU.S9825,FourHundredGigE1/0/31,1347,486582,1569,499014,0,0
2024/05/24 星期五 00:26:13.080,1716481573080,NH-DC-NM224-J08-ROCE-ST-leaf-4.GPU.S9825,FourHundredGigE1/0/31,0,0,0,0,0,0
2024/05/24 星期五 00:26:13.581,1716481573581,NH-DC-NM224-J08-ROCE-ST-leaf-4.GPU.S9825,FourHundredGigE1/0/31,2466,798476,2160,781601,0,0
2024/05/24 星期五 00:26:14.083,1716481574083,NH-DC-NM224-J08-ROCE-ST-leaf-4.GPU.S9825,FourHundredGigE1/0/31,0,0,0,0,0,0
2024/05/24 星期五 00:26:14.585,1716481574585,NH-DC-NM224-J08-ROCE-ST-leaf-4.GPU.S9825,FourHundredGigE1/0/31,1954,668172,1971,668930,0,0
2024/05/24 星期五 00:26:15.086,1716481575086,NH-DC-NM224-J08-ROCE-ST-leaf-4.GPU.S9825,FourHundredGigE1/0/31,0,0,0,0,0,0
2024/05/24 星期五 00:26:15.589,1716481575589,NH-DC-NM224-J08-ROCE-ST-leaf-4.GPU.S9825,FourHundredGigE1/0/31,1126,448802,1616,476242,0,0
2024/05/24 星期五 00:26:16.792,1716481576792,NH-DC-NM224-J08-ROCE-ST-leaf-4.GPU.S9825,FourHundredGigE1/0/31,2257,748220,2103,739663,0,0
2024/05/24 星期五 00:26:17.291,1716481577291,NH-DC-NM224-J08-ROCE-ST-leaf-4.GPU.S9825,FourHundredGigE1/0/31,1273,0,1611,0,0,0
2024/05/24 星期五 00:26:17.791,1716481577791,NH-DC-NM224-J08-ROCE-ST-leaf-4.GPU.S9825,FourHundredGigE1/0/31,0,477620,0,496615,0,0
2024/05/24 星期五 00:26:18.779,1716481578779,NH-DC-NM224-J08-ROCE-ST-leaf-4.GPU.S9825,FourHundredGigE1/0/31,1425,525122,1732,544254,0,0
2024/05/24 星期五 00:26:19.279,1716481579279,NH-DC-NM224-J08-ROCE-ST-leaf-4.GPU.S9825,FourHundredGigE1/0/31,1699,0,1766,0,0,0
2024/05/24 星期五 00:26:19.782,1716481579782,NH-DC-NM224-J08-ROCE-ST-leaf-4.GPU.S9825,FourHundredGigE1/0/31,0,586908,0,588754,0,0
2024/05/24 星期五 00:26:20.288,1716481580288,NH-DC-NM224-J08-ROCE-ST-leaf-4.GPU.S9825,FourHundredGigE1/0/31,1950,670584,1996,673227,0,0
2024/05/24 星期五 00:26:20.793,1716481580793,NH-DC-NM224-J08-ROCE-ST-leaf-4.GPU.S9825,FourHundredGigE1/0/31,0,0,0,0,0,0
2024/05/24 星期五 00:26:21.295,1716481581295,NH-DC-NM224-J08-ROCE-ST-leaf-4.GPU.S9825,FourHundredGigE1/0/31,0,0,0,0,0,0
2024/05/24 星期五 00:26:21.793,1716481581793,NH-DC-NM224-J08-ROCE-ST-leaf-4.GPU.S9825,FourHundredGigE1/0/31,1386,490956,1546,499983,0,0
2024/05/24 星期五 00:26:22.307,1716481582307,NH-DC-NM224-J08-ROCE-ST-leaf-4.GPU.S9825,FourHundredGigE1/0/31,1460,532330,1726,547226,0,0
2024/05/24 星期五 00:26:22.809,1716481582809,NH-DC-NM224-J08-ROCE-ST-leaf-4.GPU.S9825,FourHundredGigE1/0/31,0,0,0,0,0,0
2024/05/24 星期五 00:26:23.310,1716481583310,NH-DC-NM224-J08-ROCE-ST-leaf-4.GPU.S9825,FourHundredGigE1/0/31,3974,1233324,3052,1181953,0,0
2024/05/24 星期五 00:26:23.825,1716481583825,NH-DC-NM224-J08-ROCE-ST-leaf-4.GPU.S9825,FourHundredGigE1/0/31,0,0,0,0,0,0
2024/05/24 星期五 00:26:24.325,1716481584325,NH-DC-NM224-J08-ROCE-ST-leaf-4.GPU.S9825,FourHundredGigE1/0/31,1367,498682,1624,512880,0,0
2024/05/24 星期五 00:26:24.849,1716481584849,NH-DC-NM224-J08-ROCE-ST-leaf-4.GPU.S9825,FourHundredGigE1/0/31,0,0,0,0,0,0
2024/05/24 星期五 00:26:25.349,1716481585349,NH-DC-NM224-J08-ROCE-ST-leaf-4.GPU.S9825,FourHundredGigE1/0/31,0,0,0,0,0,0
2024/05/24 星期五 00:26:25.849,1716481585849,NH-DC-NM224-J08-ROCE-ST-leaf-4.GPU.S9825,FourHundredGigE1/0/31,2364,812110,2438,810889,0,0
2024/05/24 星期五 00:26:26.351,1716481586351,NH-DC-NM224-J08-ROCE-ST-leaf-4.GPU.S9825,FourHundredGigE1/0/31,0,0,0,0,0,0
2024/05/24 星期五 00:26:26.853,1716481586853,NH-DC-NM224-J08-ROCE-ST-leaf-4.GPU.S9825,FourHundredGigE1/0/31,2805,933124,2620,923734,0,0
2024/05/24 星期五 00:26:27.354,1716481587354,NH-DC-NM224-J08-ROCE-ST-leaf-4.GPU.S9825,FourHundredGigE1/0/31,0,0,0,0,0,0
2024/05/24 星期五 00:26:27.854,1716481587854,NH-DC-NM224-J08-ROCE-ST-leaf-4.GPU.S9825,FourHundredGigE1/0/31,1707,601788,1862,610561,0,0
2024/05/24 星期五 00:26:28.357,1716481588357,NH-DC-NM224-J08-ROCE-ST-leaf-4.GPU.S9825,FourHundredGigE1/0/31,0,0,0,0,0,0
2024/05/24 星期五 00:26:28.857,1716481588857,NH-DC-NM224-J08-ROCE-ST-leaf-4.GPU.S9825,FourHundredGigE1/0/31,1849,634560,1923,637212,0,0
2024/05/24 星期五 00:26:29.358,1716481589358,NH-DC-NM224-J08-ROCE-ST-leaf-4.GPU.S9825,FourHundredGigE1/0/31,726,272964,906,287118,0,0
2024/05/24 星期五 00:26:29.859,1716481589859,NH-DC-NM224-J08-ROCE-ST-leaf-4.GPU.S9825,FourHundredGigE1/0/31,0,0,0,0,0,0
2024/05/24 星期五 00:26:32.879,1716481592879,NH-DC-NM224-J08-ROCE-ST-leaf-4.GPU.S9825,FourHundredGigE1/0/31,5384,1877804,5689,1892496,0,0
2024/05/24 星期五 00:26:33.377,1716481593377,NH-DC-NM224-J08-ROCE-ST-leaf-4.GPU.S9825,FourHundredGigE1/0/31,2455,840042,2492,840936,0,0
2024/05/24 星期五 00:26:33.903,1716481593903,NH-DC-NM224-J08-ROCE-ST-leaf-4.GPU.S9825,FourHundredGigE1/0/31,0,0,0,0,0,0
2024/05/24 星期五 00:26:34.404,1716481594404,NH-DC-NM224-J08-ROCE-ST-leaf-4.GPU.S9825,FourHundredGigE1/0/31,1900,676194,2125,690995,0,0
2024/05/24 星期五 00:26:34.902,1716481594902,NH-DC-NM224-J08-ROCE-ST-leaf-4.GPU.S9825,FourHundredGigE1/0/31,0,0,0,0,0,0
2024/05/24 星期五 00:26:35.400,1716481595400,NH-DC-NM224-J08-ROCE-ST-leaf-4.GPU.S9825,FourHundredGigE1/0/31,0,0,0,0,0,0
2024/05/24 星期五 00:26:35.901,1716481595901,NH-DC-NM224-J08-ROCE-ST-leaf-4.GPU.S9825,FourHundredGigE1/0/31,2173,790328,2594,807613,0,0
2024/05/24 星期五 00:26:36.403,1716481596403,NH-DC-NM224-J08-ROCE-ST-leaf-4.GPU.S9825,FourHundredGigE1/0/31,0,0,0,0,0,0
2024/05/24 星期五 00:26:36.903,1716481596903,NH-DC-NM224-J08-ROCE-ST-leaf-4.GPU.S9825,FourHundredGigE1/0/31,1844,657582,2115,669864,0,0
2024/05/24 星期五 00:26:37.402,1716481597402,NH-DC-NM224-J08-ROCE-ST-leaf-4.GPU.S9825,FourHundredGigE1/0/31,0,0,0,0,0,0
2024/05/24 星期五 00:26:37.905,1716481597905,NH-DC-NM224-J08-ROCE-ST-leaf-4.GPU.S9825,FourHundredGigE1/0/31,0,0,0,0,0,0
2024/05/24 星期五 00:26:38.405,1716481598405,NH-DC-NM224-J08-ROCE-ST-leaf-4.GPU.S9825,FourHundredGigE1/0/31,1316,493398,1717,516903,0,0
2024/05/24 星期五 00:26:38.916,1716481598916,NH-DC-NM224-J08-ROCE-ST-leaf-4.GPU.S9825,FourHundredGigE1/0/31,0,0,0,0,0,0
2024/05/24 星期五 00:26:39.423,1716481599423,NH-DC-NM224-J08-ROCE-ST-leaf-4.GPU.S9825,FourHundredGigE1/0/31,1978,687522,2151,698002,0,0
2024/05/24 星期五 00:26:39.948,1716481599948,NH-DC-NM224-J08-ROCE-ST-leaf-4.GPU.S9825,FourHundredGigE1/0/31,0,0,0,0,0,0
2024/05/24 星期五 00:26:40.448,1716481600448,NH-DC-NM224-J08-ROCE-ST-leaf-4.GPU.S9825,FourHundredGigE1/0/31,2202,744323,2173,747604,0,0
2024/05/24 星期五 00:26:40.951,1716481600951,NH-DC-NM224-J08-ROCE-ST-leaf-4.GPU.S9825,FourHundredGigE1/0/31,0,0,0,0,0,0
2024/05/24 星期五 00:26:41.454,1716481601454,NH-DC-NM224-J08-ROCE-ST-leaf-4.GPU.S9825,FourHundredGigE1/0/31,2501,842038,2408,836897,0,0
2024/05/24 星期五 00:26:41.957,1716481601957,NH-DC-NM224-J08-ROCE-ST-leaf-4.GPU.S9825,FourHundredGigE1/0/31,0,0,0,0,0,0
2024/05/24 星期五 00:26:42.457,1716481602457,NH-DC-NM224-J08-ROCE-ST-leaf-4.GPU.S9825,FourHundredGigE1/0/31,1608,575658,1818,587418,0,0
2024/05/24 星期五 00:26:42.957,1716481602957,NH-DC-NM224-J08-ROCE-ST-leaf-4.GPU.S9825,FourHundredGigE1/0/31,0,0,0,0,0,0
2024/05/24 星期五 00:26:43.457,1716481603457,NH-DC-NM224-J08-ROCE-ST-leaf-4.GPU.S9825,FourHundredGigE1/0/31,2472,815010,2263,803373,0,0
2024/05/24 星期五 00:26:43.959,1716481603959,NH-DC-NM224-J08-ROCE-ST-leaf-4.GPU.S9825,FourHundredGigE1/0/31,0,0,0,0,0,0
2024/05/24 星期五 00:26:44.457,1716481604457,NH-DC-NM224-J08-ROCE-ST-leaf-4.GPU.S9825,FourHundredGigE1/0/31,2019,670936,1901,664152,0,0
2024/05/24 星期五 00:26:44.971,1716481604971,NH-DC-NM224-J08-ROCE-ST-leaf-4.GPU.S9825,FourHundredGigE1/0/31,0,0,0,0,0,0
2024/05/24 星期五 00:26:45.474,1716481605474,NH-DC-NM224-J08-ROCE-ST-leaf-4.GPU.S9825,FourHundredGigE1/0/31,0,0,0,0,0,0
2024/05/24 星期五 00:26:45.974,1716481605974,NH-DC-NM224-J08-ROCE-ST-leaf-4.GPU.S9825,FourHundredGigE1/0/31,3528,1154086,3165,1127829,0,0
2024/05/24 星期五 00:26:46.473,1716481606473,NH-DC-NM224-J08-ROCE-ST-leaf-4.GPU.S9825,FourHundredGigE1/0/31,0,0,0,0,0,0
2024/05/24 星期五 00:26:46.976,1716481606976,NH-DC-NM224-J08-ROCE-ST-leaf-4.GPU.S9825,FourHundredGigE1/0/31,3459,1108116,2906,1077184,0,0
2024/05/24 星期五 00:26:47.475,1716481607475,NH-DC-NM224-J08-ROCE-ST-leaf-4.GPU.S9825,FourHundredGigE1/0/31,0,0,0,0,0,0
2024/05/24 星期五 00:26:47.977,1716481607977,NH-DC-NM224-J08-ROCE-ST-leaf-4.GPU.S9825,FourHundredGigE1/0/31,0,0,0,0,0,0
2024/05/24 星期五 00:26:48.496,1716481608496,NH-DC-NM224-J08-ROCE-ST-leaf-4.GPU.S9825,FourHundredGigE1/0/31,4301,1379684,3641,1346715,0,0
2024/05/24 星期五 00:26:48.998,1716481608998,NH-DC-NM224-J08-ROCE-ST-leaf-4.GPU.S9825,FourHundredGigE1/0/31,0,0,0,0,0,0
2024/05/24 星期五 00:26:49.497,1716481609497,NH-DC-NM224-J08-ROCE-ST-leaf-4.GPU.S9825,FourHundredGigE1/0/31,1179,496734,1946,561755,0,0
2024/05/24 星期五 00:26:49.998,1716481609998,NH-DC-NM224-J08-ROCE-ST-leaf-4.GPU.S9825,FourHundredGigE1/0/31,0,0,0,0,0,0
2024/05/24 星期五 00:26:50.502,1716481610502,NH-DC-NM224-J08-ROCE-ST-leaf-4.GPU.S9825,FourHundredGigE1/0/31,2269,767817,2226,767028,0,0
2024/05/24 星期五 00:26:51.005,1716481611005,NH-DC-NM224-J08-ROCE-ST-leaf-4.GPU.S9825,FourHundredGigE1/0/31,0,0,0,0,0,0
2024/05/24 星期五 00:26:51.509,1716481611509,NH-DC-NM224-J08-ROCE-ST-leaf-4.GPU.S9825,FourHundredGigE1/0/31,0,0,0,0,0,0
2024/05/24 星期五 00:26:52.012,1716481612012,NH-DC-NM224-J08-ROCE-ST-leaf-4.GPU.S9825,FourHundredGigE1/0/31,1739,656620,2228,677669,0,0
2024/05/24 星期五 00:26:52.515,1716481612515,NH-DC-NM224-J08-ROCE-ST-leaf-4.GPU.S9825,FourHundredGigE1/0/31,0,0,0,0,0,0
2024/05/24 星期五 00:26:53.022,1716481613022,NH-DC-NM224-J08-ROCE-ST-leaf-4.GPU.S9825,FourHundredGigE1/0/31,3405,1135394,3185,1125014,0,0
2024/05/24 星期五 00:26:53.525,1716481613525,NH-DC-NM224-J08-ROCE-ST-leaf-4.GPU.S9825,FourHundredGigE1/0/31,0,0,0,0,0,0
2024/05/24 星期五 00:26:54.041,1716481614041,NH-DC-NM224-J08-ROCE-ST-leaf-4.GPU.S9825,FourHundredGigE1/0/31,0,0,0,0,0,0
2024/05/24 星期五 00:26:54.541,1716481614541,NH-DC-NM224-J08-ROCE-ST-leaf-4.GPU.S9825,FourHundredGigE1/0/31,2324,829101,2621,853648,0,0
2024/05/24 星期五 00:26:55.042,1716481615042,NH-DC-NM224-J08-ROCE-ST-leaf-4.GPU.S9825,FourHundredGigE1/0/31,0,0,0,0,0,0
2024/05/24 星期五 00:26:55.541,1716481615541,NH-DC-NM224-J08-ROCE-ST-leaf-4.GPU.S9825,FourHundredGigE1/0/31,0,0,0,0,0,0
2024/05/24 星期五 00:26:56.041,1716481616041,NH-DC-NM224-J08-ROCE-ST-leaf-4.GPU.S9825,FourHundredGigE1/0/31,1688,633309,2156,659155,0,0
2024/05/24 星期五 00:26:56.545,1716481616545,NH-DC-NM224-J08-ROCE-ST-leaf-4.GPU.S9825,FourHundredGigE1/0/31,0,0,0,0,0,0
2024/05/24 星期五 00:26:57.053,1716481617053,NH-DC-NM224-J08-ROCE-ST-leaf-4.GPU.S9825,FourHundredGigE1/0/31,2099,738066,2253,746884,0,0
2024/05/24 星期五 00:26:57.872,1716481617872,NH-DC-NM224-J08-ROCE-ST-leaf-4.GPU.S9825,FourHundredGigE1/0/31,2135,732206,2168,734349,0,0
2024/05/24 星期五 00:26:58.375,1716481618375,NH-DC-NM224-J08-ROCE-ST-leaf-4.GPU.S9825,FourHundredGigE1/0/31,0,0,0,0,0,0
2024/05/24 星期五 00:26:58.878,1716481618878,NH-DC-NM224-J08-ROCE-ST-leaf-4.GPU.S9825,FourHundredGigE1/0/31,1097,430564,1534,455044,0,0
2024/05/24 星期五 00:26:59.378,1716481619378,NH-DC-NM224-J08-ROCE-ST-leaf-4.GPU.S9825,FourHundredGigE1/0/31,1060,359590,1045,363600,0,0
2024/05/24 星期五 00:26:59.890,1716481619890,NH-DC-NM224-J08-ROCE-ST-leaf-4.GPU.S9825,FourHundredGigE1/0/31,0,0,0,0,0,0
2024/05/24 星期五 00:27:00.390,1716481620390,NH-DC-NM224-J08-ROCE-ST-leaf-4.GPU.S9825,FourHundredGigE1/0/31,2229,734396,2049,724577,0,0
2024/05/24 星期五 00:27:00.893,1716481620893,NH-DC-NM224-J08-ROCE-ST-leaf-4.GPU.S9825,FourHundredGigE1/0/31,0,0,0,0,0,0
2024/05/24 星期五 00:27:01.418,1716481621418,NH-DC-NM224-J08-ROCE-ST-leaf-4.GPU.S9825,FourHundredGigE1/0/31,2695,889777,2472,882165,0,0
2024/05/24 星期五 00:27:01.917,1716481621917,NH-DC-NM224-J08-ROCE-ST-leaf-4.GPU.S9825,FourHundredGigE1/0/31,0,0,0,0,0,0
2024/05/24 星期五 00:27:03.001,1716481623001,NH-DC-NM224-J08-ROCE-ST-leaf-4.GPU.S9825,FourHundredGigE1/0/31,2088,728682,2202,735066,0,0
2024/05/24 星期五 00:27:03.501,1716481623501,NH-DC-NM224-J08-ROCE-ST-leaf-4.GPU.S9825,FourHundredGigE1/0/31,1394,535124,1819,555129,0,0
2024/05/24 星期五 00:27:04.003,1716481624003,NH-DC-NM224-J08-ROCE-ST-leaf-4.GPU.S9825,FourHundredGigE1/0/31,0,0,0,0,0,0
2024/05/24 星期五 00:27:04.502,1716481624502,NH-DC-NM224-J08-ROCE-ST-leaf-4.GPU.S9825,FourHundredGigE1/0/31,2155,726812,2113,728128,0,0
2024/05/24 星期五 00:27:05.006,1716481625006,NH-DC-NM224-J08-ROCE-ST-leaf-4.GPU.S9825,FourHundredGigE1/0/31,0,0,0,0,0,0
2024/05/24 星期五 00:27:05.505,1716481625505,NH-DC-NM224-J08-ROCE-ST-leaf-4.GPU.S9825,FourHundredGigE1/0/31,0,0,0,0,0,0
2024/05/24 星期五 00:27:06.006,1716481626006,NH-DC-NM224-J08-ROCE-ST-leaf-4.GPU.S9825,FourHundredGigE1/0/31,2321,801388,2426,802097,0,0
2024/05/24 星期五 00:27:06.513,1716481626513,NH-DC-NM224-J08-ROCE-ST-leaf-4.GPU.S9825,FourHundredGigE1/0/31,0,0,0,0,0,0
2024/05/24 星期五 00:27:07.014,1716481627014,NH-DC-NM224-J08-ROCE-ST-leaf-4.GPU.S9825,FourHundredGigE1/0/31,2080,697574,2001,693516,0,0
2024/05/24 星期五 00:27:07.513,1716481627513,NH-DC-NM224-J08-ROCE-ST-leaf-4.GPU.S9825,FourHundredGigE1/0/31,0,0,0,0,0,0
2024/05/24 星期五 00:27:08.013,1716481628013,NH-DC-NM224-J08-ROCE-ST-leaf-4.GPU.S9825,FourHundredGigE1/0/31,0,0,0,0,0,0
2024/05/24 星期五 00:27:09.005,1716481629005,NH-DC-NM224-J08-ROCE-ST-leaf-4.GPU.S9825,FourHundredGigE1/0/31,3532,1201246,3474,1201195,0,0
2024/05/24 星期五 00:27:09.507,1716481629507,NH-DC-NM224-J08-ROCE-ST-leaf-4.GPU.S9825,FourHundredGigE1/0/31,1831,675864,2220,699790,0,0
2024/05/24 星期五 00:27:10.009,1716481630009,NH-DC-NM224-J08-ROCE-ST-leaf-4.GPU.S9825,FourHundredGigE1/0/31,0,0,0,0,0,0
2024/05/24 星期五 00:27:10.514,1716481630514,NH-DC-NM224-J08-ROCE-ST-leaf-4.GPU.S9825,FourHundredGigE1/0/31,2939,954612,2575,934489,0,0
2024/05/24 星期五 00:27:11.017,1716481631017,NH-DC-NM224-J08-ROCE-ST-leaf-4.GPU.S9825,FourHundredGigE1/0/31,0,0,0,0,0,0
2024/05/24 星期五 00:27:11.518,1716481631518,NH-DC-NM224-J08-ROCE-ST-leaf-4.GPU.S9825,FourHundredGigE1/0/31,0,0,0,0,0,0
2024/05/24 星期五 00:27:12.021,1716481632021,NH-DC-NM224-J08-ROCE-ST-leaf-4.GPU.S9825,FourHundredGigE1/0/31,2766,969526,2960,975025,0,0
2024/05/24 星期五 00:27:12.525,1716481632525,NH-DC-NM224-J08-ROCE-ST-leaf-4.GPU.S9825,FourHundredGigE1/0/31,0,0,0,0,0,0
2024/05/24 星期五 00:27:13.036,1716481633036,NH-DC-NM224-J08-ROCE-ST-leaf-4.GPU.S9825,FourHundredGigE1/0/31,1766,597654,1752,596870,0,0
2024/05/24 星期五 00:27:13.535,1716481633535,NH-DC-NM224-J08-ROCE-ST-leaf-4.GPU.S9825,FourHundredGigE1/0/31,0,0,0,0,0,0
2024/05/24 星期五 00:27:14.037,1716481634037,NH-DC-NM224-J08-ROCE-ST-leaf-4.GPU.S9825,FourHundredGigE1/0/31,3445,1127170,3086,1110237,0,0
2024/05/24 星期五 00:27:14.539,1716481634539,NH-DC-NM224-J08-ROCE-ST-leaf-4.GPU.S9825,FourHundredGigE1/0/31,1333,428202,1110,417848,0,0
2024/05/24 星期五 00:27:15.041,1716481635041,NH-DC-NM224-J08-ROCE-ST-leaf-4.GPU.S9825,FourHundredGigE1/0/31,0,0,0,0,0,0
2024/05/24 星期五 00:27:15.542,1716481635542,NH-DC-NM224-J08-ROCE-ST-leaf-4.GPU.S9825,FourHundredGigE1/0/31,2077,693910,1981,688728,0,0
2024/05/24 星期五 00:27:16.042,1716481636042,NH-DC-NM224-J08-ROCE-ST-leaf-4.GPU.S9825,FourHundredGigE1/0/31,0,0,0,0,0,0
2024/05/24 星期五 00:27:16.541,1716481636541,NH-DC-NM224-J08-ROCE-ST-leaf-4.GPU.S9825,FourHundredGigE1/0/31,2038,711428,2154,717991,0,0
2024/05/24 星期五 00:27:17.042,1716481637042,NH-DC-NM224-J08-ROCE-ST-leaf-4.GPU.S9825,FourHundredGigE1/0/31,0,0,0,0,0,0
2024/05/24 星期五 00:27:17.543,1716481637543,NH-DC-NM224-J08-ROCE-ST-leaf-4.GPU.S9825,FourHundredGigE1/0/31,1510,557492,1836,576397,0,0
2024/05/24 星期五 00:27:18.046,1716481638046,NH-DC-NM224-J08-ROCE-ST-leaf-4.GPU.S9825,FourHundredGigE1/0/31,0,0,0,0,0,0
2024/05/24 星期五 00:27:18.546,1716481638546,NH-DC-NM224-J08-ROCE-ST-leaf-4.GPU.S9825,FourHundredGigE1/0/31,1845,636674,1935,634368,0,0
2024/05/24 星期五 00:27:19.047,1716481639047,NH-DC-NM224-J08-ROCE-ST-leaf-4.GPU.S9825,FourHundredGigE1/0/31,0,0,0,0,0,0
2024/05/24 星期五 00:27:19.549,1716481639549,NH-DC-NM224-J08-ROCE-ST-leaf-4.GPU.S9825,FourHundredGigE1/0/31,1632,563420,1670,572152,0,0
2024/05/24 星期五 00:27:20.049,1716481640049,NH-DC-NM224-J08-ROCE-ST-leaf-4.GPU.S9825,FourHundredGigE1/0/31,0,0,0,0,0,0
2024/05/24 星期五 00:27:20.550,1716481640550,NH-DC-NM224-J08-ROCE-ST-leaf-4.GPU.S9825,FourHundredGigE1/0/31,1654,586126,1829,596187,0,0
2024/05/24 星期五 00:27:21.050,1716481641050,NH-DC-NM224-J08-ROCE-ST-leaf-4.GPU.S9825,FourHundredGigE1/0/31,0,0,0,0,0,0
2024/05/24 星期五 00:27:21.566,1716481641566,NH-DC-NM224-J08-ROCE-ST-leaf-4.GPU.S9825,FourHundredGigE1/0/31,3073,1022594,2889,1005955,0,0
2024/05/24 星期五 00:27:22.069,1716481642069,NH-DC-NM224-J08-ROCE-ST-leaf-4.GPU.S9825,FourHundredGigE1/0/31,0,0,0,0,0,0
2024/05/24 星期五 00:27:22.571,1716481642571,NH-DC-NM224-J08-ROCE-ST-leaf-4.GPU.S9825,FourHundredGigE1/0/31,2730,875894,2324,853352,0,0
2024/05/24 星期五 00:27:23.069,1716481643069,NH-DC-NM224-J08-ROCE-ST-leaf-4.GPU.S9825,FourHundredGigE1/0/31,0,0,0,0,0,0
2024/05/24 星期五 00:27:23.574,1716481643574,NH-DC-NM224-J08-ROCE-ST-leaf-4.GPU.S9825,FourHundredGigE1/0/31,0,0,0,0,0,0
2024/05/24 星期五 00:27:24.077,1716481644077,NH-DC-NM224-J08-ROCE-ST-leaf-4.GPU.S9825,FourHundredGigE1/0/31,1789,726990,2644,778817,0,0
2024/05/24 星期五 00:27:24.580,1716481644580,NH-DC-NM224-J08-ROCE-ST-leaf-4.GPU.S9825,FourHundredGigE1/0/31,172,80238,333,91388,0,0
2024/05/24 星期五 00:27:25.083,1716481645083,NH-DC-NM224-J08-ROCE-ST-leaf-4.GPU.S9825,FourHundredGigE1/0/31,0,0,0,0,0,0
2024/05/24 星期五 00:27:25.584,1716481645584,NH-DC-NM224-J08-ROCE-ST-leaf-4.GPU.S9825,FourHundredGigE1/0/31,1583,578646,1875,595192,0,0
2024/05/24 星期五 00:27:26.085,1716481646085,NH-DC-NM224-J08-ROCE-ST-leaf-4.GPU.S9825,FourHundredGigE1/0/31,0,0,0,0,0,0
2024/05/24 星期五 00:27:26.585,1716481646585,NH-DC-NM224-J08-ROCE-ST-leaf-4.GPU.S9825,FourHundredGigE1/0/31,1700,583000,1742,585419,0,0
2024/05/24 星期五 00:27:27.104,1716481647104,NH-DC-NM224-J08-ROCE-ST-leaf-4.GPU.S9825,FourHundredGigE1/0/31,0,0,0,0,0,0
2024/05/24 星期五 00:27:27.606,1716481647606,NH-DC-NM224-J08-ROCE-ST-leaf-4.GPU.S9825,FourHundredGigE1/0/31,2315,814978,2480,824285,0,0
2024/05/24 星期五 00:27:28.110,1716481648110,NH-DC-NM224-J08-ROCE-ST-leaf-4.GPU.S9825,FourHundredGigE1/0/31,0,0,0,0,0,0
2024/05/24 星期五 00:27:28.619,1716481648619,NH-DC-NM224-J08-ROCE-ST-leaf-4.GPU.S9825,FourHundredGigE1/0/31,2205,756258,2230,757684,0,0
2024/05/24 星期五 00:27:29.122,1716481649122,NH-DC-NM224-J08-ROCE-ST-leaf-4.GPU.S9825,FourHundredGigE1/0/31,0,0,0,0,0,0
2024/05/24 星期五 00:27:29.626,1716481649626,NH-DC-NM224-J08-ROCE-ST-leaf-4.GPU.S9825,FourHundredGigE1/0/31,1618,571860,1779,580690,0,0
2024/05/24 星期五 00:27:30.129,1716481650129,NH-DC-NM224-J08-ROCE-ST-leaf-4.GPU.S9825,FourHundredGigE1/0/31,0,0,0,0,0,0
2024/05/24 星期五 00:27:30.630,1716481650630,NH-DC-NM224-J08-ROCE-ST-leaf-4.GPU.S9825,FourHundredGigE1/0/31,3522,1088876,2688,1042433,0,0
2024/05/24 星期五 00:27:31.129,1716481651129,NH-DC-NM224-J08-ROCE-ST-leaf-4.GPU.S9825,FourHundredGigE1/0/31,0,0,0,0,0,0
2024/05/24 星期五 00:27:31.643,1716481651643,NH-DC-NM224-J08-ROCE-ST-leaf-4.GPU.S9825,FourHundredGigE1/0/31,2019,703356,2125,709359,0,0
2024/05/24 星期五 00:27:32.146,1716481652146,NH-DC-NM224-J08-ROCE-ST-leaf-4.GPU.S9825,FourHundredGigE1/0/31,0,0,0,0,0,0
2024/05/24 星期五 00:27:32.645,1716481652645,NH-DC-NM224-J08-ROCE-ST-leaf-4.GPU.S9825,FourHundredGigE1/0/31,3236,1034308,2707,1004684,0,0
2024/05/24 星期五 00:27:33.149,1716481653149,NH-DC-NM224-J08-ROCE-ST-leaf-4.GPU.S9825,FourHundredGigE1/0/31,0,0,0,0,0,0
2024/05/24 星期五 00:27:33.651,1716481653651,NH-DC-NM224-J08-ROCE-ST-leaf-4.GPU.S9825,FourHundredGigE1/0/31,1766,607720,1820,610811,0,0
2024/05/24 星期五 00:27:34.154,1716481654154,NH-DC-NM224-J08-ROCE-ST-leaf-4.GPU.S9825,FourHundredGigE1/0/31,0,0,0,0,0,0
2024/05/24 星期五 00:27:34.657,1716481654657,NH-DC-NM224-J08-ROCE-ST-leaf-4.GPU.S9825,FourHundredGigE1/0/31,2890,943522,2560,924654,0,0
2024/05/24 星期五 00:27:35.159,1716481655159,NH-DC-NM224-J08-ROCE-ST-leaf-4.GPU.S9825,FourHundredGigE1/0/31,0,0,0,0,0,0
2024/05/24 星期五 00:27:35.662,1716481655662,NH-DC-NM224-J08-ROCE-ST-leaf-4.GPU.S9825,FourHundredGigE1/0/31,1582,587449,1945,612060,0,0
2024/05/24 星期五 00:27:36.162,1716481656162,NH-DC-NM224-J08-ROCE-ST-leaf-4.GPU.S9825,FourHundredGigE1/0/31,0,0,0,0,0,0
2024/05/24 星期五 00:27:36.664,1716481656664,NH-DC-NM224-J08-ROCE-ST-leaf-4.GPU.S9825,FourHundredGigE1/0/31,1314,496998,1688,518375,0,0
2024/05/24 星期五 00:27:37.165,1716481657165,NH-DC-NM224-J08-ROCE-ST-leaf-4.GPU.S9825,FourHundredGigE1/0/31,0,0,0,0,0,0
2024/05/24 星期五 00:27:37.669,1716481657669,NH-DC-NM224-J08-ROCE-ST-leaf-4.GPU.S9825,FourHundredGigE1/0/31,2286,784884,2314,786519,0,0
2024/05/24 星期五 00:27:38.169,1716481658169,NH-DC-NM224-J08-ROCE-ST-leaf-4.GPU.S9825,FourHundredGigE1/0/31,0,0,0,0,0,0
2024/05/24 星期五 00:27:38.671,1716481658671,NH-DC-NM224-J08-ROCE-ST-leaf-4.GPU.S9825,FourHundredGigE1/0/31,2074,706874,2073,706844,0,0
2024/05/24 星期五 00:27:39.192,1716481659192,NH-DC-NM224-J08-ROCE-ST-leaf-4.GPU.S9825,FourHundredGigE1/0/31,0,0,0,0,0,0
2024/05/24 星期五 00:27:39.694,1716481659694,NH-DC-NM224-J08-ROCE-ST-leaf-4.GPU.S9825,FourHundredGigE1/0/31,2201,713124,1938,698016,0,0
2024/05/24 星期五 00:27:40.194,1716481660194,NH-DC-NM224-J08-ROCE-ST-leaf-4.GPU.S9825,FourHundredGigE1/0/31,0,0,0,0,0,0
2024/05/24 星期五 00:27:40.696,1716481660696,NH-DC-NM224-J08-ROCE-ST-leaf-4.GPU.S9825,FourHundredGigE1/0/31,2676,887571,2506,883312,0,0
2024/05/24 星期五 00:27:41.198,1716481661198,NH-DC-NM224-J08-ROCE-ST-leaf-4.GPU.S9825,FourHundredGigE1/0/31,0,0,0,0,0,0
2024/05/24 星期五 00:27:41.699,1716481661699,NH-DC-NM224-J08-ROCE-ST-leaf-4.GPU.S9825,FourHundredGigE1/0/31,1548,577656,1937,602077,0,0
2024/05/24 星期五 00:27:42.202,1716481662202,NH-DC-NM224-J08-ROCE-ST-leaf-4.GPU.S9825,FourHundredGigE1/0/31,0,0,0,0,0,0
2024/05/24 星期五 00:27:42.706,1716481662706,NH-DC-NM224-J08-ROCE-ST-leaf-4.GPU.S9825,FourHundredGigE1/0/31,1910,659090,1968,659822,0,0
2024/05/24 星期五 00:27:43.205,1716481663205,NH-DC-NM224-J08-ROCE-ST-leaf-4.GPU.S9825,FourHundredGigE1/0/31,0,0,0,0,0,0
2024/05/24 星期五 00:27:43.727,1716481663727,NH-DC-NM224-J08-ROCE-ST-leaf-4.GPU.S9825,FourHundredGigE1/0/31,2503,810176,2187,792547,0,0
2024/05/24 星期五 00:27:44.231,1716481664231,NH-DC-NM224-J08-ROCE-ST-leaf-4.GPU.S9825,FourHundredGigE1/0/31,0,0,0,0,0,0
2024/05/24 星期五 00:27:44.734,1716481664734,NH-DC-NM224-J08-ROCE-ST-leaf-4.GPU.S9825,FourHundredGigE1/0/31,2836,917284,2455,895560,0,0
2024/05/24 星期五 00:27:45.356,1716481665356,NH-DC-NM224-J08-ROCE-ST-leaf-4.GPU.S9825,FourHundredGigE1/0/31,818,377258,1556,418974,0,0
2024/05/24 星期五 00:27:45.857,1716481665857,NH-DC-NM224-J08-ROCE-ST-leaf-4.GPU.S9825,FourHundredGigE1/0/31,0,0,0,0,0,0
2024/05/24 星期五 00:27:46.361,1716481666361,NH-DC-NM224-J08-ROCE-ST-leaf-4.GPU.S9825,FourHundredGigE1/0/31,1880,642136,1898,643211,0,0
2024/05/24 星期五 00:27:46.861,1716481666861,NH-DC-NM224-J08-ROCE-ST-leaf-4.GPU.S9825,FourHundredGigE1/0/31,0,0,0,0,0,0
2024/05/24 星期五 00:27:47.363,1716481667363,NH-DC-NM224-J08-ROCE-ST-leaf-4.GPU.S9825,FourHundredGigE1/0/31,0,0,0,0,0,0
2024/05/24 星期五 00:27:47.865,1716481667865,NH-DC-NM224-J08-ROCE-ST-leaf-4.GPU.S9825,FourHundredGigE1/0/31,3201,1027116,2713,1000437,0,0
2024/05/24 星期五 00:27:48.367,1716481668367,NH-DC-NM224-J08-ROCE-ST-leaf-4.GPU.S9825,FourHundredGigE1/0/31,0,0,0,0,0,0
2024/05/24 星期五 00:27:48.865,1716481668865,NH-DC-NM224-J08-ROCE-ST-leaf-4.GPU.S9825,FourHundredGigE1/0/31,1848,632539,1927,639590,0,0
2024/05/24 星期五 00:27:49.366,1716481669366,NH-DC-NM224-J08-ROCE-ST-leaf-4.GPU.S9825,FourHundredGigE1/0/31,1826,597044,1628,592172,0,0
2024/05/24 星期五 00:27:49.869,1716481669869,NH-DC-NM224-J08-ROCE-ST-leaf-4.GPU.S9825,FourHundredGigE1/0/31,0,0,0,0,0,0
2024/05/24 星期五 00:27:50.369,1716481670369,NH-DC-NM224-J08-ROCE-ST-leaf-4.GPU.S9825,FourHundredGigE1/0/31,2226,765772,2270,768691,0,0
2024/05/24 星期五 00:27:50.868,1716481670868,NH-DC-NM224-J08-ROCE-ST-leaf-4.GPU.S9825,FourHundredGigE1/0/31,0,0,0,0,0,0
2024/05/24 星期五 00:27:51.370,1716481671370,NH-DC-NM224-J08-ROCE-ST-leaf-4.GPU.S9825,FourHundredGigE1/0/31,1415,546545,1892,574876,0,0
2024/05/24 星期五 00:27:51.869,1716481671869,NH-DC-NM224-J08-ROCE-ST-leaf-4.GPU.S9825,FourHundredGigE1/0/31,0,0,0,0,0,0
2024/05/24 星期五 00:27:52.379,1716481672379,NH-DC-NM224-J08-ROCE-ST-leaf-4.GPU.S9825,FourHundredGigE1/0/31,2139,730224,2142,730392,0,0
2024/05/24 星期五 00:27:52.877,1716481672877,NH-DC-NM224-J08-ROCE-ST-leaf-4.GPU.S9825,FourHundredGigE1/0/31,0,0,0,0,0,0
2024/05/24 星期五 00:27:53.385,1716481673385,NH-DC-NM224-J08-ROCE-ST-leaf-4.GPU.S9825,FourHundredGigE1/0/31,0,0,0,0,0,0
2024/05/24 星期五 00:27:53.885,1716481673885,NH-DC-NM224-J08-ROCE-ST-leaf-4.GPU.S9825,FourHundredGigE1/0/31,2746,963501,2972,975536,0,0
2024/05/24 星期五 00:27:54.387,1716481674387,NH-DC-NM224-J08-ROCE-ST-leaf-4.GPU.S9825,FourHundredGigE1/0/31,355,167200,691,189702,0,0
2024/05/24 星期五 00:27:54.890,1716481674890,NH-DC-NM224-J08-ROCE-ST-leaf-4.GPU.S9825,FourHundredGigE1/0/31,0,0,0,0,0,0
2024/05/24 星期五 00:27:55.400,1716481675400,NH-DC-NM224-J08-ROCE-ST-leaf-4.GPU.S9825,FourHundredGigE1/0/31,1672,577944,1749,582644,0,0
2024/05/24 星期五 00:27:55.901,1716481675901,NH-DC-NM224-J08-ROCE-ST-leaf-4.GPU.S9825,FourHundredGigE1/0/31,0,0,0,0,0,0
2024/05/24 星期五 00:27:56.401,1716481676401,NH-DC-NM224-J08-ROCE-ST-leaf-4.GPU.S9825,FourHundredGigE1/0/31,2477,836843,2413,838329,0,0
2024/05/24 星期五 00:27:56.901,1716481676901,NH-DC-NM224-J08-ROCE-ST-leaf-4.GPU.S9825,FourHundredGigE1/0/31,0,0,0,0,0,0
2024/05/24 星期五 00:27:57.677,1716481677677,NH-DC-NM224-J08-ROCE-ST-leaf-4.GPU.S9825,FourHundredGigE1/0/31,2627,901216,2639,901955,0,0
2024/05/24 星期五 00:27:58.197,1716481678197,NH-DC-NM224-J08-ROCE-ST-leaf-4.GPU.S9825,FourHundredGigE1/0/31,0,0,0,0,0,0
2024/05/24 星期五 00:27:58.698,1716481678698,NH-DC-NM224-J08-ROCE-ST-leaf-4.GPU.S9825,FourHundredGigE1/0/31,2170,735026,2133,732980,0,0
2024/05/24 星期五 00:27:59.202,1716481679202,NH-DC-NM224-J08-ROCE-ST-leaf-4.GPU.S9825,FourHundredGigE1/0/31,0,0,0,0,0,0
2024/05/24 星期五 00:27:59.705,1716481679705,NH-DC-NM224-J08-ROCE-ST-leaf-4.GPU.S9825,FourHundredGigE1/0/31,2124,711432,2031,705650,0,0
2024/05/24 星期五 00:28:00.207,1716481680207,NH-DC-NM224-J08-ROCE-ST-leaf-4.GPU.S9825,FourHundredGigE1/0/31,0,0,0,0,0,0
2024/05/24 星期五 00:28:00.707,1716481680707,NH-DC-NM224-J08-ROCE-ST-leaf-4.GPU.S9825,FourHundredGigE1/0/31,1735,598992,1807,603479,0,0
2024/05/24 星期五 00:28:01.211,1716481681211,NH-DC-NM224-J08-ROCE-ST-leaf-4.GPU.S9825,FourHundredGigE1/0/31,0,0,0,0,0,0
2024/05/24 星期五 00:28:01.710,1716481681710,NH-DC-NM224-J08-ROCE-ST-leaf-4.GPU.S9825,FourHundredGigE1/0/31,1838,634181,1909,643227,0,0
2024/05/24 星期五 00:28:02.211,1716481682211,NH-DC-NM224-J08-ROCE-ST-leaf-4.GPU.S9825,FourHundredGigE1/0/31,0,0,0,0,0,0
2024/05/24 星期五 00:28:02.713,1716481682713,NH-DC-NM224-J08-ROCE-ST-leaf-4.GPU.S9825,FourHundredGigE1/0/31,2052,713088,2145,718296,0,0
2024/05/24 星期五 00:28:03.239,1716481683239,NH-DC-NM224-J08-ROCE-ST-leaf-4.GPU.S9825,FourHundredGigE1/0/31,0,0,0,0,0,0
2024/05/24 星期五 00:28:03.739,1716481683739,NH-DC-NM224-J08-ROCE-ST-leaf-4.GPU.S9825,FourHundredGigE1/0/31,1579,595934,1998,619465,0,0
2024/05/24 星期五 00:28:04.237,1716481684237,NH-DC-NM224-J08-ROCE-ST-leaf-4.GPU.S9825,FourHundredGigE1/0/31,1910,641164,1843,636830,0,0
2024/05/24 星期五 00:28:04.738,1716481684738,NH-DC-NM224-J08-ROCE-ST-leaf-4.GPU.S9825,FourHundredGigE1/0/31,0,0,0,0,0,0
2024/05/24 星期五 00:28:05.238,1716481685238,NH-DC-NM224-J08-ROCE-ST-leaf-4.GPU.S9825,FourHundredGigE1/0/31,0,0,0,0,0,0
2024/05/24 星期五 00:28:05.746,1716481685746,NH-DC-NM224-J08-ROCE-ST-leaf-4.GPU.S9825,FourHundredGigE1/0/31,2152,742356,2211,746048,0,0
2024/05/24 星期五 00:28:06.250,1716481686250,NH-DC-NM224-J08-ROCE-ST-leaf-4.GPU.S9825,FourHundredGigE1/0/31,0,0,0,0,0,0
2024/05/24 星期五 00:28:06.753,1716481686753,NH-DC-NM224-J08-ROCE-ST-leaf-4.GPU.S9825,FourHundredGigE1/0/31,1881,635192,1852,634195,0,0
2024/05/24 星期五 00:28:07.262,1716481687262,NH-DC-NM224-J08-ROCE-ST-leaf-4.GPU.S9825,FourHundredGigE1/0/31,0,0,0,0,0,0
2024/05/24 星期五 00:28:07.767,1716481687767,NH-DC-NM224-J08-ROCE-ST-leaf-4.GPU.S9825,FourHundredGigE1/0/31,3957,1226694,3034,1175655,0,0
2024/05/24 星期五 00:28:08.266,1716481688266,NH-DC-NM224-J08-ROCE-ST-leaf-4.GPU.S9825,FourHundredGigE1/0/31,0,0,0,0,0,0
2024/05/24 星期五 00:28:08.770,1716481688770,NH-DC-NM224-J08-ROCE-ST-leaf-4.GPU.S9825,FourHundredGigE1/0/31,2954,953248,2567,924036,0,0
2024/05/24 星期五 00:28:09.271,1716481689271,NH-DC-NM224-J08-ROCE-ST-leaf-4.GPU.S9825,FourHundredGigE1/0/31,2780,858088,2098,826306,0,0
2024/05/24 星期五 00:28:09.771,1716481689771,NH-DC-NM224-J08-ROCE-ST-leaf-4.GPU.S9825,FourHundredGigE1/0/31,0,0,0,0,0,0
2024/05/24 星期五 00:28:10.270,1716481690270,NH-DC-NM224-J08-ROCE-ST-leaf-4.GPU.S9825,FourHundredGigE1/0/31,0,0,0,0,0,0
2024/05/24 星期五 00:28:10.774,1716481690774,NH-DC-NM224-J08-ROCE-ST-leaf-4.GPU.S9825,FourHundredGigE1/0/31,2488,815922,2251,803105,0,0
2024/05/24 星期五 00:28:11.274,1716481691274,NH-DC-NM224-J08-ROCE-ST-leaf-4.GPU.S9825,FourHundredGigE1/0/31,0,0,0,0,0,0
2024/05/24 星期五 00:28:11.783,1716481691783,NH-DC-NM224-J08-ROCE-ST-leaf-4.GPU.S9825,FourHundredGigE1/0/31,921,385646,1470,416651,0,0
2024/05/24 星期五 00:28:12.287,1716481692287,NH-DC-NM224-J08-ROCE-ST-leaf-4.GPU.S9825,FourHundredGigE1/0/31,0,0,0,0,0,0
2024/05/24 星期五 00:28:12.789,1716481692789,NH-DC-NM224-J08-ROCE-ST-leaf-4.GPU.S9825,FourHundredGigE1/0/31,2405,816514,2365,814274,0,0
2024/05/24 星期五 00:28:13.300,1716481693300,NH-DC-NM224-J08-ROCE-ST-leaf-4.GPU.S9825,FourHundredGigE1/0/31,0,0,0,0,0,0
2024/05/24 星期五 00:28:13.797,1716481693797,NH-DC-NM224-J08-ROCE-ST-leaf-4.GPU.S9825,FourHundredGigE1/0/31,1462,543830,1803,562993,0,0
2024/05/24 星期五 00:28:14.297,1716481694297,NH-DC-NM224-J08-ROCE-ST-leaf-4.GPU.S9825,FourHundredGigE1/0/31,2197,701036,1856,681358,0,0
2024/05/24 星期五 00:28:14.812,1716481694812,NH-DC-NM224-J08-ROCE-ST-leaf-4.GPU.S9825,FourHundredGigE1/0/31,0,0,0,0,0,0
2024/05/24 星期五 00:28:15.315,1716481695315,NH-DC-NM224-J08-ROCE-ST-leaf-4.GPU.S9825,FourHundredGigE1/0/31,1563,599872,2050,627532,0,0
2024/05/24 星期五 00:28:15.846,1716481695846,NH-DC-NM224-J08-ROCE-ST-leaf-4.GPU.S9825,FourHundredGigE1/0/31,0,0,0,0,0,0
2024/05/24 星期五 00:28:16.349,1716481696349,NH-DC-NM224-J08-ROCE-ST-leaf-4.GPU.S9825,FourHundredGigE1/0/31,1280,482838,1639,503203,0,0
2024/05/24 星期五 00:28:16.851,1716481696851,NH-DC-NM224-J08-ROCE-ST-leaf-4.GPU.S9825,FourHundredGigE1/0/31,0,0,0,0,0,0
2024/05/24 星期五 00:28:17.353,1716481697353,NH-DC-NM224-J08-ROCE-ST-leaf-4.GPU.S9825,FourHundredGigE1/0/31,0,0,0,0,0,0
2024/05/24 星期五 00:28:17.855,1716481697855,NH-DC-NM224-J08-ROCE-ST-leaf-4.GPU.S9825,FourHundredGigE1/0/31,1539,614742,2188,651735,0,0
2024/05/24 星期五 00:28:18.357,1716481698357,NH-DC-NM224-J08-ROCE-ST-leaf-4.GPU.S9825,FourHundredGigE1/0/31,0,0,0,0,0,0
2024/05/24 星期五 00:28:18.862,1716481698862,NH-DC-NM224-J08-ROCE-ST-leaf-4.GPU.S9825,FourHundredGigE1/0/31,1672,625226,2094,641318,0,0
2024/05/24 星期五 00:28:19.363,1716481699363,NH-DC-NM224-J08-ROCE-ST-leaf-4.GPU.S9825,FourHundredGigE1/0/31,1716,597462,1785,607736,0,0
2024/05/24 星期五 00:28:19.865,1716481699865,NH-DC-NM224-J08-ROCE-ST-leaf-4.GPU.S9825,FourHundredGigE1/0/31,0,0,0,0,0,0
2024/05/24 星期五 00:28:20.368,1716481700368,NH-DC-NM224-J08-ROCE-ST-leaf-4.GPU.S9825,FourHundredGigE1/0/31,2147,737656,2177,737641,0,0
2024/05/24 星期五 00:28:20.869,1716481700869,NH-DC-NM224-J08-ROCE-ST-leaf-4.GPU.S9825,FourHundredGigE1/0/31,0,0,0,0,0,0
2024/05/24 星期五 00:28:21.371,1716481701371,NH-DC-NM224-J08-ROCE-ST-leaf-4.GPU.S9825,FourHundredGigE1/0/31,0,0,0,0,0,0
2024/05/24 星期五 00:28:21.871,1716481701871,NH-DC-NM224-J08-ROCE-ST-leaf-4.GPU.S9825,FourHundredGigE1/0/31,2917,962206,2699,945619,0,0
2024/05/24 星期五 00:28:22.373,1716481702373,NH-DC-NM224-J08-ROCE-ST-leaf-4.GPU.S9825,FourHundredGigE1/0/31,0,0,0,0,0,0
2024/05/24 星期五 00:28:22.882,1716481702882,NH-DC-NM224-J08-ROCE-ST-leaf-4.GPU.S9825,FourHundredGigE1/0/31,2097,724878,2181,731328,0,0
2024/05/24 星期五 00:28:23.383,1716481703383,NH-DC-NM224-J08-ROCE-ST-leaf-4.GPU.S9825,FourHundredGigE1/0/31,0,0,0,0,0,0
2024/05/24 星期五 00:28:23.885,1716481703885,NH-DC-NM224-J08-ROCE-ST-leaf-4.GPU.S9825,FourHundredGigE1/0/31,0,0,0,0,0,0
2024/05/24 星期五 00:28:24.386,1716481704386,NH-DC-NM224-J08-ROCE-ST-leaf-4.GPU.S9825,FourHundredGigE1/0/31,3459,1177942,3428,1180735,0,0
2024/05/24 星期五 00:28:24.889,1716481704889,NH-DC-NM224-J08-ROCE-ST-leaf-4.GPU.S9825,FourHundredGigE1/0/31,0,0,0,0,0,0
2024/05/24 星期五 00:28:25.389,1716481705389,NH-DC-NM224-J08-ROCE-ST-leaf-4.GPU.S9825,FourHundredGigE1/0/31,1796,638762,1994,650238,0,0
2024/05/24 星期五 00:28:25.896,1716481705896,NH-DC-NM224-J08-ROCE-ST-leaf-4.GPU.S9825,FourHundredGigE1/0/31,0,0,0,0,0,0
2024/05/24 星期五 00:28:26.408,1716481706408,NH-DC-NM224-J08-ROCE-ST-leaf-4.GPU.S9825,FourHundredGigE1/0/31,2725,895762,2468,881631,0,0
2024/05/24 星期五 00:28:26.915,1716481706915,NH-DC-NM224-J08-ROCE-ST-leaf-4.GPU.S9825,FourHundredGigE1/0/31,0,0,0,0,0,0
2024/05/24 星期五 00:28:27.413,1716481707413,NH-DC-NM224-J08-ROCE-ST-leaf-4.GPU.S9825,FourHundredGigE1/0/31,2546,842806,2351,831953,0,0
2024/05/24 星期五 00:28:27.913,1716481707913,NH-DC-NM224-J08-ROCE-ST-leaf-4.GPU.S9825,FourHundredGigE1/0/31,0,0,0,0,0,0
2024/05/24 星期五 00:28:28.415,1716481708415,NH-DC-NM224-J08-ROCE-ST-leaf-4.GPU.S9825,FourHundredGigE1/0/31,2485,839828,2415,835934,0,0
2024/05/24 星期五 00:28:28.939,1716481708939,NH-DC-NM224-J08-ROCE-ST-leaf-4.GPU.S9825,FourHundredGigE1/0/31,0,0,0,0,0,0
2024/05/24 星期五 00:28:29.439,1716481709439,NH-DC-NM224-J08-ROCE-ST-leaf-4.GPU.S9825,FourHundredGigE1/0/31,1622,580390,1828,591352,0,0
2024/05/24 星期五 00:28:29.943,1716481709943,NH-DC-NM224-J08-ROCE-ST-leaf-4.GPU.S9825,FourHundredGigE1/0/31,0,0,0,0,0,0
2024/05/24 星期五 00:28:30.443,1716481710443,NH-DC-NM224-J08-ROCE-ST-leaf-4.GPU.S9825,FourHundredGigE1/0/31,2032,673878,1912,668903,0,0
2024/05/24 星期五 00:28:30.946,1716481710946,NH-DC-NM224-J08-ROCE-ST-leaf-4.GPU.S9825,FourHundredGigE1/0/31,0,0,0,0,0,0
2024/05/24 星期五 00:28:31.446,1716481711446,NH-DC-NM224-J08-ROCE-ST-leaf-4.GPU.S9825,FourHundredGigE1/0/31,0,0,0,0,0,0
2024/05/24 星期五 00:28:31.952,1716481711952,NH-DC-NM224-J08-ROCE-ST-leaf-4.GPU.S9825,FourHundredGigE1/0/31,2483,842012,2481,835827,0,0
2024/05/24 星期五 00:28:32.449,1716481712449,NH-DC-NM224-J08-ROCE-ST-leaf-4.GPU.S9825,FourHundredGigE1/0/31,0,0,0,0,0,0
2024/05/24 星期五 00:28:32.950,1716481712950,NH-DC-NM224-J08-ROCE-ST-leaf-4.GPU.S9825,FourHundredGigE1/0/31,2199,772238,2366,783336,0,0
2024/05/24 星期五 00:28:33.451,1716481713451,NH-DC-NM224-J08-ROCE-ST-leaf-4.GPU.S9825,FourHundredGigE1/0/31,0,0,0,0,0,0
2024/05/24 星期五 00:28:33.959,1716481713959,NH-DC-NM224-J08-ROCE-ST-leaf-4.GPU.S9825,FourHundredGigE1/0/31,3485,1120498,2934,1085319,0,0
2024/05/24 星期五 00:28:34.473,1716481714473,NH-DC-NM224-J08-ROCE-ST-leaf-4.GPU.S9825,FourHundredGigE1/0/31,650,223124,676,231686,0,0
2024/05/24 星期五 00:28:34.987,1716481714987,NH-DC-NM224-J08-ROCE-ST-leaf-4.GPU.S9825,FourHundredGigE1/0/31,0,0,0,0,0,0
2024/05/24 星期五 00:28:35.488,1716481715488,NH-DC-NM224-J08-ROCE-ST-leaf-4.GPU.S9825,FourHundredGigE1/0/31,1823,644232,1999,654931,0,0
2024/05/24 星期五 00:28:35.989,1716481715989,NH-DC-NM224-J08-ROCE-ST-leaf-4.GPU.S9825,FourHundredGigE1/0/31,0,0,0,0,0,0
2024/05/24 星期五 00:28:36.490,1716481716490,NH-DC-NM224-J08-ROCE-ST-leaf-4.GPU.S9825,FourHundredGigE1/0/31,2222,719996,1962,706190,0,0
2024/05/24 星期五 00:28:36.990,1716481716990,NH-DC-NM224-J08-ROCE-ST-leaf-4.GPU.S9825,FourHundredGigE1/0/31,0,0,0,0,0,0
2024/05/24 星期五 00:28:37.494,1716481717494,NH-DC-NM224-J08-ROCE-ST-leaf-4.GPU.S9825,FourHundredGigE1/0/31,0,0,0,0,0,0
2024/05/24 星期五 00:28:37.993,1716481717993,NH-DC-NM224-J08-ROCE-ST-leaf-4.GPU.S9825,FourHundredGigE1/0/31,2066,756942,2489,776843,0,0
2024/05/24 星期五 00:28:38.496,1716481718496,NH-DC-NM224-J08-ROCE-ST-leaf-4.GPU.S9825,FourHundredGigE1/0/31,0,0,0,0,0,0
2024/05/24 星期五 00:28:38.994,1716481718994,NH-DC-NM224-J08-ROCE-ST-leaf-4.GPU.S9825,FourHundredGigE1/0/31,0,0,0,0,0,0
2024/05/24 星期五 00:28:39.794,1716481719794,NH-DC-NM224-J08-ROCE-ST-leaf-4.GPU.S9825,FourHundredGigE1/0/31,3573,1243852,3706,1254024,0,0
2024/05/24 星期五 00:28:40.299,1716481720299,NH-DC-NM224-J08-ROCE-ST-leaf-4.GPU.S9825,FourHundredGigE1/0/31,1786,616377,1859,625564,0,0
2024/05/24 星期五 00:28:40.799,1716481720799,NH-DC-NM224-J08-ROCE-ST-leaf-4.GPU.S9825,FourHundredGigE1/0/31,0,0,0,0,0,0
2024/05/24 星期五 00:28:41.299,1716481721299,NH-DC-NM224-J08-ROCE-ST-leaf-4.GPU.S9825,FourHundredGigE1/0/31,0,0,0,0,0,0
2024/05/24 星期五 00:28:41.797,1716481721797,NH-DC-NM224-J08-ROCE-ST-leaf-4.GPU.S9825,FourHundredGigE1/0/31,1854,682048,2236,704445,0,0
2024/05/24 星期五 00:28:42.803,1716481722803,NH-DC-NM224-J08-ROCE-ST-leaf-4.GPU.S9825,FourHundredGigE1/0/31,1657,591590,1903,598048,0,0
2024/05/24 星期五 00:28:43.313,1716481723313,NH-DC-NM224-J08-ROCE-ST-leaf-4.GPU.S9825,FourHundredGigE1/0/31,0,0,0,0,0,0
2024/05/24 星期五 00:28:43.814,1716481723814,NH-DC-NM224-J08-ROCE-ST-leaf-4.GPU.S9825,FourHundredGigE1/0/31,3455,1087330,2774,1049843,0,0
2024/05/24 星期五 00:28:44.314,1716481724314,NH-DC-NM224-J08-ROCE-ST-leaf-4.GPU.S9825,FourHundredGigE1/0/31,1655,566828,1649,572118,0,0
2024/05/24 星期五 00:28:44.814,1716481724814,NH-DC-NM224-J08-ROCE-ST-leaf-4.GPU.S9825,FourHundredGigE1/0/31,0,0,0,0,0,0
2024/05/24 星期五 00:28:45.316,1716481725316,NH-DC-NM224-J08-ROCE-ST-leaf-4.GPU.S9825,FourHundredGigE1/0/31,2888,942120,2559,923890,0,0
2024/05/24 星期五 00:28:45.818,1716481725818,NH-DC-NM224-J08-ROCE-ST-leaf-4.GPU.S9825,FourHundredGigE1/0/31,0,0,0,0,0,0
2024/05/24 星期五 00:28:46.320,1716481726320,NH-DC-NM224-J08-ROCE-ST-leaf-4.GPU.S9825,FourHundredGigE1/0/31,1889,657548,1995,663939,0,0
2024/05/24 星期五 00:28:46.821,1716481726821,NH-DC-NM224-J08-ROCE-ST-leaf-4.GPU.S9825,FourHundredGigE1/0/31,0,0,0,0,0,0
2024/05/24 星期五 00:28:47.326,1716481727326,NH-DC-NM224-J08-ROCE-ST-leaf-4.GPU.S9825,FourHundredGigE1/0/31,0,0,0,0,0,0
2024/05/24 星期五 00:28:47.844,1716481727844,NH-DC-NM224-J08-ROCE-ST-leaf-4.GPU.S9825,FourHundredGigE1/0/31,1118,440932,1580,467453,0,0
2024/05/24 星期五 00:28:48.345,1716481728345,NH-DC-NM224-J08-ROCE-ST-leaf-4.GPU.S9825,FourHundredGigE1/0/31,0,0,0,0,0,0
2024/05/24 星期五 00:28:48.850,1716481728850,NH-DC-NM224-J08-ROCE-ST-leaf-4.GPU.S9825,FourHundredGigE1/0/31,2452,808788,2297,820077,0,0
2024/05/24 星期五 00:28:49.349,1716481729349,NH-DC-NM224-J08-ROCE-ST-leaf-4.GPU.S9825,FourHundredGigE1/0/31,1666,565748,1661,564312,0,0
2024/05/24 星期五 00:28:49.849,1716481729849,NH-DC-NM224-J08-ROCE-ST-leaf-4.GPU.S9825,FourHundredGigE1/0/31,0,0,0,0,0,0
2024/05/24 星期五 00:28:50.349,1716481730349,NH-DC-NM224-J08-ROCE-ST-leaf-4.GPU.S9825,FourHundredGigE1/0/31,1851,612926,1740,606971,0,0
2024/05/24 星期五 00:28:50.849,1716481730849,NH-DC-NM224-J08-ROCE-ST-leaf-4.GPU.S9825,FourHundredGigE1/0/31,0,0,0,0,0,0
2024/05/24 星期五 00:28:51.352,1716481731352,NH-DC-NM224-J08-ROCE-ST-leaf-4.GPU.S9825,FourHundredGigE1/0/31,0,0,0,0,0,0
2024/05/24 星期五 00:28:51.853,1716481731853,NH-DC-NM224-J08-ROCE-ST-leaf-4.GPU.S9825,FourHundredGigE1/0/31,1125,447539,1619,477210,0,0
2024/05/24 星期五 00:28:52.353,1716481732353,NH-DC-NM224-J08-ROCE-ST-leaf-4.GPU.S9825,FourHundredGigE1/0/31,0,0,0,0,0,0
2024/05/24 星期五 00:28:52.857,1716481732857,NH-DC-NM224-J08-ROCE-ST-leaf-4.GPU.S9825,FourHundredGigE1/0/31,2500,821850,2274,809582,0,0
2024/05/24 星期五 00:28:53.359,1716481733359,NH-DC-NM224-J08-ROCE-ST-leaf-4.GPU.S9825,FourHundredGigE1/0/31,0,0,0,0,0,0
2024/05/24 星期五 00:28:53.861,1716481733861,NH-DC-NM224-J08-ROCE-ST-leaf-4.GPU.S9825,FourHundredGigE1/0/31,1469,548357,1833,571277,0,0
2024/05/24 星期五 00:28:54.364,1716481734364,NH-DC-NM224-J08-ROCE-ST-leaf-4.GPU.S9825,FourHundredGigE1/0/31,1324,470354,1478,477814,0,0
2024/05/24 星期五 00:28:54.863,1716481734863,NH-DC-NM224-J08-ROCE-ST-leaf-4.GPU.S9825,FourHundredGigE1/0/31,0,0,0,0,0,0
2024/05/24 星期五 00:28:55.857,1716481735857,NH-DC-NM224-J08-ROCE-ST-leaf-4.GPU.S9825,FourHundredGigE1/0/31,2006,690818,2061,694100,0,0
2024/05/24 星期五 00:28:56.357,1716481736357,NH-DC-NM224-J08-ROCE-ST-leaf-4.GPU.S9825,FourHundredGigE1/0/31,2220,740999,2115,740375,0,0
2024/05/24 星期五 00:28:56.858,1716481736858,NH-DC-NM224-J08-ROCE-ST-leaf-4.GPU.S9825,FourHundredGigE1/0/31,0,0,0,0,0,0
2024/05/24 星期五 00:28:57.724,1716481737724,NH-DC-NM224-J08-ROCE-ST-leaf-4.GPU.S9825,FourHundredGigE1/0/31,2224,753818,2187,751813,0,0
2024/05/24 星期五 00:28:58.225,1716481738225,NH-DC-NM224-J08-ROCE-ST-leaf-4.GPU.S9825,FourHundredGigE1/0/31,0,0,0,0,0,0
2024/05/24 星期五 00:28:58.725,1716481738725,NH-DC-NM224-J08-ROCE-ST-leaf-4.GPU.S9825,FourHundredGigE1/0/31,2008,692666,2067,695996,0,0
2024/05/24 星期五 00:28:59.236,1716481739236,NH-DC-NM224-J08-ROCE-ST-leaf-4.GPU.S9825,FourHundredGigE1/0/31,2318,795442,2338,795988,0,0
2024/05/24 星期五 00:28:59.741,1716481739741,NH-DC-NM224-J08-ROCE-ST-leaf-4.GPU.S9825,FourHundredGigE1/0/31,0,0,0,0,0,0
2024/05/24 星期五 00:29:00.241,1716481740241,NH-DC-NM224-J08-ROCE-ST-leaf-4.GPU.S9825,FourHundredGigE1/0/31,0,0,0,0,0,0
2024/05/24 星期五 00:29:00.741,1716481740741,NH-DC-NM224-J08-ROCE-ST-leaf-4.GPU.S9825,FourHundredGigE1/0/31,1846,645496,1970,652701,0,0
2024/05/24 星期五 00:29:01.242,1716481741242,NH-DC-NM224-J08-ROCE-ST-leaf-4.GPU.S9825,FourHundredGigE1/0/31,0,0,0,0,0,0
2024/05/24 星期五 00:29:01.743,1716481741743,NH-DC-NM224-J08-ROCE-ST-leaf-4.GPU.S9825,FourHundredGigE1/0/31,1642,579851,1810,594523,0,0
2024/05/24 星期五 00:29:02.245,1716481742245,NH-DC-NM224-J08-ROCE-ST-leaf-4.GPU.S9825,FourHundredGigE1/0/31,0,0,0,0,0,0
2024/05/24 星期五 00:29:02.747,1716481742747,NH-DC-NM224-J08-ROCE-ST-leaf-4.GPU.S9825,FourHundredGigE1/0/31,1530,541068,1689,549972,0,0
2024/05/24 星期五 00:29:03.250,1716481743250,NH-DC-NM224-J08-ROCE-ST-leaf-4.GPU.S9825,FourHundredGigE1/0/31,0,0,0,0,0,0
2024/05/24 星期五 00:29:03.766,1716481743766,NH-DC-NM224-J08-ROCE-ST-leaf-4.GPU.S9825,FourHundredGigE1/0/31,1467,537978,1756,554229,0,0
2024/05/24 星期五 00:29:04.265,1716481744265,NH-DC-NM224-J08-ROCE-ST-leaf-4.GPU.S9825,FourHundredGigE1/0/31,1309,505446,1743,528974,0,0
2024/05/24 星期五 00:29:04.775,1716481744775,NH-DC-NM224-J08-ROCE-ST-leaf-4.GPU.S9825,FourHundredGigE1/0/31,0,0,0,0,0,0
2024/05/24 星期五 00:29:05.287,1716481745287,NH-DC-NM224-J08-ROCE-ST-leaf-4.GPU.S9825,FourHundredGigE1/0/31,0,0,0,0,0,0
2024/05/24 星期五 00:29:05.791,1716481745791,NH-DC-NM224-J08-ROCE-ST-leaf-4.GPU.S9825,FourHundredGigE1/0/31,2675,857054,2273,834930,0,0
2024/05/24 星期五 00:29:06.289,1716481746289,NH-DC-NM224-J08-ROCE-ST-leaf-4.GPU.S9825,FourHundredGigE1/0/31,3078,970288,2493,938349,0,0
2024/05/24 星期五 00:29:06.789,1716481746789,NH-DC-NM224-J08-ROCE-ST-leaf-4.GPU.S9825,FourHundredGigE1/0/31,0,0,0,0,0,0
2024/05/24 星期五 00:29:07.289,1716481747289,NH-DC-NM224-J08-ROCE-ST-leaf-4.GPU.S9825,FourHundredGigE1/0/31,0,0,0,0,0,0
2024/05/24 星期五 00:29:08.386,1716481748386,NH-DC-NM224-J08-ROCE-ST-leaf-4.GPU.S9825,FourHundredGigE1/0/31,4356,1504236,4478,1511161,0,0
2024/05/24 星期五 00:29:08.889,1716481748889,NH-DC-NM224-J08-ROCE-ST-leaf-4.GPU.S9825,FourHundredGigE1/0/31,0,0,0,0,0,0
2024/05/24 星期五 00:29:09.391,1716481749391,NH-DC-NM224-J08-ROCE-ST-leaf-4.GPU.S9825,FourHundredGigE1/0/31,1201,412266,1257,414634,0,0
2024/05/24 星期五 00:29:09.893,1716481749893,NH-DC-NM224-J08-ROCE-ST-leaf-4.GPU.S9825,FourHundredGigE1/0/31,0,0,0,0,0,0
2024/05/24 星期五 00:29:10.396,1716481750396,NH-DC-NM224-J08-ROCE-ST-leaf-4.GPU.S9825,FourHundredGigE1/0/31,2123,721022,2106,720525,0,0
2024/05/24 星期五 00:29:10.898,1716481750898,NH-DC-NM224-J08-ROCE-ST-leaf-4.GPU.S9825,FourHundredGigE1/0/31,0,0,0,0,0,0
2024/05/24 星期五 00:29:11.398,1716481751398,NH-DC-NM224-J08-ROCE-ST-leaf-4.GPU.S9825,FourHundredGigE1/0/31,0,0,0,0,0,0
2024/05/24 星期五 00:29:11.897,1716481751897,NH-DC-NM224-J08-ROCE-ST-leaf-4.GPU.S9825,FourHundredGigE1/0/31,3055,1022462,2913,1008175,0,0
2024/05/24 星期五 00:29:12.398,1716481752398,NH-DC-NM224-J08-ROCE-ST-leaf-4.GPU.S9825,FourHundredGigE1/0/31,0,0,0,0,0,0
2024/05/24 星期五 00:29:12.898,1716481752898,NH-DC-NM224-J08-ROCE-ST-leaf-4.GPU.S9825,FourHundredGigE1/0/31,2090,696382,1978,690110,0,0
2024/05/24 星期五 00:29:13.397,1716481753397,NH-DC-NM224-J08-ROCE-ST-leaf-4.GPU.S9825,FourHundredGigE1/0/31,0,0,0,0,0,0
2024/05/24 星期五 00:29:13.897,1716481753897,NH-DC-NM224-J08-ROCE-ST-leaf-4.GPU.S9825,FourHundredGigE1/0/31,0,0,0,0,0,0
2024/05/24 星期五 00:29:14.403,1716481754403,NH-DC-NM224-J08-ROCE-ST-leaf-4.GPU.S9825,FourHundredGigE1/0/31,3148,1125988,3518,1152789,0,0
2024/05/24 星期五 00:29:14.913,1716481754913,NH-DC-NM224-J08-ROCE-ST-leaf-4.GPU.S9825,FourHundredGigE1/0/31,0,0,0,0,0,0
2024/05/24 星期五 00:29:15.418,1716481755418,NH-DC-NM224-J08-ROCE-ST-leaf-4.GPU.S9825,FourHundredGigE1/0/31,1983,679010,2009,680660,0,0
2024/05/24 星期五 00:29:15.928,1716481755928,NH-DC-NM224-J08-ROCE-ST-leaf-4.GPU.S9825,FourHundredGigE1/0/31,0,0,0,0,0,0
2024/05/24 星期五 00:29:16.440,1716481756440,NH-DC-NM224-J08-ROCE-ST-leaf-4.GPU.S9825,FourHundredGigE1/0/31,2168,724856,2070,719823,0,0
2024/05/24 星期五 00:29:16.941,1716481756941,NH-DC-NM224-J08-ROCE-ST-leaf-4.GPU.S9825,FourHundredGigE1/0/31,0,0,0,0,0,0
2024/05/24 星期五 00:29:17.443,1716481757443,NH-DC-NM224-J08-ROCE-ST-leaf-4.GPU.S9825,FourHundredGigE1/0/31,0,0,0,0,0,0
2024/05/24 星期五 00:29:17.943,1716481757943,NH-DC-NM224-J08-ROCE-ST-leaf-4.GPU.S9825,FourHundredGigE1/0/31,1996,717868,2264,733719,0,0
2024/05/24 星期五 00:29:18.445,1716481758445,NH-DC-NM224-J08-ROCE-ST-leaf-4.GPU.S9825,FourHundredGigE1/0/31,0,0,0,0,0,0
2024/05/24 星期五 00:29:18.947,1716481758947,NH-DC-NM224-J08-ROCE-ST-leaf-4.GPU.S9825,FourHundredGigE1/0/31,2197,743110,2177,734644,0,0
2024/05/24 星期五 00:29:19.449,1716481759449,NH-DC-NM224-J08-ROCE-ST-leaf-4.GPU.S9825,FourHundredGigE1/0/31,1192,425752,1330,439502,0,0
2024/05/24 星期五 00:29:19.953,1716481759953,NH-DC-NM224-J08-ROCE-ST-leaf-4.GPU.S9825,FourHundredGigE1/0/31,0,0,0,0,0,0
2024/05/24 星期五 00:29:20.455,1716481760455,NH-DC-NM224-J08-ROCE-ST-leaf-4.GPU.S9825,FourHundredGigE1/0/31,2675,888582,2488,878371,0,0
2024/05/24 星期五 00:29:21.460,1716481761460,NH-DC-NM224-J08-ROCE-ST-leaf-4.GPU.S9825,FourHundredGigE1/0/31,0,0,0,0,0,0
2024/05/24 星期五 00:29:21.957,1716481761957,NH-DC-NM224-J08-ROCE-ST-leaf-4.GPU.S9825,FourHundredGigE1/0/31,2324,770856,2203,757939,0,0
2024/05/24 星期五 00:29:22.457,1716481762457,NH-DC-NM224-J08-ROCE-ST-leaf-4.GPU.S9825,FourHundredGigE1/0/31,0,0,0,0,0,0
2024/05/24 星期五 00:29:23.546,1716481763546,NH-DC-NM224-J08-ROCE-ST-leaf-4.GPU.S9825,FourHundredGigE1/0/31,1859,667264,2104,681566,0,0
2024/05/24 星期五 00:29:24.064,1716481764064,NH-DC-NM224-J08-ROCE-ST-leaf-4.GPU.S9825,FourHundredGigE1/0/31,2006,751358,2499,781749,0,0
2024/05/24 星期五 00:29:25.012,1716481765012,NH-DC-NM224-J08-ROCE-ST-leaf-4.GPU.S9825,FourHundredGigE1/0/31,250,117480,486,133412,0,0
2024/05/24 星期五 00:29:25.513,1716481765513,NH-DC-NM224-J08-ROCE-ST-leaf-4.GPU.S9825,FourHundredGigE1/0/31,1044,414872,1499,440546,0,0
2024/05/24 星期五 00:29:26.014,1716481766014,NH-DC-NM224-J08-ROCE-ST-leaf-4.GPU.S9825,FourHundredGigE1/0/31,0,0,0,0,0,0
2024/05/24 星期五 00:29:27.011,1716481767011,NH-DC-NM224-J08-ROCE-ST-leaf-4.GPU.S9825,FourHundredGigE1/0/31,1349,477950,1512,487533,0,0
2024/05/24 星期五 00:29:27.532,1716481767532,NH-DC-NM224-J08-ROCE-ST-leaf-4.GPU.S9825,FourHundredGigE1/0/31,2006,695214,2095,701041,0,0
2024/05/24 星期五 00:29:28.033,1716481768033,NH-DC-NM224-J08-ROCE-ST-leaf-4.GPU.S9825,FourHundredGigE1/0/31,0,0,0,0,0,0
2024/05/24 星期五 00:29:28.533,1716481768533,NH-DC-NM224-J08-ROCE-ST-leaf-4.GPU.S9825,FourHundredGigE1/0/31,0,0,0,0,0,0
2024/05/24 星期五 00:29:29.034,1716481769034,NH-DC-NM224-J08-ROCE-ST-leaf-4.GPU.S9825,FourHundredGigE1/0/31,3329,1107574,3143,1093118,0,0
2024/05/24 星期五 00:29:29.539,1716481769539,NH-DC-NM224-J08-ROCE-ST-leaf-4.GPU.S9825,FourHundredGigE1/0/31,774,255886,709,254962,0,0
2024/05/24 星期五 00:29:30.041,1716481770041,NH-DC-NM224-J08-ROCE-ST-leaf-4.GPU.S9825,FourHundredGigE1/0/31,0,0,0,0,0,0
2024/05/24 星期五 00:29:30.539,1716481770539,NH-DC-NM224-J08-ROCE-ST-leaf-4.GPU.S9825,FourHundredGigE1/0/31,1980,710816,2236,727133,0,0
2024/05/24 星期五 00:29:31.042,1716481771042,NH-DC-NM224-J08-ROCE-ST-leaf-4.GPU.S9825,FourHundredGigE1/0/31,0,0,0,0,0,0
2024/05/24 星期五 00:29:31.545,1716481771545,NH-DC-NM224-J08-ROCE-ST-leaf-4.GPU.S9825,FourHundredGigE1/0/31,0,0,0,0,0,0
2024/05/24 星期五 00:29:32.045,1716481772045,NH-DC-NM224-J08-ROCE-ST-leaf-4.GPU.S9825,FourHundredGigE1/0/31,3644,1169358,3108,1132063,0,0
2024/05/24 星期五 00:29:32.545,1716481772545,NH-DC-NM224-J08-ROCE-ST-leaf-4.GPU.S9825,FourHundredGigE1/0/31,0,0,0,0,0,0
2024/05/24 星期五 00:29:33.046,1716481773046,NH-DC-NM224-J08-ROCE-ST-leaf-4.GPU.S9825,FourHundredGigE1/0/31,2633,891550,2581,890384,0,0
2024/05/24 星期五 00:29:33.545,1716481773545,NH-DC-NM224-J08-ROCE-ST-leaf-4.GPU.S9825,FourHundredGigE1/0/31,0,0,0,0,0,0
2024/05/24 星期五 00:29:34.045,1716481774045,NH-DC-NM224-J08-ROCE-ST-leaf-4.GPU.S9825,FourHundredGigE1/0/31,1941,696448,2207,713545,0,0
2024/05/24 星期五 00:29:34.547,1716481774547,NH-DC-NM224-J08-ROCE-ST-leaf-4.GPU.S9825,FourHundredGigE1/0/31,930,303994,811,298882,0,0
2024/05/24 星期五 00:29:35.049,1716481775049,NH-DC-NM224-J08-ROCE-ST-leaf-4.GPU.S9825,FourHundredGigE1/0/31,0,0,0,0,0,0
2024/05/24 星期五 00:29:35.550,1716481775550,NH-DC-NM224-J08-ROCE-ST-leaf-4.GPU.S9825,FourHundredGigE1/0/31,2604,857012,2369,844046,0,0
2024/05/24 星期五 00:29:36.054,1716481776054,NH-DC-NM224-J08-ROCE-ST-leaf-4.GPU.S9825,FourHundredGigE1/0/31,0,0,0,0,0,0
2024/05/24 星期五 00:29:37.025,1716481777025,NH-DC-NM224-J08-ROCE-ST-leaf-4.GPU.S9825,FourHundredGigE1/0/31,1372,501138,1640,516967,0,0
2024/05/24 星期五 00:29:37.528,1716481777528,NH-DC-NM224-J08-ROCE-ST-leaf-4.GPU.S9825,FourHundredGigE1/0/31,1813,664258,2150,683973,0,0
2024/05/24 星期五 00:29:38.025,1716481778025,NH-DC-NM224-J08-ROCE-ST-leaf-4.GPU.S9825,FourHundredGigE1/0/31,0,0,0,0,0,0
2024/05/24 星期五 00:29:38.528,1716481778528,NH-DC-NM224-J08-ROCE-ST-leaf-4.GPU.S9825,FourHundredGigE1/0/31,1508,542026,1727,554316,0,0
2024/05/24 星期五 00:29:39.030,1716481779030,NH-DC-NM224-J08-ROCE-ST-leaf-4.GPU.S9825,FourHundredGigE1/0/31,0,0,0,0,0,0
2024/05/24 星期五 00:29:39.534,1716481779534,NH-DC-NM224-J08-ROCE-ST-leaf-4.GPU.S9825,FourHundredGigE1/0/31,1951,654408,1872,648634,0,0
2024/05/24 星期五 00:29:40.033,1716481780033,NH-DC-NM224-J08-ROCE-ST-leaf-4.GPU.S9825,FourHundredGigE1/0/31,0,0,0,0,0,0
2024/05/24 星期五 00:29:40.545,1716481780545,NH-DC-NM224-J08-ROCE-ST-leaf-4.GPU.S9825,FourHundredGigE1/0/31,981,382519,1371,409458,0,0
2024/05/24 星期五 00:29:41.045,1716481781045,NH-DC-NM224-J08-ROCE-ST-leaf-4.GPU.S9825,FourHundredGigE1/0/31,0,0,0,0,0,0
2024/05/24 星期五 00:29:41.545,1716481781545,NH-DC-NM224-J08-ROCE-ST-leaf-4.GPU.S9825,FourHundredGigE1/0/31,1894,677108,2124,690637,0,0
2024/05/24 星期五 00:29:42.046,1716481782046,NH-DC-NM224-J08-ROCE-ST-leaf-4.GPU.S9825,FourHundredGigE1/0/31,0,0,0,0,0,0
2024/05/24 星期五 00:29:42.549,1716481782549,NH-DC-NM224-J08-ROCE-ST-leaf-4.GPU.S9825,FourHundredGigE1/0/31,1913,688260,2176,703402,0,0
2024/05/24 星期五 00:29:43.049,1716481783049,NH-DC-NM224-J08-ROCE-ST-leaf-4.GPU.S9825,FourHundredGigE1/0/31,0,0,0,0,0,0
2024/05/24 星期五 00:29:43.551,1716481783551,NH-DC-NM224-J08-ROCE-ST-leaf-4.GPU.S9825,FourHundredGigE1/0/31,0,0,0,0,0,0
2024/05/24 星期五 00:29:44.055,1716481784055,NH-DC-NM224-J08-ROCE-ST-leaf-4.GPU.S9825,FourHundredGigE1/0/31,3158,1051688,3018,1039061,0,0
2024/05/24 星期五 00:29:44.554,1716481784554,NH-DC-NM224-J08-ROCE-ST-leaf-4.GPU.S9825,FourHundredGigE1/0/31,1355,437820,1161,430642,0,0
2024/05/24 星期五 00:29:45.055,1716481785055,NH-DC-NM224-J08-ROCE-ST-leaf-4.GPU.S9825,FourHundredGigE1/0/31,0,0,0,0,0,0
2024/05/24 星期五 00:29:45.555,1716481785555,NH-DC-NM224-J08-ROCE-ST-leaf-4.GPU.S9825,FourHundredGigE1/0/31,2335,741208,1948,719730,0,0
2024/05/24 星期五 00:29:46.053,1716481786053,NH-DC-NM224-J08-ROCE-ST-leaf-4.GPU.S9825,FourHundredGigE1/0/31,0,0,0,0,0,0
2024/05/24 星期五 00:29:46.560,1716481786560,NH-DC-NM224-J08-ROCE-ST-leaf-4.GPU.S9825,FourHundredGigE1/0/31,1740,612404,1890,621065,0,0
2024/05/24 星期五 00:29:47.062,1716481787062,NH-DC-NM224-J08-ROCE-ST-leaf-4.GPU.S9825,FourHundredGigE1/0/31,0,0,0,0,0,0
2024/05/24 星期五 00:29:47.564,1716481787564,NH-DC-NM224-J08-ROCE-ST-leaf-4.GPU.S9825,FourHundredGigE1/0/31,2213,754556,2217,755817,0,0
2024/05/24 星期五 00:29:48.074,1716481788074,NH-DC-NM224-J08-ROCE-ST-leaf-4.GPU.S9825,FourHundredGigE1/0/31,0,0,0,0,0,0
2024/05/24 星期五 00:29:48.575,1716481788575,NH-DC-NM224-J08-ROCE-ST-leaf-4.GPU.S9825,FourHundredGigE1/0/31,2975,969837,2652,961748,0,0
2024/05/24 星期五 00:29:49.076,1716481789076,NH-DC-NM224-J08-ROCE-ST-leaf-4.GPU.S9825,FourHundredGigE1/0/31,0,0,0,0,0,0
2024/05/24 星期五 00:29:49.576,1716481789576,NH-DC-NM224-J08-ROCE-ST-leaf-4.GPU.S9825,FourHundredGigE1/0/31,1290,455770,1426,462036,0,0
2024/05/24 星期五 00:29:50.078,1716481790078,NH-DC-NM224-J08-ROCE-ST-leaf-4.GPU.S9825,FourHundredGigE1/0/31,0,0,0,0,0,0
2024/05/24 星期五 00:29:50.578,1716481790578,NH-DC-NM224-J08-ROCE-ST-leaf-4.GPU.S9825,FourHundredGigE1/0/31,2312,792042,2329,793255,0,0
2024/05/24 星期五 00:29:51.082,1716481791082,NH-DC-NM224-J08-ROCE-ST-leaf-4.GPU.S9825,FourHundredGigE1/0/31,0,0,0,0,0,0
2024/05/24 星期五 00:29:51.584,1716481791584,NH-DC-NM224-J08-ROCE-ST-leaf-4.GPU.S9825,FourHundredGigE1/0/31,2815,909661,2446,891004,0,0
2024/05/24 星期五 00:29:52.085,1716481792085,NH-DC-NM224-J08-ROCE-ST-leaf-4.GPU.S9825,FourHundredGigE1/0/31,0,0,0,0,0,0
2024/05/24 星期五 00:29:52.585,1716481792585,NH-DC-NM224-J08-ROCE-ST-leaf-4.GPU.S9825,FourHundredGigE1/0/31,2015,692190,2059,696568,0,0
2024/05/24 星期五 00:29:53.086,1716481793086,NH-DC-NM224-J08-ROCE-ST-leaf-4.GPU.S9825,FourHundredGigE1/0/31,0,0,0,0,0,0
2024/05/24 星期五 00:29:53.586,1716481793586,NH-DC-NM224-J08-ROCE-ST-leaf-4.GPU.S9825,FourHundredGigE1/0/31,0,0,0,0,0,0
2024/05/24 星期五 00:29:54.087,1716481794087,NH-DC-NM224-J08-ROCE-ST-leaf-4.GPU.S9825,FourHundredGigE1/0/31,3954,1284775,3503,1257760,0,0
2024/05/24 星期五 00:29:54.586,1716481794586,NH-DC-NM224-J08-ROCE-ST-leaf-4.GPU.S9825,FourHundredGigE1/0/31,1142,395638,1160,399370,0,0
2024/05/24 星期五 00:29:55.085,1716481795085,NH-DC-NM224-J08-ROCE-ST-leaf-4.GPU.S9825,FourHundredGigE1/0/31,0,0,0,0,0,0
2024/05/24 星期五 00:29:55.585,1716481795585,NH-DC-NM224-J08-ROCE-ST-leaf-4.GPU.S9825,FourHundredGigE1/0/31,3190,1012914,2629,981700,0,0
2024/05/24 星期五 00:29:57.572,1716481797572,NH-DC-NM224-J08-ROCE-ST-leaf-4.GPU.S9825,FourHundredGigE1/0/31,3147,1148467,3731,1186680,0,0
2024/05/24 星期五 00:29:58.073,1716481798073,NH-DC-NM224-J08-ROCE-ST-leaf-4.GPU.S9825,FourHundredGigE1/0/31,0,0,0,0,0,0
2024/05/24 星期五 00:29:58.577,1716481798577,NH-DC-NM224-J08-ROCE-ST-leaf-4.GPU.S9825,FourHundredGigE1/0/31,1540,569222,1869,587672,0,0
2024/05/24 星期五 00:29:59.077,1716481799077,NH-DC-NM224-J08-ROCE-ST-leaf-4.GPU.S9825,FourHundredGigE1/0/31,0,0,0,0,0,0
2024/05/24 星期五 00:29:59.578,1716481799578,NH-DC-NM224-J08-ROCE-ST-leaf-4.GPU.S9825,FourHundredGigE1/0/31,986,388838,1394,410918,0,0
2024/05/24 星期五 00:30:00.079,1716481800079,NH-DC-NM224-J08-ROCE-ST-leaf-4.GPU.S9825,FourHundredGigE1/0/31,0,0,0,0,0,0
2024/05/24 星期五 00:30:00.581,1716481800581,NH-DC-NM224-J08-ROCE-ST-leaf-4.GPU.S9825,FourHundredGigE1/0/31,1605,566746,1767,576087,0,0
2024/05/24 星期五 00:30:01.081,1716481801081,NH-DC-NM224-J08-ROCE-ST-leaf-4.GPU.S9825,FourHundredGigE1/0/31,0,0,0,0,0,0
2024/05/24 星期五 00:30:01.582,1716481801582,NH-DC-NM224-J08-ROCE-ST-leaf-4.GPU.S9825,FourHundredGigE1/0/31,1933,693821,2187,713107,0,0
2024/05/24 星期五 00:30:02.081,1716481802081,NH-DC-NM224-J08-ROCE-ST-leaf-4.GPU.S9825,FourHundredGigE1/0/31,0,0,0,0,0,0
2024/05/24 星期五 00:30:02.581,1716481802581,NH-DC-NM224-J08-ROCE-ST-leaf-4.GPU.S9825,FourHundredGigE1/0/31,1765,612498,1857,618038,0,0
2024/05/24 星期五 00:30:03.082,1716481803082,NH-DC-NM224-J08-ROCE-ST-leaf-4.GPU.S9825,FourHundredGigE1/0/31,0,0,0,0,0,0
2024/05/24 星期五 00:30:03.581,1716481803581,NH-DC-NM224-J08-ROCE-ST-leaf-4.GPU.S9825,FourHundredGigE1/0/31,2636,839086,2201,814793,0,0
2024/05/24 星期五 00:30:04.084,1716481804084,NH-DC-NM224-J08-ROCE-ST-leaf-4.GPU.S9825,FourHundredGigE1/0/31,0,0,0,0,0,0
2024/05/24 星期五 00:30:04.586,1716481804586,NH-DC-NM224-J08-ROCE-ST-leaf-4.GPU.S9825,FourHundredGigE1/0/31,1305,502156,1726,524956,0,0
2024/05/24 星期五 00:30:05.086,1716481805086,NH-DC-NM224-J08-ROCE-ST-leaf-4.GPU.S9825,FourHundredGigE1/0/31,0,0,0,0,0,0
2024/05/24 星期五 00:30:05.599,1716481805599,NH-DC-NM224-J08-ROCE-ST-leaf-4.GPU.S9825,FourHundredGigE1/0/31,2851,921652,2470,900510,0,0
2024/05/24 星期五 00:30:06.102,1716481806102,NH-DC-NM224-J08-ROCE-ST-leaf-4.GPU.S9825,FourHundredGigE1/0/31,0,0,0,0,0,0
2024/05/24 星期五 00:30:06.605,1716481806605,NH-DC-NM224-J08-ROCE-ST-leaf-4.GPU.S9825,FourHundredGigE1/0/31,1663,575242,1743,580349,0,0
2024/05/24 星期五 00:30:07.105,1716481807105,NH-DC-NM224-J08-ROCE-ST-leaf-4.GPU.S9825,FourHundredGigE1/0/31,0,0,0,0,0,0
2024/05/24 星期五 00:30:07.609,1716481807609,NH-DC-NM224-J08-ROCE-ST-leaf-4.GPU.S9825,FourHundredGigE1/0/31,2010,656002,1817,645649,0,0
2024/05/24 星期五 00:30:08.110,1716481808110,NH-DC-NM224-J08-ROCE-ST-leaf-4.GPU.S9825,FourHundredGigE1/0/31,0,0,0,0,0,0
2024/05/24 星期五 00:30:08.609,1716481808609,NH-DC-NM224-J08-ROCE-ST-leaf-4.GPU.S9825,FourHundredGigE1/0/31,1760,617020,1892,624438,0,0
2024/05/24 星期五 00:30:09.110,1716481809110,NH-DC-NM224-J08-ROCE-ST-leaf-4.GPU.S9825,FourHundredGigE1/0/31,0,0,0,0,0,0
2024/05/24 星期五 00:30:09.612,1716481809612,NH-DC-NM224-J08-ROCE-ST-leaf-4.GPU.S9825,FourHundredGigE1/0/31,2207,754178,2207,753410,0,0
2024/05/24 星期五 00:30:10.111,1716481810111,NH-DC-NM224-J08-ROCE-ST-leaf-4.GPU.S9825,FourHundredGigE1/0/31,0,0,0,0,0,0
2024/05/24 星期五 00:30:10.612,1716481810612,NH-DC-NM224-J08-ROCE-ST-leaf-4.GPU.S9825,FourHundredGigE1/0/31,1153,461272,1667,490317,0,0
2024/05/24 星期五 00:30:11.113,1716481811113,NH-DC-NM224-J08-ROCE-ST-leaf-4.GPU.S9825,FourHundredGigE1/0/31,0,0,0,0,0,0
2024/05/24 星期五 00:30:11.613,1716481811613,NH-DC-NM224-J08-ROCE-ST-leaf-4.GPU.S9825,FourHundredGigE1/0/31,2754,887750,2373,866675,0,0
2024/05/24 星期五 00:30:12.113,1716481812113,NH-DC-NM224-J08-ROCE-ST-leaf-4.GPU.S9825,FourHundredGigE1/0/31,0,0,0,0,0,0
2024/05/24 星期五 00:30:12.618,1716481812618,NH-DC-NM224-J08-ROCE-ST-leaf-4.GPU.S9825,FourHundredGigE1/0/31,2869,917412,2418,892544,0,0
2024/05/24 星期五 00:30:13.117,1716481813117,NH-DC-NM224-J08-ROCE-ST-leaf-4.GPU.S9825,FourHundredGigE1/0/31,0,0,0,0,0,0
2024/05/24 星期五 00:30:13.616,1716481813616,NH-DC-NM224-J08-ROCE-ST-leaf-4.GPU.S9825,FourHundredGigE1/0/31,2137,712154,2022,705781,0,0
2024/05/24 星期五 00:30:14.118,1716481814118,NH-DC-NM224-J08-ROCE-ST-leaf-4.GPU.S9825,FourHundredGigE1/0/31,0,0,0,0,0,0
2024/05/24 星期五 00:30:14.630,1716481814630,NH-DC-NM224-J08-ROCE-ST-leaf-4.GPU.S9825,FourHundredGigE1/0/31,1634,551240,1607,548952,0,0
2024/05/24 星期五 00:30:15.133,1716481815133,NH-DC-NM224-J08-ROCE-ST-leaf-4.GPU.S9825,FourHundredGigE1/0/31,0,0,0,0,0,0
2024/05/24 星期五 00:30:15.640,1716481815640,NH-DC-NM224-J08-ROCE-ST-leaf-4.GPU.S9825,FourHundredGigE1/0/31,1783,662554,2174,685074,0,0
2024/05/24 星期五 00:30:16.143,1716481816143,NH-DC-NM224-J08-ROCE-ST-leaf-4.GPU.S9825,FourHundredGigE1/0/31,0,0,0,0,0,0
2024/05/24 星期五 00:30:16.646,1716481816646,NH-DC-NM224-J08-ROCE-ST-leaf-4.GPU.S9825,FourHundredGigE1/0/31,1806,639752,1985,649607,0,0
2024/05/24 星期五 00:30:17.148,1716481817148,NH-DC-NM224-J08-ROCE-ST-leaf-4.GPU.S9825,FourHundredGigE1/0/31,0,0,0,0,0,0
2024/05/24 星期五 00:30:17.649,1716481817649,NH-DC-NM224-J08-ROCE-ST-leaf-4.GPU.S9825,FourHundredGigE1/0/31,1544,571214,1881,590541,0,0
2024/05/24 星期五 00:30:18.151,1716481818151,NH-DC-NM224-J08-ROCE-ST-leaf-4.GPU.S9825,FourHundredGigE1/0/31,0,0,0,0,0,0
2024/05/24 星期五 00:30:18.653,1716481818653,NH-DC-NM224-J08-ROCE-ST-leaf-4.GPU.S9825,FourHundredGigE1/0/31,3204,1030326,2725,1003528,0,0
2024/05/24 星期五 00:30:19.155,1716481819155,NH-DC-NM224-J08-ROCE-ST-leaf-4.GPU.S9825,FourHundredGigE1/0/31,0,0,0,0,0,0
2024/05/24 星期五 00:30:19.657,1716481819657,NH-DC-NM224-J08-ROCE-ST-leaf-4.GPU.S9825,FourHundredGigE1/0/31,1184,443726,1496,460430,0,0
2024/05/24 星期五 00:30:20.168,1716481820168,NH-DC-NM224-J08-ROCE-ST-leaf-4.GPU.S9825,FourHundredGigE1/0/31,0,0,0,0,0,0
2024/05/24 星期五 00:30:20.668,1716481820668,NH-DC-NM224-J08-ROCE-ST-leaf-4.GPU.S9825,FourHundredGigE1/0/31,1743,600746,1806,604535,0,0
2024/05/24 星期五 00:30:21.170,1716481821170,NH-DC-NM224-J08-ROCE-ST-leaf-4.GPU.S9825,FourHundredGigE1/0/31,0,0,0,0,0,0
2024/05/24 星期五 00:30:21.669,1716481821669,NH-DC-NM224-J08-ROCE-ST-leaf-4.GPU.S9825,FourHundredGigE1/0/31,1704,591554,1797,597023,0,0
2024/05/24 星期五 00:30:22.169,1716481822169,NH-DC-NM224-J08-ROCE-ST-leaf-4.GPU.S9825,FourHundredGigE1/0/31,0,0,0,0,0,0
2024/05/24 星期五 00:30:22.670,1716481822670,NH-DC-NM224-J08-ROCE-ST-leaf-4.GPU.S9825,FourHundredGigE1/0/31,3069,981172,2578,954064,0,0
2024/05/24 星期五 00:30:23.173,1716481823173,NH-DC-NM224-J08-ROCE-ST-leaf-4.GPU.S9825,FourHundredGigE1/0/31,0,0,0,0,0,0
2024/05/24 星期五 00:30:23.681,1716481823681,NH-DC-NM224-J08-ROCE-ST-leaf-4.GPU.S9825,FourHundredGigE1/0/31,1519,568484,1893,589495,0,0
2024/05/24 星期五 00:30:24.183,1716481824183,NH-DC-NM224-J08-ROCE-ST-leaf-4.GPU.S9825,FourHundredGigE1/0/31,0,0,0,0,0,0
2024/05/24 星期五 00:30:25.184,1716481825184,NH-DC-NM224-J08-ROCE-ST-leaf-4.GPU.S9825,FourHundredGigE1/0/31,1663,551988,1572,546116,0,0
2024/05/24 星期五 00:30:25.686,1716481825686,NH-DC-NM224-J08-ROCE-ST-leaf-4.GPU.S9825,FourHundredGigE1/0/31,2430,829310,2420,828944,0,0
2024/05/24 星期五 00:30:26.185,1716481826185,NH-DC-NM224-J08-ROCE-ST-leaf-4.GPU.S9825,FourHundredGigE1/0/31,0,0,0,0,0,0
2024/05/24 星期五 00:30:27.190,1716481827190,NH-DC-NM224-J08-ROCE-ST-leaf-4.GPU.S9825,FourHundredGigE1/0/31,2974,945184,2462,916773,0,0
2024/05/24 星期五 00:30:27.692,1716481827692,NH-DC-NM224-J08-ROCE-ST-leaf-4.GPU.S9825,FourHundredGigE1/0/31,2457,805426,2222,792721,0,0
2024/05/24 星期五 00:30:28.196,1716481828196,NH-DC-NM224-J08-ROCE-ST-leaf-4.GPU.S9825,FourHundredGigE1/0/31,0,0,0,0,0,0
2024/05/24 星期五 00:30:28.697,1716481828697,NH-DC-NM224-J08-ROCE-ST-leaf-4.GPU.S9825,FourHundredGigE1/0/31,2370,793968,2260,787834,0,0
2024/05/24 星期五 00:30:29.198,1716481829198,NH-DC-NM224-J08-ROCE-ST-leaf-4.GPU.S9825,FourHundredGigE1/0/31,0,0,0,0,0,0
2024/05/24 星期五 00:30:29.701,1716481829701,NH-DC-NM224-J08-ROCE-ST-leaf-4.GPU.S9825,FourHundredGigE1/0/31,1229,462452,1562,480332,0,0
2024/05/24 星期五 00:30:30.203,1716481830203,NH-DC-NM224-J08-ROCE-ST-leaf-4.GPU.S9825,FourHundredGigE1/0/31,0,0,0,0,0,0
2024/05/24 星期五 00:30:30.703,1716481830703,NH-DC-NM224-J08-ROCE-ST-leaf-4.GPU.S9825,FourHundredGigE1/0/31,685,311986,1292,346239,0,0
2024/05/24 星期五 00:30:31.206,1716481831206,NH-DC-NM224-J08-ROCE-ST-leaf-4.GPU.S9825,FourHundredGigE1/0/31,0,0,0,0,0,0
2024/05/24 星期五 00:30:31.719,1716481831719,NH-DC-NM224-J08-ROCE-ST-leaf-4.GPU.S9825,FourHundredGigE1/0/31,1710,589160,1942,695449,0,0
2024/05/24 星期五 00:30:32.221,1716481832221,NH-DC-NM224-J08-ROCE-ST-leaf-4.GPU.S9825,FourHundredGigE1/0/31,0,0,0,0,0,0
2024/05/24 星期五 00:30:32.720,1716481832720,NH-DC-NM224-J08-ROCE-ST-leaf-4.GPU.S9825,FourHundredGigE1/0/31,2250,722780,2096,807690,0,0
2024/05/24 星期五 00:30:33.226,1716481833226,NH-DC-NM224-J08-ROCE-ST-leaf-4.GPU.S9825,FourHundredGigE1/0/31,0,0,0,0,0,0
2024/05/24 星期五 00:30:33.736,1716481833736,NH-DC-NM224-J08-ROCE-ST-leaf-4.GPU.S9825,FourHundredGigE1/0/31,2837,910604,2594,989825,0,0
2024/05/24 星期五 00:30:34.240,1716481834240,NH-DC-NM224-J08-ROCE-ST-leaf-4.GPU.S9825,FourHundredGigE1/0/31,2697,849600,2365,922602,0,0
2024/05/24 星期五 00:30:34.742,1716481834742,NH-DC-NM224-J08-ROCE-ST-leaf-4.GPU.S9825,FourHundredGigE1/0/31,0,0,0,0,0,0
2024/05/24 星期五 00:30:35.241,1716481835241,NH-DC-NM224-J08-ROCE-ST-leaf-4.GPU.S9825,FourHundredGigE1/0/31,0,0,0,0,0,0
2024/05/24 星期五 00:30:35.742,1716481835742,NH-DC-NM224-J08-ROCE-ST-leaf-4.GPU.S9825,FourHundredGigE1/0/31,1611,577791,1843,594988,0,0
2024/05/24 星期五 00:30:36.247,1716481836247,NH-DC-NM224-J08-ROCE-ST-leaf-4.GPU.S9825,FourHundredGigE1/0/31,0,0,0,0,0,0
2024/05/24 星期五 00:30:36.751,1716481836751,NH-DC-NM224-J08-ROCE-ST-leaf-4.GPU.S9825,FourHundredGigE1/0/31,2320,802160,2400,807111,0,0
2024/05/24 星期五 00:30:37.253,1716481837253,NH-DC-NM224-J08-ROCE-ST-leaf-4.GPU.S9825,FourHundredGigE1/0/31,0,0,0,0,0,0
2024/05/24 星期五 00:30:37.754,1716481837754,NH-DC-NM224-J08-ROCE-ST-leaf-4.GPU.S9825,FourHundredGigE1/0/31,1170,427184,1410,440885,0,0
2024/05/24 星期五 00:30:38.254,1716481838254,NH-DC-NM224-J08-ROCE-ST-leaf-4.GPU.S9825,FourHundredGigE1/0/31,0,0,0,0,0,0
2024/05/24 星期五 00:30:38.758,1716481838758,NH-DC-NM224-J08-ROCE-ST-leaf-4.GPU.S9825,FourHundredGigE1/0/31,1982,685524,2056,689888,0,0
2024/05/24 星期五 00:30:39.258,1716481839258,NH-DC-NM224-J08-ROCE-ST-leaf-4.GPU.S9825,FourHundredGigE1/0/31,2129,713864,2036,707880,0,0
2024/05/24 星期五 00:30:39.758,1716481839758,NH-DC-NM224-J08-ROCE-ST-leaf-4.GPU.S9825,FourHundredGigE1/0/31,0,0,0,0,0,0
2024/05/24 星期五 00:30:40.261,1716481840261,NH-DC-NM224-J08-ROCE-ST-leaf-4.GPU.S9825,FourHundredGigE1/0/31,0,0,0,0,0,0
2024/05/24 星期五 00:30:40.757,1716481840757,NH-DC-NM224-J08-ROCE-ST-leaf-4.GPU.S9825,FourHundredGigE1/0/31,2182,747185,2208,753732,0,0
2024/05/24 星期五 00:30:41.257,1716481841257,NH-DC-NM224-J08-ROCE-ST-leaf-4.GPU.S9825,FourHundredGigE1/0/31,0,0,0,0,0,0
2024/05/24 星期五 00:30:41.777,1716481841777,NH-DC-NM224-J08-ROCE-ST-leaf-4.GPU.S9825,FourHundredGigE1/0/31,1099,438646,1606,467283,0,0
2024/05/24 星期五 00:30:42.278,1716481842278,NH-DC-NM224-J08-ROCE-ST-leaf-4.GPU.S9825,FourHundredGigE1/0/31,0,0,0,0,0,0
2024/05/24 星期五 00:30:42.782,1716481842782,NH-DC-NM224-J08-ROCE-ST-leaf-4.GPU.S9825,FourHundredGigE1/0/31,2085,698308,2002,694048,0,0
2024/05/24 星期五 00:30:43.282,1716481843282,NH-DC-NM224-J08-ROCE-ST-leaf-4.GPU.S9825,FourHundredGigE1/0/31,0,0,0,0,0,0
2024/05/24 星期五 00:30:43.786,1716481843786,NH-DC-NM224-J08-ROCE-ST-leaf-4.GPU.S9825,FourHundredGigE1/0/31,2349,770930,2133,758901,0,0
2024/05/24 星期五 00:30:44.285,1716481844285,NH-DC-NM224-J08-ROCE-ST-leaf-4.GPU.S9825,FourHundredGigE1/0/31,1569,541378,1673,546410,0,0
2024/05/24 星期五 00:30:44.786,1716481844786,NH-DC-NM224-J08-ROCE-ST-leaf-4.GPU.S9825,FourHundredGigE1/0/31,0,0,0,0,0,0
2024/05/24 星期五 00:30:45.289,1716481845289,NH-DC-NM224-J08-ROCE-ST-leaf-4.GPU.S9825,FourHundredGigE1/0/31,0,0,0,0,0,0
2024/05/24 星期五 00:30:45.791,1716481845791,NH-DC-NM224-J08-ROCE-ST-leaf-4.GPU.S9825,FourHundredGigE1/0/31,1276,477280,1633,497326,0,0
2024/05/24 星期五 00:30:46.294,1716481846294,NH-DC-NM224-J08-ROCE-ST-leaf-4.GPU.S9825,FourHundredGigE1/0/31,0,0,0,0,0,0
2024/05/24 星期五 00:30:48.257,1716481848257,NH-DC-NM224-J08-ROCE-ST-leaf-4.GPU.S9825,FourHundredGigE1/0/31,4209,1427262,4160,1425234,0,0
2024/05/24 星期五 00:30:48.757,1716481848757,NH-DC-NM224-J08-ROCE-ST-leaf-4.GPU.S9825,FourHundredGigE1/0/31,2755,864592,2213,834460,0,0
2024/05/24 星期五 00:30:49.253,1716481849253,NH-DC-NM224-J08-ROCE-ST-leaf-4.GPU.S9825,FourHundredGigE1/0/31,0,0,0,0,0,0
2024/05/24 星期五 00:30:49.749,1716481849749,NH-DC-NM224-J08-ROCE-ST-leaf-4.GPU.S9825,FourHundredGigE1/0/31,1085,421662,1528,465637,0,0
2024/05/24 星期五 00:30:50.249,1716481850249,NH-DC-NM224-J08-ROCE-ST-leaf-4.GPU.S9825,FourHundredGigE1/0/31,0,0,0,0,0,0
2024/05/24 星期五 00:30:50.749,1716481850749,NH-DC-NM224-J08-ROCE-ST-leaf-4.GPU.S9825,FourHundredGigE1/0/31,2009,692722,2066,695981,0,0
2024/05/24 星期五 00:30:51.251,1716481851251,NH-DC-NM224-J08-ROCE-ST-leaf-4.GPU.S9825,FourHundredGigE1/0/31,0,0,0,0,0,0
2024/05/24 星期五 00:30:51.753,1716481851753,NH-DC-NM224-J08-ROCE-ST-leaf-4.GPU.S9825,FourHundredGigE1/0/31,2252,755039,2162,751618,0,0
2024/05/24 星期五 00:30:52.253,1716481852253,NH-DC-NM224-J08-ROCE-ST-leaf-4.GPU.S9825,FourHundredGigE1/0/31,0,0,0,0,0,0
2024/05/24 星期五 00:30:52.753,1716481852753,NH-DC-NM224-J08-ROCE-ST-leaf-4.GPU.S9825,FourHundredGigE1/0/31,1411,545800,1888,572706,0,0
2024/05/24 星期五 00:30:53.254,1716481853254,NH-DC-NM224-J08-ROCE-ST-leaf-4.GPU.S9825,FourHundredGigE1/0/31,0,0,0,0,0,0
2024/05/24 星期五 00:30:53.754,1716481853754,NH-DC-NM224-J08-ROCE-ST-leaf-4.GPU.S9825,FourHundredGigE1/0/31,1742,598070,1791,601269,0,0
2024/05/24 星期五 00:30:54.253,1716481854253,NH-DC-NM224-J08-ROCE-ST-leaf-4.GPU.S9825,FourHundredGigE1/0/31,2187,742739,2165,743208,0,0
2024/05/24 星期五 00:30:54.754,1716481854754,NH-DC-NM224-J08-ROCE-ST-leaf-4.GPU.S9825,FourHundredGigE1/0/31,0,0,0,0,0,0
2024/05/24 星期五 00:30:55.257,1716481855257,NH-DC-NM224-J08-ROCE-ST-leaf-4.GPU.S9825,FourHundredGigE1/0/31,0,0,0,0,0,0
2024/05/24 星期五 00:30:56.201,1716481856201,NH-DC-NM224-J08-ROCE-ST-leaf-4.GPU.S9825,FourHundredGigE1/0/31,964,378410,1358,400474,0,0
2024/05/24 星期五 00:30:56.702,1716481856702,NH-DC-NM224-J08-ROCE-ST-leaf-4.GPU.S9825,FourHundredGigE1/0/31,1428,520125,1696,540195,0,0
2024/05/24 星期五 00:30:57.748,1716481857748,NH-DC-NM224-J08-ROCE-ST-leaf-4.GPU.S9825,FourHundredGigE1/0/31,2078,729022,2226,737773,0,0
2024/05/24 星期五 00:30:58.249,1716481858249,NH-DC-NM224-J08-ROCE-ST-leaf-4.GPU.S9825,FourHundredGigE1/0/31,0,0,0,0,0,0
2024/05/24 星期五 00:30:58.750,1716481858750,NH-DC-NM224-J08-ROCE-ST-leaf-4.GPU.S9825,FourHundredGigE1/0/31,1431,528962,1746,546822,0,0
2024/05/24 星期五 00:30:59.253,1716481859253,NH-DC-NM224-J08-ROCE-ST-leaf-4.GPU.S9825,FourHundredGigE1/0/31,2530,794636,2054,767242,0,0
2024/05/24 星期五 00:30:59.753,1716481859753,NH-DC-NM224-J08-ROCE-ST-leaf-4.GPU.S9825,FourHundredGigE1/0/31,0,0,0,0,0,0
2024/05/24 星期五 00:31:00.255,1716481860255,NH-DC-NM224-J08-ROCE-ST-leaf-4.GPU.S9825,FourHundredGigE1/0/31,0,0,0,0,0,0
2024/05/24 星期五 00:31:00.757,1716481860757,NH-DC-NM224-J08-ROCE-ST-leaf-4.GPU.S9825,FourHundredGigE1/0/31,1339,471680,1479,479587,0,0
2024/05/24 星期五 00:31:01.260,1716481861260,NH-DC-NM224-J08-ROCE-ST-leaf-4.GPU.S9825,FourHundredGigE1/0/31,0,0,0,0,0,0
2024/05/24 星期五 00:31:01.763,1716481861763,NH-DC-NM224-J08-ROCE-ST-leaf-4.GPU.S9825,FourHundredGigE1/0/31,1818,632193,1925,643449,0,0
2024/05/24 星期五 00:31:02.264,1716481862264,NH-DC-NM224-J08-ROCE-ST-leaf-4.GPU.S9825,FourHundredGigE1/0/31,0,0,0,0,0,0
2024/05/24 星期五 00:31:02.766,1716481862766,NH-DC-NM224-J08-ROCE-ST-leaf-4.GPU.S9825,FourHundredGigE1/0/31,2151,758936,2324,768818,0,0
2024/05/24 星期五 00:31:03.267,1716481863267,NH-DC-NM224-J08-ROCE-ST-leaf-4.GPU.S9825,FourHundredGigE1/0/31,2904,917612,2370,887969,0,0
2024/05/24 星期五 00:31:03.781,1716481863781,NH-DC-NM224-J08-ROCE-ST-leaf-4.GPU.S9825,FourHundredGigE1/0/31,0,0,0,0,0,0
2024/05/24 星期五 00:31:04.282,1716481864282,NH-DC-NM224-J08-ROCE-ST-leaf-4.GPU.S9825,FourHundredGigE1/0/31,1991,662850,1882,655978,0,0
2024/05/24 星期五 00:31:04.789,1716481864789,NH-DC-NM224-J08-ROCE-ST-leaf-4.GPU.S9825,FourHundredGigE1/0/31,0,0,0,0,0,0
2024/05/24 星期五 00:31:05.292,1716481865292,NH-DC-NM224-J08-ROCE-ST-leaf-4.GPU.S9825,FourHundredGigE1/0/31,0,0,0,0,0,0
2024/05/24 星期五 00:31:05.805,1716481865805,NH-DC-NM224-J08-ROCE-ST-leaf-4.GPU.S9825,FourHundredGigE1/0/31,1629,619428,2108,646268,0,0
2024/05/24 星期五 00:31:06.305,1716481866305,NH-DC-NM224-J08-ROCE-ST-leaf-4.GPU.S9825,FourHundredGigE1/0/31,0,0,0,0,0,0
2024/05/24 星期五 00:31:06.805,1716481866805,NH-DC-NM224-J08-ROCE-ST-leaf-4.GPU.S9825,FourHundredGigE1/0/31,1521,572984,1924,596179,0,0
2024/05/24 星期五 00:31:07.306,1716481867306,NH-DC-NM224-J08-ROCE-ST-leaf-4.GPU.S9825,FourHundredGigE1/0/31,3399,0,2699,0,0,0
2024/05/24 星期五 00:31:07.809,1716481867809,NH-DC-NM224-J08-ROCE-ST-leaf-4.GPU.S9825,FourHundredGigE1/0/31,0,1061546,0,1021467,0,0
2024/05/24 星期五 00:31:08.309,1716481868309,NH-DC-NM224-J08-ROCE-ST-leaf-4.GPU.S9825,FourHundredGigE1/0/31,737,337674,1398,374946,0,0
2024/05/24 星期五 00:31:08.833,1716481868833,NH-DC-NM224-J08-ROCE-ST-leaf-4.GPU.S9825,FourHundredGigE1/0/31,0,0,0,0,0,0
2024/05/24 星期五 00:31:09.337,1716481869337,NH-DC-NM224-J08-ROCE-ST-leaf-4.GPU.S9825,FourHundredGigE1/0/31,2094,688306,1928,678248,0,0
2024/05/24 星期五 00:31:09.837,1716481869837,NH-DC-NM224-J08-ROCE-ST-leaf-4.GPU.S9825,FourHundredGigE1/0/31,0,0,0,0,0,0
2024/05/24 星期五 00:31:10.339,1716481870339,NH-DC-NM224-J08-ROCE-ST-leaf-4.GPU.S9825,FourHundredGigE1/0/31,2088,728244,2200,734583,0,0
2024/05/24 星期五 00:31:10.842,1716481870842,NH-DC-NM224-J08-ROCE-ST-leaf-4.GPU.S9825,FourHundredGigE1/0/31,0,0,0,0,0,0
2024/05/24 星期五 00:31:11.345,1716481871345,NH-DC-NM224-J08-ROCE-ST-leaf-4.GPU.S9825,FourHundredGigE1/0/31,0,0,0,0,0,0
2024/05/24 星期五 00:31:11.848,1716481871848,NH-DC-NM224-J08-ROCE-ST-leaf-4.GPU.S9825,FourHundredGigE1/0/31,3631,1161694,3096,1127939,0,0
2024/05/24 星期五 00:31:12.352,1716481872352,NH-DC-NM224-J08-ROCE-ST-leaf-4.GPU.S9825,FourHundredGigE1/0/31,0,0,0,0,0,0
2024/05/24 星期五 00:31:12.849,1716481872849,NH-DC-NM224-J08-ROCE-ST-leaf-4.GPU.S9825,FourHundredGigE1/0/31,0,0,0,0,0,0
2024/05/24 星期五 00:31:13.349,1716481873349,NH-DC-NM224-J08-ROCE-ST-leaf-4.GPU.S9825,FourHundredGigE1/0/31,2300,799764,2415,808144,0,0
2024/05/24 星期五 00:31:13.852,1716481873852,NH-DC-NM224-J08-ROCE-ST-leaf-4.GPU.S9825,FourHundredGigE1/0/31,0,0,0,0,0,0
2024/05/24 星期五 00:31:14.373,1716481874373,NH-DC-NM224-J08-ROCE-ST-leaf-4.GPU.S9825,FourHundredGigE1/0/31,2043,747734,2418,770749,0,0
2024/05/24 星期五 00:31:14.875,1716481874875,NH-DC-NM224-J08-ROCE-ST-leaf-4.GPU.S9825,FourHundredGigE1/0/31,0,0,0,0,0,0
2024/05/24 星期五 00:31:15.378,1716481875378,NH-DC-NM224-J08-ROCE-ST-leaf-4.GPU.S9825,FourHundredGigE1/0/31,0,0,0,0,0,0
2024/05/24 星期五 00:31:15.881,1716481875881,NH-DC-NM224-J08-ROCE-ST-leaf-4.GPU.S9825,FourHundredGigE1/0/31,2316,804140,2419,811351,0,0
2024/05/24 星期五 00:31:16.383,1716481876383,NH-DC-NM224-J08-ROCE-ST-leaf-4.GPU.S9825,FourHundredGigE1/0/31,0,0,0,0,0,0
2024/05/24 星期五 00:31:16.886,1716481876886,NH-DC-NM224-J08-ROCE-ST-leaf-4.GPU.S9825,FourHundredGigE1/0/31,2147,714906,2052,702214,0,0
2024/05/24 星期五 00:31:17.387,1716481877387,NH-DC-NM224-J08-ROCE-ST-leaf-4.GPU.S9825,FourHundredGigE1/0/31,0,0,0,0,0,0
2024/05/24 星期五 00:31:17.890,1716481877890,NH-DC-NM224-J08-ROCE-ST-leaf-4.GPU.S9825,FourHundredGigE1/0/31,0,0,0,0,0,0
2024/05/24 星期五 00:31:18.389,1716481878389,NH-DC-NM224-J08-ROCE-ST-leaf-4.GPU.S9825,FourHundredGigE1/0/31,3364,1101578,3002,1080155,0,0
2024/05/24 星期五 00:31:18.889,1716481878889,NH-DC-NM224-J08-ROCE-ST-leaf-4.GPU.S9825,FourHundredGigE1/0/31,0,0,0,0,0,0
2024/05/24 星期五 00:31:19.389,1716481879389,NH-DC-NM224-J08-ROCE-ST-leaf-4.GPU.S9825,FourHundredGigE1/0/31,1709,641034,2177,674500,0,0
2024/05/24 星期五 00:31:19.888,1716481879888,NH-DC-NM224-J08-ROCE-ST-leaf-4.GPU.S9825,FourHundredGigE1/0/31,0,0,0,0,0,0
2024/05/24 星期五 00:31:20.390,1716481880390,NH-DC-NM224-J08-ROCE-ST-leaf-4.GPU.S9825,FourHundredGigE1/0/31,1576,558098,1743,567517,0,0
2024/05/24 星期五 00:31:20.903,1716481880903,NH-DC-NM224-J08-ROCE-ST-leaf-4.GPU.S9825,FourHundredGigE1/0/31,0,0,0,0,0,0
2024/05/24 星期五 00:31:21.405,1716481881405,NH-DC-NM224-J08-ROCE-ST-leaf-4.GPU.S9825,FourHundredGigE1/0/31,0,0,0,0,0,0
2024/05/24 星期五 00:31:21.909,1716481881909,NH-DC-NM224-J08-ROCE-ST-leaf-4.GPU.S9825,FourHundredGigE1/0/31,2320,779838,2272,771203,0,0
2024/05/24 星期五 00:31:22.410,1716481882410,NH-DC-NM224-J08-ROCE-ST-leaf-4.GPU.S9825,FourHundredGigE1/0/31,0,0,0,0,0,0
2024/05/24 星期五 00:31:22.910,1716481882910,NH-DC-NM224-J08-ROCE-ST-leaf-4.GPU.S9825,FourHundredGigE1/0/31,4149,1286996,3194,1235456,0,0
2024/05/24 星期五 00:31:23.412,1716481883412,NH-DC-NM224-J08-ROCE-ST-leaf-4.GPU.S9825,FourHundredGigE1/0/31,0,0,0,0,0,0
2024/05/24 星期五 00:31:23.914,1716481883914,NH-DC-NM224-J08-ROCE-ST-leaf-4.GPU.S9825,FourHundredGigE1/0/31,0,0,0,0,0,0
2024/05/24 星期五 00:31:24.413,1716481884413,NH-DC-NM224-J08-ROCE-ST-leaf-4.GPU.S9825,FourHundredGigE1/0/31,2515,882440,2709,897453,0,0
2024/05/24 星期五 00:31:24.914,1716481884914,NH-DC-NM224-J08-ROCE-ST-leaf-4.GPU.S9825,FourHundredGigE1/0/31,0,0,0,0,0,0
2024/05/24 星期五 00:31:25.417,1716481885417,NH-DC-NM224-J08-ROCE-ST-leaf-4.GPU.S9825,FourHundredGigE1/0/31,0,0,0,0,0,0
2024/05/24 星期五 00:31:25.917,1716481885917,NH-DC-NM224-J08-ROCE-ST-leaf-4.GPU.S9825,FourHundredGigE1/0/31,2877,925322,2466,903149,0,0
2024/05/24 星期五 00:31:26.418,1716481886418,NH-DC-NM224-J08-ROCE-ST-leaf-4.GPU.S9825,FourHundredGigE1/0/31,2660,862768,2329,844232,0,0
2024/05/24 星期五 00:31:26.925,1716481886925,NH-DC-NM224-J08-ROCE-ST-leaf-4.GPU.S9825,FourHundredGigE1/0/31,0,0,0,0,0,0
2024/05/24 星期五 00:31:27.426,1716481887426,NH-DC-NM224-J08-ROCE-ST-leaf-4.GPU.S9825,FourHundredGigE1/0/31,0,0,0,0,0,0
2024/05/24 星期五 00:31:27.925,1716481887925,NH-DC-NM224-J08-ROCE-ST-leaf-4.GPU.S9825,FourHundredGigE1/0/31,1809,641250,1996,652371,0,0
2024/05/24 星期五 00:31:28.427,1716481888427,NH-DC-NM224-J08-ROCE-ST-leaf-4.GPU.S9825,FourHundredGigE1/0/31,0,0,0,0,0,0
2024/05/24 星期五 00:31:28.929,1716481888929,NH-DC-NM224-J08-ROCE-ST-leaf-4.GPU.S9825,FourHundredGigE1/0/31,1151,428740,1445,445230,0,0
2024/05/24 星期五 00:31:29.431,1716481889431,NH-DC-NM224-J08-ROCE-ST-leaf-4.GPU.S9825,FourHundredGigE1/0/31,1337,476018,1528,483790,0,0
2024/05/24 星期五 00:31:29.933,1716481889933,NH-DC-NM224-J08-ROCE-ST-leaf-4.GPU.S9825,FourHundredGigE1/0/31,0,0,0,0,0,0
2024/05/24 星期五 00:31:30.435,1716481890435,NH-DC-NM224-J08-ROCE-ST-leaf-4.GPU.S9825,FourHundredGigE1/0/31,1272,477126,1609,496065,0,0
2024/05/24 星期五 00:31:30.938,1716481890938,NH-DC-NM224-J08-ROCE-ST-leaf-4.GPU.S9825,FourHundredGigE1/0/31,0,0,0,0,0,0
2024/05/24 星期五 00:31:31.437,1716481891437,NH-DC-NM224-J08-ROCE-ST-leaf-4.GPU.S9825,FourHundredGigE1/0/31,0,0,0,0,0,0
2024/05/24 星期五 00:31:31.937,1716481891937,NH-DC-NM224-J08-ROCE-ST-leaf-4.GPU.S9825,FourHundredGigE1/0/31,4028,1285908,3379,1244005,0,0
2024/05/24 星期五 00:31:32.437,1716481892437,NH-DC-NM224-J08-ROCE-ST-leaf-4.GPU.S9825,FourHundredGigE1/0/31,0,0,0,0,0,0
2024/05/24 星期五 00:31:32.938,1716481892938,NH-DC-NM224-J08-ROCE-ST-leaf-4.GPU.S9825,FourHundredGigE1/0/31,3886,1175978,2815,1115018,0,0
2024/05/24 星期五 00:31:33.439,1716481893439,NH-DC-NM224-J08-ROCE-ST-leaf-4.GPU.S9825,FourHundredGigE1/0/31,0,0,0,0,0,0
2024/05/24 星期五 00:31:34.434,1716481894434,NH-DC-NM224-J08-ROCE-ST-leaf-4.GPU.S9825,FourHundredGigE1/0/31,2945,1029200,3129,1044623,0,0
2024/05/24 星期五 00:31:34.944,1716481894944,NH-DC-NM224-J08-ROCE-ST-leaf-4.GPU.S9825,FourHundredGigE1/0/31,0,0,0,0,0,0
2024/05/24 星期五 00:31:35.445,1716481895445,NH-DC-NM224-J08-ROCE-ST-leaf-4.GPU.S9825,FourHundredGigE1/0/31,1888,663296,2062,671474,0,0
2024/05/24 星期五 00:31:35.946,1716481895946,NH-DC-NM224-J08-ROCE-ST-leaf-4.GPU.S9825,FourHundredGigE1/0/31,0,0,0,0,0,0
2024/05/24 星期五 00:31:36.447,1716481896447,NH-DC-NM224-J08-ROCE-ST-leaf-4.GPU.S9825,FourHundredGigE1/0/31,1937,669864,2012,674691,0,0
2024/05/24 星期五 00:31:36.945,1716481896945,NH-DC-NM224-J08-ROCE-ST-leaf-4.GPU.S9825,FourHundredGigE1/0/31,0,0,0,0,0,0
2024/05/24 星期五 00:31:37.446,1716481897446,NH-DC-NM224-J08-ROCE-ST-leaf-4.GPU.S9825,FourHundredGigE1/0/31,0,0,0,0,0,0
2024/05/24 星期五 00:31:37.945,1716481897945,NH-DC-NM224-J08-ROCE-ST-leaf-4.GPU.S9825,FourHundredGigE1/0/31,1447,540216,1871,561865,0,0
2024/05/24 星期五 00:31:38.445,1716481898445,NH-DC-NM224-J08-ROCE-ST-leaf-4.GPU.S9825,FourHundredGigE1/0/31,0,0,0,0,0,0
2024/05/24 星期五 00:31:38.945,1716481898945,NH-DC-NM224-J08-ROCE-ST-leaf-4.GPU.S9825,FourHundredGigE1/0/31,1620,566390,1772,573556,0,0
2024/05/24 星期五 00:31:39.445,1716481899445,NH-DC-NM224-J08-ROCE-ST-leaf-4.GPU.S9825,FourHundredGigE1/0/31,1448,487052,1450,484240,0,0
2024/05/24 星期五 00:31:39.946,1716481899946,NH-DC-NM224-J08-ROCE-ST-leaf-4.GPU.S9825,FourHundredGigE1/0/31,0,0,0,0,0,0
2024/05/24 星期五 00:31:40.449,1716481900449,NH-DC-NM224-J08-ROCE-ST-leaf-4.GPU.S9825,FourHundredGigE1/0/31,1759,611791,1863,622520,0,0
2024/05/24 星期五 00:31:40.949,1716481900949,NH-DC-NM224-J08-ROCE-ST-leaf-4.GPU.S9825,FourHundredGigE1/0/31,0,0,0,0,0,0
2024/05/24 星期五 00:31:41.449,1716481901449,NH-DC-NM224-J08-ROCE-ST-leaf-4.GPU.S9825,FourHundredGigE1/0/31,2123,703518,1990,696913,0,0
2024/05/24 星期五 00:31:41.954,1716481901954,NH-DC-NM224-J08-ROCE-ST-leaf-4.GPU.S9825,FourHundredGigE1/0/31,0,0,0,0,0,0
2024/05/24 星期五 00:31:42.462,1716481902462,NH-DC-NM224-J08-ROCE-ST-leaf-4.GPU.S9825,FourHundredGigE1/0/31,1285,460772,1478,471580,0,0
2024/05/24 星期五 00:31:42.966,1716481902966,NH-DC-NM224-J08-ROCE-ST-leaf-4.GPU.S9825,FourHundredGigE1/0/31,0,0,0,0,0,0
2024/05/24 星期五 00:31:43.469,1716481903469,NH-DC-NM224-J08-ROCE-ST-leaf-4.GPU.S9825,FourHundredGigE1/0/31,0,0,0,0,0,0
2024/05/24 星期五 00:31:43.969,1716481903969,NH-DC-NM224-J08-ROCE-ST-leaf-4.GPU.S9825,FourHundredGigE1/0/31,2473,897524,2880,915727,0,0
2024/05/24 星期五 00:31:44.470,1716481904470,NH-DC-NM224-J08-ROCE-ST-leaf-4.GPU.S9825,FourHundredGigE1/0/31,369,173278,718,196710,0,0
2024/05/24 星期五 00:31:44.972,1716481904972,NH-DC-NM224-J08-ROCE-ST-leaf-4.GPU.S9825,FourHundredGigE1/0/31,0,0,0,0,0,0
2024/05/24 星期五 00:31:45.473,1716481905473,NH-DC-NM224-J08-ROCE-ST-leaf-4.GPU.S9825,FourHundredGigE1/0/31,2671,865292,2350,847284,0,0
2024/05/24 星期五 00:31:45.976,1716481905976,NH-DC-NM224-J08-ROCE-ST-leaf-4.GPU.S9825,FourHundredGigE1/0/31,0,0,0,0,0,0
2024/05/24 星期五 00:31:46.477,1716481906477,NH-DC-NM224-J08-ROCE-ST-leaf-4.GPU.S9825,FourHundredGigE1/0/31,1194,476316,1731,506703,0,0
2024/05/24 星期五 00:31:46.977,1716481906977,NH-DC-NM224-J08-ROCE-ST-leaf-4.GPU.S9825,FourHundredGigE1/0/31,0,0,0,0,0,0
2024/05/24 星期五 00:31:47.478,1716481907478,NH-DC-NM224-J08-ROCE-ST-leaf-4.GPU.S9825,FourHundredGigE1/0/31,1769,610994,1848,616455,0,0
2024/05/24 星期五 00:31:47.981,1716481907981,NH-DC-NM224-J08-ROCE-ST-leaf-4.GPU.S9825,FourHundredGigE1/0/31,0,0,0,0,0,0
2024/05/24 星期五 00:31:48.485,1716481908485,NH-DC-NM224-J08-ROCE-ST-leaf-4.GPU.S9825,FourHundredGigE1/0/31,0,0,0,0,0,0
2024/05/24 星期五 00:31:48.985,1716481908985,NH-DC-NM224-J08-ROCE-ST-leaf-4.GPU.S9825,FourHundredGigE1/0/31,2937,993871,2673,932016,0,0
2024/05/24 星期五 00:31:49.486,1716481909486,NH-DC-NM224-J08-ROCE-ST-leaf-4.GPU.S9825,FourHundredGigE1/0/31,2163,676768,1709,657390,0,0
2024/05/24 星期五 00:31:49.985,1716481909985,NH-DC-NM224-J08-ROCE-ST-leaf-4.GPU.S9825,FourHundredGigE1/0/31,0,0,0,0,0,0
2024/05/24 星期五 00:31:50.486,1716481910486,NH-DC-NM224-J08-ROCE-ST-leaf-4.GPU.S9825,FourHundredGigE1/0/31,2345,738256,1913,714131,0,0
2024/05/24 星期五 00:31:51.002,1716481911002,NH-DC-NM224-J08-ROCE-ST-leaf-4.GPU.S9825,FourHundredGigE1/0/31,0,0,0,0,0,0
2024/05/24 星期五 00:31:51.502,1716481911502,NH-DC-NM224-J08-ROCE-ST-leaf-4.GPU.S9825,FourHundredGigE1/0/31,2087,694139,1979,690292,0,0
2024/05/24 星期五 00:31:52.002,1716481912002,NH-DC-NM224-J08-ROCE-ST-leaf-4.GPU.S9825,FourHundredGigE1/0/31,0,0,0,0,0,0
2024/05/24 星期五 00:31:52.505,1716481912505,NH-DC-NM224-J08-ROCE-ST-leaf-4.GPU.S9825,FourHundredGigE1/0/31,1168,468674,1694,498130,0,0
2024/05/24 星期五 00:31:53.006,1716481913006,NH-DC-NM224-J08-ROCE-ST-leaf-4.GPU.S9825,FourHundredGigE1/0/31,0,0,0,0,0,0
2024/05/24 星期五 00:31:53.506,1716481913506,NH-DC-NM224-J08-ROCE-ST-leaf-4.GPU.S9825,FourHundredGigE1/0/31,0,0,0,0,0,0
2024/05/24 星期五 00:31:54.010,1716481914010,NH-DC-NM224-J08-ROCE-ST-leaf-4.GPU.S9825,FourHundredGigE1/0/31,1363,540057,1991,575186,0,0
2024/05/24 星期五 00:31:54.513,1716481914513,NH-DC-NM224-J08-ROCE-ST-leaf-4.GPU.S9825,FourHundredGigE1/0/31,238,109854,458,125084,0,0
2024/05/24 星期五 00:31:55.015,1716481915015,NH-DC-NM224-J08-ROCE-ST-leaf-4.GPU.S9825,FourHundredGigE1/0/31,0,0,0,0,0,0
2024/05/24 星期五 00:31:55.513,1716481915513,NH-DC-NM224-J08-ROCE-ST-leaf-4.GPU.S9825,FourHundredGigE1/0/31,1619,567084,1747,574260,0,0
2024/05/24 星期五 00:31:56.013,1716481916013,NH-DC-NM224-J08-ROCE-ST-leaf-4.GPU.S9825,FourHundredGigE1/0/31,0,0,0,0,0,0
2024/05/24 星期五 00:31:56.515,1716481916515,NH-DC-NM224-J08-ROCE-ST-leaf-4.GPU.S9825,FourHundredGigE1/0/31,1510,564575,1887,590749,0,0
2024/05/24 星期五 00:31:57.022,1716481917022,NH-DC-NM224-J08-ROCE-ST-leaf-4.GPU.S9825,FourHundredGigE1/0/31,2593,828802,2192,806607,0,0
2024/05/24 星期五 00:31:57.767,1716481917767,NH-DC-NM224-J08-ROCE-ST-leaf-4.GPU.S9825,FourHundredGigE1/0/31,0,0,0,0,0,0
2024/05/24 星期五 00:31:58.271,1716481918271,NH-DC-NM224-J08-ROCE-ST-leaf-4.GPU.S9825,FourHundredGigE1/0/31,0,0,0,0,0,0
2024/05/24 星期五 00:31:58.773,1716481918773,NH-DC-NM224-J08-ROCE-ST-leaf-4.GPU.S9825,FourHundredGigE1/0/31,2026,696740,2070,699230,0,0
2024/05/24 星期五 00:31:59.277,1716481919277,NH-DC-NM224-J08-ROCE-ST-leaf-4.GPU.S9825,FourHundredGigE1/0/31,983,383838,1365,404842,0,0
2024/05/24 星期五 00:31:59.781,1716481919781,NH-DC-NM224-J08-ROCE-ST-leaf-4.GPU.S9825,FourHundredGigE1/0/31,0,0,0,0,0,0
2024/05/24 星期五 00:32:00.287,1716481920287,NH-DC-NM224-J08-ROCE-ST-leaf-4.GPU.S9825,FourHundredGigE1/0/31,0,0,0,0,0,0
2024/05/24 星期五 00:32:00.788,1716481920788,NH-DC-NM224-J08-ROCE-ST-leaf-4.GPU.S9825,FourHundredGigE1/0/31,1016,394900,1400,416471,0,0
2024/05/24 星期五 00:32:01.289,1716481921289,NH-DC-NM224-J08-ROCE-ST-leaf-4.GPU.S9825,FourHundredGigE1/0/31,0,0,0,0,0,0
2024/05/24 星期五 00:32:01.790,1716481921790,NH-DC-NM224-J08-ROCE-ST-leaf-4.GPU.S9825,FourHundredGigE1/0/31,2165,747653,2287,754899,0,0
2024/05/24 星期五 00:32:02.291,1716481922291,NH-DC-NM224-J08-ROCE-ST-leaf-4.GPU.S9825,FourHundredGigE1/0/31,0,0,0,0,0,0
2024/05/24 星期五 00:32:02.793,1716481922793,NH-DC-NM224-J08-ROCE-ST-leaf-4.GPU.S9825,FourHundredGigE1/0/31,0,0,0,0,0,0
2024/05/24 星期五 00:32:03.297,1716481923297,NH-DC-NM224-J08-ROCE-ST-leaf-4.GPU.S9825,FourHundredGigE1/0/31,3226,1052248,2869,1034778,0,0
2024/05/24 星期五 00:32:03.798,1716481923798,NH-DC-NM224-J08-ROCE-ST-leaf-4.GPU.S9825,FourHundredGigE1/0/31,0,0,0,0,0,0
2024/05/24 星期五 00:32:04.302,1716481924302,NH-DC-NM224-J08-ROCE-ST-leaf-4.GPU.S9825,FourHundredGigE1/0/31,2398,839008,2552,849647,0,0
2024/05/24 星期五 00:32:04.803,1716481924803,NH-DC-NM224-J08-ROCE-ST-leaf-4.GPU.S9825,FourHundredGigE1/0/31,0,0,0,0,0,0
2024/05/24 星期五 00:32:05.305,1716481925305,NH-DC-NM224-J08-ROCE-ST-leaf-4.GPU.S9825,FourHundredGigE1/0/31,2100,718842,2118,719850,0,0
2024/05/24 星期五 00:32:05.806,1716481925806,NH-DC-NM224-J08-ROCE-ST-leaf-4.GPU.S9825,FourHundredGigE1/0/31,0,0,0,0,0,0
2024/05/24 星期五 00:32:06.305,1716481926305,NH-DC-NM224-J08-ROCE-ST-leaf-4.GPU.S9825,FourHundredGigE1/0/31,0,0,0,0,0,0
2024/05/24 星期五 00:32:06.805,1716481926805,NH-DC-NM224-J08-ROCE-ST-leaf-4.GPU.S9825,FourHundredGigE1/0/31,2356,756400,2025,738491,0,0
2024/05/24 星期五 00:32:07.322,1716481927322,NH-DC-NM224-J08-ROCE-ST-leaf-4.GPU.S9825,FourHundredGigE1/0/31,2157,722918,2070,718307,0,0
2024/05/24 星期五 00:32:07.823,1716481927823,NH-DC-NM224-J08-ROCE-ST-leaf-4.GPU.S9825,FourHundredGigE1/0/31,0,0,0,0,0,0
2024/05/24 星期五 00:32:08.325,1716481928325,NH-DC-NM224-J08-ROCE-ST-leaf-4.GPU.S9825,FourHundredGigE1/0/31,1919,639064,1823,633714,0,0
2024/05/24 星期五 00:32:08.828,1716481928828,NH-DC-NM224-J08-ROCE-ST-leaf-4.GPU.S9825,FourHundredGigE1/0/31,0,0,0,0,0,0
2024/05/24 星期五 00:32:10.544,1716481930544,NH-DC-NM224-J08-ROCE-ST-leaf-4.GPU.S9825,FourHundredGigE1/0/31,3052,1103572,3533,1130187,0,0
2024/05/24 星期五 00:32:11.046,1716481931046,NH-DC-NM224-J08-ROCE-ST-leaf-4.GPU.S9825,FourHundredGigE1/0/31,0,0,0,0,0,0
2024/05/24 星期五 00:32:11.552,1716481931552,NH-DC-NM224-J08-ROCE-ST-leaf-4.GPU.S9825,FourHundredGigE1/0/31,0,0,0,0,0,0
2024/05/24 星期五 00:32:12.065,1716481932065,NH-DC-NM224-J08-ROCE-ST-leaf-4.GPU.S9825,FourHundredGigE1/0/31,2399,820616,2442,817077,0,0
2024/05/24 星期五 00:32:12.566,1716481932566,NH-DC-NM224-J08-ROCE-ST-leaf-4.GPU.S9825,FourHundredGigE1/0/31,0,0,0,0,0,0
2024/05/24 星期五 00:32:13.067,1716481933067,NH-DC-NM224-J08-ROCE-ST-leaf-4.GPU.S9825,FourHundredGigE1/0/31,2580,829396,2215,809344,0,0
2024/05/24 星期五 00:32:13.569,1716481933569,NH-DC-NM224-J08-ROCE-ST-leaf-4.GPU.S9825,FourHundredGigE1/0/31,0,0,0,0,0,0
2024/05/24 星期五 00:32:14.070,1716481934070,NH-DC-NM224-J08-ROCE-ST-leaf-4.GPU.S9825,FourHundredGigE1/0/31,1819,674788,2243,702285,0,0
2024/05/24 星期五 00:32:14.569,1716481934569,NH-DC-NM224-J08-ROCE-ST-leaf-4.GPU.S9825,FourHundredGigE1/0/31,1067,323092,757,307486,0,0
2024/05/24 星期五 00:32:15.070,1716481935070,NH-DC-NM224-J08-ROCE-ST-leaf-4.GPU.S9825,FourHundredGigE1/0/31,0,0,0,0,0,0
2024/05/24 星期五 00:32:15.573,1716481935573,NH-DC-NM224-J08-ROCE-ST-leaf-4.GPU.S9825,FourHundredGigE1/0/31,1161,466538,1691,496412,0,0
2024/05/24 星期五 00:32:16.074,1716481936074,NH-DC-NM224-J08-ROCE-ST-leaf-4.GPU.S9825,FourHundredGigE1/0/31,0,0,0,0,0,0
2024/05/24 星期五 00:32:16.577,1716481936577,NH-DC-NM224-J08-ROCE-ST-leaf-4.GPU.S9825,FourHundredGigE1/0/31,2416,775958,2073,756817,0,0
2024/05/24 星期五 00:32:17.081,1716481937081,NH-DC-NM224-J08-ROCE-ST-leaf-4.GPU.S9825,FourHundredGigE1/0/31,0,0,0,0,0,0
2024/05/24 星期五 00:32:17.591,1716481937591,NH-DC-NM224-J08-ROCE-ST-leaf-4.GPU.S9825,FourHundredGigE1/0/31,1754,597420,1768,598465,0,0
2024/05/24 星期五 00:32:18.111,1716481938111,NH-DC-NM224-J08-ROCE-ST-leaf-4.GPU.S9825,FourHundredGigE1/0/31,0,0,0,0,0,0
2024/05/24 星期五 00:32:18.635,1716481938635,NH-DC-NM224-J08-ROCE-ST-leaf-4.GPU.S9825,FourHundredGigE1/0/31,2319,772724,2187,765552,0,0
2024/05/24 星期五 00:32:19.138,1716481939138,NH-DC-NM224-J08-ROCE-ST-leaf-4.GPU.S9825,FourHundredGigE1/0/31,0,0,0,0,0,0
2024/05/24 星期五 00:32:19.642,1716481939642,NH-DC-NM224-J08-ROCE-ST-leaf-4.GPU.S9825,FourHundredGigE1/0/31,2042,677902,1912,670040,0,0
2024/05/24 星期五 00:32:20.144,1716481940144,NH-DC-NM224-J08-ROCE-ST-leaf-4.GPU.S9825,FourHundredGigE1/0/31,0,0,0,0,0,0
2024/05/24 星期五 00:32:20.644,1716481940644,NH-DC-NM224-J08-ROCE-ST-leaf-4.GPU.S9825,FourHundredGigE1/0/31,4261,1304146,3140,1241631,0,0
2024/05/24 星期五 00:32:21.146,1716481941146,NH-DC-NM224-J08-ROCE-ST-leaf-4.GPU.S9825,FourHundredGigE1/0/31,0,0,0,0,0,0
2024/05/24 星期五 00:32:21.648,1716481941648,NH-DC-NM224-J08-ROCE-ST-leaf-4.GPU.S9825,FourHundredGigE1/0/31,589,264992,1101,293731,0,0
2024/05/24 星期五 00:32:22.149,1716481942149,NH-DC-NM224-J08-ROCE-ST-leaf-4.GPU.S9825,FourHundredGigE1/0/31,0,0,0,0,0,0
2024/05/24 星期五 00:32:22.649,1716481942649,NH-DC-NM224-J08-ROCE-ST-leaf-4.GPU.S9825,FourHundredGigE1/0/31,2336,781568,2225,775740,0,0
2024/05/24 星期五 00:32:23.154,1716481943154,NH-DC-NM224-J08-ROCE-ST-leaf-4.GPU.S9825,FourHundredGigE1/0/31,0,0,0,0,0,0
2024/05/24 星期五 00:32:23.655,1716481943655,NH-DC-NM224-J08-ROCE-ST-leaf-4.GPU.S9825,FourHundredGigE1/0/31,2860,915578,2415,890725,0,0
2024/05/24 星期五 00:32:24.156,1716481944156,NH-DC-NM224-J08-ROCE-ST-leaf-4.GPU.S9825,FourHundredGigE1/0/31,0,0,0,0,0,0
2024/05/24 星期五 00:32:24.658,1716481944658,NH-DC-NM224-J08-ROCE-ST-leaf-4.GPU.S9825,FourHundredGigE1/0/31,1626,572262,1764,579408,0,0
2024/05/24 星期五 00:32:25.162,1716481945162,NH-DC-NM224-J08-ROCE-ST-leaf-4.GPU.S9825,FourHundredGigE1/0/31,0,0,0,0,0,0
2024/05/24 星期五 00:32:25.667,1716481945667,NH-DC-NM224-J08-ROCE-ST-leaf-4.GPU.S9825,FourHundredGigE1/0/31,1471,518092,1618,526526,0,0
2024/05/24 星期五 00:32:26.169,1716481946169,NH-DC-NM224-J08-ROCE-ST-leaf-4.GPU.S9825,FourHundredGigE1/0/31,0,0,0,0,0,0
2024/05/24 星期五 00:32:26.669,1716481946669,NH-DC-NM224-J08-ROCE-ST-leaf-4.GPU.S9825,FourHundredGigE1/0/31,1884,634922,1845,632999,0,0
2024/05/24 星期五 00:32:27.171,1716481947171,NH-DC-NM224-J08-ROCE-ST-leaf-4.GPU.S9825,FourHundredGigE1/0/31,0,0,0,0,0,0
2024/05/24 星期五 00:32:27.675,1716481947675,NH-DC-NM224-J08-ROCE-ST-leaf-4.GPU.S9825,FourHundredGigE1/0/31,1061,423708,1537,450625,0,0
2024/05/24 星期五 00:32:28.177,1716481948177,NH-DC-NM224-J08-ROCE-ST-leaf-4.GPU.S9825,FourHundredGigE1/0/31,0,0,0,0,0,0
2024/05/24 星期五 00:32:29.173,1716481949173,NH-DC-NM224-J08-ROCE-ST-leaf-4.GPU.S9825,FourHundredGigE1/0/31,998,386446,1367,407136,0,0
2024/05/24 星期五 00:32:29.674,1716481949674,NH-DC-NM224-J08-ROCE-ST-leaf-4.GPU.S9825,FourHundredGigE1/0/31,2253,711180,1848,687918,0,0
2024/05/24 星期五 00:32:30.297,1716481950297,NH-DC-NM224-J08-ROCE-ST-leaf-4.GPU.S9825,FourHundredGigE1/0/31,2537,806394,2116,783079,0,0
2024/05/24 星期五 00:32:30.798,1716481950798,NH-DC-NM224-J08-ROCE-ST-leaf-4.GPU.S9825,FourHundredGigE1/0/31,0,0,0,0,0,0
2024/05/24 星期五 00:32:31.298,1716481951298,NH-DC-NM224-J08-ROCE-ST-leaf-4.GPU.S9825,FourHundredGigE1/0/31,1163,431164,1445,447023,0,0
2024/05/24 星期五 00:32:31.804,1716481951804,NH-DC-NM224-J08-ROCE-ST-leaf-4.GPU.S9825,FourHundredGigE1/0/31,0,0,0,0,0,0
2024/05/24 星期五 00:32:32.301,1716481952301,NH-DC-NM224-J08-ROCE-ST-leaf-4.GPU.S9825,FourHundredGigE1/0/31,1137,452054,1625,479576,0,0
2024/05/24 星期五 00:32:32.802,1716481952802,NH-DC-NM224-J08-ROCE-ST-leaf-4.GPU.S9825,FourHundredGigE1/0/31,0,0,0,0,0,0
2024/05/24 星期五 00:32:33.327,1716481953327,NH-DC-NM224-J08-ROCE-ST-leaf-4.GPU.S9825,FourHundredGigE1/0/31,0,0,0,0,0,0
2024/05/24 星期五 00:32:33.842,1716481953842,NH-DC-NM224-J08-ROCE-ST-leaf-4.GPU.S9825,FourHundredGigE1/0/31,1884,635798,1851,634211,0,0
2024/05/24 星期五 00:32:34.711,1716481954711,NH-DC-NM224-J08-ROCE-ST-leaf-4.GPU.S9825,FourHundredGigE1/0/31,1356,477426,1488,484236,0,0
2024/05/24 星期五 00:32:35.211,1716481955211,NH-DC-NM224-J08-ROCE-ST-leaf-4.GPU.S9825,FourHundredGigE1/0/31,0,0,0,0,0,0
2024/05/24 星期五 00:32:35.713,1716481955713,NH-DC-NM224-J08-ROCE-ST-leaf-4.GPU.S9825,FourHundredGigE1/0/31,2028,709154,2156,716524,0,0
2024/05/24 星期五 00:32:36.224,1716481956224,NH-DC-NM224-J08-ROCE-ST-leaf-4.GPU.S9825,FourHundredGigE1/0/31,0,0,0,0,0,0
2024/05/24 星期五 00:32:36.726,1716481956726,NH-DC-NM224-J08-ROCE-ST-leaf-4.GPU.S9825,FourHundredGigE1/0/31,1872,657018,2012,665291,0,0
2024/05/24 星期五 00:32:37.225,1716481957225,NH-DC-NM224-J08-ROCE-ST-leaf-4.GPU.S9825,FourHundredGigE1/0/31,0,0,0,0,0,0
2024/05/24 星期五 00:32:37.727,1716481957727,NH-DC-NM224-J08-ROCE-ST-leaf-4.GPU.S9825,FourHundredGigE1/0/31,1784,616620,1858,621025,0,0
2024/05/24 星期五 00:32:38.227,1716481958227,NH-DC-NM224-J08-ROCE-ST-leaf-4.GPU.S9825,FourHundredGigE1/0/31,0,0,0,0,0,0
2024/05/24 星期五 00:32:38.725,1716481958725,NH-DC-NM224-J08-ROCE-ST-leaf-4.GPU.S9825,FourHundredGigE1/0/31,2386,758956,2000,737560,0,0
2024/05/24 星期五 00:32:39.225,1716481959225,NH-DC-NM224-J08-ROCE-ST-leaf-4.GPU.S9825,FourHundredGigE1/0/31,0,0,0,0,0,0
2024/05/24 星期五 00:32:39.727,1716481959727,NH-DC-NM224-J08-ROCE-ST-leaf-4.GPU.S9825,FourHundredGigE1/0/31,1964,670468,1969,670166,0,0
2024/05/24 星期五 00:32:40.230,1716481960230,NH-DC-NM224-J08-ROCE-ST-leaf-4.GPU.S9825,FourHundredGigE1/0/31,0,0,0,0,0,0
2024/05/24 星期五 00:32:40.729,1716481960729,NH-DC-NM224-J08-ROCE-ST-leaf-4.GPU.S9825,FourHundredGigE1/0/31,1490,547679,1798,570026,0,0
2024/05/24 星期五 00:32:41.231,1716481961231,NH-DC-NM224-J08-ROCE-ST-leaf-4.GPU.S9825,FourHundredGigE1/0/31,0,0,0,0,0,0
2024/05/24 星期五 00:32:41.731,1716481961731,NH-DC-NM224-J08-ROCE-ST-leaf-4.GPU.S9825,FourHundredGigE1/0/31,1825,634238,1920,639625,0,0
2024/05/24 星期五 00:32:42.728,1716481962728,NH-DC-NM224-J08-ROCE-ST-leaf-4.GPU.S9825,FourHundredGigE1/0/31,1867,615574,1735,608376,0,0
2024/05/24 星期五 00:32:43.240,1716481963240,NH-DC-NM224-J08-ROCE-ST-leaf-4.GPU.S9825,FourHundredGigE1/0/31,0,0,0,0,0,0
2024/05/24 星期五 00:32:43.752,1716481963752,NH-DC-NM224-J08-ROCE-ST-leaf-4.GPU.S9825,FourHundredGigE1/0/31,1217,456534,1546,475219,0,0
2024/05/24 星期五 00:32:44.249,1716481964249,NH-DC-NM224-J08-ROCE-ST-leaf-4.GPU.S9825,FourHundredGigE1/0/31,2007,0,1887,0,0,0
2024/05/24 星期五 00:32:44.753,1716481964753,NH-DC-NM224-J08-ROCE-ST-leaf-4.GPU.S9825,FourHundredGigE1/0/31,0,667182,0,659880,0,0
2024/05/24 星期五 00:32:45.257,1716481965257,NH-DC-NM224-J08-ROCE-ST-leaf-4.GPU.S9825,FourHundredGigE1/0/31,0,0,0,0,0,0
2024/05/24 星期五 00:32:45.758,1716481965758,NH-DC-NM224-J08-ROCE-ST-leaf-4.GPU.S9825,FourHundredGigE1/0/31,1884,638894,1874,638536,0,0
2024/05/24 星期五 00:32:46.258,1716481966258,NH-DC-NM224-J08-ROCE-ST-leaf-4.GPU.S9825,FourHundredGigE1/0/31,0,0,0,0,0,0
2024/05/24 星期五 00:32:46.758,1716481966758,NH-DC-NM224-J08-ROCE-ST-leaf-4.GPU.S9825,FourHundredGigE1/0/31,1851,608256,1725,601235,0,0
2024/05/24 星期五 00:32:47.261,1716481967261,NH-DC-NM224-J08-ROCE-ST-leaf-4.GPU.S9825,FourHundredGigE1/0/31,0,0,0,0,0,0
2024/05/24 星期五 00:32:47.763,1716481967763,NH-DC-NM224-J08-ROCE-ST-leaf-4.GPU.S9825,FourHundredGigE1/0/31,1296,459690,1476,470085,0,0
2024/05/24 星期五 00:32:48.266,1716481968266,NH-DC-NM224-J08-ROCE-ST-leaf-4.GPU.S9825,FourHundredGigE1/0/31,0,0,0,0,0,0
2024/05/24 星期五 00:32:48.769,1716481968769,NH-DC-NM224-J08-ROCE-ST-leaf-4.GPU.S9825,FourHundredGigE1/0/31,1379,499896,1650,513726,0,0
2024/05/24 星期五 00:32:49.269,1716481969269,NH-DC-NM224-J08-ROCE-ST-leaf-4.GPU.S9825,FourHundredGigE1/0/31,0,0,0,0,0,0
2024/05/24 星期五 00:32:49.769,1716481969769,NH-DC-NM224-J08-ROCE-ST-leaf-4.GPU.S9825,FourHundredGigE1/0/31,2108,703060,1993,696038,0,0
2024/05/24 星期五 00:32:50.273,1716481970273,NH-DC-NM224-J08-ROCE-ST-leaf-4.GPU.S9825,FourHundredGigE1/0/31,0,0,0,0,0,0
2024/05/24 星期五 00:32:50.774,1716481970774,NH-DC-NM224-J08-ROCE-ST-leaf-4.GPU.S9825,FourHundredGigE1/0/31,2811,898388,2367,873785,0,0
2024/05/24 星期五 00:32:51.275,1716481971275,NH-DC-NM224-J08-ROCE-ST-leaf-4.GPU.S9825,FourHundredGigE1/0/31,2157,0,2020,0,0,0
2024/05/24 星期五 00:32:51.778,1716481971778,NH-DC-NM224-J08-ROCE-ST-leaf-4.GPU.S9825,FourHundredGigE1/0/31,0,715147,0,708900,0,0
2024/05/24 星期五 00:32:52.277,1716481972277,NH-DC-NM224-J08-ROCE-ST-leaf-4.GPU.S9825,FourHundredGigE1/0/31,0,0,0,0,0,0
2024/05/24 星期五 00:32:52.784,1716481972784,NH-DC-NM224-J08-ROCE-ST-leaf-4.GPU.S9825,FourHundredGigE1/0/31,2101,695692,1960,687990,0,0
2024/05/24 星期五 00:32:53.285,1716481973285,NH-DC-NM224-J08-ROCE-ST-leaf-4.GPU.S9825,FourHundredGigE1/0/31,0,0,0,0,0,0
2024/05/24 星期五 00:32:53.786,1716481973786,NH-DC-NM224-J08-ROCE-ST-leaf-4.GPU.S9825,FourHundredGigE1/0/31,3215,1009216,2561,970131,0,0
2024/05/24 星期五 00:32:54.286,1716481974286,NH-DC-NM224-J08-ROCE-ST-leaf-4.GPU.S9825,FourHundredGigE1/0/31,1081,394152,1304,405686,0,0
2024/05/24 星期五 00:32:54.786,1716481974786,NH-DC-NM224-J08-ROCE-ST-leaf-4.GPU.S9825,FourHundredGigE1/0/31,0,0,0,0,0,0
2024/05/24 星期五 00:32:55.298,1716481975298,NH-DC-NM224-J08-ROCE-ST-leaf-4.GPU.S9825,FourHundredGigE1/0/31,1712,602544,1863,611202,0,0
2024/05/24 星期五 00:32:55.813,1716481975813,NH-DC-NM224-J08-ROCE-ST-leaf-4.GPU.S9825,FourHundredGigE1/0/31,0,0,0,0,0,0
2024/05/24 星期五 00:32:56.339,1716481976339,NH-DC-NM224-J08-ROCE-ST-leaf-4.GPU.S9825,FourHundredGigE1/0/31,1374,531547,1849,563031,0,0
2024/05/24 星期五 00:32:56.837,1716481976837,NH-DC-NM224-J08-ROCE-ST-leaf-4.GPU.S9825,FourHundredGigE1/0/31,0,0,0,0,0,0
2024/05/24 星期五 00:32:57.819,1716481977819,NH-DC-NM224-J08-ROCE-ST-leaf-4.GPU.S9825,FourHundredGigE1/0/31,1689,603416,1899,615437,0,0
2024/05/24 星期五 00:32:59.764,1716481979764,NH-DC-NM224-J08-ROCE-ST-leaf-4.GPU.S9825,FourHundredGigE1/0/31,3310,1153936,3521,1165390,0,0
2024/05/24 星期五 00:33:00.272,1716481980272,NH-DC-NM224-J08-ROCE-ST-leaf-4.GPU.S9825,FourHundredGigE1/0/31,1305,460148,1449,468473,0,0
2024/05/24 星期五 00:33:00.773,1716481980773,NH-DC-NM224-J08-ROCE-ST-leaf-4.GPU.S9825,FourHundredGigE1/0/31,0,0,0,0,0,0
2024/05/24 星期五 00:33:01.274,1716481981274,NH-DC-NM224-J08-ROCE-ST-leaf-4.GPU.S9825,FourHundredGigE1/0/31,0,0,0,0,0,0
2024/05/24 星期五 00:33:01.777,1716481981777,NH-DC-NM224-J08-ROCE-ST-leaf-4.GPU.S9825,FourHundredGigE1/0/31,2179,696193,1860,683205,0,0
2024/05/24 星期五 00:33:02.278,1716481982278,NH-DC-NM224-J08-ROCE-ST-leaf-4.GPU.S9825,FourHundredGigE1/0/31,0,0,0,0,0,0
2024/05/24 星期五 00:33:02.776,1716481982776,NH-DC-NM224-J08-ROCE-ST-leaf-4.GPU.S9825,FourHundredGigE1/0/31,1425,519428,1688,534350,0,0
2024/05/24 星期五 00:33:03.277,1716481983277,NH-DC-NM224-J08-ROCE-ST-leaf-4.GPU.S9825,FourHundredGigE1/0/31,0,0,0,0,0,0
2024/05/24 星期五 00:33:03.786,1716481983786,NH-DC-NM224-J08-ROCE-ST-leaf-4.GPU.S9825,FourHundredGigE1/0/31,2596,857044,2417,840879,0,0
2024/05/24 星期五 00:33:04.312,1716481984312,NH-DC-NM224-J08-ROCE-ST-leaf-4.GPU.S9825,FourHundredGigE1/0/31,1075,362660,1055,367360,0,0
2024/05/24 星期五 00:33:04.814,1716481984814,NH-DC-NM224-J08-ROCE-ST-leaf-4.GPU.S9825,FourHundredGigE1/0/31,0,0,0,0,0,0
2024/05/24 星期五 00:33:05.315,1716481985315,NH-DC-NM224-J08-ROCE-ST-leaf-4.GPU.S9825,FourHundredGigE1/0/31,2192,746370,2184,746124,0,0
2024/05/24 星期五 00:33:05.819,1716481985819,NH-DC-NM224-J08-ROCE-ST-leaf-4.GPU.S9825,FourHundredGigE1/0/31,0,0,0,0,0,0
2024/05/24 星期五 00:33:06.322,1716481986322,NH-DC-NM224-J08-ROCE-ST-leaf-4.GPU.S9825,FourHundredGigE1/0/31,821,379600,1566,421753,0,0
2024/05/24 星期五 00:33:06.822,1716481986822,NH-DC-NM224-J08-ROCE-ST-leaf-4.GPU.S9825,FourHundredGigE1/0/31,0,0,0,0,0,0
2024/05/24 星期五 00:33:07.325,1716481987325,NH-DC-NM224-J08-ROCE-ST-leaf-4.GPU.S9825,FourHundredGigE1/0/31,2657,820560,2047,786661,0,0
2024/05/24 星期五 00:33:07.826,1716481987826,NH-DC-NM224-J08-ROCE-ST-leaf-4.GPU.S9825,FourHundredGigE1/0/31,0,0,0,0,0,0
2024/05/24 星期五 00:33:08.329,1716481988329,NH-DC-NM224-J08-ROCE-ST-leaf-4.GPU.S9825,FourHundredGigE1/0/31,0,0,0,0,0,0
2024/05/24 星期五 00:33:08.832,1716481988832,NH-DC-NM224-J08-ROCE-ST-leaf-4.GPU.S9825,FourHundredGigE1/0/31,1382,505632,1654,521084,0,0
2024/05/24 星期五 00:33:09.333,1716481989333,NH-DC-NM224-J08-ROCE-ST-leaf-4.GPU.S9825,FourHundredGigE1/0/31,2767,869174,2219,837904,0,0
2024/05/24 星期五 00:33:09.834,1716481989834,NH-DC-NM224-J08-ROCE-ST-leaf-4.GPU.S9825,FourHundredGigE1/0/31,0,0,0,0,0,0
2024/05/24 星期五 00:33:10.333,1716481990333,NH-DC-NM224-J08-ROCE-ST-leaf-4.GPU.S9825,FourHundredGigE1/0/31,2440,791326,2147,775179,0,0
2024/05/24 星期五 00:33:10.836,1716481990836,NH-DC-NM224-J08-ROCE-ST-leaf-4.GPU.S9825,FourHundredGigE1/0/31,0,0,0,0,0,0
2024/05/24 星期五 00:33:11.337,1716481991337,NH-DC-NM224-J08-ROCE-ST-leaf-4.GPU.S9825,FourHundredGigE1/0/31,1972,662618,1911,659269,0,0
2024/05/24 星期五 00:33:11.838,1716481991838,NH-DC-NM224-J08-ROCE-ST-leaf-4.GPU.S9825,FourHundredGigE1/0/31,0,0,0,0,0,0
2024/05/24 星期五 00:33:12.343,1716481992343,NH-DC-NM224-J08-ROCE-ST-leaf-4.GPU.S9825,FourHundredGigE1/0/31,1209,448640,1502,465242,0,0
2024/05/24 星期五 00:33:12.843,1716481992843,NH-DC-NM224-J08-ROCE-ST-leaf-4.GPU.S9825,FourHundredGigE1/0/31,0,0,0,0,0,0
2024/05/24 星期五 00:33:13.346,1716481993346,NH-DC-NM224-J08-ROCE-ST-leaf-4.GPU.S9825,FourHundredGigE1/0/31,0,0,0,0,0,0
2024/05/24 星期五 00:33:14.348,1716481994348,NH-DC-NM224-J08-ROCE-ST-leaf-4.GPU.S9825,FourHundredGigE1/0/31,3611,1194444,3382,1181299,0,0
2024/05/24 星期五 00:33:14.846,1716481994846,NH-DC-NM224-J08-ROCE-ST-leaf-4.GPU.S9825,FourHundredGigE1/0/31,0,0,0,0,0,0
2024/05/24 星期五 00:33:15.345,1716481995345,NH-DC-NM224-J08-ROCE-ST-leaf-4.GPU.S9825,FourHundredGigE1/0/31,1701,622068,2010,639380,0,0
2024/05/24 星期五 00:33:15.846,1716481995846,NH-DC-NM224-J08-ROCE-ST-leaf-4.GPU.S9825,FourHundredGigE1/0/31,0,0,0,0,0,0
2024/05/24 星期五 00:33:16.345,1716481996345,NH-DC-NM224-J08-ROCE-ST-leaf-4.GPU.S9825,FourHundredGigE1/0/31,2635,853054,2300,834555,0,0
2024/05/24 星期五 00:33:16.846,1716481996846,NH-DC-NM224-J08-ROCE-ST-leaf-4.GPU.S9825,FourHundredGigE1/0/31,0,0,0,0,0,0
2024/05/24 星期五 00:33:17.356,1716481997356,NH-DC-NM224-J08-ROCE-ST-leaf-4.GPU.S9825,FourHundredGigE1/0/31,2472,813704,2256,801869,0,0
2024/05/24 星期五 00:33:18.331,1716481998331,NH-DC-NM224-J08-ROCE-ST-leaf-4.GPU.S9825,FourHundredGigE1/0/31,0,0,0,0,0,0
2024/05/24 星期五 00:33:18.830,1716481998830,NH-DC-NM224-J08-ROCE-ST-leaf-4.GPU.S9825,FourHundredGigE1/0/31,973,372790,1310,391882,0,0
2024/05/24 星期五 00:33:19.330,1716481999330,NH-DC-NM224-J08-ROCE-ST-leaf-4.GPU.S9825,FourHundredGigE1/0/31,982,381584,1349,401554,0,0
2024/05/24 星期五 00:33:19.833,1716481999833,NH-DC-NM224-J08-ROCE-ST-leaf-4.GPU.S9825,FourHundredGigE1/0/31,0,0,0,0,0,0
2024/05/24 星期五 00:33:20.333,1716482000333,NH-DC-NM224-J08-ROCE-ST-leaf-4.GPU.S9825,FourHundredGigE1/0/31,3232,1020506,2619,986245,0,0
2024/05/24 星期五 00:33:20.833,1716482000833,NH-DC-NM224-J08-ROCE-ST-leaf-4.GPU.S9825,FourHundredGigE1/0/31,0,0,0,0,0,0
2024/05/24 星期五 00:33:21.334,1716482001334,NH-DC-NM224-J08-ROCE-ST-leaf-4.GPU.S9825,FourHundredGigE1/0/31,1564,554368,1736,564261,0,0
2024/05/24 星期五 00:33:21.844,1716482001844,NH-DC-NM224-J08-ROCE-ST-leaf-4.GPU.S9825,FourHundredGigE1/0/31,0,0,0,0,0,0
2024/05/24 星期五 00:33:22.347,1716482002347,NH-DC-NM224-J08-ROCE-ST-leaf-4.GPU.S9825,FourHundredGigE1/0/31,1095,433496,1556,459506,0,0
2024/05/24 星期五 00:33:22.845,1716482002845,NH-DC-NM224-J08-ROCE-ST-leaf-4.GPU.S9825,FourHundredGigE1/0/31,0,0,0,0,0,0
2024/05/24 星期五 00:33:23.345,1716482003345,NH-DC-NM224-J08-ROCE-ST-leaf-4.GPU.S9825,FourHundredGigE1/0/31,0,0,0,0,0,0
2024/05/24 星期五 00:33:23.846,1716482003846,NH-DC-NM224-J08-ROCE-ST-leaf-4.GPU.S9825,FourHundredGigE1/0/31,1112,473034,1840,507661,0,0
2024/05/24 星期五 00:33:24.350,1716482004350,NH-DC-NM224-J08-ROCE-ST-leaf-4.GPU.S9825,FourHundredGigE1/0/31,2189,680836,1693,658880,0,0
2024/05/24 星期五 00:33:24.850,1716482004850,NH-DC-NM224-J08-ROCE-ST-leaf-4.GPU.S9825,FourHundredGigE1/0/31,0,0,0,0,0,0
2024/05/24 星期五 00:33:25.353,1716482005353,NH-DC-NM224-J08-ROCE-ST-leaf-4.GPU.S9825,FourHundredGigE1/0/31,715,326828,1352,362508,0,0
2024/05/24 星期五 00:33:25.853,1716482005853,NH-DC-NM224-J08-ROCE-ST-leaf-4.GPU.S9825,FourHundredGigE1/0/31,0,0,0,0,0,0
2024/05/24 星期五 00:33:26.354,1716482006354,NH-DC-NM224-J08-ROCE-ST-leaf-4.GPU.S9825,FourHundredGigE1/0/31,2240,746838,2119,740323,0,0
2024/05/24 星期五 00:33:26.853,1716482006853,NH-DC-NM224-J08-ROCE-ST-leaf-4.GPU.S9825,FourHundredGigE1/0/31,0,0,0,0,0,0
2024/05/24 星期五 00:33:27.354,1716482007354,NH-DC-NM224-J08-ROCE-ST-leaf-4.GPU.S9825,FourHundredGigE1/0/31,0,0,0,0,0,0
2024/05/24 星期五 00:33:27.854,1716482007854,NH-DC-NM224-J08-ROCE-ST-leaf-4.GPU.S9825,FourHundredGigE1/0/31,2334,781034,2229,775997,0,0
2024/05/24 星期五 00:33:28.353,1716482008353,NH-DC-NM224-J08-ROCE-ST-leaf-4.GPU.S9825,FourHundredGigE1/0/31,0,0,0,0,0,0
2024/05/24 星期五 00:33:28.878,1716482008878,NH-DC-NM224-J08-ROCE-ST-leaf-4.GPU.S9825,FourHundredGigE1/0/31,2103,691854,1930,682192,0,0
2024/05/24 星期五 00:33:29.381,1716482009381,NH-DC-NM224-J08-ROCE-ST-leaf-4.GPU.S9825,FourHundredGigE1/0/31,2508,762674,1844,724520,0,0
2024/05/24 星期五 00:33:29.890,1716482009890,NH-DC-NM224-J08-ROCE-ST-leaf-4.GPU.S9825,FourHundredGigE1/0/31,0,0,0,0,0,0
2024/05/24 星期五 00:33:30.903,1716482010903,NH-DC-NM224-J08-ROCE-ST-leaf-4.GPU.S9825,FourHundredGigE1/0/31,2020,671438,1905,665065,0,0
2024/05/24 星期五 00:33:31.409,1716482011409,NH-DC-NM224-J08-ROCE-ST-leaf-4.GPU.S9825,FourHundredGigE1/0/31,1452,541088,1800,560837,0,0
2024/05/24 星期五 00:33:31.909,1716482011909,NH-DC-NM224-J08-ROCE-ST-leaf-4.GPU.S9825,FourHundredGigE1/0/31,0,0,0,0,0,0
2024/05/24 星期五 00:33:32.411,1716482012411,NH-DC-NM224-J08-ROCE-ST-leaf-4.GPU.S9825,FourHundredGigE1/0/31,1789,627850,1927,635772,0,0
2024/05/24 星期五 00:33:32.909,1716482012909,NH-DC-NM224-J08-ROCE-ST-leaf-4.GPU.S9825,FourHundredGigE1/0/31,0,0,0,0,0,0
2024/05/24 星期五 00:33:33.409,1716482013409,NH-DC-NM224-J08-ROCE-ST-leaf-4.GPU.S9825,FourHundredGigE1/0/31,1018,398086,1421,420915,0,0
2024/05/24 星期五 00:33:33.909,1716482013909,NH-DC-NM224-J08-ROCE-ST-leaf-4.GPU.S9825,FourHundredGigE1/0/31,0,0,0,0,0,0
2024/05/24 星期五 00:33:34.411,1716482014411,NH-DC-NM224-J08-ROCE-ST-leaf-4.GPU.S9825,FourHundredGigE1/0/31,1943,651772,1870,647102,0,0
2024/05/24 星期五 00:33:34.909,1716482014909,NH-DC-NM224-J08-ROCE-ST-leaf-4.GPU.S9825,FourHundredGigE1/0/31,0,0,0,0,0,0
2024/05/24 星期五 00:33:35.410,1716482015410,NH-DC-NM224-J08-ROCE-ST-leaf-4.GPU.S9825,FourHundredGigE1/0/31,1750,604747,1829,613082,0,0
2024/05/24 星期五 00:33:35.911,1716482015911,NH-DC-NM224-J08-ROCE-ST-leaf-4.GPU.S9825,FourHundredGigE1/0/31,0,0,0,0,0,0
2024/05/24 星期五 00:33:36.414,1716482016414,NH-DC-NM224-J08-ROCE-ST-leaf-4.GPU.S9825,FourHundredGigE1/0/31,2693,877326,2387,860817,0,0
2024/05/24 星期五 00:33:36.913,1716482016913,NH-DC-NM224-J08-ROCE-ST-leaf-4.GPU.S9825,FourHundredGigE1/0/31,0,0,0,0,0,0
2024/05/24 星期五 00:33:37.415,1716482017415,NH-DC-NM224-J08-ROCE-ST-leaf-4.GPU.S9825,FourHundredGigE1/0/31,3536,1066438,2513,1009217,0,0
2024/05/24 星期五 00:33:37.920,1716482017920,NH-DC-NM224-J08-ROCE-ST-leaf-4.GPU.S9825,FourHundredGigE1/0/31,0,0,0,0,0,0
2024/05/24 星期五 00:33:38.413,1716482018413,NH-DC-NM224-J08-ROCE-ST-leaf-4.GPU.S9825,FourHundredGigE1/0/31,1888,653980,1970,658792,0,0
2024/05/24 星期五 00:33:38.916,1716482018916,NH-DC-NM224-J08-ROCE-ST-leaf-4.GPU.S9825,FourHundredGigE1/0/31,0,0,0,0,0,0
2024/05/24 星期五 00:33:39.414,1716482019414,NH-DC-NM224-J08-ROCE-ST-leaf-4.GPU.S9825,FourHundredGigE1/0/31,986,349842,1128,357406,0,0
2024/05/24 星期五 00:33:39.939,1716482019939,NH-DC-NM224-J08-ROCE-ST-leaf-4.GPU.S9825,FourHundredGigE1/0/31,0,0,0,0,0,0
2024/05/24 星期五 00:33:40.466,1716482020466,NH-DC-NM224-J08-ROCE-ST-leaf-4.GPU.S9825,FourHundredGigE1/0/31,1423,522019,1713,543164,0,0
2024/05/24 星期五 00:33:40.965,1716482020965,NH-DC-NM224-J08-ROCE-ST-leaf-4.GPU.S9825,FourHundredGigE1/0/31,0,0,0,0,0,0
2024/05/24 星期五 00:33:41.466,1716482021466,NH-DC-NM224-J08-ROCE-ST-leaf-4.GPU.S9825,FourHundredGigE1/0/31,2160,715202,2013,707231,0,0
2024/05/24 星期五 00:33:41.970,1716482021970,NH-DC-NM224-J08-ROCE-ST-leaf-4.GPU.S9825,FourHundredGigE1/0/31,0,0,0,0,0,0
2024/05/24 星期五 00:33:42.472,1716482022472,NH-DC-NM224-J08-ROCE-ST-leaf-4.GPU.S9825,FourHundredGigE1/0/31,1504,555380,1823,573244,0,0
2024/05/24 星期五 00:33:42.973,1716482022973,NH-DC-NM224-J08-ROCE-ST-leaf-4.GPU.S9825,FourHundredGigE1/0/31,0,0,0,0,0,0
2024/05/24 星期五 00:33:43.474,1716482023474,NH-DC-NM224-J08-ROCE-ST-leaf-4.GPU.S9825,FourHundredGigE1/0/31,2442,804140,2232,792641,0,0
2024/05/24 星期五 00:33:43.973,1716482023973,NH-DC-NM224-J08-ROCE-ST-leaf-4.GPU.S9825,FourHundredGigE1/0/31,0,0,0,0,0,0
2024/05/24 星期五 00:33:44.473,1716482024473,NH-DC-NM224-J08-ROCE-ST-leaf-4.GPU.S9825,FourHundredGigE1/0/31,2241,730226,1997,716174,0,0
2024/05/24 星期五 00:33:44.977,1716482024977,NH-DC-NM224-J08-ROCE-ST-leaf-4.GPU.S9825,FourHundredGigE1/0/31,0,0,0,0,0,0
2024/05/24 星期五 00:33:45.486,1716482025486,NH-DC-NM224-J08-ROCE-ST-leaf-4.GPU.S9825,FourHundredGigE1/0/31,1839,659580,2076,672860,0,0
2024/05/24 星期五 00:33:45.987,1716482025987,NH-DC-NM224-J08-ROCE-ST-leaf-4.GPU.S9825,FourHundredGigE1/0/31,0,0,0,0,0,0
2024/05/24 星期五 00:33:46.487,1716482026487,NH-DC-NM224-J08-ROCE-ST-leaf-4.GPU.S9825,FourHundredGigE1/0/31,1211,457950,1564,477979,0,0
2024/05/24 星期五 00:33:46.987,1716482026987,NH-DC-NM224-J08-ROCE-ST-leaf-4.GPU.S9825,FourHundredGigE1/0/31,0,0,0,0,0,0
2024/05/24 星期五 00:33:47.496,1716482027496,NH-DC-NM224-J08-ROCE-ST-leaf-4.GPU.S9825,FourHundredGigE1/0/31,1467,543828,1815,563351,0,0
2024/05/24 星期五 00:33:47.999,1716482027999,NH-DC-NM224-J08-ROCE-ST-leaf-4.GPU.S9825,FourHundredGigE1/0/31,0,0,0,0,0,0
2024/05/24 星期五 00:33:48.503,1716482028503,NH-DC-NM224-J08-ROCE-ST-leaf-4.GPU.S9825,FourHundredGigE1/0/31,1802,627748,1927,635022,0,0
2024/05/24 星期五 00:33:49.012,1716482029012,NH-DC-NM224-J08-ROCE-ST-leaf-4.GPU.S9825,FourHundredGigE1/0/31,0,0,0,0,0,0
2024/05/24 星期五 00:33:49.513,1716482029513,NH-DC-NM224-J08-ROCE-ST-leaf-4.GPU.S9825,FourHundredGigE1/0/31,1207,441212,1497,477007,0,0
2024/05/24 星期五 00:33:50.021,1716482030021,NH-DC-NM224-J08-ROCE-ST-leaf-4.GPU.S9825,FourHundredGigE1/0/31,0,0,0,0,0,0
2024/05/24 星期五 00:33:50.525,1716482030525,NH-DC-NM224-J08-ROCE-ST-leaf-4.GPU.S9825,FourHundredGigE1/0/31,1655,594496,1883,607331,0,0
2024/05/24 星期五 00:33:51.038,1716482031038,NH-DC-NM224-J08-ROCE-ST-leaf-4.GPU.S9825,FourHundredGigE1/0/31,0,0,0,0,0,0
2024/05/24 星期五 00:33:51.539,1716482031539,NH-DC-NM224-J08-ROCE-ST-leaf-4.GPU.S9825,FourHundredGigE1/0/31,2514,817015,2224,802394,0,0
2024/05/24 星期五 00:33:52.042,1716482032042,NH-DC-NM224-J08-ROCE-ST-leaf-4.GPU.S9825,FourHundredGigE1/0/31,0,0,0,0,0,0
2024/05/24 星期五 00:33:52.541,1716482032541,NH-DC-NM224-J08-ROCE-ST-leaf-4.GPU.S9825,FourHundredGigE1/0/31,1723,593048,1778,596128,0,0
2024/05/24 星期五 00:33:53.042,1716482033042,NH-DC-NM224-J08-ROCE-ST-leaf-4.GPU.S9825,FourHundredGigE1/0/31,0,0,0,0,0,0
2024/05/24 星期五 00:33:53.543,1716482033543,NH-DC-NM224-J08-ROCE-ST-leaf-4.GPU.S9825,FourHundredGigE1/0/31,1713,613082,1932,625607,0,0
2024/05/24 星期五 00:33:54.046,1716482034046,NH-DC-NM224-J08-ROCE-ST-leaf-4.GPU.S9825,FourHundredGigE1/0/31,0,0,0,0,0,0
2024/05/24 星期五 00:33:54.556,1716482034556,NH-DC-NM224-J08-ROCE-ST-leaf-4.GPU.S9825,FourHundredGigE1/0/31,1496,553247,1820,572175,0,0
2024/05/24 星期五 00:33:55.058,1716482035058,NH-DC-NM224-J08-ROCE-ST-leaf-4.GPU.S9825,FourHundredGigE1/0/31,0,0,0,0,0,0
2024/05/24 星期五 00:33:55.557,1716482035557,NH-DC-NM224-J08-ROCE-ST-leaf-4.GPU.S9825,FourHundredGigE1/0/31,1945,616906,1639,599972,0,0
2024/05/24 星期五 00:33:56.057,1716482036057,NH-DC-NM224-J08-ROCE-ST-leaf-4.GPU.S9825,FourHundredGigE1/0/31,0,0,0,0,0,0
2024/05/24 星期五 00:33:56.559,1716482036559,NH-DC-NM224-J08-ROCE-ST-leaf-4.GPU.S9825,FourHundredGigE1/0/31,2383,762383,2034,747901,0,0
2024/05/24 星期五 00:33:57.060,1716482037060,NH-DC-NM224-J08-ROCE-ST-leaf-4.GPU.S9825,FourHundredGigE1/0/31,1940,653380,1892,650759,0,0
2024/05/24 星期五 00:33:57.841,1716482037841,NH-DC-NM224-J08-ROCE-ST-leaf-4.GPU.S9825,FourHundredGigE1/0/31,0,0,0,0,0,0
2024/05/24 星期五 00:33:58.342,1716482038342,NH-DC-NM224-J08-ROCE-ST-leaf-4.GPU.S9825,FourHundredGigE1/0/31,1421,494238,1522,500114,0,0
2024/05/24 星期五 00:33:58.846,1716482038846,NH-DC-NM224-J08-ROCE-ST-leaf-4.GPU.S9825,FourHundredGigE1/0/31,0,0,0,0,0,0
2024/05/24 星期五 00:33:59.376,1716482039376,NH-DC-NM224-J08-ROCE-ST-leaf-4.GPU.S9825,FourHundredGigE1/0/31,1308,475614,1542,488136,0,0
2024/05/24 星期五 00:33:59.877,1716482039877,NH-DC-NM224-J08-ROCE-ST-leaf-4.GPU.S9825,FourHundredGigE1/0/31,0,0,0,0,0,0
2024/05/24 星期五 00:34:00.377,1716482040377,NH-DC-NM224-J08-ROCE-ST-leaf-4.GPU.S9825,FourHundredGigE1/0/31,1663,607216,1961,624165,0,0
2024/05/24 星期五 00:34:01.472,1716482041472,NH-DC-NM224-J08-ROCE-ST-leaf-4.GPU.S9825,FourHundredGigE1/0/31,2224,754785,2201,758567,0,0
2024/05/24 星期五 00:34:01.985,1716482041985,NH-DC-NM224-J08-ROCE-ST-leaf-4.GPU.S9825,FourHundredGigE1/0/31,0,0,0,0,0,0
2024/05/24 星期五 00:34:02.485,1716482042485,NH-DC-NM224-J08-ROCE-ST-leaf-4.GPU.S9825,FourHundredGigE1/0/31,1682,583306,1768,588122,0,0
2024/05/24 星期五 00:34:02.986,1716482042986,NH-DC-NM224-J08-ROCE-ST-leaf-4.GPU.S9825,FourHundredGigE1/0/31,0,0,0,0,0,0
2024/05/24 星期五 00:34:03.489,1716482043489,NH-DC-NM224-J08-ROCE-ST-leaf-4.GPU.S9825,FourHundredGigE1/0/31,3223,995044,2459,952521,0,0
2024/05/24 星期五 00:34:04.602,1716482044602,NH-DC-NM224-J08-ROCE-ST-leaf-4.GPU.S9825,FourHundredGigE1/0/31,890,342698,1208,359730,0,0
2024/05/24 星期五 00:34:05.310,1716482045310,NH-DC-NM224-J08-ROCE-ST-leaf-4.GPU.S9825,FourHundredGigE1/0/31,1830,649018,2020,660054,0,0
2024/05/24 星期五 00:34:05.809,1716482045809,NH-DC-NM224-J08-ROCE-ST-leaf-4.GPU.S9825,FourHundredGigE1/0/31,0,0,0,0,0,0
2024/05/24 星期五 00:34:06.983,1716482046983,NH-DC-NM224-J08-ROCE-ST-leaf-4.GPU.S9825,FourHundredGigE1/0/31,1504,522530,1600,528339,0,0
2024/05/24 星期五 00:34:07.486,1716482047486,NH-DC-NM224-J08-ROCE-ST-leaf-4.GPU.S9825,FourHundredGigE1/0/31,2444,810822,2275,801619,0,0
2024/05/24 星期五 00:34:07.987,1716482047987,NH-DC-NM224-J08-ROCE-ST-leaf-4.GPU.S9825,FourHundredGigE1/0/31,0,0,0,0,0,0
2024/05/24 星期五 00:34:08.489,1716482048489,NH-DC-NM224-J08-ROCE-ST-leaf-4.GPU.S9825,FourHundredGigE1/0/31,1403,518196,1711,535664,0,0
2024/05/24 星期五 00:34:08.990,1716482048990,NH-DC-NM224-J08-ROCE-ST-leaf-4.GPU.S9825,FourHundredGigE1/0/31,0,0,0,0,0,0
2024/05/24 星期五 00:34:09.492,1716482049492,NH-DC-NM224-J08-ROCE-ST-leaf-4.GPU.S9825,FourHundredGigE1/0/31,1579,554292,1704,560516,0,0
2024/05/24 星期五 00:34:09.994,1716482049994,NH-DC-NM224-J08-ROCE-ST-leaf-4.GPU.S9825,FourHundredGigE1/0/31,0,0,0,0,0,0
2024/05/24 星期五 00:34:10.497,1716482050497,NH-DC-NM224-J08-ROCE-ST-leaf-4.GPU.S9825,FourHundredGigE1/0/31,3190,1012038,2623,980741,0,0
2024/05/24 星期五 00:34:11.001,1716482051001,NH-DC-NM224-J08-ROCE-ST-leaf-4.GPU.S9825,FourHundredGigE1/0/31,0,0,0,0,0,0
2024/05/24 星期五 00:34:11.502,1716482051502,NH-DC-NM224-J08-ROCE-ST-leaf-4.GPU.S9825,FourHundredGigE1/0/31,2350,761750,2067,745969,0,0
2024/05/24 星期五 00:34:12.005,1716482052005,NH-DC-NM224-J08-ROCE-ST-leaf-4.GPU.S9825,FourHundredGigE1/0/31,0,0,0,0,0,0
2024/05/24 星期五 00:34:12.506,1716482052506,NH-DC-NM224-J08-ROCE-ST-leaf-4.GPU.S9825,FourHundredGigE1/0/31,2699,840432,2124,808426,0,0
2024/05/24 星期五 00:34:13.006,1716482053006,NH-DC-NM224-J08-ROCE-ST-leaf-4.GPU.S9825,FourHundredGigE1/0/31,0,0,0,0,0,0
2024/05/24 星期五 00:34:13.510,1716482053510,NH-DC-NM224-J08-ROCE-ST-leaf-4.GPU.S9825,FourHundredGigE1/0/31,2878,938932,2552,920937,0,0
2024/05/24 星期五 00:34:14.009,1716482054009,NH-DC-NM224-J08-ROCE-ST-leaf-4.GPU.S9825,FourHundredGigE1/0/31,0,0,0,0,0,0
2024/05/24 星期五 00:34:14.511,1716482054511,NH-DC-NM224-J08-ROCE-ST-leaf-4.GPU.S9825,FourHundredGigE1/0/31,615,279556,1156,309076,0,0
2024/05/24 星期五 00:34:15.013,1716482055013,NH-DC-NM224-J08-ROCE-ST-leaf-4.GPU.S9825,FourHundredGigE1/0/31,0,0,0,0,0,0
2024/05/24 星期五 00:34:15.534,1716482055534,NH-DC-NM224-J08-ROCE-ST-leaf-4.GPU.S9825,FourHundredGigE1/0/31,1566,551516,1734,562939,0,0
2024/05/24 星期五 00:34:16.033,1716482056033,NH-DC-NM224-J08-ROCE-ST-leaf-4.GPU.S9825,FourHundredGigE1/0/31,0,0,0,0,0,0
2024/05/24 星期五 00:34:16.533,1716482056533,NH-DC-NM224-J08-ROCE-ST-leaf-4.GPU.S9825,FourHundredGigE1/0/31,0,0,0,0,0,0
2024/05/24 星期五 00:34:17.037,1716482057037,NH-DC-NM224-J08-ROCE-ST-leaf-4.GPU.S9825,FourHundredGigE1/0/31,2047,729940,2305,738180,0,0
2024/05/24 星期五 00:34:17.538,1716482057538,NH-DC-NM224-J08-ROCE-ST-leaf-4.GPU.S9825,FourHundredGigE1/0/31,0,0,0,0,0,0
2024/05/24 星期五 00:34:18.041,1716482058041,NH-DC-NM224-J08-ROCE-ST-leaf-4.GPU.S9825,FourHundredGigE1/0/31,1874,672572,2143,690445,0,0
2024/05/24 星期五 00:34:18.545,1716482058545,NH-DC-NM224-J08-ROCE-ST-leaf-4.GPU.S9825,FourHundredGigE1/0/31,0,0,0,0,0,0
2024/05/24 星期五 00:34:19.046,1716482059046,NH-DC-NM224-J08-ROCE-ST-leaf-4.GPU.S9825,FourHundredGigE1/0/31,0,0,0,0,0,0
2024/05/24 星期五 00:34:19.549,1716482059549,NH-DC-NM224-J08-ROCE-ST-leaf-4.GPU.S9825,FourHundredGigE1/0/31,1403,586580,2191,632252,0,0
2024/05/24 星期五 00:34:20.053,1716482060053,NH-DC-NM224-J08-ROCE-ST-leaf-4.GPU.S9825,FourHundredGigE1/0/31,0,0,0,0,0,0
2024/05/24 星期五 00:34:20.556,1716482060556,NH-DC-NM224-J08-ROCE-ST-leaf-4.GPU.S9825,FourHundredGigE1/0/31,990,389518,1404,413165,0,0
2024/05/24 星期五 00:34:21.060,1716482061060,NH-DC-NM224-J08-ROCE-ST-leaf-4.GPU.S9825,FourHundredGigE1/0/31,0,0,0,0,0,0
2024/05/24 星期五 00:34:21.561,1716482061561,NH-DC-NM224-J08-ROCE-ST-leaf-4.GPU.S9825,FourHundredGigE1/0/31,0,0,0,0,0,0
2024/05/24 星期五 00:34:22.067,1716482062067,NH-DC-NM224-J08-ROCE-ST-leaf-4.GPU.S9825,FourHundredGigE1/0/31,2856,963648,2803,956091,0,0
2024/05/24 星期五 00:34:22.565,1716482062565,NH-DC-NM224-J08-ROCE-ST-leaf-4.GPU.S9825,FourHundredGigE1/0/31,0,0,0,0,0,0
2024/05/24 星期五 00:34:23.070,1716482063070,NH-DC-NM224-J08-ROCE-ST-leaf-4.GPU.S9825,FourHundredGigE1/0/31,2661,860212,2314,841168,0,0
2024/05/24 星期五 00:34:23.570,1716482063570,NH-DC-NM224-J08-ROCE-ST-leaf-4.GPU.S9825,FourHundredGigE1/0/31,0,0,0,0,0,0
2024/05/24 星期五 00:34:24.069,1716482064069,NH-DC-NM224-J08-ROCE-ST-leaf-4.GPU.S9825,FourHundredGigE1/0/31,0,0,0,0,0,0
2024/05/24 星期五 00:34:24.570,1716482064570,NH-DC-NM224-J08-ROCE-ST-leaf-4.GPU.S9825,FourHundredGigE1/0/31,1889,678716,2175,698679,0,0
2024/05/24 星期五 00:34:25.074,1716482065074,NH-DC-NM224-J08-ROCE-ST-leaf-4.GPU.S9825,FourHundredGigE1/0/31,0,0,0,0,0,0
2024/05/24 星期五 00:34:25.580,1716482065580,NH-DC-NM224-J08-ROCE-ST-leaf-4.GPU.S9825,FourHundredGigE1/0/31,2615,859856,2378,846980,0,0
2024/05/24 星期五 00:34:26.084,1716482066084,NH-DC-NM224-J08-ROCE-ST-leaf-4.GPU.S9825,FourHundredGigE1/0/31,0,0,0,0,0,0
2024/05/24 星期五 00:34:26.586,1716482066586,NH-DC-NM224-J08-ROCE-ST-leaf-4.GPU.S9825,FourHundredGigE1/0/31,1172,439552,1490,457427,0,0
2024/05/24 星期五 00:34:27.087,1716482067087,NH-DC-NM224-J08-ROCE-ST-leaf-4.GPU.S9825,FourHundredGigE1/0/31,0,0,0,0,0,0
2024/05/24 星期五 00:34:27.590,1716482067590,NH-DC-NM224-J08-ROCE-ST-leaf-4.GPU.S9825,FourHundredGigE1/0/31,2981,914916,2245,873961,0,0
2024/05/24 星期五 00:34:28.093,1716482068093,NH-DC-NM224-J08-ROCE-ST-leaf-4.GPU.S9825,FourHundredGigE1/0/31,0,0,0,0,0,0
2024/05/24 星期五 00:34:28.597,1716482068597,NH-DC-NM224-J08-ROCE-ST-leaf-4.GPU.S9825,FourHundredGigE1/0/31,3202,983356,2408,939112,0,0
2024/05/24 星期五 00:34:29.149,1716482069149,NH-DC-NM224-J08-ROCE-ST-leaf-4.GPU.S9825,FourHundredGigE1/0/31,0,0,0,0,0,0
2024/05/24 星期五 00:34:29.649,1716482069649,NH-DC-NM224-J08-ROCE-ST-leaf-4.GPU.S9825,FourHundredGigE1/0/31,1575,525550,1504,519532,0,0
2024/05/24 星期五 00:34:30.547,1716482070547,NH-DC-NM224-J08-ROCE-ST-leaf-4.GPU.S9825,FourHundredGigE1/0/31,1269,458626,1499,473227,0,0
2024/05/24 星期五 00:34:31.047,1716482071047,NH-DC-NM224-J08-ROCE-ST-leaf-4.GPU.S9825,FourHundredGigE1/0/31,0,0,0,0,0,0
2024/05/24 星期五 00:34:31.550,1716482071550,NH-DC-NM224-J08-ROCE-ST-leaf-4.GPU.S9825,FourHundredGigE1/0/31,4434,1360692,3286,1296471,0,0
2024/05/24 星期五 00:34:32.053,1716482072053,NH-DC-NM224-J08-ROCE-ST-leaf-4.GPU.S9825,FourHundredGigE1/0/31,0,0,0,0,0,0
2024/05/24 星期五 00:34:32.553,1716482072553,NH-DC-NM224-J08-ROCE-ST-leaf-4.GPU.S9825,FourHundredGigE1/0/31,1247,464346,1557,481900,0,0
2024/05/24 星期五 00:34:33.556,1716482073556,NH-DC-NM224-J08-ROCE-ST-leaf-4.GPU.S9825,FourHundredGigE1/0/31,1221,489170,1764,519839,0,0
2024/05/24 星期五 00:34:34.057,1716482074057,NH-DC-NM224-J08-ROCE-ST-leaf-4.GPU.S9825,FourHundredGigE1/0/31,0,0,0,0,0,0
2024/05/24 星期五 00:34:34.565,1716482074565,NH-DC-NM224-J08-ROCE-ST-leaf-4.GPU.S9825,FourHundredGigE1/0/31,1463,507500,1544,511260,0,0
2024/05/24 星期五 00:34:35.553,1716482075553,NH-DC-NM224-J08-ROCE-ST-leaf-4.GPU.S9825,FourHundredGigE1/0/31,1762,614112,1875,620836,0,0
2024/05/24 星期五 00:34:36.054,1716482076054,NH-DC-NM224-J08-ROCE-ST-leaf-4.GPU.S9825,FourHundredGigE1/0/31,0,0,0,0,0,0
2024/05/24 星期五 00:34:36.553,1716482076553,NH-DC-NM224-J08-ROCE-ST-leaf-4.GPU.S9825,FourHundredGigE1/0/31,2384,790372,2217,781453,0,0
2024/05/24 星期五 00:34:37.063,1716482077063,NH-DC-NM224-J08-ROCE-ST-leaf-4.GPU.S9825,FourHundredGigE1/0/31,0,0,0,0,0,0
2024/05/24 星期五 00:34:37.561,1716482077561,NH-DC-NM224-J08-ROCE-ST-leaf-4.GPU.S9825,FourHundredGigE1/0/31,745,300454,1130,322275,0,0
2024/05/24 星期五 00:34:38.062,1716482078062,NH-DC-NM224-J08-ROCE-ST-leaf-4.GPU.S9825,FourHundredGigE1/0/31,0,0,0,0,0,0
2024/05/24 星期五 00:34:38.561,1716482078561,NH-DC-NM224-J08-ROCE-ST-leaf-4.GPU.S9825,FourHundredGigE1/0/31,1979,673092,1975,673088,0,0
2024/05/24 星期五 00:34:39.063,1716482079063,NH-DC-NM224-J08-ROCE-ST-leaf-4.GPU.S9825,FourHundredGigE1/0/31,0,0,0,0,0,0
2024/05/24 星期五 00:34:39.566,1716482079566,NH-DC-NM224-J08-ROCE-ST-leaf-4.GPU.S9825,FourHundredGigE1/0/31,1666,561346,1630,558360,0,0
2024/05/24 星期五 00:34:40.069,1716482080069,NH-DC-NM224-J08-ROCE-ST-leaf-4.GPU.S9825,FourHundredGigE1/0/31,0,0,0,0,0,0
2024/05/24 星期五 00:34:40.569,1716482080569,NH-DC-NM224-J08-ROCE-ST-leaf-4.GPU.S9825,FourHundredGigE1/0/31,1745,600519,1811,609702,0,0
2024/05/24 星期五 00:34:41.069,1716482081069,NH-DC-NM224-J08-ROCE-ST-leaf-4.GPU.S9825,FourHundredGigE1/0/31,0,0,0,0,0,0
2024/05/24 星期五 00:34:41.570,1716482081570,NH-DC-NM224-J08-ROCE-ST-leaf-4.GPU.S9825,FourHundredGigE1/0/31,2528,813328,2174,793571,0,0
2024/05/24 星期五 00:34:42.073,1716482082073,NH-DC-NM224-J08-ROCE-ST-leaf-4.GPU.S9825,FourHundredGigE1/0/31,0,0,0,0,0,0
2024/05/24 星期五 00:34:42.584,1716482082584,NH-DC-NM224-J08-ROCE-ST-leaf-4.GPU.S9825,FourHundredGigE1/0/31,1720,593326,1786,597216,0,0
2024/05/24 星期五 00:34:43.086,1716482083086,NH-DC-NM224-J08-ROCE-ST-leaf-4.GPU.S9825,FourHundredGigE1/0/31,0,0,0,0,0,0
2024/05/24 星期五 00:34:43.606,1716482083606,NH-DC-NM224-J08-ROCE-ST-leaf-4.GPU.S9825,FourHundredGigE1/0/31,1313,503520,1735,527413,0,0
2024/05/24 星期五 00:34:44.107,1716482084107,NH-DC-NM224-J08-ROCE-ST-leaf-4.GPU.S9825,FourHundredGigE1/0/31,0,0,0,0,0,0
2024/05/24 星期五 00:34:44.626,1716482084626,NH-DC-NM224-J08-ROCE-ST-leaf-4.GPU.S9825,FourHundredGigE1/0/31,1300,465952,1483,475230,0,0
2024/05/24 星期五 00:34:45.125,1716482085125,NH-DC-NM224-J08-ROCE-ST-leaf-4.GPU.S9825,FourHundredGigE1/0/31,0,0,0,0,0,0
2024/05/24 星期五 00:34:45.629,1716482085629,NH-DC-NM224-J08-ROCE-ST-leaf-4.GPU.S9825,FourHundredGigE1/0/31,2374,782858,2186,772920,0,0
2024/05/24 星期五 00:34:46.130,1716482086130,NH-DC-NM224-J08-ROCE-ST-leaf-4.GPU.S9825,FourHundredGigE1/0/31,0,0,0,0,0,0
2024/05/24 星期五 00:34:46.634,1716482086634,NH-DC-NM224-J08-ROCE-ST-leaf-4.GPU.S9825,FourHundredGigE1/0/31,2074,701180,2034,699007,0,0
2024/05/24 星期五 00:34:47.133,1716482087133,NH-DC-NM224-J08-ROCE-ST-leaf-4.GPU.S9825,FourHundredGigE1/0/31,0,0,0,0,0,0
2024/05/24 星期五 00:34:47.634,1716482087634,NH-DC-NM224-J08-ROCE-ST-leaf-4.GPU.S9825,FourHundredGigE1/0/31,1742,595872,1774,597925,0,0
2024/05/24 星期五 00:34:48.143,1716482088143,NH-DC-NM224-J08-ROCE-ST-leaf-4.GPU.S9825,FourHundredGigE1/0/31,0,0,0,0,0,0
2024/05/24 星期五 00:34:50.076,1716482090076,NH-DC-NM224-J08-ROCE-ST-leaf-4.GPU.S9825,FourHundredGigE1/0/31,4606,1551213,4287,1492726,0,0
2024/05/24 星期五 00:34:50.578,1716482090578,NH-DC-NM224-J08-ROCE-ST-leaf-4.GPU.S9825,FourHundredGigE1/0/31,1765,640538,2052,657259,0,0
2024/05/24 星期五 00:34:51.078,1716482091078,NH-DC-NM224-J08-ROCE-ST-leaf-4.GPU.S9825,FourHundredGigE1/0/31,0,0,0,0,0,0
2024/05/24 星期五 00:34:51.579,1716482091579,NH-DC-NM224-J08-ROCE-ST-leaf-4.GPU.S9825,FourHundredGigE1/0/31,2087,724767,2181,731456,0,0
2024/05/24 星期五 00:34:52.078,1716482092078,NH-DC-NM224-J08-ROCE-ST-leaf-4.GPU.S9825,FourHundredGigE1/0/31,0,0,0,0,0,0
2024/05/24 星期五 00:34:52.581,1716482092581,NH-DC-NM224-J08-ROCE-ST-leaf-4.GPU.S9825,FourHundredGigE1/0/31,1329,466310,1457,473672,0,0
2024/05/24 星期五 00:34:53.082,1716482093082,NH-DC-NM224-J08-ROCE-ST-leaf-4.GPU.S9825,FourHundredGigE1/0/31,0,0,0,0,0,0
2024/05/24 星期五 00:34:53.582,1716482093582,NH-DC-NM224-J08-ROCE-ST-leaf-4.GPU.S9825,FourHundredGigE1/0/31,1900,639760,1856,637557,0,0
2024/05/24 星期五 00:34:54.083,1716482094083,NH-DC-NM224-J08-ROCE-ST-leaf-4.GPU.S9825,FourHundredGigE1/0/31,0,0,0,0,0,0
2024/05/24 星期五 00:34:54.586,1716482094586,NH-DC-NM224-J08-ROCE-ST-leaf-4.GPU.S9825,FourHundredGigE1/0/31,2143,681217,1805,664899,0,0
2024/05/24 星期五 00:34:55.106,1716482095106,NH-DC-NM224-J08-ROCE-ST-leaf-4.GPU.S9825,FourHundredGigE1/0/31,0,0,0,0,0,0
2024/05/24 星期五 00:34:55.610,1716482095610,NH-DC-NM224-J08-ROCE-ST-leaf-4.GPU.S9825,FourHundredGigE1/0/31,1768,608324,1829,612330,0,0
2024/05/24 星期五 00:34:56.110,1716482096110,NH-DC-NM224-J08-ROCE-ST-leaf-4.GPU.S9825,FourHundredGigE1/0/31,0,0,0,0,0,0
2024/05/24 星期五 00:34:56.610,1716482096610,NH-DC-NM224-J08-ROCE-ST-leaf-4.GPU.S9825,FourHundredGigE1/0/31,1067,425871,1547,457627,0,0
2024/05/24 星期五 00:34:57.112,1716482097112,NH-DC-NM224-J08-ROCE-ST-leaf-4.GPU.S9825,FourHundredGigE1/0/31,2533,794790,2045,767731,0,0
2024/05/24 星期五 00:34:57.818,1716482097818,NH-DC-NM224-J08-ROCE-ST-leaf-4.GPU.S9825,FourHundredGigE1/0/31,0,0,0,0,0,0
2024/05/24 星期五 00:34:58.317,1716482098317,NH-DC-NM224-J08-ROCE-ST-leaf-4.GPU.S9825,FourHundredGigE1/0/31,3501,1089890,2724,1046598,0,0
2024/05/24 星期五 00:34:59.122,1716482099122,NH-DC-NM224-J08-ROCE-ST-leaf-4.GPU.S9825,FourHundredGigE1/0/31,0,0,0,0,0,0
2024/05/24 星期五 00:34:59.630,1716482099630,NH-DC-NM224-J08-ROCE-ST-leaf-4.GPU.S9825,FourHundredGigE1/0/31,1690,577144,1705,577014,0,0
2024/05/24 星期五 00:35:00.131,1716482100131,NH-DC-NM224-J08-ROCE-ST-leaf-4.GPU.S9825,FourHundredGigE1/0/31,0,0,0,0,0,0
2024/05/24 星期五 00:35:00.633,1716482100633,NH-DC-NM224-J08-ROCE-ST-leaf-4.GPU.S9825,FourHundredGigE1/0/31,2006,695652,2099,701517,0,0
2024/05/24 星期五 00:35:01.135,1716482101135,NH-DC-NM224-J08-ROCE-ST-leaf-4.GPU.S9825,FourHundredGigE1/0/31,0,0,0,0,0,0
2024/05/24 星期五 00:35:01.645,1716482101645,NH-DC-NM224-J08-ROCE-ST-leaf-4.GPU.S9825,FourHundredGigE1/0/31,2116,725115,2147,731727,0,0
2024/05/24 星期五 00:35:02.145,1716482102145,NH-DC-NM224-J08-ROCE-ST-leaf-4.GPU.S9825,FourHundredGigE1/0/31,0,0,0,0,0,0
2024/05/24 星期五 00:35:02.645,1716482102645,NH-DC-NM224-J08-ROCE-ST-leaf-4.GPU.S9825,FourHundredGigE1/0/31,2048,705856,2101,708824,0,0
2024/05/24 星期五 00:35:03.145,1716482103145,NH-DC-NM224-J08-ROCE-ST-leaf-4.GPU.S9825,FourHundredGigE1/0/31,0,0,0,0,0,0
2024/05/24 星期五 00:35:03.646,1716482103646,NH-DC-NM224-J08-ROCE-ST-leaf-4.GPU.S9825,FourHundredGigE1/0/31,1505,549758,1788,566061,0,0
2024/05/24 星期五 00:35:04.642,1716482104642,NH-DC-NM224-J08-ROCE-ST-leaf-4.GPU.S9825,FourHundredGigE1/0/31,1392,524978,1760,544616,0,0
2024/05/24 星期五 00:35:05.165,1716482105165,NH-DC-NM224-J08-ROCE-ST-leaf-4.GPU.S9825,FourHundredGigE1/0/31,0,0,0,0,0,0
2024/05/24 星期五 00:35:05.666,1716482105666,NH-DC-NM224-J08-ROCE-ST-leaf-4.GPU.S9825,FourHundredGigE1/0/31,622,279596,1163,310482,0,0
2024/05/24 星期五 00:35:06.169,1716482106169,NH-DC-NM224-J08-ROCE-ST-leaf-4.GPU.S9825,FourHundredGigE1/0/31,0,0,0,0,0,0
2024/05/24 星期五 00:35:06.669,1716482106669,NH-DC-NM224-J08-ROCE-ST-leaf-4.GPU.S9825,FourHundredGigE1/0/31,1418,510706,1638,523459,0,0
2024/05/24 星期五 00:35:07.170,1716482107170,NH-DC-NM224-J08-ROCE-ST-leaf-4.GPU.S9825,FourHundredGigE1/0/31,0,0,0,0,0,0
2024/05/24 星期五 00:35:07.672,1716482107672,NH-DC-NM224-J08-ROCE-ST-leaf-4.GPU.S9825,FourHundredGigE1/0/31,1328,502170,1705,523543,0,0
2024/05/24 星期五 00:35:08.172,1716482108172,NH-DC-NM224-J08-ROCE-ST-leaf-4.GPU.S9825,FourHundredGigE1/0/31,0,0,0,0,0,0
2024/05/24 星期五 00:35:08.673,1716482108673,NH-DC-NM224-J08-ROCE-ST-leaf-4.GPU.S9825,FourHundredGigE1/0/31,3364,1056814,2687,1019122,0,0
2024/05/24 星期五 00:35:09.173,1716482109173,NH-DC-NM224-J08-ROCE-ST-leaf-4.GPU.S9825,FourHundredGigE1/0/31,0,0,0,0,0,0
2024/05/24 星期五 00:35:09.673,1716482109673,NH-DC-NM224-J08-ROCE-ST-leaf-4.GPU.S9825,FourHundredGigE1/0/31,2239,718264,1912,698982,0,0
2024/05/24 星期五 00:35:10.183,1716482110183,NH-DC-NM224-J08-ROCE-ST-leaf-4.GPU.S9825,FourHundredGigE1/0/31,0,0,0,0,0,0
2024/05/24 星期五 00:35:10.681,1716482110681,NH-DC-NM224-J08-ROCE-ST-leaf-4.GPU.S9825,FourHundredGigE1/0/31,2209,719276,1977,706933,0,0
2024/05/24 星期五 00:35:11.654,1716482111654,NH-DC-NM224-J08-ROCE-ST-leaf-4.GPU.S9825,FourHundredGigE1/0/31,0,0,0,0,0,0
2024/05/24 星期五 00:35:12.157,1716482112157,NH-DC-NM224-J08-ROCE-ST-leaf-4.GPU.S9825,FourHundredGigE1/0/31,1617,603456,2056,624033,0,0
2024/05/24 星期五 00:35:12.659,1716482112659,NH-DC-NM224-J08-ROCE-ST-leaf-4.GPU.S9825,FourHundredGigE1/0/31,0,0,0,0,0,0
2024/05/24 星期五 00:35:13.161,1716482113161,NH-DC-NM224-J08-ROCE-ST-leaf-4.GPU.S9825,FourHundredGigE1/0/31,2062,700142,2060,701776,0,0
2024/05/24 星期五 00:35:13.663,1716482113663,NH-DC-NM224-J08-ROCE-ST-leaf-4.GPU.S9825,FourHundredGigE1/0/31,0,0,0,0,0,0
2024/05/24 星期五 00:35:14.165,1716482114165,NH-DC-NM224-J08-ROCE-ST-leaf-4.GPU.S9825,FourHundredGigE1/0/31,2252,750592,2132,744521,0,0
2024/05/24 星期五 00:35:14.665,1716482114665,NH-DC-NM224-J08-ROCE-ST-leaf-4.GPU.S9825,FourHundredGigE1/0/31,250,120920,494,135748,0,0
2024/05/24 星期五 00:35:15.165,1716482115165,NH-DC-NM224-J08-ROCE-ST-leaf-4.GPU.S9825,FourHundredGigE1/0/31,0,0,0,0,0,0
2024/05/24 星期五 00:35:15.673,1716482115673,NH-DC-NM224-J08-ROCE-ST-leaf-4.GPU.S9825,FourHundredGigE1/0/31,1891,631856,1820,628470,0,0
2024/05/24 星期五 00:35:16.176,1716482116176,NH-DC-NM224-J08-ROCE-ST-leaf-4.GPU.S9825,FourHundredGigE1/0/31,0,0,0,0,0,0
2024/05/24 星期五 00:35:16.674,1716482116674,NH-DC-NM224-J08-ROCE-ST-leaf-4.GPU.S9825,FourHundredGigE1/0/31,2443,802874,2220,790453,0,0
2024/05/24 星期五 00:35:17.177,1716482117177,NH-DC-NM224-J08-ROCE-ST-leaf-4.GPU.S9825,FourHundredGigE1/0/31,0,0,0,0,0,0
2024/05/24 星期五 00:35:17.678,1716482117678,NH-DC-NM224-J08-ROCE-ST-leaf-4.GPU.S9825,FourHundredGigE1/0/31,2188,733406,2097,728377,0,0
2024/05/24 星期五 00:35:18.179,1716482118179,NH-DC-NM224-J08-ROCE-ST-leaf-4.GPU.S9825,FourHundredGigE1/0/31,0,0,0,0,0,0
2024/05/24 星期五 00:35:18.681,1716482118681,NH-DC-NM224-J08-ROCE-ST-leaf-4.GPU.S9825,FourHundredGigE1/0/31,1671,608540,1959,624888,0,0
2024/05/24 星期五 00:35:19.182,1716482119182,NH-DC-NM224-J08-ROCE-ST-leaf-4.GPU.S9825,FourHundredGigE1/0/31,0,0,0,0,0,0
2024/05/24 星期五 00:35:19.682,1716482119682,NH-DC-NM224-J08-ROCE-ST-leaf-4.GPU.S9825,FourHundredGigE1/0/31,1300,470340,1515,481604,0,0
2024/05/24 星期五 00:35:20.182,1716482120182,NH-DC-NM224-J08-ROCE-ST-leaf-4.GPU.S9825,FourHundredGigE1/0/31,0,0,0,0,0,0
2024/05/24 星期五 00:35:20.685,1716482120685,NH-DC-NM224-J08-ROCE-ST-leaf-4.GPU.S9825,FourHundredGigE1/0/31,1678,597990,1879,609701,0,0
2024/05/24 星期五 00:35:21.203,1716482121203,NH-DC-NM224-J08-ROCE-ST-leaf-4.GPU.S9825,FourHundredGigE1/0/31,0,0,0,0,0,0
2024/05/24 星期五 00:35:21.718,1716482121718,NH-DC-NM224-J08-ROCE-ST-leaf-4.GPU.S9825,FourHundredGigE1/0/31,2634,891542,2565,887939,0,0
2024/05/24 星期五 00:35:22.221,1716482122221,NH-DC-NM224-J08-ROCE-ST-leaf-4.GPU.S9825,FourHundredGigE1/0/31,0,0,0,0,0,0
2024/05/24 星期五 00:35:22.722,1716482122722,NH-DC-NM224-J08-ROCE-ST-leaf-4.GPU.S9825,FourHundredGigE1/0/31,2189,710256,1938,696394,0,0
2024/05/24 星期五 00:35:23.222,1716482123222,NH-DC-NM224-J08-ROCE-ST-leaf-4.GPU.S9825,FourHundredGigE1/0/31,0,0,0,0,0,0
2024/05/24 星期五 00:35:23.721,1716482123721,NH-DC-NM224-J08-ROCE-ST-leaf-4.GPU.S9825,FourHundredGigE1/0/31,1353,490868,1593,504569,0,0
2024/05/24 星期五 00:35:24.221,1716482124221,NH-DC-NM224-J08-ROCE-ST-leaf-4.GPU.S9825,FourHundredGigE1/0/31,0,0,0,0,0,0
2024/05/24 星期五 00:35:24.721,1716482124721,NH-DC-NM224-J08-ROCE-ST-leaf-4.GPU.S9825,FourHundredGigE1/0/31,1439,537684,1782,555922,0,0
2024/05/24 星期五 00:35:25.222,1716482125222,NH-DC-NM224-J08-ROCE-ST-leaf-4.GPU.S9825,FourHundredGigE1/0/31,0,0,0,0,0,0
2024/05/24 星期五 00:35:27.234,1716482127234,NH-DC-NM224-J08-ROCE-ST-leaf-4.GPU.S9825,FourHundredGigE1/0/31,7120,2210516,5499,2120397,0,0
2024/05/24 星期五 00:35:27.733,1716482127733,NH-DC-NM224-J08-ROCE-ST-leaf-4.GPU.S9825,FourHundredGigE1/0/31,1286,459076,1467,469297,0,0
2024/05/24 星期五 00:35:28.238,1716482128238,NH-DC-NM224-J08-ROCE-ST-leaf-4.GPU.S9825,FourHundredGigE1/0/31,0,0,0,0,0,0
2024/05/24 星期五 00:35:29.246,1716482129246,NH-DC-NM224-J08-ROCE-ST-leaf-4.GPU.S9825,FourHundredGigE1/0/31,988,386770,1385,409222,0,0
2024/05/24 星期五 00:35:29.745,1716482129745,NH-DC-NM224-J08-ROCE-ST-leaf-4.GPU.S9825,FourHundredGigE1/0/31,1615,576456,1806,586376,0,0
2024/05/24 星期五 00:35:30.245,1716482130245,NH-DC-NM224-J08-ROCE-ST-leaf-4.GPU.S9825,FourHundredGigE1/0/31,0,0,0,0,0,0
2024/05/24 星期五 00:35:30.747,1716482130747,NH-DC-NM224-J08-ROCE-ST-leaf-4.GPU.S9825,FourHundredGigE1/0/31,2194,746452,2180,745929,0,0
2024/05/24 星期五 00:35:31.745,1716482131745,NH-DC-NM224-J08-ROCE-ST-leaf-4.GPU.S9825,FourHundredGigE1/0/31,0,0,0,0,0,0
2024/05/24 星期五 00:35:32.269,1716482132269,NH-DC-NM224-J08-ROCE-ST-leaf-4.GPU.S9825,FourHundredGigE1/0/31,3050,1008270,2848,993145,0,0
2024/05/24 星期五 00:35:32.769,1716482132769,NH-DC-NM224-J08-ROCE-ST-leaf-4.GPU.S9825,FourHundredGigE1/0/31,0,0,0,0,0,0
2024/05/24 星期五 00:35:33.269,1716482133269,NH-DC-NM224-J08-ROCE-ST-leaf-4.GPU.S9825,FourHundredGigE1/0/31,2998,978598,2680,963312,0,0
2024/05/24 星期五 00:35:33.769,1716482133769,NH-DC-NM224-J08-ROCE-ST-leaf-4.GPU.S9825,FourHundredGigE1/0/31,0,0,0,0,0,0
2024/05/24 星期五 00:35:34.269,1716482134269,NH-DC-NM224-J08-ROCE-ST-leaf-4.GPU.S9825,FourHundredGigE1/0/31,2609,860358,2386,848131,0,0
2024/05/24 星期五 00:35:34.769,1716482134769,NH-DC-NM224-J08-ROCE-ST-leaf-4.GPU.S9825,FourHundredGigE1/0/31,821,254942,620,244656,0,0
2024/05/24 星期五 00:35:35.269,1716482135269,NH-DC-NM224-J08-ROCE-ST-leaf-4.GPU.S9825,FourHundredGigE1/0/31,0,0,0,0,0,0
2024/05/24 星期五 00:35:35.769,1716482135769,NH-DC-NM224-J08-ROCE-ST-leaf-4.GPU.S9825,FourHundredGigE1/0/31,1550,549672,1725,559674,0,0
2024/05/24 星期五 00:35:36.276,1716482136276,NH-DC-NM224-J08-ROCE-ST-leaf-4.GPU.S9825,FourHundredGigE1/0/31,0,0,0,0,0,0
2024/05/24 星期五 00:35:36.778,1716482136778,NH-DC-NM224-J08-ROCE-ST-leaf-4.GPU.S9825,FourHundredGigE1/0/31,1514,562526,1864,582947,0,0
2024/05/24 星期五 00:35:37.289,1716482137289,NH-DC-NM224-J08-ROCE-ST-leaf-4.GPU.S9825,FourHundredGigE1/0/31,0,0,0,0,0,0
2024/05/24 星期五 00:35:37.790,1716482137790,NH-DC-NM224-J08-ROCE-ST-leaf-4.GPU.S9825,FourHundredGigE1/0/31,2524,804344,2118,781675,0,0
2024/05/24 星期五 00:35:38.293,1716482138293,NH-DC-NM224-J08-ROCE-ST-leaf-4.GPU.S9825,FourHundredGigE1/0/31,0,0,0,0,0,0
2024/05/24 星期五 00:35:38.813,1716482138813,NH-DC-NM224-J08-ROCE-ST-leaf-4.GPU.S9825,FourHundredGigE1/0/31,1624,547654,1607,546922,0,0
2024/05/24 星期五 00:35:39.314,1716482139314,NH-DC-NM224-J08-ROCE-ST-leaf-4.GPU.S9825,FourHundredGigE1/0/31,1868,623036,1775,617052,0,0
2024/05/24 星期五 00:35:39.815,1716482139815,NH-DC-NM224-J08-ROCE-ST-leaf-4.GPU.S9825,FourHundredGigE1/0/31,0,0,0,0,0,0
2024/05/24 星期五 00:35:40.319,1716482140319,NH-DC-NM224-J08-ROCE-ST-leaf-4.GPU.S9825,FourHundredGigE1/0/31,1186,440865,1487,462820,0,0
2024/05/24 星期五 00:35:40.914,1716482140914,NH-DC-NM224-J08-ROCE-ST-leaf-4.GPU.S9825,FourHundredGigE1/0/31,0,0,0,0,0,0
2024/05/24 星期五 00:35:41.416,1716482141416,NH-DC-NM224-J08-ROCE-ST-leaf-4.GPU.S9825,FourHundredGigE1/0/31,2181,740038,2156,739093,0,0
2024/05/24 星期五 00:35:41.923,1716482141923,NH-DC-NM224-J08-ROCE-ST-leaf-4.GPU.S9825,FourHundredGigE1/0/31,0,0,0,0,0,0
2024/05/24 星期五 00:35:42.423,1716482142423,NH-DC-NM224-J08-ROCE-ST-leaf-4.GPU.S9825,FourHundredGigE1/0/31,2912,946084,2551,925868,0,0
2024/05/24 星期五 00:35:42.921,1716482142921,NH-DC-NM224-J08-ROCE-ST-leaf-4.GPU.S9825,FourHundredGigE1/0/31,0,0,0,0,0,0
2024/05/24 星期五 00:35:43.422,1716482143422,NH-DC-NM224-J08-ROCE-ST-leaf-4.GPU.S9825,FourHundredGigE1/0/31,1972,641602,1769,630495,0,0
2024/05/24 星期五 00:35:43.921,1716482143921,NH-DC-NM224-J08-ROCE-ST-leaf-4.GPU.S9825,FourHundredGigE1/0/31,0,0,0,0,0,0
2024/05/24 星期五 00:35:44.422,1716482144422,NH-DC-NM224-J08-ROCE-ST-leaf-4.GPU.S9825,FourHundredGigE1/0/31,1715,624104,1994,638952,0,0
2024/05/24 星期五 00:35:44.925,1716482144925,NH-DC-NM224-J08-ROCE-ST-leaf-4.GPU.S9825,FourHundredGigE1/0/31,0,0,0,0,0,0
2024/05/24 星期五 00:35:45.434,1716482145434,NH-DC-NM224-J08-ROCE-ST-leaf-4.GPU.S9825,FourHundredGigE1/0/31,0,0,0,0,0,0
2024/05/24 星期五 00:35:45.934,1716482145934,NH-DC-NM224-J08-ROCE-ST-leaf-4.GPU.S9825,FourHundredGigE1/0/31,2109,717160,2157,714685,0,0
2024/05/24 星期五 00:35:46.434,1716482146434,NH-DC-NM224-J08-ROCE-ST-leaf-4.GPU.S9825,FourHundredGigE1/0/31,0,0,0,0,0,0
2024/05/24 星期五 00:35:46.939,1716482146939,NH-DC-NM224-J08-ROCE-ST-leaf-4.GPU.S9825,FourHundredGigE1/0/31,1582,565442,1784,576754,0,0
2024/05/24 星期五 00:35:47.439,1716482147439,NH-DC-NM224-J08-ROCE-ST-leaf-4.GPU.S9825,FourHundredGigE1/0/31,0,0,0,0,0,0
2024/05/24 星期五 00:35:47.951,1716482147951,NH-DC-NM224-J08-ROCE-ST-leaf-4.GPU.S9825,FourHundredGigE1/0/31,0,0,0,0,0,0
2024/05/24 星期五 00:35:48.453,1716482148453,NH-DC-NM224-J08-ROCE-ST-leaf-4.GPU.S9825,FourHundredGigE1/0/31,5799,1787262,4361,1710901,0,0
2024/05/24 星期五 00:35:48.954,1716482148954,NH-DC-NM224-J08-ROCE-ST-leaf-4.GPU.S9825,FourHundredGigE1/0/31,0,0,0,0,0,0
2024/05/24 星期五 00:35:49.453,1716482149453,NH-DC-NM224-J08-ROCE-ST-leaf-4.GPU.S9825,FourHundredGigE1/0/31,2760,917782,2647,932529,0,0
2024/05/24 星期五 00:35:50.324,1716482150324,NH-DC-NM224-J08-ROCE-ST-leaf-4.GPU.S9825,FourHundredGigE1/0/31,1778,622024,1921,630347,0,0
2024/05/24 星期五 00:35:50.826,1716482150826,NH-DC-NM224-J08-ROCE-ST-leaf-4.GPU.S9825,FourHundredGigE1/0/31,0,0,0,0,0,0
2024/05/24 星期五 00:35:51.327,1716482151327,NH-DC-NM224-J08-ROCE-ST-leaf-4.GPU.S9825,FourHundredGigE1/0/31,0,0,0,0,0,0
2024/05/24 星期五 00:35:51.829,1716482151829,NH-DC-NM224-J08-ROCE-ST-leaf-4.GPU.S9825,FourHundredGigE1/0/31,1842,676129,2242,695492,0,0
2024/05/24 星期五 00:35:52.330,1716482152330,NH-DC-NM224-J08-ROCE-ST-leaf-4.GPU.S9825,FourHundredGigE1/0/31,0,0,0,0,0,0
2024/05/24 星期五 00:35:52.832,1716482152832,NH-DC-NM224-J08-ROCE-ST-leaf-4.GPU.S9825,FourHundredGigE1/0/31,2205,763282,2281,767926,0,0
2024/05/24 星期五 00:35:53.332,1716482153332,NH-DC-NM224-J08-ROCE-ST-leaf-4.GPU.S9825,FourHundredGigE1/0/31,0,0,0,0,0,0
2024/05/24 星期五 00:35:53.835,1716482153835,NH-DC-NM224-J08-ROCE-ST-leaf-4.GPU.S9825,FourHundredGigE1/0/31,0,0,0,0,0,0
2024/05/24 星期五 00:35:54.334,1716482154334,NH-DC-NM224-J08-ROCE-ST-leaf-4.GPU.S9825,FourHundredGigE1/0/31,2378,860568,2749,883308,0,0
2024/05/24 星期五 00:35:54.840,1716482154840,NH-DC-NM224-J08-ROCE-ST-leaf-4.GPU.S9825,FourHundredGigE1/0/31,0,0,0,0,0,0
2024/05/24 星期五 00:35:55.342,1716482155342,NH-DC-NM224-J08-ROCE-ST-leaf-4.GPU.S9825,FourHundredGigE1/0/31,0,0,0,0,0,0
2024/05/24 星期五 00:35:55.864,1716482155864,NH-DC-NM224-J08-ROCE-ST-leaf-4.GPU.S9825,FourHundredGigE1/0/31,2519,842793,2415,843801,0,0
2024/05/24 星期五 00:35:56.371,1716482156371,NH-DC-NM224-J08-ROCE-ST-leaf-4.GPU.S9825,FourHundredGigE1/0/31,0,0,0,0,0,0
2024/05/24 星期五 00:35:57.365,1716482157365,NH-DC-NM224-J08-ROCE-ST-leaf-4.GPU.S9825,FourHundredGigE1/0/31,2513,947714,3218,987447,0,0
2024/05/24 星期五 00:35:57.981,1716482157981,NH-DC-NM224-J08-ROCE-ST-leaf-4.GPU.S9825,FourHundredGigE1/0/31,0,0,0,0,0,0
2024/05/24 星期五 00:35:58.484,1716482158484,NH-DC-NM224-J08-ROCE-ST-leaf-4.GPU.S9825,FourHundredGigE1/0/31,0,0,0,0,0,0
2024/05/24 星期五 00:35:58.985,1716482158985,NH-DC-NM224-J08-ROCE-ST-leaf-4.GPU.S9825,FourHundredGigE1/0/31,1805,631366,1928,638280,0,0
2024/05/24 星期五 00:35:59.515,1716482159515,NH-DC-NM224-J08-ROCE-ST-leaf-4.GPU.S9825,FourHundredGigE1/0/31,2309,725202,1851,697420,0,0
2024/05/24 星期五 00:36:00.018,1716482160018,NH-DC-NM224-J08-ROCE-ST-leaf-4.GPU.S9825,FourHundredGigE1/0/31,0,0,0,0,0,0
2024/05/24 星期五 00:36:00.517,1716482160517,NH-DC-NM224-J08-ROCE-ST-leaf-4.GPU.S9825,FourHundredGigE1/0/31,2503,823762,2282,811647,0,0
2024/05/24 星期五 00:36:01.021,1716482161021,NH-DC-NM224-J08-ROCE-ST-leaf-4.GPU.S9825,FourHundredGigE1/0/31,0,0,0,0,0,0
2024/05/24 星期五 00:36:01.521,1716482161521,NH-DC-NM224-J08-ROCE-ST-leaf-4.GPU.S9825,FourHundredGigE1/0/31,1191,472259,1698,505907,0,0
2024/05/24 星期五 00:36:02.022,1716482162022,NH-DC-NM224-J08-ROCE-ST-leaf-4.GPU.S9825,FourHundredGigE1/0/31,0,0,0,0,0,0
2024/05/24 星期五 00:36:02.526,1716482162526,NH-DC-NM224-J08-ROCE-ST-leaf-4.GPU.S9825,FourHundredGigE1/0/31,1985,674296,1972,673568,0,0
2024/05/24 星期五 00:36:03.040,1716482163040,NH-DC-NM224-J08-ROCE-ST-leaf-4.GPU.S9825,FourHundredGigE1/0/31,0,0,0,0,0,0
2024/05/24 星期五 00:36:03.529,1716482163529,NH-DC-NM224-J08-ROCE-ST-leaf-4.GPU.S9825,FourHundredGigE1/0/31,0,0,0,0,0,0
2024/05/24 星期五 00:36:04.030,1716482164030,NH-DC-NM224-J08-ROCE-ST-leaf-4.GPU.S9825,FourHundredGigE1/0/31,2535,815976,2224,792807,0,0
2024/05/24 星期五 00:36:04.529,1716482164529,NH-DC-NM224-J08-ROCE-ST-leaf-4.GPU.S9825,FourHundredGigE1/0/31,1516,502088,1394,500494,0,0
2024/05/24 星期五 00:36:05.030,1716482165030,NH-DC-NM224-J08-ROCE-ST-leaf-4.GPU.S9825,FourHundredGigE1/0/31,0,0,0,0,0,0
2024/05/24 星期五 00:36:05.531,1716482165531,NH-DC-NM224-J08-ROCE-ST-leaf-4.GPU.S9825,FourHundredGigE1/0/31,2279,760440,2160,753978,0,0
2024/05/24 星期五 00:36:06.033,1716482166033,NH-DC-NM224-J08-ROCE-ST-leaf-4.GPU.S9825,FourHundredGigE1/0/31,0,0,0,0,0,0
2024/05/24 星期五 00:36:06.534,1716482166534,NH-DC-NM224-J08-ROCE-ST-leaf-4.GPU.S9825,FourHundredGigE1/0/31,1527,568072,1884,588885,0,0
2024/05/24 星期五 00:36:07.050,1716482167050,NH-DC-NM224-J08-ROCE-ST-leaf-4.GPU.S9825,FourHundredGigE1/0/31,0,0,0,0,0,0
2024/05/24 星期五 00:36:07.559,1716482167559,NH-DC-NM224-J08-ROCE-ST-leaf-4.GPU.S9825,FourHundredGigE1/0/31,2188,750074,2217,752347,0,0
2024/05/24 星期五 00:36:08.057,1716482168057,NH-DC-NM224-J08-ROCE-ST-leaf-4.GPU.S9825,FourHundredGigE1/0/31,0,0,0,0,0,0
2024/05/24 星期五 00:36:08.565,1716482168565,NH-DC-NM224-J08-ROCE-ST-leaf-4.GPU.S9825,FourHundredGigE1/0/31,1565,550036,1703,557790,0,0
2024/05/24 星期五 00:36:09.065,1716482169065,NH-DC-NM224-J08-ROCE-ST-leaf-4.GPU.S9825,FourHundredGigE1/0/31,0,0,0,0,0,0
2024/05/24 星期五 00:36:09.566,1716482169566,NH-DC-NM224-J08-ROCE-ST-leaf-4.GPU.S9825,FourHundredGigE1/0/31,1446,505656,1551,510372,0,0
2024/05/24 星期五 00:36:10.068,1716482170068,NH-DC-NM224-J08-ROCE-ST-leaf-4.GPU.S9825,FourHundredGigE1/0/31,0,0,0,0,0,0
2024/05/24 星期五 00:36:10.569,1716482170569,NH-DC-NM224-J08-ROCE-ST-leaf-4.GPU.S9825,FourHundredGigE1/0/31,2794,893924,2358,869575,0,0
2024/05/24 星期五 00:36:11.070,1716482171070,NH-DC-NM224-J08-ROCE-ST-leaf-4.GPU.S9825,FourHundredGigE1/0/31,0,0,0,0,0,0
2024/05/24 星期五 00:36:11.598,1716482171598,NH-DC-NM224-J08-ROCE-ST-leaf-4.GPU.S9825,FourHundredGigE1/0/31,2201,772264,2351,781313,0,0
2024/05/24 星期五 00:36:12.098,1716482172098,NH-DC-NM224-J08-ROCE-ST-leaf-4.GPU.S9825,FourHundredGigE1/0/31,0,0,0,0,0,0
2024/05/24 星期五 00:36:12.599,1716482172599,NH-DC-NM224-J08-ROCE-ST-leaf-4.GPU.S9825,FourHundredGigE1/0/31,2037,678084,1926,671868,0,0
2024/05/24 星期五 00:36:13.114,1716482173114,NH-DC-NM224-J08-ROCE-ST-leaf-4.GPU.S9825,FourHundredGigE1/0/31,0,0,0,0,0,0
2024/05/24 星期五 00:36:13.615,1716482173615,NH-DC-NM224-J08-ROCE-ST-leaf-4.GPU.S9825,FourHundredGigE1/0/31,1502,527236,1634,534695,0,0
2024/05/24 星期五 00:36:14.114,1716482174114,NH-DC-NM224-J08-ROCE-ST-leaf-4.GPU.S9825,FourHundredGigE1/0/31,0,0,0,0,0,0
2024/05/24 星期五 00:36:14.615,1716482174615,NH-DC-NM224-J08-ROCE-ST-leaf-4.GPU.S9825,FourHundredGigE1/0/31,1390,496850,1574,506572,0,0
2024/05/24 星期五 00:36:15.118,1716482175118,NH-DC-NM224-J08-ROCE-ST-leaf-4.GPU.S9825,FourHundredGigE1/0/31,0,0,0,0,0,0
2024/05/24 星期五 00:36:15.626,1716482175626,NH-DC-NM224-J08-ROCE-ST-leaf-4.GPU.S9825,FourHundredGigE1/0/31,1787,634776,1980,645786,0,0
2024/05/24 星期五 00:36:16.125,1716482176125,NH-DC-NM224-J08-ROCE-ST-leaf-4.GPU.S9825,FourHundredGigE1/0/31,0,0,0,0,0,0
2024/05/24 星期五 00:36:16.629,1716482176629,NH-DC-NM224-J08-ROCE-ST-leaf-4.GPU.S9825,FourHundredGigE1/0/31,1655,584876,1821,594627,0,0
2024/05/24 星期五 00:36:17.133,1716482177133,NH-DC-NM224-J08-ROCE-ST-leaf-4.GPU.S9825,FourHundredGigE1/0/31,0,0,0,0,0,0
2024/05/24 星期五 00:36:17.977,1716482177977,NH-DC-NM224-J08-ROCE-ST-leaf-4.GPU.S9825,FourHundredGigE1/0/31,1601,603736,2021,627323,0,0
2024/05/24 星期五 00:36:18.477,1716482178477,NH-DC-NM224-J08-ROCE-ST-leaf-4.GPU.S9825,FourHundredGigE1/0/31,2234,731602,2021,719700,0,0
2024/05/24 星期五 00:36:18.978,1716482178978,NH-DC-NM224-J08-ROCE-ST-leaf-4.GPU.S9825,FourHundredGigE1/0/31,0,0,0,0,0,0
2024/05/24 星期五 00:36:19.488,1716482179488,NH-DC-NM224-J08-ROCE-ST-leaf-4.GPU.S9825,FourHundredGigE1/0/31,1879,670964,2090,682198,0,0
2024/05/24 星期五 00:36:19.990,1716482179990,NH-DC-NM224-J08-ROCE-ST-leaf-4.GPU.S9825,FourHundredGigE1/0/31,0,0,0,0,0,0
2024/05/24 星期五 00:36:20.489,1716482180489,NH-DC-NM224-J08-ROCE-ST-leaf-4.GPU.S9825,FourHundredGigE1/0/31,1923,648924,1885,646863,0,0
2024/05/24 星期五 00:36:21.000,1716482181000,NH-DC-NM224-J08-ROCE-ST-leaf-4.GPU.S9825,FourHundredGigE1/0/31,0,0,0,0,0,0
2024/05/24 星期五 00:36:21.506,1716482181506,NH-DC-NM224-J08-ROCE-ST-leaf-4.GPU.S9825,FourHundredGigE1/0/31,0,0,0,0,0,0
2024/05/24 星期五 00:36:22.007,1716482182007,NH-DC-NM224-J08-ROCE-ST-leaf-4.GPU.S9825,FourHundredGigE1/0/31,1934,699544,2234,718157,0,0
2024/05/24 星期五 00:36:22.505,1716482182505,NH-DC-NM224-J08-ROCE-ST-leaf-4.GPU.S9825,FourHundredGigE1/0/31,0,0,0,0,0,0
2024/05/24 星期五 00:36:23.010,1716482183010,NH-DC-NM224-J08-ROCE-ST-leaf-4.GPU.S9825,FourHundredGigE1/0/31,2584,858124,2440,843852,0,0
2024/05/24 星期五 00:36:23.511,1716482183511,NH-DC-NM224-J08-ROCE-ST-leaf-4.GPU.S9825,FourHundredGigE1/0/31,0,0,0,0,0,0
2024/05/24 星期五 00:36:24.012,1716482184012,NH-DC-NM224-J08-ROCE-ST-leaf-4.GPU.S9825,FourHundredGigE1/0/31,2254,766090,2249,767817,0,0
2024/05/24 星期五 00:36:24.975,1716482184975,NH-DC-NM224-J08-ROCE-ST-leaf-4.GPU.S9825,FourHundredGigE1/0/31,269,127296,525,144154,0,0
2024/05/24 星期五 00:36:25.478,1716482185478,NH-DC-NM224-J08-ROCE-ST-leaf-4.GPU.S9825,FourHundredGigE1/0/31,2358,770988,2121,757724,0,0
2024/05/24 星期五 00:36:25.987,1716482185987,NH-DC-NM224-J08-ROCE-ST-leaf-4.GPU.S9825,FourHundredGigE1/0/31,0,0,0,0,0,0
2024/05/24 星期五 00:36:26.487,1716482186487,NH-DC-NM224-J08-ROCE-ST-leaf-4.GPU.S9825,FourHundredGigE1/0/31,2135,752354,2304,762273,0,0
2024/05/24 星期五 00:36:26.992,1716482186992,NH-DC-NM224-J08-ROCE-ST-leaf-4.GPU.S9825,FourHundredGigE1/0/31,0,0,0,0,0,0
2024/05/24 星期五 00:36:27.494,1716482187494,NH-DC-NM224-J08-ROCE-ST-leaf-4.GPU.S9825,FourHundredGigE1/0/31,1807,631088,1935,639487,0,0
2024/05/24 星期五 00:36:27.996,1716482187996,NH-DC-NM224-J08-ROCE-ST-leaf-4.GPU.S9825,FourHundredGigE1/0/31,0,0,0,0,0,0
2024/05/24 星期五 00:36:28.498,1716482188498,NH-DC-NM224-J08-ROCE-ST-leaf-4.GPU.S9825,FourHundredGigE1/0/31,1390,502130,1617,514868,0,0
2024/05/24 星期五 00:36:29.000,1716482189000,NH-DC-NM224-J08-ROCE-ST-leaf-4.GPU.S9825,FourHundredGigE1/0/31,0,0,0,0,0,0
2024/05/24 星期五 00:36:29.502,1716482189502,NH-DC-NM224-J08-ROCE-ST-leaf-4.GPU.S9825,FourHundredGigE1/0/31,1274,447078,1415,451856,0,0
2024/05/24 星期五 00:36:30.002,1716482190002,NH-DC-NM224-J08-ROCE-ST-leaf-4.GPU.S9825,FourHundredGigE1/0/31,0,0,0,0,0,0
2024/05/24 星期五 00:36:30.501,1716482190501,NH-DC-NM224-J08-ROCE-ST-leaf-4.GPU.S9825,FourHundredGigE1/0/31,1323,507138,1744,530781,0,0
2024/05/24 星期五 00:36:31.024,1716482191024,NH-DC-NM224-J08-ROCE-ST-leaf-4.GPU.S9825,FourHundredGigE1/0/31,0,0,0,0,0,0
2024/05/24 星期五 00:36:31.525,1716482191525,NH-DC-NM224-J08-ROCE-ST-leaf-4.GPU.S9825,FourHundredGigE1/0/31,985,456746,1884,508903,0,0
2024/05/24 星期五 00:36:32.026,1716482192026,NH-DC-NM224-J08-ROCE-ST-leaf-4.GPU.S9825,FourHundredGigE1/0/31,0,0,0,0,0,0
2024/05/24 星期五 00:36:32.525,1716482192525,NH-DC-NM224-J08-ROCE-ST-leaf-4.GPU.S9825,FourHundredGigE1/0/31,1092,437086,1593,465284,0,0
2024/05/24 星期五 00:36:33.027,1716482193027,NH-DC-NM224-J08-ROCE-ST-leaf-4.GPU.S9825,FourHundredGigE1/0/31,0,0,0,0,0,0
2024/05/24 星期五 00:36:33.533,1716482193533,NH-DC-NM224-J08-ROCE-ST-leaf-4.GPU.S9825,FourHundredGigE1/0/31,0,0,0,0,0,0
2024/05/24 星期五 00:36:34.034,1716482194034,NH-DC-NM224-J08-ROCE-ST-leaf-4.GPU.S9825,FourHundredGigE1/0/31,4298,1356702,3524,1307321,0,0
2024/05/24 星期五 00:36:34.534,1716482194534,NH-DC-NM224-J08-ROCE-ST-leaf-4.GPU.S9825,FourHundredGigE1/0/31,1531,481354,1204,465564,0,0
2024/05/24 星期五 00:36:35.034,1716482195034,NH-DC-NM224-J08-ROCE-ST-leaf-4.GPU.S9825,FourHundredGigE1/0/31,0,0,0,0,0,0
2024/05/24 星期五 00:36:35.534,1716482195534,NH-DC-NM224-J08-ROCE-ST-leaf-4.GPU.S9825,FourHundredGigE1/0/31,2816,902841,2427,883402,0,0
2024/05/24 星期五 00:36:36.039,1716482196039,NH-DC-NM224-J08-ROCE-ST-leaf-4.GPU.S9825,FourHundredGigE1/0/31,0,0,0,0,0,0
2024/05/24 星期五 00:36:36.540,1716482196540,NH-DC-NM224-J08-ROCE-ST-leaf-4.GPU.S9825,FourHundredGigE1/0/31,2365,787126,2223,779801,0,0
2024/05/24 星期五 00:36:37.041,1716482197041,NH-DC-NM224-J08-ROCE-ST-leaf-4.GPU.S9825,FourHundredGigE1/0/31,0,0,0,0,0,0
2024/05/24 星期五 00:36:37.542,1716482197542,NH-DC-NM224-J08-ROCE-ST-leaf-4.GPU.S9825,FourHundredGigE1/0/31,2064,702808,2134,704893,0,0
2024/05/24 星期五 00:36:38.057,1716482198057,NH-DC-NM224-J08-ROCE-ST-leaf-4.GPU.S9825,FourHundredGigE1/0/31,0,0,0,0,0,0
2024/05/24 星期五 00:36:38.561,1716482198561,NH-DC-NM224-J08-ROCE-ST-leaf-4.GPU.S9825,FourHundredGigE1/0/31,1729,622302,1978,635754,0,0
2024/05/24 星期五 00:36:39.061,1716482199061,NH-DC-NM224-J08-ROCE-ST-leaf-4.GPU.S9825,FourHundredGigE1/0/31,0,0,0,0,0,0
2024/05/24 星期五 00:36:39.562,1716482199562,NH-DC-NM224-J08-ROCE-ST-leaf-4.GPU.S9825,FourHundredGigE1/0/31,715,316154,1315,345460,0,0
2024/05/24 星期五 00:36:40.071,1716482200071,NH-DC-NM224-J08-ROCE-ST-leaf-4.GPU.S9825,FourHundredGigE1/0/31,0,0,0,0,0,0
2024/05/24 星期五 00:36:40.591,1716482200591,NH-DC-NM224-J08-ROCE-ST-leaf-4.GPU.S9825,FourHundredGigE1/0/31,2401,787465,2178,779882,0,0
2024/05/24 星期五 00:36:41.091,1716482201091,NH-DC-NM224-J08-ROCE-ST-leaf-4.GPU.S9825,FourHundredGigE1/0/31,0,0,0,0,0,0
2024/05/24 星期五 00:36:41.599,1716482201599,NH-DC-NM224-J08-ROCE-ST-leaf-4.GPU.S9825,FourHundredGigE1/0/31,1860,661180,2060,672835,0,0
2024/05/24 星期五 00:36:42.101,1716482202101,NH-DC-NM224-J08-ROCE-ST-leaf-4.GPU.S9825,FourHundredGigE1/0/31,0,0,0,0,0,0
2024/05/24 星期五 00:36:42.601,1716482202601,NH-DC-NM224-J08-ROCE-ST-leaf-4.GPU.S9825,FourHundredGigE1/0/31,1735,631396,2026,647886,0,0
2024/05/24 星期五 00:36:43.103,1716482203103,NH-DC-NM224-J08-ROCE-ST-leaf-4.GPU.S9825,FourHundredGigE1/0/31,0,0,0,0,0,0
2024/05/24 星期五 00:36:43.605,1716482203605,NH-DC-NM224-J08-ROCE-ST-leaf-4.GPU.S9825,FourHundredGigE1/0/31,2732,891328,2426,874259,0,0
2024/05/24 星期五 00:36:44.105,1716482204105,NH-DC-NM224-J08-ROCE-ST-leaf-4.GPU.S9825,FourHundredGigE1/0/31,0,0,0,0,0,0
2024/05/24 星期五 00:36:44.604,1716482204604,NH-DC-NM224-J08-ROCE-ST-leaf-4.GPU.S9825,FourHundredGigE1/0/31,1097,441460,1600,469046,0,0
2024/05/24 星期五 00:36:45.647,1716482205647,NH-DC-NM224-J08-ROCE-ST-leaf-4.GPU.S9825,FourHundredGigE1/0/31,1681,570578,1685,570810,0,0
2024/05/24 星期五 00:36:46.147,1716482206147,NH-DC-NM224-J08-ROCE-ST-leaf-4.GPU.S9825,FourHundredGigE1/0/31,0,0,0,0,0,0
2024/05/24 星期五 00:36:46.647,1716482206647,NH-DC-NM224-J08-ROCE-ST-leaf-4.GPU.S9825,FourHundredGigE1/0/31,2854,924886,2489,904707,0,0
2024/05/24 星期五 00:36:47.142,1716482207142,NH-DC-NM224-J08-ROCE-ST-leaf-4.GPU.S9825,FourHundredGigE1/0/31,0,0,0,0,0,0
2024/05/24 星期五 00:36:47.645,1716482207645,NH-DC-NM224-J08-ROCE-ST-leaf-4.GPU.S9825,FourHundredGigE1/0/31,2419,813332,2320,806531,0,0
2024/05/24 星期五 00:36:48.153,1716482208153,NH-DC-NM224-J08-ROCE-ST-leaf-4.GPU.S9825,FourHundredGigE1/0/31,0,0,0,0,0,0
2024/05/24 星期五 00:36:48.677,1716482208677,NH-DC-NM224-J08-ROCE-ST-leaf-4.GPU.S9825,FourHundredGigE1/0/31,1939,672636,2034,679694,0,0
2024/05/24 星期五 00:36:49.178,1716482209178,NH-DC-NM224-J08-ROCE-ST-leaf-4.GPU.S9825,FourHundredGigE1/0/31,0,0,0,0,0,0
2024/05/24 星期五 00:36:49.681,1716482209681,NH-DC-NM224-J08-ROCE-ST-leaf-4.GPU.S9825,FourHundredGigE1/0/31,1921,653598,1911,652262,0,0
2024/05/24 星期五 00:36:50.182,1716482210182,NH-DC-NM224-J08-ROCE-ST-leaf-4.GPU.S9825,FourHundredGigE1/0/31,0,0,0,0,0,0
2024/05/24 星期五 00:36:50.685,1716482210685,NH-DC-NM224-J08-ROCE-ST-leaf-4.GPU.S9825,FourHundredGigE1/0/31,598,263908,1102,292361,0,0
2024/05/24 星期五 00:36:51.197,1716482211197,NH-DC-NM224-J08-ROCE-ST-leaf-4.GPU.S9825,FourHundredGigE1/0/31,0,0,0,0,0,0
2024/05/24 星期五 00:36:51.697,1716482211697,NH-DC-NM224-J08-ROCE-ST-leaf-4.GPU.S9825,FourHundredGigE1/0/31,1970,660453,1922,659438,0,0
2024/05/24 星期五 00:36:52.208,1716482212208,NH-DC-NM224-J08-ROCE-ST-leaf-4.GPU.S9825,FourHundredGigE1/0/31,0,0,0,0,0,0
2024/05/24 星期五 00:36:52.709,1716482212709,NH-DC-NM224-J08-ROCE-ST-leaf-4.GPU.S9825,FourHundredGigE1/0/31,1994,687518,2054,691266,0,0
2024/05/24 星期五 00:36:53.215,1716482213215,NH-DC-NM224-J08-ROCE-ST-leaf-4.GPU.S9825,FourHundredGigE1/0/31,0,0,0,0,0,0
2024/05/24 星期五 00:36:53.718,1716482213718,NH-DC-NM224-J08-ROCE-ST-leaf-4.GPU.S9825,FourHundredGigE1/0/31,2448,799650,2191,785325,0,0
2024/05/24 星期五 00:36:54.220,1716482214220,NH-DC-NM224-J08-ROCE-ST-leaf-4.GPU.S9825,FourHundredGigE1/0/31,0,0,0,0,0,0
2024/05/24 星期五 00:36:54.721,1716482214721,NH-DC-NM224-J08-ROCE-ST-leaf-4.GPU.S9825,FourHundredGigE1/0/31,1166,429741,1431,446274,0,0
2024/05/24 星期五 00:36:55.221,1716482215221,NH-DC-NM224-J08-ROCE-ST-leaf-4.GPU.S9825,FourHundredGigE1/0/31,0,0,0,0,0,0
2024/05/24 星期五 00:36:55.722,1716482215722,NH-DC-NM224-J08-ROCE-ST-leaf-4.GPU.S9825,FourHundredGigE1/0/31,2758,886690,2362,864716,0,0
2024/05/24 星期五 00:36:56.223,1716482216223,NH-DC-NM224-J08-ROCE-ST-leaf-4.GPU.S9825,FourHundredGigE1/0/31,0,0,0,0,0,0
2024/05/24 星期五 00:36:56.724,1716482216724,NH-DC-NM224-J08-ROCE-ST-leaf-4.GPU.S9825,FourHundredGigE1/0/31,1650,557515,1644,562249,0,0
2024/05/24 星期五 00:36:57.782,1716482217782,NH-DC-NM224-J08-ROCE-ST-leaf-4.GPU.S9825,FourHundredGigE1/0/31,2346,793962,2300,791849,0,0
2024/05/24 星期五 00:36:58.285,1716482218285,NH-DC-NM224-J08-ROCE-ST-leaf-4.GPU.S9825,FourHundredGigE1/0/31,0,0,0,0,0,0
2024/05/24 星期五 00:36:58.786,1716482218786,NH-DC-NM224-J08-ROCE-ST-leaf-4.GPU.S9825,FourHundredGigE1/0/31,2983,977224,2670,959730,0,0
2024/05/24 星期五 00:36:59.302,1716482219302,NH-DC-NM224-J08-ROCE-ST-leaf-4.GPU.S9825,FourHundredGigE1/0/31,2109,716686,2083,714454,0,0
2024/05/24 星期五 00:36:59.801,1716482219801,NH-DC-NM224-J08-ROCE-ST-leaf-4.GPU.S9825,FourHundredGigE1/0/31,0,0,0,0,0,0
2024/05/24 星期五 00:37:00.302,1716482220302,NH-DC-NM224-J08-ROCE-ST-leaf-4.GPU.S9825,FourHundredGigE1/0/31,2928,933848,2448,907229,0,0
2024/05/24 星期五 00:37:00.815,1716482220815,NH-DC-NM224-J08-ROCE-ST-leaf-4.GPU.S9825,FourHundredGigE1/0/31,0,0,0,0,0,0
2024/05/24 星期五 00:37:01.317,1716482221317,NH-DC-NM224-J08-ROCE-ST-leaf-4.GPU.S9825,FourHundredGigE1/0/31,2330,804529,2396,813287,0,0
2024/05/24 星期五 00:37:01.818,1716482221818,NH-DC-NM224-J08-ROCE-ST-leaf-4.GPU.S9825,FourHundredGigE1/0/31,0,0,0,0,0,0
2024/05/24 星期五 00:37:02.319,1716482222319,NH-DC-NM224-J08-ROCE-ST-leaf-4.GPU.S9825,FourHundredGigE1/0/31,1602,574024,1819,586564,0,0
2024/05/24 星期五 00:37:02.818,1716482222818,NH-DC-NM224-J08-ROCE-ST-leaf-4.GPU.S9825,FourHundredGigE1/0/31,0,0,0,0,0,0
2024/05/24 星期五 00:37:03.318,1716482223318,NH-DC-NM224-J08-ROCE-ST-leaf-4.GPU.S9825,FourHundredGigE1/0/31,1719,623922,1996,639501,0,0
2024/05/24 星期五 00:37:03.826,1716482223826,NH-DC-NM224-J08-ROCE-ST-leaf-4.GPU.S9825,FourHundredGigE1/0/31,0,0,0,0,0,0
2024/05/24 星期五 00:37:04.326,1716482224326,NH-DC-NM224-J08-ROCE-ST-leaf-4.GPU.S9825,FourHundredGigE1/0/31,2411,788340,2154,772978,0,0
2024/05/24 星期五 00:37:04.825,1716482224825,NH-DC-NM224-J08-ROCE-ST-leaf-4.GPU.S9825,FourHundredGigE1/0/31,0,0,0,0,0,0
2024/05/24 星期五 00:37:05.326,1716482225326,NH-DC-NM224-J08-ROCE-ST-leaf-4.GPU.S9825,FourHundredGigE1/0/31,0,0,0,0,0,0
2024/05/24 星期五 00:37:05.832,1716482225832,NH-DC-NM224-J08-ROCE-ST-leaf-4.GPU.S9825,FourHundredGigE1/0/31,1586,594710,2034,615023,0,0
2024/05/24 星期五 00:37:06.333,1716482226333,NH-DC-NM224-J08-ROCE-ST-leaf-4.GPU.S9825,FourHundredGigE1/0/31,0,0,0,0,0,0
2024/05/24 星期五 00:37:06.834,1716482226834,NH-DC-NM224-J08-ROCE-ST-leaf-4.GPU.S9825,FourHundredGigE1/0/31,0,0,0,0,0,0
2024/05/24 星期五 00:37:07.337,1716482227337,NH-DC-NM224-J08-ROCE-ST-leaf-4.GPU.S9825,FourHundredGigE1/0/31,2709,913796,2637,912652,0,0
2024/05/24 星期五 00:37:07.838,1716482227838,NH-DC-NM224-J08-ROCE-ST-leaf-4.GPU.S9825,FourHundredGigE1/0/31,0,0,0,0,0,0
2024/05/24 星期五 00:37:08.337,1716482228337,NH-DC-NM224-J08-ROCE-ST-leaf-4.GPU.S9825,FourHundredGigE1/0/31,2303,801230,2419,809371,0,0
2024/05/24 星期五 00:37:08.837,1716482228837,NH-DC-NM224-J08-ROCE-ST-leaf-4.GPU.S9825,FourHundredGigE1/0/31,0,0,0,0,0,0
2024/05/24 星期五 00:37:09.338,1716482229338,NH-DC-NM224-J08-ROCE-ST-leaf-4.GPU.S9825,FourHundredGigE1/0/31,1171,475920,1749,509064,0,0
2024/05/24 星期五 00:37:09.837,1716482229837,NH-DC-NM224-J08-ROCE-ST-leaf-4.GPU.S9825,FourHundredGigE1/0/31,0,0,0,0,0,0
2024/05/24 星期五 00:37:10.339,1716482230339,NH-DC-NM224-J08-ROCE-ST-leaf-4.GPU.S9825,FourHundredGigE1/0/31,1349,491090,1602,505713,0,0
2024/05/24 星期五 00:37:10.844,1716482230844,NH-DC-NM224-J08-ROCE-ST-leaf-4.GPU.S9825,FourHundredGigE1/0/31,0,0,0,0,0,0
2024/05/24 星期五 00:37:11.791,1716482231791,NH-DC-NM224-J08-ROCE-ST-leaf-4.GPU.S9825,FourHundredGigE1/0/31,1773,613376,1851,618005,0,0
2024/05/24 星期五 00:37:12.293,1716482232293,NH-DC-NM224-J08-ROCE-ST-leaf-4.GPU.S9825,FourHundredGigE1/0/31,3288,1032856,2629,996340,0,0
2024/05/24 星期五 00:37:12.794,1716482232794,NH-DC-NM224-J08-ROCE-ST-leaf-4.GPU.S9825,FourHundredGigE1/0/31,0,0,0,0,0,0
2024/05/24 星期五 00:37:13.299,1716482233299,NH-DC-NM224-J08-ROCE-ST-leaf-4.GPU.S9825,FourHundredGigE1/0/31,0,0,0,0,0,0
2024/05/24 星期五 00:37:13.803,1716482233803,NH-DC-NM224-J08-ROCE-ST-leaf-4.GPU.S9825,FourHundredGigE1/0/31,3027,958218,2476,927429,0,0
2024/05/24 星期五 00:37:14.305,1716482234305,NH-DC-NM224-J08-ROCE-ST-leaf-4.GPU.S9825,FourHundredGigE1/0/31,2333,783534,2229,776740,0,0
2024/05/24 星期五 00:37:14.805,1716482234805,NH-DC-NM224-J08-ROCE-ST-leaf-4.GPU.S9825,FourHundredGigE1/0/31,0,0,0,0,0,0
2024/05/24 星期五 00:37:15.306,1716482235306,NH-DC-NM224-J08-ROCE-ST-leaf-4.GPU.S9825,FourHundredGigE1/0/31,1809,640834,1993,651534,0,0
2024/05/24 星期五 00:37:16.068,1716482236068,NH-DC-NM224-J08-ROCE-ST-leaf-4.GPU.S9825,FourHundredGigE1/0/31,0,0,0,0,0,0
2024/05/24 星期五 00:37:16.569,1716482236569,NH-DC-NM224-J08-ROCE-ST-leaf-4.GPU.S9825,FourHundredGigE1/0/31,1944,692594,2157,704783,0,0
2024/05/24 星期五 00:37:17.073,1716482237073,NH-DC-NM224-J08-ROCE-ST-leaf-4.GPU.S9825,FourHundredGigE1/0/31,0,0,0,0,0,0
2024/05/24 星期五 00:37:17.578,1716482237578,NH-DC-NM224-J08-ROCE-ST-leaf-4.GPU.S9825,FourHundredGigE1/0/31,1521,534010,1658,542137,0,0
2024/05/24 星期五 00:37:18.077,1716482238077,NH-DC-NM224-J08-ROCE-ST-leaf-4.GPU.S9825,FourHundredGigE1/0/31,0,0,0,0,0,0
2024/05/24 星期五 00:37:18.577,1716482238577,NH-DC-NM224-J08-ROCE-ST-leaf-4.GPU.S9825,FourHundredGigE1/0/31,916,426530,1755,473540,0,0
2024/05/24 星期五 00:37:19.078,1716482239078,NH-DC-NM224-J08-ROCE-ST-leaf-4.GPU.S9825,FourHundredGigE1/0/31,0,0,0,0,0,0
2024/05/24 星期五 00:37:19.582,1716482239582,NH-DC-NM224-J08-ROCE-ST-leaf-4.GPU.S9825,FourHundredGigE1/0/31,2733,868568,2258,840998,0,0
2024/05/24 星期五 00:37:20.082,1716482240082,NH-DC-NM224-J08-ROCE-ST-leaf-4.GPU.S9825,FourHundredGigE1/0/31,0,0,0,0,0,0
2024/05/24 星期五 00:37:20.585,1716482240585,NH-DC-NM224-J08-ROCE-ST-leaf-4.GPU.S9825,FourHundredGigE1/0/31,2164,760110,2317,769133,0,0
2024/05/24 星期五 00:37:21.086,1716482241086,NH-DC-NM224-J08-ROCE-ST-leaf-4.GPU.S9825,FourHundredGigE1/0/31,0,0,0,0,0,0
2024/05/24 星期五 00:37:21.589,1716482241589,NH-DC-NM224-J08-ROCE-ST-leaf-4.GPU.S9825,FourHundredGigE1/0/31,1006,395662,1423,420135,0,0
2024/05/24 星期五 00:37:22.093,1716482242093,NH-DC-NM224-J08-ROCE-ST-leaf-4.GPU.S9825,FourHundredGigE1/0/31,0,0,0,0,0,0
2024/05/24 星期五 00:37:22.594,1716482242594,NH-DC-NM224-J08-ROCE-ST-leaf-4.GPU.S9825,FourHundredGigE1/0/31,1639,575220,1774,582308,0,0
2024/05/24 星期五 00:37:23.094,1716482243094,NH-DC-NM224-J08-ROCE-ST-leaf-4.GPU.S9825,FourHundredGigE1/0/31,0,0,0,0,0,0
2024/05/24 星期五 00:37:23.595,1716482243595,NH-DC-NM224-J08-ROCE-ST-leaf-4.GPU.S9825,FourHundredGigE1/0/31,3265,1047774,2764,1020173,0,0
2024/05/24 星期五 00:37:24.094,1716482244094,NH-DC-NM224-J08-ROCE-ST-leaf-4.GPU.S9825,FourHundredGigE1/0/31,0,0,0,0,0,0
2024/05/24 星期五 00:37:24.597,1716482244597,NH-DC-NM224-J08-ROCE-ST-leaf-4.GPU.S9825,FourHundredGigE1/0/31,1021,408702,1473,432656,0,0
2024/05/24 星期五 00:37:25.274,1716482245274,NH-DC-NM224-J08-ROCE-ST-leaf-4.GPU.S9825,FourHundredGigE1/0/31,0,0,0,0,0,0
2024/05/24 星期五 00:37:25.782,1716482245782,NH-DC-NM224-J08-ROCE-ST-leaf-4.GPU.S9825,FourHundredGigE1/0/31,1775,614840,1862,620108,0,0
2024/05/24 星期五 00:37:26.305,1716482246305,NH-DC-NM224-J08-ROCE-ST-leaf-4.GPU.S9825,FourHundredGigE1/0/31,1225,496840,1811,529917,0,0
2024/05/24 星期五 00:37:26.806,1716482246806,NH-DC-NM224-J08-ROCE-ST-leaf-4.GPU.S9825,FourHundredGigE1/0/31,0,0,0,0,0,0
2024/05/24 星期五 00:37:27.308,1716482247308,NH-DC-NM224-J08-ROCE-ST-leaf-4.GPU.S9825,FourHundredGigE1/0/31,2797,910744,2471,892749,0,0
2024/05/24 星期五 00:37:27.816,1716482247816,NH-DC-NM224-J08-ROCE-ST-leaf-4.GPU.S9825,FourHundredGigE1/0/31,0,0,0,0,0,0
2024/05/24 星期五 00:37:28.313,1716482248313,NH-DC-NM224-J08-ROCE-ST-leaf-4.GPU.S9825,FourHundredGigE1/0/31,0,0,0,0,0,0
2024/05/24 星期五 00:37:28.820,1716482248820,NH-DC-NM224-J08-ROCE-ST-leaf-4.GPU.S9825,FourHundredGigE1/0/31,1051,420082,1526,446902,0,0
2024/05/24 星期五 00:37:29.322,1716482249322,NH-DC-NM224-J08-ROCE-ST-leaf-4.GPU.S9825,FourHundredGigE1/0/31,1446,527126,1700,540380,0,0
2024/05/24 星期五 00:37:29.826,1716482249826,NH-DC-NM224-J08-ROCE-ST-leaf-4.GPU.S9825,FourHundredGigE1/0/31,0,0,0,0,0,0
2024/05/24 星期五 00:37:30.327,1716482250327,NH-DC-NM224-J08-ROCE-ST-leaf-4.GPU.S9825,FourHundredGigE1/0/31,3313,1058784,2773,1028999,0,0
2024/05/24 星期五 00:37:30.831,1716482250831,NH-DC-NM224-J08-ROCE-ST-leaf-4.GPU.S9825,FourHundredGigE1/0/31,0,0,0,0,0,0
2024/05/24 星期五 00:37:31.342,1716482251342,NH-DC-NM224-J08-ROCE-ST-leaf-4.GPU.S9825,FourHundredGigE1/0/31,2127,716420,2067,713321,0,0
2024/05/24 星期五 00:37:31.842,1716482251842,NH-DC-NM224-J08-ROCE-ST-leaf-4.GPU.S9825,FourHundredGigE1/0/31,0,0,0,0,0,0
2024/05/24 星期五 00:37:32.351,1716482252351,NH-DC-NM224-J08-ROCE-ST-leaf-4.GPU.S9825,FourHundredGigE1/0/31,1996,693324,2091,699032,0,0
2024/05/24 星期五 00:37:32.854,1716482252854,NH-DC-NM224-J08-ROCE-ST-leaf-4.GPU.S9825,FourHundredGigE1/0/31,0,0,0,0,0,0
2024/05/24 星期五 00:37:33.357,1716482253357,NH-DC-NM224-J08-ROCE-ST-leaf-4.GPU.S9825,FourHundredGigE1/0/31,1887,645594,1912,647061,0,0
2024/05/24 星期五 00:37:33.859,1716482253859,NH-DC-NM224-J08-ROCE-ST-leaf-4.GPU.S9825,FourHundredGigE1/0/31,0,0,0,0,0,0
2024/05/24 星期五 00:37:34.357,1716482254357,NH-DC-NM224-J08-ROCE-ST-leaf-4.GPU.S9825,FourHundredGigE1/0/31,719,331362,1365,366568,0,0
2024/05/24 星期五 00:37:34.858,1716482254858,NH-DC-NM224-J08-ROCE-ST-leaf-4.GPU.S9825,FourHundredGigE1/0/31,0,0,0,0,0,0
2024/05/24 星期五 00:37:35.358,1716482255358,NH-DC-NM224-J08-ROCE-ST-leaf-4.GPU.S9825,FourHundredGigE1/0/31,0,0,0,0,0,0
2024/05/24 星期五 00:37:35.861,1716482255861,NH-DC-NM224-J08-ROCE-ST-leaf-4.GPU.S9825,FourHundredGigE1/0/31,2747,932136,2707,931911,0,0
2024/05/24 星期五 00:37:36.361,1716482256361,NH-DC-NM224-J08-ROCE-ST-leaf-4.GPU.S9825,FourHundredGigE1/0/31,0,0,0,0,0,0
2024/05/24 星期五 00:37:36.861,1716482256861,NH-DC-NM224-J08-ROCE-ST-leaf-4.GPU.S9825,FourHundredGigE1/0/31,3273,1106120,3198,1097242,0,0
2024/05/24 星期五 00:37:37.364,1716482257364,NH-DC-NM224-J08-ROCE-ST-leaf-4.GPU.S9825,FourHundredGigE1/0/31,0,0,0,0,0,0
2024/05/24 星期五 00:37:37.866,1716482257866,NH-DC-NM224-J08-ROCE-ST-leaf-4.GPU.S9825,FourHundredGigE1/0/31,0,0,0,0,0,0
2024/05/24 星期五 00:37:38.369,1716482258369,NH-DC-NM224-J08-ROCE-ST-leaf-4.GPU.S9825,FourHundredGigE1/0/31,3818,1193562,3014,1150571,0,0
2024/05/24 星期五 00:37:38.873,1716482258873,NH-DC-NM224-J08-ROCE-ST-leaf-4.GPU.S9825,FourHundredGigE1/0/31,0,0,0,0,0,0
2024/05/24 星期五 00:37:39.387,1716482259387,NH-DC-NM224-J08-ROCE-ST-leaf-4.GPU.S9825,FourHundredGigE1/0/31,2306,812332,2485,823520,0,0
2024/05/24 星期五 00:37:39.889,1716482259889,NH-DC-NM224-J08-ROCE-ST-leaf-4.GPU.S9825,FourHundredGigE1/0/31,0,0,0,0,0,0
2024/05/24 星期五 00:37:40.389,1716482260389,NH-DC-NM224-J08-ROCE-ST-leaf-4.GPU.S9825,FourHundredGigE1/0/31,1792,623729,1903,635238,0,0
2024/05/24 星期五 00:37:40.889,1716482260889,NH-DC-NM224-J08-ROCE-ST-leaf-4.GPU.S9825,FourHundredGigE1/0/31,0,0,0,0,0,0
2024/05/24 星期五 00:37:41.389,1716482261389,NH-DC-NM224-J08-ROCE-ST-leaf-4.GPU.S9825,FourHundredGigE1/0/31,0,0,0,0,0,0
2024/05/24 星期五 00:37:42.320,1716482262320,NH-DC-NM224-J08-ROCE-ST-leaf-4.GPU.S9825,FourHundredGigE1/0/31,2724,937446,2812,938367,0,0
2024/05/24 星期五 00:37:42.829,1716482262829,NH-DC-NM224-J08-ROCE-ST-leaf-4.GPU.S9825,FourHundredGigE1/0/31,0,0,0,0,0,0
2024/05/24 星期五 00:37:43.331,1716482263331,NH-DC-NM224-J08-ROCE-ST-leaf-4.GPU.S9825,FourHundredGigE1/0/31,1598,610218,2088,639598,0,0
2024/05/24 星期五 00:37:45.344,1716482265344,NH-DC-NM224-J08-ROCE-ST-leaf-4.GPU.S9825,FourHundredGigE1/0/31,2020,744218,2421,768487,0,0
2024/05/24 星期五 00:37:45.845,1716482265845,NH-DC-NM224-J08-ROCE-ST-leaf-4.GPU.S9825,FourHundredGigE1/0/31,2451,835844,2457,838195,0,0
2024/05/24 星期五 00:37:46.347,1716482266347,NH-DC-NM224-J08-ROCE-ST-leaf-4.GPU.S9825,FourHundredGigE1/0/31,0,0,0,0,0,0
2024/05/24 星期五 00:37:46.867,1716482266867,NH-DC-NM224-J08-ROCE-ST-leaf-4.GPU.S9825,FourHundredGigE1/0/31,2965,985010,2780,968248,0,0
2024/05/24 星期五 00:37:47.370,1716482267370,NH-DC-NM224-J08-ROCE-ST-leaf-4.GPU.S9825,FourHundredGigE1/0/31,0,0,0,0,0,0
2024/05/24 星期五 00:37:49.351,1716482269351,NH-DC-NM224-J08-ROCE-ST-leaf-4.GPU.S9825,FourHundredGigE1/0/31,5218,1753888,5089,1771159,0,0
2024/05/24 星期五 00:37:49.854,1716482269854,NH-DC-NM224-J08-ROCE-ST-leaf-4.GPU.S9825,FourHundredGigE1/0/31,0,0,0,0,0,0
2024/05/24 星期五 00:37:50.354,1716482270354,NH-DC-NM224-J08-ROCE-ST-leaf-4.GPU.S9825,FourHundredGigE1/0/31,2351,787226,2244,781689,0,0
2024/05/24 星期五 00:37:50.857,1716482270857,NH-DC-NM224-J08-ROCE-ST-leaf-4.GPU.S9825,FourHundredGigE1/0/31,0,0,0,0,0,0
2024/05/24 星期五 00:37:51.357,1716482271357,NH-DC-NM224-J08-ROCE-ST-leaf-4.GPU.S9825,FourHundredGigE1/0/31,0,0,0,0,0,0
2024/05/24 星期五 00:37:51.857,1716482271857,NH-DC-NM224-J08-ROCE-ST-leaf-4.GPU.S9825,FourHundredGigE1/0/31,2585,878097,2620,876276,0,0
2024/05/24 星期五 00:37:52.360,1716482272360,NH-DC-NM224-J08-ROCE-ST-leaf-4.GPU.S9825,FourHundredGigE1/0/31,0,0,0,0,0,0
2024/05/24 星期五 00:37:52.861,1716482272861,NH-DC-NM224-J08-ROCE-ST-leaf-4.GPU.S9825,FourHundredGigE1/0/31,2397,831586,2503,839258,0,0
2024/05/24 星期五 00:37:53.362,1716482273362,NH-DC-NM224-J08-ROCE-ST-leaf-4.GPU.S9825,FourHundredGigE1/0/31,0,0,0,0,0,0
2024/05/24 星期五 00:37:53.861,1716482273861,NH-DC-NM224-J08-ROCE-ST-leaf-4.GPU.S9825,FourHundredGigE1/0/31,2743,927099,2668,924332,0,0
2024/05/24 星期五 00:37:54.363,1716482274363,NH-DC-NM224-J08-ROCE-ST-leaf-4.GPU.S9825,FourHundredGigE1/0/31,1112,396156,1206,404524,0,0
2024/05/24 星期五 00:37:54.866,1716482274866,NH-DC-NM224-J08-ROCE-ST-leaf-4.GPU.S9825,FourHundredGigE1/0/31,0,0,0,0,0,0
2024/05/24 星期五 00:37:55.368,1716482275368,NH-DC-NM224-J08-ROCE-ST-leaf-4.GPU.S9825,FourHundredGigE1/0/31,0,0,0,0,0,0
2024/05/24 星期五 00:37:55.869,1716482275869,NH-DC-NM224-J08-ROCE-ST-leaf-4.GPU.S9825,FourHundredGigE1/0/31,3511,1127304,2977,1098445,0,0
2024/05/24 星期五 00:37:56.374,1716482276374,NH-DC-NM224-J08-ROCE-ST-leaf-4.GPU.S9825,FourHundredGigE1/0/31,0,0,0,0,0,0
2024/05/24 星期五 00:37:56.877,1716482276877,NH-DC-NM224-J08-ROCE-ST-leaf-4.GPU.S9825,FourHundredGigE1/0/31,4142,1298473,3278,1255868,0,0
2024/05/24 星期五 00:37:57.891,1716482277891,NH-DC-NM224-J08-ROCE-ST-leaf-4.GPU.S9825,FourHundredGigE1/0/31,1727,635758,2066,654809,0,0
2024/05/24 星期五 00:37:58.395,1716482278395,NH-DC-NM224-J08-ROCE-ST-leaf-4.GPU.S9825,FourHundredGigE1/0/31,0,0,0,0,0,0
2024/05/24 星期五 00:37:58.914,1716482278914,NH-DC-NM224-J08-ROCE-ST-leaf-4.GPU.S9825,FourHundredGigE1/0/31,2525,832018,2311,820246,0,0
2024/05/24 星期五 00:37:59.414,1716482279414,NH-DC-NM224-J08-ROCE-ST-leaf-4.GPU.S9825,FourHundredGigE1/0/31,1851,590500,1565,572358,0,0
2024/05/24 星期五 00:37:59.913,1716482279913,NH-DC-NM224-J08-ROCE-ST-leaf-4.GPU.S9825,FourHundredGigE1/0/31,0,0,0,0,0,0
2024/05/24 星期五 00:38:00.415,1716482280415,NH-DC-NM224-J08-ROCE-ST-leaf-4.GPU.S9825,FourHundredGigE1/0/31,2179,736422,2134,734357,0,0
2024/05/24 星期五 00:38:00.915,1716482280915,NH-DC-NM224-J08-ROCE-ST-leaf-4.GPU.S9825,FourHundredGigE1/0/31,0,0,0,0,0,0
2024/05/24 星期五 00:38:01.419,1716482281419,NH-DC-NM224-J08-ROCE-ST-leaf-4.GPU.S9825,FourHundredGigE1/0/31,0,0,0,0,0,0
2024/05/24 星期五 00:38:01.924,1716482281924,NH-DC-NM224-J08-ROCE-ST-leaf-4.GPU.S9825,FourHundredGigE1/0/31,3540,1179433,3341,1168307,0,0
2024/05/24 星期五 00:38:02.422,1716482282422,NH-DC-NM224-J08-ROCE-ST-leaf-4.GPU.S9825,FourHundredGigE1/0/31,0,0,0,0,0,0
2024/05/24 星期五 00:38:02.924,1716482282924,NH-DC-NM224-J08-ROCE-ST-leaf-4.GPU.S9825,FourHundredGigE1/0/31,2179,755304,2274,762176,0,0
2024/05/24 星期五 00:38:03.426,1716482283426,NH-DC-NM224-J08-ROCE-ST-leaf-4.GPU.S9825,FourHundredGigE1/0/31,0,0,0,0,0,0
2024/05/24 星期五 00:38:03.927,1716482283927,NH-DC-NM224-J08-ROCE-ST-leaf-4.GPU.S9825,FourHundredGigE1/0/31,0,0,0,0,0,0
2024/05/24 星期五 00:38:04.429,1716482284429,NH-DC-NM224-J08-ROCE-ST-leaf-4.GPU.S9825,FourHundredGigE1/0/31,2809,955766,2790,957679,0,0
2024/05/24 星期五 00:38:04.934,1716482284934,NH-DC-NM224-J08-ROCE-ST-leaf-4.GPU.S9825,FourHundredGigE1/0/31,0,0,0,0,0,0
2024/05/24 星期五 00:38:05.459,1716482285459,NH-DC-NM224-J08-ROCE-ST-leaf-4.GPU.S9825,FourHundredGigE1/0/31,0,0,0,0,0,0
2024/05/24 星期五 00:38:05.961,1716482285961,NH-DC-NM224-J08-ROCE-ST-leaf-4.GPU.S9825,FourHundredGigE1/0/31,2530,876184,2624,883463,0,0
2024/05/24 星期五 00:38:06.463,1716482286463,NH-DC-NM224-J08-ROCE-ST-leaf-4.GPU.S9825,FourHundredGigE1/0/31,2013,672368,1923,667888,0,0
2024/05/24 星期五 00:38:06.963,1716482286963,NH-DC-NM224-J08-ROCE-ST-leaf-4.GPU.S9825,FourHundredGigE1/0/31,0,0,0,0,0,0
2024/05/24 星期五 00:38:07.474,1716482287474,NH-DC-NM224-J08-ROCE-ST-leaf-4.GPU.S9825,FourHundredGigE1/0/31,0,0,0,0,0,0
2024/05/24 星期五 00:38:07.973,1716482287973,NH-DC-NM224-J08-ROCE-ST-leaf-4.GPU.S9825,FourHundredGigE1/0/31,2136,805936,2718,833771,0,0
2024/05/24 星期五 00:38:08.475,1716482288475,NH-DC-NM224-J08-ROCE-ST-leaf-4.GPU.S9825,FourHundredGigE1/0/31,0,0,0,0,0,0
2024/05/24 星期五 00:38:08.978,1716482288978,NH-DC-NM224-J08-ROCE-ST-leaf-4.GPU.S9825,FourHundredGigE1/0/31,0,0,0,0,0,0
2024/05/24 星期五 00:38:09.496,1716482289496,NH-DC-NM224-J08-ROCE-ST-leaf-4.GPU.S9825,FourHundredGigE1/0/31,2110,768570,2472,791558,0,0
2024/05/24 星期五 00:38:09.998,1716482289998,NH-DC-NM224-J08-ROCE-ST-leaf-4.GPU.S9825,FourHundredGigE1/0/31,0,0,0,0,0,0
2024/05/24 星期五 00:38:10.499,1716482290499,NH-DC-NM224-J08-ROCE-ST-leaf-4.GPU.S9825,FourHundredGigE1/0/31,4533,1415308,3527,1359427,0,0
2024/05/24 星期五 00:38:11.002,1716482291002,NH-DC-NM224-J08-ROCE-ST-leaf-4.GPU.S9825,FourHundredGigE1/0/31,0,0,0,0,0,0
2024/05/24 星期五 00:38:11.503,1716482291503,NH-DC-NM224-J08-ROCE-ST-leaf-4.GPU.S9825,FourHundredGigE1/0/31,0,0,0,0,0,0
2024/05/24 星期五 00:38:12.001,1716482292001,NH-DC-NM224-J08-ROCE-ST-leaf-4.GPU.S9825,FourHundredGigE1/0/31,3835,1230950,3291,1197061,0,0
2024/05/24 星期五 00:38:12.501,1716482292501,NH-DC-NM224-J08-ROCE-ST-leaf-4.GPU.S9825,FourHundredGigE1/0/31,0,0,0,0,0,0
2024/05/24 星期五 00:38:13.017,1716482293017,NH-DC-NM224-J08-ROCE-ST-leaf-4.GPU.S9825,FourHundredGigE1/0/31,3344,1085908,2911,1061660,0,0
2024/05/24 星期五 00:38:13.519,1716482293519,NH-DC-NM224-J08-ROCE-ST-leaf-4.GPU.S9825,FourHundredGigE1/0/31,0,0,0,0,0,0
2024/05/24 星期五 00:38:14.017,1716482294017,NH-DC-NM224-J08-ROCE-ST-leaf-4.GPU.S9825,FourHundredGigE1/0/31,0,0,0,0,0,0
2024/05/24 星期五 00:38:14.522,1716482294522,NH-DC-NM224-J08-ROCE-ST-leaf-4.GPU.S9825,FourHundredGigE1/0/31,3427,1155070,3302,1151241,0,0
2024/05/24 星期五 00:38:15.025,1716482295025,NH-DC-NM224-J08-ROCE-ST-leaf-4.GPU.S9825,FourHundredGigE1/0/31,0,0,0,0,0,0
2024/05/24 星期五 00:38:15.527,1716482295527,NH-DC-NM224-J08-ROCE-ST-leaf-4.GPU.S9825,FourHundredGigE1/0/31,2857,941306,2604,927795,0,0
2024/05/24 星期五 00:38:16.029,1716482296029,NH-DC-NM224-J08-ROCE-ST-leaf-4.GPU.S9825,FourHundredGigE1/0/31,0,0,0,0,0,0
2024/05/24 星期五 00:38:16.549,1716482296549,NH-DC-NM224-J08-ROCE-ST-leaf-4.GPU.S9825,FourHundredGigE1/0/31,2319,767906,2153,758804,0,0
2024/05/24 星期五 00:38:17.050,1716482297050,NH-DC-NM224-J08-ROCE-ST-leaf-4.GPU.S9825,FourHundredGigE1/0/31,0,0,0,0,0,0
2024/05/24 星期五 00:38:17.550,1716482297550,NH-DC-NM224-J08-ROCE-ST-leaf-4.GPU.S9825,FourHundredGigE1/0/31,1996,691126,2075,695811,0,0
2024/05/24 星期五 00:38:18.049,1716482298049,NH-DC-NM224-J08-ROCE-ST-leaf-4.GPU.S9825,FourHundredGigE1/0/31,0,0,0,0,0,0
2024/05/24 星期五 00:38:18.574,1716482298574,NH-DC-NM224-J08-ROCE-ST-leaf-4.GPU.S9825,FourHundredGigE1/0/31,2761,892514,2394,871988,0,0
2024/05/24 星期五 00:38:19.074,1716482299074,NH-DC-NM224-J08-ROCE-ST-leaf-4.GPU.S9825,FourHundredGigE1/0/31,0,0,0,0,0,0
2024/05/24 星期五 00:38:19.573,1716482299573,NH-DC-NM224-J08-ROCE-ST-leaf-4.GPU.S9825,FourHundredGigE1/0/31,1992,695672,2099,700694,0,0
2024/05/24 星期五 00:38:20.075,1716482300075,NH-DC-NM224-J08-ROCE-ST-leaf-4.GPU.S9825,FourHundredGigE1/0/31,0,0,0,0,0,0
2024/05/24 星期五 00:38:20.595,1716482300595,NH-DC-NM224-J08-ROCE-ST-leaf-4.GPU.S9825,FourHundredGigE1/0/31,1519,526014,1606,531341,0,0
2024/05/24 星期五 00:38:21.094,1716482301094,NH-DC-NM224-J08-ROCE-ST-leaf-4.GPU.S9825,FourHundredGigE1/0/31,0,0,0,0,0,0
2024/05/24 星期五 00:38:21.597,1716482301597,NH-DC-NM224-J08-ROCE-ST-leaf-4.GPU.S9825,FourHundredGigE1/0/31,1160,466036,1688,495671,0,0
2024/05/24 星期五 00:38:22.100,1716482302100,NH-DC-NM224-J08-ROCE-ST-leaf-4.GPU.S9825,FourHundredGigE1/0/31,0,0,0,0,0,0
2024/05/24 星期五 00:38:22.609,1716482302609,NH-DC-NM224-J08-ROCE-ST-leaf-4.GPU.S9825,FourHundredGigE1/0/31,2684,863682,2304,842596,0,0
2024/05/24 星期五 00:38:23.109,1716482303109,NH-DC-NM224-J08-ROCE-ST-leaf-4.GPU.S9825,FourHundredGigE1/0/31,0,0,0,0,0,0
2024/05/24 星期五 00:38:23.611,1716482303611,NH-DC-NM224-J08-ROCE-ST-leaf-4.GPU.S9825,FourHundredGigE1/0/31,1824,676684,2216,699091,0,0
2024/05/24 星期五 00:38:24.121,1716482304121,NH-DC-NM224-J08-ROCE-ST-leaf-4.GPU.S9825,FourHundredGigE1/0/31,0,0,0,0,0,0
2024/05/24 星期五 00:38:24.626,1716482304626,NH-DC-NM224-J08-ROCE-ST-leaf-4.GPU.S9825,FourHundredGigE1/0/31,2472,845630,2462,844100,0,0
2024/05/24 星期五 00:38:25.126,1716482305126,NH-DC-NM224-J08-ROCE-ST-leaf-4.GPU.S9825,FourHundredGigE1/0/31,0,0,0,0,0,0
2024/05/24 星期五 00:38:25.629,1716482305629,NH-DC-NM224-J08-ROCE-ST-leaf-4.GPU.S9825,FourHundredGigE1/0/31,717,327386,1355,363316,0,0
2024/05/24 星期五 00:38:26.511,1716482306511,NH-DC-NM224-J08-ROCE-ST-leaf-4.GPU.S9825,FourHundredGigE1/0/31,1777,621046,1898,628083,0,0
2024/05/24 星期五 00:38:27.029,1716482307029,NH-DC-NM224-J08-ROCE-ST-leaf-4.GPU.S9825,FourHundredGigE1/0/31,0,0,0,0,0,0
2024/05/24 星期五 00:38:27.530,1716482307530,NH-DC-NM224-J08-ROCE-ST-leaf-4.GPU.S9825,FourHundredGigE1/0/31,2723,921054,2644,916891,0,0
2024/05/24 星期五 00:38:28.029,1716482308029,NH-DC-NM224-J08-ROCE-ST-leaf-4.GPU.S9825,FourHundredGigE1/0/31,0,0,0,0,0,0
2024/05/24 星期五 00:38:28.537,1716482308537,NH-DC-NM224-J08-ROCE-ST-leaf-4.GPU.S9825,FourHundredGigE1/0/31,3219,1034678,2736,1007850,0,0
2024/05/24 星期五 00:38:29.047,1716482309047,NH-DC-NM224-J08-ROCE-ST-leaf-4.GPU.S9825,FourHundredGigE1/0/31,0,0,0,0,0,0
2024/05/24 星期五 00:38:29.549,1716482309549,NH-DC-NM224-J08-ROCE-ST-leaf-4.GPU.S9825,FourHundredGigE1/0/31,2340,775612,2167,765148,0,0
2024/05/24 星期五 00:38:30.050,1716482310050,NH-DC-NM224-J08-ROCE-ST-leaf-4.GPU.S9825,FourHundredGigE1/0/31,0,0,0,0,0,0
2024/05/24 星期五 00:38:30.553,1716482310553,NH-DC-NM224-J08-ROCE-ST-leaf-4.GPU.S9825,FourHundredGigE1/0/31,1331,511528,1763,535787,0,0
2024/05/24 星期五 00:38:31.053,1716482311053,NH-DC-NM224-J08-ROCE-ST-leaf-4.GPU.S9825,FourHundredGigE1/0/31,0,0,0,0,0,0
2024/05/24 星期五 00:38:31.554,1716482311554,NH-DC-NM224-J08-ROCE-ST-leaf-4.GPU.S9825,FourHundredGigE1/0/31,2403,836566,2510,843013,0,0
2024/05/24 星期五 00:38:32.059,1716482312059,NH-DC-NM224-J08-ROCE-ST-leaf-4.GPU.S9825,FourHundredGigE1/0/31,0,0,0,0,0,0
2024/05/24 星期五 00:38:32.557,1716482312557,NH-DC-NM224-J08-ROCE-ST-leaf-4.GPU.S9825,FourHundredGigE1/0/31,2561,833142,2265,816760,0,0
2024/05/24 星期五 00:38:33.057,1716482313057,NH-DC-NM224-J08-ROCE-ST-leaf-4.GPU.S9825,FourHundredGigE1/0/31,0,0,0,0,0,0
2024/05/24 星期五 00:38:33.557,1716482313557,NH-DC-NM224-J08-ROCE-ST-leaf-4.GPU.S9825,FourHundredGigE1/0/31,1602,559562,1719,566375,0,0
2024/05/24 星期五 00:38:34.059,1716482314059,NH-DC-NM224-J08-ROCE-ST-leaf-4.GPU.S9825,FourHundredGigE1/0/31,0,0,0,0,0,0
2024/05/24 星期五 00:38:34.560,1716482314560,NH-DC-NM224-J08-ROCE-ST-leaf-4.GPU.S9825,FourHundredGigE1/0/31,2468,817820,2279,806460,0,0
2024/05/24 星期五 00:38:35.061,1716482315061,NH-DC-NM224-J08-ROCE-ST-leaf-4.GPU.S9825,FourHundredGigE1/0/31,0,0,0,0,0,0
2024/05/24 星期五 00:38:35.563,1716482315563,NH-DC-NM224-J08-ROCE-ST-leaf-4.GPU.S9825,FourHundredGigE1/0/31,2302,764348,2153,756012,0,0
2024/05/24 星期五 00:38:36.059,1716482316059,NH-DC-NM224-J08-ROCE-ST-leaf-4.GPU.S9825,FourHundredGigE1/0/31,0,0,0,0,0,0
2024/05/24 星期五 00:38:36.557,1716482316557,NH-DC-NM224-J08-ROCE-ST-leaf-4.GPU.S9825,FourHundredGigE1/0/31,1330,482580,1571,496897,0,0
2024/05/24 星期五 00:38:37.061,1716482317061,NH-DC-NM224-J08-ROCE-ST-leaf-4.GPU.S9825,FourHundredGigE1/0/31,0,0,0,0,0,0
2024/05/24 星期五 00:38:37.565,1716482317565,NH-DC-NM224-J08-ROCE-ST-leaf-4.GPU.S9825,FourHundredGigE1/0/31,1755,604922,1818,608711,0,0
2024/05/24 星期五 00:38:38.070,1716482318070,NH-DC-NM224-J08-ROCE-ST-leaf-4.GPU.S9825,FourHundredGigE1/0/31,0,0,0,0,0,0
2024/05/24 星期五 00:38:38.570,1716482318570,NH-DC-NM224-J08-ROCE-ST-leaf-4.GPU.S9825,FourHundredGigE1/0/31,1978,669532,1952,668296,0,0
2024/05/24 星期五 00:38:39.070,1716482319070,NH-DC-NM224-J08-ROCE-ST-leaf-4.GPU.S9825,FourHundredGigE1/0/31,0,0,0,0,0,0
2024/05/24 星期五 00:38:39.574,1716482319574,NH-DC-NM224-J08-ROCE-ST-leaf-4.GPU.S9825,FourHundredGigE1/0/31,1119,405016,1318,415384,0,0
2024/05/24 星期五 00:38:40.076,1716482320076,NH-DC-NM224-J08-ROCE-ST-leaf-4.GPU.S9825,FourHundredGigE1/0/31,0,0,0,0,0,0
2024/05/24 星期五 00:38:40.577,1716482320577,NH-DC-NM224-J08-ROCE-ST-leaf-4.GPU.S9825,FourHundredGigE1/0/31,1660,600553,1923,620186,0,0
2024/05/24 星期五 00:38:41.092,1716482321092,NH-DC-NM224-J08-ROCE-ST-leaf-4.GPU.S9825,FourHundredGigE1/0/31,0,0,0,0,0,0
2024/05/24 星期五 00:38:41.594,1716482321594,NH-DC-NM224-J08-ROCE-ST-leaf-4.GPU.S9825,FourHundredGigE1/0/31,2325,762118,2108,750421,0,0
2024/05/24 星期五 00:38:42.098,1716482322098,NH-DC-NM224-J08-ROCE-ST-leaf-4.GPU.S9825,FourHundredGigE1/0/31,0,0,0,0,0,0
2024/05/24 星期五 00:38:43.103,1716482323103,NH-DC-NM224-J08-ROCE-ST-leaf-4.GPU.S9825,FourHundredGigE1/0/31,1795,647458,2053,662100,0,0
2024/05/24 星期五 00:38:43.605,1716482323605,NH-DC-NM224-J08-ROCE-ST-leaf-4.GPU.S9825,FourHundredGigE1/0/31,1612,545230,1607,545211,0,0
2024/05/24 星期五 00:38:44.116,1716482324116,NH-DC-NM224-J08-ROCE-ST-leaf-4.GPU.S9825,FourHundredGigE1/0/31,0,0,0,0,0,0
2024/05/24 星期五 00:38:44.619,1716482324619,NH-DC-NM224-J08-ROCE-ST-leaf-4.GPU.S9825,FourHundredGigE1/0/31,1890,649234,1924,650362,0,0
2024/05/24 星期五 00:38:45.116,1716482325116,NH-DC-NM224-J08-ROCE-ST-leaf-4.GPU.S9825,FourHundredGigE1/0/31,0,0,0,0,0,0
2024/05/24 星期五 00:38:45.617,1716482325617,NH-DC-NM224-J08-ROCE-ST-leaf-4.GPU.S9825,FourHundredGigE1/0/31,2458,858932,2585,866052,0,0
2024/05/24 星期五 00:38:46.119,1716482326119,NH-DC-NM224-J08-ROCE-ST-leaf-4.GPU.S9825,FourHundredGigE1/0/31,0,0,0,0,0,0
2024/05/24 星期五 00:38:46.618,1716482326618,NH-DC-NM224-J08-ROCE-ST-leaf-4.GPU.S9825,FourHundredGigE1/0/31,1838,643304,1968,651039,0,0
2024/05/24 星期五 00:38:47.596,1716482327596,NH-DC-NM224-J08-ROCE-ST-leaf-4.GPU.S9825,FourHundredGigE1/0/31,2276,783018,2317,785575,0,0
2024/05/24 星期五 00:38:48.094,1716482328094,NH-DC-NM224-J08-ROCE-ST-leaf-4.GPU.S9825,FourHundredGigE1/0/31,0,0,0,0,0,0
2024/05/24 星期五 00:38:48.593,1716482328593,NH-DC-NM224-J08-ROCE-ST-leaf-4.GPU.S9825,FourHundredGigE1/0/31,2810,906216,2422,884708,0,0
2024/05/24 星期五 00:38:49.112,1716482329112,NH-DC-NM224-J08-ROCE-ST-leaf-4.GPU.S9825,FourHundredGigE1/0/31,0,0,0,0,0,0
2024/05/24 星期五 00:38:49.614,1716482329614,NH-DC-NM224-J08-ROCE-ST-leaf-4.GPU.S9825,FourHundredGigE1/0/31,1527,535612,1648,541612,0,0
2024/05/24 星期五 00:38:50.117,1716482330117,NH-DC-NM224-J08-ROCE-ST-leaf-4.GPU.S9825,FourHundredGigE1/0/31,0,0,0,0,0,0
2024/05/24 星期五 00:38:50.621,1716482330621,NH-DC-NM224-J08-ROCE-ST-leaf-4.GPU.S9825,FourHundredGigE1/0/31,1745,618808,1925,628955,0,0
2024/05/24 星期五 00:38:51.122,1716482331122,NH-DC-NM224-J08-ROCE-ST-leaf-4.GPU.S9825,FourHundredGigE1/0/31,0,0,0,0,0,0
2024/05/24 星期五 00:38:51.620,1716482331620,NH-DC-NM224-J08-ROCE-ST-leaf-4.GPU.S9825,FourHundredGigE1/0/31,1077,424025,1532,452112,0,0
2024/05/24 星期五 00:38:52.122,1716482332122,NH-DC-NM224-J08-ROCE-ST-leaf-4.GPU.S9825,FourHundredGigE1/0/31,0,0,0,0,0,0
2024/05/24 星期五 00:38:52.702,1716482332702,NH-DC-NM224-J08-ROCE-ST-leaf-4.GPU.S9825,FourHundredGigE1/0/31,3949,1223114,3025,1170738,0,0
2024/05/24 星期五 00:38:53.205,1716482333205,NH-DC-NM224-J08-ROCE-ST-leaf-4.GPU.S9825,FourHundredGigE1/0/31,0,0,0,0,0,0
2024/05/24 星期五 00:38:53.706,1716482333706,NH-DC-NM224-J08-ROCE-ST-leaf-4.GPU.S9825,FourHundredGigE1/0/31,2332,762986,2120,751429,0,0
2024/05/24 星期五 00:38:54.205,1716482334205,NH-DC-NM224-J08-ROCE-ST-leaf-4.GPU.S9825,FourHundredGigE1/0/31,0,0,0,0,0,0
2024/05/24 星期五 00:38:54.706,1716482334706,NH-DC-NM224-J08-ROCE-ST-leaf-4.GPU.S9825,FourHundredGigE1/0/31,1501,553731,1822,574511,0,0
2024/05/24 星期五 00:38:55.222,1716482335222,NH-DC-NM224-J08-ROCE-ST-leaf-4.GPU.S9825,FourHundredGigE1/0/31,0,0,0,0,0,0
2024/05/24 星期五 00:38:55.731,1716482335731,NH-DC-NM224-J08-ROCE-ST-leaf-4.GPU.S9825,FourHundredGigE1/0/31,1492,549482,1802,566850,0,0
2024/05/24 星期五 00:38:56.231,1716482336231,NH-DC-NM224-J08-ROCE-ST-leaf-4.GPU.S9825,FourHundredGigE1/0/31,0,0,0,0,0,0
2024/05/24 星期五 00:38:56.729,1716482336729,NH-DC-NM224-J08-ROCE-ST-leaf-4.GPU.S9825,FourHundredGigE1/0/31,2046,687447,1988,689463,0,0
2024/05/24 星期五 00:38:57.665,1716482337665,NH-DC-NM224-J08-ROCE-ST-leaf-4.GPU.S9825,FourHundredGigE1/0/31,958,399544,1514,430941,0,0
2024/05/24 星期五 00:38:58.165,1716482338165,NH-DC-NM224-J08-ROCE-ST-leaf-4.GPU.S9825,FourHundredGigE1/0/31,0,0,0,0,0,0
2024/05/24 星期五 00:38:58.678,1716482338678,NH-DC-NM224-J08-ROCE-ST-leaf-4.GPU.S9825,FourHundredGigE1/0/31,2315,772500,2191,765776,0,0
2024/05/24 星期五 00:38:59.335,1716482339335,NH-DC-NM224-J08-ROCE-ST-leaf-4.GPU.S9825,FourHundredGigE1/0/31,1711,623880,1998,639176,0,0
2024/05/24 星期五 00:38:59.850,1716482339850,NH-DC-NM224-J08-ROCE-ST-leaf-4.GPU.S9825,FourHundredGigE1/0/31,0,0,0,0,0,0
2024/05/24 星期五 00:39:00.350,1716482340350,NH-DC-NM224-J08-ROCE-ST-leaf-4.GPU.S9825,FourHundredGigE1/0/31,1241,508240,1865,543251,0,0
2024/05/24 星期五 00:39:00.852,1716482340852,NH-DC-NM224-J08-ROCE-ST-leaf-4.GPU.S9825,FourHundredGigE1/0/31,0,0,0,0,0,0
2024/05/24 星期五 00:39:01.353,1716482341353,NH-DC-NM224-J08-ROCE-ST-leaf-4.GPU.S9825,FourHundredGigE1/0/31,1167,458205,1634,489621,0,0
2024/05/24 星期五 00:39:01.853,1716482341853,NH-DC-NM224-J08-ROCE-ST-leaf-4.GPU.S9825,FourHundredGigE1/0/31,0,0,0,0,0,0
2024/05/24 星期五 00:39:02.354,1716482342354,NH-DC-NM224-J08-ROCE-ST-leaf-4.GPU.S9825,FourHundredGigE1/0/31,1877,661686,2037,670840,0,0
2024/05/24 星期五 00:39:02.854,1716482342854,NH-DC-NM224-J08-ROCE-ST-leaf-4.GPU.S9825,FourHundredGigE1/0/31,0,0,0,0,0,0
2024/05/24 星期五 00:39:03.353,1716482343353,NH-DC-NM224-J08-ROCE-ST-leaf-4.GPU.S9825,FourHundredGigE1/0/31,2344,742150,1943,719955,0,0
2024/05/24 星期五 00:39:03.855,1716482343855,NH-DC-NM224-J08-ROCE-ST-leaf-4.GPU.S9825,FourHundredGigE1/0/31,0,0,0,0,0,0
2024/05/24 星期五 00:39:04.353,1716482344353,NH-DC-NM224-J08-ROCE-ST-leaf-4.GPU.S9825,FourHundredGigE1/0/31,1453,544170,1809,563330,0,0
2024/05/24 星期五 00:39:04.861,1716482344861,NH-DC-NM224-J08-ROCE-ST-leaf-4.GPU.S9825,FourHundredGigE1/0/31,0,0,0,0,0,0
2024/05/24 星期五 00:39:05.362,1716482345362,NH-DC-NM224-J08-ROCE-ST-leaf-4.GPU.S9825,FourHundredGigE1/0/31,1376,505318,1660,521230,0,0
2024/05/24 星期五 00:39:06.142,1716482346142,NH-DC-NM224-J08-ROCE-ST-leaf-4.GPU.S9825,FourHundredGigE1/0/31,0,0,0,0,0,0
2024/05/24 星期五 00:39:07.151,1716482347151,NH-DC-NM224-J08-ROCE-ST-leaf-4.GPU.S9825,FourHundredGigE1/0/31,2279,784946,2329,788567,0,0
2024/05/24 星期五 00:39:07.654,1716482347654,NH-DC-NM224-J08-ROCE-ST-leaf-4.GPU.S9825,FourHundredGigE1/0/31,1226,465360,1594,486229,0,0
2024/05/24 星期五 00:39:08.168,1716482348168,NH-DC-NM224-J08-ROCE-ST-leaf-4.GPU.S9825,FourHundredGigE1/0/31,0,0,0,0,0,0
2024/05/24 星期五 00:39:08.669,1716482348669,NH-DC-NM224-J08-ROCE-ST-leaf-4.GPU.S9825,FourHundredGigE1/0/31,1691,610098,1942,624374,0,0
2024/05/24 星期五 00:39:09.170,1716482349170,NH-DC-NM224-J08-ROCE-ST-leaf-4.GPU.S9825,FourHundredGigE1/0/31,0,0,0,0,0,0
2024/05/24 星期五 00:39:09.692,1716482349692,NH-DC-NM224-J08-ROCE-ST-leaf-4.GPU.S9825,FourHundredGigE1/0/31,1487,516728,1574,520824,0,0
2024/05/24 星期五 00:39:10.193,1716482350193,NH-DC-NM224-J08-ROCE-ST-leaf-4.GPU.S9825,FourHundredGigE1/0/31,0,0,0,0,0,0
2024/05/24 星期五 00:39:10.696,1716482350696,NH-DC-NM224-J08-ROCE-ST-leaf-4.GPU.S9825,FourHundredGigE1/0/31,2183,745390,2186,745625,0,0
2024/05/24 星期五 00:39:11.222,1716482351222,NH-DC-NM224-J08-ROCE-ST-leaf-4.GPU.S9825,FourHundredGigE1/0/31,0,0,0,0,0,0
2024/05/24 星期五 00:39:11.726,1716482351726,NH-DC-NM224-J08-ROCE-ST-leaf-4.GPU.S9825,FourHundredGigE1/0/31,2813,905078,2412,883077,0,0
2024/05/24 星期五 00:39:12.225,1716482352225,NH-DC-NM224-J08-ROCE-ST-leaf-4.GPU.S9825,FourHundredGigE1/0/31,0,0,0,0,0,0
2024/05/24 星期五 00:39:12.726,1716482352726,NH-DC-NM224-J08-ROCE-ST-leaf-4.GPU.S9825,FourHundredGigE1/0/31,4028,1218828,2877,1154566,0,0
2024/05/24 星期五 00:39:13.226,1716482353226,NH-DC-NM224-J08-ROCE-ST-leaf-4.GPU.S9825,FourHundredGigE1/0/31,0,0,0,0,0,0
2024/05/24 星期五 00:39:13.725,1716482353725,NH-DC-NM224-J08-ROCE-ST-leaf-4.GPU.S9825,FourHundredGigE1/0/31,1976,654966,1855,648451,0,0
2024/05/24 星期五 00:39:14.225,1716482354225,NH-DC-NM224-J08-ROCE-ST-leaf-4.GPU.S9825,FourHundredGigE1/0/31,0,0,0,0,0,0
2024/05/24 星期五 00:39:14.751,1716482354751,NH-DC-NM224-J08-ROCE-ST-leaf-4.GPU.S9825,FourHundredGigE1/0/31,2181,743932,2170,742540,0,0
2024/05/24 星期五 00:39:15.254,1716482355254,NH-DC-NM224-J08-ROCE-ST-leaf-4.GPU.S9825,FourHundredGigE1/0/31,0,0,0,0,0,0
2024/05/24 星期五 00:39:15.757,1716482355757,NH-DC-NM224-J08-ROCE-ST-leaf-4.GPU.S9825,FourHundredGigE1/0/31,1597,595658,1973,616722,0,0
2024/05/24 星期五 00:39:16.260,1716482356260,NH-DC-NM224-J08-ROCE-ST-leaf-4.GPU.S9825,FourHundredGigE1/0/31,0,0,0,0,0,0
2024/05/24 星期五 00:39:16.761,1716482356761,NH-DC-NM224-J08-ROCE-ST-leaf-4.GPU.S9825,FourHundredGigE1/0/31,891,366016,1379,393799,0,0
2024/05/24 星期五 00:39:17.261,1716482357261,NH-DC-NM224-J08-ROCE-ST-leaf-4.GPU.S9825,FourHundredGigE1/0/31,0,0,0,0,0,0
2024/05/24 星期五 00:39:17.768,1716482357768,NH-DC-NM224-J08-ROCE-ST-leaf-4.GPU.S9825,FourHundredGigE1/0/31,1972,670510,1967,670491,0,0
2024/05/24 星期五 00:39:18.281,1716482358281,NH-DC-NM224-J08-ROCE-ST-leaf-4.GPU.S9825,FourHundredGigE1/0/31,1986,717322,2270,733446,0,0
2024/05/24 星期五 00:39:18.786,1716482358786,NH-DC-NM224-J08-ROCE-ST-leaf-4.GPU.S9825,FourHundredGigE1/0/31,0,0,0,0,0,0
2024/05/24 星期五 00:39:19.289,1716482359289,NH-DC-NM224-J08-ROCE-ST-leaf-4.GPU.S9825,FourHundredGigE1/0/31,1159,430032,1434,444656,0,0
2024/05/24 星期五 00:39:22.656,1716482362656,NH-DC-NM224-J08-ROCE-ST-leaf-4.GPU.S9825,FourHundredGigE1/0/31,4181,1570532,5278,1632486,0,0
2024/05/24 星期五 00:39:23.697,1716482363697,NH-DC-NM224-J08-ROCE-ST-leaf-4.GPU.S9825,FourHundredGigE1/0/31,2776,883304,2316,858193,0,0
2024/05/24 星期五 00:39:24.212,1716482364212,NH-DC-NM224-J08-ROCE-ST-leaf-4.GPU.S9825,FourHundredGigE1/0/31,0,0,0,0,0,0
2024/05/24 星期五 00:39:24.734,1716482364734,NH-DC-NM224-J08-ROCE-ST-leaf-4.GPU.S9825,FourHundredGigE1/0/31,1205,422526,1317,427828,0,0
2024/05/24 星期五 00:39:25.235,1716482365235,NH-DC-NM224-J08-ROCE-ST-leaf-4.GPU.S9825,FourHundredGigE1/0/31,0,0,0,0,0,0
2024/05/24 星期五 00:39:25.738,1716482365738,NH-DC-NM224-J08-ROCE-ST-leaf-4.GPU.S9825,FourHundredGigE1/0/31,3490,1102436,2825,1065204,0,0
2024/05/24 星期五 00:39:26.238,1716482366238,NH-DC-NM224-J08-ROCE-ST-leaf-4.GPU.S9825,FourHundredGigE1/0/31,0,0,0,0,0,0
2024/05/24 星期五 00:39:26.739,1716482366739,NH-DC-NM224-J08-ROCE-ST-leaf-4.GPU.S9825,FourHundredGigE1/0/31,2857,924186,2482,903641,0,0
2024/05/24 星期五 00:39:27.242,1716482367242,NH-DC-NM224-J08-ROCE-ST-leaf-4.GPU.S9825,FourHundredGigE1/0/31,0,0,0,0,0,0
2024/05/24 星期五 00:39:27.745,1716482367745,NH-DC-NM224-J08-ROCE-ST-leaf-4.GPU.S9825,FourHundredGigE1/0/31,3030,967592,2538,940301,0,0
2024/05/24 星期五 00:39:28.245,1716482368245,NH-DC-NM224-J08-ROCE-ST-leaf-4.GPU.S9825,FourHundredGigE1/0/31,0,0,0,0,0,0
2024/05/24 星期五 00:39:29.199,1716482369199,NH-DC-NM224-J08-ROCE-ST-leaf-4.GPU.S9825,FourHundredGigE1/0/31,1788,617720,1860,621972,0,0
2024/05/24 星期五 00:39:29.697,1716482369697,NH-DC-NM224-J08-ROCE-ST-leaf-4.GPU.S9825,FourHundredGigE1/0/31,1412,513842,1658,526842,0,0
2024/05/24 星期五 00:39:30.203,1716482370203,NH-DC-NM224-J08-ROCE-ST-leaf-4.GPU.S9825,FourHundredGigE1/0/31,0,0,0,0,0,0
2024/05/24 星期五 00:39:30.710,1716482370710,NH-DC-NM224-J08-ROCE-ST-leaf-4.GPU.S9825,FourHundredGigE1/0/31,804,326964,1228,350775,0,0
2024/05/24 星期五 00:39:31.210,1716482371210,NH-DC-NM224-J08-ROCE-ST-leaf-4.GPU.S9825,FourHundredGigE1/0/31,0,0,0,0,0,0
2024/05/24 星期五 00:39:31.711,1716482371711,NH-DC-NM224-J08-ROCE-ST-leaf-4.GPU.S9825,FourHundredGigE1/0/31,2801,926306,2574,914049,0,0
2024/05/24 星期五 00:39:32.214,1716482372214,NH-DC-NM224-J08-ROCE-ST-leaf-4.GPU.S9825,FourHundredGigE1/0/31,0,0,0,0,0,0
2024/05/24 星期五 00:39:32.717,1716482372717,NH-DC-NM224-J08-ROCE-ST-leaf-4.GPU.S9825,FourHundredGigE1/0/31,2693,865062,2301,843304,0,0
2024/05/24 星期五 00:39:33.218,1716482373218,NH-DC-NM224-J08-ROCE-ST-leaf-4.GPU.S9825,FourHundredGigE1/0/31,0,0,0,0,0,0
2024/05/24 星期五 00:39:33.720,1716482373720,NH-DC-NM224-J08-ROCE-ST-leaf-4.GPU.S9825,FourHundredGigE1/0/31,2403,804584,2289,798461,0,0
2024/05/24 星期五 00:39:34.221,1716482374221,NH-DC-NM224-J08-ROCE-ST-leaf-4.GPU.S9825,FourHundredGigE1/0/31,0,0,0,0,0,0
2024/05/24 星期五 00:39:34.723,1716482374723,NH-DC-NM224-J08-ROCE-ST-leaf-4.GPU.S9825,FourHundredGigE1/0/31,870,361288,1363,388120,0,0
2024/05/24 星期五 00:39:35.222,1716482375222,NH-DC-NM224-J08-ROCE-ST-leaf-4.GPU.S9825,FourHundredGigE1/0/31,0,0,0,0,0,0
2024/05/24 星期五 00:39:35.725,1716482375725,NH-DC-NM224-J08-ROCE-ST-leaf-4.GPU.S9825,FourHundredGigE1/0/31,2478,842615,2451,845014,0,0
2024/05/24 星期五 00:39:36.225,1716482376225,NH-DC-NM224-J08-ROCE-ST-leaf-4.GPU.S9825,FourHundredGigE1/0/31,0,0,0,0,0,0
2024/05/24 星期五 00:39:37.205,1716482377205,NH-DC-NM224-J08-ROCE-ST-leaf-4.GPU.S9825,FourHundredGigE1/0/31,1090,437166,1592,466099,0,0
2024/05/24 星期五 00:39:37.705,1716482377705,NH-DC-NM224-J08-ROCE-ST-leaf-4.GPU.S9825,FourHundredGigE1/0/31,3108,1002174,2665,977433,0,0
2024/05/24 星期五 00:39:38.212,1716482378212,NH-DC-NM224-J08-ROCE-ST-leaf-4.GPU.S9825,FourHundredGigE1/0/31,0,0,0,0,0,0
2024/05/24 星期五 00:39:38.713,1716482378713,NH-DC-NM224-J08-ROCE-ST-leaf-4.GPU.S9825,FourHundredGigE1/0/31,1505,551064,1795,567524,0,0
2024/05/24 星期五 00:39:39.215,1716482379215,NH-DC-NM224-J08-ROCE-ST-leaf-4.GPU.S9825,FourHundredGigE1/0/31,0,0,0,0,0,0
2024/05/24 星期五 00:39:39.717,1716482379717,NH-DC-NM224-J08-ROCE-ST-leaf-4.GPU.S9825,FourHundredGigE1/0/31,1347,497946,1641,513828,0,0
2024/05/24 星期五 00:39:40.235,1716482380235,NH-DC-NM224-J08-ROCE-ST-leaf-4.GPU.S9825,FourHundredGigE1/0/31,0,0,0,0,0,0
2024/05/24 星期五 00:39:40.737,1716482380737,NH-DC-NM224-J08-ROCE-ST-leaf-4.GPU.S9825,FourHundredGigE1/0/31,2126,714687,2060,715896,0,0
2024/05/24 星期五 00:39:41.243,1716482381243,NH-DC-NM224-J08-ROCE-ST-leaf-4.GPU.S9825,FourHundredGigE1/0/31,0,0,0,0,0,0
2024/05/24 星期五 00:39:41.749,1716482381749,NH-DC-NM224-J08-ROCE-ST-leaf-4.GPU.S9825,FourHundredGigE1/0/31,1330,478638,1543,491021,0,0
2024/05/24 星期五 00:39:42.250,1716482382250,NH-DC-NM224-J08-ROCE-ST-leaf-4.GPU.S9825,FourHundredGigE1/0/31,0,0,0,0,0,0
2024/05/24 星期五 00:39:42.752,1716482382752,NH-DC-NM224-J08-ROCE-ST-leaf-4.GPU.S9825,FourHundredGigE1/0/31,2724,890888,2435,874898,0,0
2024/05/24 星期五 00:39:43.255,1716482383255,NH-DC-NM224-J08-ROCE-ST-leaf-4.GPU.S9825,FourHundredGigE1/0/31,0,0,0,0,0,0
2024/05/24 星期五 00:39:43.755,1716482383755,NH-DC-NM224-J08-ROCE-ST-leaf-4.GPU.S9825,FourHundredGigE1/0/31,2244,749682,2131,743421,0,0
2024/05/24 星期五 00:39:44.258,1716482384258,NH-DC-NM224-J08-ROCE-ST-leaf-4.GPU.S9825,FourHundredGigE1/0/31,1432,527672,1727,543610,0,0
2024/05/24 星期五 00:39:44.759,1716482384759,NH-DC-NM224-J08-ROCE-ST-leaf-4.GPU.S9825,FourHundredGigE1/0/31,0,0,0,0,0,0
2024/05/24 星期五 00:39:45.258,1716482385258,NH-DC-NM224-J08-ROCE-ST-leaf-4.GPU.S9825,FourHundredGigE1/0/31,0,0,0,0,0,0
2024/05/24 星期五 00:39:45.779,1716482385779,NH-DC-NM224-J08-ROCE-ST-leaf-4.GPU.S9825,FourHundredGigE1/0/31,1298,501826,1744,526810,0,0
2024/05/24 星期五 00:39:46.281,1716482386281,NH-DC-NM224-J08-ROCE-ST-leaf-4.GPU.S9825,FourHundredGigE1/0/31,1490,562042,1889,584453,0,0
2024/05/24 星期五 00:39:46.792,1716482386792,NH-DC-NM224-J08-ROCE-ST-leaf-4.GPU.S9825,FourHundredGigE1/0/31,0,0,0,0,0,0
2024/05/24 星期五 00:39:47.300,1716482387300,NH-DC-NM224-J08-ROCE-ST-leaf-4.GPU.S9825,FourHundredGigE1/0/31,1014,401374,1451,426301,0,0
2024/05/24 星期五 00:39:47.802,1716482387802,NH-DC-NM224-J08-ROCE-ST-leaf-4.GPU.S9825,FourHundredGigE1/0/31,0,0,0,0,0,0
2024/05/24 星期五 00:39:48.307,1716482388307,NH-DC-NM224-J08-ROCE-ST-leaf-4.GPU.S9825,FourHundredGigE1/0/31,0,0,0,0,0,0
2024/05/24 星期五 00:39:48.807,1716482388807,NH-DC-NM224-J08-ROCE-ST-leaf-4.GPU.S9825,FourHundredGigE1/0/31,1645,590440,1871,603316,0,0
2024/05/24 星期五 00:39:49.305,1716482389305,NH-DC-NM224-J08-ROCE-ST-leaf-4.GPU.S9825,FourHundredGigE1/0/31,2171,714987,2012,715471,0,0
2024/05/24 星期五 00:39:49.806,1716482389806,NH-DC-NM224-J08-ROCE-ST-leaf-4.GPU.S9825,FourHundredGigE1/0/31,0,0,0,0,0,0
2024/05/24 星期五 00:39:50.306,1716482390306,NH-DC-NM224-J08-ROCE-ST-leaf-4.GPU.S9825,FourHundredGigE1/0/31,2907,898062,2230,860217,0,0
2024/05/24 星期五 00:39:50.806,1716482390806,NH-DC-NM224-J08-ROCE-ST-leaf-4.GPU.S9825,FourHundredGigE1/0/31,0,0,0,0,0,0
2024/05/24 星期五 00:39:51.309,1716482391309,NH-DC-NM224-J08-ROCE-ST-leaf-4.GPU.S9825,FourHundredGigE1/0/31,2285,772663,2239,771900,0,0
2024/05/24 星期五 00:39:51.809,1716482391809,NH-DC-NM224-J08-ROCE-ST-leaf-4.GPU.S9825,FourHundredGigE1/0/31,0,0,0,0,0,0
2024/05/24 星期五 00:39:52.315,1716482392315,NH-DC-NM224-J08-ROCE-ST-leaf-4.GPU.S9825,FourHundredGigE1/0/31,2021,687418,2032,688020,0,0
2024/05/24 星期五 00:39:52.818,1716482392818,NH-DC-NM224-J08-ROCE-ST-leaf-4.GPU.S9825,FourHundredGigE1/0/31,0,0,0,0,0,0
2024/05/24 星期五 00:39:53.318,1716482393318,NH-DC-NM224-J08-ROCE-ST-leaf-4.GPU.S9825,FourHundredGigE1/0/31,0,0,0,0,0,0
2024/05/24 星期五 00:39:53.821,1716482393821,NH-DC-NM224-J08-ROCE-ST-leaf-4.GPU.S9825,FourHundredGigE1/0/31,1511,557514,1842,577497,0,0
2024/05/24 星期五 00:39:54.325,1716482394325,NH-DC-NM224-J08-ROCE-ST-leaf-4.GPU.S9825,FourHundredGigE1/0/31,661,297625,1232,329271,0,0
2024/05/24 星期五 00:39:54.832,1716482394832,NH-DC-NM224-J08-ROCE-ST-leaf-4.GPU.S9825,FourHundredGigE1/0/31,0,0,0,0,0,0
2024/05/24 星期五 00:39:55.349,1716482395349,NH-DC-NM224-J08-ROCE-ST-leaf-4.GPU.S9825,FourHundredGigE1/0/31,2564,846472,2353,834664,0,0
2024/05/24 星期五 00:39:55.851,1716482395851,NH-DC-NM224-J08-ROCE-ST-leaf-4.GPU.S9825,FourHundredGigE1/0/31,0,0,0,0,0,0
2024/05/24 星期五 00:39:56.347,1716482396347,NH-DC-NM224-J08-ROCE-ST-leaf-4.GPU.S9825,FourHundredGigE1/0/31,1789,622231,1893,632931,0,0
2024/05/24 星期五 00:39:56.846,1716482396846,NH-DC-NM224-J08-ROCE-ST-leaf-4.GPU.S9825,FourHundredGigE1/0/31,0,0,0,0,0,0
2024/05/24 星期五 00:39:57.840,1716482397840,NH-DC-NM224-J08-ROCE-ST-leaf-4.GPU.S9825,FourHundredGigE1/0/31,2917,946388,2554,926523,0,0
2024/05/24 星期五 00:39:58.343,1716482398343,NH-DC-NM224-J08-ROCE-ST-leaf-4.GPU.S9825,FourHundredGigE1/0/31,0,0,0,0,0,0
2024/05/24 星期五 00:39:58.841,1716482398841,NH-DC-NM224-J08-ROCE-ST-leaf-4.GPU.S9825,FourHundredGigE1/0/31,2077,682960,1907,673660,0,0
2024/05/24 星期五 00:39:59.352,1716482399352,NH-DC-NM224-J08-ROCE-ST-leaf-4.GPU.S9825,FourHundredGigE1/0/31,1221,503592,1854,538458,0,0
2024/05/24 星期五 00:39:59.854,1716482399854,NH-DC-NM224-J08-ROCE-ST-leaf-4.GPU.S9825,FourHundredGigE1/0/31,0,0,0,0,0,0
2024/05/24 星期五 00:40:00.354,1716482400354,NH-DC-NM224-J08-ROCE-ST-leaf-4.GPU.S9825,FourHundredGigE1/0/31,1608,579600,1846,592995,0,0
2024/05/24 星期五 00:40:00.857,1716482400857,NH-DC-NM224-J08-ROCE-ST-leaf-4.GPU.S9825,FourHundredGigE1/0/31,0,0,0,0,0,0
2024/05/24 星期五 00:40:01.361,1716482401361,NH-DC-NM224-J08-ROCE-ST-leaf-4.GPU.S9825,FourHundredGigE1/0/31,1585,572263,1833,591027,0,0
2024/05/24 星期五 00:40:01.864,1716482401864,NH-DC-NM224-J08-ROCE-ST-leaf-4.GPU.S9825,FourHundredGigE1/0/31,0,0,0,0,0,0
2024/05/24 星期五 00:40:02.370,1716482402370,NH-DC-NM224-J08-ROCE-ST-leaf-4.GPU.S9825,FourHundredGigE1/0/31,3069,973726,2527,943762,0,0
2024/05/24 星期五 00:40:02.872,1716482402872,NH-DC-NM224-J08-ROCE-ST-leaf-4.GPU.S9825,FourHundredGigE1/0/31,0,0,0,0,0,0
2024/05/24 星期五 00:40:03.370,1716482403370,NH-DC-NM224-J08-ROCE-ST-leaf-4.GPU.S9825,FourHundredGigE1/0/31,0,0,0,0,0,0
2024/05/24 星期五 00:40:03.871,1716482403871,NH-DC-NM224-J08-ROCE-ST-leaf-4.GPU.S9825,FourHundredGigE1/0/31,2988,995114,2832,981401,0,0
2024/05/24 星期五 00:40:04.426,1716482404426,NH-DC-NM224-J08-ROCE-ST-leaf-4.GPU.S9825,FourHundredGigE1/0/31,1069,370598,1106,377326,0,0
2024/05/24 星期五 00:40:04.925,1716482404925,NH-DC-NM224-J08-ROCE-ST-leaf-4.GPU.S9825,FourHundredGigE1/0/31,0,0,0,0,0,0
2024/05/24 星期五 00:40:05.425,1716482405425,NH-DC-NM224-J08-ROCE-ST-leaf-4.GPU.S9825,FourHundredGigE1/0/31,2048,711142,2140,716302,0,0
2024/05/24 星期五 00:40:05.930,1716482405930,NH-DC-NM224-J08-ROCE-ST-leaf-4.GPU.S9825,FourHundredGigE1/0/31,0,0,0,0,0,0
2024/05/24 星期五 00:40:06.434,1716482406434,NH-DC-NM224-J08-ROCE-ST-leaf-4.GPU.S9825,FourHundredGigE1/0/31,971,406396,1542,438805,0,0
2024/05/24 星期五 00:40:06.935,1716482406935,NH-DC-NM224-J08-ROCE-ST-leaf-4.GPU.S9825,FourHundredGigE1/0/31,0,0,0,0,0,0
2024/05/24 星期五 00:40:07.439,1716482407439,NH-DC-NM224-J08-ROCE-ST-leaf-4.GPU.S9825,FourHundredGigE1/0/31,2415,778108,2093,760531,0,0
2024/05/24 星期五 00:40:07.942,1716482407942,NH-DC-NM224-J08-ROCE-ST-leaf-4.GPU.S9825,FourHundredGigE1/0/31,0,0,0,0,0,0
2024/05/24 星期五 00:40:08.852,1716482408852,NH-DC-NM224-J08-ROCE-ST-leaf-4.GPU.S9825,FourHundredGigE1/0/31,2072,709868,2106,712768,0,0
2024/05/24 星期五 00:40:09.363,1716482409363,NH-DC-NM224-J08-ROCE-ST-leaf-4.GPU.S9825,FourHundredGigE1/0/31,1781,620330,1871,624012,0,0
2024/05/24 星期五 00:40:09.866,1716482409866,NH-DC-NM224-J08-ROCE-ST-leaf-4.GPU.S9825,FourHundredGigE1/0/31,0,0,0,0,0,0
2024/05/24 星期五 00:40:10.365,1716482410365,NH-DC-NM224-J08-ROCE-ST-leaf-4.GPU.S9825,FourHundredGigE1/0/31,1742,612070,1883,620033,0,0
2024/05/24 星期五 00:40:10.866,1716482410866,NH-DC-NM224-J08-ROCE-ST-leaf-4.GPU.S9825,FourHundredGigE1/0/31,0,0,0,0,0,0
2024/05/24 星期五 00:40:11.366,1716482411366,NH-DC-NM224-J08-ROCE-ST-leaf-4.GPU.S9825,FourHundredGigE1/0/31,2125,713234,2046,708877,0,0
2024/05/24 星期五 00:40:11.865,1716482411865,NH-DC-NM224-J08-ROCE-ST-leaf-4.GPU.S9825,FourHundredGigE1/0/31,0,0,0,0,0,0
2024/05/24 星期五 00:40:12.365,1716482412365,NH-DC-NM224-J08-ROCE-ST-leaf-4.GPU.S9825,FourHundredGigE1/0/31,1138,449928,1611,476804,0,0
2024/05/24 星期五 00:40:12.865,1716482412865,NH-DC-NM224-J08-ROCE-ST-leaf-4.GPU.S9825,FourHundredGigE1/0/31,0,0,0,0,0,0
2024/05/24 星期五 00:40:13.369,1716482413369,NH-DC-NM224-J08-ROCE-ST-leaf-4.GPU.S9825,FourHundredGigE1/0/31,1592,575646,1843,589963,0,0
2024/05/24 星期五 00:40:14.362,1716482414362,NH-DC-NM224-J08-ROCE-ST-leaf-4.GPU.S9825,FourHundredGigE1/0/31,1778,626326,1924,633920,0,0
2024/05/24 星期五 00:40:14.866,1716482414866,NH-DC-NM224-J08-ROCE-ST-leaf-4.GPU.S9825,FourHundredGigE1/0/31,0,0,0,0,0,0
2024/05/24 星期五 00:40:15.366,1716482415366,NH-DC-NM224-J08-ROCE-ST-leaf-4.GPU.S9825,FourHundredGigE1/0/31,1100,434674,1558,460330,0,0
2024/05/24 星期五 00:40:16.381,1716482416381,NH-DC-NM224-J08-ROCE-ST-leaf-4.GPU.S9825,FourHundredGigE1/0/31,1604,568864,1778,578675,0,0
2024/05/24 星期五 00:40:16.881,1716482416881,NH-DC-NM224-J08-ROCE-ST-leaf-4.GPU.S9825,FourHundredGigE1/0/31,0,0,0,0,0,0
2024/05/24 星期五 00:40:17.872,1716482417872,NH-DC-NM224-J08-ROCE-ST-leaf-4.GPU.S9825,FourHundredGigE1/0/31,1476,540290,1773,558347,0,0
2024/05/24 星期五 00:40:18.375,1716482418375,NH-DC-NM224-J08-ROCE-ST-leaf-4.GPU.S9825,FourHundredGigE1/0/31,0,0,0,0,0,0
2024/05/24 星期五 00:40:20.386,1716482420386,NH-DC-NM224-J08-ROCE-ST-leaf-4.GPU.S9825,FourHundredGigE1/0/31,7135,2302218,6185,2247753,0,0
2024/05/24 星期五 00:40:20.889,1716482420889,NH-DC-NM224-J08-ROCE-ST-leaf-4.GPU.S9825,FourHundredGigE1/0/31,0,0,0,0,0,0
2024/05/24 星期五 00:40:21.970,1716482421970,NH-DC-NM224-J08-ROCE-ST-leaf-4.GPU.S9825,FourHundredGigE1/0/31,2162,734618,2151,735039,0,0
2024/05/24 星期五 00:40:22.497,1716482422497,NH-DC-NM224-J08-ROCE-ST-leaf-4.GPU.S9825,FourHundredGigE1/0/31,4274,1307056,3139,1243496,0,0
2024/05/24 星期五 00:40:22.998,1716482422998,NH-DC-NM224-J08-ROCE-ST-leaf-4.GPU.S9825,FourHundredGigE1/0/31,0,0,0,0,0,0
2024/05/24 星期五 00:40:23.502,1716482423502,NH-DC-NM224-J08-ROCE-ST-leaf-4.GPU.S9825,FourHundredGigE1/0/31,0,0,0,0,0,0
2024/05/24 星期五 00:40:24.001,1716482424001,NH-DC-NM224-J08-ROCE-ST-leaf-4.GPU.S9825,FourHundredGigE1/0/31,2072,682728,1924,675865,0,0
2024/05/24 星期五 00:40:24.505,1716482424505,NH-DC-NM224-J08-ROCE-ST-leaf-4.GPU.S9825,FourHundredGigE1/0/31,1697,591934,1783,594422,0,0
2024/05/24 星期五 00:40:25.006,1716482425006,NH-DC-NM224-J08-ROCE-ST-leaf-4.GPU.S9825,FourHundredGigE1/0/31,0,0,0,0,0,0
2024/05/24 星期五 00:40:25.510,1716482425510,NH-DC-NM224-J08-ROCE-ST-leaf-4.GPU.S9825,FourHundredGigE1/0/31,2278,752930,2108,743418,0,0
2024/05/24 星期五 00:40:26.021,1716482426021,NH-DC-NM224-J08-ROCE-ST-leaf-4.GPU.S9825,FourHundredGigE1/0/31,0,0,0,0,0,0
2024/05/24 星期五 00:40:26.521,1716482426521,NH-DC-NM224-J08-ROCE-ST-leaf-4.GPU.S9825,FourHundredGigE1/0/31,2623,871646,2442,861577,0,0
2024/05/24 星期五 00:40:27.021,1716482427021,NH-DC-NM224-J08-ROCE-ST-leaf-4.GPU.S9825,FourHundredGigE1/0/31,0,0,0,0,0,0
2024/05/24 星期五 00:40:27.523,1716482427523,NH-DC-NM224-J08-ROCE-ST-leaf-4.GPU.S9825,FourHundredGigE1/0/31,1213,488332,1781,521565,0,0
2024/05/24 星期五 00:40:28.022,1716482428022,NH-DC-NM224-J08-ROCE-ST-leaf-4.GPU.S9825,FourHundredGigE1/0/31,0,0,0,0,0,0
2024/05/24 星期五 00:40:28.528,1716482428528,NH-DC-NM224-J08-ROCE-ST-leaf-4.GPU.S9825,FourHundredGigE1/0/31,2472,830786,2373,825462,0,0
2024/05/24 星期五 00:40:29.040,1716482429040,NH-DC-NM224-J08-ROCE-ST-leaf-4.GPU.S9825,FourHundredGigE1/0/31,0,0,0,0,0,0
2024/05/24 星期五 00:40:29.541,1716482429541,NH-DC-NM224-J08-ROCE-ST-leaf-4.GPU.S9825,FourHundredGigE1/0/31,1180,407086,1240,408894,0,0
2024/05/24 星期五 00:40:30.042,1716482430042,NH-DC-NM224-J08-ROCE-ST-leaf-4.GPU.S9825,FourHundredGigE1/0/31,0,0,0,0,0,0
2024/05/24 星期五 00:40:30.543,1716482430543,NH-DC-NM224-J08-ROCE-ST-leaf-4.GPU.S9825,FourHundredGigE1/0/31,1597,575042,1830,588157,0,0
2024/05/24 星期五 00:40:31.046,1716482431046,NH-DC-NM224-J08-ROCE-ST-leaf-4.GPU.S9825,FourHundredGigE1/0/31,0,0,0,0,0,0
2024/05/24 星期五 00:40:31.550,1716482431550,NH-DC-NM224-J08-ROCE-ST-leaf-4.GPU.S9825,FourHundredGigE1/0/31,3337,1059236,2739,1025815,0,0
2024/05/24 星期五 00:40:32.061,1716482432061,NH-DC-NM224-J08-ROCE-ST-leaf-4.GPU.S9825,FourHundredGigE1/0/31,0,0,0,0,0,0
2024/05/24 星期五 00:40:32.562,1716482432562,NH-DC-NM224-J08-ROCE-ST-leaf-4.GPU.S9825,FourHundredGigE1/0/31,2447,821948,2348,816792,0,0
2024/05/24 星期五 00:40:33.063,1716482433063,NH-DC-NM224-J08-ROCE-ST-leaf-4.GPU.S9825,FourHundredGigE1/0/31,0,0,0,0,0,0
2024/05/24 星期五 00:40:33.929,1716482433929,NH-DC-NM224-J08-ROCE-ST-leaf-4.GPU.S9825,FourHundredGigE1/0/31,1639,585286,1844,597027,0,0
2024/05/24 星期五 00:40:34.429,1716482434429,NH-DC-NM224-J08-ROCE-ST-leaf-4.GPU.S9825,FourHundredGigE1/0/31,1443,491662,1483,492824,0,0
2024/05/24 星期五 00:40:34.930,1716482434930,NH-DC-NM224-J08-ROCE-ST-leaf-4.GPU.S9825,FourHundredGigE1/0/31,0,0,0,0,0,0
2024/05/24 星期五 00:40:35.905,1716482435905,NH-DC-NM224-J08-ROCE-ST-leaf-4.GPU.S9825,FourHundredGigE1/0/31,1508,512866,1548,515066,0,0
2024/05/24 星期五 00:40:36.938,1716482436938,NH-DC-NM224-J08-ROCE-ST-leaf-4.GPU.S9825,FourHundredGigE1/0/31,1987,685358,2047,689151,0,0
2024/05/24 星期五 00:40:37.441,1716482437441,NH-DC-NM224-J08-ROCE-ST-leaf-4.GPU.S9825,FourHundredGigE1/0/31,1382,504326,1647,519621,0,0
2024/05/24 星期五 00:40:37.945,1716482437945,NH-DC-NM224-J08-ROCE-ST-leaf-4.GPU.S9825,FourHundredGigE1/0/31,0,0,0,0,0,0
2024/05/24 星期五 00:40:38.446,1716482438446,NH-DC-NM224-J08-ROCE-ST-leaf-4.GPU.S9825,FourHundredGigE1/0/31,2862,935846,2553,918762,0,0
2024/05/24 星期五 00:40:38.949,1716482438949,NH-DC-NM224-J08-ROCE-ST-leaf-4.GPU.S9825,FourHundredGigE1/0/31,0,0,0,0,0,0
2024/05/24 星期五 00:40:39.462,1716482439462,NH-DC-NM224-J08-ROCE-ST-leaf-4.GPU.S9825,FourHundredGigE1/0/31,2382,787170,2192,776808,0,0
2024/05/24 星期五 00:40:40.457,1716482440457,NH-DC-NM224-J08-ROCE-ST-leaf-4.GPU.S9825,FourHundredGigE1/0/31,1292,496287,1716,524076,0,0
2024/05/24 星期五 00:40:40.957,1716482440957,NH-DC-NM224-J08-ROCE-ST-leaf-4.GPU.S9825,FourHundredGigE1/0/31,0,0,0,0,0,0
2024/05/24 星期五 00:40:41.458,1716482441458,NH-DC-NM224-J08-ROCE-ST-leaf-4.GPU.S9825,FourHundredGigE1/0/31,2004,685104,2040,687171,0,0
2024/05/24 星期五 00:40:41.961,1716482441961,NH-DC-NM224-J08-ROCE-ST-leaf-4.GPU.S9825,FourHundredGigE1/0/31,0,0,0,0,0,0
2024/05/24 星期五 00:40:42.469,1716482442469,NH-DC-NM224-J08-ROCE-ST-leaf-4.GPU.S9825,FourHundredGigE1/0/31,3207,1011692,2600,978476,0,0
2024/05/24 星期五 00:40:42.970,1716482442970,NH-DC-NM224-J08-ROCE-ST-leaf-4.GPU.S9825,FourHundredGigE1/0/31,0,0,0,0,0,0
2024/05/24 星期五 00:40:43.485,1716482443485,NH-DC-NM224-J08-ROCE-ST-leaf-4.GPU.S9825,FourHundredGigE1/0/31,1590,599552,2021,624013,0,0
2024/05/24 星期五 00:40:43.986,1716482443986,NH-DC-NM224-J08-ROCE-ST-leaf-4.GPU.S9825,FourHundredGigE1/0/31,0,0,0,0,0,0
2024/05/24 星期五 00:40:44.485,1716482444485,NH-DC-NM224-J08-ROCE-ST-leaf-4.GPU.S9825,FourHundredGigE1/0/31,1551,524472,1546,523158,0,0
2024/05/24 星期五 00:40:44.985,1716482444985,NH-DC-NM224-J08-ROCE-ST-leaf-4.GPU.S9825,FourHundredGigE1/0/31,0,0,0,0,0,0
2024/05/24 星期五 00:40:45.499,1716482445499,NH-DC-NM224-J08-ROCE-ST-leaf-4.GPU.S9825,FourHundredGigE1/0/31,2988,965584,2594,943528,0,0
2024/05/24 星期五 00:40:45.998,1716482445998,NH-DC-NM224-J08-ROCE-ST-leaf-4.GPU.S9825,FourHundredGigE1/0/31,0,0,0,0,0,0
2024/05/24 星期五 00:40:46.501,1716482446501,NH-DC-NM224-J08-ROCE-ST-leaf-4.GPU.S9825,FourHundredGigE1/0/31,1457,534352,1745,550547,0,0
2024/05/24 星期五 00:40:47.018,1716482447018,NH-DC-NM224-J08-ROCE-ST-leaf-4.GPU.S9825,FourHundredGigE1/0/31,0,0,0,0,0,0
2024/05/24 星期五 00:40:47.525,1716482447525,NH-DC-NM224-J08-ROCE-ST-leaf-4.GPU.S9825,FourHundredGigE1/0/31,2518,821560,2252,807507,0,0
2024/05/24 星期五 00:40:48.027,1716482448027,NH-DC-NM224-J08-ROCE-ST-leaf-4.GPU.S9825,FourHundredGigE1/0/31,0,0,0,0,0,0
2024/05/24 星期五 00:40:48.524,1716482448524,NH-DC-NM224-J08-ROCE-ST-leaf-4.GPU.S9825,FourHundredGigE1/0/31,0,0,0,0,0,0
2024/05/24 星期五 00:40:49.025,1716482449025,NH-DC-NM224-J08-ROCE-ST-leaf-4.GPU.S9825,FourHundredGigE1/0/31,2662,899306,2595,897326,0,0
2024/05/24 星期五 00:40:49.527,1716482449527,NH-DC-NM224-J08-ROCE-ST-leaf-4.GPU.S9825,FourHundredGigE1/0/31,2138,677143,1779,664490,0,0
2024/05/24 星期五 00:40:50.026,1716482450026,NH-DC-NM224-J08-ROCE-ST-leaf-4.GPU.S9825,FourHundredGigE1/0/31,0,0,0,0,0,0
2024/05/24 星期五 00:40:50.526,1716482450526,NH-DC-NM224-J08-ROCE-ST-leaf-4.GPU.S9825,FourHundredGigE1/0/31,1970,669952,1964,669683,0,0
2024/05/24 星期五 00:40:51.036,1716482451036,NH-DC-NM224-J08-ROCE-ST-leaf-4.GPU.S9825,FourHundredGigE1/0/31,0,0,0,0,0,0
2024/05/24 星期五 00:40:51.537,1716482451537,NH-DC-NM224-J08-ROCE-ST-leaf-4.GPU.S9825,FourHundredGigE1/0/31,2007,688944,2055,695526,0,0
2024/05/24 星期五 00:40:52.038,1716482452038,NH-DC-NM224-J08-ROCE-ST-leaf-4.GPU.S9825,FourHundredGigE1/0/31,0,0,0,0,0,0
2024/05/24 星期五 00:40:52.538,1716482452538,NH-DC-NM224-J08-ROCE-ST-leaf-4.GPU.S9825,FourHundredGigE1/0/31,1470,497428,1477,498208,0,0
2024/05/24 星期五 00:40:53.047,1716482453047,NH-DC-NM224-J08-ROCE-ST-leaf-4.GPU.S9825,FourHundredGigE1/0/31,0,0,0,0,0,0
2024/05/24 星期五 00:40:53.549,1716482453549,NH-DC-NM224-J08-ROCE-ST-leaf-4.GPU.S9825,FourHundredGigE1/0/31,0,0,0,0,0,0
2024/05/24 星期五 00:40:54.049,1716482454049,NH-DC-NM224-J08-ROCE-ST-leaf-4.GPU.S9825,FourHundredGigE1/0/31,2712,909724,2620,906741,0,0
2024/05/24 星期五 00:40:54.995,1716482454995,NH-DC-NM224-J08-ROCE-ST-leaf-4.GPU.S9825,FourHundredGigE1/0/31,942,359140,1237,373138,0,0
2024/05/24 星期五 00:40:55.496,1716482455496,NH-DC-NM224-J08-ROCE-ST-leaf-4.GPU.S9825,FourHundredGigE1/0/31,1999,688774,2081,693420,0,0
2024/05/24 星期五 00:40:55.998,1716482455998,NH-DC-NM224-J08-ROCE-ST-leaf-4.GPU.S9825,FourHundredGigE1/0/31,0,0,0,0,0,0
2024/05/24 星期五 00:40:56.498,1716482456498,NH-DC-NM224-J08-ROCE-ST-leaf-4.GPU.S9825,FourHundredGigE1/0/31,1426,519559,1692,539331,0,0
2024/05/24 星期五 00:40:57.283,1716482457283,NH-DC-NM224-J08-ROCE-ST-leaf-4.GPU.S9825,FourHundredGigE1/0/31,1675,605268,1933,620171,0,0
2024/05/24 星期五 00:40:57.899,1716482457899,NH-DC-NM224-J08-ROCE-ST-leaf-4.GPU.S9825,FourHundredGigE1/0/31,0,0,0,0,0,0
2024/05/24 星期五 00:40:58.397,1716482458397,NH-DC-NM224-J08-ROCE-ST-leaf-4.GPU.S9825,FourHundredGigE1/0/31,2337,787748,2265,783936,0,0
2024/05/24 星期五 00:40:59.497,1716482459497,NH-DC-NM224-J08-ROCE-ST-leaf-4.GPU.S9825,FourHundredGigE1/0/31,3235,1034728,2725,1005624,0,0
2024/05/24 星期五 00:40:59.998,1716482459998,NH-DC-NM224-J08-ROCE-ST-leaf-4.GPU.S9825,FourHundredGigE1/0/31,0,0,0,0,0,0
2024/05/24 星期五 00:41:00.497,1716482460497,NH-DC-NM224-J08-ROCE-ST-leaf-4.GPU.S9825,FourHundredGigE1/0/31,1802,664510,2165,684905,0,0
2024/05/24 星期五 00:41:01.001,1716482461001,NH-DC-NM224-J08-ROCE-ST-leaf-4.GPU.S9825,FourHundredGigE1/0/31,0,0,0,0,0,0
2024/05/24 星期五 00:41:01.503,1716482461503,NH-DC-NM224-J08-ROCE-ST-leaf-4.GPU.S9825,FourHundredGigE1/0/31,0,0,0,0,0,0
2024/05/24 星期五 00:41:02.019,1716482462019,NH-DC-NM224-J08-ROCE-ST-leaf-4.GPU.S9825,FourHundredGigE1/0/31,1859,655577,2044,672753,0,0
2024/05/24 星期五 00:41:02.521,1716482462521,NH-DC-NM224-J08-ROCE-ST-leaf-4.GPU.S9825,FourHundredGigE1/0/31,0,0,0,0,0,0
2024/05/24 星期五 00:41:03.021,1716482463021,NH-DC-NM224-J08-ROCE-ST-leaf-4.GPU.S9825,FourHundredGigE1/0/31,2727,920890,2674,911908,0,0
2024/05/24 星期五 00:41:03.524,1716482463524,NH-DC-NM224-J08-ROCE-ST-leaf-4.GPU.S9825,FourHundredGigE1/0/31,0,0,0,0,0,0
2024/05/24 星期五 00:41:04.023,1716482464023,NH-DC-NM224-J08-ROCE-ST-leaf-4.GPU.S9825,FourHundredGigE1/0/31,0,0,0,0,0,0
2024/05/24 星期五 00:41:04.525,1716482464525,NH-DC-NM224-J08-ROCE-ST-leaf-4.GPU.S9825,FourHundredGigE1/0/31,3834,1252846,3420,1233803,0,0
2024/05/24 星期五 00:41:05.026,1716482465026,NH-DC-NM224-J08-ROCE-ST-leaf-4.GPU.S9825,FourHundredGigE1/0/31,0,0,0,0,0,0
2024/05/24 星期五 00:41:05.526,1716482465526,NH-DC-NM224-J08-ROCE-ST-leaf-4.GPU.S9825,FourHundredGigE1/0/31,3007,958144,2533,932467,0,0
2024/05/24 星期五 00:41:06.026,1716482466026,NH-DC-NM224-J08-ROCE-ST-leaf-4.GPU.S9825,FourHundredGigE1/0/31,0,0,0,0,0,0
2024/05/24 星期五 00:41:06.525,1716482466525,NH-DC-NM224-J08-ROCE-ST-leaf-4.GPU.S9825,FourHundredGigE1/0/31,1341,476546,1523,487330,0,0
2024/05/24 星期五 00:41:07.027,1716482467027,NH-DC-NM224-J08-ROCE-ST-leaf-4.GPU.S9825,FourHundredGigE1/0/31,0,0,0,0,0,0
2024/05/24 星期五 00:41:07.531,1716482467531,NH-DC-NM224-J08-ROCE-ST-leaf-4.GPU.S9825,FourHundredGigE1/0/31,1480,544616,1800,561431,0,0
2024/05/24 星期五 00:41:08.034,1716482468034,NH-DC-NM224-J08-ROCE-ST-leaf-4.GPU.S9825,FourHundredGigE1/0/31,0,0,0,0,0,0
2024/05/24 星期五 00:41:08.543,1716482468543,NH-DC-NM224-J08-ROCE-ST-leaf-4.GPU.S9825,FourHundredGigE1/0/31,2202,793336,2492,809990,0,0
2024/05/24 星期五 00:41:09.046,1716482469046,NH-DC-NM224-J08-ROCE-ST-leaf-4.GPU.S9825,FourHundredGigE1/0/31,0,0,0,0,0,0
2024/05/24 星期五 00:41:09.545,1716482469545,NH-DC-NM224-J08-ROCE-ST-leaf-4.GPU.S9825,FourHundredGigE1/0/31,634,285460,1181,314554,0,0
2024/05/24 星期五 00:41:10.064,1716482470064,NH-DC-NM224-J08-ROCE-ST-leaf-4.GPU.S9825,FourHundredGigE1/0/31,0,0,0,0,0,0
2024/05/24 星期五 00:41:10.561,1716482470561,NH-DC-NM224-J08-ROCE-ST-leaf-4.GPU.S9825,FourHundredGigE1/0/31,1620,574578,1795,584445,0,0
2024/05/24 星期五 00:41:11.061,1716482471061,NH-DC-NM224-J08-ROCE-ST-leaf-4.GPU.S9825,FourHundredGigE1/0/31,0,0,0,0,0,0
2024/05/24 星期五 00:41:11.561,1716482471561,NH-DC-NM224-J08-ROCE-ST-leaf-4.GPU.S9825,FourHundredGigE1/0/31,0,0,0,0,0,0
2024/05/24 星期五 00:41:12.061,1716482472061,NH-DC-NM224-J08-ROCE-ST-leaf-4.GPU.S9825,FourHundredGigE1/0/31,2891,937128,2545,920341,0,0
2024/05/24 星期五 00:41:12.563,1716482472563,NH-DC-NM224-J08-ROCE-ST-leaf-4.GPU.S9825,FourHundredGigE1/0/31,0,0,0,0,0,0
2024/05/24 星期五 00:41:13.061,1716482473061,NH-DC-NM224-J08-ROCE-ST-leaf-4.GPU.S9825,FourHundredGigE1/0/31,1946,663352,1951,663632,0,0
2024/05/24 星期五 00:41:13.563,1716482473563,NH-DC-NM224-J08-ROCE-ST-leaf-4.GPU.S9825,FourHundredGigE1/0/31,0,0,0,0,0,0
2024/05/24 星期五 00:41:14.066,1716482474066,NH-DC-NM224-J08-ROCE-ST-leaf-4.GPU.S9825,FourHundredGigE1/0/31,1997,669714,1951,659833,0,0
2024/05/24 星期五 00:41:14.570,1716482474570,NH-DC-NM224-J08-ROCE-ST-leaf-4.GPU.S9825,FourHundredGigE1/0/31,828,315062,1061,332960,0,0
2024/05/24 星期五 00:41:15.071,1716482475071,NH-DC-NM224-J08-ROCE-ST-leaf-4.GPU.S9825,FourHundredGigE1/0/31,0,0,0,0,0,0
2024/05/24 星期五 00:41:17.007,1716482477007,NH-DC-NM224-J08-ROCE-ST-leaf-4.GPU.S9825,FourHundredGigE1/0/31,4658,1563664,4469,1553155,0,0
2024/05/24 星期五 00:41:19.067,1716482479067,NH-DC-NM224-J08-ROCE-ST-leaf-4.GPU.S9825,FourHundredGigE1/0/31,5302,1808364,5321,1806417,0,0
2024/05/24 星期五 00:41:19.570,1716482479570,NH-DC-NM224-J08-ROCE-ST-leaf-4.GPU.S9825,FourHundredGigE1/0/31,658,239770,763,248754,0,0
2024/05/24 星期五 00:41:20.071,1716482480071,NH-DC-NM224-J08-ROCE-ST-leaf-4.GPU.S9825,FourHundredGigE1/0/31,0,0,0,0,0,0
2024/05/24 星期五 00:41:20.575,1716482480575,NH-DC-NM224-J08-ROCE-ST-leaf-4.GPU.S9825,FourHundredGigE1/0/31,2842,898364,2322,869311,0,0
2024/05/24 星期五 00:41:21.074,1716482481074,NH-DC-NM224-J08-ROCE-ST-leaf-4.GPU.S9825,FourHundredGigE1/0/31,0,0,0,0,0,0
2024/05/24 星期五 00:41:21.577,1716482481577,NH-DC-NM224-J08-ROCE-ST-leaf-4.GPU.S9825,FourHundredGigE1/0/31,0,0,0,0,0,0
2024/05/24 星期五 00:41:22.077,1716482482077,NH-DC-NM224-J08-ROCE-ST-leaf-4.GPU.S9825,FourHundredGigE1/0/31,3865,1265860,3449,1245153,0,0
2024/05/24 星期五 00:41:22.583,1716482482583,NH-DC-NM224-J08-ROCE-ST-leaf-4.GPU.S9825,FourHundredGigE1/0/31,0,0,0,0,0,0
2024/05/24 星期五 00:41:23.083,1716482483083,NH-DC-NM224-J08-ROCE-ST-leaf-4.GPU.S9825,FourHundredGigE1/0/31,1016,404098,1462,429074,0,0
2024/05/24 星期五 00:41:23.585,1716482483585,NH-DC-NM224-J08-ROCE-ST-leaf-4.GPU.S9825,FourHundredGigE1/0/31,0,0,0,0,0,0
2024/05/24 星期五 00:41:24.086,1716482484086,NH-DC-NM224-J08-ROCE-ST-leaf-4.GPU.S9825,FourHundredGigE1/0/31,2937,993604,2900,987331,0,0
2024/05/24 星期五 00:41:24.589,1716482484589,NH-DC-NM224-J08-ROCE-ST-leaf-4.GPU.S9825,FourHundredGigE1/0/31,216,102834,423,116172,0,0
2024/05/24 星期五 00:41:25.090,1716482485090,NH-DC-NM224-J08-ROCE-ST-leaf-4.GPU.S9825,FourHundredGigE1/0/31,0,0,0,0,0,0
2024/05/24 星期五 00:41:25.590,1716482485590,NH-DC-NM224-J08-ROCE-ST-leaf-4.GPU.S9825,FourHundredGigE1/0/31,1528,564638,1856,583014,0,0
2024/05/24 星期五 00:41:26.165,1716482486165,NH-DC-NM224-J08-ROCE-ST-leaf-4.GPU.S9825,FourHundredGigE1/0/31,0,0,0,0,0,0
2024/05/24 星期五 00:41:26.665,1716482486665,NH-DC-NM224-J08-ROCE-ST-leaf-4.GPU.S9825,FourHundredGigE1/0/31,1106,438922,1577,465365,0,0
2024/05/24 星期五 00:41:27.171,1716482487171,NH-DC-NM224-J08-ROCE-ST-leaf-4.GPU.S9825,FourHundredGigE1/0/31,0,0,0,0,0,0
2024/05/24 星期五 00:41:27.674,1716482487674,NH-DC-NM224-J08-ROCE-ST-leaf-4.GPU.S9825,FourHundredGigE1/0/31,1450,529580,1722,544879,0,0
2024/05/24 星期五 00:41:28.177,1716482488177,NH-DC-NM224-J08-ROCE-ST-leaf-4.GPU.S9825,FourHundredGigE1/0/31,0,0,0,0,0,0
2024/05/24 星期五 00:41:28.680,1716482488680,NH-DC-NM224-J08-ROCE-ST-leaf-4.GPU.S9825,FourHundredGigE1/0/31,622,280434,1165,311256,0,0
2024/05/24 星期五 00:41:29.179,1716482489179,NH-DC-NM224-J08-ROCE-ST-leaf-4.GPU.S9825,FourHundredGigE1/0/31,0,0,0,0,0,0
2024/05/24 星期五 00:41:29.679,1716482489679,NH-DC-NM224-J08-ROCE-ST-leaf-4.GPU.S9825,FourHundredGigE1/0/31,2566,855344,2408,847390,0,0
2024/05/24 星期五 00:41:30.179,1716482490179,NH-DC-NM224-J08-ROCE-ST-leaf-4.GPU.S9825,FourHundredGigE1/0/31,0,0,0,0,0,0
2024/05/24 星期五 00:41:30.677,1716482490677,NH-DC-NM224-J08-ROCE-ST-leaf-4.GPU.S9825,FourHundredGigE1/0/31,3312,1063610,2831,1033893,0,0
2024/05/24 星期五 00:41:31.175,1716482491175,NH-DC-NM224-J08-ROCE-ST-leaf-4.GPU.S9825,FourHundredGigE1/0/31,0,0,0,0,0,0
2024/05/24 星期五 00:41:31.678,1716482491678,NH-DC-NM224-J08-ROCE-ST-leaf-4.GPU.S9825,FourHundredGigE1/0/31,2180,749602,2219,751853,0,0
2024/05/24 星期五 00:41:32.180,1716482492180,NH-DC-NM224-J08-ROCE-ST-leaf-4.GPU.S9825,FourHundredGigE1/0/31,0,0,0,0,0,0
2024/05/24 星期五 00:41:32.682,1716482492682,NH-DC-NM224-J08-ROCE-ST-leaf-4.GPU.S9825,FourHundredGigE1/0/31,2007,708816,2178,718392,0,0
2024/05/24 星期五 00:41:33.183,1716482493183,NH-DC-NM224-J08-ROCE-ST-leaf-4.GPU.S9825,FourHundredGigE1/0/31,0,0,0,0,0,0
2024/05/24 星期五 00:41:33.687,1716482493687,NH-DC-NM224-J08-ROCE-ST-leaf-4.GPU.S9825,FourHundredGigE1/0/31,1301,488966,1685,509359,0,0
2024/05/24 星期五 00:41:34.186,1716482494186,NH-DC-NM224-J08-ROCE-ST-leaf-4.GPU.S9825,FourHundredGigE1/0/31,0,0,0,0,0,0
2024/05/24 星期五 00:41:34.696,1716482494696,NH-DC-NM224-J08-ROCE-ST-leaf-4.GPU.S9825,FourHundredGigE1/0/31,1921,647474,1878,647494,0,0
2024/05/24 星期五 00:41:35.205,1716482495205,NH-DC-NM224-J08-ROCE-ST-leaf-4.GPU.S9825,FourHundredGigE1/0/31,0,0,0,0,0,0
2024/05/24 星期五 00:41:35.706,1716482495706,NH-DC-NM224-J08-ROCE-ST-leaf-4.GPU.S9825,FourHundredGigE1/0/31,1447,535144,1761,549920,0,0
2024/05/24 星期五 00:41:36.231,1716482496231,NH-DC-NM224-J08-ROCE-ST-leaf-4.GPU.S9825,FourHundredGigE1/0/31,0,0,0,0,0,0
2024/05/24 星期五 00:41:36.730,1716482496730,NH-DC-NM224-J08-ROCE-ST-leaf-4.GPU.S9825,FourHundredGigE1/0/31,3023,949926,2456,916913,0,0
2024/05/24 星期五 00:41:37.229,1716482497229,NH-DC-NM224-J08-ROCE-ST-leaf-4.GPU.S9825,FourHundredGigE1/0/31,0,0,0,0,0,0
2024/05/24 星期五 00:41:37.731,1716482497731,NH-DC-NM224-J08-ROCE-ST-leaf-4.GPU.S9825,FourHundredGigE1/0/31,2027,687540,2067,686587,0,0
2024/05/24 星期五 00:41:38.233,1716482498233,NH-DC-NM224-J08-ROCE-ST-leaf-4.GPU.S9825,FourHundredGigE1/0/31,0,0,0,0,0,0
2024/05/24 星期五 00:41:38.734,1716482498734,NH-DC-NM224-J08-ROCE-ST-leaf-4.GPU.S9825,FourHundredGigE1/0/31,2188,750066,2215,751992,0,0
2024/05/24 星期五 00:41:39.247,1716482499247,NH-DC-NM224-J08-ROCE-ST-leaf-4.GPU.S9825,FourHundredGigE1/0/31,0,0,0,0,0,0
2024/05/24 星期五 00:41:39.749,1716482499749,NH-DC-NM224-J08-ROCE-ST-leaf-4.GPU.S9825,FourHundredGigE1/0/31,1706,606662,1927,616372,0,0
2024/05/24 星期五 00:41:40.250,1716482500250,NH-DC-NM224-J08-ROCE-ST-leaf-4.GPU.S9825,FourHundredGigE1/0/31,0,0,0,0,0,0
2024/05/24 星期五 00:41:40.750,1716482500750,NH-DC-NM224-J08-ROCE-ST-leaf-4.GPU.S9825,FourHundredGigE1/0/31,1395,500865,1633,518244,0,0
2024/05/24 星期五 00:41:41.254,1716482501254,NH-DC-NM224-J08-ROCE-ST-leaf-4.GPU.S9825,FourHundredGigE1/0/31,0,0,0,0,0,0
2024/05/24 星期五 00:41:41.754,1716482501754,NH-DC-NM224-J08-ROCE-ST-leaf-4.GPU.S9825,FourHundredGigE1/0/31,3108,994298,2613,966839,0,0
2024/05/24 星期五 00:41:42.258,1716482502258,NH-DC-NM224-J08-ROCE-ST-leaf-4.GPU.S9825,FourHundredGigE1/0/31,0,0,0,0,0,0
2024/05/24 星期五 00:41:42.759,1716482502759,NH-DC-NM224-J08-ROCE-ST-leaf-4.GPU.S9825,FourHundredGigE1/0/31,1491,550710,1809,568518,0,0
2024/05/24 星期五 00:41:43.263,1716482503263,NH-DC-NM224-J08-ROCE-ST-leaf-4.GPU.S9825,FourHundredGigE1/0/31,0,0,0,0,0,0
2024/05/24 星期五 00:41:43.765,1716482503765,NH-DC-NM224-J08-ROCE-ST-leaf-4.GPU.S9825,FourHundredGigE1/0/31,1105,446328,1633,476351,0,0
2024/05/24 星期五 00:41:44.265,1716482504265,NH-DC-NM224-J08-ROCE-ST-leaf-4.GPU.S9825,FourHundredGigE1/0/31,2517,810060,2160,789486,0,0
2024/05/24 星期五 00:41:44.767,1716482504767,NH-DC-NM224-J08-ROCE-ST-leaf-4.GPU.S9825,FourHundredGigE1/0/31,0,0,0,0,0,0
2024/05/24 星期五 00:41:45.270,1716482505270,NH-DC-NM224-J08-ROCE-ST-leaf-4.GPU.S9825,FourHundredGigE1/0/31,0,0,0,0,0,0
2024/05/24 星期五 00:41:45.773,1716482505773,NH-DC-NM224-J08-ROCE-ST-leaf-4.GPU.S9825,FourHundredGigE1/0/31,1931,647658,1869,644388,0,0
2024/05/24 星期五 00:41:46.278,1716482506278,NH-DC-NM224-J08-ROCE-ST-leaf-4.GPU.S9825,FourHundredGigE1/0/31,0,0,0,0,0,0
2024/05/24 星期五 00:41:46.781,1716482506781,NH-DC-NM224-J08-ROCE-ST-leaf-4.GPU.S9825,FourHundredGigE1/0/31,3652,1136006,2829,1089985,0,0
2024/05/24 星期五 00:41:47.281,1716482507281,NH-DC-NM224-J08-ROCE-ST-leaf-4.GPU.S9825,FourHundredGigE1/0/31,0,0,0,0,0,0
2024/05/24 星期五 00:41:47.781,1716482507781,NH-DC-NM224-J08-ROCE-ST-leaf-4.GPU.S9825,FourHundredGigE1/0/31,2562,887550,2647,893541,0,0
2024/05/24 星期五 00:41:48.281,1716482508281,NH-DC-NM224-J08-ROCE-ST-leaf-4.GPU.S9825,FourHundredGigE1/0/31,0,0,0,0,0,0
2024/05/24 星期五 00:41:48.785,1716482508785,NH-DC-NM224-J08-ROCE-ST-leaf-4.GPU.S9825,FourHundredGigE1/0/31,2568,843608,2328,830388,0,0
2024/05/24 星期五 00:41:49.288,1716482509288,NH-DC-NM224-J08-ROCE-ST-leaf-4.GPU.S9825,FourHundredGigE1/0/31,1136,414258,1350,424690,0,0
2024/05/24 星期五 00:41:49.789,1716482509789,NH-DC-NM224-J08-ROCE-ST-leaf-4.GPU.S9825,FourHundredGigE1/0/31,0,0,0,0,0,0
2024/05/24 星期五 00:41:50.289,1716482510289,NH-DC-NM224-J08-ROCE-ST-leaf-4.GPU.S9825,FourHundredGigE1/0/31,1834,635265,1941,651491,0,0
2024/05/24 星期五 00:41:50.789,1716482510789,NH-DC-NM224-J08-ROCE-ST-leaf-4.GPU.S9825,FourHundredGigE1/0/31,0,0,0,0,0,0
2024/05/24 星期五 00:41:51.289,1716482511289,NH-DC-NM224-J08-ROCE-ST-leaf-4.GPU.S9825,FourHundredGigE1/0/31,0,0,0,0,0,0
2024/05/24 星期五 00:41:51.793,1716482511793,NH-DC-NM224-J08-ROCE-ST-leaf-4.GPU.S9825,FourHundredGigE1/0/31,2215,750395,2195,752252,0,0
2024/05/24 星期五 00:41:52.293,1716482512293,NH-DC-NM224-J08-ROCE-ST-leaf-4.GPU.S9825,FourHundredGigE1/0/31,0,0,0,0,0,0
2024/05/24 星期五 00:41:52.795,1716482512795,NH-DC-NM224-J08-ROCE-ST-leaf-4.GPU.S9825,FourHundredGigE1/0/31,2832,944274,2685,929640,0,0
2024/05/24 星期五 00:41:53.298,1716482513298,NH-DC-NM224-J08-ROCE-ST-leaf-4.GPU.S9825,FourHundredGigE1/0/31,0,0,0,0,0,0
2024/05/24 星期五 00:41:53.798,1716482513798,NH-DC-NM224-J08-ROCE-ST-leaf-4.GPU.S9825,FourHundredGigE1/0/31,0,0,0,0,0,0
2024/05/24 星期五 00:41:54.297,1716482514297,NH-DC-NM224-J08-ROCE-ST-leaf-4.GPU.S9825,FourHundredGigE1/0/31,1989,788503,2824,842423,0,0
2024/05/24 星期五 00:41:54.796,1716482514796,NH-DC-NM224-J08-ROCE-ST-leaf-4.GPU.S9825,FourHundredGigE1/0/31,0,0,0,0,0,0
2024/05/24 星期五 00:41:55.296,1716482515296,NH-DC-NM224-J08-ROCE-ST-leaf-4.GPU.S9825,FourHundredGigE1/0/31,1634,571226,1769,581072,0,0
2024/05/24 星期五 00:41:55.800,1716482515800,NH-DC-NM224-J08-ROCE-ST-leaf-4.GPU.S9825,FourHundredGigE1/0/31,0,0,0,0,0,0
2024/05/24 星期五 00:41:56.318,1716482516318,NH-DC-NM224-J08-ROCE-ST-leaf-4.GPU.S9825,FourHundredGigE1/0/31,1058,0,1521,448287,0,0
2024/05/24 星期五 00:41:56.817,1716482516817,NH-DC-NM224-J08-ROCE-ST-leaf-4.GPU.S9825,FourHundredGigE1/0/31,0,419513,0,0,0,0
2024/05/24 星期五 00:41:57.754,1716482517754,NH-DC-NM224-J08-ROCE-ST-leaf-4.GPU.S9825,FourHundredGigE1/0/31,2460,789372,2104,769503,0,0
2024/05/24 星期五 00:41:58.255,1716482518255,NH-DC-NM224-J08-ROCE-ST-leaf-4.GPU.S9825,FourHundredGigE1/0/31,0,0,0,0,0,0
2024/05/24 星期五 00:41:58.758,1716482518758,NH-DC-NM224-J08-ROCE-ST-leaf-4.GPU.S9825,FourHundredGigE1/0/31,1610,580612,1857,594866,0,0
2024/05/24 星期五 00:41:59.764,1716482519764,NH-DC-NM224-J08-ROCE-ST-leaf-4.GPU.S9825,FourHundredGigE1/0/31,1392,509664,1659,524034,0,0
2024/05/24 星期五 00:42:00.265,1716482520265,NH-DC-NM224-J08-ROCE-ST-leaf-4.GPU.S9825,FourHundredGigE1/0/31,0,0,0,0,0,0
2024/05/24 星期五 00:42:00.766,1716482520766,NH-DC-NM224-J08-ROCE-ST-leaf-4.GPU.S9825,FourHundredGigE1/0/31,1747,606226,1838,611583,0,0
2024/05/24 星期五 00:42:01.267,1716482521267,NH-DC-NM224-J08-ROCE-ST-leaf-4.GPU.S9825,FourHundredGigE1/0/31,2924,928005,2417,904489,0,0
2024/05/24 星期五 00:42:01.770,1716482521770,NH-DC-NM224-J08-ROCE-ST-leaf-4.GPU.S9825,FourHundredGigE1/0/31,0,0,0,0,0,0
2024/05/24 星期五 00:42:02.273,1716482522273,NH-DC-NM224-J08-ROCE-ST-leaf-4.GPU.S9825,FourHundredGigE1/0/31,0,0,0,0,0,0
2024/05/24 星期五 00:42:02.777,1716482522777,NH-DC-NM224-J08-ROCE-ST-leaf-4.GPU.S9825,FourHundredGigE1/0/31,4448,1373740,3355,1312532,0,0
2024/05/24 星期五 00:42:03.278,1716482523278,NH-DC-NM224-J08-ROCE-ST-leaf-4.GPU.S9825,FourHundredGigE1/0/31,0,0,0,0,0,0
2024/05/24 星期五 00:42:03.779,1716482523779,NH-DC-NM224-J08-ROCE-ST-leaf-4.GPU.S9825,FourHundredGigE1/0/31,1729,624936,1993,640175,0,0
2024/05/24 星期五 00:42:04.282,1716482524282,NH-DC-NM224-J08-ROCE-ST-leaf-4.GPU.S9825,FourHundredGigE1/0/31,1803,621594,1857,624036,0,0
2024/05/24 星期五 00:42:04.795,1716482524795,NH-DC-NM224-J08-ROCE-ST-leaf-4.GPU.S9825,FourHundredGigE1/0/31,0,0,0,0,0,0
2024/05/24 星期五 00:42:05.297,1716482525297,NH-DC-NM224-J08-ROCE-ST-leaf-4.GPU.S9825,FourHundredGigE1/0/31,2719,866110,2275,841448,0,0
2024/05/24 星期五 00:42:05.803,1716482525803,NH-DC-NM224-J08-ROCE-ST-leaf-4.GPU.S9825,FourHundredGigE1/0/31,0,0,0,0,0,0
2024/05/24 星期五 00:42:06.314,1716482526314,NH-DC-NM224-J08-ROCE-ST-leaf-4.GPU.S9825,FourHundredGigE1/0/31,2063,683920,1932,677017,0,0
2024/05/24 星期五 00:42:06.827,1716482526827,NH-DC-NM224-J08-ROCE-ST-leaf-4.GPU.S9825,FourHundredGigE1/0/31,0,0,0,0,0,0
2024/05/24 星期五 00:42:07.330,1716482527330,NH-DC-NM224-J08-ROCE-ST-leaf-4.GPU.S9825,FourHundredGigE1/0/31,1113,449388,1639,478911,0,0
2024/05/24 星期五 00:42:07.829,1716482527829,NH-DC-NM224-J08-ROCE-ST-leaf-4.GPU.S9825,FourHundredGigE1/0/31,0,0,0,0,0,0
2024/05/24 星期五 00:42:08.437,1716482528437,NH-DC-NM224-J08-ROCE-ST-leaf-4.GPU.S9825,FourHundredGigE1/0/31,904,378132,1444,408786,0,0
2024/05/24 星期五 00:42:08.937,1716482528937,NH-DC-NM224-J08-ROCE-ST-leaf-4.GPU.S9825,FourHundredGigE1/0/31,0,0,0,0,0,0
2024/05/24 星期五 00:42:09.440,1716482529440,NH-DC-NM224-J08-ROCE-ST-leaf-4.GPU.S9825,FourHundredGigE1/0/31,1350,494610,1614,508812,0,0
2024/05/24 星期五 00:42:09.942,1716482529942,NH-DC-NM224-J08-ROCE-ST-leaf-4.GPU.S9825,FourHundredGigE1/0/31,0,0,0,0,0,0
2024/05/24 星期五 00:42:10.808,1716482530808,NH-DC-NM224-J08-ROCE-ST-leaf-4.GPU.S9825,FourHundredGigE1/0/31,2648,856848,2308,838069,0,0
2024/05/24 星期五 00:42:11.309,1716482531309,NH-DC-NM224-J08-ROCE-ST-leaf-4.GPU.S9825,FourHundredGigE1/0/31,1593,569124,1795,580503,0,0
2024/05/24 星期五 00:42:11.809,1716482531809,NH-DC-NM224-J08-ROCE-ST-leaf-4.GPU.S9825,FourHundredGigE1/0/31,0,0,0,0,0,0
2024/05/24 星期五 00:42:12.312,1716482532312,NH-DC-NM224-J08-ROCE-ST-leaf-4.GPU.S9825,FourHundredGigE1/0/31,0,0,0,0,0,0
2024/05/24 星期五 00:42:12.973,1716482532973,NH-DC-NM224-J08-ROCE-ST-leaf-4.GPU.S9825,FourHundredGigE1/0/31,2269,738818,2021,724930,0,0
2024/05/24 星期五 00:42:13.474,1716482533474,NH-DC-NM224-J08-ROCE-ST-leaf-4.GPU.S9825,FourHundredGigE1/0/31,1411,514710,1678,530117,0,0
2024/05/24 星期五 00:42:13.974,1716482533974,NH-DC-NM224-J08-ROCE-ST-leaf-4.GPU.S9825,FourHundredGigE1/0/31,0,0,0,0,0,0
2024/05/24 星期五 00:42:14.473,1716482534473,NH-DC-NM224-J08-ROCE-ST-leaf-4.GPU.S9825,FourHundredGigE1/0/31,1896,637752,1839,633978,0,0
2024/05/24 星期五 00:42:14.982,1716482534982,NH-DC-NM224-J08-ROCE-ST-leaf-4.GPU.S9825,FourHundredGigE1/0/31,0,0,0,0,0,0
2024/05/24 星期五 00:42:15.499,1716482535499,NH-DC-NM224-J08-ROCE-ST-leaf-4.GPU.S9825,FourHundredGigE1/0/31,0,0,0,0,0,0
2024/05/24 星期五 00:42:16.008,1716482536008,NH-DC-NM224-J08-ROCE-ST-leaf-4.GPU.S9825,FourHundredGigE1/0/31,3367,1099562,2994,1080495,0,0
2024/05/24 星期五 00:42:16.510,1716482536510,NH-DC-NM224-J08-ROCE-ST-leaf-4.GPU.S9825,FourHundredGigE1/0/31,0,0,0,0,0,0
2024/05/24 星期五 00:42:17.012,1716482537012,NH-DC-NM224-J08-ROCE-ST-leaf-4.GPU.S9825,FourHundredGigE1/0/31,1445,549928,1903,569174,0,0
2024/05/24 星期五 00:42:17.514,1716482537514,NH-DC-NM224-J08-ROCE-ST-leaf-4.GPU.S9825,FourHundredGigE1/0/31,0,0,0,0,0,0
2024/05/24 星期五 00:42:18.013,1716482538013,NH-DC-NM224-J08-ROCE-ST-leaf-4.GPU.S9825,FourHundredGigE1/0/31,1267,485630,1681,509489,0,0
2024/05/24 星期五 00:42:18.514,1716482538514,NH-DC-NM224-J08-ROCE-ST-leaf-4.GPU.S9825,FourHundredGigE1/0/31,0,0,0,0,0,0
2024/05/24 星期五 00:42:19.014,1716482539014,NH-DC-NM224-J08-ROCE-ST-leaf-4.GPU.S9825,FourHundredGigE1/0/31,0,0,0,0,0,0
2024/05/24 星期五 00:42:19.513,1716482539513,NH-DC-NM224-J08-ROCE-ST-leaf-4.GPU.S9825,FourHundredGigE1/0/31,2747,928252,2698,929582,0,0
2024/05/24 星期五 00:42:20.017,1716482540017,NH-DC-NM224-J08-ROCE-ST-leaf-4.GPU.S9825,FourHundredGigE1/0/31,0,0,0,0,0,0
2024/05/24 星期五 00:42:20.529,1716482540529,NH-DC-NM224-J08-ROCE-ST-leaf-4.GPU.S9825,FourHundredGigE1/0/31,1303,501208,1733,525549,0,0
2024/05/24 星期五 00:42:21.030,1716482541030,NH-DC-NM224-J08-ROCE-ST-leaf-4.GPU.S9825,FourHundredGigE1/0/31,0,0,0,0,0,0
2024/05/24 星期五 00:42:21.536,1716482541536,NH-DC-NM224-J08-ROCE-ST-leaf-4.GPU.S9825,FourHundredGigE1/0/31,3493,1103888,2829,1066771,0,0
2024/05/24 星期五 00:42:22.039,1716482542039,NH-DC-NM224-J08-ROCE-ST-leaf-4.GPU.S9825,FourHundredGigE1/0/31,0,0,0,0,0,0
2024/05/24 星期五 00:42:22.542,1716482542542,NH-DC-NM224-J08-ROCE-ST-leaf-4.GPU.S9825,FourHundredGigE1/0/31,1486,511448,1547,514864,0,0
2024/05/24 星期五 00:42:23.041,1716482543041,NH-DC-NM224-J08-ROCE-ST-leaf-4.GPU.S9825,FourHundredGigE1/0/31,0,0,0,0,0,0
2024/05/24 星期五 00:42:23.542,1716482543542,NH-DC-NM224-J08-ROCE-ST-leaf-4.GPU.S9825,FourHundredGigE1/0/31,1856,629858,1851,630033,0,0
2024/05/24 星期五 00:42:24.042,1716482544042,NH-DC-NM224-J08-ROCE-ST-leaf-4.GPU.S9825,FourHundredGigE1/0/31,0,0,0,0,0,0
2024/05/24 星期五 00:42:24.546,1716482544546,NH-DC-NM224-J08-ROCE-ST-leaf-4.GPU.S9825,FourHundredGigE1/0/31,967,378992,1352,399970,0,0
2024/05/24 星期五 00:42:25.046,1716482545046,NH-DC-NM224-J08-ROCE-ST-leaf-4.GPU.S9825,FourHundredGigE1/0/31,0,0,0,0,0,0
2024/05/24 星期五 00:42:25.549,1716482545549,NH-DC-NM224-J08-ROCE-ST-leaf-4.GPU.S9825,FourHundredGigE1/0/31,0,0,0,0,0,0
2024/05/24 星期五 00:42:26.051,1716482546051,NH-DC-NM224-J08-ROCE-ST-leaf-4.GPU.S9825,FourHundredGigE1/0/31,2892,966130,2747,960801,0,0
2024/05/24 星期五 00:42:26.593,1716482546593,NH-DC-NM224-J08-ROCE-ST-leaf-4.GPU.S9825,FourHundredGigE1/0/31,0,0,0,0,0,0
2024/05/24 星期五 00:42:27.095,1716482547095,NH-DC-NM224-J08-ROCE-ST-leaf-4.GPU.S9825,FourHundredGigE1/0/31,2689,881474,2417,866242,0,0
2024/05/24 星期五 00:42:27.597,1716482547597,NH-DC-NM224-J08-ROCE-ST-leaf-4.GPU.S9825,FourHundredGigE1/0/31,0,0,0,0,0,0
2024/05/24 星期五 00:42:28.099,1716482548099,NH-DC-NM224-J08-ROCE-ST-leaf-4.GPU.S9825,FourHundredGigE1/0/31,2372,776116,2160,756771,0,0
2024/05/24 星期五 00:42:28.601,1716482548601,NH-DC-NM224-J08-ROCE-ST-leaf-4.GPU.S9825,FourHundredGigE1/0/31,3481,1090522,2755,1050060,0,0
2024/05/24 星期五 00:42:29.102,1716482549102,NH-DC-NM224-J08-ROCE-ST-leaf-4.GPU.S9825,FourHundredGigE1/0/31,0,0,0,0,0,0
2024/05/24 星期五 00:42:29.602,1716482549602,NH-DC-NM224-J08-ROCE-ST-leaf-4.GPU.S9825,FourHundredGigE1/0/31,743,282262,952,298622,0,0
2024/05/24 星期五 00:42:30.102,1716482550102,NH-DC-NM224-J08-ROCE-ST-leaf-4.GPU.S9825,FourHundredGigE1/0/31,0,0,0,0,0,0
2024/05/24 星期五 00:42:30.602,1716482550602,NH-DC-NM224-J08-ROCE-ST-leaf-4.GPU.S9825,FourHundredGigE1/0/31,1687,592354,1826,600399,0,0
2024/05/24 星期五 00:42:31.106,1716482551106,NH-DC-NM224-J08-ROCE-ST-leaf-4.GPU.S9825,FourHundredGigE1/0/31,0,0,0,0,0,0
2024/05/24 星期五 00:42:31.607,1716482551607,NH-DC-NM224-J08-ROCE-ST-leaf-4.GPU.S9825,FourHundredGigE1/0/31,1929,681672,2101,691371,0,0
2024/05/24 星期五 00:42:32.105,1716482552105,NH-DC-NM224-J08-ROCE-ST-leaf-4.GPU.S9825,FourHundredGigE1/0/31,0,0,0,0,0,0
2024/05/24 星期五 00:42:32.607,1716482552607,NH-DC-NM224-J08-ROCE-ST-leaf-4.GPU.S9825,FourHundredGigE1/0/31,2509,831098,2321,820570,0,0
2024/05/24 星期五 00:42:33.107,1716482553107,NH-DC-NM224-J08-ROCE-ST-leaf-4.GPU.S9825,FourHundredGigE1/0/31,0,0,0,0,0,0
2024/05/24 星期五 00:42:33.606,1716482553606,NH-DC-NM224-J08-ROCE-ST-leaf-4.GPU.S9825,FourHundredGigE1/0/31,2604,861830,2403,850835,0,0
2024/05/24 星期五 00:42:34.109,1716482554109,NH-DC-NM224-J08-ROCE-ST-leaf-4.GPU.S9825,FourHundredGigE1/0/31,0,0,0,0,0,0
2024/05/24 星期五 00:42:34.612,1716482554612,NH-DC-NM224-J08-ROCE-ST-leaf-4.GPU.S9825,FourHundredGigE1/0/31,1874,639156,1881,639160,0,0
2024/05/24 星期五 00:42:35.114,1716482555114,NH-DC-NM224-J08-ROCE-ST-leaf-4.GPU.S9825,FourHundredGigE1/0/31,0,0,0,0,0,0
2024/05/24 星期五 00:42:35.621,1716482555621,NH-DC-NM224-J08-ROCE-ST-leaf-4.GPU.S9825,FourHundredGigE1/0/31,1050,413569,1490,442314,0,0
2024/05/24 星期五 00:42:36.124,1716482556124,NH-DC-NM224-J08-ROCE-ST-leaf-4.GPU.S9825,FourHundredGigE1/0/31,0,0,0,0,0,0
2024/05/24 星期五 00:42:36.625,1716482556625,NH-DC-NM224-J08-ROCE-ST-leaf-4.GPU.S9825,FourHundredGigE1/0/31,1185,435900,1448,451061,0,0
2024/05/24 星期五 00:42:37.127,1716482557127,NH-DC-NM224-J08-ROCE-ST-leaf-4.GPU.S9825,FourHundredGigE1/0/31,0,0,0,0,0,0
2024/05/24 星期五 00:42:37.636,1716482557636,NH-DC-NM224-J08-ROCE-ST-leaf-4.GPU.S9825,FourHundredGigE1/0/31,2109,699198,1972,691593,0,0
2024/05/24 星期五 00:42:38.152,1716482558152,NH-DC-NM224-J08-ROCE-ST-leaf-4.GPU.S9825,FourHundredGigE1/0/31,0,0,0,0,0,0
2024/05/24 星期五 00:42:38.668,1716482558668,NH-DC-NM224-J08-ROCE-ST-leaf-4.GPU.S9825,FourHundredGigE1/0/31,2559,855368,2421,847860,0,0
2024/05/24 星期五 00:42:39.174,1716482559174,NH-DC-NM224-J08-ROCE-ST-leaf-4.GPU.S9825,FourHundredGigE1/0/31,0,0,0,0,0,0
2024/05/24 星期五 00:42:39.677,1716482559677,NH-DC-NM224-J08-ROCE-ST-leaf-4.GPU.S9825,FourHundredGigE1/0/31,1425,511520,1628,522500,0,0
2024/05/24 星期五 00:42:40.177,1716482560177,NH-DC-NM224-J08-ROCE-ST-leaf-4.GPU.S9825,FourHundredGigE1/0/31,0,0,0,0,0,0
2024/05/24 星期五 00:42:40.679,1716482560679,NH-DC-NM224-J08-ROCE-ST-leaf-4.GPU.S9825,FourHundredGigE1/0/31,1306,502765,1743,532142,0,0
2024/05/24 星期五 00:42:41.396,1716482561396,NH-DC-NM224-J08-ROCE-ST-leaf-4.GPU.S9825,FourHundredGigE1/0/31,1871,664854,2068,676147,0,0
2024/05/24 星期五 00:42:41.901,1716482561901,NH-DC-NM224-J08-ROCE-ST-leaf-4.GPU.S9825,FourHundredGigE1/0/31,0,0,0,0,0,0
2024/05/24 星期五 00:42:42.411,1716482562411,NH-DC-NM224-J08-ROCE-ST-leaf-4.GPU.S9825,FourHundredGigE1/0/31,2555,858640,2446,852536,0,0
2024/05/24 星期五 00:42:42.912,1716482562912,NH-DC-NM224-J08-ROCE-ST-leaf-4.GPU.S9825,FourHundredGigE1/0/31,0,0,0,0,0,0
2024/05/24 星期五 00:42:43.414,1716482563414,NH-DC-NM224-J08-ROCE-ST-leaf-4.GPU.S9825,FourHundredGigE1/0/31,2695,876124,2375,858465,0,0
2024/05/24 星期五 00:42:43.914,1716482563914,NH-DC-NM224-J08-ROCE-ST-leaf-4.GPU.S9825,FourHundredGigE1/0/31,0,0,0,0,0,0
2024/05/24 星期五 00:42:44.418,1716482564418,NH-DC-NM224-J08-ROCE-ST-leaf-4.GPU.S9825,FourHundredGigE1/0/31,1890,622094,1742,613418,0,0
2024/05/24 星期五 00:42:44.917,1716482564917,NH-DC-NM224-J08-ROCE-ST-leaf-4.GPU.S9825,FourHundredGigE1/0/31,0,0,0,0,0,0
2024/05/24 星期五 00:42:45.419,1716482565419,NH-DC-NM224-J08-ROCE-ST-leaf-4.GPU.S9825,FourHundredGigE1/0/31,0,0,0,0,0,0
2024/05/24 星期五 00:42:46.407,1716482566407,NH-DC-NM224-J08-ROCE-ST-leaf-4.GPU.S9825,FourHundredGigE1/0/31,2341,779346,2230,775921,0,0
2024/05/24 星期五 00:42:46.911,1716482566911,NH-DC-NM224-J08-ROCE-ST-leaf-4.GPU.S9825,FourHundredGigE1/0/31,1626,607766,2039,623522,0,0
2024/05/24 星期五 00:42:47.411,1716482567411,NH-DC-NM224-J08-ROCE-ST-leaf-4.GPU.S9825,FourHundredGigE1/0/31,0,0,0,0,0,0
2024/05/24 星期五 00:42:47.913,1716482567913,NH-DC-NM224-J08-ROCE-ST-leaf-4.GPU.S9825,FourHundredGigE1/0/31,0,0,0,0,0,0
2024/05/24 星期五 00:42:48.416,1716482568416,NH-DC-NM224-J08-ROCE-ST-leaf-4.GPU.S9825,FourHundredGigE1/0/31,3347,1083998,2923,1063063,0,0
2024/05/24 星期五 00:42:48.920,1716482568920,NH-DC-NM224-J08-ROCE-ST-leaf-4.GPU.S9825,FourHundredGigE1/0/31,0,0,0,0,0,0
2024/05/24 星期五 00:42:49.425,1716482569425,NH-DC-NM224-J08-ROCE-ST-leaf-4.GPU.S9825,FourHundredGigE1/0/31,2533,868000,2560,871452,0,0
2024/05/24 星期五 00:42:49.928,1716482569928,NH-DC-NM224-J08-ROCE-ST-leaf-4.GPU.S9825,FourHundredGigE1/0/31,0,0,0,0,0,0
2024/05/24 星期五 00:42:50.429,1716482570429,NH-DC-NM224-J08-ROCE-ST-leaf-4.GPU.S9825,FourHundredGigE1/0/31,1748,587071,1727,595943,0,0
2024/05/24 星期五 00:42:50.931,1716482570931,NH-DC-NM224-J08-ROCE-ST-leaf-4.GPU.S9825,FourHundredGigE1/0/31,0,0,0,0,0,0
2024/05/24 星期五 00:42:51.440,1716482571440,NH-DC-NM224-J08-ROCE-ST-leaf-4.GPU.S9825,FourHundredGigE1/0/31,0,0,0,0,0,0
2024/05/24 星期五 00:42:51.941,1716482571941,NH-DC-NM224-J08-ROCE-ST-leaf-4.GPU.S9825,FourHundredGigE1/0/31,2396,829438,2528,834949,0,0
2024/05/24 星期五 00:42:52.442,1716482572442,NH-DC-NM224-J08-ROCE-ST-leaf-4.GPU.S9825,FourHundredGigE1/0/31,0,0,0,0,0,0
2024/05/24 星期五 00:42:52.945,1716482572945,NH-DC-NM224-J08-ROCE-ST-leaf-4.GPU.S9825,FourHundredGigE1/0/31,712,321884,1337,358630,0,0
2024/05/24 星期五 00:42:53.447,1716482573447,NH-DC-NM224-J08-ROCE-ST-leaf-4.GPU.S9825,FourHundredGigE1/0/31,0,0,0,0,0,0
2024/05/24 星期五 00:42:53.946,1716482573946,NH-DC-NM224-J08-ROCE-ST-leaf-4.GPU.S9825,FourHundredGigE1/0/31,0,0,0,0,0,0
2024/05/24 星期五 00:42:54.450,1716482574450,NH-DC-NM224-J08-ROCE-ST-leaf-4.GPU.S9825,FourHundredGigE1/0/31,2972,1013267,2967,1018433,0,0
2024/05/24 星期五 00:42:54.949,1716482574949,NH-DC-NM224-J08-ROCE-ST-leaf-4.GPU.S9825,FourHundredGigE1/0/31,0,0,0,0,0,0
2024/05/24 星期五 00:42:55.449,1716482575449,NH-DC-NM224-J08-ROCE-ST-leaf-4.GPU.S9825,FourHundredGigE1/0/31,0,0,0,0,0,0
2024/05/24 星期五 00:42:55.950,1716482575950,NH-DC-NM224-J08-ROCE-ST-leaf-4.GPU.S9825,FourHundredGigE1/0/31,1720,622914,2025,641589,0,0
2024/05/24 星期五 00:42:56.449,1716482576449,NH-DC-NM224-J08-ROCE-ST-leaf-4.GPU.S9825,FourHundredGigE1/0/31,0,0,0,0,0,0
2024/05/24 星期五 00:42:57.434,1716482577434,NH-DC-NM224-J08-ROCE-ST-leaf-4.GPU.S9825,FourHundredGigE1/0/31,3240,1134855,3521,1156129,0,0
2024/05/24 星期五 00:42:57.959,1716482577959,NH-DC-NM224-J08-ROCE-ST-leaf-4.GPU.S9825,FourHundredGigE1/0/31,0,0,0,0,0,0
2024/05/24 星期五 00:42:58.462,1716482578462,NH-DC-NM224-J08-ROCE-ST-leaf-4.GPU.S9825,FourHundredGigE1/0/31,0,0,0,0,0,0
2024/05/24 星期五 00:42:58.962,1716482578962,NH-DC-NM224-J08-ROCE-ST-leaf-4.GPU.S9825,FourHundredGigE1/0/31,2533,822814,2233,806208,0,0
2024/05/24 星期五 00:42:59.465,1716482579465,NH-DC-NM224-J08-ROCE-ST-leaf-4.GPU.S9825,FourHundredGigE1/0/31,1462,502124,1493,501532,0,0
2024/05/24 星期五 00:42:59.968,1716482579968,NH-DC-NM224-J08-ROCE-ST-leaf-4.GPU.S9825,FourHundredGigE1/0/31,0,0,0,0,0,0
2024/05/24 星期五 00:43:00.472,1716482580472,NH-DC-NM224-J08-ROCE-ST-leaf-4.GPU.S9825,FourHundredGigE1/0/31,2544,852768,2422,846003,0,0
2024/05/24 星期五 00:43:00.974,1716482580974,NH-DC-NM224-J08-ROCE-ST-leaf-4.GPU.S9825,FourHundredGigE1/0/31,0,0,0,0,0,0
2024/05/24 星期五 00:43:01.475,1716482581475,NH-DC-NM224-J08-ROCE-ST-leaf-4.GPU.S9825,FourHundredGigE1/0/31,0,0,0,0,0,0
2024/05/24 星期五 00:43:01.978,1716482581978,NH-DC-NM224-J08-ROCE-ST-leaf-4.GPU.S9825,FourHundredGigE1/0/31,3050,1031129,3010,1029885,0,0
2024/05/24 星期五 00:43:02.476,1716482582476,NH-DC-NM224-J08-ROCE-ST-leaf-4.GPU.S9825,FourHundredGigE1/0/31,0,0,0,0,0,0
2024/05/24 星期五 00:43:02.977,1716482582977,NH-DC-NM224-J08-ROCE-ST-leaf-4.GPU.S9825,FourHundredGigE1/0/31,1858,666794,2108,681958,0,0
2024/05/24 星期五 00:43:03.478,1716482583478,NH-DC-NM224-J08-ROCE-ST-leaf-4.GPU.S9825,FourHundredGigE1/0/31,0,0,0,0,0,0
2024/05/24 星期五 00:43:03.987,1716482583987,NH-DC-NM224-J08-ROCE-ST-leaf-4.GPU.S9825,FourHundredGigE1/0/31,0,0,0,0,0,0
2024/05/24 星期五 00:43:04.491,1716482584491,NH-DC-NM224-J08-ROCE-ST-leaf-4.GPU.S9825,FourHundredGigE1/0/31,2417,801968,2277,796911,0,0
2024/05/24 星期五 00:43:04.990,1716482584990,NH-DC-NM224-J08-ROCE-ST-leaf-4.GPU.S9825,FourHundredGigE1/0/31,0,0,0,0,0,0
2024/05/24 星期五 00:43:05.494,1716482585494,NH-DC-NM224-J08-ROCE-ST-leaf-4.GPU.S9825,FourHundredGigE1/0/31,0,0,0,0,0,0
2024/05/24 星期五 00:43:05.990,1716482585990,NH-DC-NM224-J08-ROCE-ST-leaf-4.GPU.S9825,FourHundredGigE1/0/31,2538,867458,2559,871231,0,0
2024/05/24 星期五 00:43:06.491,1716482586491,NH-DC-NM224-J08-ROCE-ST-leaf-4.GPU.S9825,FourHundredGigE1/0/31,0,0,0,0,0,0
2024/05/24 星期五 00:43:06.986,1716482586986,NH-DC-NM224-J08-ROCE-ST-leaf-4.GPU.S9825,FourHundredGigE1/0/31,1870,665236,2072,677108,0,0
2024/05/24 星期五 00:43:07.495,1716482587495,NH-DC-NM224-J08-ROCE-ST-leaf-4.GPU.S9825,FourHundredGigE1/0/31,0,0,0,0,0,0
2024/05/24 星期五 00:43:07.998,1716482587998,NH-DC-NM224-J08-ROCE-ST-leaf-4.GPU.S9825,FourHundredGigE1/0/31,0,0,0,0,0,0
2024/05/24 星期五 00:43:08.499,1716482588499,NH-DC-NM224-J08-ROCE-ST-leaf-4.GPU.S9825,FourHundredGigE1/0/31,2848,948308,2710,936017,0,0
2024/05/24 星期五 00:43:09.002,1716482589002,NH-DC-NM224-J08-ROCE-ST-leaf-4.GPU.S9825,FourHundredGigE1/0/31,0,0,0,0,0,0
2024/05/24 星期五 00:43:09.502,1716482589502,NH-DC-NM224-J08-ROCE-ST-leaf-4.GPU.S9825,FourHundredGigE1/0/31,1122,476690,1832,518390,0,0
2024/05/24 星期五 00:43:10.001,1716482590001,NH-DC-NM224-J08-ROCE-ST-leaf-4.GPU.S9825,FourHundredGigE1/0/31,0,0,0,0,0,0
2024/05/24 星期五 00:43:10.501,1716482590501,NH-DC-NM224-J08-ROCE-ST-leaf-4.GPU.S9825,FourHundredGigE1/0/31,1817,649366,2041,661731,0,0
2024/05/24 星期五 00:43:11.002,1716482591002,NH-DC-NM224-J08-ROCE-ST-leaf-4.GPU.S9825,FourHundredGigE1/0/31,0,0,0,0,0,0
2024/05/24 星期五 00:43:11.523,1716482591523,NH-DC-NM224-J08-ROCE-ST-leaf-4.GPU.S9825,FourHundredGigE1/0/31,0,0,0,0,0,0
2024/05/24 星期五 00:43:12.024,1716482592024,NH-DC-NM224-J08-ROCE-ST-leaf-4.GPU.S9825,FourHundredGigE1/0/31,2561,863948,2560,858631,0,0
2024/05/24 星期五 00:43:12.525,1716482592525,NH-DC-NM224-J08-ROCE-ST-leaf-4.GPU.S9825,FourHundredGigE1/0/31,0,0,0,0,0,0
2024/05/24 星期五 00:43:13.488,1716482593488,NH-DC-NM224-J08-ROCE-ST-leaf-4.GPU.S9825,FourHundredGigE1/0/31,3667,1155728,2954,1116964,0,0
2024/05/24 星期五 00:43:13.990,1716482593990,NH-DC-NM224-J08-ROCE-ST-leaf-4.GPU.S9825,FourHundredGigE1/0/31,0,0,0,0,0,0
2024/05/24 星期五 00:43:14.490,1716482594490,NH-DC-NM224-J08-ROCE-ST-leaf-4.GPU.S9825,FourHundredGigE1/0/31,4118,1302374,3351,1262205,0,0
2024/05/24 星期五 00:43:14.989,1716482594989,NH-DC-NM224-J08-ROCE-ST-leaf-4.GPU.S9825,FourHundredGigE1/0/31,0,0,0,0,0,0
2024/05/24 星期五 00:43:15.501,1716482595501,NH-DC-NM224-J08-ROCE-ST-leaf-4.GPU.S9825,FourHundredGigE1/0/31,1927,652682,1907,651570,0,0
2024/05/24 星期五 00:43:16.002,1716482596002,NH-DC-NM224-J08-ROCE-ST-leaf-4.GPU.S9825,FourHundredGigE1/0/31,0,0,0,0,0,0
2024/05/24 星期五 00:43:16.502,1716482596502,NH-DC-NM224-J08-ROCE-ST-leaf-4.GPU.S9825,FourHundredGigE1/0/31,2921,913746,2320,880351,0,0
2024/05/24 星期五 00:43:17.005,1716482597005,NH-DC-NM224-J08-ROCE-ST-leaf-4.GPU.S9825,FourHundredGigE1/0/31,0,0,0,0,0,0
2024/05/24 星期五 00:43:17.506,1716482597506,NH-DC-NM224-J08-ROCE-ST-leaf-4.GPU.S9825,FourHundredGigE1/0/31,1526,570628,1898,591527,0,0
2024/05/24 星期五 00:43:18.013,1716482598013,NH-DC-NM224-J08-ROCE-ST-leaf-4.GPU.S9825,FourHundredGigE1/0/31,0,0,0,0,0,0
2024/05/24 星期五 00:43:18.514,1716482598514,NH-DC-NM224-J08-ROCE-ST-leaf-4.GPU.S9825,FourHundredGigE1/0/31,1857,660120,2053,671122,0,0
2024/05/24 星期五 00:43:19.015,1716482599015,NH-DC-NM224-J08-ROCE-ST-leaf-4.GPU.S9825,FourHundredGigE1/0/31,0,0,0,0,0,0
2024/05/24 星期五 00:43:19.518,1716482599518,NH-DC-NM224-J08-ROCE-ST-leaf-4.GPU.S9825,FourHundredGigE1/0/31,1119,408982,1351,421780,0,0
2024/05/24 星期五 00:43:20.018,1716482600018,NH-DC-NM224-J08-ROCE-ST-leaf-4.GPU.S9825,FourHundredGigE1/0/31,0,0,0,0,0,0
2024/05/24 星期五 00:43:20.517,1716482600517,NH-DC-NM224-J08-ROCE-ST-leaf-4.GPU.S9825,FourHundredGigE1/0/31,1427,523036,1709,538895,0,0
2024/05/24 星期五 00:43:21.020,1716482601020,NH-DC-NM224-J08-ROCE-ST-leaf-4.GPU.S9825,FourHundredGigE1/0/31,0,0,0,0,0,0
2024/05/24 星期五 00:43:21.521,1716482601521,NH-DC-NM224-J08-ROCE-ST-leaf-4.GPU.S9825,FourHundredGigE1/0/31,2308,763348,2138,754089,0,0
2024/05/24 星期五 00:43:22.029,1716482602029,NH-DC-NM224-J08-ROCE-ST-leaf-4.GPU.S9825,FourHundredGigE1/0/31,0,0,0,0,0,0
2024/05/24 星期五 00:43:22.534,1716482602534,NH-DC-NM224-J08-ROCE-ST-leaf-4.GPU.S9825,FourHundredGigE1/0/31,2531,834958,2317,822974,0,0
2024/05/24 星期五 00:43:23.034,1716482603034,NH-DC-NM224-J08-ROCE-ST-leaf-4.GPU.S9825,FourHundredGigE1/0/31,0,0,0,0,0,0
2024/05/24 星期五 00:43:23.538,1716482603538,NH-DC-NM224-J08-ROCE-ST-leaf-4.GPU.S9825,FourHundredGigE1/0/31,2254,739730,2049,728317,0,0
2024/05/24 星期五 00:43:24.037,1716482604037,NH-DC-NM224-J08-ROCE-ST-leaf-4.GPU.S9825,FourHundredGigE1/0/31,0,0,0,0,0,0
2024/05/24 星期五 00:43:24.538,1716482604538,NH-DC-NM224-J08-ROCE-ST-leaf-4.GPU.S9825,FourHundredGigE1/0/31,1882,636108,1851,634178,0,0
2024/05/24 星期五 00:43:25.046,1716482605046,NH-DC-NM224-J08-ROCE-ST-leaf-4.GPU.S9825,FourHundredGigE1/0/31,0,0,0,0,0,0
2024/05/24 星期五 00:43:25.546,1716482605546,NH-DC-NM224-J08-ROCE-ST-leaf-4.GPU.S9825,FourHundredGigE1/0/31,0,0,0,0,0,0
2024/05/24 星期五 00:43:26.046,1716482606046,NH-DC-NM224-J08-ROCE-ST-leaf-4.GPU.S9825,FourHundredGigE1/0/31,2094,737036,2280,750049,0,0
2024/05/24 星期五 00:43:26.570,1716482606570,NH-DC-NM224-J08-ROCE-ST-leaf-4.GPU.S9825,FourHundredGigE1/0/31,0,0,0,0,0,0
2024/05/24 星期五 00:43:27.075,1716482607075,NH-DC-NM224-J08-ROCE-ST-leaf-4.GPU.S9825,FourHundredGigE1/0/31,1687,583156,1762,587550,0,0
2024/05/24 星期五 00:43:27.578,1716482607578,NH-DC-NM224-J08-ROCE-ST-leaf-4.GPU.S9825,FourHundredGigE1/0/31,1974,679812,2027,682873,0,0
2024/05/24 星期五 00:43:28.079,1716482608079,NH-DC-NM224-J08-ROCE-ST-leaf-4.GPU.S9825,FourHundredGigE1/0/31,0,0,0,0,0,0
2024/05/24 星期五 00:43:28.582,1716482608582,NH-DC-NM224-J08-ROCE-ST-leaf-4.GPU.S9825,FourHundredGigE1/0/31,0,0,0,0,0,0
2024/05/24 星期五 00:43:29.085,1716482609085,NH-DC-NM224-J08-ROCE-ST-leaf-4.GPU.S9825,FourHundredGigE1/0/31,1769,605262,1824,600970,0,0
2024/05/24 星期五 00:43:29.602,1716482609602,NH-DC-NM224-J08-ROCE-ST-leaf-4.GPU.S9825,FourHundredGigE1/0/31,2065,648002,1628,628186,0,0
2024/05/24 星期五 00:43:30.103,1716482610103,NH-DC-NM224-J08-ROCE-ST-leaf-4.GPU.S9825,FourHundredGigE1/0/31,0,0,0,0,0,0
2024/05/24 星期五 00:43:30.605,1716482610605,NH-DC-NM224-J08-ROCE-ST-leaf-4.GPU.S9825,FourHundredGigE1/0/31,3407,1040380,2513,990383,0,0
2024/05/24 星期五 00:43:31.106,1716482611106,NH-DC-NM224-J08-ROCE-ST-leaf-4.GPU.S9825,FourHundredGigE1/0/31,0,0,0,0,0,0
2024/05/24 星期五 00:43:31.609,1716482611609,NH-DC-NM224-J08-ROCE-ST-leaf-4.GPU.S9825,FourHundredGigE1/0/31,2892,932270,2487,909851,0,0
2024/05/24 星期五 00:43:32.110,1716482612110,NH-DC-NM224-J08-ROCE-ST-leaf-4.GPU.S9825,FourHundredGigE1/0/31,0,0,0,0,0,0
2024/05/24 星期五 00:43:32.614,1716482612614,NH-DC-NM224-J08-ROCE-ST-leaf-4.GPU.S9825,FourHundredGigE1/0/31,1372,497180,1607,510340,0,0
2024/05/24 星期五 00:43:33.118,1716482613118,NH-DC-NM224-J08-ROCE-ST-leaf-4.GPU.S9825,FourHundredGigE1/0/31,0,0,0,0,0,0
2024/05/24 星期五 00:43:33.620,1716482613620,NH-DC-NM224-J08-ROCE-ST-leaf-4.GPU.S9825,FourHundredGigE1/0/31,2421,812592,2317,806835,0,0
2024/05/24 星期五 00:43:34.121,1716482614121,NH-DC-NM224-J08-ROCE-ST-leaf-4.GPU.S9825,FourHundredGigE1/0/31,0,0,0,0,0,0
2024/05/24 星期五 00:43:34.623,1716482614623,NH-DC-NM224-J08-ROCE-ST-leaf-4.GPU.S9825,FourHundredGigE1/0/31,1339,478680,1524,488846,0,0
2024/05/24 星期五 00:43:35.121,1716482615121,NH-DC-NM224-J08-ROCE-ST-leaf-4.GPU.S9825,FourHundredGigE1/0/31,0,0,0,0,0,0
2024/05/24 星期五 00:43:35.626,1716482615626,NH-DC-NM224-J08-ROCE-ST-leaf-4.GPU.S9825,FourHundredGigE1/0/31,1647,595392,1902,609680,0,0
2024/05/24 星期五 00:43:36.127,1716482616127,NH-DC-NM224-J08-ROCE-ST-leaf-4.GPU.S9825,FourHundredGigE1/0/31,0,0,0,0,0,0
2024/05/24 星期五 00:43:36.628,1716482616628,NH-DC-NM224-J08-ROCE-ST-leaf-4.GPU.S9825,FourHundredGigE1/0/31,892,367370,1384,395355,0,0
2024/05/24 星期五 00:43:37.129,1716482617129,NH-DC-NM224-J08-ROCE-ST-leaf-4.GPU.S9825,FourHundredGigE1/0/31,0,0,0,0,0,0
2024/05/24 星期五 00:43:37.631,1716482617631,NH-DC-NM224-J08-ROCE-ST-leaf-4.GPU.S9825,FourHundredGigE1/0/31,1578,549896,1686,556205,0,0
2024/05/24 星期五 00:43:38.141,1716482618141,NH-DC-NM224-J08-ROCE-ST-leaf-4.GPU.S9825,FourHundredGigE1/0/31,0,0,0,0,0,0
2024/05/24 星期五 00:43:38.641,1716482618641,NH-DC-NM224-J08-ROCE-ST-leaf-4.GPU.S9825,FourHundredGigE1/0/31,1628,553602,1642,554412,0,0
2024/05/24 星期五 00:43:39.157,1716482619157,NH-DC-NM224-J08-ROCE-ST-leaf-4.GPU.S9825,FourHundredGigE1/0/31,0,0,0,0,0,0
2024/05/24 星期五 00:43:39.659,1716482619659,NH-DC-NM224-J08-ROCE-ST-leaf-4.GPU.S9825,FourHundredGigE1/0/31,2134,675624,1773,655214,0,0
2024/05/24 星期五 00:43:40.161,1716482620161,NH-DC-NM224-J08-ROCE-ST-leaf-4.GPU.S9825,FourHundredGigE1/0/31,0,0,0,0,0,0
2024/05/24 星期五 00:43:40.663,1716482620663,NH-DC-NM224-J08-ROCE-ST-leaf-4.GPU.S9825,FourHundredGigE1/0/31,2007,648893,1774,640750,0,0
2024/05/24 星期五 00:43:41.166,1716482621166,NH-DC-NM224-J08-ROCE-ST-leaf-4.GPU.S9825,FourHundredGigE1/0/31,0,0,0,0,0,0
2024/05/24 星期五 00:43:41.665,1716482621665,NH-DC-NM224-J08-ROCE-ST-leaf-4.GPU.S9825,FourHundredGigE1/0/31,2223,736688,2073,728549,0,0
2024/05/24 星期五 00:43:42.166,1716482622166,NH-DC-NM224-J08-ROCE-ST-leaf-4.GPU.S9825,FourHundredGigE1/0/31,0,0,0,0,0,0
2024/05/24 星期五 00:43:42.742,1716482622742,NH-DC-NM224-J08-ROCE-ST-leaf-4.GPU.S9825,FourHundredGigE1/0/31,1167,425694,1401,438798,0,0
2024/05/24 星期五 00:43:43.261,1716482623261,NH-DC-NM224-J08-ROCE-ST-leaf-4.GPU.S9825,FourHundredGigE1/0/31,0,0,0,0,0,0
2024/05/24 星期五 00:43:43.762,1716482623762,NH-DC-NM224-J08-ROCE-ST-leaf-4.GPU.S9825,FourHundredGigE1/0/31,1863,645182,1956,651815,0,0
2024/05/24 星期五 00:43:44.265,1716482624265,NH-DC-NM224-J08-ROCE-ST-leaf-4.GPU.S9825,FourHundredGigE1/0/31,0,0,0,0,0,0
2024/05/24 星期五 00:43:44.767,1716482624767,NH-DC-NM224-J08-ROCE-ST-leaf-4.GPU.S9825,FourHundredGigE1/0/31,1271,449850,1407,455914,0,0
2024/05/24 星期五 00:43:45.270,1716482625270,NH-DC-NM224-J08-ROCE-ST-leaf-4.GPU.S9825,FourHundredGigE1/0/31,0,0,0,0,0,0
2024/05/24 星期五 00:43:45.769,1716482625769,NH-DC-NM224-J08-ROCE-ST-leaf-4.GPU.S9825,FourHundredGigE1/0/31,2631,861612,2364,846668,0,0
2024/05/24 星期五 00:43:46.272,1716482626272,NH-DC-NM224-J08-ROCE-ST-leaf-4.GPU.S9825,FourHundredGigE1/0/31,0,0,0,0,0,0
2024/05/24 星期五 00:43:46.775,1716482626775,NH-DC-NM224-J08-ROCE-ST-leaf-4.GPU.S9825,FourHundredGigE1/0/31,1083,434138,1578,462119,0,0
2024/05/24 星期五 00:43:47.275,1716482627275,NH-DC-NM224-J08-ROCE-ST-leaf-4.GPU.S9825,FourHundredGigE1/0/31,0,0,0,0,0,0
2024/05/24 星期五 00:43:47.773,1716482627773,NH-DC-NM224-J08-ROCE-ST-leaf-4.GPU.S9825,FourHundredGigE1/0/31,2529,809004,2143,787455,0,0
2024/05/24 星期五 00:43:48.274,1716482628274,NH-DC-NM224-J08-ROCE-ST-leaf-4.GPU.S9825,FourHundredGigE1/0/31,0,0,0,0,0,0
2024/05/24 星期五 00:43:48.779,1716482628779,NH-DC-NM224-J08-ROCE-ST-leaf-4.GPU.S9825,FourHundredGigE1/0/31,1416,518040,1690,533410,0,0
2024/05/24 星期五 00:43:49.277,1716482629277,NH-DC-NM224-J08-ROCE-ST-leaf-4.GPU.S9825,FourHundredGigE1/0/31,0,0,0,0,0,0
2024/05/24 星期五 00:43:49.780,1716482629780,NH-DC-NM224-J08-ROCE-ST-leaf-4.GPU.S9825,FourHundredGigE1/0/31,827,382994,1577,424800,0,0
2024/05/24 星期五 00:43:50.281,1716482630281,NH-DC-NM224-J08-ROCE-ST-leaf-4.GPU.S9825,FourHundredGigE1/0/31,0,0,0,0,0,0
2024/05/24 星期五 00:43:50.783,1716482630783,NH-DC-NM224-J08-ROCE-ST-leaf-4.GPU.S9825,FourHundredGigE1/0/31,2187,707946,1924,693285,0,0
2024/05/24 星期五 00:43:51.283,1716482631283,NH-DC-NM224-J08-ROCE-ST-leaf-4.GPU.S9825,FourHundredGigE1/0/31,1452,540650,1797,560231,0,0
2024/05/24 星期五 00:43:51.783,1716482631783,NH-DC-NM224-J08-ROCE-ST-leaf-4.GPU.S9825,FourHundredGigE1/0/31,0,0,0,0,0,0
2024/05/24 星期五 00:43:52.284,1716482632284,NH-DC-NM224-J08-ROCE-ST-leaf-4.GPU.S9825,FourHundredGigE1/0/31,2435,774832,2038,752600,0,0
2024/05/24 星期五 00:43:52.804,1716482632804,NH-DC-NM224-J08-ROCE-ST-leaf-4.GPU.S9825,FourHundredGigE1/0/31,0,0,0,0,0,0
2024/05/24 星期五 00:43:53.306,1716482633306,NH-DC-NM224-J08-ROCE-ST-leaf-4.GPU.S9825,FourHundredGigE1/0/31,0,0,0,0,0,0
2024/05/24 星期五 00:43:53.809,1716482633809,NH-DC-NM224-J08-ROCE-ST-leaf-4.GPU.S9825,FourHundredGigE1/0/31,1327,502868,1734,530920,0,0
2024/05/24 星期五 00:43:54.309,1716482634309,NH-DC-NM224-J08-ROCE-ST-leaf-4.GPU.S9825,FourHundredGigE1/0/31,842,311070,1050,321166,0,0
2024/05/24 星期五 00:43:54.811,1716482634811,NH-DC-NM224-J08-ROCE-ST-leaf-4.GPU.S9825,FourHundredGigE1/0/31,0,0,0,0,0,0
2024/05/24 星期五 00:43:55.314,1716482635314,NH-DC-NM224-J08-ROCE-ST-leaf-4.GPU.S9825,FourHundredGigE1/0/31,2335,751312,2021,733744,0,0
2024/05/24 星期五 00:43:55.814,1716482635814,NH-DC-NM224-J08-ROCE-ST-leaf-4.GPU.S9825,FourHundredGigE1/0/31,0,0,0,0,0,0
2024/05/24 星期五 00:43:56.314,1716482636314,NH-DC-NM224-J08-ROCE-ST-leaf-4.GPU.S9825,FourHundredGigE1/0/31,3859,1166150,2768,1105089,0,0
2024/05/24 星期五 00:43:56.817,1716482636817,NH-DC-NM224-J08-ROCE-ST-leaf-4.GPU.S9825,FourHundredGigE1/0/31,0,0,0,0,0,0
2024/05/24 星期五 00:43:57.732,1716482637732,NH-DC-NM224-J08-ROCE-ST-leaf-4.GPU.S9825,FourHundredGigE1/0/31,1403,505110,1642,518817,0,0
2024/05/24 星期五 00:43:58.234,1716482638234,NH-DC-NM224-J08-ROCE-ST-leaf-4.GPU.S9825,FourHundredGigE1/0/31,0,0,0,0,0,0
2024/05/24 星期五 00:43:59.168,1716482639168,NH-DC-NM224-J08-ROCE-ST-leaf-4.GPU.S9825,FourHundredGigE1/0/31,2259,746142,2086,736480,0,0
2024/05/24 星期五 00:43:59.669,1716482639669,NH-DC-NM224-J08-ROCE-ST-leaf-4.GPU.S9825,FourHundredGigE1/0/31,1466,500246,1496,501732,0,0
2024/05/24 星期五 00:44:00.706,1716482640706,NH-DC-NM224-J08-ROCE-ST-leaf-4.GPU.S9825,FourHundredGigE1/0/31,1511,526426,1616,532373,0,0
2024/05/24 星期五 00:44:01.206,1716482641206,NH-DC-NM224-J08-ROCE-ST-leaf-4.GPU.S9825,FourHundredGigE1/0/31,0,0,0,0,0,0
2024/05/24 星期五 00:44:01.717,1716482641717,NH-DC-NM224-J08-ROCE-ST-leaf-4.GPU.S9825,FourHundredGigE1/0/31,1492,543841,1767,564117,0,0
2024/05/24 星期五 00:44:02.217,1716482642217,NH-DC-NM224-J08-ROCE-ST-leaf-4.GPU.S9825,FourHundredGigE1/0/31,0,0,0,0,0,0
2024/05/24 星期五 00:44:02.718,1716482642718,NH-DC-NM224-J08-ROCE-ST-leaf-4.GPU.S9825,FourHundredGigE1/0/31,1098,441548,1607,470246,0,0
2024/05/24 星期五 00:44:03.217,1716482643217,NH-DC-NM224-J08-ROCE-ST-leaf-4.GPU.S9825,FourHundredGigE1/0/31,0,0,0,0,0,0
2024/05/24 星期五 00:44:03.719,1716482643719,NH-DC-NM224-J08-ROCE-ST-leaf-4.GPU.S9825,FourHundredGigE1/0/31,1383,505680,1651,520755,0,0
2024/05/24 星期五 00:44:04.220,1716482644220,NH-DC-NM224-J08-ROCE-ST-leaf-4.GPU.S9825,FourHundredGigE1/0/31,0,0,0,0,0,0
2024/05/24 星期五 00:44:04.723,1716482644723,NH-DC-NM224-J08-ROCE-ST-leaf-4.GPU.S9825,FourHundredGigE1/0/31,1476,513508,1573,518746,0,0
2024/05/24 星期五 00:44:05.222,1716482645222,NH-DC-NM224-J08-ROCE-ST-leaf-4.GPU.S9825,FourHundredGigE1/0/31,1391,496522,1579,507058,0,0
2024/05/24 星期五 00:44:05.726,1716482645726,NH-DC-NM224-J08-ROCE-ST-leaf-4.GPU.S9825,FourHundredGigE1/0/31,0,0,0,0,0,0
2024/05/24 星期五 00:44:06.228,1716482646228,NH-DC-NM224-J08-ROCE-ST-leaf-4.GPU.S9825,FourHundredGigE1/0/31,0,0,0,0,0,0
2024/05/24 星期五 00:44:06.729,1716482646729,NH-DC-NM224-J08-ROCE-ST-leaf-4.GPU.S9825,FourHundredGigE1/0/31,1573,556261,1741,570911,0,0
2024/05/24 星期五 00:44:07.230,1716482647230,NH-DC-NM224-J08-ROCE-ST-leaf-4.GPU.S9825,FourHundredGigE1/0/31,0,0,0,0,0,0
2024/05/24 星期五 00:44:07.731,1716482647731,NH-DC-NM224-J08-ROCE-ST-leaf-4.GPU.S9825,FourHundredGigE1/0/31,1358,492024,1594,505501,0,0
2024/05/24 星期五 00:44:08.234,1716482648234,NH-DC-NM224-J08-ROCE-ST-leaf-4.GPU.S9825,FourHundredGigE1/0/31,0,0,0,0,0,0
2024/05/24 星期五 00:44:08.742,1716482648742,NH-DC-NM224-J08-ROCE-ST-leaf-4.GPU.S9825,FourHundredGigE1/0/31,2180,709744,1946,696666,0,0
2024/05/24 星期五 00:44:09.244,1716482649244,NH-DC-NM224-J08-ROCE-ST-leaf-4.GPU.S9825,FourHundredGigE1/0/31,0,0,0,0,0,0
2024/05/24 星期五 00:44:09.759,1716482649759,NH-DC-NM224-J08-ROCE-ST-leaf-4.GPU.S9825,FourHundredGigE1/0/31,1857,614998,1741,608308,0,0
2024/05/24 星期五 00:44:10.262,1716482650262,NH-DC-NM224-J08-ROCE-ST-leaf-4.GPU.S9825,FourHundredGigE1/0/31,2638,848834,2265,828013,0,0
2024/05/24 星期五 00:44:10.761,1716482650761,NH-DC-NM224-J08-ROCE-ST-leaf-4.GPU.S9825,FourHundredGigE1/0/31,0,0,0,0,0,0
2024/05/24 星期五 00:44:11.263,1716482651263,NH-DC-NM224-J08-ROCE-ST-leaf-4.GPU.S9825,FourHundredGigE1/0/31,0,0,0,0,0,0
2024/05/24 星期五 00:44:12.216,1716482652216,NH-DC-NM224-J08-ROCE-ST-leaf-4.GPU.S9825,FourHundredGigE1/0/31,1443,530502,1738,547089,0,0
2024/05/24 星期五 00:44:12.717,1716482652717,NH-DC-NM224-J08-ROCE-ST-leaf-4.GPU.S9825,FourHundredGigE1/0/31,1878,647288,1937,650786,0,0
2024/05/24 星期五 00:44:13.242,1716482653242,NH-DC-NM224-J08-ROCE-ST-leaf-4.GPU.S9825,FourHundredGigE1/0/31,0,0,0,0,0,0
2024/05/24 星期五 00:44:13.718,1716482653718,NH-DC-NM224-J08-ROCE-ST-leaf-4.GPU.S9825,FourHundredGigE1/0/31,1397,504274,1622,516941,0,0
2024/05/24 星期五 00:44:14.217,1716482654217,NH-DC-NM224-J08-ROCE-ST-leaf-4.GPU.S9825,FourHundredGigE1/0/31,0,0,0,0,0,0
2024/05/24 星期五 00:44:14.717,1716482654717,NH-DC-NM224-J08-ROCE-ST-leaf-4.GPU.S9825,FourHundredGigE1/0/31,1682,579356,1739,582354,0,0
2024/05/24 星期五 00:44:15.221,1716482655221,NH-DC-NM224-J08-ROCE-ST-leaf-4.GPU.S9825,FourHundredGigE1/0/31,0,0,0,0,0,0
2024/05/24 星期五 00:44:15.722,1716482655722,NH-DC-NM224-J08-ROCE-ST-leaf-4.GPU.S9825,FourHundredGigE1/0/31,2066,678424,1891,668632,0,0
2024/05/24 星期五 00:44:16.221,1716482656221,NH-DC-NM224-J08-ROCE-ST-leaf-4.GPU.S9825,FourHundredGigE1/0/31,0,0,0,0,0,0
2024/05/24 星期五 00:44:16.721,1716482656721,NH-DC-NM224-J08-ROCE-ST-leaf-4.GPU.S9825,FourHundredGigE1/0/31,2074,691544,1968,685675,0,0
2024/05/24 星期五 00:44:17.222,1716482657222,NH-DC-NM224-J08-ROCE-ST-leaf-4.GPU.S9825,FourHundredGigE1/0/31,0,0,0,0,0,0
2024/05/24 星期五 00:44:17.723,1716482657723,NH-DC-NM224-J08-ROCE-ST-leaf-4.GPU.S9825,FourHundredGigE1/0/31,1879,610990,1688,600555,0,0
2024/05/24 星期五 00:44:18.224,1716482658224,NH-DC-NM224-J08-ROCE-ST-leaf-4.GPU.S9825,FourHundredGigE1/0/31,0,0,0,0,0,0
2024/05/24 星期五 00:44:18.726,1716482658726,NH-DC-NM224-J08-ROCE-ST-leaf-4.GPU.S9825,FourHundredGigE1/0/31,1924,658178,1947,659492,0,0
2024/05/24 星期五 00:44:19.227,1716482659227,NH-DC-NM224-J08-ROCE-ST-leaf-4.GPU.S9825,FourHundredGigE1/0/31,0,0,0,0,0,0
2024/05/24 星期五 00:44:19.726,1716482659726,NH-DC-NM224-J08-ROCE-ST-leaf-4.GPU.S9825,FourHundredGigE1/0/31,1201,444234,1479,459608,0,0
2024/05/24 星期五 00:44:20.227,1716482660227,NH-DC-NM224-J08-ROCE-ST-leaf-4.GPU.S9825,FourHundredGigE1/0/31,1644,600012,1936,616431,0,0
2024/05/24 星期五 00:44:20.730,1716482660730,NH-DC-NM224-J08-ROCE-ST-leaf-4.GPU.S9825,FourHundredGigE1/0/31,0,0,0,0,0,0
2024/05/24 星期五 00:44:21.230,1716482661230,NH-DC-NM224-J08-ROCE-ST-leaf-4.GPU.S9825,FourHundredGigE1/0/31,0,0,0,0,0,0
2024/05/24 星期五 00:44:21.743,1716482661743,NH-DC-NM224-J08-ROCE-ST-leaf-4.GPU.S9825,FourHundredGigE1/0/31,1777,611402,1830,614437,0,0
2024/05/24 星期五 00:44:22.259,1716482662259,NH-DC-NM224-J08-ROCE-ST-leaf-4.GPU.S9825,FourHundredGigE1/0/31,0,0,0,0,0,0
2024/05/24 星期五 00:44:22.761,1716482662761,NH-DC-NM224-J08-ROCE-ST-leaf-4.GPU.S9825,FourHundredGigE1/0/31,1347,515060,1766,538718,0,0
2024/05/24 星期五 00:44:23.262,1716482663262,NH-DC-NM224-J08-ROCE-ST-leaf-4.GPU.S9825,FourHundredGigE1/0/31,0,0,0,0,0,0
2024/05/24 星期五 00:44:23.761,1716482663761,NH-DC-NM224-J08-ROCE-ST-leaf-4.GPU.S9825,FourHundredGigE1/0/31,2427,782268,2101,764079,0,0
2024/05/24 星期五 00:44:24.269,1716482664269,NH-DC-NM224-J08-ROCE-ST-leaf-4.GPU.S9825,FourHundredGigE1/0/31,800,322352,1199,344502,0,0
2024/05/24 星期五 00:44:24.771,1716482664771,NH-DC-NM224-J08-ROCE-ST-leaf-4.GPU.S9825,FourHundredGigE1/0/31,0,0,0,0,0,0
2024/05/24 星期五 00:44:25.273,1716482665273,NH-DC-NM224-J08-ROCE-ST-leaf-4.GPU.S9825,FourHundredGigE1/0/31,1831,604820,1712,598164,0,0
2024/05/24 星期五 00:44:26.272,1716482666272,NH-DC-NM224-J08-ROCE-ST-leaf-4.GPU.S9825,FourHundredGigE1/0/31,0,0,0,0,0,0
2024/05/24 星期五 00:44:26.777,1716482666777,NH-DC-NM224-J08-ROCE-ST-leaf-4.GPU.S9825,FourHundredGigE1/0/31,2723,851404,2166,820297,0,0
2024/05/24 星期五 00:44:27.782,1716482667782,NH-DC-NM224-J08-ROCE-ST-leaf-4.GPU.S9825,FourHundredGigE1/0/31,2114,713096,2070,711669,0,0
2024/05/24 星期五 00:44:28.427,1716482668427,NH-DC-NM224-J08-ROCE-ST-leaf-4.GPU.S9825,FourHundredGigE1/0/31,0,0,0,0,0,0
2024/05/24 星期五 00:44:28.929,1716482668929,NH-DC-NM224-J08-ROCE-ST-leaf-4.GPU.S9825,FourHundredGigE1/0/31,988,379324,1334,398920,0,0
2024/05/24 星期五 00:44:29.429,1716482669429,NH-DC-NM224-J08-ROCE-ST-leaf-4.GPU.S9825,FourHundredGigE1/0/31,1871,621874,1759,614438,0,0
2024/05/24 星期五 00:44:29.929,1716482669929,NH-DC-NM224-J08-ROCE-ST-leaf-4.GPU.S9825,FourHundredGigE1/0/31,0,0,0,0,0,0
2024/05/24 星期五 00:44:30.434,1716482670434,NH-DC-NM224-J08-ROCE-ST-leaf-4.GPU.S9825,FourHundredGigE1/0/31,1864,624596,1800,621079,0,0
2024/05/24 星期五 00:44:30.934,1716482670934,NH-DC-NM224-J08-ROCE-ST-leaf-4.GPU.S9825,FourHundredGigE1/0/31,0,0,0,0,0,0
2024/05/24 星期五 00:44:31.438,1716482671438,NH-DC-NM224-J08-ROCE-ST-leaf-4.GPU.S9825,FourHundredGigE1/0/31,2563,823172,2193,802519,0,0
2024/05/24 星期五 00:44:31.938,1716482671938,NH-DC-NM224-J08-ROCE-ST-leaf-4.GPU.S9825,FourHundredGigE1/0/31,0,0,0,0,0,0
2024/05/24 星期五 00:44:32.439,1716482672439,NH-DC-NM224-J08-ROCE-ST-leaf-4.GPU.S9825,FourHundredGigE1/0/31,1991,671574,1947,669304,0,0
2024/05/24 星期五 00:44:32.939,1716482672939,NH-DC-NM224-J08-ROCE-ST-leaf-4.GPU.S9825,FourHundredGigE1/0/31,0,0,0,0,0,0
2024/05/24 星期五 00:44:33.441,1716482673441,NH-DC-NM224-J08-ROCE-ST-leaf-4.GPU.S9825,FourHundredGigE1/0/31,1887,619752,1735,611307,0,0
2024/05/24 星期五 00:44:33.941,1716482673941,NH-DC-NM224-J08-ROCE-ST-leaf-4.GPU.S9825,FourHundredGigE1/0/31,0,0,0,0,0,0
2024/05/24 星期五 00:44:34.441,1716482674441,NH-DC-NM224-J08-ROCE-ST-leaf-4.GPU.S9825,FourHundredGigE1/0/31,2529,824326,2245,808228,0,0
2024/05/24 星期五 00:44:34.942,1716482674942,NH-DC-NM224-J08-ROCE-ST-leaf-4.GPU.S9825,FourHundredGigE1/0/31,0,0,0,0,0,0
2024/05/24 星期五 00:44:35.443,1716482675443,NH-DC-NM224-J08-ROCE-ST-leaf-4.GPU.S9825,FourHundredGigE1/0/31,1636,575066,1778,583026,0,0
2024/05/24 星期五 00:44:35.956,1716482675956,NH-DC-NM224-J08-ROCE-ST-leaf-4.GPU.S9825,FourHundredGigE1/0/31,0,0,0,0,0,0
2024/05/24 星期五 00:44:36.459,1716482676459,NH-DC-NM224-J08-ROCE-ST-leaf-4.GPU.S9825,FourHundredGigE1/0/31,1382,507376,1667,524629,0,0
2024/05/24 星期五 00:44:36.965,1716482676965,NH-DC-NM224-J08-ROCE-ST-leaf-4.GPU.S9825,FourHundredGigE1/0/31,0,0,0,0,0,0
2024/05/24 星期五 00:44:37.466,1716482677466,NH-DC-NM224-J08-ROCE-ST-leaf-4.GPU.S9825,FourHundredGigE1/0/31,0,0,0,0,0,0
2024/05/24 星期五 00:44:37.969,1716482677969,NH-DC-NM224-J08-ROCE-ST-leaf-4.GPU.S9825,FourHundredGigE1/0/31,2092,700914,2015,696779,0,0
2024/05/24 星期五 00:44:38.469,1716482678469,NH-DC-NM224-J08-ROCE-ST-leaf-4.GPU.S9825,FourHundredGigE1/0/31,2768,878460,2290,851912,0,0
2024/05/24 星期五 00:44:38.969,1716482678969,NH-DC-NM224-J08-ROCE-ST-leaf-4.GPU.S9825,FourHundredGigE1/0/31,0,0,0,0,0,0
2024/05/24 星期五 00:44:39.471,1716482679471,NH-DC-NM224-J08-ROCE-ST-leaf-4.GPU.S9825,FourHundredGigE1/0/31,1125,418038,1395,431994,0,0
2024/05/24 星期五 00:44:39.974,1716482679974,NH-DC-NM224-J08-ROCE-ST-leaf-4.GPU.S9825,FourHundredGigE1/0/31,0,0,0,0,0,0
2024/05/24 星期五 00:44:40.485,1716482680485,NH-DC-NM224-J08-ROCE-ST-leaf-4.GPU.S9825,FourHundredGigE1/0/31,1377,502799,1645,522712,0,0
2024/05/24 星期五 00:44:40.985,1716482680985,NH-DC-NM224-J08-ROCE-ST-leaf-4.GPU.S9825,FourHundredGigE1/0/31,0,0,0,0,0,0
2024/05/24 星期五 00:44:41.486,1716482681486,NH-DC-NM224-J08-ROCE-ST-leaf-4.GPU.S9825,FourHundredGigE1/0/31,1684,561080,1614,557227,0,0
2024/05/24 星期五 00:44:41.983,1716482681983,NH-DC-NM224-J08-ROCE-ST-leaf-4.GPU.S9825,FourHundredGigE1/0/31,0,0,0,0,0,0
2024/05/24 星期五 00:44:42.498,1716482682498,NH-DC-NM224-J08-ROCE-ST-leaf-4.GPU.S9825,FourHundredGigE1/0/31,0,0,0,0,0,0
2024/05/24 星期五 00:44:42.998,1716482682998,NH-DC-NM224-J08-ROCE-ST-leaf-4.GPU.S9825,FourHundredGigE1/0/31,3930,1232230,3118,1188310,0,0
2024/05/24 星期五 00:44:43.498,1716482683498,NH-DC-NM224-J08-ROCE-ST-leaf-4.GPU.S9825,FourHundredGigE1/0/31,0,0,0,0,0,0
2024/05/24 星期五 00:44:44.002,1716482684002,NH-DC-NM224-J08-ROCE-ST-leaf-4.GPU.S9825,FourHundredGigE1/0/31,2590,868096,2501,856971,0,0
2024/05/24 星期五 00:44:44.519,1716482684519,NH-DC-NM224-J08-ROCE-ST-leaf-4.GPU.S9825,FourHundredGigE1/0/31,1409,456214,1222,450398,0,0
2024/05/24 星期五 00:44:45.021,1716482685021,NH-DC-NM224-J08-ROCE-ST-leaf-4.GPU.S9825,FourHundredGigE1/0/31,0,0,0,0,0,0
2024/05/24 星期五 00:44:45.522,1716482685522,NH-DC-NM224-J08-ROCE-ST-leaf-4.GPU.S9825,FourHundredGigE1/0/31,984,380874,1350,401378,0,0
2024/05/24 星期五 00:44:46.022,1716482686022,NH-DC-NM224-J08-ROCE-ST-leaf-4.GPU.S9825,FourHundredGigE1/0/31,0,0,0,0,0,0
2024/05/24 星期五 00:44:46.522,1716482686522,NH-DC-NM224-J08-ROCE-ST-leaf-4.GPU.S9825,FourHundredGigE1/0/31,1817,635980,1943,643103,0,0
2024/05/24 星期五 00:44:47.021,1716482687021,NH-DC-NM224-J08-ROCE-ST-leaf-4.GPU.S9825,FourHundredGigE1/0/31,0,0,0,0,0,0
2024/05/24 星期五 00:44:47.522,1716482687522,NH-DC-NM224-J08-ROCE-ST-leaf-4.GPU.S9825,FourHundredGigE1/0/31,1854,651208,2000,659839,0,0
2024/05/24 星期五 00:44:48.026,1716482688026,NH-DC-NM224-J08-ROCE-ST-leaf-4.GPU.S9825,FourHundredGigE1/0/31,0,0,0,0,0,0
2024/05/24 星期五 00:44:48.528,1716482688528,NH-DC-NM224-J08-ROCE-ST-leaf-4.GPU.S9825,FourHundredGigE1/0/31,0,0,0,0,0,0
2024/05/24 星期五 00:44:49.029,1716482689029,NH-DC-NM224-J08-ROCE-ST-leaf-4.GPU.S9825,FourHundredGigE1/0/31,2901,903468,2287,870274,0,0
2024/05/24 星期五 00:44:49.531,1716482689531,NH-DC-NM224-J08-ROCE-ST-leaf-4.GPU.S9825,FourHundredGigE1/0/31,1023,336536,974,332240,0,0
2024/05/24 星期五 00:44:50.029,1716482690029,NH-DC-NM224-J08-ROCE-ST-leaf-4.GPU.S9825,FourHundredGigE1/0/31,0,0,0,0,0,0
2024/05/24 星期五 00:44:50.530,1716482690530,NH-DC-NM224-J08-ROCE-ST-leaf-4.GPU.S9825,FourHundredGigE1/0/31,2089,704648,2037,701803,0,0
2024/05/24 星期五 00:44:51.031,1716482691031,NH-DC-NM224-J08-ROCE-ST-leaf-4.GPU.S9825,FourHundredGigE1/0/31,0,0,0,0,0,0
2024/05/24 星期五 00:44:51.534,1716482691534,NH-DC-NM224-J08-ROCE-ST-leaf-4.GPU.S9825,FourHundredGigE1/0/31,1783,611300,1821,613495,0,0
2024/05/24 星期五 00:44:52.034,1716482692034,NH-DC-NM224-J08-ROCE-ST-leaf-4.GPU.S9825,FourHundredGigE1/0/31,0,0,0,0,0,0
2024/05/24 星期五 00:44:52.534,1716482692534,NH-DC-NM224-J08-ROCE-ST-leaf-4.GPU.S9825,FourHundredGigE1/0/31,1922,651058,1900,649826,0,0
2024/05/24 星期五 00:44:53.033,1716482693033,NH-DC-NM224-J08-ROCE-ST-leaf-4.GPU.S9825,FourHundredGigE1/0/31,0,0,0,0,0,0
2024/05/24 星期五 00:44:53.539,1716482693539,NH-DC-NM224-J08-ROCE-ST-leaf-4.GPU.S9825,FourHundredGigE1/0/31,0,0,0,0,0,0
2024/05/24 星期五 00:44:55.385,1716482695385,NH-DC-NM224-J08-ROCE-ST-leaf-4.GPU.S9825,FourHundredGigE1/0/31,6502,2106706,5743,2067001,0,0
2024/05/24 星期五 00:44:55.907,1716482695907,NH-DC-NM224-J08-ROCE-ST-leaf-4.GPU.S9825,FourHundredGigE1/0/31,0,0,0,0,0,0
2024/05/24 星期五 00:44:56.409,1716482696409,NH-DC-NM224-J08-ROCE-ST-leaf-4.GPU.S9825,FourHundredGigE1/0/31,2202,720174,1987,708201,0,0
2024/05/24 星期五 00:44:56.910,1716482696910,NH-DC-NM224-J08-ROCE-ST-leaf-4.GPU.S9825,FourHundredGigE1/0/31,0,0,0,0,0,0
2024/05/24 星期五 00:44:57.854,1716482697854,NH-DC-NM224-J08-ROCE-ST-leaf-4.GPU.S9825,FourHundredGigE1/0/31,2067,707514,2106,709733,0,0
2024/05/24 星期五 00:44:58.363,1716482698363,NH-DC-NM224-J08-ROCE-ST-leaf-4.GPU.S9825,FourHundredGigE1/0/31,2392,761966,2030,741968,0,0
2024/05/24 星期五 00:44:58.867,1716482698867,NH-DC-NM224-J08-ROCE-ST-leaf-4.GPU.S9825,FourHundredGigE1/0/31,0,0,0,0,0,0
2024/05/24 星期五 00:44:59.383,1716482699383,NH-DC-NM224-J08-ROCE-ST-leaf-4.GPU.S9825,FourHundredGigE1/0/31,1800,597790,1702,592108,0,0
2024/05/24 星期五 00:44:59.884,1716482699884,NH-DC-NM224-J08-ROCE-ST-leaf-4.GPU.S9825,FourHundredGigE1/0/31,0,0,0,0,0,0
2024/05/24 星期五 00:45:00.385,1716482700385,NH-DC-NM224-J08-ROCE-ST-leaf-4.GPU.S9825,FourHundredGigE1/0/31,2092,702626,2019,698605,0,0
2024/05/24 星期五 00:45:00.887,1716482700887,NH-DC-NM224-J08-ROCE-ST-leaf-4.GPU.S9825,FourHundredGigE1/0/31,0,0,0,0,0,0
2024/05/24 星期五 00:45:01.390,1716482701390,NH-DC-NM224-J08-ROCE-ST-leaf-4.GPU.S9825,FourHundredGigE1/0/31,0,0,0,0,0,0
2024/05/24 星期五 00:45:01.890,1716482701890,NH-DC-NM224-J08-ROCE-ST-leaf-4.GPU.S9825,FourHundredGigE1/0/31,856,390499,1620,440487,0,0
2024/05/24 星期五 00:45:02.390,1716482702390,NH-DC-NM224-J08-ROCE-ST-leaf-4.GPU.S9825,FourHundredGigE1/0/31,0,0,0,0,0,0
2024/05/24 星期五 00:45:02.898,1716482702898,NH-DC-NM224-J08-ROCE-ST-leaf-4.GPU.S9825,FourHundredGigE1/0/31,2745,884652,2397,858762,0,0
2024/05/24 星期五 00:45:03.400,1716482703400,NH-DC-NM224-J08-ROCE-ST-leaf-4.GPU.S9825,FourHundredGigE1/0/31,0,0,0,0,0,0
2024/05/24 星期五 00:45:03.905,1716482703905,NH-DC-NM224-J08-ROCE-ST-leaf-4.GPU.S9825,FourHundredGigE1/0/31,1852,611668,1730,605097,0,0
2024/05/24 星期五 00:45:04.405,1716482704405,NH-DC-NM224-J08-ROCE-ST-leaf-4.GPU.S9825,FourHundredGigE1/0/31,743,241934,668,241614,0,0
2024/05/24 星期五 00:45:04.909,1716482704909,NH-DC-NM224-J08-ROCE-ST-leaf-4.GPU.S9825,FourHundredGigE1/0/31,0,0,0,0,0,0
2024/05/24 星期五 00:45:05.427,1716482705427,NH-DC-NM224-J08-ROCE-ST-leaf-4.GPU.S9825,FourHundredGigE1/0/31,1941,655218,1905,653210,0,0
2024/05/24 星期五 00:45:05.930,1716482705930,NH-DC-NM224-J08-ROCE-ST-leaf-4.GPU.S9825,FourHundredGigE1/0/31,0,0,0,0,0,0
2024/05/24 星期五 00:45:06.433,1716482706433,NH-DC-NM224-J08-ROCE-ST-leaf-4.GPU.S9825,FourHundredGigE1/0/31,1371,501587,1646,522229,0,0
2024/05/24 星期五 00:45:06.934,1716482706934,NH-DC-NM224-J08-ROCE-ST-leaf-4.GPU.S9825,FourHundredGigE1/0/31,0,0,0,0,0,0
2024/05/24 星期五 00:45:07.434,1716482707434,NH-DC-NM224-J08-ROCE-ST-leaf-4.GPU.S9825,FourHundredGigE1/0/31,2913,929496,2437,902907,0,0
2024/05/24 星期五 00:45:07.933,1716482707933,NH-DC-NM224-J08-ROCE-ST-leaf-4.GPU.S9825,FourHundredGigE1/0/31,0,0,0,0,0,0
2024/05/24 星期五 00:45:08.434,1716482708434,NH-DC-NM224-J08-ROCE-ST-leaf-4.GPU.S9825,FourHundredGigE1/0/31,935,361026,1282,380678,0,0
2024/05/24 星期五 00:45:08.948,1716482708948,NH-DC-NM224-J08-ROCE-ST-leaf-4.GPU.S9825,FourHundredGigE1/0/31,0,0,0,0,0,0
2024/05/24 星期五 00:45:09.452,1716482709452,NH-DC-NM224-J08-ROCE-ST-leaf-4.GPU.S9825,FourHundredGigE1/0/31,1907,601154,1577,582480,0,0
2024/05/24 星期五 00:45:09.969,1716482709969,NH-DC-NM224-J08-ROCE-ST-leaf-4.GPU.S9825,FourHundredGigE1/0/31,0,0,0,0,0,0
2024/05/24 星期五 00:45:10.471,1716482710471,NH-DC-NM224-J08-ROCE-ST-leaf-4.GPU.S9825,FourHundredGigE1/0/31,1662,568608,1696,570579,0,0
2024/05/24 星期五 00:45:10.978,1716482710978,NH-DC-NM224-J08-ROCE-ST-leaf-4.GPU.S9825,FourHundredGigE1/0/31,0,0,0,0,0,0
2024/05/24 星期五 00:45:11.482,1716482711482,NH-DC-NM224-J08-ROCE-ST-leaf-4.GPU.S9825,FourHundredGigE1/0/31,0,0,0,0,0,0
2024/05/24 星期五 00:45:12.001,1716482712001,NH-DC-NM224-J08-ROCE-ST-leaf-4.GPU.S9825,FourHundredGigE1/0/31,2036,717942,2215,729391,0,0
2024/05/24 星期五 00:45:12.503,1716482712503,NH-DC-NM224-J08-ROCE-ST-leaf-4.GPU.S9825,FourHundredGigE1/0/31,0,0,0,0,0,0
2024/05/24 星期五 00:45:13.006,1716482713006,NH-DC-NM224-J08-ROCE-ST-leaf-4.GPU.S9825,FourHundredGigE1/0/31,1715,576452,1715,570438,0,0
2024/05/24 星期五 00:45:13.510,1716482713510,NH-DC-NM224-J08-ROCE-ST-leaf-4.GPU.S9825,FourHundredGigE1/0/31,0,0,0,0,0,0
2024/05/24 星期五 00:45:14.011,1716482714011,NH-DC-NM224-J08-ROCE-ST-leaf-4.GPU.S9825,FourHundredGigE1/0/31,2637,836076,2179,810495,0,0
2024/05/24 星期五 00:45:14.510,1716482714510,NH-DC-NM224-J08-ROCE-ST-leaf-4.GPU.S9825,FourHundredGigE1/0/31,1130,382766,1103,385716,0,0
2024/05/24 星期五 00:45:15.011,1716482715011,NH-DC-NM224-J08-ROCE-ST-leaf-4.GPU.S9825,FourHundredGigE1/0/31,0,0,0,0,0,0
2024/05/24 星期五 00:45:15.514,1716482715514,NH-DC-NM224-J08-ROCE-ST-leaf-4.GPU.S9825,FourHundredGigE1/0/31,2163,731606,2123,729568,0,0
2024/05/24 星期五 00:45:16.018,1716482716018,NH-DC-NM224-J08-ROCE-ST-leaf-4.GPU.S9825,FourHundredGigE1/0/31,0,0,0,0,0,0
2024/05/24 星期五 00:45:16.523,1716482716523,NH-DC-NM224-J08-ROCE-ST-leaf-4.GPU.S9825,FourHundredGigE1/0/31,2139,711828,2017,705063,0,0
2024/05/24 星期五 00:45:17.021,1716482717021,NH-DC-NM224-J08-ROCE-ST-leaf-4.GPU.S9825,FourHundredGigE1/0/31,0,0,0,0,0,0
2024/05/24 星期五 00:45:17.521,1716482717521,NH-DC-NM224-J08-ROCE-ST-leaf-4.GPU.S9825,FourHundredGigE1/0/31,2099,698678,1992,693723,0,0
2024/05/24 星期五 00:45:18.027,1716482718027,NH-DC-NM224-J08-ROCE-ST-leaf-4.GPU.S9825,FourHundredGigE1/0/31,0,0,0,0,0,0
2024/05/24 星期五 00:45:18.526,1716482718526,NH-DC-NM224-J08-ROCE-ST-leaf-4.GPU.S9825,FourHundredGigE1/0/31,1220,450570,1501,466526,0,0
2024/05/24 星期五 00:45:19.046,1716482719046,NH-DC-NM224-J08-ROCE-ST-leaf-4.GPU.S9825,FourHundredGigE1/0/31,0,0,0,0,0,0
2024/05/24 星期五 00:45:19.544,1716482719544,NH-DC-NM224-J08-ROCE-ST-leaf-4.GPU.S9825,FourHundredGigE1/0/31,1509,503044,1444,498046,0,0
2024/05/24 星期五 00:45:20.042,1716482720042,NH-DC-NM224-J08-ROCE-ST-leaf-4.GPU.S9825,FourHundredGigE1/0/31,0,0,0,0,0,0
2024/05/24 星期五 00:45:20.541,1716482720541,NH-DC-NM224-J08-ROCE-ST-leaf-4.GPU.S9825,FourHundredGigE1/0/31,1520,530880,1636,537637,0,0
2024/05/24 星期五 00:45:21.041,1716482721041,NH-DC-NM224-J08-ROCE-ST-leaf-4.GPU.S9825,FourHundredGigE1/0/31,0,0,0,0,0,0
2024/05/24 星期五 00:45:21.544,1716482721544,NH-DC-NM224-J08-ROCE-ST-leaf-4.GPU.S9825,FourHundredGigE1/0/31,0,0,0,0,0,0
2024/05/24 星期五 00:45:22.046,1716482722046,NH-DC-NM224-J08-ROCE-ST-leaf-4.GPU.S9825,FourHundredGigE1/0/31,1729,599604,1837,607853,0,0
2024/05/24 星期五 00:45:22.545,1716482722545,NH-DC-NM224-J08-ROCE-ST-leaf-4.GPU.S9825,FourHundredGigE1/0/31,0,0,0,0,0,0
2024/05/24 星期五 00:45:23.047,1716482723047,NH-DC-NM224-J08-ROCE-ST-leaf-4.GPU.S9825,FourHundredGigE1/0/31,3860,1224402,3195,1182118,0,0
2024/05/24 星期五 00:45:23.550,1716482723550,NH-DC-NM224-J08-ROCE-ST-leaf-4.GPU.S9825,FourHundredGigE1/0/31,0,0,0,0,0,0
2024/05/24 星期五 00:45:24.051,1716482724051,NH-DC-NM224-J08-ROCE-ST-leaf-4.GPU.S9825,FourHundredGigE1/0/31,0,0,0,0,0,0
2024/05/24 星期五 00:45:24.549,1716482724549,NH-DC-NM224-J08-ROCE-ST-leaf-4.GPU.S9825,FourHundredGigE1/0/31,3581,1164992,3153,1143807,0,0
2024/05/24 星期五 00:45:25.052,1716482725052,NH-DC-NM224-J08-ROCE-ST-leaf-4.GPU.S9825,FourHundredGigE1/0/31,0,0,0,0,0,0
2024/05/24 星期五 00:45:25.554,1716482725554,NH-DC-NM224-J08-ROCE-ST-leaf-4.GPU.S9825,FourHundredGigE1/0/31,1309,476170,1555,490148,0,0
2024/05/24 星期五 00:45:26.055,1716482726055,NH-DC-NM224-J08-ROCE-ST-leaf-4.GPU.S9825,FourHundredGigE1/0/31,0,0,0,0,0,0
2024/05/24 星期五 00:45:26.562,1716482726562,NH-DC-NM224-J08-ROCE-ST-leaf-4.GPU.S9825,FourHundredGigE1/0/31,985,387032,1389,409723,0,0
2024/05/24 星期五 00:45:27.061,1716482727061,NH-DC-NM224-J08-ROCE-ST-leaf-4.GPU.S9825,FourHundredGigE1/0/31,0,0,0,0,0,0
2024/05/24 星期五 00:45:27.562,1716482727562,NH-DC-NM224-J08-ROCE-ST-leaf-4.GPU.S9825,FourHundredGigE1/0/31,1952,676828,2036,681599,0,0
2024/05/24 星期五 00:45:28.065,1716482728065,NH-DC-NM224-J08-ROCE-ST-leaf-4.GPU.S9825,FourHundredGigE1/0/31,0,0,0,0,0,0
2024/05/24 星期五 00:45:28.566,1716482728566,NH-DC-NM224-J08-ROCE-ST-leaf-4.GPU.S9825,FourHundredGigE1/0/31,2445,785036,2097,765768,0,0
2024/05/24 星期五 00:45:29.067,1716482729067,NH-DC-NM224-J08-ROCE-ST-leaf-4.GPU.S9825,FourHundredGigE1/0/31,0,0,0,0,0,0
2024/05/24 星期五 00:45:29.581,1716482729581,NH-DC-NM224-J08-ROCE-ST-leaf-4.GPU.S9825,FourHundredGigE1/0/31,1320,469724,1487,478688,0,0
2024/05/24 星期五 00:45:30.085,1716482730085,NH-DC-NM224-J08-ROCE-ST-leaf-4.GPU.S9825,FourHundredGigE1/0/31,0,0,0,0,0,0
2024/05/24 星期五 00:45:30.585,1716482730585,NH-DC-NM224-J08-ROCE-ST-leaf-4.GPU.S9825,FourHundredGigE1/0/31,1373,493302,1582,505267,0,0
2024/05/24 星期五 00:45:31.085,1716482731085,NH-DC-NM224-J08-ROCE-ST-leaf-4.GPU.S9825,FourHundredGigE1/0/31,0,0,0,0,0,0
2024/05/24 星期五 00:45:31.586,1716482731586,NH-DC-NM224-J08-ROCE-ST-leaf-4.GPU.S9825,FourHundredGigE1/0/31,949,354356,1215,369319,0,0
2024/05/24 星期五 00:45:32.090,1716482732090,NH-DC-NM224-J08-ROCE-ST-leaf-4.GPU.S9825,FourHundredGigE1/0/31,0,0,0,0,0,0
2024/05/24 星期五 00:45:32.975,1716482732975,NH-DC-NM224-J08-ROCE-ST-leaf-4.GPU.S9825,FourHundredGigE1/0/31,2527,831668,2300,818956,0,0
2024/05/24 星期五 00:45:33.500,1716482733500,NH-DC-NM224-J08-ROCE-ST-leaf-4.GPU.S9825,FourHundredGigE1/0/31,2189,723396,2029,714697,0,0
2024/05/24 星期五 00:45:34.001,1716482734001,NH-DC-NM224-J08-ROCE-ST-leaf-4.GPU.S9825,FourHundredGigE1/0/31,0,0,0,0,0,0
2024/05/24 星期五 00:45:34.502,1716482734502,NH-DC-NM224-J08-ROCE-ST-leaf-4.GPU.S9825,FourHundredGigE1/0/31,914,351942,1242,369922,0,0
2024/05/24 星期五 00:45:35.001,1716482735001,NH-DC-NM224-J08-ROCE-ST-leaf-4.GPU.S9825,FourHundredGigE1/0/31,0,0,0,0,0,0
2024/05/24 星期五 00:45:35.501,1716482735501,NH-DC-NM224-J08-ROCE-ST-leaf-4.GPU.S9825,FourHundredGigE1/0/31,2335,738701,1942,721059,0,0
2024/05/24 星期五 00:45:36.002,1716482736002,NH-DC-NM224-J08-ROCE-ST-leaf-4.GPU.S9825,FourHundredGigE1/0/31,0,0,0,0,0,0
2024/05/24 星期五 00:45:36.502,1716482736502,NH-DC-NM224-J08-ROCE-ST-leaf-4.GPU.S9825,FourHundredGigE1/0/31,1868,631414,1847,631186,0,0
2024/05/24 星期五 00:45:37.002,1716482737002,NH-DC-NM224-J08-ROCE-ST-leaf-4.GPU.S9825,FourHundredGigE1/0/31,0,0,0,0,0,0
2024/05/24 星期五 00:45:37.506,1716482737506,NH-DC-NM224-J08-ROCE-ST-leaf-4.GPU.S9825,FourHundredGigE1/0/31,2089,700276,2009,696057,0,0
2024/05/24 星期五 00:45:38.006,1716482738006,NH-DC-NM224-J08-ROCE-ST-leaf-4.GPU.S9825,FourHundredGigE1/0/31,0,0,0,0,0,0
2024/05/24 星期五 00:45:38.525,1716482738525,NH-DC-NM224-J08-ROCE-ST-leaf-4.GPU.S9825,FourHundredGigE1/0/31,967,377702,1350,399176,0,0
2024/05/24 星期五 00:45:39.026,1716482739026,NH-DC-NM224-J08-ROCE-ST-leaf-4.GPU.S9825,FourHundredGigE1/0/31,0,0,0,0,0,0
2024/05/24 星期五 00:45:39.534,1716482739534,NH-DC-NM224-J08-ROCE-ST-leaf-4.GPU.S9825,FourHundredGigE1/0/31,1040,371668,1195,379184,0,0
2024/05/24 星期五 00:45:40.041,1716482740041,NH-DC-NM224-J08-ROCE-ST-leaf-4.GPU.S9825,FourHundredGigE1/0/31,0,0,0,0,0,0
2024/05/24 星期五 00:45:40.542,1716482740542,NH-DC-NM224-J08-ROCE-ST-leaf-4.GPU.S9825,FourHundredGigE1/0/31,3059,940829,2320,904544,0,0
2024/05/24 星期五 00:45:41.041,1716482741041,NH-DC-NM224-J08-ROCE-ST-leaf-4.GPU.S9825,FourHundredGigE1/0/31,0,0,0,0,0,0
2024/05/24 星期五 00:45:41.541,1716482741541,NH-DC-NM224-J08-ROCE-ST-leaf-4.GPU.S9825,FourHundredGigE1/0/31,0,0,0,0,0,0
2024/05/24 星期五 00:45:42.039,1716482742039,NH-DC-NM224-J08-ROCE-ST-leaf-4.GPU.S9825,FourHundredGigE1/0/31,1548,575452,1922,598597,0,0
2024/05/24 星期五 00:45:42.570,1716482742570,NH-DC-NM224-J08-ROCE-ST-leaf-4.GPU.S9825,FourHundredGigE1/0/31,0,0,0,0,0,0
2024/05/24 星期五 00:45:43.070,1716482743070,NH-DC-NM224-J08-ROCE-ST-leaf-4.GPU.S9825,FourHundredGigE1/0/31,2921,918582,2382,881608,0,0
2024/05/24 星期五 00:45:43.572,1716482743572,NH-DC-NM224-J08-ROCE-ST-leaf-4.GPU.S9825,FourHundredGigE1/0/31,0,0,0,0,0,0
2024/05/24 星期五 00:45:44.069,1716482744069,NH-DC-NM224-J08-ROCE-ST-leaf-4.GPU.S9825,FourHundredGigE1/0/31,0,0,0,0,0,0
2024/05/24 星期五 00:45:44.571,1716482744571,NH-DC-NM224-J08-ROCE-ST-leaf-4.GPU.S9825,FourHundredGigE1/0/31,2986,1010418,2935,1012091,0,0
2024/05/24 星期五 00:45:45.073,1716482745073,NH-DC-NM224-J08-ROCE-ST-leaf-4.GPU.S9825,FourHundredGigE1/0/31,0,0,0,0,0,0
2024/05/24 星期五 00:45:45.575,1716482745575,NH-DC-NM224-J08-ROCE-ST-leaf-4.GPU.S9825,FourHundredGigE1/0/31,1208,447622,1511,464792,0,0
2024/05/24 星期五 00:45:46.078,1716482746078,NH-DC-NM224-J08-ROCE-ST-leaf-4.GPU.S9825,FourHundredGigE1/0/31,0,0,0,0,0,0
2024/05/24 星期五 00:45:46.578,1716482746578,NH-DC-NM224-J08-ROCE-ST-leaf-4.GPU.S9825,FourHundredGigE1/0/31,2428,799844,2220,788263,0,0
2024/05/24 星期五 00:45:49.494,1716482749494,NH-DC-NM224-J08-ROCE-ST-leaf-4.GPU.S9825,FourHundredGigE1/0/31,6195,2053402,5793,2030789,0,0
2024/05/24 星期五 00:45:49.993,1716482749993,NH-DC-NM224-J08-ROCE-ST-leaf-4.GPU.S9825,FourHundredGigE1/0/31,0,0,0,0,0,0
2024/05/24 星期五 00:45:50.517,1716482750517,NH-DC-NM224-J08-ROCE-ST-leaf-4.GPU.S9825,FourHundredGigE1/0/31,2522,779274,1951,747559,0,0
2024/05/24 星期五 00:45:51.020,1716482751020,NH-DC-NM224-J08-ROCE-ST-leaf-4.GPU.S9825,FourHundredGigE1/0/31,0,0,0,0,0,0
2024/05/24 星期五 00:45:51.518,1716482751518,NH-DC-NM224-J08-ROCE-ST-leaf-4.GPU.S9825,FourHundredGigE1/0/31,1820,609000,1756,605677,0,0
2024/05/24 星期五 00:45:52.022,1716482752022,NH-DC-NM224-J08-ROCE-ST-leaf-4.GPU.S9825,FourHundredGigE1/0/31,0,0,0,0,0,0
2024/05/24 星期五 00:45:52.522,1716482752522,NH-DC-NM224-J08-ROCE-ST-leaf-4.GPU.S9825,FourHundredGigE1/0/31,0,0,0,0,0,0
2024/05/24 星期五 00:45:53.022,1716482753022,NH-DC-NM224-J08-ROCE-ST-leaf-4.GPU.S9825,FourHundredGigE1/0/31,1794,614701,1872,630979,0,0
2024/05/24 星期五 00:45:53.524,1716482753524,NH-DC-NM224-J08-ROCE-ST-leaf-4.GPU.S9825,FourHundredGigE1/0/31,0,0,0,0,0,0
2024/05/24 星期五 00:45:54.034,1716482754034,NH-DC-NM224-J08-ROCE-ST-leaf-4.GPU.S9825,FourHundredGigE1/0/31,1345,472224,1518,478495,0,0
2024/05/24 星期五 00:45:54.537,1716482754537,NH-DC-NM224-J08-ROCE-ST-leaf-4.GPU.S9825,FourHundredGigE1/0/31,1841,552644,1277,524940,0,0
2024/05/24 星期五 00:45:55.066,1716482755066,NH-DC-NM224-J08-ROCE-ST-leaf-4.GPU.S9825,FourHundredGigE1/0/31,0,0,0,0,0,0
2024/05/24 星期五 00:45:55.569,1716482755569,NH-DC-NM224-J08-ROCE-ST-leaf-4.GPU.S9825,FourHundredGigE1/0/31,3375,1067534,2747,1032568,0,0
2024/05/24 星期五 00:45:56.079,1716482756079,NH-DC-NM224-J08-ROCE-ST-leaf-4.GPU.S9825,FourHundredGigE1/0/31,0,0,0,0,0,0
2024/05/24 星期五 00:45:56.580,1716482756580,NH-DC-NM224-J08-ROCE-ST-leaf-4.GPU.S9825,FourHundredGigE1/0/31,997,384646,1359,404993,0,0
2024/05/24 星期五 00:45:57.280,1716482757280,NH-DC-NM224-J08-ROCE-ST-leaf-4.GPU.S9825,FourHundredGigE1/0/31,1297,458816,1449,467395,0,0
2024/05/24 星期五 00:45:57.857,1716482757857,NH-DC-NM224-J08-ROCE-ST-leaf-4.GPU.S9825,FourHundredGigE1/0/31,0,0,0,0,0,0
2024/05/24 星期五 00:45:58.368,1716482758368,NH-DC-NM224-J08-ROCE-ST-leaf-4.GPU.S9825,FourHundredGigE1/0/31,1363,489394,1588,502182,0,0
2024/05/24 星期五 00:45:58.868,1716482758868,NH-DC-NM224-J08-ROCE-ST-leaf-4.GPU.S9825,FourHundredGigE1/0/31,0,0,0,0,0,0
2024/05/24 星期五 00:45:59.376,1716482759376,NH-DC-NM224-J08-ROCE-ST-leaf-4.GPU.S9825,FourHundredGigE1/0/31,1612,535616,1552,531922,0,0
2024/05/24 星期五 00:45:59.890,1716482759890,NH-DC-NM224-J08-ROCE-ST-leaf-4.GPU.S9825,FourHundredGigE1/0/31,0,0,0,0,0,0
2024/05/24 星期五 00:46:00.403,1716482760403,NH-DC-NM224-J08-ROCE-ST-leaf-4.GPU.S9825,FourHundredGigE1/0/31,1656,566528,1692,568805,0,0
2024/05/24 星期五 00:46:00.919,1716482760919,NH-DC-NM224-J08-ROCE-ST-leaf-4.GPU.S9825,FourHundredGigE1/0/31,0,0,0,0,0,0
2024/05/24 星期五 00:46:01.420,1716482761420,NH-DC-NM224-J08-ROCE-ST-leaf-4.GPU.S9825,FourHundredGigE1/0/31,0,0,0,0,0,0
2024/05/24 星期五 00:46:01.917,1716482761917,NH-DC-NM224-J08-ROCE-ST-leaf-4.GPU.S9825,FourHundredGigE1/0/31,2164,757663,2355,768579,0,0
2024/05/24 星期五 00:46:02.421,1716482762421,NH-DC-NM224-J08-ROCE-ST-leaf-4.GPU.S9825,FourHundredGigE1/0/31,0,0,0,0,0,0
2024/05/24 星期五 00:46:03.583,1716482763583,NH-DC-NM224-J08-ROCE-ST-leaf-4.GPU.S9825,FourHundredGigE1/0/31,2091,694248,1962,687024,0,0
2024/05/24 星期五 00:46:04.085,1716482764085,NH-DC-NM224-J08-ROCE-ST-leaf-4.GPU.S9825,FourHundredGigE1/0/31,3420,1078776,2758,1041771,0,0
2024/05/24 星期五 00:46:04.585,1716482764585,NH-DC-NM224-J08-ROCE-ST-leaf-4.GPU.S9825,FourHundredGigE1/0/31,1008,334324,940,334978,0,0
2024/05/24 星期五 00:46:05.085,1716482765085,NH-DC-NM224-J08-ROCE-ST-leaf-4.GPU.S9825,FourHundredGigE1/0/31,0,0,0,0,0,0
2024/05/24 星期五 00:46:05.584,1716482765584,NH-DC-NM224-J08-ROCE-ST-leaf-4.GPU.S9825,FourHundredGigE1/0/31,2314,745318,2008,728384,0,0
2024/05/24 星期五 00:46:06.086,1716482766086,NH-DC-NM224-J08-ROCE-ST-leaf-4.GPU.S9825,FourHundredGigE1/0/31,0,0,0,0,0,0
2024/05/24 星期五 00:46:06.613,1716482766613,NH-DC-NM224-J08-ROCE-ST-leaf-4.GPU.S9825,FourHundredGigE1/0/31,1022,393129,1386,418755,0,0
2024/05/24 星期五 00:46:07.588,1716482767588,NH-DC-NM224-J08-ROCE-ST-leaf-4.GPU.S9825,FourHundredGigE1/0/31,1798,613486,1823,615729,0,0
2024/05/24 星期五 00:46:08.089,1716482768089,NH-DC-NM224-J08-ROCE-ST-leaf-4.GPU.S9825,FourHundredGigE1/0/31,0,0,0,0,0,0
2024/05/24 星期五 00:46:08.594,1716482768594,NH-DC-NM224-J08-ROCE-ST-leaf-4.GPU.S9825,FourHundredGigE1/0/31,2473,773026,1976,745414,0,0
2024/05/24 星期五 00:46:09.093,1716482769093,NH-DC-NM224-J08-ROCE-ST-leaf-4.GPU.S9825,FourHundredGigE1/0/31,0,0,0,0,0,0
2024/05/24 星期五 00:46:09.595,1716482769595,NH-DC-NM224-J08-ROCE-ST-leaf-4.GPU.S9825,FourHundredGigE1/0/31,821,295456,976,302972,0,0
2024/05/24 星期五 00:46:10.096,1716482770096,NH-DC-NM224-J08-ROCE-ST-leaf-4.GPU.S9825,FourHundredGigE1/0/31,0,0,0,0,0,0
2024/05/24 星期五 00:46:10.597,1716482770597,NH-DC-NM224-J08-ROCE-ST-leaf-4.GPU.S9825,FourHundredGigE1/0/31,1301,465618,1492,476575,0,0
2024/05/24 星期五 00:46:11.102,1716482771102,NH-DC-NM224-J08-ROCE-ST-leaf-4.GPU.S9825,FourHundredGigE1/0/31,0,0,0,0,0,0
2024/05/24 星期五 00:46:11.602,1716482771602,NH-DC-NM224-J08-ROCE-ST-leaf-4.GPU.S9825,FourHundredGigE1/0/31,2192,715672,1970,703307,0,0
2024/05/24 星期五 00:46:12.103,1716482772103,NH-DC-NM224-J08-ROCE-ST-leaf-4.GPU.S9825,FourHundredGigE1/0/31,0,0,0,0,0,0
2024/05/24 星期五 00:46:12.614,1716482772614,NH-DC-NM224-J08-ROCE-ST-leaf-4.GPU.S9825,FourHundredGigE1/0/31,3045,958350,2451,925086,0,0
2024/05/24 星期五 00:46:13.114,1716482773114,NH-DC-NM224-J08-ROCE-ST-leaf-4.GPU.S9825,FourHundredGigE1/0/31,0,0,0,0,0,0
2024/05/24 星期五 00:46:13.615,1716482773615,NH-DC-NM224-J08-ROCE-ST-leaf-4.GPU.S9825,FourHundredGigE1/0/31,1877,621820,1763,615503,0,0
2024/05/24 星期五 00:46:14.127,1716482774127,NH-DC-NM224-J08-ROCE-ST-leaf-4.GPU.S9825,FourHundredGigE1/0/31,0,0,0,0,0,0
2024/05/24 星期五 00:46:14.629,1716482774629,NH-DC-NM224-J08-ROCE-ST-leaf-4.GPU.S9825,FourHundredGigE1/0/31,2253,723460,1936,705514,0,0
2024/05/24 星期五 00:46:15.130,1716482775130,NH-DC-NM224-J08-ROCE-ST-leaf-4.GPU.S9825,FourHundredGigE1/0/31,0,0,0,0,0,0
2024/05/24 星期五 00:46:15.635,1716482775635,NH-DC-NM224-J08-ROCE-ST-leaf-4.GPU.S9825,FourHundredGigE1/0/31,926,357048,1269,376458,0,0
2024/05/24 星期五 00:46:16.133,1716482776133,NH-DC-NM224-J08-ROCE-ST-leaf-4.GPU.S9825,FourHundredGigE1/0/31,0,0,0,0,0,0
2024/05/24 星期五 00:46:16.633,1716482776633,NH-DC-NM224-J08-ROCE-ST-leaf-4.GPU.S9825,FourHundredGigE1/0/31,1369,504458,1662,520933,0,0
2024/05/24 星期五 00:46:17.143,1716482777143,NH-DC-NM224-J08-ROCE-ST-leaf-4.GPU.S9825,FourHundredGigE1/0/31,0,0,0,0,0,0
2024/05/24 星期五 00:46:17.642,1716482777642,NH-DC-NM224-J08-ROCE-ST-leaf-4.GPU.S9825,FourHundredGigE1/0/31,1238,466900,1586,486455,0,0
2024/05/24 星期五 00:46:18.142,1716482778142,NH-DC-NM224-J08-ROCE-ST-leaf-4.GPU.S9825,FourHundredGigE1/0/31,0,0,0,0,0,0
2024/05/24 星期五 00:46:18.644,1716482778644,NH-DC-NM224-J08-ROCE-ST-leaf-4.GPU.S9825,FourHundredGigE1/0/31,1614,569424,1768,578074,0,0
2024/05/24 星期五 00:46:19.148,1716482779148,NH-DC-NM224-J08-ROCE-ST-leaf-4.GPU.S9825,FourHundredGigE1/0/31,0,0,0,0,0,0
2024/05/24 星期五 00:46:19.650,1716482779650,NH-DC-NM224-J08-ROCE-ST-leaf-4.GPU.S9825,FourHundredGigE1/0/31,1471,513228,1578,519026,0,0
2024/05/24 星期五 00:46:20.151,1716482780151,NH-DC-NM224-J08-ROCE-ST-leaf-4.GPU.S9825,FourHundredGigE1/0/31,0,0,0,0,0,0
2024/05/24 星期五 00:46:20.646,1716482780646,NH-DC-NM224-J08-ROCE-ST-leaf-4.GPU.S9825,FourHundredGigE1/0/31,2906,945318,2557,926035,0,0
2024/05/24 星期五 00:46:21.150,1716482781150,NH-DC-NM224-J08-ROCE-ST-leaf-4.GPU.S9825,FourHundredGigE1/0/31,0,0,0,0,0,0
2024/05/24 星期五 00:46:21.658,1716482781658,NH-DC-NM224-J08-ROCE-ST-leaf-4.GPU.S9825,FourHundredGigE1/0/31,2543,803656,2087,778187,0,0
2024/05/24 星期五 00:46:22.157,1716482782157,NH-DC-NM224-J08-ROCE-ST-leaf-4.GPU.S9825,FourHundredGigE1/0/31,0,0,0,0,0,0
2024/05/24 星期五 00:46:22.657,1716482782657,NH-DC-NM224-J08-ROCE-ST-leaf-4.GPU.S9825,FourHundredGigE1/0/31,1554,501240,1383,491664,0,0
2024/05/24 星期五 00:46:23.159,1716482783159,NH-DC-NM224-J08-ROCE-ST-leaf-4.GPU.S9825,FourHundredGigE1/0/31,0,0,0,0,0,0
2024/05/24 星期五 00:46:23.659,1716482783659,NH-DC-NM224-J08-ROCE-ST-leaf-4.GPU.S9825,FourHundredGigE1/0/31,1433,482638,1424,482201,0,0
2024/05/24 星期五 00:46:24.161,1716482784161,NH-DC-NM224-J08-ROCE-ST-leaf-4.GPU.S9825,FourHundredGigE1/0/31,0,0,0,0,0,0
2024/05/24 星期五 00:46:25.237,1716482785237,NH-DC-NM224-J08-ROCE-ST-leaf-4.GPU.S9825,FourHundredGigE1/0/31,1321,479862,1557,492884,0,0
2024/05/24 星期五 00:46:25.748,1716482785748,NH-DC-NM224-J08-ROCE-ST-leaf-4.GPU.S9825,FourHundredGigE1/0/31,2216,730194,2040,720540,0,0
2024/05/24 星期五 00:46:26.251,1716482786251,NH-DC-NM224-J08-ROCE-ST-leaf-4.GPU.S9825,FourHundredGigE1/0/31,0,0,0,0,0,0
2024/05/24 星期五 00:46:26.753,1716482786753,NH-DC-NM224-J08-ROCE-ST-leaf-4.GPU.S9825,FourHundredGigE1/0/31,1137,419196,1399,433935,0,0
2024/05/24 星期五 00:46:27.253,1716482787253,NH-DC-NM224-J08-ROCE-ST-leaf-4.GPU.S9825,FourHundredGigE1/0/31,0,0,0,0,0,0
2024/05/24 星期五 00:46:27.753,1716482787753,NH-DC-NM224-J08-ROCE-ST-leaf-4.GPU.S9825,FourHundredGigE1/0/31,1997,678034,1982,677261,0,0
2024/05/24 星期五 00:46:28.254,1716482788254,NH-DC-NM224-J08-ROCE-ST-leaf-4.GPU.S9825,FourHundredGigE1/0/31,0,0,0,0,0,0
2024/05/24 星期五 00:46:28.757,1716482788757,NH-DC-NM224-J08-ROCE-ST-leaf-4.GPU.S9825,FourHundredGigE1/0/31,1792,627572,1920,634766,0,0
2024/05/24 星期五 00:46:29.264,1716482789264,NH-DC-NM224-J08-ROCE-ST-leaf-4.GPU.S9825,FourHundredGigE1/0/31,1783,593772,1698,588818,0,0
2024/05/24 星期五 00:46:29.766,1716482789766,NH-DC-NM224-J08-ROCE-ST-leaf-4.GPU.S9825,FourHundredGigE1/0/31,0,0,0,0,0,0
2024/05/24 星期五 00:46:30.269,1716482790269,NH-DC-NM224-J08-ROCE-ST-leaf-4.GPU.S9825,FourHundredGigE1/0/31,0,0,0,0,0,0
2024/05/24 星期五 00:46:31.224,1716482791224,NH-DC-NM224-J08-ROCE-ST-leaf-4.GPU.S9825,FourHundredGigE1/0/31,2196,711778,1970,697689,0,0
2024/05/24 星期五 00:46:31.726,1716482791726,NH-DC-NM224-J08-ROCE-ST-leaf-4.GPU.S9825,FourHundredGigE1/0/31,1478,533776,1712,546947,0,0
2024/05/24 星期五 00:46:32.227,1716482792227,NH-DC-NM224-J08-ROCE-ST-leaf-4.GPU.S9825,FourHundredGigE1/0/31,0,0,0,0,0,0
2024/05/24 星期五 00:46:32.733,1716482792733,NH-DC-NM224-J08-ROCE-ST-leaf-4.GPU.S9825,FourHundredGigE1/0/31,1813,632690,1925,638962,0,0
2024/05/24 星期五 00:46:33.234,1716482793234,NH-DC-NM224-J08-ROCE-ST-leaf-4.GPU.S9825,FourHundredGigE1/0/31,0,0,0,0,0,0
2024/05/24 星期五 00:46:33.737,1716482793737,NH-DC-NM224-J08-ROCE-ST-leaf-4.GPU.S9825,FourHundredGigE1/0/31,1527,532832,1668,539101,0,0
2024/05/24 星期五 00:46:34.238,1716482794238,NH-DC-NM224-J08-ROCE-ST-leaf-4.GPU.S9825,FourHundredGigE1/0/31,0,0,0,0,0,0
2024/05/24 星期五 00:46:34.756,1716482794756,NH-DC-NM224-J08-ROCE-ST-leaf-4.GPU.S9825,FourHundredGigE1/0/31,1113,398572,1288,408178,0,0
2024/05/24 星期五 00:46:35.258,1716482795258,NH-DC-NM224-J08-ROCE-ST-leaf-4.GPU.S9825,FourHundredGigE1/0/31,1304,460114,1450,468298,0,0
2024/05/24 星期五 00:46:35.760,1716482795760,NH-DC-NM224-J08-ROCE-ST-leaf-4.GPU.S9825,FourHundredGigE1/0/31,0,0,0,0,0,0
2024/05/24 星期五 00:46:36.261,1716482796261,NH-DC-NM224-J08-ROCE-ST-leaf-4.GPU.S9825,FourHundredGigE1/0/31,0,0,0,0,0,0
2024/05/24 星期五 00:46:36.762,1716482796762,NH-DC-NM224-J08-ROCE-ST-leaf-4.GPU.S9825,FourHundredGigE1/0/31,2367,783114,2224,774037,0,0
2024/05/24 星期五 00:46:37.263,1716482797263,NH-DC-NM224-J08-ROCE-ST-leaf-4.GPU.S9825,FourHundredGigE1/0/31,0,0,0,0,0,0
2024/05/24 星期五 00:46:37.765,1716482797765,NH-DC-NM224-J08-ROCE-ST-leaf-4.GPU.S9825,FourHundredGigE1/0/31,1316,458458,1460,464327,0,0
2024/05/24 星期五 00:46:38.283,1716482798283,NH-DC-NM224-J08-ROCE-ST-leaf-4.GPU.S9825,FourHundredGigE1/0/31,1153,0,0,0,0,0
2024/05/24 星期五 00:46:38.793,1716482798793,NH-DC-NM224-J08-ROCE-ST-leaf-4.GPU.S9825,FourHundredGigE1/0/31,0,418518,1393,430858,0,0
2024/05/24 星期五 00:46:39.293,1716482799293,NH-DC-NM224-J08-ROCE-ST-leaf-4.GPU.S9825,FourHundredGigE1/0/31,2140,681032,1832,661896,0,0
2024/05/24 星期五 00:46:39.793,1716482799793,NH-DC-NM224-J08-ROCE-ST-leaf-4.GPU.S9825,FourHundredGigE1/0/31,0,0,0,0,0,0
2024/05/24 星期五 00:46:40.303,1716482800303,NH-DC-NM224-J08-ROCE-ST-leaf-4.GPU.S9825,FourHundredGigE1/0/31,1743,585315,1736,588328,0,0
2024/05/24 星期五 00:46:40.802,1716482800802,NH-DC-NM224-J08-ROCE-ST-leaf-4.GPU.S9825,FourHundredGigE1/0/31,0,0,0,0,0,0
2024/05/24 星期五 00:46:41.302,1716482801302,NH-DC-NM224-J08-ROCE-ST-leaf-4.GPU.S9825,FourHundredGigE1/0/31,0,0,0,0,0,0
2024/05/24 星期五 00:46:41.806,1716482801806,NH-DC-NM224-J08-ROCE-ST-leaf-4.GPU.S9825,FourHundredGigE1/0/31,2392,773818,2111,760089,0,0
2024/05/24 星期五 00:46:42.308,1716482802308,NH-DC-NM224-J08-ROCE-ST-leaf-4.GPU.S9825,FourHundredGigE1/0/31,0,0,0,0,0,0
2024/05/24 星期五 00:46:42.809,1716482802809,NH-DC-NM224-J08-ROCE-ST-leaf-4.GPU.S9825,FourHundredGigE1/0/31,1649,573170,1778,573798,0,0
2024/05/24 星期五 00:46:43.313,1716482803313,NH-DC-NM224-J08-ROCE-ST-leaf-4.GPU.S9825,FourHundredGigE1/0/31,0,0,0,0,0,0
2024/05/24 星期五 00:46:43.832,1716482803832,NH-DC-NM224-J08-ROCE-ST-leaf-4.GPU.S9825,FourHundredGigE1/0/31,0,0,0,0,0,0
2024/05/24 星期五 00:46:44.333,1716482804333,NH-DC-NM224-J08-ROCE-ST-leaf-4.GPU.S9825,FourHundredGigE1/0/31,2930,959102,2661,948567,0,0
2024/05/24 星期五 00:46:44.836,1716482804836,NH-DC-NM224-J08-ROCE-ST-leaf-4.GPU.S9825,FourHundredGigE1/0/31,0,0,0,0,0,0
2024/05/24 星期五 00:46:45.337,1716482805337,NH-DC-NM224-J08-ROCE-ST-leaf-4.GPU.S9825,FourHundredGigE1/0/31,0,0,0,0,0,0
2024/05/24 星期五 00:46:46.310,1716482806310,NH-DC-NM224-J08-ROCE-ST-leaf-4.GPU.S9825,FourHundredGigE1/0/31,1070,428630,1563,456701,0,0
2024/05/24 星期五 00:46:46.813,1716482806813,NH-DC-NM224-J08-ROCE-ST-leaf-4.GPU.S9825,FourHundredGigE1/0/31,1857,662382,2085,676896,0,0
2024/05/24 星期五 00:46:47.828,1716482807828,NH-DC-NM224-J08-ROCE-ST-leaf-4.GPU.S9825,FourHundredGigE1/0/31,2495,847876,2493,841455,0,0
2024/05/24 星期五 00:46:48.334,1716482808334,NH-DC-NM224-J08-ROCE-ST-leaf-4.GPU.S9825,FourHundredGigE1/0/31,0,0,0,0,0,0
2024/05/24 星期五 00:46:48.834,1716482808834,NH-DC-NM224-J08-ROCE-ST-leaf-4.GPU.S9825,FourHundredGigE1/0/31,2394,761164,2005,739768,0,0
2024/05/24 星期五 00:46:49.337,1716482809337,NH-DC-NM224-J08-ROCE-ST-leaf-4.GPU.S9825,FourHundredGigE1/0/31,206,93164,392,107460,0,0
2024/05/24 星期五 00:46:49.837,1716482809837,NH-DC-NM224-J08-ROCE-ST-leaf-4.GPU.S9825,FourHundredGigE1/0/31,0,0,0,0,0,0
2024/05/24 星期五 00:46:50.337,1716482810337,NH-DC-NM224-J08-ROCE-ST-leaf-4.GPU.S9825,FourHundredGigE1/0/31,1417,515030,1668,529153,0,0
2024/05/24 星期五 00:46:50.838,1716482810838,NH-DC-NM224-J08-ROCE-ST-leaf-4.GPU.S9825,FourHundredGigE1/0/31,0,0,0,0,0,0
2024/05/24 星期五 00:46:51.337,1716482811337,NH-DC-NM224-J08-ROCE-ST-leaf-4.GPU.S9825,FourHundredGigE1/0/31,2009,652872,1795,641149,0,0
2024/05/24 星期五 00:46:51.847,1716482811847,NH-DC-NM224-J08-ROCE-ST-leaf-4.GPU.S9825,FourHundredGigE1/0/31,0,0,0,0,0,0
2024/05/24 星期五 00:46:52.347,1716482812347,NH-DC-NM224-J08-ROCE-ST-leaf-4.GPU.S9825,FourHundredGigE1/0/31,636,288210,1194,319458,0,0
2024/05/24 星期五 00:46:52.849,1716482812849,NH-DC-NM224-J08-ROCE-ST-leaf-4.GPU.S9825,FourHundredGigE1/0/31,0,0,0,0,0,0
2024/05/24 星期五 00:46:53.357,1716482813357,NH-DC-NM224-J08-ROCE-ST-leaf-4.GPU.S9825,FourHundredGigE1/0/31,1219,459266,1560,478429,0,0
2024/05/24 星期五 00:46:53.858,1716482813858,NH-DC-NM224-J08-ROCE-ST-leaf-4.GPU.S9825,FourHundredGigE1/0/31,0,0,0,0,0,0
2024/05/24 星期五 00:46:54.375,1716482814375,NH-DC-NM224-J08-ROCE-ST-leaf-4.GPU.S9825,FourHundredGigE1/0/31,1527,492980,1373,487997,0,0
2024/05/24 星期五 00:46:54.874,1716482814874,NH-DC-NM224-J08-ROCE-ST-leaf-4.GPU.S9825,FourHundredGigE1/0/31,0,0,0,0,0,0
2024/05/24 星期五 00:46:55.373,1716482815373,NH-DC-NM224-J08-ROCE-ST-leaf-4.GPU.S9825,FourHundredGigE1/0/31,1827,641388,1968,649292,0,0
2024/05/24 星期五 00:46:55.874,1716482815874,NH-DC-NM224-J08-ROCE-ST-leaf-4.GPU.S9825,FourHundredGigE1/0/31,0,0,0,0,0,0
2024/05/24 星期五 00:46:56.373,1716482816373,NH-DC-NM224-J08-ROCE-ST-leaf-4.GPU.S9825,FourHundredGigE1/0/31,701,280032,1051,299893,0,0
2024/05/24 星期五 00:46:56.875,1716482816875,NH-DC-NM224-J08-ROCE-ST-leaf-4.GPU.S9825,FourHundredGigE1/0/31,0,0,0,0,0,0
2024/05/24 星期五 00:46:57.675,1716482817675,NH-DC-NM224-J08-ROCE-ST-leaf-4.GPU.S9825,FourHundredGigE1/0/31,2148,689556,1852,673047,0,0
2024/05/24 星期五 00:46:58.181,1716482818181,NH-DC-NM224-J08-ROCE-ST-leaf-4.GPU.S9825,FourHundredGigE1/0/31,0,0,0,0,0,0
2024/05/24 星期五 00:46:58.684,1716482818684,NH-DC-NM224-J08-ROCE-ST-leaf-4.GPU.S9825,FourHundredGigE1/0/31,2471,761980,1906,730358,0,0
2024/05/24 星期五 00:46:59.187,1716482819187,NH-DC-NM224-J08-ROCE-ST-leaf-4.GPU.S9825,FourHundredGigE1/0/31,0,0,0,0,0,0
2024/05/24 星期五 00:46:59.707,1716482819707,NH-DC-NM224-J08-ROCE-ST-leaf-4.GPU.S9825,FourHundredGigE1/0/31,1466,501278,1522,504188,0,0
2024/05/24 星期五 00:47:01.872,1716482821872,NH-DC-NM224-J08-ROCE-ST-leaf-4.GPU.S9825,FourHundredGigE1/0/31,4446,1470431,4147,1458878,0,0
2024/05/24 星期五 00:47:02.375,1716482822375,NH-DC-NM224-J08-ROCE-ST-leaf-4.GPU.S9825,FourHundredGigE1/0/31,1969,640988,1766,629620,0,0
2024/05/24 星期五 00:47:02.876,1716482822876,NH-DC-NM224-J08-ROCE-ST-leaf-4.GPU.S9825,FourHundredGigE1/0/31,0,0,0,0,0,0
2024/05/24 星期五 00:47:03.380,1716482823380,NH-DC-NM224-J08-ROCE-ST-leaf-4.GPU.S9825,FourHundredGigE1/0/31,1403,516874,1700,533573,0,0
2024/05/24 星期五 00:47:03.882,1716482823882,NH-DC-NM224-J08-ROCE-ST-leaf-4.GPU.S9825,FourHundredGigE1/0/31,0,0,0,0,0,0
2024/05/24 星期五 00:47:04.385,1716482824385,NH-DC-NM224-J08-ROCE-ST-leaf-4.GPU.S9825,FourHundredGigE1/0/31,1681,567036,1656,565442,0,0
2024/05/24 星期五 00:47:04.898,1716482824898,NH-DC-NM224-J08-ROCE-ST-leaf-4.GPU.S9825,FourHundredGigE1/0/31,0,0,0,0,0,0
2024/05/24 星期五 00:47:05.401,1716482825401,NH-DC-NM224-J08-ROCE-ST-leaf-4.GPU.S9825,FourHundredGigE1/0/31,2601,808686,2043,777446,0,0
2024/05/24 星期五 00:47:05.904,1716482825904,NH-DC-NM224-J08-ROCE-ST-leaf-4.GPU.S9825,FourHundredGigE1/0/31,0,0,0,0,0,0
2024/05/24 星期五 00:47:06.407,1716482826407,NH-DC-NM224-J08-ROCE-ST-leaf-4.GPU.S9825,FourHundredGigE1/0/31,2287,738165,2001,727585,0,0
2024/05/24 星期五 00:47:07.036,1716482827036,NH-DC-NM224-J08-ROCE-ST-leaf-4.GPU.S9825,FourHundredGigE1/0/31,0,0,0,0,0,0
2024/05/24 星期五 00:47:07.538,1716482827538,NH-DC-NM224-J08-ROCE-ST-leaf-4.GPU.S9825,FourHundredGigE1/0/31,1083,390330,1276,401205,0,0
2024/05/24 星期五 00:47:08.041,1716482828041,NH-DC-NM224-J08-ROCE-ST-leaf-4.GPU.S9825,FourHundredGigE1/0/31,0,0,0,0,0,0
2024/05/24 星期五 00:47:08.543,1716482828543,NH-DC-NM224-J08-ROCE-ST-leaf-4.GPU.S9825,FourHundredGigE1/0/31,1641,556482,1642,556564,0,0
2024/05/24 星期五 00:47:09.045,1716482829045,NH-DC-NM224-J08-ROCE-ST-leaf-4.GPU.S9825,FourHundredGigE1/0/31,0,0,0,0,0,0
2024/05/24 星期五 00:47:09.556,1716482829556,NH-DC-NM224-J08-ROCE-ST-leaf-4.GPU.S9825,FourHundredGigE1/0/31,2169,681964,1768,659314,0,0
2024/05/24 星期五 00:47:10.055,1716482830055,NH-DC-NM224-J08-ROCE-ST-leaf-4.GPU.S9825,FourHundredGigE1/0/31,0,0,0,0,0,0
2024/05/24 星期五 00:47:10.558,1716482830558,NH-DC-NM224-J08-ROCE-ST-leaf-4.GPU.S9825,FourHundredGigE1/0/31,1595,539890,1592,539789,0,0
2024/05/24 星期五 00:47:11.442,1716482831442,NH-DC-NM224-J08-ROCE-ST-leaf-4.GPU.S9825,FourHundredGigE1/0/31,2003,688898,2052,692097,0,0
2024/05/24 星期五 00:47:11.941,1716482831941,NH-DC-NM224-J08-ROCE-ST-leaf-4.GPU.S9825,FourHundredGigE1/0/31,0,0,0,0,0,0
2024/05/24 星期五 00:47:12.441,1716482832441,NH-DC-NM224-J08-ROCE-ST-leaf-4.GPU.S9825,FourHundredGigE1/0/31,0,0,0,0,0,0
2024/05/24 星期五 00:47:12.941,1716482832941,NH-DC-NM224-J08-ROCE-ST-leaf-4.GPU.S9825,FourHundredGigE1/0/31,2214,755520,2229,758106,0,0
2024/05/24 星期五 00:47:13.441,1716482833441,NH-DC-NM224-J08-ROCE-ST-leaf-4.GPU.S9825,FourHundredGigE1/0/31,0,0,0,0,0,0
2024/05/24 星期五 00:47:13.942,1716482833942,NH-DC-NM224-J08-ROCE-ST-leaf-4.GPU.S9825,FourHundredGigE1/0/31,1304,522370,1922,551807,0,0
2024/05/24 星期五 00:47:14.446,1716482834446,NH-DC-NM224-J08-ROCE-ST-leaf-4.GPU.S9825,FourHundredGigE1/0/31,519,176798,524,180182,0,0
2024/05/24 星期五 00:47:14.945,1716482834945,NH-DC-NM224-J08-ROCE-ST-leaf-4.GPU.S9825,FourHundredGigE1/0/31,0,0,0,0,0,0
2024/05/24 星期五 00:47:15.446,1716482835446,NH-DC-NM224-J08-ROCE-ST-leaf-4.GPU.S9825,FourHundredGigE1/0/31,2745,843030,2079,805742,0,0
2024/05/24 星期五 00:47:15.947,1716482835947,NH-DC-NM224-J08-ROCE-ST-leaf-4.GPU.S9825,FourHundredGigE1/0/31,0,0,0,0,0,0
2024/05/24 星期五 00:47:16.450,1716482836450,NH-DC-NM224-J08-ROCE-ST-leaf-4.GPU.S9825,FourHundredGigE1/0/31,2461,784618,2072,763095,0,0
2024/05/24 星期五 00:47:16.951,1716482836951,NH-DC-NM224-J08-ROCE-ST-leaf-4.GPU.S9825,FourHundredGigE1/0/31,0,0,0,0,0,0
2024/05/24 星期五 00:47:17.454,1716482837454,NH-DC-NM224-J08-ROCE-ST-leaf-4.GPU.S9825,FourHundredGigE1/0/31,0,0,0,0,0,0
2024/05/24 星期五 00:47:17.954,1716482837954,NH-DC-NM224-J08-ROCE-ST-leaf-4.GPU.S9825,FourHundredGigE1/0/31,1776,611378,1839,615749,0,0
2024/05/24 星期五 00:47:18.458,1716482838458,NH-DC-NM224-J08-ROCE-ST-leaf-4.GPU.S9825,FourHundredGigE1/0/31,0,0,0,0,0,0
2024/05/24 星期五 00:47:18.959,1716482838959,NH-DC-NM224-J08-ROCE-ST-leaf-4.GPU.S9825,FourHundredGigE1/0/31,2417,808078,2339,798498,0,0
2024/05/24 星期五 00:47:19.462,1716482839462,NH-DC-NM224-J08-ROCE-ST-leaf-4.GPU.S9825,FourHundredGigE1/0/31,265,121450,508,139326,0,0
2024/05/24 星期五 00:47:19.962,1716482839962,NH-DC-NM224-J08-ROCE-ST-leaf-4.GPU.S9825,FourHundredGigE1/0/31,0,0,0,0,0,0
2024/05/24 星期五 00:47:20.462,1716482840462,NH-DC-NM224-J08-ROCE-ST-leaf-4.GPU.S9825,FourHundredGigE1/0/31,1670,570808,1700,572555,0,0
2024/05/24 星期五 00:47:20.968,1716482840968,NH-DC-NM224-J08-ROCE-ST-leaf-4.GPU.S9825,FourHundredGigE1/0/31,0,0,0,0,0,0
2024/05/24 星期五 00:47:21.470,1716482841470,NH-DC-NM224-J08-ROCE-ST-leaf-4.GPU.S9825,FourHundredGigE1/0/31,0,0,0,0,0,0
2024/05/24 星期五 00:47:21.971,1716482841971,NH-DC-NM224-J08-ROCE-ST-leaf-4.GPU.S9825,FourHundredGigE1/0/31,2014,688710,2053,693095,0,0
2024/05/24 星期五 00:47:22.474,1716482842474,NH-DC-NM224-J08-ROCE-ST-leaf-4.GPU.S9825,FourHundredGigE1/0/31,0,0,0,0,0,0
2024/05/24 星期五 00:47:22.973,1716482842973,NH-DC-NM224-J08-ROCE-ST-leaf-4.GPU.S9825,FourHundredGigE1/0/31,2347,759044,2099,739918,0,0
2024/05/24 星期五 00:47:23.474,1716482843474,NH-DC-NM224-J08-ROCE-ST-leaf-4.GPU.S9825,FourHundredGigE1/0/31,0,0,0,0,0,0
2024/05/24 星期五 00:47:23.975,1716482843975,NH-DC-NM224-J08-ROCE-ST-leaf-4.GPU.S9825,FourHundredGigE1/0/31,664,301182,1249,334397,0,0
2024/05/24 星期五 00:47:24.477,1716482844477,NH-DC-NM224-J08-ROCE-ST-leaf-4.GPU.S9825,FourHundredGigE1/0/31,955,314202,858,311486,0,0
2024/05/24 星期五 00:47:24.977,1716482844977,NH-DC-NM224-J08-ROCE-ST-leaf-4.GPU.S9825,FourHundredGigE1/0/31,0,0,0,0,0,0
2024/05/24 星期五 00:47:25.478,1716482845478,NH-DC-NM224-J08-ROCE-ST-leaf-4.GPU.S9825,FourHundredGigE1/0/31,1510,496178,1412,490698,0,0
2024/05/24 星期五 00:47:25.990,1716482845990,NH-DC-NM224-J08-ROCE-ST-leaf-4.GPU.S9825,FourHundredGigE1/0/31,0,0,0,0,0,0
2024/05/24 星期五 00:47:26.490,1716482846490,NH-DC-NM224-J08-ROCE-ST-leaf-4.GPU.S9825,FourHundredGigE1/0/31,1083,381578,1218,389399,0,0
2024/05/24 星期五 00:47:26.989,1716482846989,NH-DC-NM224-J08-ROCE-ST-leaf-4.GPU.S9825,FourHundredGigE1/0/31,0,0,0,0,0,0
2024/05/24 星期五 00:47:27.499,1716482847499,NH-DC-NM224-J08-ROCE-ST-leaf-4.GPU.S9825,FourHundredGigE1/0/31,1884,629220,1804,624807,0,0
2024/05/24 星期五 00:47:27.999,1716482847999,NH-DC-NM224-J08-ROCE-ST-leaf-4.GPU.S9825,FourHundredGigE1/0/31,0,0,0,0,0,0
2024/05/24 星期五 00:47:28.502,1716482848502,NH-DC-NM224-J08-ROCE-ST-leaf-4.GPU.S9825,FourHundredGigE1/0/31,2048,652420,1736,634974,0,0
2024/05/24 星期五 00:47:29.007,1716482849007,NH-DC-NM224-J08-ROCE-ST-leaf-4.GPU.S9825,FourHundredGigE1/0/31,0,0,0,0,0,0
2024/05/24 星期五 00:47:29.507,1716482849507,NH-DC-NM224-J08-ROCE-ST-leaf-4.GPU.S9825,FourHundredGigE1/0/31,1323,471652,1498,481258,0,0
2024/05/24 星期五 00:47:30.006,1716482850006,NH-DC-NM224-J08-ROCE-ST-leaf-4.GPU.S9825,FourHundredGigE1/0/31,0,0,0,0,0,0
2024/05/24 星期五 00:47:30.509,1716482850509,NH-DC-NM224-J08-ROCE-ST-leaf-4.GPU.S9825,FourHundredGigE1/0/31,1052,405238,1421,425969,0,0
2024/05/24 星期五 00:47:31.034,1716482851034,NH-DC-NM224-J08-ROCE-ST-leaf-4.GPU.S9825,FourHundredGigE1/0/31,0,0,0,0,0,0
2024/05/24 星期五 00:47:31.534,1716482851534,NH-DC-NM224-J08-ROCE-ST-leaf-4.GPU.S9825,FourHundredGigE1/0/31,1996,690688,2072,695205,0,0
2024/05/24 星期五 00:47:32.034,1716482852034,NH-DC-NM224-J08-ROCE-ST-leaf-4.GPU.S9825,FourHundredGigE1/0/31,0,0,0,0,0,0
2024/05/24 星期五 00:47:32.534,1716482852534,NH-DC-NM224-J08-ROCE-ST-leaf-4.GPU.S9825,FourHundredGigE1/0/31,2245,731342,2003,717790,0,0
2024/05/24 星期五 00:47:33.034,1716482853034,NH-DC-NM224-J08-ROCE-ST-leaf-4.GPU.S9825,FourHundredGigE1/0/31,0,0,0,0,0,0
2024/05/24 星期五 00:47:33.536,1716482853536,NH-DC-NM224-J08-ROCE-ST-leaf-4.GPU.S9825,FourHundredGigE1/0/31,3406,1031564,2454,978319,0,0
2024/05/24 星期五 00:47:34.038,1716482854038,NH-DC-NM224-J08-ROCE-ST-leaf-4.GPU.S9825,FourHundredGigE1/0/31,0,0,0,0,0,0
2024/05/24 星期五 00:47:34.541,1716482854541,NH-DC-NM224-J08-ROCE-ST-leaf-4.GPU.S9825,FourHundredGigE1/0/31,2123,683330,1841,667344,0,0
2024/05/24 星期五 00:47:35.043,1716482855043,NH-DC-NM224-J08-ROCE-ST-leaf-4.GPU.S9825,FourHundredGigE1/0/31,0,0,0,0,0,0
2024/05/24 星期五 00:47:35.565,1716482855565,NH-DC-NM224-J08-ROCE-ST-leaf-4.GPU.S9825,FourHundredGigE1/0/31,1732,595334,1784,598254,0,0
2024/05/24 星期五 00:47:36.042,1716482856042,NH-DC-NM224-J08-ROCE-ST-leaf-4.GPU.S9825,FourHundredGigE1/0/31,0,0,0,0,0,0
2024/05/24 星期五 00:47:36.543,1716482856543,NH-DC-NM224-J08-ROCE-ST-leaf-4.GPU.S9825,FourHundredGigE1/0/31,1071,377840,1210,386251,0,0
2024/05/24 星期五 00:47:37.044,1716482857044,NH-DC-NM224-J08-ROCE-ST-leaf-4.GPU.S9825,FourHundredGigE1/0/31,0,0,0,0,0,0
2024/05/24 星期五 00:47:37.566,1716482857566,NH-DC-NM224-J08-ROCE-ST-leaf-4.GPU.S9825,FourHundredGigE1/0/31,2068,678506,1887,668437,0,0
2024/05/24 星期五 00:47:38.069,1716482858069,NH-DC-NM224-J08-ROCE-ST-leaf-4.GPU.S9825,FourHundredGigE1/0/31,0,0,0,0,0,0
2024/05/24 星期五 00:47:39.036,1716482859036,NH-DC-NM224-J08-ROCE-ST-leaf-4.GPU.S9825,FourHundredGigE1/0/31,2660,830356,2108,799470,0,0
2024/05/24 星期五 00:47:39.538,1716482859538,NH-DC-NM224-J08-ROCE-ST-leaf-4.GPU.S9825,FourHundredGigE1/0/31,919,353982,1251,372380,0,0
2024/05/24 星期五 00:47:40.043,1716482860043,NH-DC-NM224-J08-ROCE-ST-leaf-4.GPU.S9825,FourHundredGigE1/0/31,0,0,0,0,0,0
2024/05/24 星期五 00:47:40.548,1716482860548,NH-DC-NM224-J08-ROCE-ST-leaf-4.GPU.S9825,FourHundredGigE1/0/31,871,325981,1134,345614,0,0
2024/05/24 星期五 00:47:41.045,1716482861045,NH-DC-NM224-J08-ROCE-ST-leaf-4.GPU.S9825,FourHundredGigE1/0/31,0,0,0,0,0,0
2024/05/24 星期五 00:47:41.548,1716482861548,NH-DC-NM224-J08-ROCE-ST-leaf-4.GPU.S9825,FourHundredGigE1/0/31,0,0,0,0,0,0
2024/05/24 星期五 00:47:42.050,1716482862050,NH-DC-NM224-J08-ROCE-ST-leaf-4.GPU.S9825,FourHundredGigE1/0/31,2823,897826,2366,874435,0,0
2024/05/24 星期五 00:47:42.549,1716482862549,NH-DC-NM224-J08-ROCE-ST-leaf-4.GPU.S9825,FourHundredGigE1/0/31,0,0,0,0,0,0
2024/05/24 星期五 00:47:43.049,1716482863049,NH-DC-NM224-J08-ROCE-ST-leaf-4.GPU.S9825,FourHundredGigE1/0/31,2782,910814,2525,890020,0,0
2024/05/24 星期五 00:47:43.551,1716482863551,NH-DC-NM224-J08-ROCE-ST-leaf-4.GPU.S9825,FourHundredGigE1/0/31,0,0,0,0,0,0
2024/05/24 星期五 00:47:44.054,1716482864054,NH-DC-NM224-J08-ROCE-ST-leaf-4.GPU.S9825,FourHundredGigE1/0/31,0,0,0,0,0,0
2024/05/24 星期五 00:47:44.557,1716482864557,NH-DC-NM224-J08-ROCE-ST-leaf-4.GPU.S9825,FourHundredGigE1/0/31,2338,782708,2268,782929,0,0
2024/05/24 星期五 00:47:45.061,1716482865061,NH-DC-NM224-J08-ROCE-ST-leaf-4.GPU.S9825,FourHundredGigE1/0/31,0,0,0,0,0,0
2024/05/24 星期五 00:47:45.565,1716482865565,NH-DC-NM224-J08-ROCE-ST-leaf-4.GPU.S9825,FourHundredGigE1/0/31,1692,575582,1706,576568,0,0
2024/05/24 星期五 00:47:46.066,1716482866066,NH-DC-NM224-J08-ROCE-ST-leaf-4.GPU.S9825,FourHundredGigE1/0/31,0,0,0,0,0,0
2024/05/24 星期五 00:47:46.568,1716482866568,NH-DC-NM224-J08-ROCE-ST-leaf-4.GPU.S9825,FourHundredGigE1/0/31,2338,753202,2027,736047,0,0
2024/05/24 星期五 00:47:47.069,1716482867069,NH-DC-NM224-J08-ROCE-ST-leaf-4.GPU.S9825,FourHundredGigE1/0/31,0,0,0,0,0,0
2024/05/24 星期五 00:47:48.060,1716482868060,NH-DC-NM224-J08-ROCE-ST-leaf-4.GPU.S9825,FourHundredGigE1/0/31,1596,563160,1750,571851,0,0
2024/05/24 星期五 00:47:48.561,1716482868561,NH-DC-NM224-J08-ROCE-ST-leaf-4.GPU.S9825,FourHundredGigE1/0/31,1479,512370,1564,517156,0,0
2024/05/24 星期五 00:47:49.062,1716482869062,NH-DC-NM224-J08-ROCE-ST-leaf-4.GPU.S9825,FourHundredGigE1/0/31,0,0,0,0,0,0
2024/05/24 星期五 00:47:49.564,1716482869564,NH-DC-NM224-J08-ROCE-ST-leaf-4.GPU.S9825,FourHundredGigE1/0/31,1151,426406,1394,433184,0,0
2024/05/24 星期五 00:47:50.063,1716482870063,NH-DC-NM224-J08-ROCE-ST-leaf-4.GPU.S9825,FourHundredGigE1/0/31,0,0,0,0,0,0
2024/05/24 星期五 00:47:50.563,1716482870563,NH-DC-NM224-J08-ROCE-ST-leaf-4.GPU.S9825,FourHundredGigE1/0/31,2524,804480,2151,790295,0,0
2024/05/24 星期五 00:47:51.063,1716482871063,NH-DC-NM224-J08-ROCE-ST-leaf-4.GPU.S9825,FourHundredGigE1/0/31,0,0,0,0,0,0
2024/05/24 星期五 00:47:51.564,1716482871564,NH-DC-NM224-J08-ROCE-ST-leaf-4.GPU.S9825,FourHundredGigE1/0/31,0,0,0,0,0,0
2024/05/24 星期五 00:47:52.064,1716482872064,NH-DC-NM224-J08-ROCE-ST-leaf-4.GPU.S9825,FourHundredGigE1/0/31,2253,789797,2471,807386,0,0
2024/05/24 星期五 00:47:52.566,1716482872566,NH-DC-NM224-J08-ROCE-ST-leaf-4.GPU.S9825,FourHundredGigE1/0/31,0,0,0,0,0,0
2024/05/24 星期五 00:47:53.065,1716482873065,NH-DC-NM224-J08-ROCE-ST-leaf-4.GPU.S9825,FourHundredGigE1/0/31,1476,508268,1541,512102,0,0
2024/05/24 星期五 00:47:53.568,1716482873568,NH-DC-NM224-J08-ROCE-ST-leaf-4.GPU.S9825,FourHundredGigE1/0/31,0,0,0,0,0,0
2024/05/24 星期五 00:47:54.069,1716482874069,NH-DC-NM224-J08-ROCE-ST-leaf-4.GPU.S9825,FourHundredGigE1/0/31,0,0,0,0,0,0
2024/05/24 星期五 00:47:54.569,1716482874569,NH-DC-NM224-J08-ROCE-ST-leaf-4.GPU.S9825,FourHundredGigE1/0/31,3032,990822,2744,981745,0,0
2024/05/24 星期五 00:47:55.073,1716482875073,NH-DC-NM224-J08-ROCE-ST-leaf-4.GPU.S9825,FourHundredGigE1/0/31,0,0,0,0,0,0
2024/05/24 星期五 00:47:55.574,1716482875574,NH-DC-NM224-J08-ROCE-ST-leaf-4.GPU.S9825,FourHundredGigE1/0/31,1013,362796,1188,372798,0,0
2024/05/24 星期五 00:47:56.073,1716482876073,NH-DC-NM224-J08-ROCE-ST-leaf-4.GPU.S9825,FourHundredGigE1/0/31,0,0,0,0,0,0
2024/05/24 星期五 00:47:56.579,1716482876579,NH-DC-NM224-J08-ROCE-ST-leaf-4.GPU.S9825,FourHundredGigE1/0/31,1548,536820,1636,541815,0,0
2024/05/24 星期五 00:47:57.094,1716482877094,NH-DC-NM224-J08-ROCE-ST-leaf-4.GPU.S9825,FourHundredGigE1/0/31,890,368618,1398,397327,0,0
2024/05/24 星期五 00:47:57.840,1716482877840,NH-DC-NM224-J08-ROCE-ST-leaf-4.GPU.S9825,FourHundredGigE1/0/31,0,0,0,0,0,0
2024/05/24 星期五 00:47:58.342,1716482878342,NH-DC-NM224-J08-ROCE-ST-leaf-4.GPU.S9825,FourHundredGigE1/0/31,2626,819254,2079,788648,0,0
2024/05/24 星期五 00:47:58.843,1716482878843,NH-DC-NM224-J08-ROCE-ST-leaf-4.GPU.S9825,FourHundredGigE1/0/31,0,0,0,0,0,0
2024/05/24 星期五 00:47:59.346,1716482879346,NH-DC-NM224-J08-ROCE-ST-leaf-4.GPU.S9825,FourHundredGigE1/0/31,1113,374912,1124,375140,0,0
2024/05/24 星期五 00:47:59.845,1716482879845,NH-DC-NM224-J08-ROCE-ST-leaf-4.GPU.S9825,FourHundredGigE1/0/31,0,0,0,0,0,0
2024/05/24 星期五 00:48:00.349,1716482880349,NH-DC-NM224-J08-ROCE-ST-leaf-4.GPU.S9825,FourHundredGigE1/0/31,2786,901086,2439,881883,0,0
2024/05/24 星期五 00:48:00.852,1716482880852,NH-DC-NM224-J08-ROCE-ST-leaf-4.GPU.S9825,FourHundredGigE1/0/31,0,0,0,0,0,0
2024/05/24 星期五 00:48:01.366,1716482881366,NH-DC-NM224-J08-ROCE-ST-leaf-4.GPU.S9825,FourHundredGigE1/0/31,0,0,0,0,0,0
2024/05/24 星期五 00:48:01.865,1716482881865,NH-DC-NM224-J08-ROCE-ST-leaf-4.GPU.S9825,FourHundredGigE1/0/31,3254,1023261,2649,996049,0,0
2024/05/24 星期五 00:48:02.369,1716482882369,NH-DC-NM224-J08-ROCE-ST-leaf-4.GPU.S9825,FourHundredGigE1/0/31,0,0,0,0,0,0
2024/05/24 星期五 00:48:02.876,1716482882876,NH-DC-NM224-J08-ROCE-ST-leaf-4.GPU.S9825,FourHundredGigE1/0/31,0,0,0,0,0,0
2024/05/24 星期五 00:48:03.379,1716482883379,NH-DC-NM224-J08-ROCE-ST-leaf-4.GPU.S9825,FourHundredGigE1/0/31,2941,936426,2496,906656,0,0
2024/05/24 星期五 00:48:06.581,1716482886581,NH-DC-NM224-J08-ROCE-ST-leaf-4.GPU.S9825,FourHundredGigE1/0/31,6401,2169885,6352,2175950,0,0
2024/05/24 星期五 00:48:07.086,1716482887086,NH-DC-NM224-J08-ROCE-ST-leaf-4.GPU.S9825,FourHundredGigE1/0/31,0,0,0,0,0,0
2024/05/24 星期五 00:48:07.585,1716482887585,NH-DC-NM224-J08-ROCE-ST-leaf-4.GPU.S9825,FourHundredGigE1/0/31,1273,449174,1422,458167,0,0
2024/05/24 星期五 00:48:08.085,1716482888085,NH-DC-NM224-J08-ROCE-ST-leaf-4.GPU.S9825,FourHundredGigE1/0/31,0,0,0,0,0,0
2024/05/24 星期五 00:48:08.588,1716482888588,NH-DC-NM224-J08-ROCE-ST-leaf-4.GPU.S9825,FourHundredGigE1/0/31,585,263016,1093,291490,0,0
2024/05/24 星期五 00:48:09.604,1716482889604,NH-DC-NM224-J08-ROCE-ST-leaf-4.GPU.S9825,FourHundredGigE1/0/31,1610,549442,1624,549062,0,0
2024/05/24 星期五 00:48:10.106,1716482890106,NH-DC-NM224-J08-ROCE-ST-leaf-4.GPU.S9825,FourHundredGigE1/0/31,0,0,0,0,0,0
2024/05/24 星期五 00:48:10.610,1716482890610,NH-DC-NM224-J08-ROCE-ST-leaf-4.GPU.S9825,FourHundredGigE1/0/31,1535,539166,1672,547099,0,0
2024/05/24 星期五 00:48:11.109,1716482891109,NH-DC-NM224-J08-ROCE-ST-leaf-4.GPU.S9825,FourHundredGigE1/0/31,0,0,0,0,0,0
2024/05/24 星期五 00:48:11.610,1716482891610,NH-DC-NM224-J08-ROCE-ST-leaf-4.GPU.S9825,FourHundredGigE1/0/31,1786,625484,1914,632719,0,0
2024/05/24 星期五 00:48:12.111,1716482892111,NH-DC-NM224-J08-ROCE-ST-leaf-4.GPU.S9825,FourHundredGigE1/0/31,0,0,0,0,0,0
2024/05/24 星期五 00:48:12.611,1716482892611,NH-DC-NM224-J08-ROCE-ST-leaf-4.GPU.S9825,FourHundredGigE1/0/31,1195,433402,1417,446028,0,0
2024/05/24 星期五 00:48:13.140,1716482893140,NH-DC-NM224-J08-ROCE-ST-leaf-4.GPU.S9825,FourHundredGigE1/0/31,0,0,0,0,0,0
2024/05/24 星期五 00:48:13.647,1716482893647,NH-DC-NM224-J08-ROCE-ST-leaf-4.GPU.S9825,FourHundredGigE1/0/31,1958,670156,1982,671567,0,0
2024/05/24 星期五 00:48:14.149,1716482894149,NH-DC-NM224-J08-ROCE-ST-leaf-4.GPU.S9825,FourHundredGigE1/0/31,0,0,0,0,0,0
2024/05/24 星期五 00:48:14.650,1716482894650,NH-DC-NM224-J08-ROCE-ST-leaf-4.GPU.S9825,FourHundredGigE1/0/31,2374,742930,1900,715998,0,0
2024/05/24 星期五 00:48:15.152,1716482895152,NH-DC-NM224-J08-ROCE-ST-leaf-4.GPU.S9825,FourHundredGigE1/0/31,0,0,0,0,0,0
2024/05/24 星期五 00:48:15.653,1716482895653,NH-DC-NM224-J08-ROCE-ST-leaf-4.GPU.S9825,FourHundredGigE1/0/31,1687,566104,1648,564122,0,0
2024/05/24 星期五 00:48:16.159,1716482896159,NH-DC-NM224-J08-ROCE-ST-leaf-4.GPU.S9825,FourHundredGigE1/0/31,0,0,0,0,0,0
2024/05/24 星期五 00:48:16.662,1716482896662,NH-DC-NM224-J08-ROCE-ST-leaf-4.GPU.S9825,FourHundredGigE1/0/31,1594,523628,1482,517423,0,0
2024/05/24 星期五 00:48:17.185,1716482897185,NH-DC-NM224-J08-ROCE-ST-leaf-4.GPU.S9825,FourHundredGigE1/0/31,0,0,0,0,0,0
2024/05/24 星期五 00:48:17.687,1716482897687,NH-DC-NM224-J08-ROCE-ST-leaf-4.GPU.S9825,FourHundredGigE1/0/31,3261,1033088,2667,1000085,0,0
2024/05/24 星期五 00:48:18.189,1716482898189,NH-DC-NM224-J08-ROCE-ST-leaf-4.GPU.S9825,FourHundredGigE1/0/31,0,0,0,0,0,0
2024/05/24 星期五 00:48:18.689,1716482898689,NH-DC-NM224-J08-ROCE-ST-leaf-4.GPU.S9825,FourHundredGigE1/0/31,916,352070,1245,370520,0,0
2024/05/24 星期五 00:48:19.193,1716482899193,NH-DC-NM224-J08-ROCE-ST-leaf-4.GPU.S9825,FourHundredGigE1/0/31,1222,420874,1288,424182,0,0
2024/05/24 星期五 00:48:19.695,1716482899695,NH-DC-NM224-J08-ROCE-ST-leaf-4.GPU.S9825,FourHundredGigE1/0/31,0,0,0,0,0,0
2024/05/24 星期五 00:48:20.198,1716482900198,NH-DC-NM224-J08-ROCE-ST-leaf-4.GPU.S9825,FourHundredGigE1/0/31,0,0,0,0,0,0
2024/05/24 星期五 00:48:20.698,1716482900698,NH-DC-NM224-J08-ROCE-ST-leaf-4.GPU.S9825,FourHundredGigE1/0/31,2044,684616,1964,680397,0,0
2024/05/24 星期五 00:48:21.198,1716482901198,NH-DC-NM224-J08-ROCE-ST-leaf-4.GPU.S9825,FourHundredGigE1/0/31,0,0,0,0,0,0
2024/05/24 星期五 00:48:21.699,1716482901699,NH-DC-NM224-J08-ROCE-ST-leaf-4.GPU.S9825,FourHundredGigE1/0/31,1646,564208,1688,566627,0,0
2024/05/24 星期五 00:48:22.197,1716482902197,NH-DC-NM224-J08-ROCE-ST-leaf-4.GPU.S9825,FourHundredGigE1/0/31,0,0,0,0,0,0
2024/05/24 星期五 00:48:22.698,1716482902698,NH-DC-NM224-J08-ROCE-ST-leaf-4.GPU.S9825,FourHundredGigE1/0/31,2493,775460,1964,746030,0,0
2024/05/24 星期五 00:48:23.201,1716482903201,NH-DC-NM224-J08-ROCE-ST-leaf-4.GPU.S9825,FourHundredGigE1/0/31,0,0,0,0,0,0
2024/05/24 星期五 00:48:23.701,1716482903701,NH-DC-NM224-J08-ROCE-ST-leaf-4.GPU.S9825,FourHundredGigE1/0/31,1680,564360,1642,562299,0,0
2024/05/24 星期五 00:48:24.203,1716482904203,NH-DC-NM224-J08-ROCE-ST-leaf-4.GPU.S9825,FourHundredGigE1/0/31,0,0,0,0,0,0
2024/05/24 星期五 00:48:24.706,1716482904706,NH-DC-NM224-J08-ROCE-ST-leaf-4.GPU.S9825,FourHundredGigE1/0/31,1407,484232,1466,487148,0,0
2024/05/24 星期五 00:48:25.209,1716482905209,NH-DC-NM224-J08-ROCE-ST-leaf-4.GPU.S9825,FourHundredGigE1/0/31,0,0,0,0,0,0
2024/05/24 星期五 00:48:25.722,1716482905722,NH-DC-NM224-J08-ROCE-ST-leaf-4.GPU.S9825,FourHundredGigE1/0/31,1718,586674,1746,588444,0,0
2024/05/24 星期五 00:48:26.286,1716482906286,NH-DC-NM224-J08-ROCE-ST-leaf-4.GPU.S9825,FourHundredGigE1/0/31,2061,677238,1888,667617,0,0
2024/05/24 星期五 00:48:26.785,1716482906785,NH-DC-NM224-J08-ROCE-ST-leaf-4.GPU.S9825,FourHundredGigE1/0/31,0,0,0,0,0,0
2024/05/24 星期五 00:48:27.287,1716482907287,NH-DC-NM224-J08-ROCE-ST-leaf-4.GPU.S9825,FourHundredGigE1/0/31,0,0,0,0,0,0
2024/05/24 星期五 00:48:29.137,1716482909137,NH-DC-NM224-J08-ROCE-ST-leaf-4.GPU.S9825,FourHundredGigE1/0/31,2678,972276,3158,999443,0,0
2024/05/24 星期五 00:48:29.652,1716482909652,NH-DC-NM224-J08-ROCE-ST-leaf-4.GPU.S9825,FourHundredGigE1/0/31,2167,689728,1822,670020,0,0
2024/05/24 星期五 00:48:30.153,1716482910153,NH-DC-NM224-J08-ROCE-ST-leaf-4.GPU.S9825,FourHundredGigE1/0/31,0,0,0,0,0,0
2024/05/24 星期五 00:48:30.654,1716482910654,NH-DC-NM224-J08-ROCE-ST-leaf-4.GPU.S9825,FourHundredGigE1/0/31,1728,596840,1800,601133,0,0
2024/05/24 星期五 00:48:31.158,1716482911158,NH-DC-NM224-J08-ROCE-ST-leaf-4.GPU.S9825,FourHundredGigE1/0/31,0,0,0,0,0,0
2024/05/24 星期五 00:48:31.660,1716482911660,NH-DC-NM224-J08-ROCE-ST-leaf-4.GPU.S9825,FourHundredGigE1/0/31,2004,648642,1771,635661,0,0
2024/05/24 星期五 00:48:32.160,1716482912160,NH-DC-NM224-J08-ROCE-ST-leaf-4.GPU.S9825,FourHundredGigE1/0/31,0,0,0,0,0,0
2024/05/24 星期五 00:48:32.661,1716482912661,NH-DC-NM224-J08-ROCE-ST-leaf-4.GPU.S9825,FourHundredGigE1/0/31,1874,626916,1803,623134,0,0
2024/05/24 星期五 00:48:33.163,1716482913163,NH-DC-NM224-J08-ROCE-ST-leaf-4.GPU.S9825,FourHundredGigE1/0/31,0,0,0,0,0,0
2024/05/24 星期五 00:48:33.684,1716482913684,NH-DC-NM224-J08-ROCE-ST-leaf-4.GPU.S9825,FourHundredGigE1/0/31,1963,637586,1752,625837,0,0
2024/05/24 星期五 00:48:34.191,1716482914191,NH-DC-NM224-J08-ROCE-ST-leaf-4.GPU.S9825,FourHundredGigE1/0/31,0,0,0,0,0,0
2024/05/24 星期五 00:48:34.693,1716482914693,NH-DC-NM224-J08-ROCE-ST-leaf-4.GPU.S9825,FourHundredGigE1/0/31,666,303890,1256,336542,0,0
2024/05/24 星期五 00:48:35.194,1716482915194,NH-DC-NM224-J08-ROCE-ST-leaf-4.GPU.S9825,FourHundredGigE1/0/31,0,0,0,0,0,0
2024/05/24 星期五 00:48:35.693,1716482915693,NH-DC-NM224-J08-ROCE-ST-leaf-4.GPU.S9825,FourHundredGigE1/0/31,1802,579197,1584,571094,0,0
2024/05/24 星期五 00:48:36.197,1716482916197,NH-DC-NM224-J08-ROCE-ST-leaf-4.GPU.S9825,FourHundredGigE1/0/31,0,0,0,0,0,0
2024/05/24 星期五 00:48:36.697,1716482916697,NH-DC-NM224-J08-ROCE-ST-leaf-4.GPU.S9825,FourHundredGigE1/0/31,2741,864676,2232,836605,0,0
2024/05/24 星期五 00:48:37.199,1716482917199,NH-DC-NM224-J08-ROCE-ST-leaf-4.GPU.S9825,FourHundredGigE1/0/31,0,0,0,0,0,0
2024/05/24 星期五 00:48:37.702,1716482917702,NH-DC-NM224-J08-ROCE-ST-leaf-4.GPU.S9825,FourHundredGigE1/0/31,1219,426424,1337,433293,0,0
2024/05/24 星期五 00:48:38.660,1716482918660,NH-DC-NM224-J08-ROCE-ST-leaf-4.GPU.S9825,FourHundredGigE1/0/31,1698,580260,1726,581854,0,0
2024/05/24 星期五 00:48:39.162,1716482919162,NH-DC-NM224-J08-ROCE-ST-leaf-4.GPU.S9825,FourHundredGigE1/0/31,0,0,0,0,0,0
2024/05/24 星期五 00:48:39.664,1716482919664,NH-DC-NM224-J08-ROCE-ST-leaf-4.GPU.S9825,FourHundredGigE1/0/31,1937,635676,1771,626010,0,0
2024/05/24 星期五 00:48:40.165,1716482920165,NH-DC-NM224-J08-ROCE-ST-leaf-4.GPU.S9825,FourHundredGigE1/0/31,0,0,0,0,0,0
2024/05/24 星期五 00:48:40.665,1716482920665,NH-DC-NM224-J08-ROCE-ST-leaf-4.GPU.S9825,FourHundredGigE1/0/31,2583,850225,2358,842724,0,0
2024/05/24 星期五 00:48:41.170,1716482921170,NH-DC-NM224-J08-ROCE-ST-leaf-4.GPU.S9825,FourHundredGigE1/0/31,0,0,0,0,0,0
2024/05/24 星期五 00:48:41.670,1716482921670,NH-DC-NM224-J08-ROCE-ST-leaf-4.GPU.S9825,FourHundredGigE1/0/31,2433,806694,2260,797073,0,0
2024/05/24 星期五 00:48:42.173,1716482922173,NH-DC-NM224-J08-ROCE-ST-leaf-4.GPU.S9825,FourHundredGigE1/0/31,0,0,0,0,0,0
2024/05/24 星期五 00:48:42.674,1716482922674,NH-DC-NM224-J08-ROCE-ST-leaf-4.GPU.S9825,FourHundredGigE1/0/31,1625,579684,1824,591022,0,0
2024/05/24 星期五 00:48:43.175,1716482923175,NH-DC-NM224-J08-ROCE-ST-leaf-4.GPU.S9825,FourHundredGigE1/0/31,0,0,0,0,0,0
2024/05/24 星期五 00:48:43.679,1716482923679,NH-DC-NM224-J08-ROCE-ST-leaf-4.GPU.S9825,FourHundredGigE1/0/31,2015,649258,1760,635045,0,0
2024/05/24 星期五 00:48:44.206,1716482924206,NH-DC-NM224-J08-ROCE-ST-leaf-4.GPU.S9825,FourHundredGigE1/0/31,0,0,0,0,0,0
2024/05/24 星期五 00:48:44.710,1716482924710,NH-DC-NM224-J08-ROCE-ST-leaf-4.GPU.S9825,FourHundredGigE1/0/31,1280,460038,1476,470626,0,0
2024/05/24 星期五 00:48:45.212,1716482925212,NH-DC-NM224-J08-ROCE-ST-leaf-4.GPU.S9825,FourHundredGigE1/0/31,0,0,0,0,0,0
2024/05/24 星期五 00:48:45.712,1716482925712,NH-DC-NM224-J08-ROCE-ST-leaf-4.GPU.S9825,FourHundredGigE1/0/31,886,334214,1166,349902,0,0
2024/05/24 星期五 00:48:46.213,1716482926213,NH-DC-NM224-J08-ROCE-ST-leaf-4.GPU.S9825,FourHundredGigE1/0/31,0,0,0,0,0,0
2024/05/24 星期五 00:48:46.715,1716482926715,NH-DC-NM224-J08-ROCE-ST-leaf-4.GPU.S9825,FourHundredGigE1/0/31,1819,591424,1637,581493,0,0
2024/05/24 星期五 00:48:47.221,1716482927221,NH-DC-NM224-J08-ROCE-ST-leaf-4.GPU.S9825,FourHundredGigE1/0/31,0,0,0,0,0,0
2024/05/24 星期五 00:48:47.724,1716482927724,NH-DC-NM224-J08-ROCE-ST-leaf-4.GPU.S9825,FourHundredGigE1/0/31,561,250730,1044,278039,0,0
2024/05/24 星期五 00:48:48.226,1716482928226,NH-DC-NM224-J08-ROCE-ST-leaf-4.GPU.S9825,FourHundredGigE1/0/31,0,0,0,0,0,0
2024/05/24 星期五 00:48:48.730,1716482928730,NH-DC-NM224-J08-ROCE-ST-leaf-4.GPU.S9825,FourHundredGigE1/0/31,1931,662950,1970,665160,0,0
2024/05/24 星期五 00:48:49.230,1716482929230,NH-DC-NM224-J08-ROCE-ST-leaf-4.GPU.S9825,FourHundredGigE1/0/31,0,0,0,0,0,0
2024/05/24 星期五 00:48:50.177,1716482930177,NH-DC-NM224-J08-ROCE-ST-leaf-4.GPU.S9825,FourHundredGigE1/0/31,2493,785510,2027,759026,0,0
2024/05/24 星期五 00:48:50.699,1716482930699,NH-DC-NM224-J08-ROCE-ST-leaf-4.GPU.S9825,FourHundredGigE1/0/31,2181,691404,1819,671199,0,0
2024/05/24 星期五 00:48:51.207,1716482931207,NH-DC-NM224-J08-ROCE-ST-leaf-4.GPU.S9825,FourHundredGigE1/0/31,0,0,0,0,0,0
2024/05/24 星期五 00:48:51.707,1716482931707,NH-DC-NM224-J08-ROCE-ST-leaf-4.GPU.S9825,FourHundredGigE1/0/31,2122,713074,2051,709359,0,0
2024/05/24 星期五 00:48:52.210,1716482932210,NH-DC-NM224-J08-ROCE-ST-leaf-4.GPU.S9825,FourHundredGigE1/0/31,0,0,0,0,0,0
2024/05/24 星期五 00:48:52.709,1716482932709,NH-DC-NM224-J08-ROCE-ST-leaf-4.GPU.S9825,FourHundredGigE1/0/31,2006,651467,1813,650823,0,0
2024/05/24 星期五 00:48:53.213,1716482933213,NH-DC-NM224-J08-ROCE-ST-leaf-4.GPU.S9825,FourHundredGigE1/0/31,0,0,0,0,0,0
2024/05/24 星期五 00:48:53.717,1716482933717,NH-DC-NM224-J08-ROCE-ST-leaf-4.GPU.S9825,FourHundredGigE1/0/31,982,392120,1428,417163,0,0
2024/05/24 星期五 00:48:54.218,1716482934218,NH-DC-NM224-J08-ROCE-ST-leaf-4.GPU.S9825,FourHundredGigE1/0/31,0,0,0,0,0,0
2024/05/24 星期五 00:48:54.721,1716482934721,NH-DC-NM224-J08-ROCE-ST-leaf-4.GPU.S9825,FourHundredGigE1/0/31,1850,612128,1735,608024,0,0
2024/05/24 星期五 00:48:55.227,1716482935227,NH-DC-NM224-J08-ROCE-ST-leaf-4.GPU.S9825,FourHundredGigE1/0/31,0,0,0,0,0,0
2024/05/24 星期五 00:48:55.730,1716482935730,NH-DC-NM224-J08-ROCE-ST-leaf-4.GPU.S9825,FourHundredGigE1/0/31,2121,699916,1965,691180,0,0
2024/05/24 星期五 00:48:56.233,1716482936233,NH-DC-NM224-J08-ROCE-ST-leaf-4.GPU.S9825,FourHundredGigE1/0/31,0,0,0,0,0,0
2024/05/24 星期五 00:48:56.734,1716482936734,NH-DC-NM224-J08-ROCE-ST-leaf-4.GPU.S9825,FourHundredGigE1/0/31,1174,423904,1382,435813,0,0
2024/05/24 星期五 00:48:57.676,1716482937676,NH-DC-NM224-J08-ROCE-ST-leaf-4.GPU.S9825,FourHundredGigE1/0/31,1151,422178,1402,436495,0,0
2024/05/24 星期五 00:48:58.178,1716482938178,NH-DC-NM224-J08-ROCE-ST-leaf-4.GPU.S9825,FourHundredGigE1/0/31,0,0,0,0,0,0
2024/05/24 星期五 00:48:58.679,1716482938679,NH-DC-NM224-J08-ROCE-ST-leaf-4.GPU.S9825,FourHundredGigE1/0/31,1876,632714,1839,630668,0,0
2024/05/24 星期五 00:48:59.186,1716482939186,NH-DC-NM224-J08-ROCE-ST-leaf-4.GPU.S9825,FourHundredGigE1/0/31,2245,699545,1790,676146,0,0
2024/05/24 星期五 00:48:59.698,1716482939698,NH-DC-NM224-J08-ROCE-ST-leaf-4.GPU.S9825,FourHundredGigE1/0/31,0,0,0,0,0,0
2024/05/24 星期五 00:49:00.212,1716482940212,NH-DC-NM224-J08-ROCE-ST-leaf-4.GPU.S9825,FourHundredGigE1/0/31,0,0,0,0,0,0
2024/05/24 星期五 00:49:00.716,1716482940716,NH-DC-NM224-J08-ROCE-ST-leaf-4.GPU.S9825,FourHundredGigE1/0/31,873,357984,1345,384483,0,0
2024/05/24 星期五 00:49:01.223,1716482941223,NH-DC-NM224-J08-ROCE-ST-leaf-4.GPU.S9825,FourHundredGigE1/0/31,0,0,0,0,0,0
2024/05/24 星期五 00:49:01.722,1716482941722,NH-DC-NM224-J08-ROCE-ST-leaf-4.GPU.S9825,FourHundredGigE1/0/31,1927,620049,1708,612823,0,0
2024/05/24 星期五 00:49:02.221,1716482942221,NH-DC-NM224-J08-ROCE-ST-leaf-4.GPU.S9825,FourHundredGigE1/0/31,0,0,0,0,0,0
2024/05/24 星期五 00:49:02.725,1716482942725,NH-DC-NM224-J08-ROCE-ST-leaf-4.GPU.S9825,FourHundredGigE1/0/31,2158,722614,2069,718054,0,0
2024/05/24 星期五 00:49:03.226,1716482943226,NH-DC-NM224-J08-ROCE-ST-leaf-4.GPU.S9825,FourHundredGigE1/0/31,0,0,0,0,0,0
2024/05/24 星期五 00:49:03.744,1716482943744,NH-DC-NM224-J08-ROCE-ST-leaf-4.GPU.S9825,FourHundredGigE1/0/31,1934,619724,1684,605615,0,0
2024/05/24 星期五 00:49:04.266,1716482944266,NH-DC-NM224-J08-ROCE-ST-leaf-4.GPU.S9825,FourHundredGigE1/0/31,0,0,0,0,0,0
2024/05/24 星期五 00:49:04.770,1716482944770,NH-DC-NM224-J08-ROCE-ST-leaf-4.GPU.S9825,FourHundredGigE1/0/31,1195,484624,1764,516960,0,0
2024/05/24 星期五 00:49:05.281,1716482945281,NH-DC-NM224-J08-ROCE-ST-leaf-4.GPU.S9825,FourHundredGigE1/0/31,1343,475876,1502,483928,0,0
2024/05/24 星期五 00:49:05.781,1716482945781,NH-DC-NM224-J08-ROCE-ST-leaf-4.GPU.S9825,FourHundredGigE1/0/31,0,0,0,0,0,0
2024/05/24 星期五 00:49:06.281,1716482946281,NH-DC-NM224-J08-ROCE-ST-leaf-4.GPU.S9825,FourHundredGigE1/0/31,0,0,0,0,0,0
2024/05/24 星期五 00:49:06.785,1716482946785,NH-DC-NM224-J08-ROCE-ST-leaf-4.GPU.S9825,FourHundredGigE1/0/31,1757,606431,1832,616067,0,0
2024/05/24 星期五 00:49:07.285,1716482947285,NH-DC-NM224-J08-ROCE-ST-leaf-4.GPU.S9825,FourHundredGigE1/0/31,0,0,0,0,0,0
2024/05/24 星期五 00:49:07.785,1716482947785,NH-DC-NM224-J08-ROCE-ST-leaf-4.GPU.S9825,FourHundredGigE1/0/31,1000,390946,1397,413439,0,0
2024/05/24 星期五 00:49:08.285,1716482948285,NH-DC-NM224-J08-ROCE-ST-leaf-4.GPU.S9825,FourHundredGigE1/0/31,1595,573616,1823,586410,0,0
2024/05/24 星期五 00:49:08.821,1716482948821,NH-DC-NM224-J08-ROCE-ST-leaf-4.GPU.S9825,FourHundredGigE1/0/31,0,0,0,0,0,0
2024/05/24 星期五 00:49:09.321,1716482949321,NH-DC-NM224-J08-ROCE-ST-leaf-4.GPU.S9825,FourHundredGigE1/0/31,1197,424730,1349,432854,0,0
2024/05/24 星期五 00:49:09.832,1716482949832,NH-DC-NM224-J08-ROCE-ST-leaf-4.GPU.S9825,FourHundredGigE1/0/31,0,0,0,0,0,0
2024/05/24 星期五 00:49:10.332,1716482950332,NH-DC-NM224-J08-ROCE-ST-leaf-4.GPU.S9825,FourHundredGigE1/0/31,1719,590196,1765,592839,0,0
2024/05/24 星期五 00:49:10.836,1716482950836,NH-DC-NM224-J08-ROCE-ST-leaf-4.GPU.S9825,FourHundredGigE1/0/31,0,0,0,0,0,0
2024/05/24 星期五 00:49:11.338,1716482951338,NH-DC-NM224-J08-ROCE-ST-leaf-4.GPU.S9825,FourHundredGigE1/0/31,1675,571096,1697,572589,0,0
2024/05/24 星期五 00:49:11.840,1716482951840,NH-DC-NM224-J08-ROCE-ST-leaf-4.GPU.S9825,FourHundredGigE1/0/31,0,0,0,0,0,0
2024/05/24 星期五 00:49:12.341,1716482952341,NH-DC-NM224-J08-ROCE-ST-leaf-4.GPU.S9825,FourHundredGigE1/0/31,2006,651390,1788,639376,0,0
2024/05/24 星期五 00:49:12.841,1716482952841,NH-DC-NM224-J08-ROCE-ST-leaf-4.GPU.S9825,FourHundredGigE1/0/31,0,0,0,0,0,0
2024/05/24 星期五 00:49:13.354,1716482953354,NH-DC-NM224-J08-ROCE-ST-leaf-4.GPU.S9825,FourHundredGigE1/0/31,1700,583000,1742,585419,0,0
2024/05/24 星期五 00:49:13.869,1716482953869,NH-DC-NM224-J08-ROCE-ST-leaf-4.GPU.S9825,FourHundredGigE1/0/31,0,0,0,0,0,0
2024/05/24 星期五 00:49:14.369,1716482954369,NH-DC-NM224-J08-ROCE-ST-leaf-4.GPU.S9825,FourHundredGigE1/0/31,1446,489044,1445,488600,0,0
2024/05/24 星期五 00:49:14.880,1716482954880,NH-DC-NM224-J08-ROCE-ST-leaf-4.GPU.S9825,FourHundredGigE1/0/31,0,0,0,0,0,0
2024/05/24 星期五 00:49:15.381,1716482955381,NH-DC-NM224-J08-ROCE-ST-leaf-4.GPU.S9825,FourHundredGigE1/0/31,0,0,0,0,0,0
2024/05/24 星期五 00:49:15.881,1716482955881,NH-DC-NM224-J08-ROCE-ST-leaf-4.GPU.S9825,FourHundredGigE1/0/31,4060,1300048,3422,1267499,0,0
2024/05/24 星期五 00:49:16.389,1716482956389,NH-DC-NM224-J08-ROCE-ST-leaf-4.GPU.S9825,FourHundredGigE1/0/31,0,0,0,0,0,0
2024/05/24 星期五 00:49:16.891,1716482956891,NH-DC-NM224-J08-ROCE-ST-leaf-4.GPU.S9825,FourHundredGigE1/0/31,0,0,0,0,0,0
2024/05/24 星期五 00:49:17.398,1716482957398,NH-DC-NM224-J08-ROCE-ST-leaf-4.GPU.S9825,FourHundredGigE1/0/31,2014,672888,1956,663044,0,0
2024/05/24 星期五 00:49:17.901,1716482957901,NH-DC-NM224-J08-ROCE-ST-leaf-4.GPU.S9825,FourHundredGigE1/0/31,0,0,0,0,0,0
2024/05/24 星期五 00:49:18.843,1716482958843,NH-DC-NM224-J08-ROCE-ST-leaf-4.GPU.S9825,FourHundredGigE1/0/31,1459,533612,1744,550247,0,0
2024/05/24 星期五 00:49:19.347,1716482959347,NH-DC-NM224-J08-ROCE-ST-leaf-4.GPU.S9825,FourHundredGigE1/0/31,2658,887304,2529,882990,0,0
2024/05/24 星期五 00:49:19.855,1716482959855,NH-DC-NM224-J08-ROCE-ST-leaf-4.GPU.S9825,FourHundredGigE1/0/31,0,0,0,0,0,0
2024/05/24 星期五 00:49:20.858,1716482960858,NH-DC-NM224-J08-ROCE-ST-leaf-4.GPU.S9825,FourHundredGigE1/0/31,3200,965278,2285,914105,0,0
2024/05/24 星期五 00:49:21.362,1716482961362,NH-DC-NM224-J08-ROCE-ST-leaf-4.GPU.S9825,FourHundredGigE1/0/31,2293,723096,1885,700703,0,0
2024/05/24 星期五 00:49:21.861,1716482961861,NH-DC-NM224-J08-ROCE-ST-leaf-4.GPU.S9825,FourHundredGigE1/0/31,0,0,0,0,0,0
2024/05/24 星期五 00:49:22.370,1716482962370,NH-DC-NM224-J08-ROCE-ST-leaf-4.GPU.S9825,FourHundredGigE1/0/31,1668,574200,1725,577392,0,0
2024/05/24 星期五 00:49:22.872,1716482962872,NH-DC-NM224-J08-ROCE-ST-leaf-4.GPU.S9825,FourHundredGigE1/0/31,0,0,0,0,0,0
2024/05/24 星期五 00:49:23.374,1716482963374,NH-DC-NM224-J08-ROCE-ST-leaf-4.GPU.S9825,FourHundredGigE1/0/31,1900,636694,1835,633315,0,0
2024/05/24 星期五 00:49:23.874,1716482963874,NH-DC-NM224-J08-ROCE-ST-leaf-4.GPU.S9825,FourHundredGigE1/0/31,0,0,0,0,0,0
2024/05/24 星期五 00:49:24.376,1716482964376,NH-DC-NM224-J08-ROCE-ST-leaf-4.GPU.S9825,FourHundredGigE1/0/31,1469,494274,1449,492766,0,0
2024/05/24 星期五 00:49:24.879,1716482964879,NH-DC-NM224-J08-ROCE-ST-leaf-4.GPU.S9825,FourHundredGigE1/0/31,0,0,0,0,0,0
2024/05/24 星期五 00:49:25.382,1716482965382,NH-DC-NM224-J08-ROCE-ST-leaf-4.GPU.S9825,FourHundredGigE1/0/31,0,0,0,0,0,0
2024/05/24 星期五 00:49:25.886,1716482965886,NH-DC-NM224-J08-ROCE-ST-leaf-4.GPU.S9825,FourHundredGigE1/0/31,1787,685218,2344,718425,0,0
2024/05/24 星期五 00:49:26.389,1716482966389,NH-DC-NM224-J08-ROCE-ST-leaf-4.GPU.S9825,FourHundredGigE1/0/31,0,0,0,0,0,0
2024/05/24 星期五 00:49:26.890,1716482966890,NH-DC-NM224-J08-ROCE-ST-leaf-4.GPU.S9825,FourHundredGigE1/0/31,1977,640990,1753,627780,0,0
2024/05/24 星期五 00:49:27.390,1716482967390,NH-DC-NM224-J08-ROCE-ST-leaf-4.GPU.S9825,FourHundredGigE1/0/31,0,0,0,0,0,0
2024/05/24 星期五 00:49:27.891,1716482967891,NH-DC-NM224-J08-ROCE-ST-leaf-4.GPU.S9825,FourHundredGigE1/0/31,1842,640908,1949,648047,0,0
2024/05/24 星期五 00:49:28.403,1716482968403,NH-DC-NM224-J08-ROCE-ST-leaf-4.GPU.S9825,FourHundredGigE1/0/31,0,0,0,0,0,0
2024/05/24 星期五 00:49:28.906,1716482968906,NH-DC-NM224-J08-ROCE-ST-leaf-4.GPU.S9825,FourHundredGigE1/0/31,1257,438634,1369,445294,0,0
2024/05/24 星期五 00:49:29.406,1716482969406,NH-DC-NM224-J08-ROCE-ST-leaf-4.GPU.S9825,FourHundredGigE1/0/31,946,330862,1030,332850,0,0
2024/05/24 星期五 00:49:29.905,1716482969905,NH-DC-NM224-J08-ROCE-ST-leaf-4.GPU.S9825,FourHundredGigE1/0/31,0,0,0,0,0,0
2024/05/24 星期五 00:49:30.414,1716482970414,NH-DC-NM224-J08-ROCE-ST-leaf-4.GPU.S9825,FourHundredGigE1/0/31,968,379510,1361,401585,0,0
2024/05/24 星期五 00:49:30.917,1716482970917,NH-DC-NM224-J08-ROCE-ST-leaf-4.GPU.S9825,FourHundredGigE1/0/31,0,0,0,0,0,0
2024/05/24 星期五 00:49:31.417,1716482971417,NH-DC-NM224-J08-ROCE-ST-leaf-4.GPU.S9825,FourHundredGigE1/0/31,2381,770940,2089,754849,0,0
2024/05/24 星期五 00:49:31.918,1716482971918,NH-DC-NM224-J08-ROCE-ST-leaf-4.GPU.S9825,FourHundredGigE1/0/31,0,0,0,0,0,0
2024/05/24 星期五 00:49:32.419,1716482972419,NH-DC-NM224-J08-ROCE-ST-leaf-4.GPU.S9825,FourHundredGigE1/0/31,1270,483592,1657,505458,0,0
2024/05/24 星期五 00:49:32.922,1716482972922,NH-DC-NM224-J08-ROCE-ST-leaf-4.GPU.S9825,FourHundredGigE1/0/31,0,0,0,0,0,0
2024/05/24 星期五 00:49:33.425,1716482973425,NH-DC-NM224-J08-ROCE-ST-leaf-4.GPU.S9825,FourHundredGigE1/0/31,1811,620752,1847,622835,0,0
2024/05/24 星期五 00:49:33.923,1716482973923,NH-DC-NM224-J08-ROCE-ST-leaf-4.GPU.S9825,FourHundredGigE1/0/31,0,0,0,0,0,0
2024/05/24 星期五 00:49:34.425,1716482974425,NH-DC-NM224-J08-ROCE-ST-leaf-4.GPU.S9825,FourHundredGigE1/0/31,1041,413804,1490,438560,0,0
2024/05/24 星期五 00:49:34.926,1716482974926,NH-DC-NM224-J08-ROCE-ST-leaf-4.GPU.S9825,FourHundredGigE1/0/31,0,0,0,0,0,0
2024/05/24 星期五 00:49:35.425,1716482975425,NH-DC-NM224-J08-ROCE-ST-leaf-4.GPU.S9825,FourHundredGigE1/0/31,1914,639260,1836,635161,0,0
2024/05/24 星期五 00:49:35.926,1716482975926,NH-DC-NM224-J08-ROCE-ST-leaf-4.GPU.S9825,FourHundredGigE1/0/31,0,0,0,0,0,0
2024/05/24 星期五 00:49:36.429,1716482976429,NH-DC-NM224-J08-ROCE-ST-leaf-4.GPU.S9825,FourHundredGigE1/0/31,0,0,0,0,0,0
2024/05/24 星期五 00:49:36.931,1716482976931,NH-DC-NM224-J08-ROCE-ST-leaf-4.GPU.S9825,FourHundredGigE1/0/31,2837,948136,2699,943684,0,0
2024/05/24 星期五 00:49:37.438,1716482977438,NH-DC-NM224-J08-ROCE-ST-leaf-4.GPU.S9825,FourHundredGigE1/0/31,0,0,0,0,0,0
2024/05/24 星期五 00:49:37.937,1716482977937,NH-DC-NM224-J08-ROCE-ST-leaf-4.GPU.S9825,FourHundredGigE1/0/31,1933,654336,1943,648393,0,0
2024/05/24 星期五 00:49:38.448,1716482978448,NH-DC-NM224-J08-ROCE-ST-leaf-4.GPU.S9825,FourHundredGigE1/0/31,0,0,0,0,0,0
2024/05/24 星期五 00:49:38.954,1716482978954,NH-DC-NM224-J08-ROCE-ST-leaf-4.GPU.S9825,FourHundredGigE1/0/31,0,0,0,0,0,0
2024/05/24 星期五 00:49:39.453,1716482979453,NH-DC-NM224-J08-ROCE-ST-leaf-4.GPU.S9825,FourHundredGigE1/0/31,3595,1188584,3302,1175668,0,0
2024/05/24 星期五 00:49:39.954,1716482979954,NH-DC-NM224-J08-ROCE-ST-leaf-4.GPU.S9825,FourHundredGigE1/0/31,0,0,0,0,0,0
2024/05/24 星期五 00:49:40.455,1716482980455,NH-DC-NM224-J08-ROCE-ST-leaf-4.GPU.S9825,FourHundredGigE1/0/31,1232,456143,1526,477496,0,0
2024/05/24 星期五 00:49:40.959,1716482980959,NH-DC-NM224-J08-ROCE-ST-leaf-4.GPU.S9825,FourHundredGigE1/0/31,0,0,0,0,0,0
2024/05/24 星期五 00:49:41.457,1716482981457,NH-DC-NM224-J08-ROCE-ST-leaf-4.GPU.S9825,FourHundredGigE1/0/31,1526,529464,1619,534941,0,0
2024/05/24 星期五 00:49:41.957,1716482981957,NH-DC-NM224-J08-ROCE-ST-leaf-4.GPU.S9825,FourHundredGigE1/0/31,0,0,0,0,0,0
2024/05/24 星期五 00:49:42.458,1716482982458,NH-DC-NM224-J08-ROCE-ST-leaf-4.GPU.S9825,FourHundredGigE1/0/31,1697,572766,1677,571840,0,0
2024/05/24 星期五 00:49:42.962,1716482982962,NH-DC-NM224-J08-ROCE-ST-leaf-4.GPU.S9825,FourHundredGigE1/0/31,0,0,0,0,0,0
2024/05/24 星期五 00:49:43.465,1716482983465,NH-DC-NM224-J08-ROCE-ST-leaf-4.GPU.S9825,FourHundredGigE1/0/31,1337,482518,1556,494849,0,0
2024/05/24 星期五 00:49:43.966,1716482983966,NH-DC-NM224-J08-ROCE-ST-leaf-4.GPU.S9825,FourHundredGigE1/0/31,0,0,0,0,0,0
2024/05/24 星期五 00:49:44.476,1716482984476,NH-DC-NM224-J08-ROCE-ST-leaf-4.GPU.S9825,FourHundredGigE1/0/31,1056,377852,1223,386816,0,0
2024/05/24 星期五 00:49:44.977,1716482984977,NH-DC-NM224-J08-ROCE-ST-leaf-4.GPU.S9825,FourHundredGigE1/0/31,0,0,0,0,0,0
2024/05/24 星期五 00:49:45.478,1716482985478,NH-DC-NM224-J08-ROCE-ST-leaf-4.GPU.S9825,FourHundredGigE1/0/31,2749,902400,2485,888079,0,0
2024/05/24 星期五 00:49:45.978,1716482985978,NH-DC-NM224-J08-ROCE-ST-leaf-4.GPU.S9825,FourHundredGigE1/0/31,0,0,0,0,0,0
2024/05/24 星期五 00:49:46.479,1716482986479,NH-DC-NM224-J08-ROCE-ST-leaf-4.GPU.S9825,FourHundredGigE1/0/31,0,0,0,0,0,0
2024/05/24 星期五 00:49:46.982,1716482986982,NH-DC-NM224-J08-ROCE-ST-leaf-4.GPU.S9825,FourHundredGigE1/0/31,2208,747730,2182,747826,0,0
2024/05/24 星期五 00:49:47.492,1716482987492,NH-DC-NM224-J08-ROCE-ST-leaf-4.GPU.S9825,FourHundredGigE1/0/31,0,0,0,0,0,0
2024/05/24 星期五 00:49:47.989,1716482987989,NH-DC-NM224-J08-ROCE-ST-leaf-4.GPU.S9825,FourHundredGigE1/0/31,2277,743646,2045,730747,0,0
2024/05/24 星期五 00:49:48.490,1716482988490,NH-DC-NM224-J08-ROCE-ST-leaf-4.GPU.S9825,FourHundredGigE1/0/31,0,0,0,0,0,0
2024/05/24 星期五 00:49:48.990,1716482988990,NH-DC-NM224-J08-ROCE-ST-leaf-4.GPU.S9825,FourHundredGigE1/0/31,0,0,0,0,0,0
2024/05/24 星期五 00:49:49.493,1716482989493,NH-DC-NM224-J08-ROCE-ST-leaf-4.GPU.S9825,FourHundredGigE1/0/31,4421,1435526,3896,1404186,0,0
2024/05/24 星期五 00:49:49.994,1716482989994,NH-DC-NM224-J08-ROCE-ST-leaf-4.GPU.S9825,FourHundredGigE1/0/31,0,0,0,0,0,0
2024/05/24 星期五 00:49:50.497,1716482990497,NH-DC-NM224-J08-ROCE-ST-leaf-4.GPU.S9825,FourHundredGigE1/0/31,1751,599434,1784,601349,0,0
2024/05/24 星期五 00:49:51.003,1716482991003,NH-DC-NM224-J08-ROCE-ST-leaf-4.GPU.S9825,FourHundredGigE1/0/31,0,0,0,0,0,0
2024/05/24 星期五 00:49:51.532,1716482991532,NH-DC-NM224-J08-ROCE-ST-leaf-4.GPU.S9825,FourHundredGigE1/0/31,0,0,0,0,0,0
2024/05/24 星期五 00:49:52.035,1716482992035,NH-DC-NM224-J08-ROCE-ST-leaf-4.GPU.S9825,FourHundredGigE1/0/31,2514,826688,2316,818771,0,0
2024/05/24 星期五 00:49:52.546,1716482992546,NH-DC-NM224-J08-ROCE-ST-leaf-4.GPU.S9825,FourHundredGigE1/0/31,0,0,0,0,0,0
2024/05/24 星期五 00:49:53.046,1716482993046,NH-DC-NM224-J08-ROCE-ST-leaf-4.GPU.S9825,FourHundredGigE1/0/31,1456,524694,1713,532490,0,0
2024/05/24 星期五 00:49:53.547,1716482993547,NH-DC-NM224-J08-ROCE-ST-leaf-4.GPU.S9825,FourHundredGigE1/0/31,0,0,0,0,0,0
2024/05/24 星期五 00:49:54.049,1716482994049,NH-DC-NM224-J08-ROCE-ST-leaf-4.GPU.S9825,FourHundredGigE1/0/31,0,0,0,0,0,0
2024/05/24 星期五 00:49:54.550,1716482994550,NH-DC-NM224-J08-ROCE-ST-leaf-4.GPU.S9825,FourHundredGigE1/0/31,1727,635026,2096,659249,0,0
2024/05/24 星期五 00:49:55.054,1716482995054,NH-DC-NM224-J08-ROCE-ST-leaf-4.GPU.S9825,FourHundredGigE1/0/31,0,0,0,0,0,0
2024/05/24 星期五 00:49:55.557,1716482995557,NH-DC-NM224-J08-ROCE-ST-leaf-4.GPU.S9825,FourHundredGigE1/0/31,2820,893741,2326,867443,0,0
2024/05/24 星期五 00:49:56.062,1716482996062,NH-DC-NM224-J08-ROCE-ST-leaf-4.GPU.S9825,FourHundredGigE1/0/31,0,0,0,0,0,0
2024/05/24 星期五 00:49:56.561,1716482996561,NH-DC-NM224-J08-ROCE-ST-leaf-4.GPU.S9825,FourHundredGigE1/0/31,1379,498448,1607,511283,0,0
2024/05/24 星期五 00:49:57.061,1716482997061,NH-DC-NM224-J08-ROCE-ST-leaf-4.GPU.S9825,FourHundredGigE1/0/31,1706,580716,1720,581761,0,0
2024/05/24 星期五 00:49:57.990,1716482997990,NH-DC-NM224-J08-ROCE-ST-leaf-4.GPU.S9825,FourHundredGigE1/0/31,0,0,0,0,0,0
2024/05/24 星期五 00:49:58.494,1716482998494,NH-DC-NM224-J08-ROCE-ST-leaf-4.GPU.S9825,FourHundredGigE1/0/31,2048,661626,1801,648014,0,0
2024/05/24 星期五 00:49:58.997,1716482998997,NH-DC-NM224-J08-ROCE-ST-leaf-4.GPU.S9825,FourHundredGigE1/0/31,0,0,0,0,0,0
2024/05/24 星期五 00:49:59.516,1716482999516,NH-DC-NM224-J08-ROCE-ST-leaf-4.GPU.S9825,FourHundredGigE1/0/31,1858,607355,1694,600252,0,0
2024/05/24 星期五 00:50:01.472,1716483001472,NH-DC-NM224-J08-ROCE-ST-leaf-4.GPU.S9825,FourHundredGigE1/0/31,1273,480686,1632,500857,0,0
2024/05/24 星期五 00:50:01.974,1716483001974,NH-DC-NM224-J08-ROCE-ST-leaf-4.GPU.S9825,FourHundredGigE1/0/31,3422,1070291,2722,1037907,0,0
2024/05/24 星期五 00:50:02.474,1716483002474,NH-DC-NM224-J08-ROCE-ST-leaf-4.GPU.S9825,FourHundredGigE1/0/31,0,0,0,0,0,0
2024/05/24 星期五 00:50:02.977,1716483002977,NH-DC-NM224-J08-ROCE-ST-leaf-4.GPU.S9825,FourHundredGigE1/0/31,1768,637822,2079,648998,0,0
2024/05/24 星期五 00:50:03.478,1716483003478,NH-DC-NM224-J08-ROCE-ST-leaf-4.GPU.S9825,FourHundredGigE1/0/31,0,0,0,0,0,0
2024/05/24 星期五 00:50:03.982,1716483003982,NH-DC-NM224-J08-ROCE-ST-leaf-4.GPU.S9825,FourHundredGigE1/0/31,0,0,0,0,0,0
2024/05/24 星期五 00:50:04.499,1716483004499,NH-DC-NM224-J08-ROCE-ST-leaf-4.GPU.S9825,FourHundredGigE1/0/31,3403,1095128,2954,1074373,0,0
2024/05/24 星期五 00:50:05.001,1716483005001,NH-DC-NM224-J08-ROCE-ST-leaf-4.GPU.S9825,FourHundredGigE1/0/31,0,0,0,0,0,0
2024/05/24 星期五 00:50:05.516,1716483005516,NH-DC-NM224-J08-ROCE-ST-leaf-4.GPU.S9825,FourHundredGigE1/0/31,1900,632352,1810,627775,0,0
2024/05/24 星期五 00:50:06.017,1716483006017,NH-DC-NM224-J08-ROCE-ST-leaf-4.GPU.S9825,FourHundredGigE1/0/31,0,0,0,0,0,0
2024/05/24 星期五 00:50:06.517,1716483006517,NH-DC-NM224-J08-ROCE-ST-leaf-4.GPU.S9825,FourHundredGigE1/0/31,2335,771067,2157,766274,0,0
2024/05/24 星期五 00:50:07.017,1716483007017,NH-DC-NM224-J08-ROCE-ST-leaf-4.GPU.S9825,FourHundredGigE1/0/31,0,0,0,0,0,0
2024/05/24 星期五 00:50:07.519,1716483007519,NH-DC-NM224-J08-ROCE-ST-leaf-4.GPU.S9825,FourHundredGigE1/0/31,1250,477216,1642,499429,0,0
2024/05/24 星期五 00:50:08.021,1716483008021,NH-DC-NM224-J08-ROCE-ST-leaf-4.GPU.S9825,FourHundredGigE1/0/31,0,0,0,0,0,0
2024/05/24 星期五 00:50:08.523,1716483008523,NH-DC-NM224-J08-ROCE-ST-leaf-4.GPU.S9825,FourHundredGigE1/0/31,948,356944,1238,373598,0,0
2024/05/24 星期五 00:50:09.024,1716483009024,NH-DC-NM224-J08-ROCE-ST-leaf-4.GPU.S9825,FourHundredGigE1/0/31,0,0,0,0,0,0
2024/05/24 星期五 00:50:09.525,1716483009525,NH-DC-NM224-J08-ROCE-ST-leaf-4.GPU.S9825,FourHundredGigE1/0/31,1622,539172,1539,533554,0,0
2024/05/24 星期五 00:50:10.026,1716483010026,NH-DC-NM224-J08-ROCE-ST-leaf-4.GPU.S9825,FourHundredGigE1/0/31,0,0,0,0,0,0
2024/05/24 星期五 00:50:10.526,1716483010526,NH-DC-NM224-J08-ROCE-ST-leaf-4.GPU.S9825,FourHundredGigE1/0/31,1580,537298,1595,538205,0,0
2024/05/24 星期五 00:50:11.026,1716483011026,NH-DC-NM224-J08-ROCE-ST-leaf-4.GPU.S9825,FourHundredGigE1/0/31,0,0,0,0,0,0
2024/05/24 星期五 00:50:11.526,1716483011526,NH-DC-NM224-J08-ROCE-ST-leaf-4.GPU.S9825,FourHundredGigE1/0/31,0,0,0,0,0,0
2024/05/24 星期五 00:50:12.027,1716483012027,NH-DC-NM224-J08-ROCE-ST-leaf-4.GPU.S9825,FourHundredGigE1/0/31,3012,944756,2424,913835,0,0
2024/05/24 星期五 00:50:12.537,1716483012537,NH-DC-NM224-J08-ROCE-ST-leaf-4.GPU.S9825,FourHundredGigE1/0/31,0,0,0,0,0,0
2024/05/24 星期五 00:50:13.038,1716483013038,NH-DC-NM224-J08-ROCE-ST-leaf-4.GPU.S9825,FourHundredGigE1/0/31,1392,496598,1613,502766,0,0
2024/05/24 星期五 00:50:13.540,1716483013540,NH-DC-NM224-J08-ROCE-ST-leaf-4.GPU.S9825,FourHundredGigE1/0/31,0,0,0,0,0,0
2024/05/24 星期五 00:50:14.047,1716483014047,NH-DC-NM224-J08-ROCE-ST-leaf-4.GPU.S9825,FourHundredGigE1/0/31,0,0,0,0,0,0
2024/05/24 星期五 00:50:14.550,1716483014550,NH-DC-NM224-J08-ROCE-ST-leaf-4.GPU.S9825,FourHundredGigE1/0/31,3919,1266766,3398,1241925,0,0
2024/05/24 星期五 00:50:15.055,1716483015055,NH-DC-NM224-J08-ROCE-ST-leaf-4.GPU.S9825,FourHundredGigE1/0/31,0,0,0,0,0,0
2024/05/24 星期五 00:50:15.558,1716483015558,NH-DC-NM224-J08-ROCE-ST-leaf-4.GPU.S9825,FourHundredGigE1/0/31,1584,556386,1722,564122,0,0
2024/05/24 星期五 00:50:16.065,1716483016065,NH-DC-NM224-J08-ROCE-ST-leaf-4.GPU.S9825,FourHundredGigE1/0/31,0,0,0,0,0,0
2024/05/24 星期五 00:50:16.566,1716483016566,NH-DC-NM224-J08-ROCE-ST-leaf-4.GPU.S9825,FourHundredGigE1/0/31,3305,1039924,2651,1003367,0,0
2024/05/24 星期五 00:50:17.070,1716483017070,NH-DC-NM224-J08-ROCE-ST-leaf-4.GPU.S9825,FourHundredGigE1/0/31,0,0,0,0,0,0
2024/05/24 星期五 00:50:17.571,1716483017571,NH-DC-NM224-J08-ROCE-ST-leaf-4.GPU.S9825,FourHundredGigE1/0/31,1071,416400,1477,439785,0,0
2024/05/24 星期五 00:50:18.077,1716483018077,NH-DC-NM224-J08-ROCE-ST-leaf-4.GPU.S9825,FourHundredGigE1/0/31,0,0,0,0,0,0
2024/05/24 星期五 00:50:18.597,1716483018597,NH-DC-NM224-J08-ROCE-ST-leaf-4.GPU.S9825,FourHundredGigE1/0/31,1742,612962,1893,621832,0,0
2024/05/24 星期五 00:50:19.098,1716483019098,NH-DC-NM224-J08-ROCE-ST-leaf-4.GPU.S9825,FourHundredGigE1/0/31,0,0,0,0,0,0
2024/05/24 星期五 00:50:19.601,1716483019601,NH-DC-NM224-J08-ROCE-ST-leaf-4.GPU.S9825,FourHundredGigE1/0/31,1082,391986,1278,401992,0,0
2024/05/24 星期五 00:50:20.102,1716483020102,NH-DC-NM224-J08-ROCE-ST-leaf-4.GPU.S9825,FourHundredGigE1/0/31,0,0,0,0,0,0
2024/05/24 星期五 00:50:20.601,1716483020601,NH-DC-NM224-J08-ROCE-ST-leaf-4.GPU.S9825,FourHundredGigE1/0/31,1344,479406,1525,489609,0,0
2024/05/24 星期五 00:50:21.101,1716483021101,NH-DC-NM224-J08-ROCE-ST-leaf-4.GPU.S9825,FourHundredGigE1/0/31,0,0,0,0,0,0
2024/05/24 星期五 00:50:21.603,1716483021603,NH-DC-NM224-J08-ROCE-ST-leaf-4.GPU.S9825,FourHundredGigE1/0/31,1942,661814,1947,662161,0,0
2024/05/24 星期五 00:50:22.101,1716483022101,NH-DC-NM224-J08-ROCE-ST-leaf-4.GPU.S9825,FourHundredGigE1/0/31,0,0,0,0,0,0
2024/05/24 星期五 00:50:22.601,1716483022601,NH-DC-NM224-J08-ROCE-ST-leaf-4.GPU.S9825,FourHundredGigE1/0/31,1340,479190,1530,490024,0,0
2024/05/24 星期五 00:50:23.101,1716483023101,NH-DC-NM224-J08-ROCE-ST-leaf-4.GPU.S9825,FourHundredGigE1/0/31,0,0,0,0,0,0
2024/05/24 星期五 00:50:23.602,1716483023602,NH-DC-NM224-J08-ROCE-ST-leaf-4.GPU.S9825,FourHundredGigE1/0/31,1265,456156,1477,468289,0,0
2024/05/24 星期五 00:50:24.106,1716483024106,NH-DC-NM224-J08-ROCE-ST-leaf-4.GPU.S9825,FourHundredGigE1/0/31,0,0,0,0,0,0
2024/05/24 星期五 00:50:24.610,1716483024610,NH-DC-NM224-J08-ROCE-ST-leaf-4.GPU.S9825,FourHundredGigE1/0/31,1974,667970,1940,665678,0,0
2024/05/24 星期五 00:50:25.113,1716483025113,NH-DC-NM224-J08-ROCE-ST-leaf-4.GPU.S9825,FourHundredGigE1/0/31,0,0,0,0,0,0
2024/05/24 星期五 00:50:25.628,1716483025628,NH-DC-NM224-J08-ROCE-ST-leaf-4.GPU.S9825,FourHundredGigE1/0/31,1949,633766,1747,622462,0,0
2024/05/24 星期五 00:50:26.130,1716483026130,NH-DC-NM224-J08-ROCE-ST-leaf-4.GPU.S9825,FourHundredGigE1/0/31,0,0,0,0,0,0
2024/05/24 星期五 00:50:26.633,1716483026633,NH-DC-NM224-J08-ROCE-ST-leaf-4.GPU.S9825,FourHundredGigE1/0/31,1473,544008,1789,561771,0,0
2024/05/24 星期五 00:50:27.134,1716483027134,NH-DC-NM224-J08-ROCE-ST-leaf-4.GPU.S9825,FourHundredGigE1/0/31,0,0,0,0,0,0
2024/05/24 星期五 00:50:28.087,1716483028087,NH-DC-NM224-J08-ROCE-ST-leaf-4.GPU.S9825,FourHundredGigE1/0/31,1232,463068,1570,482257,0,0
2024/05/24 星期五 00:50:28.600,1716483028600,NH-DC-NM224-J08-ROCE-ST-leaf-4.GPU.S9825,FourHundredGigE1/0/31,2562,839768,2310,825876,0,0
2024/05/24 星期五 00:50:29.101,1716483029101,NH-DC-NM224-J08-ROCE-ST-leaf-4.GPU.S9825,FourHundredGigE1/0/31,0,0,0,0,0,0
2024/05/24 星期五 00:50:29.602,1716483029602,NH-DC-NM224-J08-ROCE-ST-leaf-4.GPU.S9825,FourHundredGigE1/0/31,1760,612624,1857,617668,0,0
2024/05/24 星期五 00:50:30.106,1716483030106,NH-DC-NM224-J08-ROCE-ST-leaf-4.GPU.S9825,FourHundredGigE1/0/31,0,0,0,0,0,0
2024/05/24 星期五 00:50:30.609,1716483030609,NH-DC-NM224-J08-ROCE-ST-leaf-4.GPU.S9825,FourHundredGigE1/0/31,1564,540782,1641,545161,0,0
2024/05/24 星期五 00:50:31.112,1716483031112,NH-DC-NM224-J08-ROCE-ST-leaf-4.GPU.S9825,FourHundredGigE1/0/31,0,0,0,0,0,0
2024/05/24 星期五 00:50:31.613,1716483031613,NH-DC-NM224-J08-ROCE-ST-leaf-4.GPU.S9825,FourHundredGigE1/0/31,2852,905494,2357,877841,0,0
2024/05/24 星期五 00:50:32.113,1716483032113,NH-DC-NM224-J08-ROCE-ST-leaf-4.GPU.S9825,FourHundredGigE1/0/31,0,0,0,0,0,0
2024/05/24 星期五 00:50:32.622,1716483032622,NH-DC-NM224-J08-ROCE-ST-leaf-4.GPU.S9825,FourHundredGigE1/0/31,1186,445600,1513,464106,0,0
2024/05/24 星期五 00:50:33.130,1716483033130,NH-DC-NM224-J08-ROCE-ST-leaf-4.GPU.S9825,FourHundredGigE1/0/31,0,0,0,0,0,0
2024/05/24 星期五 00:50:33.652,1716483033652,NH-DC-NM224-J08-ROCE-ST-leaf-4.GPU.S9825,FourHundredGigE1/0/31,1443,529196,1731,545585,0,0
2024/05/24 星期五 00:50:34.154,1716483034154,NH-DC-NM224-J08-ROCE-ST-leaf-4.GPU.S9825,FourHundredGigE1/0/31,0,0,0,0,0,0
2024/05/24 星期五 00:50:34.657,1716483034657,NH-DC-NM224-J08-ROCE-ST-leaf-4.GPU.S9825,FourHundredGigE1/0/31,804,299520,1053,312580,0,0
2024/05/24 星期五 00:50:35.157,1716483035157,NH-DC-NM224-J08-ROCE-ST-leaf-4.GPU.S9825,FourHundredGigE1/0/31,0,0,0,0,0,0
2024/05/24 星期五 00:50:35.657,1716483035657,NH-DC-NM224-J08-ROCE-ST-leaf-4.GPU.S9825,FourHundredGigE1/0/31,2679,870150,2375,853086,0,0
2024/05/24 星期五 00:50:36.157,1716483036157,NH-DC-NM224-J08-ROCE-ST-leaf-4.GPU.S9825,FourHundredGigE1/0/31,0,0,0,0,0,0
2024/05/24 星期五 00:50:36.670,1716483036670,NH-DC-NM224-J08-ROCE-ST-leaf-4.GPU.S9825,FourHundredGigE1/0/31,1314,496998,1688,518375,0,0
2024/05/24 星期五 00:50:37.171,1716483037171,NH-DC-NM224-J08-ROCE-ST-leaf-4.GPU.S9825,FourHundredGigE1/0/31,0,0,0,0,0,0
2024/05/24 星期五 00:50:37.673,1716483037673,NH-DC-NM224-J08-ROCE-ST-leaf-4.GPU.S9825,FourHundredGigE1/0/31,974,379416,1356,402351,0,0
2024/05/24 星期五 00:50:38.174,1716483038174,NH-DC-NM224-J08-ROCE-ST-leaf-4.GPU.S9825,FourHundredGigE1/0/31,0,0,0,0,0,0
2024/05/24 星期五 00:50:38.677,1716483038677,NH-DC-NM224-J08-ROCE-ST-leaf-4.GPU.S9825,FourHundredGigE1/0/31,1207,451156,1521,467678,0,0
2024/05/24 星期五 00:50:39.177,1716483039177,NH-DC-NM224-J08-ROCE-ST-leaf-4.GPU.S9825,FourHundredGigE1/0/31,1353,486026,1553,496838,0,0
2024/05/24 星期五 00:50:39.678,1716483039678,NH-DC-NM224-J08-ROCE-ST-leaf-4.GPU.S9825,FourHundredGigE1/0/31,0,0,0,0,0,0
2024/05/24 星期五 00:50:40.181,1716483040181,NH-DC-NM224-J08-ROCE-ST-leaf-4.GPU.S9825,FourHundredGigE1/0/31,0,0,0,0,0,0
2024/05/24 星期五 00:50:40.683,1716483040683,NH-DC-NM224-J08-ROCE-ST-leaf-4.GPU.S9825,FourHundredGigE1/0/31,1681,578953,1746,587498,0,0
2024/05/24 星期五 00:50:41.185,1716483041185,NH-DC-NM224-J08-ROCE-ST-leaf-4.GPU.S9825,FourHundredGigE1/0/31,0,0,0,0,0,0
2024/05/24 星期五 00:50:41.685,1716483041685,NH-DC-NM224-J08-ROCE-ST-leaf-4.GPU.S9825,FourHundredGigE1/0/31,1367,492628,1603,505895,0,0
2024/05/24 星期五 00:50:42.187,1716483042187,NH-DC-NM224-J08-ROCE-ST-leaf-4.GPU.S9825,FourHundredGigE1/0/31,0,0,0,0,0,0
2024/05/24 星期五 00:50:42.718,1716483042718,NH-DC-NM224-J08-ROCE-ST-leaf-4.GPU.S9825,FourHundredGigE1/0/31,820,335752,1267,360978,0,0
2024/05/24 星期五 00:50:43.218,1716483043218,NH-DC-NM224-J08-ROCE-ST-leaf-4.GPU.S9825,FourHundredGigE1/0/31,0,0,0,0,0,0
2024/05/24 星期五 00:50:43.717,1716483043717,NH-DC-NM224-J08-ROCE-ST-leaf-4.GPU.S9825,FourHundredGigE1/0/31,3779,1155074,2793,1100227,0,0
2024/05/24 星期五 00:50:44.218,1716483044218,NH-DC-NM224-J08-ROCE-ST-leaf-4.GPU.S9825,FourHundredGigE1/0/31,0,0,0,0,0,0
2024/05/24 星期五 00:50:44.717,1716483044717,NH-DC-NM224-J08-ROCE-ST-leaf-4.GPU.S9825,FourHundredGigE1/0/31,2477,811802,2243,798202,0,0
2024/05/24 星期五 00:50:45.217,1716483045217,NH-DC-NM224-J08-ROCE-ST-leaf-4.GPU.S9825,FourHundredGigE1/0/31,0,0,0,0,0,0
2024/05/24 星期五 00:50:45.719,1716483045719,NH-DC-NM224-J08-ROCE-ST-leaf-4.GPU.S9825,FourHundredGigE1/0/31,1510,557820,1846,576644,0,0
2024/05/24 星期五 00:50:46.221,1716483046221,NH-DC-NM224-J08-ROCE-ST-leaf-4.GPU.S9825,FourHundredGigE1/0/31,0,0,0,0,0,0
2024/05/24 星期五 00:50:46.723,1716483046723,NH-DC-NM224-J08-ROCE-ST-leaf-4.GPU.S9825,FourHundredGigE1/0/31,1624,574364,1788,583615,0,0
2024/05/24 星期五 00:50:47.227,1716483047227,NH-DC-NM224-J08-ROCE-ST-leaf-4.GPU.S9825,FourHundredGigE1/0/31,0,0,0,0,0,0
2024/05/24 星期五 00:50:48.177,1716483048177,NH-DC-NM224-J08-ROCE-ST-leaf-4.GPU.S9825,FourHundredGigE1/0/31,984,421586,1629,457967,0,0
2024/05/24 星期五 00:50:48.678,1716483048678,NH-DC-NM224-J08-ROCE-ST-leaf-4.GPU.S9825,FourHundredGigE1/0/31,1942,637294,1781,628498,0,0
2024/05/24 星期五 00:50:49.197,1716483049197,NH-DC-NM224-J08-ROCE-ST-leaf-4.GPU.S9825,FourHundredGigE1/0/31,0,0,0,0,0,0
2024/05/24 星期五 00:50:50.166,1716483050166,NH-DC-NM224-J08-ROCE-ST-leaf-4.GPU.S9825,FourHundredGigE1/0/31,886,347228,1229,361748,0,0
2024/05/24 星期五 00:50:50.677,1716483050677,NH-DC-NM224-J08-ROCE-ST-leaf-4.GPU.S9825,FourHundredGigE1/0/31,1714,609268,1922,625283,0,0
2024/05/24 星期五 00:50:51.178,1716483051178,NH-DC-NM224-J08-ROCE-ST-leaf-4.GPU.S9825,FourHundredGigE1/0/31,0,0,0,0,0,0
2024/05/24 星期五 00:50:51.681,1716483051681,NH-DC-NM224-J08-ROCE-ST-leaf-4.GPU.S9825,FourHundredGigE1/0/31,958,370628,1314,390631,0,0
2024/05/24 星期五 00:50:52.193,1716483052193,NH-DC-NM224-J08-ROCE-ST-leaf-4.GPU.S9825,FourHundredGigE1/0/31,0,0,0,0,0,0
2024/05/24 星期五 00:50:52.692,1716483052692,NH-DC-NM224-J08-ROCE-ST-leaf-4.GPU.S9825,FourHundredGigE1/0/31,2210,711870,1920,695824,0,0
2024/05/24 星期五 00:50:53.194,1716483053194,NH-DC-NM224-J08-ROCE-ST-leaf-4.GPU.S9825,FourHundredGigE1/0/31,0,0,0,0,0,0
2024/05/24 星期五 00:50:56.177,1716483056177,NH-DC-NM224-J08-ROCE-ST-leaf-4.GPU.S9825,FourHundredGigE1/0/31,6357,2059253,5668,2042306,0,0
2024/05/24 星期五 00:50:56.682,1716483056682,NH-DC-NM224-J08-ROCE-ST-leaf-4.GPU.S9825,FourHundredGigE1/0/31,1390,499948,1603,512070,0,0
2024/05/24 星期五 00:50:57.193,1716483057193,NH-DC-NM224-J08-ROCE-ST-leaf-4.GPU.S9825,FourHundredGigE1/0/31,1750,612088,1874,619293,0,0
2024/05/24 星期五 00:50:58.028,1716483058028,NH-DC-NM224-J08-ROCE-ST-leaf-4.GPU.S9825,FourHundredGigE1/0/31,0,0,0,0,0,0
2024/05/24 星期五 00:50:58.532,1716483058532,NH-DC-NM224-J08-ROCE-ST-leaf-4.GPU.S9825,FourHundredGigE1/0/31,3056,951689,2402,917093,0,0
2024/05/24 星期五 00:50:59.033,1716483059033,NH-DC-NM224-J08-ROCE-ST-leaf-4.GPU.S9825,FourHundredGigE1/0/31,0,0,0,0,0,0
2024/05/24 星期五 00:50:59.534,1716483059534,NH-DC-NM224-J08-ROCE-ST-leaf-4.GPU.S9825,FourHundredGigE1/0/31,2722,851292,2169,818942,0,0
2024/05/24 星期五 00:51:00.035,1716483060035,NH-DC-NM224-J08-ROCE-ST-leaf-4.GPU.S9825,FourHundredGigE1/0/31,0,0,0,0,0,0
2024/05/24 星期五 00:51:00.538,1716483060538,NH-DC-NM224-J08-ROCE-ST-leaf-4.GPU.S9825,FourHundredGigE1/0/31,2204,719410,1979,706877,0,0
2024/05/24 星期五 00:51:01.039,1716483061039,NH-DC-NM224-J08-ROCE-ST-leaf-4.GPU.S9825,FourHundredGigE1/0/31,0,0,0,0,0,0
2024/05/24 星期五 00:51:01.539,1716483061539,NH-DC-NM224-J08-ROCE-ST-leaf-4.GPU.S9825,FourHundredGigE1/0/31,1475,546401,1809,569973,0,0
2024/05/24 星期五 00:51:02.042,1716483062042,NH-DC-NM224-J08-ROCE-ST-leaf-4.GPU.S9825,FourHundredGigE1/0/31,0,0,0,0,0,0
2024/05/24 星期五 00:51:02.548,1716483062548,NH-DC-NM224-J08-ROCE-ST-leaf-4.GPU.S9825,FourHundredGigE1/0/31,1520,524740,1591,528716,0,0
2024/05/24 星期五 00:51:03.046,1716483063046,NH-DC-NM224-J08-ROCE-ST-leaf-4.GPU.S9825,FourHundredGigE1/0/31,0,0,0,0,0,0
2024/05/24 星期五 00:51:03.549,1716483063549,NH-DC-NM224-J08-ROCE-ST-leaf-4.GPU.S9825,FourHundredGigE1/0/31,1449,530604,1761,549275,0,0
2024/05/24 星期五 00:51:04.054,1716483064054,NH-DC-NM224-J08-ROCE-ST-leaf-4.GPU.S9825,FourHundredGigE1/0/31,0,0,0,0,0,0
2024/05/24 星期五 00:51:04.557,1716483064557,NH-DC-NM224-J08-ROCE-ST-leaf-4.GPU.S9825,FourHundredGigE1/0/31,922,352842,1231,368982,0,0
2024/05/24 星期五 00:51:05.061,1716483065061,NH-DC-NM224-J08-ROCE-ST-leaf-4.GPU.S9825,FourHundredGigE1/0/31,0,0,0,0,0,0
2024/05/24 星期五 00:51:05.562,1716483065562,NH-DC-NM224-J08-ROCE-ST-leaf-4.GPU.S9825,FourHundredGigE1/0/31,1092,420802,1511,444344,0,0
2024/05/24 星期五 00:51:06.065,1716483066065,NH-DC-NM224-J08-ROCE-ST-leaf-4.GPU.S9825,FourHundredGigE1/0/31,0,0,0,0,0,0
2024/05/24 星期五 00:51:06.587,1716483066587,NH-DC-NM224-J08-ROCE-ST-leaf-4.GPU.S9825,FourHundredGigE1/0/31,2902,927181,2460,906387,0,0
2024/05/24 星期五 00:51:07.092,1716483067092,NH-DC-NM224-J08-ROCE-ST-leaf-4.GPU.S9825,FourHundredGigE1/0/31,0,0,0,0,0,0
2024/05/24 星期五 00:51:07.596,1716483067596,NH-DC-NM224-J08-ROCE-ST-leaf-4.GPU.S9825,FourHundredGigE1/0/31,1525,566312,1878,586143,0,0
2024/05/24 星期五 00:51:08.097,1716483068097,NH-DC-NM224-J08-ROCE-ST-leaf-4.GPU.S9825,FourHundredGigE1/0/31,0,0,0,0,0,0
2024/05/24 星期五 00:51:08.598,1716483068598,NH-DC-NM224-J08-ROCE-ST-leaf-4.GPU.S9825,FourHundredGigE1/0/31,2120,702966,1989,696098,0,0
2024/05/24 星期五 00:51:09.098,1716483069098,NH-DC-NM224-J08-ROCE-ST-leaf-4.GPU.S9825,FourHundredGigE1/0/31,0,0,0,0,0,0
2024/05/24 星期五 00:51:09.598,1716483069598,NH-DC-NM224-J08-ROCE-ST-leaf-4.GPU.S9825,FourHundredGigE1/0/31,2268,741358,2052,728834,0,0
2024/05/24 星期五 00:51:10.099,1716483070099,NH-DC-NM224-J08-ROCE-ST-leaf-4.GPU.S9825,FourHundredGigE1/0/31,0,0,0,0,0,0
2024/05/24 星期五 00:51:10.600,1716483070600,NH-DC-NM224-J08-ROCE-ST-leaf-4.GPU.S9825,FourHundredGigE1/0/31,1486,509258,1533,511957,0,0
2024/05/24 星期五 00:51:11.102,1716483071102,NH-DC-NM224-J08-ROCE-ST-leaf-4.GPU.S9825,FourHundredGigE1/0/31,0,0,0,0,0,0
2024/05/24 星期五 00:51:11.606,1716483071606,NH-DC-NM224-J08-ROCE-ST-leaf-4.GPU.S9825,FourHundredGigE1/0/31,2768,874948,2264,846791,0,0
2024/05/24 星期五 00:51:12.109,1716483072109,NH-DC-NM224-J08-ROCE-ST-leaf-4.GPU.S9825,FourHundredGigE1/0/31,0,0,0,0,0,0
2024/05/24 星期五 00:51:13.253,1716483073253,NH-DC-NM224-J08-ROCE-ST-leaf-4.GPU.S9825,FourHundredGigE1/0/31,959,380758,1381,404390,0,0
2024/05/24 星期五 00:51:13.755,1716483073755,NH-DC-NM224-J08-ROCE-ST-leaf-4.GPU.S9825,FourHundredGigE1/0/31,981,385502,1386,408443,0,0
2024/05/24 星期五 00:51:14.257,1716483074257,NH-DC-NM224-J08-ROCE-ST-leaf-4.GPU.S9825,FourHundredGigE1/0/31,0,0,0,0,0,0
2024/05/24 星期五 00:51:14.758,1716483074758,NH-DC-NM224-J08-ROCE-ST-leaf-4.GPU.S9825,FourHundredGigE1/0/31,1925,612236,1628,595410,0,0
2024/05/24 星期五 00:51:15.259,1716483075259,NH-DC-NM224-J08-ROCE-ST-leaf-4.GPU.S9825,FourHundredGigE1/0/31,1548,570576,1869,588560,0,0
2024/05/24 星期五 00:51:15.761,1716483075761,NH-DC-NM224-J08-ROCE-ST-leaf-4.GPU.S9825,FourHundredGigE1/0/31,0,0,0,0,0,0
2024/05/24 星期五 00:51:16.261,1716483076261,NH-DC-NM224-J08-ROCE-ST-leaf-4.GPU.S9825,FourHundredGigE1/0/31,0,0,0,0,0,0
2024/05/24 星期五 00:51:16.766,1716483076766,NH-DC-NM224-J08-ROCE-ST-leaf-4.GPU.S9825,FourHundredGigE1/0/31,1485,511392,1549,515043,0,0
2024/05/24 星期五 00:51:17.268,1716483077268,NH-DC-NM224-J08-ROCE-ST-leaf-4.GPU.S9825,FourHundredGigE1/0/31,0,0,0,0,0,0
2024/05/24 星期五 00:51:17.770,1716483077770,NH-DC-NM224-J08-ROCE-ST-leaf-4.GPU.S9825,FourHundredGigE1/0/31,2100,704826,2023,700581,0,0
2024/05/24 星期五 00:51:18.269,1716483078269,NH-DC-NM224-J08-ROCE-ST-leaf-4.GPU.S9825,FourHundredGigE1/0/31,0,0,0,0,0,0
2024/05/24 星期五 00:51:18.775,1716483078775,NH-DC-NM224-J08-ROCE-ST-leaf-4.GPU.S9825,FourHundredGigE1/0/31,1208,453402,1537,472046,0,0
2024/05/24 星期五 00:51:19.277,1716483079277,NH-DC-NM224-J08-ROCE-ST-leaf-4.GPU.S9825,FourHundredGigE1/0/31,0,0,0,0,0,0
2024/05/24 星期五 00:51:19.777,1716483079777,NH-DC-NM224-J08-ROCE-ST-leaf-4.GPU.S9825,FourHundredGigE1/0/31,779,317672,1196,340830,0,0
2024/05/24 星期五 00:51:20.278,1716483080278,NH-DC-NM224-J08-ROCE-ST-leaf-4.GPU.S9825,FourHundredGigE1/0/31,2041,681406,1937,674303,0,0
2024/05/24 星期五 00:51:20.782,1716483080782,NH-DC-NM224-J08-ROCE-ST-leaf-4.GPU.S9825,FourHundredGigE1/0/31,0,0,0,0,0,0
2024/05/24 星期五 00:51:21.281,1716483081281,NH-DC-NM224-J08-ROCE-ST-leaf-4.GPU.S9825,FourHundredGigE1/0/31,1657,577932,1774,585897,0,0
2024/05/24 星期五 00:51:21.783,1716483081783,NH-DC-NM224-J08-ROCE-ST-leaf-4.GPU.S9825,FourHundredGigE1/0/31,0,0,0,0,0,0
2024/05/24 星期五 00:51:22.285,1716483082285,NH-DC-NM224-J08-ROCE-ST-leaf-4.GPU.S9825,FourHundredGigE1/0/31,0,0,0,0,0,0
2024/05/24 星期五 00:51:22.788,1716483082788,NH-DC-NM224-J08-ROCE-ST-leaf-4.GPU.S9825,FourHundredGigE1/0/31,1079,431716,1564,458876,0,0
2024/05/24 星期五 00:51:23.291,1716483083291,NH-DC-NM224-J08-ROCE-ST-leaf-4.GPU.S9825,FourHundredGigE1/0/31,0,0,0,0,0,0
2024/05/24 星期五 00:51:23.793,1716483083793,NH-DC-NM224-J08-ROCE-ST-leaf-4.GPU.S9825,FourHundredGigE1/0/31,3783,1185438,2998,1142709,0,0
2024/05/24 星期五 00:51:24.298,1716483084298,NH-DC-NM224-J08-ROCE-ST-leaf-4.GPU.S9825,FourHundredGigE1/0/31,1499,518698,1567,521342,0,0
2024/05/24 星期五 00:51:24.802,1716483084802,NH-DC-NM224-J08-ROCE-ST-leaf-4.GPU.S9825,FourHundredGigE1/0/31,0,0,0,0,0,0
2024/05/24 星期五 00:51:25.305,1716483085305,NH-DC-NM224-J08-ROCE-ST-leaf-4.GPU.S9825,FourHundredGigE1/0/31,866,327400,1147,343144,0,0
2024/05/24 星期五 00:51:25.805,1716483085805,NH-DC-NM224-J08-ROCE-ST-leaf-4.GPU.S9825,FourHundredGigE1/0/31,0,0,0,0,0,0
2024/05/24 星期五 00:51:26.305,1716483086305,NH-DC-NM224-J08-ROCE-ST-leaf-4.GPU.S9825,FourHundredGigE1/0/31,2159,721270,2054,715457,0,0
2024/05/24 星期五 00:51:26.805,1716483086805,NH-DC-NM224-J08-ROCE-ST-leaf-4.GPU.S9825,FourHundredGigE1/0/31,0,0,0,0,0,0
2024/05/24 星期五 00:51:27.309,1716483087309,NH-DC-NM224-J08-ROCE-ST-leaf-4.GPU.S9825,FourHundredGigE1/0/31,0,0,0,0,0,0
2024/05/24 星期五 00:51:27.810,1716483087810,NH-DC-NM224-J08-ROCE-ST-leaf-4.GPU.S9825,FourHundredGigE1/0/31,1483,506916,1525,509723,0,0
2024/05/24 星期五 00:51:28.309,1716483088309,NH-DC-NM224-J08-ROCE-ST-leaf-4.GPU.S9825,FourHundredGigE1/0/31,0,0,0,0,0,0
2024/05/24 星期五 00:51:28.809,1716483088809,NH-DC-NM224-J08-ROCE-ST-leaf-4.GPU.S9825,FourHundredGigE1/0/31,1590,572460,1822,585478,0,0
2024/05/24 星期五 00:51:29.313,1716483089313,NH-DC-NM224-J08-ROCE-ST-leaf-4.GPU.S9825,FourHundredGigE1/0/31,1894,636334,1834,632586,0,0
2024/05/24 星期五 00:51:29.813,1716483089813,NH-DC-NM224-J08-ROCE-ST-leaf-4.GPU.S9825,FourHundredGigE1/0/31,0,0,0,0,0,0
2024/05/24 星期五 00:51:30.316,1716483090316,NH-DC-NM224-J08-ROCE-ST-leaf-4.GPU.S9825,FourHundredGigE1/0/31,1357,482012,1556,491657,0,0
2024/05/24 星期五 00:51:30.815,1716483090815,NH-DC-NM224-J08-ROCE-ST-leaf-4.GPU.S9825,FourHundredGigE1/0/31,0,0,0,0,0,0
2024/05/24 星期五 00:51:31.317,1716483091317,NH-DC-NM224-J08-ROCE-ST-leaf-4.GPU.S9825,FourHundredGigE1/0/31,1888,632948,1824,629431,0,0
2024/05/24 星期五 00:51:31.827,1716483091827,NH-DC-NM224-J08-ROCE-ST-leaf-4.GPU.S9825,FourHundredGigE1/0/31,0,0,0,0,0,0
2024/05/24 星期五 00:51:32.329,1716483092329,NH-DC-NM224-J08-ROCE-ST-leaf-4.GPU.S9825,FourHundredGigE1/0/31,2235,740856,2082,732288,0,0
2024/05/24 星期五 00:51:32.829,1716483092829,NH-DC-NM224-J08-ROCE-ST-leaf-4.GPU.S9825,FourHundredGigE1/0/31,0,0,0,0,0,0
2024/05/24 星期五 00:51:33.340,1716483093340,NH-DC-NM224-J08-ROCE-ST-leaf-4.GPU.S9825,FourHundredGigE1/0/31,0,0,0,0,0,0
2024/05/24 星期五 00:51:33.841,1716483093841,NH-DC-NM224-J08-ROCE-ST-leaf-4.GPU.S9825,FourHundredGigE1/0/31,1558,582322,1958,604777,0,0
2024/05/24 星期五 00:51:34.343,1716483094343,NH-DC-NM224-J08-ROCE-ST-leaf-4.GPU.S9825,FourHundredGigE1/0/31,1672,560834,1634,557024,0,0
2024/05/24 星期五 00:51:34.846,1716483094846,NH-DC-NM224-J08-ROCE-ST-leaf-4.GPU.S9825,FourHundredGigE1/0/31,0,0,0,0,0,0
2024/05/24 星期五 00:51:35.345,1716483095345,NH-DC-NM224-J08-ROCE-ST-leaf-4.GPU.S9825,FourHundredGigE1/0/31,2152,735007,2165,739646,0,0
2024/05/24 星期五 00:51:35.847,1716483095847,NH-DC-NM224-J08-ROCE-ST-leaf-4.GPU.S9825,FourHundredGigE1/0/31,0,0,0,0,0,0
2024/05/24 星期五 00:51:36.348,1716483096348,NH-DC-NM224-J08-ROCE-ST-leaf-4.GPU.S9825,FourHundredGigE1/0/31,2558,831468,2288,815087,0,0
2024/05/24 星期五 00:51:36.855,1716483096855,NH-DC-NM224-J08-ROCE-ST-leaf-4.GPU.S9825,FourHundredGigE1/0/31,0,0,0,0,0,0
2024/05/24 星期五 00:51:37.355,1716483097355,NH-DC-NM224-J08-ROCE-ST-leaf-4.GPU.S9825,FourHundredGigE1/0/31,852,316320,1095,329749,0,0
2024/05/24 星期五 00:51:37.857,1716483097857,NH-DC-NM224-J08-ROCE-ST-leaf-4.GPU.S9825,FourHundredGigE1/0/31,0,0,0,0,0,0
2024/05/24 星期五 00:51:38.801,1716483098801,NH-DC-NM224-J08-ROCE-ST-leaf-4.GPU.S9825,FourHundredGigE1/0/31,1355,477846,1557,486492,0,0
2024/05/24 星期五 00:51:39.305,1716483099305,NH-DC-NM224-J08-ROCE-ST-leaf-4.GPU.S9825,FourHundredGigE1/0/31,1821,626312,1880,628888,0,0
2024/05/24 星期五 00:51:39.805,1716483099805,NH-DC-NM224-J08-ROCE-ST-leaf-4.GPU.S9825,FourHundredGigE1/0/31,0,0,0,0,0,0
2024/05/24 星期五 00:51:40.306,1716483100306,NH-DC-NM224-J08-ROCE-ST-leaf-4.GPU.S9825,FourHundredGigE1/0/31,3040,957347,2509,929910,0,0
2024/05/24 星期五 00:51:40.810,1716483100810,NH-DC-NM224-J08-ROCE-ST-leaf-4.GPU.S9825,FourHundredGigE1/0/31,0,0,0,0,0,0
2024/05/24 星期五 00:51:41.311,1716483101311,NH-DC-NM224-J08-ROCE-ST-leaf-4.GPU.S9825,FourHundredGigE1/0/31,1360,496070,1617,510529,0,0
2024/05/24 星期五 00:51:41.813,1716483101813,NH-DC-NM224-J08-ROCE-ST-leaf-4.GPU.S9825,FourHundredGigE1/0/31,0,0,0,0,0,0
2024/05/24 星期五 00:51:42.317,1716483102317,NH-DC-NM224-J08-ROCE-ST-leaf-4.GPU.S9825,FourHundredGigE1/0/31,0,0,0,0,0,0
2024/05/24 星期五 00:51:42.822,1716483102822,NH-DC-NM224-J08-ROCE-ST-leaf-4.GPU.S9825,FourHundredGigE1/0/31,1467,513012,1584,519564,0,0
2024/05/24 星期五 00:51:43.324,1716483103324,NH-DC-NM224-J08-ROCE-ST-leaf-4.GPU.S9825,FourHundredGigE1/0/31,0,0,0,0,0,0
2024/05/24 星期五 00:51:43.826,1716483103826,NH-DC-NM224-J08-ROCE-ST-leaf-4.GPU.S9825,FourHundredGigE1/0/31,2161,738982,2192,742725,0,0
2024/05/24 星期五 00:51:44.334,1716483104334,NH-DC-NM224-J08-ROCE-ST-leaf-4.GPU.S9825,FourHundredGigE1/0/31,1977,615076,1558,589672,0,0
2024/05/24 星期五 00:51:44.835,1716483104835,NH-DC-NM224-J08-ROCE-ST-leaf-4.GPU.S9825,FourHundredGigE1/0/31,0,0,0,0,0,0
2024/05/24 星期五 00:51:45.332,1716483105332,NH-DC-NM224-J08-ROCE-ST-leaf-4.GPU.S9825,FourHundredGigE1/0/31,1791,616158,1845,619190,0,0
2024/05/24 星期五 00:51:45.834,1716483105834,NH-DC-NM224-J08-ROCE-ST-leaf-4.GPU.S9825,FourHundredGigE1/0/31,0,0,0,0,0,0
2024/05/24 星期五 00:51:46.338,1716483106338,NH-DC-NM224-J08-ROCE-ST-leaf-4.GPU.S9825,FourHundredGigE1/0/31,630,285246,1183,316281,0,0
2024/05/24 星期五 00:51:46.841,1716483106841,NH-DC-NM224-J08-ROCE-ST-leaf-4.GPU.S9825,FourHundredGigE1/0/31,0,0,0,0,0,0
2024/05/24 星期五 00:51:47.344,1716483107344,NH-DC-NM224-J08-ROCE-ST-leaf-4.GPU.S9825,FourHundredGigE1/0/31,2035,0,1845,0,0,0
2024/05/24 星期五 00:51:47.846,1716483107846,NH-DC-NM224-J08-ROCE-ST-leaf-4.GPU.S9825,FourHundredGigE1/0/31,0,665708,0,655135,0,0
2024/05/24 星期五 00:51:48.345,1716483108345,NH-DC-NM224-J08-ROCE-ST-leaf-4.GPU.S9825,FourHundredGigE1/0/31,0,0,0,0,0,0
2024/05/24 星期五 00:51:48.845,1716483108845,NH-DC-NM224-J08-ROCE-ST-leaf-4.GPU.S9825,FourHundredGigE1/0/31,2675,855294,2260,832274,0,0
2024/05/24 星期五 00:51:49.345,1716483109345,NH-DC-NM224-J08-ROCE-ST-leaf-4.GPU.S9825,FourHundredGigE1/0/31,1686,565564,1639,562738,0,0
2024/05/24 星期五 00:51:49.846,1716483109846,NH-DC-NM224-J08-ROCE-ST-leaf-4.GPU.S9825,FourHundredGigE1/0/31,0,0,0,0,0,0
2024/05/24 星期五 00:51:50.347,1716483110347,NH-DC-NM224-J08-ROCE-ST-leaf-4.GPU.S9825,FourHundredGigE1/0/31,1620,581586,1843,594141,0,0
2024/05/24 星期五 00:51:50.851,1716483110851,NH-DC-NM224-J08-ROCE-ST-leaf-4.GPU.S9825,FourHundredGigE1/0/31,0,0,0,0,0,0
2024/05/24 星期五 00:51:51.350,1716483111350,NH-DC-NM224-J08-ROCE-ST-leaf-4.GPU.S9825,FourHundredGigE1/0/31,1371,503694,1654,519609,0,0
2024/05/24 星期五 00:51:51.853,1716483111853,NH-DC-NM224-J08-ROCE-ST-leaf-4.GPU.S9825,FourHundredGigE1/0/31,0,0,0,0,0,0
2024/05/24 星期五 00:51:52.371,1716483112371,NH-DC-NM224-J08-ROCE-ST-leaf-4.GPU.S9825,FourHundredGigE1/0/31,1952,667630,1972,668750,0,0
2024/05/24 星期五 00:51:52.883,1716483112883,NH-DC-NM224-J08-ROCE-ST-leaf-4.GPU.S9825,FourHundredGigE1/0/31,0,0,0,0,0,0
2024/05/24 星期五 00:51:53.382,1716483113382,NH-DC-NM224-J08-ROCE-ST-leaf-4.GPU.S9825,FourHundredGigE1/0/31,0,0,0,0,0,0
2024/05/24 星期五 00:51:53.886,1716483113886,NH-DC-NM224-J08-ROCE-ST-leaf-4.GPU.S9825,FourHundredGigE1/0/31,2442,785107,2177,800632,0,0
2024/05/24 星期五 00:51:54.394,1716483114394,NH-DC-NM224-J08-ROCE-ST-leaf-4.GPU.S9825,FourHundredGigE1/0/31,1077,422390,1499,445634,0,0
2024/05/24 星期五 00:51:54.897,1716483114897,NH-DC-NM224-J08-ROCE-ST-leaf-4.GPU.S9825,FourHundredGigE1/0/31,0,0,0,0,0,0
2024/05/24 星期五 00:51:55.398,1716483115398,NH-DC-NM224-J08-ROCE-ST-leaf-4.GPU.S9825,FourHundredGigE1/0/31,2207,712683,1934,698761,0,0
2024/05/24 星期五 00:51:55.899,1716483115899,NH-DC-NM224-J08-ROCE-ST-leaf-4.GPU.S9825,FourHundredGigE1/0/31,0,0,0,0,0,0
2024/05/24 星期五 00:51:56.401,1716483116401,NH-DC-NM224-J08-ROCE-ST-leaf-4.GPU.S9825,FourHundredGigE1/0/31,2075,677154,1871,665805,0,0
2024/05/24 星期五 00:51:56.899,1716483116899,NH-DC-NM224-J08-ROCE-ST-leaf-4.GPU.S9825,FourHundredGigE1/0/31,0,0,0,0,0,0
2024/05/24 星期五 00:51:57.741,1716483117741,NH-DC-NM224-J08-ROCE-ST-leaf-4.GPU.S9825,FourHundredGigE1/0/31,1618,545558,1599,544561,0,0
2024/05/24 星期五 00:51:58.241,1716483118241,NH-DC-NM224-J08-ROCE-ST-leaf-4.GPU.S9825,FourHundredGigE1/0/31,0,0,0,0,0,0
2024/05/24 星期五 00:51:58.739,1716483118739,NH-DC-NM224-J08-ROCE-ST-leaf-4.GPU.S9825,FourHundredGigE1/0/31,1679,600220,1889,612006,0,0
2024/05/24 星期五 00:51:59.267,1716483119267,NH-DC-NM224-J08-ROCE-ST-leaf-4.GPU.S9825,FourHundredGigE1/0/31,2034,664751,1858,659586,0,0
2024/05/24 星期五 00:51:59.771,1716483119771,NH-DC-NM224-J08-ROCE-ST-leaf-4.GPU.S9825,FourHundredGigE1/0/31,0,0,0,0,0,0
2024/05/24 星期五 00:52:00.273,1716483120273,NH-DC-NM224-J08-ROCE-ST-leaf-4.GPU.S9825,FourHundredGigE1/0/31,0,0,0,0,0,0
2024/05/24 星期五 00:52:00.923,1716483120923,NH-DC-NM224-J08-ROCE-ST-leaf-4.GPU.S9825,FourHundredGigE1/0/31,2508,797754,2095,774693,0,0
2024/05/24 星期五 00:52:01.426,1716483121426,NH-DC-NM224-J08-ROCE-ST-leaf-4.GPU.S9825,FourHundredGigE1/0/31,1892,622313,1752,619341,0,0
2024/05/24 星期五 00:52:01.926,1716483121926,NH-DC-NM224-J08-ROCE-ST-leaf-4.GPU.S9825,FourHundredGigE1/0/31,0,0,0,0,0,0
2024/05/24 星期五 00:52:02.429,1716483122429,NH-DC-NM224-J08-ROCE-ST-leaf-4.GPU.S9825,FourHundredGigE1/0/31,1631,562492,1696,566132,0,0
2024/05/24 星期五 00:52:02.930,1716483122930,NH-DC-NM224-J08-ROCE-ST-leaf-4.GPU.S9825,FourHundredGigE1/0/31,0,0,0,0,0,0
2024/05/24 星期五 00:52:03.434,1716483123434,NH-DC-NM224-J08-ROCE-ST-leaf-4.GPU.S9825,FourHundredGigE1/0/31,0,0,0,0,0,0
2024/05/24 星期五 00:52:03.934,1716483123934,NH-DC-NM224-J08-ROCE-ST-leaf-4.GPU.S9825,FourHundredGigE1/0/31,2881,962950,2746,958809,0,0
2024/05/24 星期五 00:52:04.437,1716483124437,NH-DC-NM224-J08-ROCE-ST-leaf-4.GPU.S9825,FourHundredGigE1/0/31,844,313816,1063,322502,0,0
2024/05/24 星期五 00:52:04.938,1716483124938,NH-DC-NM224-J08-ROCE-ST-leaf-4.GPU.S9825,FourHundredGigE1/0/31,0,0,0,0,0,0
2024/05/24 星期五 00:52:05.438,1716483125438,NH-DC-NM224-J08-ROCE-ST-leaf-4.GPU.S9825,FourHundredGigE1/0/31,3227,1004058,2517,964500,0,0
2024/05/24 星期五 00:52:05.938,1716483125938,NH-DC-NM224-J08-ROCE-ST-leaf-4.GPU.S9825,FourHundredGigE1/0/31,0,0,0,0,0,0
2024/05/24 星期五 00:52:06.438,1716483126438,NH-DC-NM224-J08-ROCE-ST-leaf-4.GPU.S9825,FourHundredGigE1/0/31,3295,1060079,2827,1039167,0,0
2024/05/24 星期五 00:52:06.938,1716483126938,NH-DC-NM224-J08-ROCE-ST-leaf-4.GPU.S9825,FourHundredGigE1/0/31,0,0,0,0,0,0
2024/05/24 星期五 00:52:07.445,1716483127445,NH-DC-NM224-J08-ROCE-ST-leaf-4.GPU.S9825,FourHundredGigE1/0/31,0,0,0,0,0,0
2024/05/24 星期五 00:52:07.946,1716483127946,NH-DC-NM224-J08-ROCE-ST-leaf-4.GPU.S9825,FourHundredGigE1/0/31,794,365402,1509,405897,0,0
2024/05/24 星期五 00:52:08.447,1716483128447,NH-DC-NM224-J08-ROCE-ST-leaf-4.GPU.S9825,FourHundredGigE1/0/31,0,0,0,0,0,0
2024/05/24 星期五 00:52:08.946,1716483128946,NH-DC-NM224-J08-ROCE-ST-leaf-4.GPU.S9825,FourHundredGigE1/0/31,2752,939460,2789,937678,0,0
2024/05/24 星期五 00:52:09.457,1716483129457,NH-DC-NM224-J08-ROCE-ST-leaf-4.GPU.S9825,FourHundredGigE1/0/31,304,142866,591,162236,0,0
2024/05/24 星期五 00:52:09.965,1716483129965,NH-DC-NM224-J08-ROCE-ST-leaf-4.GPU.S9825,FourHundredGigE1/0/31,0,0,0,0,0,0
2024/05/24 星期五 00:52:10.465,1716483130465,NH-DC-NM224-J08-ROCE-ST-leaf-4.GPU.S9825,FourHundredGigE1/0/31,978,374822,1317,394067,0,0
2024/05/24 星期五 00:52:10.967,1716483130967,NH-DC-NM224-J08-ROCE-ST-leaf-4.GPU.S9825,FourHundredGigE1/0/31,0,0,0,0,0,0
2024/05/24 星期五 00:52:11.470,1716483131470,NH-DC-NM224-J08-ROCE-ST-leaf-4.GPU.S9825,FourHundredGigE1/0/31,0,0,0,0,0,0
2024/05/24 星期五 00:52:11.969,1716483131969,NH-DC-NM224-J08-ROCE-ST-leaf-4.GPU.S9825,FourHundredGigE1/0/31,1278,487138,1679,510631,0,0
2024/05/24 星期五 00:52:12.478,1716483132478,NH-DC-NM224-J08-ROCE-ST-leaf-4.GPU.S9825,FourHundredGigE1/0/31,0,0,0,0,0,0
2024/05/24 星期五 00:52:12.978,1716483132978,NH-DC-NM224-J08-ROCE-ST-leaf-4.GPU.S9825,FourHundredGigE1/0/31,2181,730458,2103,727836,0,0
2024/05/24 星期五 00:52:13.477,1716483133477,NH-DC-NM224-J08-ROCE-ST-leaf-4.GPU.S9825,FourHundredGigE1/0/31,0,0,0,0,0,0
2024/05/24 星期五 00:52:13.978,1716483133978,NH-DC-NM224-J08-ROCE-ST-leaf-4.GPU.S9825,FourHundredGigE1/0/31,1822,630592,1931,629973,0,0
2024/05/24 星期五 00:52:14.961,1716483134961,NH-DC-NM224-J08-ROCE-ST-leaf-4.GPU.S9825,FourHundredGigE1/0/31,640,233100,750,243140,0,0
2024/05/24 星期五 00:52:15.464,1716483135464,NH-DC-NM224-J08-ROCE-ST-leaf-4.GPU.S9825,FourHundredGigE1/0/31,2449,791460,2139,774302,0,0
2024/05/24 星期五 00:52:15.965,1716483135965,NH-DC-NM224-J08-ROCE-ST-leaf-4.GPU.S9825,FourHundredGigE1/0/31,0,0,0,0,0,0
2024/05/24 星期五 00:52:16.465,1716483136465,NH-DC-NM224-J08-ROCE-ST-leaf-4.GPU.S9825,FourHundredGigE1/0/31,1442,520372,1670,533207,0,0
2024/05/24 星期五 00:52:16.967,1716483136967,NH-DC-NM224-J08-ROCE-ST-leaf-4.GPU.S9825,FourHundredGigE1/0/31,0,0,0,0,0,0
2024/05/24 星期五 00:52:17.471,1716483137471,NH-DC-NM224-J08-ROCE-ST-leaf-4.GPU.S9825,FourHundredGigE1/0/31,1680,575748,1720,578055,0,0
2024/05/24 星期五 00:52:17.975,1716483137975,NH-DC-NM224-J08-ROCE-ST-leaf-4.GPU.S9825,FourHundredGigE1/0/31,0,0,0,0,0,0
2024/05/24 星期五 00:52:18.476,1716483138476,NH-DC-NM224-J08-ROCE-ST-leaf-4.GPU.S9825,FourHundredGigE1/0/31,1273,482876,1647,503846,0,0
2024/05/24 星期五 00:52:18.975,1716483138975,NH-DC-NM224-J08-ROCE-ST-leaf-4.GPU.S9825,FourHundredGigE1/0/31,0,0,0,0,0,0
2024/05/24 星期五 00:52:19.475,1716483139475,NH-DC-NM224-J08-ROCE-ST-leaf-4.GPU.S9825,FourHundredGigE1/0/31,1689,583252,1756,586810,0,0
2024/05/24 星期五 00:52:19.977,1716483139977,NH-DC-NM224-J08-ROCE-ST-leaf-4.GPU.S9825,FourHundredGigE1/0/31,0,0,0,0,0,0
2024/05/24 星期五 00:52:20.477,1716483140477,NH-DC-NM224-J08-ROCE-ST-leaf-4.GPU.S9825,FourHundredGigE1/0/31,2053,681178,1928,674439,0,0
2024/05/24 星期五 00:52:21.002,1716483141002,NH-DC-NM224-J08-ROCE-ST-leaf-4.GPU.S9825,FourHundredGigE1/0/31,0,0,0,0,0,0
2024/05/24 星期五 00:52:21.506,1716483141506,NH-DC-NM224-J08-ROCE-ST-leaf-4.GPU.S9825,FourHundredGigE1/0/31,0,0,0,0,0,0
2024/05/24 星期五 00:52:22.009,1716483142009,NH-DC-NM224-J08-ROCE-ST-leaf-4.GPU.S9825,FourHundredGigE1/0/31,3388,1095460,2936,1072155,0,0
2024/05/24 星期五 00:52:22.509,1716483142509,NH-DC-NM224-J08-ROCE-ST-leaf-4.GPU.S9825,FourHundredGigE1/0/31,0,0,0,0,0,0
2024/05/24 星期五 00:52:23.010,1716483143010,NH-DC-NM224-J08-ROCE-ST-leaf-4.GPU.S9825,FourHundredGigE1/0/31,2924,979688,2810,967872,0,0
2024/05/24 星期五 00:52:23.517,1716483143517,NH-DC-NM224-J08-ROCE-ST-leaf-4.GPU.S9825,FourHundredGigE1/0/31,0,0,0,0,0,0
2024/05/24 星期五 00:52:24.018,1716483144018,NH-DC-NM224-J08-ROCE-ST-leaf-4.GPU.S9825,FourHundredGigE1/0/31,0,0,0,0,0,0
2024/05/24 星期五 00:52:24.521,1716483144521,NH-DC-NM224-J08-ROCE-ST-leaf-4.GPU.S9825,FourHundredGigE1/0/31,2148,754078,2327,767467,0,0
2024/05/24 星期五 00:52:25.022,1716483145022,NH-DC-NM224-J08-ROCE-ST-leaf-4.GPU.S9825,FourHundredGigE1/0/31,0,0,0,0,0,0
2024/05/24 星期五 00:52:25.551,1716483145551,NH-DC-NM224-J08-ROCE-ST-leaf-4.GPU.S9825,FourHundredGigE1/0/31,2035,703868,2115,709005,0,0
2024/05/24 星期五 00:52:26.024,1716483146024,NH-DC-NM224-J08-ROCE-ST-leaf-4.GPU.S9825,FourHundredGigE1/0/31,0,0,0,0,0,0
2024/05/24 星期五 00:52:26.526,1716483146526,NH-DC-NM224-J08-ROCE-ST-leaf-4.GPU.S9825,FourHundredGigE1/0/31,1069,429404,1562,457012,0,0
2024/05/24 星期五 00:52:27.025,1716483147025,NH-DC-NM224-J08-ROCE-ST-leaf-4.GPU.S9825,FourHundredGigE1/0/31,0,0,0,0,0,0
2024/05/24 星期五 00:52:27.528,1716483147528,NH-DC-NM224-J08-ROCE-ST-leaf-4.GPU.S9825,FourHundredGigE1/0/31,1711,595442,1811,601101,0,0
2024/05/24 星期五 00:52:28.029,1716483148029,NH-DC-NM224-J08-ROCE-ST-leaf-4.GPU.S9825,FourHundredGigE1/0/31,0,0,0,0,0,0
2024/05/24 星期五 00:52:28.528,1716483148528,NH-DC-NM224-J08-ROCE-ST-leaf-4.GPU.S9825,FourHundredGigE1/0/31,1292,496212,1715,520128,0,0
2024/05/24 星期五 00:52:29.029,1716483149029,NH-DC-NM224-J08-ROCE-ST-leaf-4.GPU.S9825,FourHundredGigE1/0/31,0,0,0,0,0,0
2024/05/24 星期五 00:52:29.529,1716483149529,NH-DC-NM224-J08-ROCE-ST-leaf-4.GPU.S9825,FourHundredGigE1/0/31,1640,537998,1508,529830,0,0
2024/05/24 星期五 00:52:30.031,1716483150031,NH-DC-NM224-J08-ROCE-ST-leaf-4.GPU.S9825,FourHundredGigE1/0/31,0,0,0,0,0,0
2024/05/24 星期五 00:52:30.533,1716483150533,NH-DC-NM224-J08-ROCE-ST-leaf-4.GPU.S9825,FourHundredGigE1/0/31,1136,418272,1396,433093,0,0
2024/05/24 星期五 00:52:31.037,1716483151037,NH-DC-NM224-J08-ROCE-ST-leaf-4.GPU.S9825,FourHundredGigE1/0/31,0,0,0,0,0,0
2024/05/24 星期五 00:52:31.539,1716483151539,NH-DC-NM224-J08-ROCE-ST-leaf-4.GPU.S9825,FourHundredGigE1/0/31,2242,727670,1983,713233,0,0
2024/05/24 星期五 00:52:32.041,1716483152041,NH-DC-NM224-J08-ROCE-ST-leaf-4.GPU.S9825,FourHundredGigE1/0/31,0,0,0,0,0,0
2024/05/24 星期五 00:52:32.541,1716483152541,NH-DC-NM224-J08-ROCE-ST-leaf-4.GPU.S9825,FourHundredGigE1/0/31,937,360692,1274,379564,0,0
2024/05/24 星期五 00:52:33.044,1716483153044,NH-DC-NM224-J08-ROCE-ST-leaf-4.GPU.S9825,FourHundredGigE1/0/31,0,0,0,0,0,0
2024/05/24 星期五 00:52:33.542,1716483153542,NH-DC-NM224-J08-ROCE-ST-leaf-4.GPU.S9825,FourHundredGigE1/0/31,1583,556300,1721,564095,0,0
2024/05/24 星期五 00:52:34.046,1716483154046,NH-DC-NM224-J08-ROCE-ST-leaf-4.GPU.S9825,FourHundredGigE1/0/31,0,0,0,0,0,0
2024/05/24 星期五 00:52:34.550,1716483154550,NH-DC-NM224-J08-ROCE-ST-leaf-4.GPU.S9825,FourHundredGigE1/0/31,1325,480962,1559,493872,0,0
2024/05/24 星期五 00:52:37.006,1716483157006,NH-DC-NM224-J08-ROCE-ST-leaf-4.GPU.S9825,FourHundredGigE1/0/31,5063,1642894,4464,1610955,0,0
2024/05/24 星期五 00:52:38.088,1716483158088,NH-DC-NM224-J08-ROCE-ST-leaf-4.GPU.S9825,FourHundredGigE1/0/31,2923,1003730,2980,1001777,0,0
2024/05/24 星期五 00:52:38.590,1716483158590,NH-DC-NM224-J08-ROCE-ST-leaf-4.GPU.S9825,FourHundredGigE1/0/31,0,0,0,0,0,0
2024/05/24 星期五 00:52:39.098,1716483159098,NH-DC-NM224-J08-ROCE-ST-leaf-4.GPU.S9825,FourHundredGigE1/0/31,2877,933676,2530,915796,0,0
2024/05/24 星期五 00:52:40.047,1716483160047,NH-DC-NM224-J08-ROCE-ST-leaf-4.GPU.S9825,FourHundredGigE1/0/31,557,193794,582,197716,0,0
2024/05/24 星期五 00:52:40.550,1716483160550,NH-DC-NM224-J08-ROCE-ST-leaf-4.GPU.S9825,FourHundredGigE1/0/31,1731,595777,1794,604404,0,0
2024/05/24 星期五 00:52:41.052,1716483161052,NH-DC-NM224-J08-ROCE-ST-leaf-4.GPU.S9825,FourHundredGigE1/0/31,0,0,0,0,0,0
2024/05/24 星期五 00:52:41.553,1716483161553,NH-DC-NM224-J08-ROCE-ST-leaf-4.GPU.S9825,FourHundredGigE1/0/31,2068,716214,2155,722123,0,0
2024/05/24 星期五 00:52:42.053,1716483162053,NH-DC-NM224-J08-ROCE-ST-leaf-4.GPU.S9825,FourHundredGigE1/0/31,0,0,0,0,0,0
2024/05/24 星期五 00:52:42.554,1716483162554,NH-DC-NM224-J08-ROCE-ST-leaf-4.GPU.S9825,FourHundredGigE1/0/31,0,0,0,0,0,0
2024/05/24 星期五 00:52:43.054,1716483163054,NH-DC-NM224-J08-ROCE-ST-leaf-4.GPU.S9825,FourHundredGigE1/0/31,2018,701612,2129,709380,0,0
2024/05/24 星期五 00:52:43.562,1716483163562,NH-DC-NM224-J08-ROCE-ST-leaf-4.GPU.S9825,FourHundredGigE1/0/31,0,0,0,0,0,0
2024/05/24 星期五 00:52:44.060,1716483164060,NH-DC-NM224-J08-ROCE-ST-leaf-4.GPU.S9825,FourHundredGigE1/0/31,1959,687822,2149,693291,0,0
2024/05/24 星期五 00:52:44.561,1716483164561,NH-DC-NM224-J08-ROCE-ST-leaf-4.GPU.S9825,FourHundredGigE1/0/31,463,151300,421,151470,0,0
2024/05/24 星期五 00:52:45.058,1716483165058,NH-DC-NM224-J08-ROCE-ST-leaf-4.GPU.S9825,FourHundredGigE1/0/31,0,0,0,0,0,0
2024/05/24 星期五 00:52:45.572,1716483165572,NH-DC-NM224-J08-ROCE-ST-leaf-4.GPU.S9825,FourHundredGigE1/0/31,2068,706138,2080,707012,0,0
2024/05/24 星期五 00:52:46.072,1716483166072,NH-DC-NM224-J08-ROCE-ST-leaf-4.GPU.S9825,FourHundredGigE1/0/31,0,0,0,0,0,0
2024/05/24 星期五 00:52:46.573,1716483166573,NH-DC-NM224-J08-ROCE-ST-leaf-4.GPU.S9825,FourHundredGigE1/0/31,2774,862582,2171,828881,0,0
2024/05/24 星期五 00:52:47.074,1716483167074,NH-DC-NM224-J08-ROCE-ST-leaf-4.GPU.S9825,FourHundredGigE1/0/31,0,0,0,0,0,0
2024/05/24 星期五 00:52:47.592,1716483167592,NH-DC-NM224-J08-ROCE-ST-leaf-4.GPU.S9825,FourHundredGigE1/0/31,1078,430800,1564,458471,0,0
2024/05/24 星期五 00:52:48.090,1716483168090,NH-DC-NM224-J08-ROCE-ST-leaf-4.GPU.S9825,FourHundredGigE1/0/31,0,0,0,0,0,0
2024/05/24 星期五 00:52:48.592,1716483168592,NH-DC-NM224-J08-ROCE-ST-leaf-4.GPU.S9825,FourHundredGigE1/0/31,2175,730496,2097,726348,0,0
2024/05/24 星期五 00:52:49.094,1716483169094,NH-DC-NM224-J08-ROCE-ST-leaf-4.GPU.S9825,FourHundredGigE1/0/31,0,0,0,0,0,0
2024/05/24 星期五 00:52:49.593,1716483169593,NH-DC-NM224-J08-ROCE-ST-leaf-4.GPU.S9825,FourHundredGigE1/0/31,828,341854,1288,366838,0,0
2024/05/24 星期五 00:52:50.094,1716483170094,NH-DC-NM224-J08-ROCE-ST-leaf-4.GPU.S9825,FourHundredGigE1/0/31,0,0,0,0,0,0
2024/05/24 星期五 00:52:50.593,1716483170593,NH-DC-NM224-J08-ROCE-ST-leaf-4.GPU.S9825,FourHundredGigE1/0/31,2478,778562,2007,752447,0,0
2024/05/24 星期五 00:52:51.094,1716483171094,NH-DC-NM224-J08-ROCE-ST-leaf-4.GPU.S9825,FourHundredGigE1/0/31,0,0,0,0,0,0
2024/05/24 星期五 00:52:51.593,1716483171593,NH-DC-NM224-J08-ROCE-ST-leaf-4.GPU.S9825,FourHundredGigE1/0/31,1667,578086,1754,583025,0,0
2024/05/24 星期五 00:52:52.097,1716483172097,NH-DC-NM224-J08-ROCE-ST-leaf-4.GPU.S9825,FourHundredGigE1/0/31,0,0,0,0,0,0
2024/05/24 星期五 00:52:52.601,1716483172601,NH-DC-NM224-J08-ROCE-ST-leaf-4.GPU.S9825,FourHundredGigE1/0/31,1406,511786,1660,526010,0,0
2024/05/24 星期五 00:52:53.108,1716483173108,NH-DC-NM224-J08-ROCE-ST-leaf-4.GPU.S9825,FourHundredGigE1/0/31,0,0,0,0,0,0
2024/05/24 星期五 00:52:53.610,1716483173610,NH-DC-NM224-J08-ROCE-ST-leaf-4.GPU.S9825,FourHundredGigE1/0/31,2372,787072,2210,778067,0,0
2024/05/24 星期五 00:52:54.110,1716483174110,NH-DC-NM224-J08-ROCE-ST-leaf-4.GPU.S9825,FourHundredGigE1/0/31,0,0,0,0,0,0
2024/05/24 星期五 00:52:55.083,1716483175083,NH-DC-NM224-J08-ROCE-ST-leaf-4.GPU.S9825,FourHundredGigE1/0/31,1534,522888,1557,523982,0,0
2024/05/24 星期五 00:52:55.592,1716483175592,NH-DC-NM224-J08-ROCE-ST-leaf-4.GPU.S9825,FourHundredGigE1/0/31,1724,588377,1750,591385,0,0
2024/05/24 星期五 00:52:56.092,1716483176092,NH-DC-NM224-J08-ROCE-ST-leaf-4.GPU.S9825,FourHundredGigE1/0/31,0,0,0,0,0,0
2024/05/24 星期五 00:52:56.593,1716483176593,NH-DC-NM224-J08-ROCE-ST-leaf-4.GPU.S9825,FourHundredGigE1/0/31,2108,675520,1818,660663,0,0
2024/05/24 星期五 00:52:57.231,1716483177231,NH-DC-NM224-J08-ROCE-ST-leaf-4.GPU.S9825,FourHundredGigE1/0/31,974,374590,1316,392519,0,0
2024/05/24 星期五 00:52:58.572,1716483178572,NH-DC-NM224-J08-ROCE-ST-leaf-4.GPU.S9825,FourHundredGigE1/0/31,1537,540146,1674,547844,0,0
2024/05/24 星期五 00:52:59.070,1716483179070,NH-DC-NM224-J08-ROCE-ST-leaf-4.GPU.S9825,FourHundredGigE1/0/31,0,0,0,0,0,0
2024/05/24 星期五 00:52:59.572,1716483179572,NH-DC-NM224-J08-ROCE-ST-leaf-4.GPU.S9825,FourHundredGigE1/0/31,2392,757389,1991,738337,0,0
2024/05/24 星期五 00:53:00.075,1716483180075,NH-DC-NM224-J08-ROCE-ST-leaf-4.GPU.S9825,FourHundredGigE1/0/31,0,0,0,0,0,0
2024/05/24 星期五 00:53:00.577,1716483180577,NH-DC-NM224-J08-ROCE-ST-leaf-4.GPU.S9825,FourHundredGigE1/0/31,1353,484290,1546,495165,0,0
2024/05/24 星期五 00:53:01.082,1716483181082,NH-DC-NM224-J08-ROCE-ST-leaf-4.GPU.S9825,FourHundredGigE1/0/31,0,0,0,0,0,0
2024/05/24 星期五 00:53:01.582,1716483181582,NH-DC-NM224-J08-ROCE-ST-leaf-4.GPU.S9825,FourHundredGigE1/0/31,1586,564881,1783,580983,0,0
2024/05/24 星期五 00:53:02.085,1716483182085,NH-DC-NM224-J08-ROCE-ST-leaf-4.GPU.S9825,FourHundredGigE1/0/31,0,0,0,0,0,0
2024/05/24 星期五 00:53:02.587,1716483182587,NH-DC-NM224-J08-ROCE-ST-leaf-4.GPU.S9825,FourHundredGigE1/0/31,2749,855926,2159,822886,0,0
2024/05/24 星期五 00:53:03.087,1716483183087,NH-DC-NM224-J08-ROCE-ST-leaf-4.GPU.S9825,FourHundredGigE1/0/31,0,0,0,0,0,0
2024/05/24 星期五 00:53:03.588,1716483183588,NH-DC-NM224-J08-ROCE-ST-leaf-4.GPU.S9825,FourHundredGigE1/0/31,1416,517602,1687,532845,0,0
2024/05/24 星期五 00:53:04.091,1716483184091,NH-DC-NM224-J08-ROCE-ST-leaf-4.GPU.S9825,FourHundredGigE1/0/31,0,0,0,0,0,0
2024/05/24 星期五 00:53:05.091,1716483185091,NH-DC-NM224-J08-ROCE-ST-leaf-4.GPU.S9825,FourHundredGigE1/0/31,1804,607212,1761,604610,0,0
2024/05/24 星期五 00:53:05.610,1716483185610,NH-DC-NM224-J08-ROCE-ST-leaf-4.GPU.S9825,FourHundredGigE1/0/31,1717,620024,1990,635280,0,0
2024/05/24 星期五 00:53:06.110,1716483186110,NH-DC-NM224-J08-ROCE-ST-leaf-4.GPU.S9825,FourHundredGigE1/0/31,0,0,0,0,0,0
2024/05/24 星期五 00:53:06.611,1716483186611,NH-DC-NM224-J08-ROCE-ST-leaf-4.GPU.S9825,FourHundredGigE1/0/31,1831,601967,1709,600687,0,0
2024/05/24 星期五 00:53:07.110,1716483187110,NH-DC-NM224-J08-ROCE-ST-leaf-4.GPU.S9825,FourHundredGigE1/0/31,0,0,0,0,0,0
2024/05/24 星期五 00:53:07.612,1716483187612,NH-DC-NM224-J08-ROCE-ST-leaf-4.GPU.S9825,FourHundredGigE1/0/31,1444,531812,1760,549909,0,0
2024/05/24 星期五 00:53:08.115,1716483188115,NH-DC-NM224-J08-ROCE-ST-leaf-4.GPU.S9825,FourHundredGigE1/0/31,0,0,0,0,0,0
2024/05/24 星期五 00:53:08.613,1716483188613,NH-DC-NM224-J08-ROCE-ST-leaf-4.GPU.S9825,FourHundredGigE1/0/31,1142,424302,1429,440594,0,0
2024/05/24 星期五 00:53:09.113,1716483189113,NH-DC-NM224-J08-ROCE-ST-leaf-4.GPU.S9825,FourHundredGigE1/0/31,0,0,0,0,0,0
2024/05/24 星期五 00:53:09.621,1716483189621,NH-DC-NM224-J08-ROCE-ST-leaf-4.GPU.S9825,FourHundredGigE1/0/31,3160,974394,2394,930722,0,0
2024/05/24 星期五 00:53:10.121,1716483190121,NH-DC-NM224-J08-ROCE-ST-leaf-4.GPU.S9825,FourHundredGigE1/0/31,0,0,0,0,0,0
2024/05/24 星期五 00:53:10.622,1716483190622,NH-DC-NM224-J08-ROCE-ST-leaf-4.GPU.S9825,FourHundredGigE1/0/31,626,283270,1175,314081,0,0
2024/05/24 星期五 00:53:11.122,1716483191122,NH-DC-NM224-J08-ROCE-ST-leaf-4.GPU.S9825,FourHundredGigE1/0/31,0,0,0,0,0,0
2024/05/24 星期五 00:53:11.622,1716483191622,NH-DC-NM224-J08-ROCE-ST-leaf-4.GPU.S9825,FourHundredGigE1/0/31,1749,603272,1815,607229,0,0
2024/05/24 星期五 00:53:12.121,1716483192121,NH-DC-NM224-J08-ROCE-ST-leaf-4.GPU.S9825,FourHundredGigE1/0/31,0,0,0,0,0,0
2024/05/24 星期五 00:53:12.622,1716483192622,NH-DC-NM224-J08-ROCE-ST-leaf-4.GPU.S9825,FourHundredGigE1/0/31,1341,476610,1509,486018,0,0
2024/05/24 星期五 00:53:13.121,1716483193121,NH-DC-NM224-J08-ROCE-ST-leaf-4.GPU.S9825,FourHundredGigE1/0/31,0,0,0,0,0,0
2024/05/24 星期五 00:53:13.621,1716483193621,NH-DC-NM224-J08-ROCE-ST-leaf-4.GPU.S9825,FourHundredGigE1/0/31,3656,1123966,2741,1072793,0,0
2024/05/24 星期五 00:53:14.148,1716483194148,NH-DC-NM224-J08-ROCE-ST-leaf-4.GPU.S9825,FourHundredGigE1/0/31,0,0,0,0,0,0
2024/05/24 星期五 00:53:14.652,1716483194652,NH-DC-NM224-J08-ROCE-ST-leaf-4.GPU.S9825,FourHundredGigE1/0/31,1442,487952,1445,487926,0,0
2024/05/24 星期五 00:53:15.154,1716483195154,NH-DC-NM224-J08-ROCE-ST-leaf-4.GPU.S9825,FourHundredGigE1/0/31,0,0,0,0,0,0
2024/05/24 星期五 00:53:15.658,1716483195658,NH-DC-NM224-J08-ROCE-ST-leaf-4.GPU.S9825,FourHundredGigE1/0/31,1269,486594,1679,510414,0,0
2024/05/24 星期五 00:53:16.159,1716483196159,NH-DC-NM224-J08-ROCE-ST-leaf-4.GPU.S9825,FourHundredGigE1/0/31,0,0,0,0,0,0
2024/05/24 星期五 00:53:16.658,1716483196658,NH-DC-NM224-J08-ROCE-ST-leaf-4.GPU.S9825,FourHundredGigE1/0/31,1543,579502,1938,601031,0,0
2024/05/24 星期五 00:53:17.158,1716483197158,NH-DC-NM224-J08-ROCE-ST-leaf-4.GPU.S9825,FourHundredGigE1/0/31,0,0,0,0,0,0
2024/05/24 星期五 00:53:17.662,1716483197662,NH-DC-NM224-J08-ROCE-ST-leaf-4.GPU.S9825,FourHundredGigE1/0/31,1367,489454,1562,500441,0,0
2024/05/24 星期五 00:53:18.161,1716483198161,NH-DC-NM224-J08-ROCE-ST-leaf-4.GPU.S9825,FourHundredGigE1/0/31,0,0,0,0,0,0
2024/05/24 星期五 00:53:18.662,1716483198662,NH-DC-NM224-J08-ROCE-ST-leaf-4.GPU.S9825,FourHundredGigE1/0/31,2080,688376,1938,680450,0,0
2024/05/24 星期五 00:53:19.162,1716483199162,NH-DC-NM224-J08-ROCE-ST-leaf-4.GPU.S9825,FourHundredGigE1/0/31,0,0,0,0,0,0
2024/05/24 星期五 00:53:22.595,1716483202595,NH-DC-NM224-J08-ROCE-ST-leaf-4.GPU.S9825,FourHundredGigE1/0/31,6594,2173460,6073,2145194,0,0
2024/05/24 星期五 00:53:23.642,1716483203642,NH-DC-NM224-J08-ROCE-ST-leaf-4.GPU.S9825,FourHundredGigE1/0/31,930,388826,1490,421544,0,0
2024/05/24 星期五 00:53:24.143,1716483204143,NH-DC-NM224-J08-ROCE-ST-leaf-4.GPU.S9825,FourHundredGigE1/0/31,2189,762874,2339,765521,0,0
2024/05/24 星期五 00:53:24.647,1716483204647,NH-DC-NM224-J08-ROCE-ST-leaf-4.GPU.S9825,FourHundredGigE1/0/31,1027,337100,923,334768,0,0
2024/05/24 星期五 00:53:25.149,1716483205149,NH-DC-NM224-J08-ROCE-ST-leaf-4.GPU.S9825,FourHundredGigE1/0/31,0,0,0,0,0,0
2024/05/24 星期五 00:53:25.650,1716483205650,NH-DC-NM224-J08-ROCE-ST-leaf-4.GPU.S9825,FourHundredGigE1/0/31,2057,687088,1960,681656,0,0
2024/05/24 星期五 00:53:26.153,1716483206153,NH-DC-NM224-J08-ROCE-ST-leaf-4.GPU.S9825,FourHundredGigE1/0/31,0,0,0,0,0,0
2024/05/24 星期五 00:53:26.653,1716483206653,NH-DC-NM224-J08-ROCE-ST-leaf-4.GPU.S9825,FourHundredGigE1/0/31,1519,523846,1592,528203,0,0
2024/05/24 星期五 00:53:27.154,1716483207154,NH-DC-NM224-J08-ROCE-ST-leaf-4.GPU.S9825,FourHundredGigE1/0/31,0,0,0,0,0,0
2024/05/24 星期五 00:53:27.653,1716483207653,NH-DC-NM224-J08-ROCE-ST-leaf-4.GPU.S9825,FourHundredGigE1/0/31,1608,554634,1675,558453,0,0
2024/05/24 星期五 00:53:28.154,1716483208154,NH-DC-NM224-J08-ROCE-ST-leaf-4.GPU.S9825,FourHundredGigE1/0/31,0,0,0,0,0,0
2024/05/24 星期五 00:53:28.657,1716483208657,NH-DC-NM224-J08-ROCE-ST-leaf-4.GPU.S9825,FourHundredGigE1/0/31,2443,787982,2118,769808,0,0
2024/05/24 星期五 00:53:29.168,1716483209168,NH-DC-NM224-J08-ROCE-ST-leaf-4.GPU.S9825,FourHundredGigE1/0/31,0,0,0,0,0,0
2024/05/24 星期五 00:53:29.695,1716483209695,NH-DC-NM224-J08-ROCE-ST-leaf-4.GPU.S9825,FourHundredGigE1/0/31,1185,439834,1471,455656,0,0
2024/05/24 星期五 00:53:30.197,1716483210197,NH-DC-NM224-J08-ROCE-ST-leaf-4.GPU.S9825,FourHundredGigE1/0/31,0,0,0,0,0,0
2024/05/24 星期五 00:53:30.697,1716483210697,NH-DC-NM224-J08-ROCE-ST-leaf-4.GPU.S9825,FourHundredGigE1/0/31,2530,809936,2148,788611,0,0
2024/05/24 星期五 00:53:31.198,1716483211198,NH-DC-NM224-J08-ROCE-ST-leaf-4.GPU.S9825,FourHundredGigE1/0/31,0,0,0,0,0,0
2024/05/24 星期五 00:53:31.698,1716483211698,NH-DC-NM224-J08-ROCE-ST-leaf-4.GPU.S9825,FourHundredGigE1/0/31,1785,623246,1902,630059,0,0
2024/05/24 星期五 00:53:32.200,1716483212200,NH-DC-NM224-J08-ROCE-ST-leaf-4.GPU.S9825,FourHundredGigE1/0/31,0,0,0,0,0,0
2024/05/24 星期五 00:53:32.702,1716483212702,NH-DC-NM224-J08-ROCE-ST-leaf-4.GPU.S9825,FourHundredGigE1/0/31,1421,518758,1687,533654,0,0
2024/05/24 星期五 00:53:33.202,1716483213202,NH-DC-NM224-J08-ROCE-ST-leaf-4.GPU.S9825,FourHundredGigE1/0/31,0,0,0,0,0,0
2024/05/24 星期五 00:53:33.702,1716483213702,NH-DC-NM224-J08-ROCE-ST-leaf-4.GPU.S9825,FourHundredGigE1/0/31,1403,506926,1663,519987,0,0
2024/05/24 星期五 00:53:34.206,1716483214206,NH-DC-NM224-J08-ROCE-ST-leaf-4.GPU.S9825,FourHundredGigE1/0/31,0,0,0,0,0,0
2024/05/24 星期五 00:53:34.709,1716483214709,NH-DC-NM224-J08-ROCE-ST-leaf-4.GPU.S9825,FourHundredGigE1/0/31,1837,604680,1698,596702,0,0
2024/05/24 星期五 00:53:35.211,1716483215211,NH-DC-NM224-J08-ROCE-ST-leaf-4.GPU.S9825,FourHundredGigE1/0/31,0,0,0,0,0,0
2024/05/24 星期五 00:53:35.730,1716483215730,NH-DC-NM224-J08-ROCE-ST-leaf-4.GPU.S9825,FourHundredGigE1/0/31,1619,570580,1768,578924,0,0
2024/05/24 星期五 00:53:36.231,1716483216231,NH-DC-NM224-J08-ROCE-ST-leaf-4.GPU.S9825,FourHundredGigE1/0/31,0,0,0,0,0,0
2024/05/24 星期五 00:53:36.734,1716483216734,NH-DC-NM224-J08-ROCE-ST-leaf-4.GPU.S9825,FourHundredGigE1/0/31,1704,588518,1780,593409,0,0
2024/05/24 星期五 00:53:37.236,1716483217236,NH-DC-NM224-J08-ROCE-ST-leaf-4.GPU.S9825,FourHundredGigE1/0/31,0,0,0,0,0,0
2024/05/24 星期五 00:53:37.733,1716483217733,NH-DC-NM224-J08-ROCE-ST-leaf-4.GPU.S9825,FourHundredGigE1/0/31,2535,815472,2179,795603,0,0
2024/05/24 星期五 00:53:38.233,1716483218233,NH-DC-NM224-J08-ROCE-ST-leaf-4.GPU.S9825,FourHundredGigE1/0/31,0,0,0,0,0,0
2024/05/24 星期五 00:53:38.734,1716483218734,NH-DC-NM224-J08-ROCE-ST-leaf-4.GPU.S9825,FourHundredGigE1/0/31,3020,951694,2441,919296,0,0
2024/05/24 星期五 00:53:39.233,1716483219233,NH-DC-NM224-J08-ROCE-ST-leaf-4.GPU.S9825,FourHundredGigE1/0/31,0,0,0,0,0,0
2024/05/24 星期五 00:53:39.735,1716483219735,NH-DC-NM224-J08-ROCE-ST-leaf-4.GPU.S9825,FourHundredGigE1/0/31,1710,583114,1726,583816,0,0
2024/05/24 星期五 00:53:40.235,1716483220235,NH-DC-NM224-J08-ROCE-ST-leaf-4.GPU.S9825,FourHundredGigE1/0/31,0,0,0,0,0,0
2024/05/24 星期五 00:53:40.733,1716483220733,NH-DC-NM224-J08-ROCE-ST-leaf-4.GPU.S9825,FourHundredGigE1/0/31,1278,479297,1621,503410,0,0
2024/05/24 星期五 00:53:41.234,1716483221234,NH-DC-NM224-J08-ROCE-ST-leaf-4.GPU.S9825,FourHundredGigE1/0/31,0,0,0,0,0,0
2024/05/24 星期五 00:53:41.737,1716483221737,NH-DC-NM224-J08-ROCE-ST-leaf-4.GPU.S9825,FourHundredGigE1/0/31,1744,640222,2075,659019,0,0
2024/05/24 星期五 00:53:42.241,1716483222241,NH-DC-NM224-J08-ROCE-ST-leaf-4.GPU.S9825,FourHundredGigE1/0/31,0,0,0,0,0,0
2024/05/24 星期五 00:53:42.745,1716483222745,NH-DC-NM224-J08-ROCE-ST-leaf-4.GPU.S9825,FourHundredGigE1/0/31,1330,474242,1508,484210,0,0
2024/05/24 星期五 00:53:43.246,1716483223246,NH-DC-NM224-J08-ROCE-ST-leaf-4.GPU.S9825,FourHundredGigE1/0/31,0,0,0,0,0,0
2024/05/24 星期五 00:53:43.746,1716483223746,NH-DC-NM224-J08-ROCE-ST-leaf-4.GPU.S9825,FourHundredGigE1/0/31,1584,549348,1672,554343,0,0
2024/05/24 星期五 00:53:44.246,1716483224246,NH-DC-NM224-J08-ROCE-ST-leaf-4.GPU.S9825,FourHundredGigE1/0/31,1645,0,1671,0,0,0
2024/05/24 星期五 00:53:44.911,1716483224911,NH-DC-NM224-J08-ROCE-ST-leaf-4.GPU.S9825,FourHundredGigE1/0/31,0,561954,0,563216,0,0
2024/05/24 星期五 00:53:45.414,1716483225414,NH-DC-NM224-J08-ROCE-ST-leaf-4.GPU.S9825,FourHundredGigE1/0/31,0,0,0,0,0,0
2024/05/24 星期五 00:53:45.913,1716483225913,NH-DC-NM224-J08-ROCE-ST-leaf-4.GPU.S9825,FourHundredGigE1/0/31,2421,790300,2171,776763,0,0
2024/05/24 星期五 00:53:46.414,1716483226414,NH-DC-NM224-J08-ROCE-ST-leaf-4.GPU.S9825,FourHundredGigE1/0/31,0,0,0,0,0,0
2024/05/24 星期五 00:53:46.917,1716483226917,NH-DC-NM224-J08-ROCE-ST-leaf-4.GPU.S9825,FourHundredGigE1/0/31,1650,591644,1883,606050,0,0
2024/05/24 星期五 00:53:47.419,1716483227419,NH-DC-NM224-J08-ROCE-ST-leaf-4.GPU.S9825,FourHundredGigE1/0/31,0,0,0,0,0,0
2024/05/24 星期五 00:53:47.921,1716483227921,NH-DC-NM224-J08-ROCE-ST-leaf-4.GPU.S9825,FourHundredGigE1/0/31,2346,785682,2279,776203,0,0
2024/05/24 星期五 00:53:48.424,1716483228424,NH-DC-NM224-J08-ROCE-ST-leaf-4.GPU.S9825,FourHundredGigE1/0/31,0,0,0,0,0,0
2024/05/24 星期五 00:53:48.928,1716483228928,NH-DC-NM224-J08-ROCE-ST-leaf-4.GPU.S9825,FourHundredGigE1/0/31,1359,492072,1590,505008,0,0
2024/05/24 星期五 00:53:49.431,1716483229431,NH-DC-NM224-J08-ROCE-ST-leaf-4.GPU.S9825,FourHundredGigE1/0/31,333,155902,646,177310,0,0
2024/05/24 星期五 00:53:49.929,1716483229929,NH-DC-NM224-J08-ROCE-ST-leaf-4.GPU.S9825,FourHundredGigE1/0/31,0,0,0,0,0,0
2024/05/24 星期五 00:53:50.431,1716483230431,NH-DC-NM224-J08-ROCE-ST-leaf-4.GPU.S9825,FourHundredGigE1/0/31,2309,767346,2164,759487,0,0
2024/05/24 星期五 00:53:50.934,1716483230934,NH-DC-NM224-J08-ROCE-ST-leaf-4.GPU.S9825,FourHundredGigE1/0/31,0,0,0,0,0,0
2024/05/24 星期五 00:53:51.435,1716483231435,NH-DC-NM224-J08-ROCE-ST-leaf-4.GPU.S9825,FourHundredGigE1/0/31,0,0,0,0,0,0
2024/05/24 星期五 00:53:51.937,1716483231937,NH-DC-NM224-J08-ROCE-ST-leaf-4.GPU.S9825,FourHundredGigE1/0/31,2240,767878,2267,770039,0,0
2024/05/24 星期五 00:53:52.437,1716483232437,NH-DC-NM224-J08-ROCE-ST-leaf-4.GPU.S9825,FourHundredGigE1/0/31,0,0,0,0,0,0
2024/05/24 星期五 00:53:52.937,1716483232937,NH-DC-NM224-J08-ROCE-ST-leaf-4.GPU.S9825,FourHundredGigE1/0/31,2442,822204,2406,815532,0,0
2024/05/24 星期五 00:53:53.437,1716483233437,NH-DC-NM224-J08-ROCE-ST-leaf-4.GPU.S9825,FourHundredGigE1/0/31,0,0,0,0,0,0
2024/05/24 星期五 00:53:53.950,1716483233950,NH-DC-NM224-J08-ROCE-ST-leaf-4.GPU.S9825,FourHundredGigE1/0/31,0,0,0,0,0,0
2024/05/24 星期五 00:53:54.450,1716483234450,NH-DC-NM224-J08-ROCE-ST-leaf-4.GPU.S9825,FourHundredGigE1/0/31,1731,623302,2110,688165,0,0
2024/05/24 星期五 00:53:54.949,1716483234949,NH-DC-NM224-J08-ROCE-ST-leaf-4.GPU.S9825,FourHundredGigE1/0/31,0,0,0,0,0,0
2024/05/24 星期五 00:53:55.449,1716483235449,NH-DC-NM224-J08-ROCE-ST-leaf-4.GPU.S9825,FourHundredGigE1/0/31,1523,534643,1662,544173,0,0
2024/05/24 星期五 00:53:55.950,1716483235950,NH-DC-NM224-J08-ROCE-ST-leaf-4.GPU.S9825,FourHundredGigE1/0/31,0,0,0,0,0,0
2024/05/24 星期五 00:53:56.453,1716483236453,NH-DC-NM224-J08-ROCE-ST-leaf-4.GPU.S9825,FourHundredGigE1/0/31,1515,528870,1630,535385,0,0
2024/05/24 星期五 00:53:56.967,1716483236967,NH-DC-NM224-J08-ROCE-ST-leaf-4.GPU.S9825,FourHundredGigE1/0/31,0,0,0,0,0,0
2024/05/24 星期五 00:53:57.717,1716483237717,NH-DC-NM224-J08-ROCE-ST-leaf-4.GPU.S9825,FourHundredGigE1/0/31,1767,609974,1836,614099,0,0
2024/05/24 星期五 00:53:58.218,1716483238218,NH-DC-NM224-J08-ROCE-ST-leaf-4.GPU.S9825,FourHundredGigE1/0/31,1854,614400,1744,608266,0,0
2024/05/24 星期五 00:53:58.718,1716483238718,NH-DC-NM224-J08-ROCE-ST-leaf-4.GPU.S9825,FourHundredGigE1/0/31,0,0,0,0,0,0
2024/05/24 星期五 00:53:59.219,1716483239219,NH-DC-NM224-J08-ROCE-ST-leaf-4.GPU.S9825,FourHundredGigE1/0/31,0,0,0,0,0,0
2024/05/24 星期五 00:53:59.721,1716483239721,NH-DC-NM224-J08-ROCE-ST-leaf-4.GPU.S9825,FourHundredGigE1/0/31,1156,428649,1437,445169,0,0
2024/05/24 星期五 00:54:00.221,1716483240221,NH-DC-NM224-J08-ROCE-ST-leaf-4.GPU.S9825,FourHundredGigE1/0/31,0,0,0,0,0,0
2024/05/24 星期五 00:54:00.725,1716483240725,NH-DC-NM224-J08-ROCE-ST-leaf-4.GPU.S9825,FourHundredGigE1/0/31,1933,643368,1837,638447,0,0
2024/05/24 星期五 00:54:01.229,1716483241229,NH-DC-NM224-J08-ROCE-ST-leaf-4.GPU.S9825,FourHundredGigE1/0/31,0,0,0,0,0,0
2024/05/24 星期五 00:54:01.737,1716483241737,NH-DC-NM224-J08-ROCE-ST-leaf-4.GPU.S9825,FourHundredGigE1/0/31,2064,685381,1947,683899,0,0
2024/05/24 星期五 00:54:02.238,1716483242238,NH-DC-NM224-J08-ROCE-ST-leaf-4.GPU.S9825,FourHundredGigE1/0/31,0,0,0,0,0,0
2024/05/24 星期五 00:54:02.739,1716483242739,NH-DC-NM224-J08-ROCE-ST-leaf-4.GPU.S9825,FourHundredGigE1/0/31,2038,700478,2078,702718,0,0
2024/05/24 星期五 00:54:03.241,1716483243241,NH-DC-NM224-J08-ROCE-ST-leaf-4.GPU.S9825,FourHundredGigE1/0/31,0,0,0,0,0,0
2024/05/24 星期五 00:54:03.743,1716483243743,NH-DC-NM224-J08-ROCE-ST-leaf-4.GPU.S9825,FourHundredGigE1/0/31,2994,955494,2503,928065,0,0
2024/05/24 星期五 00:54:04.245,1716483244245,NH-DC-NM224-J08-ROCE-ST-leaf-4.GPU.S9825,FourHundredGigE1/0/31,1791,585882,1629,576228,0,0
2024/05/24 星期五 00:54:04.749,1716483244749,NH-DC-NM224-J08-ROCE-ST-leaf-4.GPU.S9825,FourHundredGigE1/0/31,0,0,0,0,0,0
2024/05/24 星期五 00:54:05.251,1716483245251,NH-DC-NM224-J08-ROCE-ST-leaf-4.GPU.S9825,FourHundredGigE1/0/31,0,0,0,0,0,0
2024/05/24 星期五 00:54:05.757,1716483245757,NH-DC-NM224-J08-ROCE-ST-leaf-4.GPU.S9825,FourHundredGigE1/0/31,2125,745224,2268,753620,0,0
2024/05/24 星期五 00:54:06.262,1716483246262,NH-DC-NM224-J08-ROCE-ST-leaf-4.GPU.S9825,FourHundredGigE1/0/31,0,0,0,0,0,0
2024/05/24 星期五 00:54:06.761,1716483246761,NH-DC-NM224-J08-ROCE-ST-leaf-4.GPU.S9825,FourHundredGigE1/0/31,1357,494865,1643,516293,0,0
2024/05/24 星期五 00:54:07.266,1716483247266,NH-DC-NM224-J08-ROCE-ST-leaf-4.GPU.S9825,FourHundredGigE1/0/31,1693,573456,1704,574193,0,0
2024/05/24 星期五 00:54:07.769,1716483247769,NH-DC-NM224-J08-ROCE-ST-leaf-4.GPU.S9825,FourHundredGigE1/0/31,0,0,0,0,0,0
2024/05/24 星期五 00:54:08.270,1716483248270,NH-DC-NM224-J08-ROCE-ST-leaf-4.GPU.S9825,FourHundredGigE1/0/31,0,0,0,0,0,0
2024/05/24 星期五 00:54:08.773,1716483248773,NH-DC-NM224-J08-ROCE-ST-leaf-4.GPU.S9825,FourHundredGigE1/0/31,1787,607144,1787,607170,0,0
2024/05/24 星期五 00:54:09.273,1716483249273,NH-DC-NM224-J08-ROCE-ST-leaf-4.GPU.S9825,FourHundredGigE1/0/31,0,0,0,0,0,0
2024/05/24 星期五 00:54:09.780,1716483249780,NH-DC-NM224-J08-ROCE-ST-leaf-4.GPU.S9825,FourHundredGigE1/0/31,2053,685964,1952,679726,0,0
2024/05/24 星期五 00:54:10.281,1716483250281,NH-DC-NM224-J08-ROCE-ST-leaf-4.GPU.S9825,FourHundredGigE1/0/31,0,0,0,0,0,0
2024/05/24 星期五 00:54:10.784,1716483250784,NH-DC-NM224-J08-ROCE-ST-leaf-4.GPU.S9825,FourHundredGigE1/0/31,1767,610420,1841,615019,0,0
2024/05/24 星期五 00:54:11.288,1716483251288,NH-DC-NM224-J08-ROCE-ST-leaf-4.GPU.S9825,FourHundredGigE1/0/31,0,0,0,0,0,0
2024/05/24 星期五 00:54:11.789,1716483251789,NH-DC-NM224-J08-ROCE-ST-leaf-4.GPU.S9825,FourHundredGigE1/0/31,1364,491914,1583,504245,0,0
2024/05/24 星期五 00:54:12.290,1716483252290,NH-DC-NM224-J08-ROCE-ST-leaf-4.GPU.S9825,FourHundredGigE1/0/31,1999,681658,2005,682188,0,0
2024/05/24 星期五 00:54:12.792,1716483252792,NH-DC-NM224-J08-ROCE-ST-leaf-4.GPU.S9825,FourHundredGigE1/0/31,0,0,0,0,0,0
2024/05/24 星期五 00:54:13.291,1716483253291,NH-DC-NM224-J08-ROCE-ST-leaf-4.GPU.S9825,FourHundredGigE1/0/31,0,0,0,0,0,0
2024/05/24 星期五 00:54:13.793,1716483253793,NH-DC-NM224-J08-ROCE-ST-leaf-4.GPU.S9825,FourHundredGigE1/0/31,1693,544064,1485,532483,0,0
2024/05/24 星期五 00:54:14.304,1716483254304,NH-DC-NM224-J08-ROCE-ST-leaf-4.GPU.S9825,FourHundredGigE1/0/31,1648,558602,1640,557572,0,0
2024/05/24 星期五 00:54:14.806,1716483254806,NH-DC-NM224-J08-ROCE-ST-leaf-4.GPU.S9825,FourHundredGigE1/0/31,0,0,0,0,0,0
2024/05/24 星期五 00:54:15.305,1716483255305,NH-DC-NM224-J08-ROCE-ST-leaf-4.GPU.S9825,FourHundredGigE1/0/31,3108,1012264,2737,991876,0,0
2024/05/24 星期五 00:54:15.807,1716483255807,NH-DC-NM224-J08-ROCE-ST-leaf-4.GPU.S9825,FourHundredGigE1/0/31,0,0,0,0,0,0
2024/05/24 星期五 00:54:16.305,1716483256305,NH-DC-NM224-J08-ROCE-ST-leaf-4.GPU.S9825,FourHundredGigE1/0/31,1368,0,1564,0,0,0
2024/05/24 星期五 00:54:16.806,1716483256806,NH-DC-NM224-J08-ROCE-ST-leaf-4.GPU.S9825,FourHundredGigE1/0/31,0,489540,0,500591,0,0
2024/05/24 星期五 00:54:17.307,1716483257307,NH-DC-NM224-J08-ROCE-ST-leaf-4.GPU.S9825,FourHundredGigE1/0/31,1944,647918,1851,642971,0,0
2024/05/24 星期五 00:54:17.813,1716483257813,NH-DC-NM224-J08-ROCE-ST-leaf-4.GPU.S9825,FourHundredGigE1/0/31,0,0,0,0,0,0
2024/05/24 星期五 00:54:18.317,1716483258317,NH-DC-NM224-J08-ROCE-ST-leaf-4.GPU.S9825,FourHundredGigE1/0/31,1779,0,1891,0,0,0
2024/05/24 星期五 00:54:18.826,1716483258826,NH-DC-NM224-J08-ROCE-ST-leaf-4.GPU.S9825,FourHundredGigE1/0/31,0,620712,0,627010,0,0
2024/05/24 星期五 00:54:19.328,1716483259328,NH-DC-NM224-J08-ROCE-ST-leaf-4.GPU.S9825,FourHundredGigE1/0/31,2623,858044,2342,841726,0,0
2024/05/24 星期五 00:54:19.829,1716483259829,NH-DC-NM224-J08-ROCE-ST-leaf-4.GPU.S9825,FourHundredGigE1/0/31,0,0,0,0,0,0
2024/05/24 星期五 00:54:20.330,1716483260330,NH-DC-NM224-J08-ROCE-ST-leaf-4.GPU.S9825,FourHundredGigE1/0/31,1215,418324,1289,422923,0,0
2024/05/24 星期五 00:54:20.833,1716483260833,NH-DC-NM224-J08-ROCE-ST-leaf-4.GPU.S9825,FourHundredGigE1/0/31,0,0,0,0,0,0
2024/05/24 星期五 00:54:21.334,1716483261334,NH-DC-NM224-J08-ROCE-ST-leaf-4.GPU.S9825,FourHundredGigE1/0/31,0,0,0,0,0,0
2024/05/24 星期五 00:54:21.833,1716483261833,NH-DC-NM224-J08-ROCE-ST-leaf-4.GPU.S9825,FourHundredGigE1/0/31,1804,656810,2130,678751,0,0
2024/05/24 星期五 00:54:22.333,1716483262333,NH-DC-NM224-J08-ROCE-ST-leaf-4.GPU.S9825,FourHundredGigE1/0/31,0,0,0,0,0,0
2024/05/24 星期五 00:54:22.834,1716483262834,NH-DC-NM224-J08-ROCE-ST-leaf-4.GPU.S9825,FourHundredGigE1/0/31,0,0,0,0,0,0
2024/05/24 星期五 00:54:23.336,1716483263336,NH-DC-NM224-J08-ROCE-ST-leaf-4.GPU.S9825,FourHundredGigE1/0/31,3026,977086,2650,949502,0,0
2024/05/24 星期五 00:54:23.839,1716483263839,NH-DC-NM224-J08-ROCE-ST-leaf-4.GPU.S9825,FourHundredGigE1/0/31,0,0,0,0,0,0
2024/05/24 星期五 00:54:24.349,1716483264349,NH-DC-NM224-J08-ROCE-ST-leaf-4.GPU.S9825,FourHundredGigE1/0/31,2550,846200,2394,840053,0,0
2024/05/24 星期五 00:54:24.854,1716483264854,NH-DC-NM224-J08-ROCE-ST-leaf-4.GPU.S9825,FourHundredGigE1/0/31,0,0,0,0,0,0
2024/05/24 星期五 00:54:25.358,1716483265358,NH-DC-NM224-J08-ROCE-ST-leaf-4.GPU.S9825,FourHundredGigE1/0/31,1795,617682,1851,621206,0,0
2024/05/24 星期五 00:54:25.869,1716483265869,NH-DC-NM224-J08-ROCE-ST-leaf-4.GPU.S9825,FourHundredGigE1/0/31,0,0,0,0,0,0
2024/05/24 星期五 00:54:26.391,1716483266391,NH-DC-NM224-J08-ROCE-ST-leaf-4.GPU.S9825,FourHundredGigE1/0/31,1651,594740,1893,608367,0,0
2024/05/24 星期五 00:54:26.894,1716483266894,NH-DC-NM224-J08-ROCE-ST-leaf-4.GPU.S9825,FourHundredGigE1/0/31,0,0,0,0,0,0
2024/05/24 星期五 00:54:27.404,1716483267404,NH-DC-NM224-J08-ROCE-ST-leaf-4.GPU.S9825,FourHundredGigE1/0/31,2667,866672,2349,849125,0,0
2024/05/24 星期五 00:54:27.906,1716483267906,NH-DC-NM224-J08-ROCE-ST-leaf-4.GPU.S9825,FourHundredGigE1/0/31,0,0,0,0,0,0
2024/05/24 星期五 00:54:28.406,1716483268406,NH-DC-NM224-J08-ROCE-ST-leaf-4.GPU.S9825,FourHundredGigE1/0/31,959,406600,1559,440226,0,0
2024/05/24 星期五 00:54:28.910,1716483268910,NH-DC-NM224-J08-ROCE-ST-leaf-4.GPU.S9825,FourHundredGigE1/0/31,0,0,0,0,0,0
2024/05/24 星期五 00:54:29.410,1716483269410,NH-DC-NM224-J08-ROCE-ST-leaf-4.GPU.S9825,FourHundredGigE1/0/31,1389,518694,1725,536928,0,0
2024/05/24 星期五 00:54:29.909,1716483269909,NH-DC-NM224-J08-ROCE-ST-leaf-4.GPU.S9825,FourHundredGigE1/0/31,0,0,0,0,0,0
2024/05/24 星期五 00:54:30.410,1716483270410,NH-DC-NM224-J08-ROCE-ST-leaf-4.GPU.S9825,FourHundredGigE1/0/31,1658,570590,1719,574461,0,0
2024/05/24 星期五 00:54:30.909,1716483270909,NH-DC-NM224-J08-ROCE-ST-leaf-4.GPU.S9825,FourHundredGigE1/0/31,0,0,0,0,0,0
2024/05/24 星期五 00:54:31.409,1716483271409,NH-DC-NM224-J08-ROCE-ST-leaf-4.GPU.S9825,FourHundredGigE1/0/31,1540,540314,1671,547717,0,0
2024/05/24 星期五 00:54:31.912,1716483271912,NH-DC-NM224-J08-ROCE-ST-leaf-4.GPU.S9825,FourHundredGigE1/0/31,0,0,0,0,0,0
2024/05/24 星期五 00:54:32.413,1716483272413,NH-DC-NM224-J08-ROCE-ST-leaf-4.GPU.S9825,FourHundredGigE1/0/31,1993,658984,1858,651618,0,0
2024/05/24 星期五 00:54:32.914,1716483272914,NH-DC-NM224-J08-ROCE-ST-leaf-4.GPU.S9825,FourHundredGigE1/0/31,0,0,0,0,0,0
2024/05/24 星期五 00:54:33.422,1716483273422,NH-DC-NM224-J08-ROCE-ST-leaf-4.GPU.S9825,FourHundredGigE1/0/31,1958,664900,1946,664295,0,0
2024/05/24 星期五 00:54:34.392,1716483274392,NH-DC-NM224-J08-ROCE-ST-leaf-4.GPU.S9825,FourHundredGigE1/0/31,1302,461692,1453,469372,0,0
2024/05/24 星期五 00:54:34.894,1716483274894,NH-DC-NM224-J08-ROCE-ST-leaf-4.GPU.S9825,FourHundredGigE1/0/31,0,0,0,0,0,0
2024/05/24 星期五 00:54:35.398,1716483275398,NH-DC-NM224-J08-ROCE-ST-leaf-4.GPU.S9825,FourHundredGigE1/0/31,0,0,0,0,0,0
2024/05/24 星期五 00:54:35.902,1716483275902,NH-DC-NM224-J08-ROCE-ST-leaf-4.GPU.S9825,FourHundredGigE1/0/31,2680,849165,2231,829357,0,0
2024/05/24 星期五 00:54:36.402,1716483276402,NH-DC-NM224-J08-ROCE-ST-leaf-4.GPU.S9825,FourHundredGigE1/0/31,0,0,0,0,0,0
2024/05/24 星期五 00:54:36.906,1716483276906,NH-DC-NM224-J08-ROCE-ST-leaf-4.GPU.S9825,FourHundredGigE1/0/31,2591,858530,2412,850424,0,0
2024/05/24 星期五 00:54:37.405,1716483277405,NH-DC-NM224-J08-ROCE-ST-leaf-4.GPU.S9825,FourHundredGigE1/0/31,0,0,0,0,0,0
2024/05/24 星期五 00:54:37.908,1716483277908,NH-DC-NM224-J08-ROCE-ST-leaf-4.GPU.S9825,FourHundredGigE1/0/31,0,0,0,0,0,0
2024/05/24 星期五 00:54:38.426,1716483278426,NH-DC-NM224-J08-ROCE-ST-leaf-4.GPU.S9825,FourHundredGigE1/0/31,2941,977606,2782,964139,0,0
2024/05/24 星期五 00:54:38.927,1716483278927,NH-DC-NM224-J08-ROCE-ST-leaf-4.GPU.S9825,FourHundredGigE1/0/31,0,0,0,0,0,0
2024/05/24 星期五 00:54:39.426,1716483279426,NH-DC-NM224-J08-ROCE-ST-leaf-4.GPU.S9825,FourHundredGigE1/0/31,2914,960722,2666,948580,0,0
2024/05/24 星期五 00:54:39.940,1716483279940,NH-DC-NM224-J08-ROCE-ST-leaf-4.GPU.S9825,FourHundredGigE1/0/31,0,0,0,0,0,0
2024/05/24 星期五 00:54:40.442,1716483280442,NH-DC-NM224-J08-ROCE-ST-leaf-4.GPU.S9825,FourHundredGigE1/0/31,1516,560101,1851,584348,0,0
2024/05/24 星期五 00:54:40.946,1716483280946,NH-DC-NM224-J08-ROCE-ST-leaf-4.GPU.S9825,FourHundredGigE1/0/31,0,0,0,0,0,0
2024/05/24 星期五 00:54:41.444,1716483281444,NH-DC-NM224-J08-ROCE-ST-leaf-4.GPU.S9825,FourHundredGigE1/0/31,0,0,0,0,0,0
2024/05/24 星期五 00:54:41.948,1716483281948,NH-DC-NM224-J08-ROCE-ST-leaf-4.GPU.S9825,FourHundredGigE1/0/31,2407,832970,2535,836131,0,0
2024/05/24 星期五 00:54:42.466,1716483282466,NH-DC-NM224-J08-ROCE-ST-leaf-4.GPU.S9825,FourHundredGigE1/0/31,0,0,0,0,0,0
2024/05/24 星期五 00:54:42.966,1716483282966,NH-DC-NM224-J08-ROCE-ST-leaf-4.GPU.S9825,FourHundredGigE1/0/31,0,0,0,0,0,0
2024/05/24 星期五 00:54:43.467,1716483283467,NH-DC-NM224-J08-ROCE-ST-leaf-4.GPU.S9825,FourHundredGigE1/0/31,2179,757040,2282,763972,0,0
2024/05/24 星期五 00:54:43.972,1716483283972,NH-DC-NM224-J08-ROCE-ST-leaf-4.GPU.S9825,FourHundredGigE1/0/31,0,0,0,0,0,0
2024/05/24 星期五 00:54:44.473,1716483284473,NH-DC-NM224-J08-ROCE-ST-leaf-4.GPU.S9825,FourHundredGigE1/0/31,3302,1045108,2714,1014575,0,0
2024/05/24 星期五 00:54:44.974,1716483284974,NH-DC-NM224-J08-ROCE-ST-leaf-4.GPU.S9825,FourHundredGigE1/0/31,0,0,0,0,0,0
2024/05/24 星期五 00:54:45.479,1716483285479,NH-DC-NM224-J08-ROCE-ST-leaf-4.GPU.S9825,FourHundredGigE1/0/31,0,0,0,0,0,0
2024/05/24 星期五 00:54:45.981,1716483285981,NH-DC-NM224-J08-ROCE-ST-leaf-4.GPU.S9825,FourHundredGigE1/0/31,1453,569286,2014,602911,0,0
2024/05/24 星期五 00:54:46.485,1716483286485,NH-DC-NM224-J08-ROCE-ST-leaf-4.GPU.S9825,FourHundredGigE1/0/31,0,0,0,0,0,0
2024/05/24 星期五 00:54:46.986,1716483286986,NH-DC-NM224-J08-ROCE-ST-leaf-4.GPU.S9825,FourHundredGigE1/0/31,3516,1107878,2867,1065908,0,0
2024/05/24 星期五 00:54:47.486,1716483287486,NH-DC-NM224-J08-ROCE-ST-leaf-4.GPU.S9825,FourHundredGigE1/0/31,0,0,0,0,0,0
2024/05/24 星期五 00:54:47.986,1716483287986,NH-DC-NM224-J08-ROCE-ST-leaf-4.GPU.S9825,FourHundredGigE1/0/31,0,0,0,0,0,0
2024/05/24 星期五 00:54:48.485,1716483288485,NH-DC-NM224-J08-ROCE-ST-leaf-4.GPU.S9825,FourHundredGigE1/0/31,1942,703934,2254,723245,0,0
2024/05/24 星期五 00:54:48.989,1716483288989,NH-DC-NM224-J08-ROCE-ST-leaf-4.GPU.S9825,FourHundredGigE1/0/31,0,0,0,0,0,0
2024/05/24 星期五 00:54:49.491,1716483289491,NH-DC-NM224-J08-ROCE-ST-leaf-4.GPU.S9825,FourHundredGigE1/0/31,2922,950658,2586,933588,0,0
2024/05/24 星期五 00:54:49.996,1716483289996,NH-DC-NM224-J08-ROCE-ST-leaf-4.GPU.S9825,FourHundredGigE1/0/31,0,0,0,0,0,0
2024/05/24 星期五 00:54:50.498,1716483290498,NH-DC-NM224-J08-ROCE-ST-leaf-4.GPU.S9825,FourHundredGigE1/0/31,967,375090,1336,396209,0,0
2024/05/24 星期五 00:54:51.002,1716483291002,NH-DC-NM224-J08-ROCE-ST-leaf-4.GPU.S9825,FourHundredGigE1/0/31,0,0,0,0,0,0
2024/05/24 星期五 00:54:51.503,1716483291503,NH-DC-NM224-J08-ROCE-ST-leaf-4.GPU.S9825,FourHundredGigE1/0/31,0,0,0,0,0,0
2024/05/24 星期五 00:54:52.008,1716483292008,NH-DC-NM224-J08-ROCE-ST-leaf-4.GPU.S9825,FourHundredGigE1/0/31,2523,919190,2967,940241,0,0
2024/05/24 星期五 00:54:52.506,1716483292506,NH-DC-NM224-J08-ROCE-ST-leaf-4.GPU.S9825,FourHundredGigE1/0/31,0,0,0,0,0,0
2024/05/24 星期五 00:54:53.006,1716483293006,NH-DC-NM224-J08-ROCE-ST-leaf-4.GPU.S9825,FourHundredGigE1/0/31,0,0,0,0,0,0
2024/05/24 星期五 00:54:53.510,1716483293510,NH-DC-NM224-J08-ROCE-ST-leaf-4.GPU.S9825,FourHundredGigE1/0/31,2059,752534,2423,774664,0,0
2024/05/24 星期五 00:54:54.014,1716483294014,NH-DC-NM224-J08-ROCE-ST-leaf-4.GPU.S9825,FourHundredGigE1/0/31,0,0,0,0,0,0
2024/05/24 星期五 00:54:54.517,1716483294517,NH-DC-NM224-J08-ROCE-ST-leaf-4.GPU.S9825,FourHundredGigE1/0/31,2962,1019354,2784,961342,0,0
2024/05/24 星期五 00:54:55.021,1716483295021,NH-DC-NM224-J08-ROCE-ST-leaf-4.GPU.S9825,FourHundredGigE1/0/31,0,0,0,0,0,0
2024/05/24 星期五 00:54:55.529,1716483295529,NH-DC-NM224-J08-ROCE-ST-leaf-4.GPU.S9825,FourHundredGigE1/0/31,2441,791027,2146,776059,0,0
2024/05/24 星期五 00:54:57.489,1716483297489,NH-DC-NM224-J08-ROCE-ST-leaf-4.GPU.S9825,FourHundredGigE1/0/31,3497,1219658,3724,1232900,0,0
2024/05/24 星期五 00:54:57.999,1716483297999,NH-DC-NM224-J08-ROCE-ST-leaf-4.GPU.S9825,FourHundredGigE1/0/31,0,0,0,0,0,0
2024/05/24 星期五 00:54:58.502,1716483298502,NH-DC-NM224-J08-ROCE-ST-leaf-4.GPU.S9825,FourHundredGigE1/0/31,2673,831530,2100,799662,0,0
2024/05/24 星期五 00:54:59.699,1716483299699,NH-DC-NM224-J08-ROCE-ST-leaf-4.GPU.S9825,FourHundredGigE1/0/31,1809,616751,1838,623401,0,0
2024/05/24 星期五 00:55:00.198,1716483300198,NH-DC-NM224-J08-ROCE-ST-leaf-4.GPU.S9825,FourHundredGigE1/0/31,0,0,0,0,0,0
2024/05/24 星期五 00:55:00.698,1716483300698,NH-DC-NM224-J08-ROCE-ST-leaf-4.GPU.S9825,FourHundredGigE1/0/31,892,366940,1382,394641,0,0
2024/05/24 星期五 00:55:01.199,1716483301199,NH-DC-NM224-J08-ROCE-ST-leaf-4.GPU.S9825,FourHundredGigE1/0/31,0,0,0,0,0,0
2024/05/24 星期五 00:55:01.701,1716483301701,NH-DC-NM224-J08-ROCE-ST-leaf-4.GPU.S9825,FourHundredGigE1/0/31,1706,621979,2010,644267,0,0
2024/05/24 星期五 00:55:02.202,1716483302202,NH-DC-NM224-J08-ROCE-ST-leaf-4.GPU.S9825,FourHundredGigE1/0/31,0,0,0,0,0,0
2024/05/24 星期五 00:55:02.702,1716483302702,NH-DC-NM224-J08-ROCE-ST-leaf-4.GPU.S9825,FourHundredGigE1/0/31,1460,546362,1825,566794,0,0
2024/05/24 星期五 00:55:03.205,1716483303205,NH-DC-NM224-J08-ROCE-ST-leaf-4.GPU.S9825,FourHundredGigE1/0/31,0,0,0,0,0,0
2024/05/24 星期五 00:55:03.708,1716483303708,NH-DC-NM224-J08-ROCE-ST-leaf-4.GPU.S9825,FourHundredGigE1/0/31,2169,730598,2106,727331,0,0
2024/05/24 星期五 00:55:04.234,1716483304234,NH-DC-NM224-J08-ROCE-ST-leaf-4.GPU.S9825,FourHundredGigE1/0/31,1616,538844,1547,534204,0,0
2024/05/24 星期五 00:55:04.747,1716483304747,NH-DC-NM224-J08-ROCE-ST-leaf-4.GPU.S9825,FourHundredGigE1/0/31,0,0,0,0,0,0
2024/05/24 星期五 00:55:05.249,1716483305249,NH-DC-NM224-J08-ROCE-ST-leaf-4.GPU.S9825,FourHundredGigE1/0/31,0,0,0,0,0,0
2024/05/24 星期五 00:55:05.752,1716483305752,NH-DC-NM224-J08-ROCE-ST-leaf-4.GPU.S9825,FourHundredGigE1/0/31,1380,507710,1670,524144,0,0
2024/05/24 星期五 00:55:06.255,1716483306255,NH-DC-NM224-J08-ROCE-ST-leaf-4.GPU.S9825,FourHundredGigE1/0/31,0,0,0,0,0,0
2024/05/24 星期五 00:55:06.769,1716483306769,NH-DC-NM224-J08-ROCE-ST-leaf-4.GPU.S9825,FourHundredGigE1/0/31,2143,722255,2096,725261,0,0
2024/05/24 星期五 00:55:07.270,1716483307270,NH-DC-NM224-J08-ROCE-ST-leaf-4.GPU.S9825,FourHundredGigE1/0/31,3436,1058812,2620,1013345,0,0
2024/05/24 星期五 00:55:07.789,1716483307789,NH-DC-NM224-J08-ROCE-ST-leaf-4.GPU.S9825,FourHundredGigE1/0/31,0,0,0,0,0,0
2024/05/24 星期五 00:55:08.289,1716483308289,NH-DC-NM224-J08-ROCE-ST-leaf-4.GPU.S9825,FourHundredGigE1/0/31,0,0,0,0,0,0
2024/05/24 星期五 00:55:08.789,1716483308789,NH-DC-NM224-J08-ROCE-ST-leaf-4.GPU.S9825,FourHundredGigE1/0/31,1808,636398,1976,645886,0,0
2024/05/24 星期五 00:55:09.292,1716483309292,NH-DC-NM224-J08-ROCE-ST-leaf-4.GPU.S9825,FourHundredGigE1/0/31,1275,478138,1603,495730,0,0
2024/05/24 星期五 00:55:09.794,1716483309794,NH-DC-NM224-J08-ROCE-ST-leaf-4.GPU.S9825,FourHundredGigE1/0/31,0,0,0,0,0,0
2024/05/24 星期五 00:55:10.295,1716483310295,NH-DC-NM224-J08-ROCE-ST-leaf-4.GPU.S9825,FourHundredGigE1/0/31,0,0,0,0,0,0
2024/05/24 星期五 00:55:10.797,1716483310797,NH-DC-NM224-J08-ROCE-ST-leaf-4.GPU.S9825,FourHundredGigE1/0/31,1503,562778,1878,584039,0,0
2024/05/24 星期五 00:55:11.301,1716483311301,NH-DC-NM224-J08-ROCE-ST-leaf-4.GPU.S9825,FourHundredGigE1/0/31,0,0,0,0,0,0
2024/05/24 星期五 00:55:11.802,1716483311802,NH-DC-NM224-J08-ROCE-ST-leaf-4.GPU.S9825,FourHundredGigE1/0/31,2371,760752,2035,742391,0,0
2024/05/24 星期五 00:55:12.305,1716483312305,NH-DC-NM224-J08-ROCE-ST-leaf-4.GPU.S9825,FourHundredGigE1/0/31,2270,743254,2050,730934,0,0
2024/05/24 星期五 00:55:12.805,1716483312805,NH-DC-NM224-J08-ROCE-ST-leaf-4.GPU.S9825,FourHundredGigE1/0/31,0,0,0,0,0,0
2024/05/24 星期五 00:55:13.305,1716483313305,NH-DC-NM224-J08-ROCE-ST-leaf-4.GPU.S9825,FourHundredGigE1/0/31,1508,547728,1768,562549,0,0
2024/05/24 星期五 00:55:13.818,1716483313818,NH-DC-NM224-J08-ROCE-ST-leaf-4.GPU.S9825,FourHundredGigE1/0/31,0,0,0,0,0,0
2024/05/24 星期五 00:55:14.318,1716483314318,NH-DC-NM224-J08-ROCE-ST-leaf-4.GPU.S9825,FourHundredGigE1/0/31,2875,933906,2511,912746,0,0
2024/05/24 星期五 00:55:14.821,1716483314821,NH-DC-NM224-J08-ROCE-ST-leaf-4.GPU.S9825,FourHundredGigE1/0/31,0,0,0,0,0,0
2024/05/24 星期五 00:55:15.326,1716483315326,NH-DC-NM224-J08-ROCE-ST-leaf-4.GPU.S9825,FourHundredGigE1/0/31,1553,541050,1659,547180,0,0
2024/05/24 星期五 00:55:15.827,1716483315827,NH-DC-NM224-J08-ROCE-ST-leaf-4.GPU.S9825,FourHundredGigE1/0/31,0,0,0,0,0,0
2024/05/24 星期五 00:55:16.329,1716483316329,NH-DC-NM224-J08-ROCE-ST-leaf-4.GPU.S9825,FourHundredGigE1/0/31,1528,569910,1897,591037,0,0
2024/05/24 星期五 00:55:16.830,1716483316830,NH-DC-NM224-J08-ROCE-ST-leaf-4.GPU.S9825,FourHundredGigE1/0/31,0,0,0,0,0,0
2024/05/24 星期五 00:55:17.333,1716483317333,NH-DC-NM224-J08-ROCE-ST-leaf-4.GPU.S9825,FourHundredGigE1/0/31,1223,447664,1475,461843,0,0
2024/05/24 星期五 00:55:17.835,1716483317835,NH-DC-NM224-J08-ROCE-ST-leaf-4.GPU.S9825,FourHundredGigE1/0/31,0,0,0,0,0,0
2024/05/24 星期五 00:55:18.340,1716483318340,NH-DC-NM224-J08-ROCE-ST-leaf-4.GPU.S9825,FourHundredGigE1/0/31,2530,802060,2096,777976,0,0
2024/05/24 星期五 00:55:18.844,1716483318844,NH-DC-NM224-J08-ROCE-ST-leaf-4.GPU.S9825,FourHundredGigE1/0/31,0,0,0,0,0,0
2024/05/24 星期五 00:55:19.371,1716483319371,NH-DC-NM224-J08-ROCE-ST-leaf-4.GPU.S9825,FourHundredGigE1/0/31,1127,456272,1658,485232,0,0
2024/05/24 星期五 00:55:20.593,1716483320593,NH-DC-NM224-J08-ROCE-ST-leaf-4.GPU.S9825,FourHundredGigE1/0/31,1916,658176,1960,660901,0,0
2024/05/24 星期五 00:55:21.096,1716483321096,NH-DC-NM224-J08-ROCE-ST-leaf-4.GPU.S9825,FourHundredGigE1/0/31,0,0,0,0,0,0
2024/05/24 星期五 00:55:21.605,1716483321605,NH-DC-NM224-J08-ROCE-ST-leaf-4.GPU.S9825,FourHundredGigE1/0/31,1737,601294,1820,606397,0,0
2024/05/24 星期五 00:55:22.105,1716483322105,NH-DC-NM224-J08-ROCE-ST-leaf-4.GPU.S9825,FourHundredGigE1/0/31,0,0,0,0,0,0
2024/05/24 星期五 00:55:22.609,1716483322609,NH-DC-NM224-J08-ROCE-ST-leaf-4.GPU.S9825,FourHundredGigE1/0/31,1955,707656,2242,723728,0,0
2024/05/24 星期五 00:55:23.106,1716483323106,NH-DC-NM224-J08-ROCE-ST-leaf-4.GPU.S9825,FourHundredGigE1/0/31,0,0,0,0,0,0
2024/05/24 星期五 00:55:23.606,1716483323606,NH-DC-NM224-J08-ROCE-ST-leaf-4.GPU.S9825,FourHundredGigE1/0/31,2944,946132,2510,922089,0,0
2024/05/24 星期五 00:55:24.612,1716483324612,NH-DC-NM224-J08-ROCE-ST-leaf-4.GPU.S9825,FourHundredGigE1/0/31,4021,1252122,3105,1200050,0,0
2024/05/24 星期五 00:55:25.113,1716483325113,NH-DC-NM224-J08-ROCE-ST-leaf-4.GPU.S9825,FourHundredGigE1/0/31,0,0,0,0,0,0
2024/05/24 星期五 00:55:25.616,1716483325616,NH-DC-NM224-J08-ROCE-ST-leaf-4.GPU.S9825,FourHundredGigE1/0/31,1608,566906,1760,575612,0,0
2024/05/24 星期五 00:55:26.123,1716483326123,NH-DC-NM224-J08-ROCE-ST-leaf-4.GPU.S9825,FourHundredGigE1/0/31,0,0,0,0,0,0
2024/05/24 星期五 00:55:27.156,1716483327156,NH-DC-NM224-J08-ROCE-ST-leaf-4.GPU.S9825,FourHundredGigE1/0/31,1165,467676,1699,498043,0,0
2024/05/24 星期五 00:55:27.656,1716483327656,NH-DC-NM224-J08-ROCE-ST-leaf-4.GPU.S9825,FourHundredGigE1/0/31,1213,484772,1743,514519,0,0
2024/05/24 星期五 00:55:28.155,1716483328155,NH-DC-NM224-J08-ROCE-ST-leaf-4.GPU.S9825,FourHundredGigE1/0/31,0,0,0,0,0,0
2024/05/24 星期五 00:55:28.658,1716483328658,NH-DC-NM224-J08-ROCE-ST-leaf-4.GPU.S9825,FourHundredGigE1/0/31,1466,540558,1777,558194,0,0
2024/05/24 星期五 00:55:29.157,1716483329157,NH-DC-NM224-J08-ROCE-ST-leaf-4.GPU.S9825,FourHundredGigE1/0/31,0,0,0,0,0,0
2024/05/24 星期五 00:55:29.659,1716483329659,NH-DC-NM224-J08-ROCE-ST-leaf-4.GPU.S9825,FourHundredGigE1/0/31,1167,436612,1468,452692,0,0
2024/05/24 星期五 00:55:30.161,1716483330161,NH-DC-NM224-J08-ROCE-ST-leaf-4.GPU.S9825,FourHundredGigE1/0/31,0,0,0,0,0,0
2024/05/24 星期五 00:55:30.704,1716483330704,NH-DC-NM224-J08-ROCE-ST-leaf-4.GPU.S9825,FourHundredGigE1/0/31,2045,686424,1975,682765,0,0
2024/05/24 星期五 00:55:31.205,1716483331205,NH-DC-NM224-J08-ROCE-ST-leaf-4.GPU.S9825,FourHundredGigE1/0/31,0,0,0,0,0,0
2024/05/24 星期五 00:55:31.705,1716483331705,NH-DC-NM224-J08-ROCE-ST-leaf-4.GPU.S9825,FourHundredGigE1/0/31,1862,623624,1800,620607,0,0
2024/05/24 星期五 00:55:32.205,1716483332205,NH-DC-NM224-J08-ROCE-ST-leaf-4.GPU.S9825,FourHundredGigE1/0/31,0,0,0,0,0,0
2024/05/24 星期五 00:55:32.706,1716483332706,NH-DC-NM224-J08-ROCE-ST-leaf-4.GPU.S9825,FourHundredGigE1/0/31,2099,739372,2260,748388,0,0
2024/05/24 星期五 00:55:33.205,1716483333205,NH-DC-NM224-J08-ROCE-ST-leaf-4.GPU.S9825,FourHundredGigE1/0/31,0,0,0,0,0,0
2024/05/24 星期五 00:55:33.709,1716483333709,NH-DC-NM224-J08-ROCE-ST-leaf-4.GPU.S9825,FourHundredGigE1/0/31,1277,490116,1693,513673,0,0
2024/05/24 星期五 00:55:34.222,1716483334222,NH-DC-NM224-J08-ROCE-ST-leaf-4.GPU.S9825,FourHundredGigE1/0/31,0,0,0,0,0,0
2024/05/24 星期五 00:55:34.732,1716483334732,NH-DC-NM224-J08-ROCE-ST-leaf-4.GPU.S9825,FourHundredGigE1/0/31,2367,749530,1951,725458,0,0
2024/05/24 星期五 00:55:35.234,1716483335234,NH-DC-NM224-J08-ROCE-ST-leaf-4.GPU.S9825,FourHundredGigE1/0/31,0,0,0,0,0,0
2024/05/24 星期五 00:55:35.735,1716483335735,NH-DC-NM224-J08-ROCE-ST-leaf-4.GPU.S9825,FourHundredGigE1/0/31,2115,700856,1976,693266,0,0
2024/05/24 星期五 00:55:36.235,1716483336235,NH-DC-NM224-J08-ROCE-ST-leaf-4.GPU.S9825,FourHundredGigE1/0/31,0,0,0,0,0,0
2024/05/24 星期五 00:55:36.737,1716483336737,NH-DC-NM224-J08-ROCE-ST-leaf-4.GPU.S9825,FourHundredGigE1/0/31,2359,795588,2294,792777,0,0
2024/05/24 星期五 00:55:37.255,1716483337255,NH-DC-NM224-J08-ROCE-ST-leaf-4.GPU.S9825,FourHundredGigE1/0/31,0,0,0,0,0,0
2024/05/24 星期五 00:55:37.754,1716483337754,NH-DC-NM224-J08-ROCE-ST-leaf-4.GPU.S9825,FourHundredGigE1/0/31,1254,475680,1624,496467,0,0
2024/05/24 星期五 00:55:38.254,1716483338254,NH-DC-NM224-J08-ROCE-ST-leaf-4.GPU.S9825,FourHundredGigE1/0/31,0,0,0,0,0,0
2024/05/24 星期五 00:55:38.753,1716483338753,NH-DC-NM224-J08-ROCE-ST-leaf-4.GPU.S9825,FourHundredGigE1/0/31,3629,1141296,2899,1100636,0,0
2024/05/24 星期五 00:55:39.262,1716483339262,NH-DC-NM224-J08-ROCE-ST-leaf-4.GPU.S9825,FourHundredGigE1/0/31,0,0,0,0,0,0
2024/05/24 星期五 00:55:39.762,1716483339762,NH-DC-NM224-J08-ROCE-ST-leaf-4.GPU.S9825,FourHundredGigE1/0/31,2040,722896,2221,732256,0,0
2024/05/24 星期五 00:55:40.266,1716483340266,NH-DC-NM224-J08-ROCE-ST-leaf-4.GPU.S9825,FourHundredGigE1/0/31,0,0,0,0,0,0
2024/05/24 星期五 00:55:40.767,1716483340767,NH-DC-NM224-J08-ROCE-ST-leaf-4.GPU.S9825,FourHundredGigE1/0/31,1636,589581,1883,608512,0,0
2024/05/24 星期五 00:55:41.267,1716483341267,NH-DC-NM224-J08-ROCE-ST-leaf-4.GPU.S9825,FourHundredGigE1/0/31,0,0,0,0,0,0
2024/05/24 星期五 00:55:41.770,1716483341770,NH-DC-NM224-J08-ROCE-ST-leaf-4.GPU.S9825,FourHundredGigE1/0/31,2870,915716,2406,890187,0,0
2024/05/24 星期五 00:55:42.274,1716483342274,NH-DC-NM224-J08-ROCE-ST-leaf-4.GPU.S9825,FourHundredGigE1/0/31,2007,664140,1872,656580,0,0
2024/05/24 星期五 00:55:42.773,1716483342773,NH-DC-NM224-J08-ROCE-ST-leaf-4.GPU.S9825,FourHundredGigE1/0/31,0,0,0,0,0,0
2024/05/24 星期五 00:55:43.698,1716483343698,NH-DC-NM224-J08-ROCE-ST-leaf-4.GPU.S9825,FourHundredGigE1/0/31,905,380808,1459,412093,0,0
2024/05/24 星期五 00:55:44.202,1716483344202,NH-DC-NM224-J08-ROCE-ST-leaf-4.GPU.S9825,FourHundredGigE1/0/31,0,0,0,0,0,0
2024/05/24 星期五 00:55:44.702,1716483344702,NH-DC-NM224-J08-ROCE-ST-leaf-4.GPU.S9825,FourHundredGigE1/0/31,1025,410264,1484,435192,0,0
2024/05/24 星期五 00:55:45.202,1716483345202,NH-DC-NM224-J08-ROCE-ST-leaf-4.GPU.S9825,FourHundredGigE1/0/31,0,0,0,0,0,0
2024/05/24 星期五 00:55:46.212,1716483346212,NH-DC-NM224-J08-ROCE-ST-leaf-4.GPU.S9825,FourHundredGigE1/0/31,746,339806,1407,376822,0,0
2024/05/24 星期五 00:55:46.723,1716483346723,NH-DC-NM224-J08-ROCE-ST-leaf-4.GPU.S9825,FourHundredGigE1/0/31,2092,696986,1989,691875,0,0
2024/05/24 星期五 00:55:47.225,1716483347225,NH-DC-NM224-J08-ROCE-ST-leaf-4.GPU.S9825,FourHundredGigE1/0/31,0,0,0,0,0,0
2024/05/24 星期五 00:55:47.726,1716483347726,NH-DC-NM224-J08-ROCE-ST-leaf-4.GPU.S9825,FourHundredGigE1/0/31,2068,673250,1851,661165,0,0
2024/05/24 星期五 00:55:48.227,1716483348227,NH-DC-NM224-J08-ROCE-ST-leaf-4.GPU.S9825,FourHundredGigE1/0/31,0,0,0,0,0,0
2024/05/24 星期五 00:55:48.729,1716483348729,NH-DC-NM224-J08-ROCE-ST-leaf-4.GPU.S9825,FourHundredGigE1/0/31,1481,551910,1834,571898,0,0
2024/05/24 星期五 00:55:49.704,1716483349704,NH-DC-NM224-J08-ROCE-ST-leaf-4.GPU.S9825,FourHundredGigE1/0/31,3682,1150356,2877,1104500,0,0
2024/05/24 星期五 00:55:50.205,1716483350205,NH-DC-NM224-J08-ROCE-ST-leaf-4.GPU.S9825,FourHundredGigE1/0/31,0,0,0,0,0,0
2024/05/24 星期五 00:55:50.710,1716483350710,NH-DC-NM224-J08-ROCE-ST-leaf-4.GPU.S9825,FourHundredGigE1/0/31,3588,1142934,2965,1108113,0,0
2024/05/24 星期五 00:55:51.225,1716483351225,NH-DC-NM224-J08-ROCE-ST-leaf-4.GPU.S9825,FourHundredGigE1/0/31,0,0,0,0,0,0
2024/05/24 星期五 00:55:51.739,1716483351739,NH-DC-NM224-J08-ROCE-ST-leaf-4.GPU.S9825,FourHundredGigE1/0/31,1168,431468,1446,447685,0,0
2024/05/24 星期五 00:55:52.242,1716483352242,NH-DC-NM224-J08-ROCE-ST-leaf-4.GPU.S9825,FourHundredGigE1/0/31,0,0,0,0,0,0
2024/05/24 星期五 00:55:52.742,1716483352742,NH-DC-NM224-J08-ROCE-ST-leaf-4.GPU.S9825,FourHundredGigE1/0/31,1813,634880,1940,641992,0,0
2024/05/24 星期五 00:55:53.243,1716483353243,NH-DC-NM224-J08-ROCE-ST-leaf-4.GPU.S9825,FourHundredGigE1/0/31,0,0,0,0,0,0
2024/05/24 星期五 00:55:53.744,1716483353744,NH-DC-NM224-J08-ROCE-ST-leaf-4.GPU.S9825,FourHundredGigE1/0/31,2037,694736,2043,695333,0,0
2024/05/24 星期五 00:55:54.244,1716483354244,NH-DC-NM224-J08-ROCE-ST-leaf-4.GPU.S9825,FourHundredGigE1/0/31,0,0,0,0,0,0
2024/05/24 星期五 00:55:54.746,1716483354746,NH-DC-NM224-J08-ROCE-ST-leaf-4.GPU.S9825,FourHundredGigE1/0/31,2526,846026,2390,837440,0,0
2024/05/24 星期五 00:55:55.245,1716483355245,NH-DC-NM224-J08-ROCE-ST-leaf-4.GPU.S9825,FourHundredGigE1/0/31,2974,956217,2540,933465,0,0
2024/05/24 星期五 00:55:55.746,1716483355746,NH-DC-NM224-J08-ROCE-ST-leaf-4.GPU.S9825,FourHundredGigE1/0/31,0,0,0,0,0,0
2024/05/24 星期五 00:55:56.245,1716483356245,NH-DC-NM224-J08-ROCE-ST-leaf-4.GPU.S9825,FourHundredGigE1/0/31,0,0,0,0,0,0
2024/05/24 星期五 00:55:56.748,1716483356748,NH-DC-NM224-J08-ROCE-ST-leaf-4.GPU.S9825,FourHundredGigE1/0/31,2841,915444,2449,894149,0,0
2024/05/24 星期五 00:55:57.752,1716483357752,NH-DC-NM224-J08-ROCE-ST-leaf-4.GPU.S9825,FourHundredGigE1/0/31,2080,699326,2013,695641,0,0
2024/05/24 星期五 00:55:58.254,1716483358254,NH-DC-NM224-J08-ROCE-ST-leaf-4.GPU.S9825,FourHundredGigE1/0/31,0,0,0,0,0,0
2024/05/24 星期五 00:55:58.755,1716483358755,NH-DC-NM224-J08-ROCE-ST-leaf-4.GPU.S9825,FourHundredGigE1/0/31,947,400242,1534,433334,0,0
2024/05/24 星期五 00:55:59.450,1716483359450,NH-DC-NM224-J08-ROCE-ST-leaf-4.GPU.S9825,FourHundredGigE1/0/31,1995,645964,1746,626853,0,0
2024/05/24 星期五 00:55:59.950,1716483359950,NH-DC-NM224-J08-ROCE-ST-leaf-4.GPU.S9825,FourHundredGigE1/0/31,0,0,0,0,0,0
2024/05/24 星期五 00:56:00.451,1716483360451,NH-DC-NM224-J08-ROCE-ST-leaf-4.GPU.S9825,FourHundredGigE1/0/31,1464,543074,1797,561983,0,0
2024/05/24 星期五 00:56:00.955,1716483360955,NH-DC-NM224-J08-ROCE-ST-leaf-4.GPU.S9825,FourHundredGigE1/0/31,0,0,0,0,0,0
2024/05/24 星期五 00:56:01.456,1716483361456,NH-DC-NM224-J08-ROCE-ST-leaf-4.GPU.S9825,FourHundredGigE1/0/31,2257,737815,2043,731289,0,0
2024/05/24 星期五 00:56:01.958,1716483361958,NH-DC-NM224-J08-ROCE-ST-leaf-4.GPU.S9825,FourHundredGigE1/0/31,0,0,0,0,0,0
2024/05/24 星期五 00:56:02.462,1716483362462,NH-DC-NM224-J08-ROCE-ST-leaf-4.GPU.S9825,FourHundredGigE1/0/31,1366,502538,1652,518554,0,0
2024/05/24 星期五 00:56:02.963,1716483362963,NH-DC-NM224-J08-ROCE-ST-leaf-4.GPU.S9825,FourHundredGigE1/0/31,0,0,0,0,0,0
2024/05/24 星期五 00:56:03.462,1716483363462,NH-DC-NM224-J08-ROCE-ST-leaf-4.GPU.S9825,FourHundredGigE1/0/31,0,0,0,0,0,0
2024/05/24 星期五 00:56:03.963,1716483363963,NH-DC-NM224-J08-ROCE-ST-leaf-4.GPU.S9825,FourHundredGigE1/0/31,1864,646082,1953,651715,0,0
2024/05/24 星期五 00:56:04.461,1716483364461,NH-DC-NM224-J08-ROCE-ST-leaf-4.GPU.S9825,FourHundredGigE1/0/31,1014,358816,1141,364570,0,0
2024/05/24 星期五 00:56:04.962,1716483364962,NH-DC-NM224-J08-ROCE-ST-leaf-4.GPU.S9825,FourHundredGigE1/0/31,0,0,0,0,0,0
2024/05/24 星期五 00:56:05.471,1716483365471,NH-DC-NM224-J08-ROCE-ST-leaf-4.GPU.S9825,FourHundredGigE1/0/31,2165,727308,2088,723190,0,0
2024/05/24 星期五 00:56:06.337,1716483366337,NH-DC-NM224-J08-ROCE-ST-leaf-4.GPU.S9825,FourHundredGigE1/0/31,1730,638675,2093,664447,0,0
2024/05/24 星期五 00:56:06.838,1716483366838,NH-DC-NM224-J08-ROCE-ST-leaf-4.GPU.S9825,FourHundredGigE1/0/31,0,0,0,0,0,0
2024/05/24 星期五 00:56:07.341,1716483367341,NH-DC-NM224-J08-ROCE-ST-leaf-4.GPU.S9825,FourHundredGigE1/0/31,2943,921994,2348,889129,0,0
2024/05/24 星期五 00:56:07.842,1716483367842,NH-DC-NM224-J08-ROCE-ST-leaf-4.GPU.S9825,FourHundredGigE1/0/31,0,0,0,0,0,0
2024/05/24 星期五 00:56:08.342,1716483368342,NH-DC-NM224-J08-ROCE-ST-leaf-4.GPU.S9825,FourHundredGigE1/0/31,1672,599116,1912,612744,0,0
2024/05/24 星期五 00:56:08.843,1716483368843,NH-DC-NM224-J08-ROCE-ST-leaf-4.GPU.S9825,FourHundredGigE1/0/31,0,0,0,0,0,0
2024/05/24 星期五 00:56:09.344,1716483369344,NH-DC-NM224-J08-ROCE-ST-leaf-4.GPU.S9825,FourHundredGigE1/0/31,927,382038,1442,409962,0,0
2024/05/24 星期五 00:56:09.846,1716483369846,NH-DC-NM224-J08-ROCE-ST-leaf-4.GPU.S9825,FourHundredGigE1/0/31,0,0,0,0,0,0
2024/05/24 星期五 00:56:10.347,1716483370347,NH-DC-NM224-J08-ROCE-ST-leaf-4.GPU.S9825,FourHundredGigE1/0/31,2428,817810,2345,813423,0,0
2024/05/24 星期五 00:56:10.850,1716483370850,NH-DC-NM224-J08-ROCE-ST-leaf-4.GPU.S9825,FourHundredGigE1/0/31,0,0,0,0,0,0
2024/05/24 星期五 00:56:11.350,1716483371350,NH-DC-NM224-J08-ROCE-ST-leaf-4.GPU.S9825,FourHundredGigE1/0/31,1592,528350,1521,524829,0,0
2024/05/24 星期五 00:56:16.004,1716483376004,NH-DC-NM224-J08-ROCE-ST-leaf-4.GPU.S9825,FourHundredGigE1/0/31,6851,2448862,7722,2500108,0,0
2024/05/24 星期五 00:56:16.507,1716483376507,NH-DC-NM224-J08-ROCE-ST-leaf-4.GPU.S9825,FourHundredGigE1/0/31,0,0,0,0,0,0
2024/05/24 星期五 00:56:17.007,1716483377007,NH-DC-NM224-J08-ROCE-ST-leaf-4.GPU.S9825,FourHundredGigE1/0/31,2250,768472,2290,764698,0,0
2024/05/24 星期五 00:56:17.511,1716483377511,NH-DC-NM224-J08-ROCE-ST-leaf-4.GPU.S9825,FourHundredGigE1/0/31,0,0,0,0,0,0
2024/05/24 星期五 00:56:18.014,1716483378014,NH-DC-NM224-J08-ROCE-ST-leaf-4.GPU.S9825,FourHundredGigE1/0/31,3196,1007102,2578,972587,0,0
2024/05/24 星期五 00:56:18.518,1716483378518,NH-DC-NM224-J08-ROCE-ST-leaf-4.GPU.S9825,FourHundredGigE1/0/31,0,0,0,0,0,0
2024/05/24 星期五 00:56:19.017,1716483379017,NH-DC-NM224-J08-ROCE-ST-leaf-4.GPU.S9825,FourHundredGigE1/0/31,0,0,0,0,0,0
2024/05/24 星期五 00:56:19.521,1716483379521,NH-DC-NM224-J08-ROCE-ST-leaf-4.GPU.S9825,FourHundredGigE1/0/31,1494,549692,1829,571556,0,0
2024/05/24 星期五 00:56:20.025,1716483380025,NH-DC-NM224-J08-ROCE-ST-leaf-4.GPU.S9825,FourHundredGigE1/0/31,0,0,0,0,0,0
2024/05/24 星期五 00:56:20.527,1716483380527,NH-DC-NM224-J08-ROCE-ST-leaf-4.GPU.S9825,FourHundredGigE1/0/31,1764,599294,1767,599723,0,0
2024/05/24 星期五 00:56:21.032,1716483381032,NH-DC-NM224-J08-ROCE-ST-leaf-4.GPU.S9825,FourHundredGigE1/0/31,0,0,0,0,0,0
2024/05/24 星期五 00:56:21.533,1716483381533,NH-DC-NM224-J08-ROCE-ST-leaf-4.GPU.S9825,FourHundredGigE1/0/31,2052,710030,2130,715949,0,0
2024/05/24 星期五 00:56:22.049,1716483382049,NH-DC-NM224-J08-ROCE-ST-leaf-4.GPU.S9825,FourHundredGigE1/0/31,0,0,0,0,0,0
2024/05/24 星期五 00:56:22.571,1716483382571,NH-DC-NM224-J08-ROCE-ST-leaf-4.GPU.S9825,FourHundredGigE1/0/31,2033,676562,1922,669444,0,0
2024/05/24 星期五 00:56:23.073,1716483383073,NH-DC-NM224-J08-ROCE-ST-leaf-4.GPU.S9825,FourHundredGigE1/0/31,0,0,0,0,0,0
2024/05/24 星期五 00:56:23.574,1716483383574,NH-DC-NM224-J08-ROCE-ST-leaf-4.GPU.S9825,FourHundredGigE1/0/31,2896,935552,2502,913555,0,0
2024/05/24 星期五 00:56:24.075,1716483384075,NH-DC-NM224-J08-ROCE-ST-leaf-4.GPU.S9825,FourHundredGigE1/0/31,0,0,0,0,0,0
2024/05/24 星期五 00:56:24.574,1716483384574,NH-DC-NM224-J08-ROCE-ST-leaf-4.GPU.S9825,FourHundredGigE1/0/31,2941,943734,2487,917534,0,0
2024/05/24 星期五 00:56:25.087,1716483385087,NH-DC-NM224-J08-ROCE-ST-leaf-4.GPU.S9825,FourHundredGigE1/0/31,0,0,0,0,0,0
2024/05/24 星期五 00:56:25.588,1716483385588,NH-DC-NM224-J08-ROCE-ST-leaf-4.GPU.S9825,FourHundredGigE1/0/31,1441,565438,1981,595872,0,0
2024/05/24 星期五 00:56:26.086,1716483386086,NH-DC-NM224-J08-ROCE-ST-leaf-4.GPU.S9825,FourHundredGigE1/0/31,0,0,0,0,0,0
2024/05/24 星期五 00:56:26.585,1716483386585,NH-DC-NM224-J08-ROCE-ST-leaf-4.GPU.S9825,FourHundredGigE1/0/31,2136,720458,2085,717871,0,0
2024/05/24 星期五 00:56:27.086,1716483387086,NH-DC-NM224-J08-ROCE-ST-leaf-4.GPU.S9825,FourHundredGigE1/0/31,0,0,0,0,0,0
2024/05/24 星期五 00:56:27.587,1716483387587,NH-DC-NM224-J08-ROCE-ST-leaf-4.GPU.S9825,FourHundredGigE1/0/31,1274,482072,1644,503247,0,0
2024/05/24 星期五 00:56:28.090,1716483388090,NH-DC-NM224-J08-ROCE-ST-leaf-4.GPU.S9825,FourHundredGigE1/0/31,0,0,0,0,0,0
2024/05/24 星期五 00:56:28.594,1716483388594,NH-DC-NM224-J08-ROCE-ST-leaf-4.GPU.S9825,FourHundredGigE1/0/31,2650,851696,2268,830330,0,0
2024/05/24 星期五 00:56:29.093,1716483389093,NH-DC-NM224-J08-ROCE-ST-leaf-4.GPU.S9825,FourHundredGigE1/0/31,0,0,0,0,0,0
2024/05/24 星期五 00:56:29.606,1716483389606,NH-DC-NM224-J08-ROCE-ST-leaf-4.GPU.S9825,FourHundredGigE1/0/31,1296,450844,1387,455164,0,0
2024/05/24 星期五 00:56:30.109,1716483390109,NH-DC-NM224-J08-ROCE-ST-leaf-4.GPU.S9825,FourHundredGigE1/0/31,0,0,0,0,0,0
2024/05/24 星期五 00:56:30.609,1716483390609,NH-DC-NM224-J08-ROCE-ST-leaf-4.GPU.S9825,FourHundredGigE1/0/31,2025,695454,2074,697891,0,0
2024/05/24 星期五 00:56:31.109,1716483391109,NH-DC-NM224-J08-ROCE-ST-leaf-4.GPU.S9825,FourHundredGigE1/0/31,0,0,0,0,0,0
2024/05/24 星期五 00:56:31.610,1716483391610,NH-DC-NM224-J08-ROCE-ST-leaf-4.GPU.S9825,FourHundredGigE1/0/31,1389,496914,1608,508441,0,0
2024/05/24 星期五 00:56:32.113,1716483392113,NH-DC-NM224-J08-ROCE-ST-leaf-4.GPU.S9825,FourHundredGigE1/0/31,0,0,0,0,0,0
2024/05/24 星期五 00:56:32.613,1716483392613,NH-DC-NM224-J08-ROCE-ST-leaf-4.GPU.S9825,FourHundredGigE1/0/31,2099,710042,2063,708414,0,0
2024/05/24 星期五 00:56:33.114,1716483393114,NH-DC-NM224-J08-ROCE-ST-leaf-4.GPU.S9825,FourHundredGigE1/0/31,0,0,0,0,0,0
2024/05/24 星期五 00:56:33.642,1716483393642,NH-DC-NM224-J08-ROCE-ST-leaf-4.GPU.S9825,FourHundredGigE1/0/31,1235,463228,1565,481775,0,0
2024/05/24 星期五 00:56:35.443,1716483395443,NH-DC-NM224-J08-ROCE-ST-leaf-4.GPU.S9825,FourHundredGigE1/0/31,3663,1244906,3683,1243750,0,0
2024/05/24 星期五 00:56:35.946,1716483395946,NH-DC-NM224-J08-ROCE-ST-leaf-4.GPU.S9825,FourHundredGigE1/0/31,0,0,0,0,0,0
2024/05/24 星期五 00:56:36.456,1716483396456,NH-DC-NM224-J08-ROCE-ST-leaf-4.GPU.S9825,FourHundredGigE1/0/31,1709,566706,1630,562671,0,0
2024/05/24 星期五 00:56:36.958,1716483396958,NH-DC-NM224-J08-ROCE-ST-leaf-4.GPU.S9825,FourHundredGigE1/0/31,0,0,0,0,0,0
2024/05/24 星期五 00:56:37.457,1716483397457,NH-DC-NM224-J08-ROCE-ST-leaf-4.GPU.S9825,FourHundredGigE1/0/31,1062,416334,1511,440485,0,0
2024/05/24 星期五 00:56:37.957,1716483397957,NH-DC-NM224-J08-ROCE-ST-leaf-4.GPU.S9825,FourHundredGigE1/0/31,0,0,0,0,0,0
2024/05/24 星期五 00:56:38.457,1716483398457,NH-DC-NM224-J08-ROCE-ST-leaf-4.GPU.S9825,FourHundredGigE1/0/31,2358,771776,2186,758910,0,0
2024/05/24 星期五 00:56:38.961,1716483398961,NH-DC-NM224-J08-ROCE-ST-leaf-4.GPU.S9825,FourHundredGigE1/0/31,0,0,0,0,0,0
2024/05/24 星期五 00:56:39.461,1716483399461,NH-DC-NM224-J08-ROCE-ST-leaf-4.GPU.S9825,FourHundredGigE1/0/31,1312,510432,1773,535472,0,0
2024/05/24 星期五 00:56:39.977,1716483399977,NH-DC-NM224-J08-ROCE-ST-leaf-4.GPU.S9825,FourHundredGigE1/0/31,0,0,0,0,0,0
2024/05/24 星期五 00:56:40.478,1716483400478,NH-DC-NM224-J08-ROCE-ST-leaf-4.GPU.S9825,FourHundredGigE1/0/31,2819,896543,2411,875662,0,0
2024/05/24 星期五 00:56:40.986,1716483400986,NH-DC-NM224-J08-ROCE-ST-leaf-4.GPU.S9825,FourHundredGigE1/0/31,0,0,0,0,0,0
2024/05/24 星期五 00:56:41.487,1716483401487,NH-DC-NM224-J08-ROCE-ST-leaf-4.GPU.S9825,FourHundredGigE1/0/31,1571,550380,1699,557809,0,0
2024/05/24 星期五 00:56:41.989,1716483401989,NH-DC-NM224-J08-ROCE-ST-leaf-4.GPU.S9825,FourHundredGigE1/0/31,0,0,0,0,0,0
2024/05/24 星期五 00:56:42.490,1716483402490,NH-DC-NM224-J08-ROCE-ST-leaf-4.GPU.S9825,FourHundredGigE1/0/31,2824,920586,2502,902942,0,0
2024/05/24 星期五 00:56:42.993,1716483402993,NH-DC-NM224-J08-ROCE-ST-leaf-4.GPU.S9825,FourHundredGigE1/0/31,0,0,0,0,0,0
2024/05/24 星期五 00:56:43.497,1716483403497,NH-DC-NM224-J08-ROCE-ST-leaf-4.GPU.S9825,FourHundredGigE1/0/31,2366,780174,2173,769627,0,0
2024/05/24 星期五 00:56:43.997,1716483403997,NH-DC-NM224-J08-ROCE-ST-leaf-4.GPU.S9825,FourHundredGigE1/0/31,0,0,0,0,0,0
2024/05/24 星期五 00:56:44.502,1716483404502,NH-DC-NM224-J08-ROCE-ST-leaf-4.GPU.S9825,FourHundredGigE1/0/31,1866,623792,1781,618062,0,0
2024/05/24 星期五 00:56:45.001,1716483405001,NH-DC-NM224-J08-ROCE-ST-leaf-4.GPU.S9825,FourHundredGigE1/0/31,0,0,0,0,0,0
2024/05/24 星期五 00:56:45.503,1716483405503,NH-DC-NM224-J08-ROCE-ST-leaf-4.GPU.S9825,FourHundredGigE1/0/31,2050,707728,2119,714366,0,0
2024/05/24 星期五 00:56:46.005,1716483406005,NH-DC-NM224-J08-ROCE-ST-leaf-4.GPU.S9825,FourHundredGigE1/0/31,0,0,0,0,0,0
2024/05/24 星期五 00:56:46.511,1716483406511,NH-DC-NM224-J08-ROCE-ST-leaf-4.GPU.S9825,FourHundredGigE1/0/31,1654,595346,1887,605889,0,0
2024/05/24 星期五 00:56:47.016,1716483407016,NH-DC-NM224-J08-ROCE-ST-leaf-4.GPU.S9825,FourHundredGigE1/0/31,0,0,0,0,0,0
2024/05/24 星期五 00:56:47.518,1716483407518,NH-DC-NM224-J08-ROCE-ST-leaf-4.GPU.S9825,FourHundredGigE1/0/31,1350,527070,1849,555663,0,0
2024/05/24 星期五 00:56:48.019,1716483408019,NH-DC-NM224-J08-ROCE-ST-leaf-4.GPU.S9825,FourHundredGigE1/0/31,0,0,0,0,0,0
2024/05/24 星期五 00:56:48.522,1716483408522,NH-DC-NM224-J08-ROCE-ST-leaf-4.GPU.S9825,FourHundredGigE1/0/31,1866,663252,2062,674254,0,0
2024/05/24 星期五 00:56:49.022,1716483409022,NH-DC-NM224-J08-ROCE-ST-leaf-4.GPU.S9825,FourHundredGigE1/0/31,0,0,0,0,0,0
2024/05/24 星期五 00:56:49.521,1716483409521,NH-DC-NM224-J08-ROCE-ST-leaf-4.GPU.S9825,FourHundredGigE1/0/31,2986,938370,2389,904180,0,0
2024/05/24 星期五 00:56:50.022,1716483410022,NH-DC-NM224-J08-ROCE-ST-leaf-4.GPU.S9825,FourHundredGigE1/0/31,0,0,0,0,0,0
2024/05/24 星期五 00:56:50.523,1716483410523,NH-DC-NM224-J08-ROCE-ST-leaf-4.GPU.S9825,FourHundredGigE1/0/31,1921,651886,1912,652503,0,0
2024/05/24 星期五 00:56:51.027,1716483411027,NH-DC-NM224-J08-ROCE-ST-leaf-4.GPU.S9825,FourHundredGigE1/0/31,0,0,0,0,0,0
2024/05/24 星期五 00:56:52.044,1716483412044,NH-DC-NM224-J08-ROCE-ST-leaf-4.GPU.S9825,FourHundredGigE1/0/31,2196,741308,2140,737573,0,0
2024/05/24 星期五 00:56:52.548,1716483412548,NH-DC-NM224-J08-ROCE-ST-leaf-4.GPU.S9825,FourHundredGigE1/0/31,1381,508212,1674,525008,0,0
2024/05/24 星期五 00:56:53.045,1716483413045,NH-DC-NM224-J08-ROCE-ST-leaf-4.GPU.S9825,FourHundredGigE1/0/31,0,0,0,0,0,0
2024/05/24 星期五 00:56:53.558,1716483413558,NH-DC-NM224-J08-ROCE-ST-leaf-4.GPU.S9825,FourHundredGigE1/0/31,1776,613536,1846,617523,0,0
2024/05/24 星期五 00:56:54.061,1716483414061,NH-DC-NM224-J08-ROCE-ST-leaf-4.GPU.S9825,FourHundredGigE1/0/31,0,0,0,0,0,0
2024/05/24 星期五 00:56:54.561,1716483414561,NH-DC-NM224-J08-ROCE-ST-leaf-4.GPU.S9825,FourHundredGigE1/0/31,1644,582898,1810,591418,0,0
2024/05/24 星期五 00:56:55.062,1716483415062,NH-DC-NM224-J08-ROCE-ST-leaf-4.GPU.S9825,FourHundredGigE1/0/31,0,0,0,0,0,0
2024/05/24 星期五 00:56:55.561,1716483415561,NH-DC-NM224-J08-ROCE-ST-leaf-4.GPU.S9825,FourHundredGigE1/0/31,2132,715907,2059,713371,0,0
2024/05/24 星期五 00:56:56.063,1716483416063,NH-DC-NM224-J08-ROCE-ST-leaf-4.GPU.S9825,FourHundredGigE1/0/31,0,0,0,0,0,0
2024/05/24 星期五 00:56:56.564,1716483416564,NH-DC-NM224-J08-ROCE-ST-leaf-4.GPU.S9825,FourHundredGigE1/0/31,1711,588026,1764,591069,0,0
2024/05/24 星期五 00:56:57.066,1716483417066,NH-DC-NM224-J08-ROCE-ST-leaf-4.GPU.S9825,FourHundredGigE1/0/31,1328,482030,1569,495981,0,0
2024/05/24 星期五 00:56:57.987,1716483417987,NH-DC-NM224-J08-ROCE-ST-leaf-4.GPU.S9825,FourHundredGigE1/0/31,0,0,0,0,0,0
2024/05/24 星期五 00:56:58.503,1716483418503,NH-DC-NM224-J08-ROCE-ST-leaf-4.GPU.S9825,FourHundredGigE1/0/31,3217,996898,2480,955846,0,0
2024/05/24 星期五 00:56:59.005,1716483419005,NH-DC-NM224-J08-ROCE-ST-leaf-4.GPU.S9825,FourHundredGigE1/0/31,0,0,0,0,0,0
2024/05/24 星期五 00:56:59.505,1716483419505,NH-DC-NM224-J08-ROCE-ST-leaf-4.GPU.S9825,FourHundredGigE1/0/31,1995,651709,1802,641475,0,0
2024/05/24 星期五 00:57:00.008,1716483420008,NH-DC-NM224-J08-ROCE-ST-leaf-4.GPU.S9825,FourHundredGigE1/0/31,0,0,0,0,0,0
2024/05/24 星期五 00:57:00.556,1716483420556,NH-DC-NM224-J08-ROCE-ST-leaf-4.GPU.S9825,FourHundredGigE1/0/31,1060,417520,1496,442197,0,0
2024/05/24 星期五 00:57:01.058,1716483421058,NH-DC-NM224-J08-ROCE-ST-leaf-4.GPU.S9825,FourHundredGigE1/0/31,0,0,0,0,0,0
2024/05/24 星期五 00:57:01.557,1716483421557,NH-DC-NM224-J08-ROCE-ST-leaf-4.GPU.S9825,FourHundredGigE1/0/31,1769,610615,1844,619683,0,0
2024/05/24 星期五 00:57:02.058,1716483422058,NH-DC-NM224-J08-ROCE-ST-leaf-4.GPU.S9825,FourHundredGigE1/0/31,0,0,0,0,0,0
2024/05/24 星期五 00:57:02.557,1716483422557,NH-DC-NM224-J08-ROCE-ST-leaf-4.GPU.S9825,FourHundredGigE1/0/31,2550,853558,2422,846778,0,0
2024/05/24 星期五 00:57:03.057,1716483423057,NH-DC-NM224-J08-ROCE-ST-leaf-4.GPU.S9825,FourHundredGigE1/0/31,0,0,0,0,0,0
2024/05/24 星期五 00:57:03.581,1716483423581,NH-DC-NM224-J08-ROCE-ST-leaf-4.GPU.S9825,FourHundredGigE1/0/31,2125,711928,2039,707373,0,0
2024/05/24 星期五 00:57:04.089,1716483424089,NH-DC-NM224-J08-ROCE-ST-leaf-4.GPU.S9825,FourHundredGigE1/0/31,0,0,0,0,0,0
2024/05/24 星期五 00:57:04.591,1716483424591,NH-DC-NM224-J08-ROCE-ST-leaf-4.GPU.S9825,FourHundredGigE1/0/31,1227,452682,1498,467090,0,0
2024/05/24 星期五 00:57:05.094,1716483425094,NH-DC-NM224-J08-ROCE-ST-leaf-4.GPU.S9825,FourHundredGigE1/0/31,0,0,0,0,0,0
2024/05/24 星期五 00:57:05.597,1716483425597,NH-DC-NM224-J08-ROCE-ST-leaf-4.GPU.S9825,FourHundredGigE1/0/31,1734,604622,1844,610976,0,0
2024/05/24 星期五 00:57:06.098,1716483426098,NH-DC-NM224-J08-ROCE-ST-leaf-4.GPU.S9825,FourHundredGigE1/0/31,0,0,0,0,0,0
2024/05/24 星期五 00:57:06.603,1716483426603,NH-DC-NM224-J08-ROCE-ST-leaf-4.GPU.S9825,FourHundredGigE1/0/31,1954,666979,1975,673405,0,0
2024/05/24 星期五 00:57:07.105,1716483427105,NH-DC-NM224-J08-ROCE-ST-leaf-4.GPU.S9825,FourHundredGigE1/0/31,0,0,0,0,0,0
2024/05/24 星期五 00:57:07.630,1716483427630,NH-DC-NM224-J08-ROCE-ST-leaf-4.GPU.S9825,FourHundredGigE1/0/31,1769,611838,1846,616411,0,0
2024/05/24 星期五 00:57:08.130,1716483428130,NH-DC-NM224-J08-ROCE-ST-leaf-4.GPU.S9825,FourHundredGigE1/0/31,0,0,0,0,0,0
2024/05/24 星期五 00:57:08.630,1716483428630,NH-DC-NM224-J08-ROCE-ST-leaf-4.GPU.S9825,FourHundredGigE1/0/31,2003,693278,2082,698116,0,0
2024/05/24 星期五 00:57:09.130,1716483429130,NH-DC-NM224-J08-ROCE-ST-leaf-4.GPU.S9825,FourHundredGigE1/0/31,0,0,0,0,0,0
2024/05/24 星期五 00:57:09.630,1716483429630,NH-DC-NM224-J08-ROCE-ST-leaf-4.GPU.S9825,FourHundredGigE1/0/31,979,380688,1364,401440,0,0
2024/05/24 星期五 00:57:10.130,1716483430130,NH-DC-NM224-J08-ROCE-ST-leaf-4.GPU.S9825,FourHundredGigE1/0/31,0,0,0,0,0,0
2024/05/24 星期五 00:57:10.634,1716483430634,NH-DC-NM224-J08-ROCE-ST-leaf-4.GPU.S9825,FourHundredGigE1/0/31,1530,570906,1914,592725,0,0
2024/05/24 星期五 00:57:11.139,1716483431139,NH-DC-NM224-J08-ROCE-ST-leaf-4.GPU.S9825,FourHundredGigE1/0/31,0,0,0,0,0,0
2024/05/24 星期五 00:57:11.642,1716483431642,NH-DC-NM224-J08-ROCE-ST-leaf-4.GPU.S9825,FourHundredGigE1/0/31,3370,1078166,2823,1047601,0,0
2024/05/24 星期五 00:57:12.161,1716483432161,NH-DC-NM224-J08-ROCE-ST-leaf-4.GPU.S9825,FourHundredGigE1/0/31,0,0,0,0,0,0
2024/05/24 星期五 00:57:12.665,1716483432665,NH-DC-NM224-J08-ROCE-ST-leaf-4.GPU.S9825,FourHundredGigE1/0/31,1802,626388,1899,632014,0,0
2024/05/24 星期五 00:57:13.166,1716483433166,NH-DC-NM224-J08-ROCE-ST-leaf-4.GPU.S9825,FourHundredGigE1/0/31,0,0,0,0,0,0
2024/05/24 星期五 00:57:13.674,1716483433674,NH-DC-NM224-J08-ROCE-ST-leaf-4.GPU.S9825,FourHundredGigE1/0/31,1633,582768,1837,594647,0,0
2024/05/24 星期五 00:57:14.176,1716483434176,NH-DC-NM224-J08-ROCE-ST-leaf-4.GPU.S9825,FourHundredGigE1/0/31,0,0,0,0,0,0
2024/05/24 星期五 00:57:14.674,1716483434674,NH-DC-NM224-J08-ROCE-ST-leaf-4.GPU.S9825,FourHundredGigE1/0/31,1112,402872,1313,413352,0,0
2024/05/24 星期五 00:57:15.174,1716483435174,NH-DC-NM224-J08-ROCE-ST-leaf-4.GPU.S9825,FourHundredGigE1/0/31,0,0,0,0,0,0
2024/05/24 星期五 00:57:15.677,1716483435677,NH-DC-NM224-J08-ROCE-ST-leaf-4.GPU.S9825,FourHundredGigE1/0/31,2024,630936,1623,608674,0,0
2024/05/24 星期五 00:57:16.179,1716483436179,NH-DC-NM224-J08-ROCE-ST-leaf-4.GPU.S9825,FourHundredGigE1/0/31,0,0,0,0,0,0
2024/05/24 星期五 00:57:16.681,1716483436681,NH-DC-NM224-J08-ROCE-ST-leaf-4.GPU.S9825,FourHundredGigE1/0/31,1760,608728,1838,613171,0,0
2024/05/24 星期五 00:57:17.184,1716483437184,NH-DC-NM224-J08-ROCE-ST-leaf-4.GPU.S9825,FourHundredGigE1/0/31,0,0,0,0,0,0
2024/05/24 星期五 00:57:17.684,1716483437684,NH-DC-NM224-J08-ROCE-ST-leaf-4.GPU.S9825,FourHundredGigE1/0/31,1348,515992,1772,539997,0,0
2024/05/24 星期五 00:57:18.186,1716483438186,NH-DC-NM224-J08-ROCE-ST-leaf-4.GPU.S9825,FourHundredGigE1/0/31,0,0,0,0,0,0
2024/05/24 星期五 00:57:18.685,1716483438685,NH-DC-NM224-J08-ROCE-ST-leaf-4.GPU.S9825,FourHundredGigE1/0/31,2680,868284,2344,849882,0,0
2024/05/24 星期五 00:57:19.187,1716483439187,NH-DC-NM224-J08-ROCE-ST-leaf-4.GPU.S9825,FourHundredGigE1/0/31,0,0,0,0,0,0
2024/05/24 星期五 00:57:19.685,1716483439685,NH-DC-NM224-J08-ROCE-ST-leaf-4.GPU.S9825,FourHundredGigE1/0/31,1687,566034,1635,562346,0,0
2024/05/24 星期五 00:57:20.186,1716483440186,NH-DC-NM224-J08-ROCE-ST-leaf-4.GPU.S9825,FourHundredGigE1/0/31,0,0,0,0,0,0
2024/05/24 星期五 00:57:20.689,1716483440689,NH-DC-NM224-J08-ROCE-ST-leaf-4.GPU.S9825,FourHundredGigE1/0/31,1421,516138,1673,530529,0,0
2024/05/24 星期五 00:57:21.194,1716483441194,NH-DC-NM224-J08-ROCE-ST-leaf-4.GPU.S9825,FourHundredGigE1/0/31,0,0,0,0,0,0
2024/05/24 星期五 00:57:21.693,1716483441693,NH-DC-NM224-J08-ROCE-ST-leaf-4.GPU.S9825,FourHundredGigE1/0/31,1836,621276,1816,620223,0,0
2024/05/24 星期五 00:57:22.197,1716483442197,NH-DC-NM224-J08-ROCE-ST-leaf-4.GPU.S9825,FourHundredGigE1/0/31,0,0,0,0,0,0
2024/05/24 星期五 00:57:22.698,1716483442698,NH-DC-NM224-J08-ROCE-ST-leaf-4.GPU.S9825,FourHundredGigE1/0/31,616,277900,1153,308166,0,0
2024/05/24 星期五 00:57:23.212,1716483443212,NH-DC-NM224-J08-ROCE-ST-leaf-4.GPU.S9825,FourHundredGigE1/0/31,0,0,0,0,0,0
2024/05/24 星期五 00:57:23.712,1716483443712,NH-DC-NM224-J08-ROCE-ST-leaf-4.GPU.S9825,FourHundredGigE1/0/31,3260,1046618,2763,1019241,0,0
2024/05/24 星期五 00:57:24.231,1716483444231,NH-DC-NM224-J08-ROCE-ST-leaf-4.GPU.S9825,FourHundredGigE1/0/31,0,0,0,0,0,0
2024/05/24 星期五 00:57:24.729,1716483444729,NH-DC-NM224-J08-ROCE-ST-leaf-4.GPU.S9825,FourHundredGigE1/0/31,1747,643416,2082,661400,0,0
2024/05/24 星期五 00:57:25.230,1716483445230,NH-DC-NM224-J08-ROCE-ST-leaf-4.GPU.S9825,FourHundredGigE1/0/31,0,0,0,0,0,0
2024/05/24 星期五 00:57:25.729,1716483445729,NH-DC-NM224-J08-ROCE-ST-leaf-4.GPU.S9825,FourHundredGigE1/0/31,1203,493848,1818,528288,0,0
2024/05/24 星期五 00:57:26.229,1716483446229,NH-DC-NM224-J08-ROCE-ST-leaf-4.GPU.S9825,FourHundredGigE1/0/31,0,0,0,0,0,0
2024/05/24 星期五 00:57:26.734,1716483446734,NH-DC-NM224-J08-ROCE-ST-leaf-4.GPU.S9825,FourHundredGigE1/0/31,2702,920784,2674,919485,0,0
2024/05/24 星期五 00:57:27.235,1716483447235,NH-DC-NM224-J08-ROCE-ST-leaf-4.GPU.S9825,FourHundredGigE1/0/31,0,0,0,0,0,0
2024/05/24 星期五 00:57:27.741,1716483447741,NH-DC-NM224-J08-ROCE-ST-leaf-4.GPU.S9825,FourHundredGigE1/0/31,2240,734574,2035,723355,0,0
2024/05/24 星期五 00:57:28.252,1716483448252,NH-DC-NM224-J08-ROCE-ST-leaf-4.GPU.S9825,FourHundredGigE1/0/31,0,0,0,0,0,0
2024/05/24 星期五 00:57:28.750,1716483448750,NH-DC-NM224-J08-ROCE-ST-leaf-4.GPU.S9825,FourHundredGigE1/0/31,2521,784482,1990,755160,0,0
2024/05/24 星期五 00:57:29.250,1716483449250,NH-DC-NM224-J08-ROCE-ST-leaf-4.GPU.S9825,FourHundredGigE1/0/31,1678,578232,1731,580424,0,0
2024/05/24 星期五 00:57:29.751,1716483449751,NH-DC-NM224-J08-ROCE-ST-leaf-4.GPU.S9825,FourHundredGigE1/0/31,0,0,0,0,0,0
2024/05/24 星期五 00:57:30.250,1716483450250,NH-DC-NM224-J08-ROCE-ST-leaf-4.GPU.S9825,FourHundredGigE1/0/31,0,0,0,0,0,0
2024/05/24 星期五 00:57:30.753,1716483450753,NH-DC-NM224-J08-ROCE-ST-leaf-4.GPU.S9825,FourHundredGigE1/0/31,2092,697338,1975,689133,0,0
2024/05/24 星期五 00:57:31.259,1716483451259,NH-DC-NM224-J08-ROCE-ST-leaf-4.GPU.S9825,FourHundredGigE1/0/31,0,0,0,0,0,0
2024/05/24 星期五 00:57:32.207,1716483452207,NH-DC-NM224-J08-ROCE-ST-leaf-4.GPU.S9825,FourHundredGigE1/0/31,3236,1027778,2673,998231,0,0
2024/05/24 星期五 00:57:32.710,1716483452710,NH-DC-NM224-J08-ROCE-ST-leaf-4.GPU.S9825,FourHundredGigE1/0/31,1397,509100,1656,523798,0,0
2024/05/24 星期五 00:57:33.209,1716483453209,NH-DC-NM224-J08-ROCE-ST-leaf-4.GPU.S9825,FourHundredGigE1/0/31,0,0,0,0,0,0
2024/05/24 星期五 00:57:33.711,1716483453711,NH-DC-NM224-J08-ROCE-ST-leaf-4.GPU.S9825,FourHundredGigE1/0/31,1812,597610,1692,591775,0,0
2024/05/24 星期五 00:57:34.214,1716483454214,NH-DC-NM224-J08-ROCE-ST-leaf-4.GPU.S9825,FourHundredGigE1/0/31,0,0,0,0,0,0
2024/05/24 星期五 00:57:34.713,1716483454713,NH-DC-NM224-J08-ROCE-ST-leaf-4.GPU.S9825,FourHundredGigE1/0/31,1186,480592,1740,510216,0,0
2024/05/24 星期五 00:57:35.227,1716483455227,NH-DC-NM224-J08-ROCE-ST-leaf-4.GPU.S9825,FourHundredGigE1/0/31,0,0,0,0,0,0
2024/05/24 星期五 00:57:35.726,1716483455726,NH-DC-NM224-J08-ROCE-ST-leaf-4.GPU.S9825,FourHundredGigE1/0/31,1364,487625,1560,502698,0,0
2024/05/24 星期五 00:57:36.225,1716483456225,NH-DC-NM224-J08-ROCE-ST-leaf-4.GPU.S9825,FourHundredGigE1/0/31,0,0,0,0,0,0
2024/05/24 星期五 00:57:36.734,1716483456734,NH-DC-NM224-J08-ROCE-ST-leaf-4.GPU.S9825,FourHundredGigE1/0/31,3171,1019756,2704,994239,0,0
2024/05/24 星期五 00:57:37.234,1716483457234,NH-DC-NM224-J08-ROCE-ST-leaf-4.GPU.S9825,FourHundredGigE1/0/31,0,0,0,0,0,0
2024/05/24 星期五 00:57:37.733,1716483457733,NH-DC-NM224-J08-ROCE-ST-leaf-4.GPU.S9825,FourHundredGigE1/0/31,2184,692894,1827,673163,0,0
2024/05/24 星期五 00:57:38.233,1716483458233,NH-DC-NM224-J08-ROCE-ST-leaf-4.GPU.S9825,FourHundredGigE1/0/31,0,0,0,0,0,0
2024/05/24 星期五 00:57:38.734,1716483458734,NH-DC-NM224-J08-ROCE-ST-leaf-4.GPU.S9825,FourHundredGigE1/0/31,3221,1014650,2598,980176,0,0
2024/05/24 星期五 00:57:39.233,1716483459233,NH-DC-NM224-J08-ROCE-ST-leaf-4.GPU.S9825,FourHundredGigE1/0/31,1788,628622,1922,635156,0,0
2024/05/24 星期五 00:57:39.733,1716483459733,NH-DC-NM224-J08-ROCE-ST-leaf-4.GPU.S9825,FourHundredGigE1/0/31,0,0,0,0,0,0
2024/05/24 星期五 00:57:40.248,1716483460248,NH-DC-NM224-J08-ROCE-ST-leaf-4.GPU.S9825,FourHundredGigE1/0/31,0,0,0,0,0,0
2024/05/24 星期五 00:57:40.747,1716483460747,NH-DC-NM224-J08-ROCE-ST-leaf-4.GPU.S9825,FourHundredGigE1/0/31,1653,594913,1896,613620,0,0
2024/05/24 星期五 00:57:41.265,1716483461265,NH-DC-NM224-J08-ROCE-ST-leaf-4.GPU.S9825,FourHundredGigE1/0/31,0,0,0,0,0,0
2024/05/24 星期五 00:57:41.765,1716483461765,NH-DC-NM224-J08-ROCE-ST-leaf-4.GPU.S9825,FourHundredGigE1/0/31,1897,660178,2000,666207,0,0
2024/05/24 星期五 00:57:42.266,1716483462266,NH-DC-NM224-J08-ROCE-ST-leaf-4.GPU.S9825,FourHundredGigE1/0/31,0,0,0,0,0,0
2024/05/24 星期五 00:57:43.230,1716483463230,NH-DC-NM224-J08-ROCE-ST-leaf-4.GPU.S9825,FourHundredGigE1/0/31,1654,593134,1876,605760,0,0
2024/05/24 星期五 00:57:43.729,1716483463729,NH-DC-NM224-J08-ROCE-ST-leaf-4.GPU.S9825,FourHundredGigE1/0/31,3123,1020112,2771,1000855,0,0
2024/05/24 星期五 00:57:44.229,1716483464229,NH-DC-NM224-J08-ROCE-ST-leaf-4.GPU.S9825,FourHundredGigE1/0/31,0,0,0,0,0,0
2024/05/24 星期五 00:57:44.729,1716483464729,NH-DC-NM224-J08-ROCE-ST-leaf-4.GPU.S9825,FourHundredGigE1/0/31,2150,730362,2118,727600,0,0
2024/05/24 星期五 00:57:45.229,1716483465229,NH-DC-NM224-J08-ROCE-ST-leaf-4.GPU.S9825,FourHundredGigE1/0/31,0,0,0,0,0,0
2024/05/24 星期五 00:57:45.792,1716483465792,NH-DC-NM224-J08-ROCE-ST-leaf-4.GPU.S9825,FourHundredGigE1/0/31,1953,630026,1715,616892,0,0
2024/05/24 星期五 00:57:46.312,1716483466312,NH-DC-NM224-J08-ROCE-ST-leaf-4.GPU.S9825,FourHundredGigE1/0/31,2469,804368,2199,789517,0,0
2024/05/24 星期五 00:57:46.813,1716483466813,NH-DC-NM224-J08-ROCE-ST-leaf-4.GPU.S9825,FourHundredGigE1/0/31,0,0,0,0,0,0
2024/05/24 星期五 00:57:47.314,1716483467314,NH-DC-NM224-J08-ROCE-ST-leaf-4.GPU.S9825,FourHundredGigE1/0/31,0,0,0,0,0,0
2024/05/24 星期五 00:57:47.814,1716483467814,NH-DC-NM224-J08-ROCE-ST-leaf-4.GPU.S9825,FourHundredGigE1/0/31,1425,527336,1749,546323,0,0
2024/05/24 星期五 00:57:48.314,1716483468314,NH-DC-NM224-J08-ROCE-ST-leaf-4.GPU.S9825,FourHundredGigE1/0/31,0,0,0,0,0,0
2024/05/24 星期五 00:57:48.818,1716483468818,NH-DC-NM224-J08-ROCE-ST-leaf-4.GPU.S9825,FourHundredGigE1/0/31,2358,754338,2011,735514,0,0
2024/05/24 星期五 00:57:49.318,1716483469318,NH-DC-NM224-J08-ROCE-ST-leaf-4.GPU.S9825,FourHundredGigE1/0/31,835,317678,1103,330940,0,0
2024/05/24 星期五 00:57:49.822,1716483469822,NH-DC-NM224-J08-ROCE-ST-leaf-4.GPU.S9825,FourHundredGigE1/0/31,0,0,0,0,0,0
2024/05/24 星期五 00:57:50.323,1716483470323,NH-DC-NM224-J08-ROCE-ST-leaf-4.GPU.S9825,FourHundredGigE1/0/31,775,356446,1472,395739,0,0
2024/05/24 星期五 00:57:50.822,1716483470822,NH-DC-NM224-J08-ROCE-ST-leaf-4.GPU.S9825,FourHundredGigE1/0/31,0,0,0,0,0,0
2024/05/24 星期五 00:57:51.334,1716483471334,NH-DC-NM224-J08-ROCE-ST-leaf-4.GPU.S9825,FourHundredGigE1/0/31,1856,663576,2080,676381,0,0
2024/05/24 星期五 00:57:51.834,1716483471834,NH-DC-NM224-J08-ROCE-ST-leaf-4.GPU.S9825,FourHundredGigE1/0/31,0,0,0,0,0,0
2024/05/24 星期五 00:57:52.763,1716483472763,NH-DC-NM224-J08-ROCE-ST-leaf-4.GPU.S9825,FourHundredGigE1/0/31,2374,780622,2164,769056,0,0
2024/05/24 星期五 00:57:53.265,1716483473265,NH-DC-NM224-J08-ROCE-ST-leaf-4.GPU.S9825,FourHundredGigE1/0/31,0,0,0,0,0,0
2024/05/24 星期五 00:57:53.765,1716483473765,NH-DC-NM224-J08-ROCE-ST-leaf-4.GPU.S9825,FourHundredGigE1/0/31,1704,581488,1730,583399,0,0
2024/05/24 星期五 00:57:54.266,1716483474266,NH-DC-NM224-J08-ROCE-ST-leaf-4.GPU.S9825,FourHundredGigE1/0/31,0,0,0,0,0,0
2024/05/24 星期五 00:57:54.766,1716483474766,NH-DC-NM224-J08-ROCE-ST-leaf-4.GPU.S9825,FourHundredGigE1/0/31,2652,843446,2198,817052,0,0
2024/05/24 星期五 00:57:55.290,1716483475290,NH-DC-NM224-J08-ROCE-ST-leaf-4.GPU.S9825,FourHundredGigE1/0/31,2088,695402,1976,689324,0,0
2024/05/24 星期五 00:57:56.430,1716483476430,NH-DC-NM224-J08-ROCE-ST-leaf-4.GPU.S9825,FourHundredGigE1/0/31,1984,692757,2109,701384,0,0
2024/05/24 星期五 00:57:56.933,1716483476933,NH-DC-NM224-J08-ROCE-ST-leaf-4.GPU.S9825,FourHundredGigE1/0/31,0,0,0,0,0,0
2024/05/24 星期五 00:57:59.442,1716483479442,NH-DC-NM224-J08-ROCE-ST-leaf-4.GPU.S9825,FourHundredGigE1/0/31,5397,1873017,5666,1889152,0,0
2024/05/24 星期五 00:57:59.949,1716483479949,NH-DC-NM224-J08-ROCE-ST-leaf-4.GPU.S9825,FourHundredGigE1/0/31,0,0,0,0,0,0
2024/05/24 星期五 00:58:00.450,1716483480450,NH-DC-NM224-J08-ROCE-ST-leaf-4.GPU.S9825,FourHundredGigE1/0/31,3504,1094876,2754,1053137,0,0
2024/05/24 星期五 00:58:00.953,1716483480953,NH-DC-NM224-J08-ROCE-ST-leaf-4.GPU.S9825,FourHundredGigE1/0/31,0,0,0,0,0,0
2024/05/24 星期五 00:58:01.455,1716483481455,NH-DC-NM224-J08-ROCE-ST-leaf-4.GPU.S9825,FourHundredGigE1/0/31,0,0,0,0,0,0
2024/05/24 星期五 00:58:01.956,1716483481956,NH-DC-NM224-J08-ROCE-ST-leaf-4.GPU.S9825,FourHundredGigE1/0/31,4149,1304607,3323,1265361,0,0
2024/05/24 星期五 00:58:02.457,1716483482457,NH-DC-NM224-J08-ROCE-ST-leaf-4.GPU.S9825,FourHundredGigE1/0/31,0,0,0,0,0,0
2024/05/24 星期五 00:58:02.960,1716483482960,NH-DC-NM224-J08-ROCE-ST-leaf-4.GPU.S9825,FourHundredGigE1/0/31,2433,828658,2425,829762,0,0
2024/05/24 星期五 00:58:03.796,1716483483796,NH-DC-NM224-J08-ROCE-ST-leaf-4.GPU.S9825,FourHundredGigE1/0/31,0,0,0,0,0,0
2024/05/24 星期五 00:58:04.298,1716483484298,NH-DC-NM224-J08-ROCE-ST-leaf-4.GPU.S9825,FourHundredGigE1/0/31,3426,1127446,3147,1108017,0,0
2024/05/24 星期五 00:58:04.798,1716483484798,NH-DC-NM224-J08-ROCE-ST-leaf-4.GPU.S9825,FourHundredGigE1/0/31,0,0,0,0,0,0
2024/05/24 星期五 00:58:05.297,1716483485297,NH-DC-NM224-J08-ROCE-ST-leaf-4.GPU.S9825,FourHundredGigE1/0/31,1500,563486,1886,585296,0,0
2024/05/24 星期五 00:58:05.798,1716483485798,NH-DC-NM224-J08-ROCE-ST-leaf-4.GPU.S9825,FourHundredGigE1/0/31,0,0,0,0,0,0
2024/05/24 星期五 00:58:06.296,1716483486296,NH-DC-NM224-J08-ROCE-ST-leaf-4.GPU.S9825,FourHundredGigE1/0/31,0,0,0,0,0,0
2024/05/24 星期五 00:58:06.818,1716483486818,NH-DC-NM224-J08-ROCE-ST-leaf-4.GPU.S9825,FourHundredGigE1/0/31,1601,575387,1838,594103,0,0
2024/05/24 星期五 00:58:07.322,1716483487322,NH-DC-NM224-J08-ROCE-ST-leaf-4.GPU.S9825,FourHundredGigE1/0/31,0,0,0,0,0,0
2024/05/24 星期五 00:58:07.826,1716483487826,NH-DC-NM224-J08-ROCE-ST-leaf-4.GPU.S9825,FourHundredGigE1/0/31,1811,626454,1888,631027,0,0
2024/05/24 星期五 00:58:08.326,1716483488326,NH-DC-NM224-J08-ROCE-ST-leaf-4.GPU.S9825,FourHundredGigE1/0/31,1359,479824,1511,488750,0,0
2024/05/24 星期五 00:58:08.826,1716483488826,NH-DC-NM224-J08-ROCE-ST-leaf-4.GPU.S9825,FourHundredGigE1/0/31,0,0,0,0,0,0
2024/05/24 星期五 00:58:09.326,1716483489326,NH-DC-NM224-J08-ROCE-ST-leaf-4.GPU.S9825,FourHundredGigE1/0/31,1889,622014,1737,612532,0,0
2024/05/24 星期五 00:58:09.825,1716483489825,NH-DC-NM224-J08-ROCE-ST-leaf-4.GPU.S9825,FourHundredGigE1/0/31,0,0,0,0,0,0
2024/05/24 星期五 00:58:10.331,1716483490331,NH-DC-NM224-J08-ROCE-ST-leaf-4.GPU.S9825,FourHundredGigE1/0/31,2835,916970,2480,897319,0,0
2024/05/24 星期五 00:58:10.830,1716483490830,NH-DC-NM224-J08-ROCE-ST-leaf-4.GPU.S9825,FourHundredGigE1/0/31,0,0,0,0,0,0
2024/05/24 星期五 00:58:11.333,1716483491333,NH-DC-NM224-J08-ROCE-ST-leaf-4.GPU.S9825,FourHundredGigE1/0/31,0,0,0,0,0,0
2024/05/24 星期五 00:58:11.834,1716483491834,NH-DC-NM224-J08-ROCE-ST-leaf-4.GPU.S9825,FourHundredGigE1/0/31,2906,936652,2527,916907,0,0
2024/05/24 星期五 00:58:12.334,1716483492334,NH-DC-NM224-J08-ROCE-ST-leaf-4.GPU.S9825,FourHundredGigE1/0/31,0,0,0,0,0,0
2024/05/24 星期五 00:58:12.834,1716483492834,NH-DC-NM224-J08-ROCE-ST-leaf-4.GPU.S9825,FourHundredGigE1/0/31,1929,662400,1968,664584,0,0
2024/05/24 星期五 00:58:13.354,1716483493354,NH-DC-NM224-J08-ROCE-ST-leaf-4.GPU.S9825,FourHundredGigE1/0/31,0,0,0,0,0,0
2024/05/24 星期五 00:58:13.857,1716483493857,NH-DC-NM224-J08-ROCE-ST-leaf-4.GPU.S9825,FourHundredGigE1/0/31,0,0,0,0,0,0
2024/05/24 星期五 00:58:14.357,1716483494357,NH-DC-NM224-J08-ROCE-ST-leaf-4.GPU.S9825,FourHundredGigE1/0/31,4471,1483018,4157,1463949,0,0
2024/05/24 星期五 00:58:14.859,1716483494859,NH-DC-NM224-J08-ROCE-ST-leaf-4.GPU.S9825,FourHundredGigE1/0/31,0,0,0,0,0,0
2024/05/24 星期五 00:58:15.358,1716483495358,NH-DC-NM224-J08-ROCE-ST-leaf-4.GPU.S9825,FourHundredGigE1/0/31,2545,832684,2284,818262,0,0
2024/05/24 星期五 00:58:15.868,1716483495868,NH-DC-NM224-J08-ROCE-ST-leaf-4.GPU.S9825,FourHundredGigE1/0/31,0,0,0,0,0,0
2024/05/24 星期五 00:58:16.369,1716483496369,NH-DC-NM224-J08-ROCE-ST-leaf-4.GPU.S9825,FourHundredGigE1/0/31,2172,747878,2223,751003,0,0
2024/05/24 星期五 00:58:16.869,1716483496869,NH-DC-NM224-J08-ROCE-ST-leaf-4.GPU.S9825,FourHundredGigE1/0/31,0,0,0,0,0,0
2024/05/24 星期五 00:58:17.374,1716483497374,NH-DC-NM224-J08-ROCE-ST-leaf-4.GPU.S9825,FourHundredGigE1/0/31,0,0,0,0,0,0
2024/05/24 星期五 00:58:17.873,1716483497873,NH-DC-NM224-J08-ROCE-ST-leaf-4.GPU.S9825,FourHundredGigE1/0/31,1120,442366,1589,469473,0,0
2024/05/24 星期五 00:58:18.374,1716483498374,NH-DC-NM224-J08-ROCE-ST-leaf-4.GPU.S9825,FourHundredGigE1/0/31,0,0,0,0,0,0
2024/05/24 星期五 00:58:18.877,1716483498877,NH-DC-NM224-J08-ROCE-ST-leaf-4.GPU.S9825,FourHundredGigE1/0/31,2746,891252,2410,872850,0,0
2024/05/24 星期五 00:58:19.378,1716483499378,NH-DC-NM224-J08-ROCE-ST-leaf-4.GPU.S9825,FourHundredGigE1/0/31,1361,497368,1606,509342,0,0
2024/05/24 星期五 00:58:19.889,1716483499889,NH-DC-NM224-J08-ROCE-ST-leaf-4.GPU.S9825,FourHundredGigE1/0/31,0,0,0,0,0,0
2024/05/24 星期五 00:58:20.389,1716483500389,NH-DC-NM224-J08-ROCE-ST-leaf-4.GPU.S9825,FourHundredGigE1/0/31,994,386238,1375,408029,0,0
2024/05/24 星期五 00:58:20.889,1716483500889,NH-DC-NM224-J08-ROCE-ST-leaf-4.GPU.S9825,FourHundredGigE1/0/31,0,0,0,0,0,0
2024/05/24 星期五 00:58:21.394,1716483501394,NH-DC-NM224-J08-ROCE-ST-leaf-4.GPU.S9825,FourHundredGigE1/0/31,0,0,0,0,0,0
2024/05/24 星期五 00:58:21.896,1716483501896,NH-DC-NM224-J08-ROCE-ST-leaf-4.GPU.S9825,FourHundredGigE1/0/31,2021,698690,2100,704151,0,0
2024/05/24 星期五 00:58:22.401,1716483502401,NH-DC-NM224-J08-ROCE-ST-leaf-4.GPU.S9825,FourHundredGigE1/0/31,0,0,0,0,0,0
2024/05/24 星期五 00:58:22.905,1716483502905,NH-DC-NM224-J08-ROCE-ST-leaf-4.GPU.S9825,FourHundredGigE1/0/31,1778,654932,2153,678648,0,0
2024/05/24 星期五 00:58:23.406,1716483503406,NH-DC-NM224-J08-ROCE-ST-leaf-4.GPU.S9825,FourHundredGigE1/0/31,0,0,0,0,0,0
2024/05/24 星期五 00:58:23.918,1716483503918,NH-DC-NM224-J08-ROCE-ST-leaf-4.GPU.S9825,FourHundredGigE1/0/31,0,0,0,0,0,0
2024/05/24 星期五 00:58:24.417,1716483504417,NH-DC-NM224-J08-ROCE-ST-leaf-4.GPU.S9825,FourHundredGigE1/0/31,4059,1292088,3394,1250841,0,0
2024/05/24 星期五 00:58:24.917,1716483504917,NH-DC-NM224-J08-ROCE-ST-leaf-4.GPU.S9825,FourHundredGigE1/0/31,0,0,0,0,0,0
2024/05/24 星期五 00:58:25.418,1716483505418,NH-DC-NM224-J08-ROCE-ST-leaf-4.GPU.S9825,FourHundredGigE1/0/31,1812,630022,1912,636010,0,0
2024/05/24 星期五 00:58:25.919,1716483505919,NH-DC-NM224-J08-ROCE-ST-leaf-4.GPU.S9825,FourHundredGigE1/0/31,0,0,0,0,0,0
2024/05/24 星期五 00:58:26.424,1716483506424,NH-DC-NM224-J08-ROCE-ST-leaf-4.GPU.S9825,FourHundredGigE1/0/31,3077,996064,2664,971923,0,0
2024/05/24 星期五 00:58:26.925,1716483506925,NH-DC-NM224-J08-ROCE-ST-leaf-4.GPU.S9825,FourHundredGigE1/0/31,0,0,0,0,0,0
2024/05/24 星期五 00:58:30.380,1716483510380,NH-DC-NM224-J08-ROCE-ST-leaf-4.GPU.S9825,FourHundredGigE1/0/31,6709,2381678,7438,2423750,0,0
2024/05/24 星期五 00:58:30.883,1716483510883,NH-DC-NM224-J08-ROCE-ST-leaf-4.GPU.S9825,FourHundredGigE1/0/31,0,0,0,0,0,0
2024/05/24 星期五 00:58:31.385,1716483511385,NH-DC-NM224-J08-ROCE-ST-leaf-4.GPU.S9825,FourHundredGigE1/0/31,3113,999834,2644,973831,0,0
2024/05/24 星期五 00:58:31.885,1716483511885,NH-DC-NM224-J08-ROCE-ST-leaf-4.GPU.S9825,FourHundredGigE1/0/31,0,0,0,0,0,0
2024/05/24 星期五 00:58:32.385,1716483512385,NH-DC-NM224-J08-ROCE-ST-leaf-4.GPU.S9825,FourHundredGigE1/0/31,1134,452754,1632,480642,0,0
2024/05/24 星期五 00:58:32.897,1716483512897,NH-DC-NM224-J08-ROCE-ST-leaf-4.GPU.S9825,FourHundredGigE1/0/31,0,0,0,0,0,0
2024/05/24 星期五 00:58:33.400,1716483513400,NH-DC-NM224-J08-ROCE-ST-leaf-4.GPU.S9825,FourHundredGigE1/0/31,2840,927606,2527,910339,0,0
2024/05/24 星期五 00:58:33.899,1716483513899,NH-DC-NM224-J08-ROCE-ST-leaf-4.GPU.S9825,FourHundredGigE1/0/31,0,0,0,0,0,0
2024/05/24 星期五 00:58:34.401,1716483514401,NH-DC-NM224-J08-ROCE-ST-leaf-4.GPU.S9825,FourHundredGigE1/0/31,1460,498572,1487,499308,0,0
2024/05/24 星期五 00:58:34.904,1716483514904,NH-DC-NM224-J08-ROCE-ST-leaf-4.GPU.S9825,FourHundredGigE1/0/31,0,0,0,0,0,0
2024/05/24 星期五 00:58:35.406,1716483515406,NH-DC-NM224-J08-ROCE-ST-leaf-4.GPU.S9825,FourHundredGigE1/0/31,1974,671944,1975,672388,0,0
2024/05/24 星期五 00:58:35.906,1716483515906,NH-DC-NM224-J08-ROCE-ST-leaf-4.GPU.S9825,FourHundredGigE1/0/31,0,0,0,0,0,0
2024/05/24 星期五 00:58:36.419,1716483516419,NH-DC-NM224-J08-ROCE-ST-leaf-4.GPU.S9825,FourHundredGigE1/0/31,3319,1064398,2805,1036249,0,0
2024/05/24 星期五 00:58:36.920,1716483516920,NH-DC-NM224-J08-ROCE-ST-leaf-4.GPU.S9825,FourHundredGigE1/0/31,0,0,0,0,0,0
2024/05/24 星期五 00:58:37.417,1716483517417,NH-DC-NM224-J08-ROCE-ST-leaf-4.GPU.S9825,FourHundredGigE1/0/31,0,0,0,0,0,0
2024/05/24 星期五 00:58:37.930,1716483517930,NH-DC-NM224-J08-ROCE-ST-leaf-4.GPU.S9825,FourHundredGigE1/0/31,1803,664136,2163,685139,0,0
2024/05/24 星期五 00:58:38.433,1716483518433,NH-DC-NM224-J08-ROCE-ST-leaf-4.GPU.S9825,FourHundredGigE1/0/31,0,0,0,0,0,0
2024/05/24 星期五 00:58:38.935,1716483518935,NH-DC-NM224-J08-ROCE-ST-leaf-4.GPU.S9825,FourHundredGigE1/0/31,1027,406482,1468,431592,0,0
2024/05/24 星期五 00:58:39.437,1716483519437,NH-DC-NM224-J08-ROCE-ST-leaf-4.GPU.S9825,FourHundredGigE1/0/31,1527,534258,1629,538224,0,0
2024/05/24 星期五 00:58:39.938,1716483519938,NH-DC-NM224-J08-ROCE-ST-leaf-4.GPU.S9825,FourHundredGigE1/0/31,0,0,0,0,0,0
2024/05/24 星期五 00:58:40.438,1716483520438,NH-DC-NM224-J08-ROCE-ST-leaf-4.GPU.S9825,FourHundredGigE1/0/31,2248,733361,2022,725796,0,0
2024/05/24 星期五 00:58:40.941,1716483520941,NH-DC-NM224-J08-ROCE-ST-leaf-4.GPU.S9825,FourHundredGigE1/0/31,0,0,0,0,0,0
2024/05/24 星期五 00:58:41.444,1716483521444,NH-DC-NM224-J08-ROCE-ST-leaf-4.GPU.S9825,FourHundredGigE1/0/31,2806,911280,2470,893501,0,0
2024/05/24 星期五 00:58:41.946,1716483521946,NH-DC-NM224-J08-ROCE-ST-leaf-4.GPU.S9825,FourHundredGigE1/0/31,0,0,0,0,0,0
2024/05/24 星期五 00:58:42.446,1716483522446,NH-DC-NM224-J08-ROCE-ST-leaf-4.GPU.S9825,FourHundredGigE1/0/31,0,0,0,0,0,0
2024/05/24 星期五 00:58:42.966,1716483522966,NH-DC-NM224-J08-ROCE-ST-leaf-4.GPU.S9825,FourHundredGigE1/0/31,3136,980552,2483,944566,0,0
2024/05/24 星期五 00:58:43.469,1716483523469,NH-DC-NM224-J08-ROCE-ST-leaf-4.GPU.S9825,FourHundredGigE1/0/31,0,0,0,0,0,0
2024/05/24 星期五 00:58:43.996,1716483523996,NH-DC-NM224-J08-ROCE-ST-leaf-4.GPU.S9825,FourHundredGigE1/0/31,2228,784352,2412,796857,0,0
2024/05/24 星期五 00:58:44.497,1716483524497,NH-DC-NM224-J08-ROCE-ST-leaf-4.GPU.S9825,FourHundredGigE1/0/31,606,238190,854,248198,0,0
2024/05/24 星期五 00:58:44.998,1716483524998,NH-DC-NM224-J08-ROCE-ST-leaf-4.GPU.S9825,FourHundredGigE1/0/31,0,0,0,0,0,0
2024/05/24 星期五 00:58:45.497,1716483525497,NH-DC-NM224-J08-ROCE-ST-leaf-4.GPU.S9825,FourHundredGigE1/0/31,1040,406326,1446,429256,0,0
2024/05/24 星期五 00:58:46.005,1716483526005,NH-DC-NM224-J08-ROCE-ST-leaf-4.GPU.S9825,FourHundredGigE1/0/31,0,0,0,0,0,0
2024/05/24 星期五 00:58:46.510,1716483526510,NH-DC-NM224-J08-ROCE-ST-leaf-4.GPU.S9825,FourHundredGigE1/0/31,1800,628496,1921,635559,0,0
2024/05/24 星期五 00:58:47.009,1716483527009,NH-DC-NM224-J08-ROCE-ST-leaf-4.GPU.S9825,FourHundredGigE1/0/31,0,0,0,0,0,0
2024/05/24 星期五 00:58:47.514,1716483527514,NH-DC-NM224-J08-ROCE-ST-leaf-4.GPU.S9825,FourHundredGigE1/0/31,1510,567144,1906,590357,0,0
2024/05/24 星期五 00:58:48.019,1716483528019,NH-DC-NM224-J08-ROCE-ST-leaf-4.GPU.S9825,FourHundredGigE1/0/31,0,0,0,0,0,0
2024/05/24 星期五 00:58:48.518,1716483528518,NH-DC-NM224-J08-ROCE-ST-leaf-4.GPU.S9825,FourHundredGigE1/0/31,0,0,0,0,0,0
2024/05/24 星期五 00:58:49.022,1716483529022,NH-DC-NM224-J08-ROCE-ST-leaf-4.GPU.S9825,FourHundredGigE1/0/31,1455,564478,1958,593060,0,0
2024/05/24 星期五 00:58:49.531,1716483529531,NH-DC-NM224-J08-ROCE-ST-leaf-4.GPU.S9825,FourHundredGigE1/0/31,1954,626498,1670,608848,0,0
2024/05/24 星期五 00:58:50.033,1716483530033,NH-DC-NM224-J08-ROCE-ST-leaf-4.GPU.S9825,FourHundredGigE1/0/31,0,0,0,0,0,0
2024/05/24 星期五 00:58:50.545,1716483530545,NH-DC-NM224-J08-ROCE-ST-leaf-4.GPU.S9825,FourHundredGigE1/0/31,2169,731474,2112,728543,0,0
2024/05/24 星期五 00:58:51.047,1716483531047,NH-DC-NM224-J08-ROCE-ST-leaf-4.GPU.S9825,FourHundredGigE1/0/31,0,0,0,0,0,0
2024/05/24 星期五 00:58:51.547,1716483531547,NH-DC-NM224-J08-ROCE-ST-leaf-4.GPU.S9825,FourHundredGigE1/0/31,2674,887658,2485,877529,0,0
2024/05/24 星期五 00:58:52.050,1716483532050,NH-DC-NM224-J08-ROCE-ST-leaf-4.GPU.S9825,FourHundredGigE1/0/31,0,0,0,0,0,0
2024/05/24 星期五 00:58:52.550,1716483532550,NH-DC-NM224-J08-ROCE-ST-leaf-4.GPU.S9825,FourHundredGigE1/0/31,2320,783722,2258,780250,0,0
2024/05/24 星期五 00:58:53.050,1716483533050,NH-DC-NM224-J08-ROCE-ST-leaf-4.GPU.S9825,FourHundredGigE1/0/31,0,0,0,0,0,0
2024/05/24 星期五 00:58:53.553,1716483533553,NH-DC-NM224-J08-ROCE-ST-leaf-4.GPU.S9825,FourHundredGigE1/0/31,0,0,0,0,0,0
2024/05/24 星期五 00:58:54.056,1716483534056,NH-DC-NM224-J08-ROCE-ST-leaf-4.GPU.S9825,FourHundredGigE1/0/31,2946,989405,2852,997260,0,0
2024/05/24 星期五 00:58:54.557,1716483534557,NH-DC-NM224-J08-ROCE-ST-leaf-4.GPU.S9825,FourHundredGigE1/0/31,1082,360298,1039,354226,0,0
2024/05/24 星期五 00:58:55.057,1716483535057,NH-DC-NM224-J08-ROCE-ST-leaf-4.GPU.S9825,FourHundredGigE1/0/31,0,0,0,0,0,0
2024/05/24 星期五 00:58:55.558,1716483535558,NH-DC-NM224-J08-ROCE-ST-leaf-4.GPU.S9825,FourHundredGigE1/0/31,1842,651404,2015,661286,0,0
2024/05/24 星期五 00:58:56.062,1716483536062,NH-DC-NM224-J08-ROCE-ST-leaf-4.GPU.S9825,FourHundredGigE1/0/31,0,0,0,0,0,0
2024/05/24 星期五 00:58:56.565,1716483536565,NH-DC-NM224-J08-ROCE-ST-leaf-4.GPU.S9825,FourHundredGigE1/0/31,1541,570275,1883,591054,0,0
2024/05/24 星期五 00:58:57.065,1716483537065,NH-DC-NM224-J08-ROCE-ST-leaf-4.GPU.S9825,FourHundredGigE1/0/31,2118,709784,2034,705341,0,0
2024/05/24 星期五 00:58:57.966,1716483537966,NH-DC-NM224-J08-ROCE-ST-leaf-4.GPU.S9825,FourHundredGigE1/0/31,0,0,0,0,0,0
2024/05/24 星期五 00:58:58.465,1716483538465,NH-DC-NM224-J08-ROCE-ST-leaf-4.GPU.S9825,FourHundredGigE1/0/31,1819,601498,1706,595390,0,0
2024/05/24 星期五 00:58:58.965,1716483538965,NH-DC-NM224-J08-ROCE-ST-leaf-4.GPU.S9825,FourHundredGigE1/0/31,0,0,0,0,0,0
2024/05/24 星期五 00:58:59.976,1716483539976,NH-DC-NM224-J08-ROCE-ST-leaf-4.GPU.S9825,FourHundredGigE1/0/31,2571,846885,2339,834475,0,0
2024/05/24 星期五 00:59:00.482,1716483540482,NH-DC-NM224-J08-ROCE-ST-leaf-4.GPU.S9825,FourHundredGigE1/0/31,2061,709658,2112,712775,0,0
2024/05/24 星期五 00:59:00.985,1716483540985,NH-DC-NM224-J08-ROCE-ST-leaf-4.GPU.S9825,FourHundredGigE1/0/31,0,0,0,0,0,0
2024/05/24 星期五 00:59:01.485,1716483541485,NH-DC-NM224-J08-ROCE-ST-leaf-4.GPU.S9825,FourHundredGigE1/0/31,0,0,0,0,0,0
2024/05/24 星期五 00:59:01.985,1716483541985,NH-DC-NM224-J08-ROCE-ST-leaf-4.GPU.S9825,FourHundredGigE1/0/31,2252,772647,2306,782875,0,0
2024/05/24 星期五 00:59:02.489,1716483542489,NH-DC-NM224-J08-ROCE-ST-leaf-4.GPU.S9825,FourHundredGigE1/0/31,0,0,0,0,0,0
2024/05/24 星期五 00:59:02.990,1716483542990,NH-DC-NM224-J08-ROCE-ST-leaf-4.GPU.S9825,FourHundredGigE1/0/31,1687,612104,1970,629116,0,0
2024/05/24 星期五 00:59:03.489,1716483543489,NH-DC-NM224-J08-ROCE-ST-leaf-4.GPU.S9825,FourHundredGigE1/0/31,0,0,0,0,0,0
2024/05/24 星期五 00:59:03.992,1716483543992,NH-DC-NM224-J08-ROCE-ST-leaf-4.GPU.S9825,FourHundredGigE1/0/31,2099,705226,2057,695957,0,0
2024/05/24 星期五 00:59:04.494,1716483544494,NH-DC-NM224-J08-ROCE-ST-leaf-4.GPU.S9825,FourHundredGigE1/0/31,1252,411888,1122,407906,0,0
2024/05/24 星期五 00:59:04.993,1716483544993,NH-DC-NM224-J08-ROCE-ST-leaf-4.GPU.S9825,FourHundredGigE1/0/31,0,0,0,0,0,0
2024/05/24 星期五 00:59:05.493,1716483545493,NH-DC-NM224-J08-ROCE-ST-leaf-4.GPU.S9825,FourHundredGigE1/0/31,1761,603944,1802,606434,0,0
2024/05/24 星期五 00:59:05.994,1716483545994,NH-DC-NM224-J08-ROCE-ST-leaf-4.GPU.S9825,FourHundredGigE1/0/31,0,0,0,0,0,0
2024/05/24 星期五 00:59:06.507,1716483546507,NH-DC-NM224-J08-ROCE-ST-leaf-4.GPU.S9825,FourHundredGigE1/0/31,1263,439513,1375,451229,0,0
2024/05/24 星期五 00:59:07.010,1716483547010,NH-DC-NM224-J08-ROCE-ST-leaf-4.GPU.S9825,FourHundredGigE1/0/31,0,0,0,0,0,0
2024/05/24 星期五 00:59:08.016,1716483548016,NH-DC-NM224-J08-ROCE-ST-leaf-4.GPU.S9825,FourHundredGigE1/0/31,3977,1231740,3037,1179361,0,0
2024/05/24 星期五 00:59:08.519,1716483548519,NH-DC-NM224-J08-ROCE-ST-leaf-4.GPU.S9825,FourHundredGigE1/0/31,1721,590308,1763,592686,0,0
2024/05/24 星期五 00:59:09.019,1716483549019,NH-DC-NM224-J08-ROCE-ST-leaf-4.GPU.S9825,FourHundredGigE1/0/31,0,0,0,0,0,0
2024/05/24 星期五 00:59:09.534,1716483549534,NH-DC-NM224-J08-ROCE-ST-leaf-4.GPU.S9825,FourHundredGigE1/0/31,2200,759020,2249,761182,0,0
2024/05/24 星期五 00:59:10.034,1716483550034,NH-DC-NM224-J08-ROCE-ST-leaf-4.GPU.S9825,FourHundredGigE1/0/31,0,0,0,0,0,0
2024/05/24 星期五 00:59:10.535,1716483550535,NH-DC-NM224-J08-ROCE-ST-leaf-4.GPU.S9825,FourHundredGigE1/0/31,2469,802140,2179,785967,0,0
2024/05/24 星期五 00:59:11.036,1716483551036,NH-DC-NM224-J08-ROCE-ST-leaf-4.GPU.S9825,FourHundredGigE1/0/31,0,0,0,0,0,0
2024/05/24 星期五 00:59:11.537,1716483551537,NH-DC-NM224-J08-ROCE-ST-leaf-4.GPU.S9825,FourHundredGigE1/0/31,1764,648570,2139,671351,0,0
2024/05/24 星期五 00:59:12.037,1716483552037,NH-DC-NM224-J08-ROCE-ST-leaf-4.GPU.S9825,FourHundredGigE1/0/31,0,0,0,0,0,0
2024/05/24 星期五 00:59:12.540,1716483552540,NH-DC-NM224-J08-ROCE-ST-leaf-4.GPU.S9825,FourHundredGigE1/0/31,0,0,0,0,0,0
2024/05/24 星期五 00:59:13.042,1716483553042,NH-DC-NM224-J08-ROCE-ST-leaf-4.GPU.S9825,FourHundredGigE1/0/31,2748,896276,2470,882314,0,0
2024/05/24 星期五 00:59:13.546,1716483553546,NH-DC-NM224-J08-ROCE-ST-leaf-4.GPU.S9825,FourHundredGigE1/0/31,0,0,0,0,0,0
2024/05/24 星期五 00:59:14.046,1716483554046,NH-DC-NM224-J08-ROCE-ST-leaf-4.GPU.S9825,FourHundredGigE1/0/31,2696,910418,2652,902589,0,0
2024/05/24 星期五 00:59:14.546,1716483554546,NH-DC-NM224-J08-ROCE-ST-leaf-4.GPU.S9825,FourHundredGigE1/0/31,149,68876,287,78738,0,0
2024/05/24 星期五 00:59:15.047,1716483555047,NH-DC-NM224-J08-ROCE-ST-leaf-4.GPU.S9825,FourHundredGigE1/0/31,0,0,0,0,0,0
2024/05/24 星期五 00:59:15.570,1716483555570,NH-DC-NM224-J08-ROCE-ST-leaf-4.GPU.S9825,FourHundredGigE1/0/31,1885,625772,1778,619780,0,0
2024/05/24 星期五 00:59:16.071,1716483556071,NH-DC-NM224-J08-ROCE-ST-leaf-4.GPU.S9825,FourHundredGigE1/0/31,0,0,0,0,0,0
2024/05/24 星期五 00:59:16.571,1716483556571,NH-DC-NM224-J08-ROCE-ST-leaf-4.GPU.S9825,FourHundredGigE1/0/31,2161,717486,2032,710725,0,0
2024/05/24 星期五 00:59:17.070,1716483557070,NH-DC-NM224-J08-ROCE-ST-leaf-4.GPU.S9825,FourHundredGigE1/0/31,0,0,0,0,0,0
2024/05/24 星期五 00:59:17.571,1716483557571,NH-DC-NM224-J08-ROCE-ST-leaf-4.GPU.S9825,FourHundredGigE1/0/31,1561,591462,2002,617195,0,0
2024/05/24 星期五 00:59:18.070,1716483558070,NH-DC-NM224-J08-ROCE-ST-leaf-4.GPU.S9825,FourHundredGigE1/0/31,0,0,0,0,0,0
2024/05/24 星期五 00:59:18.571,1716483558571,NH-DC-NM224-J08-ROCE-ST-leaf-4.GPU.S9825,FourHundredGigE1/0/31,1724,622458,1981,637070,0,0
2024/05/24 星期五 00:59:19.076,1716483559076,NH-DC-NM224-J08-ROCE-ST-leaf-4.GPU.S9825,FourHundredGigE1/0/31,0,0,0,0,0,0
2024/05/24 星期五 00:59:19.577,1716483559577,NH-DC-NM224-J08-ROCE-ST-leaf-4.GPU.S9825,FourHundredGigE1/0/31,1870,623116,1765,615684,0,0
2024/05/24 星期五 00:59:20.092,1716483560092,NH-DC-NM224-J08-ROCE-ST-leaf-4.GPU.S9825,FourHundredGigE1/0/31,0,0,0,0,0,0
2024/05/24 星期五 00:59:20.596,1716483560596,NH-DC-NM224-J08-ROCE-ST-leaf-4.GPU.S9825,FourHundredGigE1/0/31,2385,790428,2215,780975,0,0
2024/05/24 星期五 00:59:21.098,1716483561098,NH-DC-NM224-J08-ROCE-ST-leaf-4.GPU.S9825,FourHundredGigE1/0/31,0,0,0,0,0,0
2024/05/24 星期五 00:59:21.617,1716483561617,NH-DC-NM224-J08-ROCE-ST-leaf-4.GPU.S9825,FourHundredGigE1/0/31,1585,531024,1549,529463,0,0
2024/05/24 星期五 00:59:22.118,1716483562118,NH-DC-NM224-J08-ROCE-ST-leaf-4.GPU.S9825,FourHundredGigE1/0/31,0,0,0,0,0,0
2024/05/24 星期五 00:59:22.619,1716483562619,NH-DC-NM224-J08-ROCE-ST-leaf-4.GPU.S9825,FourHundredGigE1/0/31,1689,609110,1937,623192,0,0
2024/05/24 星期五 00:59:23.119,1716483563119,NH-DC-NM224-J08-ROCE-ST-leaf-4.GPU.S9825,FourHundredGigE1/0/31,0,0,0,0,0,0
2024/05/24 星期五 00:59:23.622,1716483563622,NH-DC-NM224-J08-ROCE-ST-leaf-4.GPU.S9825,FourHundredGigE1/0/31,1431,499608,1543,505947,0,0
2024/05/24 星期五 00:59:24.123,1716483564123,NH-DC-NM224-J08-ROCE-ST-leaf-4.GPU.S9825,FourHundredGigE1/0/31,0,0,0,0,0,0
2024/05/24 星期五 00:59:24.623,1716483564623,NH-DC-NM224-J08-ROCE-ST-leaf-4.GPU.S9825,FourHundredGigE1/0/31,1671,579600,1752,583554,0,0
2024/05/24 星期五 00:59:25.122,1716483565122,NH-DC-NM224-J08-ROCE-ST-leaf-4.GPU.S9825,FourHundredGigE1/0/31,0,0,0,0,0,0
2024/05/24 星期五 00:59:25.622,1716483565622,NH-DC-NM224-J08-ROCE-ST-leaf-4.GPU.S9825,FourHundredGigE1/0/31,1776,650328,2097,668304,0,0
2024/05/24 星期五 00:59:26.125,1716483566125,NH-DC-NM224-J08-ROCE-ST-leaf-4.GPU.S9825,FourHundredGigE1/0/31,0,0,0,0,0,0
2024/05/24 星期五 00:59:26.637,1716483566637,NH-DC-NM224-J08-ROCE-ST-leaf-4.GPU.S9825,FourHundredGigE1/0/31,2211,762334,2270,766101,0,0
2024/05/24 星期五 00:59:27.137,1716483567137,NH-DC-NM224-J08-ROCE-ST-leaf-4.GPU.S9825,FourHundredGigE1/0/31,0,0,0,0,0,0
2024/05/24 星期五 00:59:27.642,1716483567642,NH-DC-NM224-J08-ROCE-ST-leaf-4.GPU.S9825,FourHundredGigE1/0/31,1134,414656,1374,428357,0,0
2024/05/24 星期五 00:59:28.141,1716483568141,NH-DC-NM224-J08-ROCE-ST-leaf-4.GPU.S9825,FourHundredGigE1/0/31,0,0,0,0,0,0
2024/05/24 星期五 00:59:28.645,1716483568645,NH-DC-NM224-J08-ROCE-ST-leaf-4.GPU.S9825,FourHundredGigE1/0/31,1988,677976,1996,678644,0,0
2024/05/24 星期五 00:59:29.145,1716483569145,NH-DC-NM224-J08-ROCE-ST-leaf-4.GPU.S9825,FourHundredGigE1/0/31,0,0,0,0,0,0
2024/05/24 星期五 00:59:29.645,1716483569645,NH-DC-NM224-J08-ROCE-ST-leaf-4.GPU.S9825,FourHundredGigE1/0/31,1320,472774,1504,482302,0,0
2024/05/24 星期五 00:59:30.146,1716483570146,NH-DC-NM224-J08-ROCE-ST-leaf-4.GPU.S9825,FourHundredGigE1/0/31,0,0,0,0,0,0
2024/05/24 星期五 00:59:30.646,1716483570646,NH-DC-NM224-J08-ROCE-ST-leaf-4.GPU.S9825,FourHundredGigE1/0/31,1516,573572,1934,597907,0,0
2024/05/24 星期五 00:59:31.147,1716483571147,NH-DC-NM224-J08-ROCE-ST-leaf-4.GPU.S9825,FourHundredGigE1/0/31,0,0,0,0,0,0
2024/05/24 星期五 00:59:31.662,1716483571662,NH-DC-NM224-J08-ROCE-ST-leaf-4.GPU.S9825,FourHundredGigE1/0/31,1894,668778,2063,677837,0,0
2024/05/24 星期五 00:59:32.633,1716483572633,NH-DC-NM224-J08-ROCE-ST-leaf-4.GPU.S9825,FourHundredGigE1/0/31,3032,945366,2382,909160,0,0
2024/05/24 星期五 00:59:33.133,1716483573133,NH-DC-NM224-J08-ROCE-ST-leaf-4.GPU.S9825,FourHundredGigE1/0/31,0,0,0,0,0,0
2024/05/24 星期五 00:59:33.635,1716483573635,NH-DC-NM224-J08-ROCE-ST-leaf-4.GPU.S9825,FourHundredGigE1/0/31,1430,521890,1697,536909,0,0
2024/05/24 星期五 00:59:34.138,1716483574138,NH-DC-NM224-J08-ROCE-ST-leaf-4.GPU.S9825,FourHundredGigE1/0/31,0,0,0,0,0,0
2024/05/24 星期五 00:59:34.637,1716483574637,NH-DC-NM224-J08-ROCE-ST-leaf-4.GPU.S9825,FourHundredGigE1/0/31,1695,579192,1716,579786,0,0
2024/05/24 星期五 00:59:35.137,1716483575137,NH-DC-NM224-J08-ROCE-ST-leaf-4.GPU.S9825,FourHundredGigE1/0/31,0,0,0,0,0,0
2024/05/24 星期五 00:59:35.653,1716483575653,NH-DC-NM224-J08-ROCE-ST-leaf-4.GPU.S9825,FourHundredGigE1/0/31,2522,824380,2257,809540,0,0
2024/05/24 星期五 00:59:36.153,1716483576153,NH-DC-NM224-J08-ROCE-ST-leaf-4.GPU.S9825,FourHundredGigE1/0/31,0,0,0,0,0,0
2024/05/24 星期五 00:59:36.655,1716483576655,NH-DC-NM224-J08-ROCE-ST-leaf-4.GPU.S9825,FourHundredGigE1/0/31,2355,775216,2160,765125,0,0
2024/05/24 星期五 00:59:37.157,1716483577157,NH-DC-NM224-J08-ROCE-ST-leaf-4.GPU.S9825,FourHundredGigE1/0/31,0,0,0,0,0,0
2024/05/24 星期五 00:59:37.660,1716483577660,NH-DC-NM224-J08-ROCE-ST-leaf-4.GPU.S9825,FourHundredGigE1/0/31,2277,757670,2142,750371,0,0
2024/05/24 星期五 00:59:38.164,1716483578164,NH-DC-NM224-J08-ROCE-ST-leaf-4.GPU.S9825,FourHundredGigE1/0/31,0,0,0,0,0,0
2024/05/24 星期五 00:59:38.663,1716483578663,NH-DC-NM224-J08-ROCE-ST-leaf-4.GPU.S9825,FourHundredGigE1/0/31,1647,552000,1603,549562,0,0
2024/05/24 星期五 00:59:39.166,1716483579166,NH-DC-NM224-J08-ROCE-ST-leaf-4.GPU.S9825,FourHundredGigE1/0/31,0,0,0,0,0,0
2024/05/24 星期五 00:59:39.671,1716483579671,NH-DC-NM224-J08-ROCE-ST-leaf-4.GPU.S9825,FourHundredGigE1/0/31,1111,451442,1649,480988,0,0
2024/05/24 星期五 00:59:40.174,1716483580174,NH-DC-NM224-J08-ROCE-ST-leaf-4.GPU.S9825,FourHundredGigE1/0/31,0,0,0,0,0,0
2024/05/24 星期五 00:59:41.375,1716483581375,NH-DC-NM224-J08-ROCE-ST-leaf-4.GPU.S9825,FourHundredGigE1/0/31,1359,489527,1579,506752,0,0
2024/05/24 星期五 00:59:41.893,1716483581893,NH-DC-NM224-J08-ROCE-ST-leaf-4.GPU.S9825,FourHundredGigE1/0/31,2664,891534,2539,886347,0,0
2024/05/24 星期五 00:59:42.394,1716483582394,NH-DC-NM224-J08-ROCE-ST-leaf-4.GPU.S9825,FourHundredGigE1/0/31,0,0,0,0,0,0
2024/05/24 星期五 00:59:42.917,1716483582917,NH-DC-NM224-J08-ROCE-ST-leaf-4.GPU.S9825,FourHundredGigE1/0/31,1911,683794,2155,699010,0,0
2024/05/24 星期五 00:59:43.454,1716483583454,NH-DC-NM224-J08-ROCE-ST-leaf-4.GPU.S9825,FourHundredGigE1/0/31,0,0,0,0,0,0
2024/05/24 星期五 00:59:43.964,1716483583964,NH-DC-NM224-J08-ROCE-ST-leaf-4.GPU.S9825,FourHundredGigE1/0/31,0,0,0,0,0,0
2024/05/24 星期五 00:59:44.467,1716483584467,NH-DC-NM224-J08-ROCE-ST-leaf-4.GPU.S9825,FourHundredGigE1/0/31,3626,1185966,3274,1163023,0,0
2024/05/24 星期五 00:59:44.970,1716483584970,NH-DC-NM224-J08-ROCE-ST-leaf-4.GPU.S9825,FourHundredGigE1/0/31,0,0,0,0,0,0
2024/05/24 星期五 00:59:45.469,1716483585469,NH-DC-NM224-J08-ROCE-ST-leaf-4.GPU.S9825,FourHundredGigE1/0/31,1951,670688,2007,675055,0,0
2024/05/24 星期五 00:59:45.971,1716483585971,NH-DC-NM224-J08-ROCE-ST-leaf-4.GPU.S9825,FourHundredGigE1/0/31,0,0,0,0,0,0
2024/05/24 星期五 00:59:46.474,1716483586474,NH-DC-NM224-J08-ROCE-ST-leaf-4.GPU.S9825,FourHundredGigE1/0/31,1237,430520,1340,436296,0,0
2024/05/24 星期五 00:59:46.990,1716483586990,NH-DC-NM224-J08-ROCE-ST-leaf-4.GPU.S9825,FourHundredGigE1/0/31,0,0,0,0,0,0
2024/05/24 星期五 00:59:47.490,1716483587490,NH-DC-NM224-J08-ROCE-ST-leaf-4.GPU.S9825,FourHundredGigE1/0/31,1697,593790,1822,601051,0,0
2024/05/24 星期五 00:59:47.990,1716483587990,NH-DC-NM224-J08-ROCE-ST-leaf-4.GPU.S9825,FourHundredGigE1/0/31,0,0,0,0,0,0
2024/05/24 星期五 00:59:48.491,1716483588491,NH-DC-NM224-J08-ROCE-ST-leaf-4.GPU.S9825,FourHundredGigE1/0/31,2064,702810,2059,702556,0,0
2024/05/24 星期五 00:59:48.991,1716483588991,NH-DC-NM224-J08-ROCE-ST-leaf-4.GPU.S9825,FourHundredGigE1/0/31,0,0,0,0,0,0
2024/05/24 星期五 00:59:49.490,1716483589490,NH-DC-NM224-J08-ROCE-ST-leaf-4.GPU.S9825,FourHundredGigE1/0/31,3060,953440,2383,914170,0,0
2024/05/24 星期五 00:59:49.989,1716483589989,NH-DC-NM224-J08-ROCE-ST-leaf-4.GPU.S9825,FourHundredGigE1/0/31,0,0,0,0,0,0
2024/05/24 星期五 00:59:50.493,1716483590493,NH-DC-NM224-J08-ROCE-ST-leaf-4.GPU.S9825,FourHundredGigE1/0/31,2463,817572,2293,808119,0,0
2024/05/24 星期五 00:59:50.993,1716483590993,NH-DC-NM224-J08-ROCE-ST-leaf-4.GPU.S9825,FourHundredGigE1/0/31,0,0,0,0,0,0
2024/05/24 星期五 00:59:51.495,1716483591495,NH-DC-NM224-J08-ROCE-ST-leaf-4.GPU.S9825,FourHundredGigE1/0/31,0,0,0,0,0,0
2024/05/24 星期五 00:59:52.003,1716483592003,NH-DC-NM224-J08-ROCE-ST-leaf-4.GPU.S9825,FourHundredGigE1/0/31,3914,1283488,3500,1262699,0,0
2024/05/24 星期五 00:59:52.503,1716483592503,NH-DC-NM224-J08-ROCE-ST-leaf-4.GPU.S9825,FourHundredGigE1/0/31,0,0,0,0,0,0
2024/05/24 星期五 00:59:53.003,1716483593003,NH-DC-NM224-J08-ROCE-ST-leaf-4.GPU.S9825,FourHundredGigE1/0/31,1564,597324,2037,624782,0,0
2024/05/24 星期五 00:59:53.502,1716483593502,NH-DC-NM224-J08-ROCE-ST-leaf-4.GPU.S9825,FourHundredGigE1/0/31,0,0,0,0,0,0
2024/05/24 星期五 00:59:54.003,1716483594003,NH-DC-NM224-J08-ROCE-ST-leaf-4.GPU.S9825,FourHundredGigE1/0/31,0,0,0,0,0,0
2024/05/24 星期五 00:59:54.503,1716483594503,NH-DC-NM224-J08-ROCE-ST-leaf-4.GPU.S9825,FourHundredGigE1/0/31,2428,815936,2446,833653,0,0
2024/05/24 星期五 00:59:55.005,1716483595005,NH-DC-NM224-J08-ROCE-ST-leaf-4.GPU.S9825,FourHundredGigE1/0/31,0,0,0,0,0,0
2024/05/24 星期五 00:59:55.506,1716483595506,NH-DC-NM224-J08-ROCE-ST-leaf-4.GPU.S9825,FourHundredGigE1/0/31,1089,430962,1545,456498,0,0
2024/05/24 星期五 00:59:56.006,1716483596006,NH-DC-NM224-J08-ROCE-ST-leaf-4.GPU.S9825,FourHundredGigE1/0/31,0,0,0,0,0,0
2024/05/24 星期五 00:59:56.509,1716483596509,NH-DC-NM224-J08-ROCE-ST-leaf-4.GPU.S9825,FourHundredGigE1/0/31,2300,747253,2047,734906,0,0
2024/05/24 星期五 00:59:57.010,1716483597010,NH-DC-NM224-J08-ROCE-ST-leaf-4.GPU.S9825,FourHundredGigE1/0/31,1718,589272,1762,591997,0,0
2024/05/24 星期五 00:59:57.738,1716483597738,NH-DC-NM224-J08-ROCE-ST-leaf-4.GPU.S9825,FourHundredGigE1/0/31,0,0,0,0,0,0
2024/05/24 星期五 00:59:58.242,1716483598242,NH-DC-NM224-J08-ROCE-ST-leaf-4.GPU.S9825,FourHundredGigE1/0/31,0,0,0,0,0,0
2024/05/24 星期五 00:59:58.743,1716483598743,NH-DC-NM224-J08-ROCE-ST-leaf-4.GPU.S9825,FourHundredGigE1/0/31,1294,463028,1482,473582,0,0
2024/05/24 星期五 00:59:59.243,1716483599243,NH-DC-NM224-J08-ROCE-ST-leaf-4.GPU.S9825,FourHundredGigE1/0/31,1703,582031,1736,585774,0,0
2024/05/24 星期五 00:59:59.792,1716483599792,NH-DC-NM224-J08-ROCE-ST-leaf-4.GPU.S9825,FourHundredGigE1/0/31,0,0,0,0,0,0
