SaveTime,SaveTimeUTC,DeviceName,PortName,InPkts,InOctets,OutPkts,OutOctets,InRatio,OutRatio
2024/05/24 星期五 00:00:00.851,1716480000851,NH-DC-NM129-D04-ROCE-Leaf-6.GPU.S9825,FourHundredGigE1/0/61,135488,509452108,151051,610858457,1.25,1.52
2024/05/24 星期五 00:00:01.370,1716480001370,NH-DC-NM129-D04-ROCE-Leaf-6.GPU.S9825,FourHundredGigE1/0/61,0,0,0,0,0,0
2024/05/24 星期五 00:04:08.593,1716480248593,NH-DC-NM129-D04-ROCE-Leaf-6.GPU.S9825,FourHundredGigE1/0/61,53796468,208196880811,49473496,192020818707,1.05,0.97
2024/05/24 星期五 00:04:13.170,1716480253170,NH-DC-NM129-D04-ROCE-Leaf-6.GPU.S9825,FourHundredGigE1/0/61,613614,2393741426,869601,3176125779,0.65,0.87
2024/05/24 星期五 00:04:13.942,1716480253942,NH-DC-NM129-D04-ROCE-Leaf-6.GPU.S9825,FourHundredGigE1/0/61,530447,2148522787,342544,1152145308,3.47,1.86
2024/05/24 星期五 00:04:14.485,1716480254485,NH-DC-NM129-D04-ROCE-Leaf-6.GPU.S9825,FourHundredGigE1/0/61,0,0,0,0,0,0
2024/05/24 星期五 00:04:14.985,1716480254985,NH-DC-NM129-D04-ROCE-Leaf-6.GPU.S9825,FourHundredGigE1/0/61,65927,240699194,197462,646090190,0.6,1.6
2024/05/24 星期五 00:04:15.577,1716480255577,NH-DC-NM129-D04-ROCE-Leaf-6.GPU.S9825,FourHundredGigE1/0/61,134183,526013874,294313,882680645,1.10,1.86
2024/05/24 星期五 00:04:16.476,1716480256476,NH-DC-NM129-D04-ROCE-Leaf-6.GPU.S9825,FourHundredGigE1/0/61,0,0,0,0,0,0
2024/05/24 星期五 00:04:17.098,1716480257098,NH-DC-NM129-D04-ROCE-Leaf-6.GPU.S9825,FourHundredGigE1/0/61,124246,476771762,166301,437871964,0.94,0.86
2024/05/24 星期五 00:04:17.634,1716480257634,NH-DC-NM129-D04-ROCE-Leaf-6.GPU.S9825,FourHundredGigE1/0/61,0,0,0,0,0,0
2024/05/24 星期五 00:04:18.135,1716480258135,NH-DC-NM129-D04-ROCE-Leaf-6.GPU.S9825,FourHundredGigE1/0/61,306817,1192563505,551387,2104317563,2.97,5.24
2024/05/24 星期五 00:04:18.750,1716480258750,NH-DC-NM129-D04-ROCE-Leaf-6.GPU.S9825,FourHundredGigE1/0/61,1011824,4137134742,82881,311591750,8.39,0.63
2024/05/24 星期五 00:04:19.267,1716480259267,NH-DC-NM129-D04-ROCE-Leaf-6.GPU.S9825,FourHundredGigE1/0/61,0,0,0,0,0,0
2024/05/24 星期五 00:04:19.840,1716480259840,NH-DC-NM129-D04-ROCE-Leaf-6.GPU.S9825,FourHundredGigE1/0/61,1047562,4284247779,548681,2101971282,9.34,4.58
2024/05/24 星期五 00:04:20.618,1716480260618,NH-DC-NM129-D04-ROCE-Leaf-6.GPU.S9825,FourHundredGigE1/0/61,915599,3732363102,520800,2073902036,5.99,3.33
2024/05/24 星期五 00:04:21.134,1716480261134,NH-DC-NM129-D04-ROCE-Leaf-6.GPU.S9825,FourHundredGigE1/0/61,0,0,0,0,0,0
2024/05/24 星期五 00:04:21.634,1716480261634,NH-DC-NM129-D04-ROCE-Leaf-6.GPU.S9825,FourHundredGigE1/0/61,0,0,0,0,0,0
2024/05/24 星期五 00:04:22.138,1716480262138,NH-DC-NM129-D04-ROCE-Leaf-6.GPU.S9825,FourHundredGigE1/0/61,271719,1040401579,248610,772258924,2.58,1.91
2024/05/24 星期五 00:04:22.736,1716480262736,NH-DC-NM129-D04-ROCE-Leaf-6.GPU.S9825,FourHundredGigE1/0/61,0,0,0,0,0,0
2024/05/24 星期五 00:04:23.246,1716480263246,NH-DC-NM129-D04-ROCE-Leaf-6.GPU.S9825,FourHundredGigE1/0/61,117414,400115128,216060,522231970,0.98,1.27
2024/05/24 星期五 00:04:24.099,1716480264099,NH-DC-NM129-D04-ROCE-Leaf-6.GPU.S9825,FourHundredGigE1/0/61,206884,774969572,248356,940807677,1.13,1.38
2024/05/24 星期五 00:04:24.648,1716480264648,NH-DC-NM129-D04-ROCE-Leaf-6.GPU.S9825,FourHundredGigE1/0/61,208725,771580183,545964,2190232480,1.75,4.99
2024/05/24 星期五 00:04:25.207,1716480265207,NH-DC-NM129-D04-ROCE-Leaf-6.GPU.S9825,FourHundredGigE1/0/61,0,0,0,0,0,0
2024/05/24 星期五 00:04:25.818,1716480265818,NH-DC-NM129-D04-ROCE-Leaf-6.GPU.S9825,FourHundredGigE1/0/61,263714,1033910014,140089,499937814,2.11,1.00
2024/05/24 星期五 00:04:26.381,1716480266381,NH-DC-NM129-D04-ROCE-Leaf-6.GPU.S9825,FourHundredGigE1/0/61,0,0,0,0,0,0
2024/05/24 星期五 00:04:27.104,1716480267104,NH-DC-NM129-D04-ROCE-Leaf-6.GPU.S9825,FourHundredGigE1/0/61,200992,752269601,126574,482525923,1.30,0.83
2024/05/24 星期五 00:04:27.704,1716480267704,NH-DC-NM129-D04-ROCE-Leaf-6.GPU.S9825,FourHundredGigE1/0/61,123815,429601945,181855,707289466,0.88,1.46
2024/05/24 星期五 00:04:28.205,1716480268205,NH-DC-NM129-D04-ROCE-Leaf-6.GPU.S9825,FourHundredGigE1/0/61,0,0,0,0,0,0
2024/05/24 星期五 00:04:28.733,1716480268733,NH-DC-NM129-D04-ROCE-Leaf-6.GPU.S9825,FourHundredGigE1/0/61,368881,1454960355,201816,776024553,3.43,1.82
2024/05/24 星期五 00:04:29.242,1716480269242,NH-DC-NM129-D04-ROCE-Leaf-6.GPU.S9825,FourHundredGigE1/0/61,0,0,0,0,0,0
2024/05/24 星期五 00:04:29.862,1716480269862,NH-DC-NM129-D04-ROCE-Leaf-6.GPU.S9825,FourHundredGigE1/0/61,244150,931274786,187316,723978500,1.88,1.45
2024/05/24 星期五 00:04:30.724,1716480270724,NH-DC-NM129-D04-ROCE-Leaf-6.GPU.S9825,FourHundredGigE1/0/61,89917,250017170,244526,946774300,0.36,1.36
2024/05/24 星期五 00:04:31.324,1716480271324,NH-DC-NM129-D04-ROCE-Leaf-6.GPU.S9825,FourHundredGigE1/0/61,0,0,0,0,0,0
2024/05/24 星期五 00:04:31.821,1716480271821,NH-DC-NM129-D04-ROCE-Leaf-6.GPU.S9825,FourHundredGigE1/0/61,401420,1557407076,64323,245650022,3.90,0.60
2024/05/24 星期五 00:04:32.334,1716480272334,NH-DC-NM129-D04-ROCE-Leaf-6.GPU.S9825,FourHundredGigE1/0/61,0,0,0,0,0,0
2024/05/24 星期五 00:04:32.913,1716480272913,NH-DC-NM129-D04-ROCE-Leaf-6.GPU.S9825,FourHundredGigE1/0/61,162244,630635505,110202,378144112,1.36,0.80
2024/05/24 星期五 00:04:33.413,1716480273413,NH-DC-NM129-D04-ROCE-Leaf-6.GPU.S9825,FourHundredGigE1/0/61,90117,368191783,195431,757287814,0.9,1.88
2024/05/24 星期五 00:04:34.322,1716480274322,NH-DC-NM129-D04-ROCE-Leaf-6.GPU.S9825,FourHundredGigE1/0/61,0,0,0,0,0,0
2024/05/24 星期五 00:04:34.868,1716480274868,NH-DC-NM129-D04-ROCE-Leaf-6.GPU.S9825,FourHundredGigE1/0/61,209114,795365598,120638,430089326,1.81,0.98
2024/05/24 星期五 00:04:35.369,1716480275369,NH-DC-NM129-D04-ROCE-Leaf-6.GPU.S9825,FourHundredGigE1/0/61,0,0,0,0,0,0
2024/05/24 星期五 00:04:35.870,1716480275870,NH-DC-NM129-D04-ROCE-Leaf-6.GPU.S9825,FourHundredGigE1/0/61,670039,2692171492,72231,240303476,6.71,0.60
2024/05/24 星期五 00:04:36.472,1716480276472,NH-DC-NM129-D04-ROCE-Leaf-6.GPU.S9825,FourHundredGigE1/0/61,0,0,0,0,0,0
2024/05/24 星期五 00:04:36.970,1716480276970,NH-DC-NM129-D04-ROCE-Leaf-6.GPU.S9825,FourHundredGigE1/0/61,162700,625330843,201683,731280764,1.56,1.83
2024/05/24 星期五 00:04:37.811,1716480277811,NH-DC-NM129-D04-ROCE-Leaf-6.GPU.S9825,FourHundredGigE1/0/61,69899,244423350,189376,750294472,0.36,1.11
2024/05/24 星期五 00:04:38.338,1716480278338,NH-DC-NM129-D04-ROCE-Leaf-6.GPU.S9825,FourHundredGigE1/0/61,0,0,0,0,0,0
2024/05/24 星期五 00:04:38.838,1716480278838,NH-DC-NM129-D04-ROCE-Leaf-6.GPU.S9825,FourHundredGigE1/0/61,123787,481196259,122629,459591850,1.2,1.12
2024/05/24 星期五 00:04:39.347,1716480279347,NH-DC-NM129-D04-ROCE-Leaf-6.GPU.S9825,FourHundredGigE1/0/61,0,0,0,0,0,0
2024/05/24 星期五 00:04:39.988,1716480279988,NH-DC-NM129-D04-ROCE-Leaf-6.GPU.S9825,FourHundredGigE1/0/61,381307,1534002994,361051,1389256842,2.98,2.69
2024/05/24 星期五 00:04:40.489,1716480280489,NH-DC-NM129-D04-ROCE-Leaf-6.GPU.S9825,FourHundredGigE1/0/61,100358,367612966,85201,303960754,0.90,0.75
2024/05/24 星期五 00:04:41.388,1716480281388,NH-DC-NM129-D04-ROCE-Leaf-6.GPU.S9825,FourHundredGigE1/0/61,0,0,0,0,0,0
2024/05/24 星期五 00:04:42.071,1716480282071,NH-DC-NM129-D04-ROCE-Leaf-6.GPU.S9825,FourHundredGigE1/0/61,191936,719848094,92557,289223682,1.30,0.51
2024/05/24 星期五 00:04:42.680,1716480282680,NH-DC-NM129-D04-ROCE-Leaf-6.GPU.S9825,FourHundredGigE1/0/61,326844,1336918478,168587,642914926,2.73,1.31
2024/05/24 星期五 00:04:43.373,1716480283373,NH-DC-NM129-D04-ROCE-Leaf-6.GPU.S9825,FourHundredGigE1/0/61,0,0,0,0,0,0
2024/05/24 星期五 00:04:43.874,1716480283874,NH-DC-NM129-D04-ROCE-Leaf-6.GPU.S9825,FourHundredGigE1/0/61,246670,902884682,664593,2641288420,2.25,6.59
2024/05/24 星期五 00:04:44.728,1716480284728,NH-DC-NM129-D04-ROCE-Leaf-6.GPU.S9825,FourHundredGigE1/0/61,521898,2050075216,418852,1637012762,3.00,2.39
2024/05/24 星期五 00:04:45.296,1716480285296,NH-DC-NM129-D04-ROCE-Leaf-6.GPU.S9825,FourHundredGigE1/0/61,0,0,0,0,0,0
2024/05/24 星期五 00:04:48.110,1716480288110,NH-DC-NM129-D04-ROCE-Leaf-6.GPU.S9825,FourHundredGigE1/0/61,2702608,10926244307,1076166,4187849960,4.85,1.86
2024/05/24 星期五 00:04:48.609,1716480288609,NH-DC-NM129-D04-ROCE-Leaf-6.GPU.S9825,FourHundredGigE1/0/61,0,0,0,0,0,0
2024/05/24 星期五 00:04:49.871,1716480289871,NH-DC-NM129-D04-ROCE-Leaf-6.GPU.S9825,FourHundredGigE1/0/61,391286,1511935602,391347,1385994506,1.50,1.37
2024/05/24 星期五 00:04:50.398,1716480290398,NH-DC-NM129-D04-ROCE-Leaf-6.GPU.S9825,FourHundredGigE1/0/61,0,0,0,0,0,0
2024/05/24 星期五 00:04:51.023,1716480291023,NH-DC-NM129-D04-ROCE-Leaf-6.GPU.S9825,FourHundredGigE1/0/61,457145,1690235916,205577,782971245,3.38,1.56
2024/05/24 星期五 00:04:51.712,1716480291712,NH-DC-NM129-D04-ROCE-Leaf-6.GPU.S9825,FourHundredGigE1/0/61,188825,743979476,214484,835175324,1.34,1.51
2024/05/24 星期五 00:04:52.214,1716480292214,NH-DC-NM129-D04-ROCE-Leaf-6.GPU.S9825,FourHundredGigE1/0/61,0,0,0,0,0,0
2024/05/24 星期五 00:04:52.720,1716480292720,NH-DC-NM129-D04-ROCE-Leaf-6.GPU.S9825,FourHundredGigE1/0/61,339116,1343770282,184568,746436592,3.31,1.83
2024/05/24 星期五 00:04:53.221,1716480293221,NH-DC-NM129-D04-ROCE-Leaf-6.GPU.S9825,FourHundredGigE1/0/61,0,0,0,0,0,0
2024/05/24 星期五 00:04:54.024,1716480294024,NH-DC-NM129-D04-ROCE-Leaf-6.GPU.S9825,FourHundredGigE1/0/61,214918,807157404,408149,1654506802,1.25,2.57
2024/05/24 星期五 00:04:54.786,1716480294786,NH-DC-NM129-D04-ROCE-Leaf-6.GPU.S9825,FourHundredGigE1/0/61,175559,681064270,401127,1569213214,1.12,2.56
2024/05/24 星期五 00:04:55.498,1716480295498,NH-DC-NM129-D04-ROCE-Leaf-6.GPU.S9825,FourHundredGigE1/0/61,0,0,0,0,0,0
2024/05/24 星期五 00:04:55.997,1716480295997,NH-DC-NM129-D04-ROCE-Leaf-6.GPU.S9825,FourHundredGigE1/0/61,174344,655512338,66723,259871102,1.63,0.63
2024/05/24 星期五 00:04:56.538,1716480296538,NH-DC-NM129-D04-ROCE-Leaf-6.GPU.S9825,FourHundredGigE1/0/61,449850,1540976635,210151,824607263,3.56,1.89
2024/05/24 星期五 00:04:57.220,1716480297220,NH-DC-NM129-D04-ROCE-Leaf-6.GPU.S9825,FourHundredGigE1/0/61,0,0,0,0,0,0
2024/05/24 星期五 00:04:57.717,1716480297717,NH-DC-NM129-D04-ROCE-Leaf-6.GPU.S9825,FourHundredGigE1/0/61,308530,951410991,296462,1217404747,2.39,3.04
2024/05/24 星期五 00:04:58.516,1716480298516,NH-DC-NM129-D04-ROCE-Leaf-6.GPU.S9825,FourHundredGigE1/0/61,0,0,0,0,0,0
2024/05/24 星期五 00:04:59.036,1716480299036,NH-DC-NM129-D04-ROCE-Leaf-6.GPU.S9825,FourHundredGigE1/0/61,164580,379915972,106856,410708681,0.89,0.99
2024/05/24 星期五 00:04:59.537,1716480299537,NH-DC-NM129-D04-ROCE-Leaf-6.GPU.S9825,FourHundredGigE1/0/61,0,0,0,0,0,0
2024/05/24 星期五 00:05:00.037,1716480300037,NH-DC-NM129-D04-ROCE-Leaf-6.GPU.S9825,FourHundredGigE1/0/61,150359,594538045,207391,779067750,1.48,1.92
2024/05/24 星期五 00:05:00.701,1716480300701,NH-DC-NM129-D04-ROCE-Leaf-6.GPU.S9825,FourHundredGigE1/0/61,0,0,0,0,0,0
2024/05/24 星期五 00:05:01.201,1716480301201,NH-DC-NM129-D04-ROCE-Leaf-6.GPU.S9825,FourHundredGigE1/0/61,88056,279058791,97417,332741307,0.68,0.82
2024/05/24 星期五 00:05:01.992,1716480301992,NH-DC-NM129-D04-ROCE-Leaf-6.GPU.S9825,FourHundredGigE1/0/61,107267,364930171,353918,1400861268,0.57,2.21
2024/05/24 星期五 00:05:03.220,1716480303220,NH-DC-NM129-D04-ROCE-Leaf-6.GPU.S9825,FourHundredGigE1/0/61,332749,1281607109,433607,1690275671,1.30,1.72
2024/05/24 星期五 00:05:04.450,1716480304450,NH-DC-NM129-D04-ROCE-Leaf-6.GPU.S9825,FourHundredGigE1/0/61,335528,1335727175,398334,1530348829,1.35,1.55
2024/05/24 星期五 00:05:05.206,1716480305206,NH-DC-NM129-D04-ROCE-Leaf-6.GPU.S9825,FourHundredGigE1/0/61,0,0,0,0,0,0
2024/05/24 星期五 00:05:05.785,1716480305785,NH-DC-NM129-D04-ROCE-Leaf-6.GPU.S9825,FourHundredGigE1/0/61,535577,2049231598,60889,226165478,4.40,0.47
2024/05/24 星期五 00:05:06.287,1716480306287,NH-DC-NM129-D04-ROCE-Leaf-6.GPU.S9825,FourHundredGigE1/0/61,0,0,0,0,0,0
2024/05/24 星期五 00:05:06.788,1716480306788,NH-DC-NM129-D04-ROCE-Leaf-6.GPU.S9825,FourHundredGigE1/0/61,92798,322353640,164504,602003932,0.80,1.50
2024/05/24 星期五 00:05:07.307,1716480307307,NH-DC-NM129-D04-ROCE-Leaf-6.GPU.S9825,FourHundredGigE1/0/61,0,0,0,0,0,0
2024/05/24 星期五 00:05:07.906,1716480307906,NH-DC-NM129-D04-ROCE-Leaf-6.GPU.S9825,FourHundredGigE1/0/61,133167,494395106,230804,897984888,1.02,1.86
2024/05/24 星期五 00:05:08.693,1716480308693,NH-DC-NM129-D04-ROCE-Leaf-6.GPU.S9825,FourHundredGigE1/0/61,516186,2110533684,478854,1944396180,3.35,3.08
2024/05/24 星期五 00:05:09.275,1716480309275,NH-DC-NM129-D04-ROCE-Leaf-6.GPU.S9825,FourHundredGigE1/0/61,0,0,0,0,0,0
2024/05/24 星期五 00:05:09.778,1716480309778,NH-DC-NM129-D04-ROCE-Leaf-6.GPU.S9825,FourHundredGigE1/0/61,135690,494578823,277563,1011227027,1.22,2.51
2024/05/24 星期五 00:05:10.335,1716480310335,NH-DC-NM129-D04-ROCE-Leaf-6.GPU.S9825,FourHundredGigE1/0/61,0,0,0,0,0,0
2024/05/24 星期五 00:05:11.054,1716480311054,NH-DC-NM129-D04-ROCE-Leaf-6.GPU.S9825,FourHundredGigE1/0/61,156695,593672930,334577,1344837446,1.03,2.33
2024/05/24 星期五 00:05:11.835,1716480311835,NH-DC-NM129-D04-ROCE-Leaf-6.GPU.S9825,FourHundredGigE1/0/61,301260,1215325400,207891,792037342,1.94,1.26
2024/05/24 星期五 00:05:12.435,1716480312435,NH-DC-NM129-D04-ROCE-Leaf-6.GPU.S9825,FourHundredGigE1/0/61,0,0,0,0,0,0
2024/05/24 星期五 00:05:13.017,1716480313017,NH-DC-NM129-D04-ROCE-Leaf-6.GPU.S9825,FourHundredGigE1/0/61,251482,995838562,186368,678679032,2.13,1.44
2024/05/24 星期五 00:05:13.530,1716480313530,NH-DC-NM129-D04-ROCE-Leaf-6.GPU.S9825,FourHundredGigE1/0/61,0,0,0,0,0,0
2024/05/24 星期五 00:05:14.129,1716480314129,NH-DC-NM129-D04-ROCE-Leaf-6.GPU.S9825,FourHundredGigE1/0/61,109971,416707852,110028,392225952,0.86,0.81
2024/05/24 星期五 00:05:14.935,1716480314935,NH-DC-NM129-D04-ROCE-Leaf-6.GPU.S9825,FourHundredGigE1/0/61,128856,493459241,234239,933798056,0.76,1.44
2024/05/24 星期五 00:05:15.565,1716480315565,NH-DC-NM129-D04-ROCE-Leaf-6.GPU.S9825,FourHundredGigE1/0/61,119400,427538876,283338,1104719782,0.83,2.18
2024/05/24 星期五 00:05:16.109,1716480316109,NH-DC-NM129-D04-ROCE-Leaf-6.GPU.S9825,FourHundredGigE1/0/61,0,0,0,0,0,0
2024/05/24 星期五 00:05:16.665,1716480316665,NH-DC-NM129-D04-ROCE-Leaf-6.GPU.S9825,FourHundredGigE1/0/61,0,0,0,0,0,0
2024/05/24 星期五 00:05:17.166,1716480317166,NH-DC-NM129-D04-ROCE-Leaf-6.GPU.S9825,FourHundredGigE1/0/61,228921,884487554,193921,746870970,2.20,1.85
2024/05/24 星期五 00:05:17.709,1716480317709,NH-DC-NM129-D04-ROCE-Leaf-6.GPU.S9825,FourHundredGigE1/0/61,268376,1079574297,116013,419588406,2.46,0.94
2024/05/24 星期五 00:05:18.228,1716480318228,NH-DC-NM129-D04-ROCE-Leaf-6.GPU.S9825,FourHundredGigE1/0/61,0,0,0,0,0,0
2024/05/24 星期五 00:05:18.961,1716480318961,NH-DC-NM129-D04-ROCE-Leaf-6.GPU.S9825,FourHundredGigE1/0/61,182769,639350727,232870,906414052,1.07,1.53
2024/05/24 星期五 00:05:19.539,1716480319539,NH-DC-NM129-D04-ROCE-Leaf-6.GPU.S9825,FourHundredGigE1/0/61,0,0,0,0,0,0
2024/05/24 星期五 00:05:20.080,1716480320080,NH-DC-NM129-D04-ROCE-Leaf-6.GPU.S9825,FourHundredGigE1/0/61,176609,652875294,204962,802861416,1.50,1.85
2024/05/24 星期五 00:05:20.584,1716480320584,NH-DC-NM129-D04-ROCE-Leaf-6.GPU.S9825,FourHundredGigE1/0/61,0,0,0,0,0,0
2024/05/24 星期五 00:05:21.086,1716480321086,NH-DC-NM129-D04-ROCE-Leaf-6.GPU.S9825,FourHundredGigE1/0/61,297144,1203498644,212052,833220284,2.99,2.07
2024/05/24 星期五 00:05:21.746,1716480321746,NH-DC-NM129-D04-ROCE-Leaf-6.GPU.S9825,FourHundredGigE1/0/61,323601,1268844946,185661,699038480,2.39,1.31
2024/05/24 星期五 00:05:22.495,1716480322495,NH-DC-NM129-D04-ROCE-Leaf-6.GPU.S9825,FourHundredGigE1/0/61,0,0,0,0,0,0
2024/05/24 星期五 00:05:23.083,1716480323083,NH-DC-NM129-D04-ROCE-Leaf-6.GPU.S9825,FourHundredGigE1/0/61,200655,776689210,433526,1743945106,1.64,3.70
2024/05/24 星期五 00:05:23.588,1716480323588,NH-DC-NM129-D04-ROCE-Leaf-6.GPU.S9825,FourHundredGigE1/0/61,0,0,0,0,0,0
2024/05/24 星期五 00:05:24.098,1716480324098,NH-DC-NM129-D04-ROCE-Leaf-6.GPU.S9825,FourHundredGigE1/0/61,144410,538002300,123079,465146058,1.30,1.13
2024/05/24 星期五 00:05:24.669,1716480324669,NH-DC-NM129-D04-ROCE-Leaf-6.GPU.S9825,FourHundredGigE1/0/61,0,0,0,0,0,0
2024/05/24 星期五 00:05:25.174,1716480325174,NH-DC-NM129-D04-ROCE-Leaf-6.GPU.S9825,FourHundredGigE1/0/61,165458,671215244,125222,477225316,1.66,1.16
2024/05/24 星期五 00:05:25.933,1716480325933,NH-DC-NM129-D04-ROCE-Leaf-6.GPU.S9825,FourHundredGigE1/0/61,201887,810408054,78121,287190186,1.33,0.46
2024/05/24 星期五 00:05:26.474,1716480326474,NH-DC-NM129-D04-ROCE-Leaf-6.GPU.S9825,FourHundredGigE1/0/61,0,0,0,0,0,0
2024/05/24 星期五 00:05:26.977,1716480326977,NH-DC-NM129-D04-ROCE-Leaf-6.GPU.S9825,FourHundredGigE1/0/61,198743,804416547,349514,1417075192,1.99,3.50
2024/05/24 星期五 00:05:27.481,1716480327481,NH-DC-NM129-D04-ROCE-Leaf-6.GPU.S9825,FourHundredGigE1/0/61,0,0,0,0,0,0
2024/05/24 星期五 00:05:27.996,1716480327996,NH-DC-NM129-D04-ROCE-Leaf-6.GPU.S9825,FourHundredGigE1/0/61,81801,301204430,85187,322650466,0.73,0.78
2024/05/24 星期五 00:05:28.538,1716480328538,NH-DC-NM129-D04-ROCE-Leaf-6.GPU.S9825,FourHundredGigE1/0/61,82156,330317396,102143,387428238,0.76,0.88
2024/05/24 星期五 00:05:29.235,1716480329235,NH-DC-NM129-D04-ROCE-Leaf-6.GPU.S9825,FourHundredGigE1/0/61,0,0,0,0,0,0
2024/05/24 星期五 00:05:29.795,1716480329795,NH-DC-NM129-D04-ROCE-Leaf-6.GPU.S9825,FourHundredGigE1/0/61,223717,885366846,348161,1374186410,1.96,3.06
2024/05/24 星期五 00:05:30.313,1716480330313,NH-DC-NM129-D04-ROCE-Leaf-6.GPU.S9825,FourHundredGigE1/0/61,0,0,0,0,0,0
2024/05/24 星期五 00:05:30.815,1716480330815,NH-DC-NM129-D04-ROCE-Leaf-6.GPU.S9825,FourHundredGigE1/0/61,41999,134159358,67236,252707044,0.32,0.62
2024/05/24 星期五 00:05:31.317,1716480331317,NH-DC-NM129-D04-ROCE-Leaf-6.GPU.S9825,FourHundredGigE1/0/61,0,0,0,0,0,0
2024/05/24 星期五 00:05:31.830,1716480331830,NH-DC-NM129-D04-ROCE-Leaf-6.GPU.S9825,FourHundredGigE1/0/61,144875,499848250,116346,401863620,1.19,0.97
2024/05/24 星期五 00:05:32.545,1716480332545,NH-DC-NM129-D04-ROCE-Leaf-6.GPU.S9825,FourHundredGigE1/0/61,110441,408174766,170723,643655182,0.70,1.12
2024/05/24 星期五 00:05:33.201,1716480333201,NH-DC-NM129-D04-ROCE-Leaf-6.GPU.S9825,FourHundredGigE1/0/61,0,0,0,0,0,0
2024/05/24 星期五 00:05:33.706,1716480333706,NH-DC-NM129-D04-ROCE-Leaf-6.GPU.S9825,FourHundredGigE1/0/61,681151,2770579018,319565,1277554010,6.86,3.14
2024/05/24 星期五 00:05:34.233,1716480334233,NH-DC-NM129-D04-ROCE-Leaf-6.GPU.S9825,FourHundredGigE1/0/61,0,0,0,0,0,0
2024/05/24 星期五 00:05:34.803,1716480334803,NH-DC-NM129-D04-ROCE-Leaf-6.GPU.S9825,FourHundredGigE1/0/61,1032317,4203899566,122143,441944398,9.21,0.96
2024/05/24 星期五 00:05:35.307,1716480335307,NH-DC-NM129-D04-ROCE-Leaf-6.GPU.S9825,FourHundredGigE1/0/61,0,0,0,0,0,0
2024/05/24 星期五 00:05:36.081,1716480336081,NH-DC-NM129-D04-ROCE-Leaf-6.GPU.S9825,FourHundredGigE1/0/61,925072,3774626028,81381,281913238,6.09,0.45
2024/05/24 星期五 00:05:36.745,1716480336745,NH-DC-NM129-D04-ROCE-Leaf-6.GPU.S9825,FourHundredGigE1/0/61,1426585,5817274306,463184,1862745520,10.94,3.50
2024/05/24 星期五 00:05:37.247,1716480337247,NH-DC-NM129-D04-ROCE-Leaf-6.GPU.S9825,FourHundredGigE1/0/61,0,0,0,0,0,0
2024/05/24 星期五 00:05:37.845,1716480337845,NH-DC-NM129-D04-ROCE-Leaf-6.GPU.S9825,FourHundredGigE1/0/61,935341,3819696990,204459,721804731,7.96,1.51
2024/05/24 星期五 00:05:38.355,1716480338355,NH-DC-NM129-D04-ROCE-Leaf-6.GPU.S9825,FourHundredGigE1/0/61,0,0,0,0,0,0
2024/05/24 星期五 00:05:38.857,1716480338857,NH-DC-NM129-D04-ROCE-Leaf-6.GPU.S9825,FourHundredGigE1/0/61,361626,1419863096,457612,1441096196,3.51,3.59
2024/05/24 星期五 00:05:39.559,1716480339559,NH-DC-NM129-D04-ROCE-Leaf-6.GPU.S9825,FourHundredGigE1/0/61,0,0,0,0,0,0
2024/05/24 星期五 00:05:40.163,1716480340163,NH-DC-NM129-D04-ROCE-Leaf-6.GPU.S9825,FourHundredGigE1/0/61,191106,773892052,201640,637475130,1.59,1.30
2024/05/24 星期五 00:05:40.672,1716480340672,NH-DC-NM129-D04-ROCE-Leaf-6.GPU.S9825,FourHundredGigE1/0/61,454035,1815346461,243969,972682290,4.44,2.38
2024/05/24 星期五 00:05:41.173,1716480341173,NH-DC-NM129-D04-ROCE-Leaf-6.GPU.S9825,FourHundredGigE1/0/61,0,0,0,0,0,0
2024/05/24 星期五 00:05:41.989,1716480341989,NH-DC-NM129-D04-ROCE-Leaf-6.GPU.S9825,FourHundredGigE1/0/61,342705,1223853329,383875,1437402790,1.87,2.19
2024/05/24 星期五 00:05:42.755,1716480342755,NH-DC-NM129-D04-ROCE-Leaf-6.GPU.S9825,FourHundredGigE1/0/61,334233,1314951646,406783,1617971860,2.14,2.63
2024/05/24 星期五 00:05:43.495,1716480343495,NH-DC-NM129-D04-ROCE-Leaf-6.GPU.S9825,FourHundredGigE1/0/61,0,0,0,0,0,0
2024/05/24 星期五 00:05:44.015,1716480344015,NH-DC-NM129-D04-ROCE-Leaf-6.GPU.S9825,FourHundredGigE1/0/61,272885,1056352366,424232,1646692290,2.52,3.94
2024/05/24 星期五 00:05:44.597,1716480344597,NH-DC-NM129-D04-ROCE-Leaf-6.GPU.S9825,FourHundredGigE1/0/61,0,0,0,0,0,0
2024/05/24 星期五 00:05:45.145,1716480345145,NH-DC-NM129-D04-ROCE-Leaf-6.GPU.S9825,FourHundredGigE1/0/61,284088,1106798136,309142,1207003396,2.51,2.74
2024/05/24 星期五 00:05:45.753,1716480345753,NH-DC-NM129-D04-ROCE-Leaf-6.GPU.S9825,FourHundredGigE1/0/61,163134,533673440,267640,1065582884,1.09,2.18
2024/05/24 星期五 00:05:46.420,1716480346420,NH-DC-NM129-D04-ROCE-Leaf-6.GPU.S9825,FourHundredGigE1/0/61,255004,965873436,317618,1273211696,1.80,2.38
2024/05/24 星期五 00:05:47.311,1716480347311,NH-DC-NM129-D04-ROCE-Leaf-6.GPU.S9825,FourHundredGigE1/0/61,0,0,0,0,0,0
2024/05/24 星期五 00:05:47.822,1716480347822,NH-DC-NM129-D04-ROCE-Leaf-6.GPU.S9825,FourHundredGigE1/0/61,347970,1386660364,321961,1277265194,3.38,3.11
2024/05/24 星期五 00:05:48.374,1716480348374,NH-DC-NM129-D04-ROCE-Leaf-6.GPU.S9825,FourHundredGigE1/0/61,0,0,0,0,0,0
2024/05/24 星期五 00:05:48.875,1716480348875,NH-DC-NM129-D04-ROCE-Leaf-6.GPU.S9825,FourHundredGigE1/0/61,205229,845321042,141178,556811768,2.10,1.37
2024/05/24 星期五 00:05:49.464,1716480349464,NH-DC-NM129-D04-ROCE-Leaf-6.GPU.S9825,FourHundredGigE1/0/61,0,0,0,0,0,0
2024/05/24 星期五 00:05:50.048,1716480350048,NH-DC-NM129-D04-ROCE-Leaf-6.GPU.S9825,FourHundredGigE1/0/61,107251,419863518,103156,395647328,0.88,0.83
2024/05/24 星期五 00:05:50.636,1716480350636,NH-DC-NM129-D04-ROCE-Leaf-6.GPU.S9825,FourHundredGigE1/0/61,0,0,0,0,0,0
2024/05/24 星期五 00:05:51.137,1716480351137,NH-DC-NM129-D04-ROCE-Leaf-6.GPU.S9825,FourHundredGigE1/0/61,110890,435051744,106358,274400856,1.07,0.67
2024/05/24 星期五 00:05:51.708,1716480351708,NH-DC-NM129-D04-ROCE-Leaf-6.GPU.S9825,FourHundredGigE1/0/61,222866,708946134,501599,2030846458,1.53,4.44
2024/05/24 星期五 00:05:52.298,1716480352298,NH-DC-NM129-D04-ROCE-Leaf-6.GPU.S9825,FourHundredGigE1/0/61,0,0,0,0,0,0
2024/05/24 星期五 00:05:52.814,1716480352814,NH-DC-NM129-D04-ROCE-Leaf-6.GPU.S9825,FourHundredGigE1/0/61,231726,896350998,114812,421065004,2.16,1.02
2024/05/24 星期五 00:05:53.366,1716480353366,NH-DC-NM129-D04-ROCE-Leaf-6.GPU.S9825,FourHundredGigE1/0/61,102450,0,167184,0,0,0
2024/05/24 星期五 00:05:54.162,1716480354162,NH-DC-NM129-D04-ROCE-Leaf-6.GPU.S9825,FourHundredGigE1/0/61,0,349780688,0,643689600,0.53,1.01
2024/05/24 星期五 00:05:54.831,1716480354831,NH-DC-NM129-D04-ROCE-Leaf-6.GPU.S9825,FourHundredGigE1/0/61,220625,874130602,148633,538887034,1.63,0.99
2024/05/24 星期五 00:05:55.677,1716480355677,NH-DC-NM129-D04-ROCE-Leaf-6.GPU.S9825,FourHundredGigE1/0/61,119660,423567408,95474,329738296,0.62,0.47
2024/05/24 星期五 00:05:56.346,1716480356346,NH-DC-NM129-D04-ROCE-Leaf-6.GPU.S9825,FourHundredGigE1/0/61,0,0,0,0,0,0
2024/05/24 星期五 00:05:56.988,1716480356988,NH-DC-NM129-D04-ROCE-Leaf-6.GPU.S9825,FourHundredGigE1/0/61,236840,900993604,332540,1257654718,1.75,2.43
2024/05/24 星期五 00:05:57.731,1716480357731,NH-DC-NM129-D04-ROCE-Leaf-6.GPU.S9825,FourHundredGigE1/0/61,129623,467536678,2366239,9672635852,0.77,16.27
2024/05/24 星期五 00:05:58.232,1716480358232,NH-DC-NM129-D04-ROCE-Leaf-6.GPU.S9825,FourHundredGigE1/0/61,0,0,0,0,0,0
2024/05/24 星期五 00:05:58.793,1716480358793,NH-DC-NM129-D04-ROCE-Leaf-6.GPU.S9825,FourHundredGigE1/0/61,390539,1525637772,2038731,8342724848,3.39,18.58
2024/05/24 星期五 00:05:59.568,1716480359568,NH-DC-NM129-D04-ROCE-Leaf-6.GPU.S9825,FourHundredGigE1/0/61,0,0,0,0,0,0
2024/05/24 星期五 00:06:00.071,1716480360071,NH-DC-NM129-D04-ROCE-Leaf-6.GPU.S9825,FourHundredGigE1/0/61,190058,702856652,1055628,4287382578,1.74,10.64
2024/05/24 星期五 00:06:01.503,1716480361503,NH-DC-NM129-D04-ROCE-Leaf-6.GPU.S9825,FourHundredGigE1/0/61,399785,1568840568,941784,3843183256,1.36,3.35
2024/05/24 星期五 00:06:02.006,1716480362006,NH-DC-NM129-D04-ROCE-Leaf-6.GPU.S9825,FourHundredGigE1/0/61,701724,2579797560,1261421,5012218850,6.39,12.45
2024/05/24 星期五 00:06:03.716,1716480363716,NH-DC-NM129-D04-ROCE-Leaf-6.GPU.S9825,FourHundredGigE1/0/61,151872,555595124,103566,394109556,0.40,0.29
2024/05/24 星期五 00:06:05.048,1716480365048,NH-DC-NM129-D04-ROCE-Leaf-6.GPU.S9825,FourHundredGigE1/0/61,34201,106532510,193496,749444536,0.09,0.69
2024/05/24 星期五 00:06:05.552,1716480365552,NH-DC-NM129-D04-ROCE-Leaf-6.GPU.S9825,FourHundredGigE1/0/61,0,0,0,0,0,0
2024/05/24 星期五 00:06:06.052,1716480366052,NH-DC-NM129-D04-ROCE-Leaf-6.GPU.S9825,FourHundredGigE1/0/61,246051,961317526,217643,814004782,2.4,2.02
2024/05/24 星期五 00:06:06.632,1716480366632,NH-DC-NM129-D04-ROCE-Leaf-6.GPU.S9825,FourHundredGigE1/0/61,363927,1445184314,212074,729041996,3.10,1.55
2024/05/24 星期五 00:06:07.277,1716480367277,NH-DC-NM129-D04-ROCE-Leaf-6.GPU.S9825,FourHundredGigE1/0/61,0,0,0,0,0,0
2024/05/24 星期五 00:06:07.866,1716480367866,NH-DC-NM129-D04-ROCE-Leaf-6.GPU.S9825,FourHundredGigE1/0/61,268202,997263445,164816,613186844,2.10,1.29
2024/05/24 星期五 00:06:08.406,1716480368406,NH-DC-NM129-D04-ROCE-Leaf-6.GPU.S9825,FourHundredGigE1/0/61,0,0,0,0,0,0
2024/05/24 星期五 00:06:08.911,1716480368911,NH-DC-NM129-D04-ROCE-Leaf-6.GPU.S9825,FourHundredGigE1/0/61,208085,819657408,245286,933715784,2.00,2.30
2024/05/24 星期五 00:06:09.517,1716480369517,NH-DC-NM129-D04-ROCE-Leaf-6.GPU.S9825,FourHundredGigE1/0/61,0,0,0,0,0,0
2024/05/24 星期五 00:06:10.018,1716480370018,NH-DC-NM129-D04-ROCE-Leaf-6.GPU.S9825,FourHundredGigE1/0/61,231979,856195640,722280,2929984724,2.12,7.29
2024/05/24 星期五 00:06:10.710,1716480370710,NH-DC-NM129-D04-ROCE-Leaf-6.GPU.S9825,FourHundredGigE1/0/61,175338,663490896,209246,755816040,1.19,1.35
2024/05/24 星期五 00:06:11.393,1716480371393,NH-DC-NM129-D04-ROCE-Leaf-6.GPU.S9825,FourHundredGigE1/0/61,0,0,0,0,0,0
2024/05/24 星期五 00:06:11.999,1716480371999,NH-DC-NM129-D04-ROCE-Leaf-6.GPU.S9825,FourHundredGigE1/0/61,464341,1839339692,353208,1348035308,3.77,2.76
2024/05/24 星期五 00:06:12.501,1716480372501,NH-DC-NM129-D04-ROCE-Leaf-6.GPU.S9825,FourHundredGigE1/0/61,0,0,0,0,0,0
2024/05/24 星期五 00:06:13.099,1716480373099,NH-DC-NM129-D04-ROCE-Leaf-6.GPU.S9825,FourHundredGigE1/0/61,263304,1054245424,236595,913567554,2.19,1.90
2024/05/24 星期五 00:06:13.713,1716480373713,NH-DC-NM129-D04-ROCE-Leaf-6.GPU.S9825,FourHundredGigE1/0/61,618112,2494971424,615165,2445288230,5.07,4.97
2024/05/24 星期五 00:06:14.392,1716480374392,NH-DC-NM129-D04-ROCE-Leaf-6.GPU.S9825,FourHundredGigE1/0/61,0,0,0,0,0,0
2024/05/24 星期五 00:06:15.074,1716480375074,NH-DC-NM129-D04-ROCE-Leaf-6.GPU.S9825,FourHundredGigE1/0/61,159372,600307524,280889,981774042,1.10,1.80
2024/05/24 星期五 00:06:15.582,1716480375582,NH-DC-NM129-D04-ROCE-Leaf-6.GPU.S9825,FourHundredGigE1/0/61,0,0,0,0,0,0
2024/05/24 星期五 00:06:16.085,1716480376085,NH-DC-NM129-D04-ROCE-Leaf-6.GPU.S9825,FourHundredGigE1/0/61,55694,175147560,163059,580927914,0.42,1.44
2024/05/24 星期五 00:06:16.667,1716480376667,NH-DC-NM129-D04-ROCE-Leaf-6.GPU.S9825,FourHundredGigE1/0/61,304247,1220880214,361557,1400150034,2.62,3.01
2024/05/24 星期五 00:06:17.363,1716480377363,NH-DC-NM129-D04-ROCE-Leaf-6.GPU.S9825,FourHundredGigE1/0/61,0,0,0,0,0,0
2024/05/24 星期五 00:06:17.867,1716480377867,NH-DC-NM129-D04-ROCE-Leaf-6.GPU.S9825,FourHundredGigE1/0/61,88963,338398778,312586,1169792236,0.82,2.88
2024/05/24 星期五 00:06:18.430,1716480378430,NH-DC-NM129-D04-ROCE-Leaf-6.GPU.S9825,FourHundredGigE1/0/61,0,0,0,0,0,0
2024/05/24 星期五 00:06:18.965,1716480378965,NH-DC-NM129-D04-ROCE-Leaf-6.GPU.S9825,FourHundredGigE1/0/61,272721,1084082722,496728,1851678672,2.52,4.32
2024/05/24 星期五 00:06:19.492,1716480379492,NH-DC-NM129-D04-ROCE-Leaf-6.GPU.S9825,FourHundredGigE1/0/61,0,0,0,0,0,0
2024/05/24 星期五 00:06:19.997,1716480379997,NH-DC-NM129-D04-ROCE-Leaf-6.GPU.S9825,FourHundredGigE1/0/61,111227,435786170,406704,1522073104,1.06,3.76
2024/05/24 星期五 00:06:20.616,1716480380616,NH-DC-NM129-D04-ROCE-Leaf-6.GPU.S9825,FourHundredGigE1/0/61,242351,961467026,359808,1370025252,1.94,2.77
2024/05/24 星期五 00:06:21.248,1716480381248,NH-DC-NM129-D04-ROCE-Leaf-6.GPU.S9825,FourHundredGigE1/0/61,0,0,0,0,0,0
2024/05/24 星期五 00:06:21.796,1716480381796,NH-DC-NM129-D04-ROCE-Leaf-6.GPU.S9825,FourHundredGigE1/0/61,104498,407346076,132074,497479020,0.91,1.12
2024/05/24 星期五 00:06:22.297,1716480382297,NH-DC-NM129-D04-ROCE-Leaf-6.GPU.S9825,FourHundredGigE1/0/61,0,0,0,0,0,0
2024/05/24 星期五 00:06:22.848,1716480382848,NH-DC-NM129-D04-ROCE-Leaf-6.GPU.S9825,FourHundredGigE1/0/61,163107,644008834,67633,231473530,1.45,0.52
2024/05/24 星期五 00:06:23.348,1716480383348,NH-DC-NM129-D04-ROCE-Leaf-6.GPU.S9825,FourHundredGigE1/0/61,0,0,0,0,0,0
2024/05/24 星期五 00:06:23.862,1716480383862,NH-DC-NM129-D04-ROCE-Leaf-6.GPU.S9825,FourHundredGigE1/0/61,2191937,8948626316,170466,632496596,21.74,1.53
2024/05/24 星期五 00:06:24.524,1716480384524,NH-DC-NM129-D04-ROCE-Leaf-6.GPU.S9825,FourHundredGigE1/0/61,0,0,0,0,0,0
2024/05/24 星期五 00:06:25.086,1716480385086,NH-DC-NM129-D04-ROCE-Leaf-6.GPU.S9825,FourHundredGigE1/0/61,2277236,9321386070,151772,605881055,20.73,1.33
2024/05/24 星期五 00:06:25.642,1716480385642,NH-DC-NM129-D04-ROCE-Leaf-6.GPU.S9825,FourHundredGigE1/0/61,355432,1369289260,75041,193639776,3.06,0.43
2024/05/24 星期五 00:06:26.166,1716480386166,NH-DC-NM129-D04-ROCE-Leaf-6.GPU.S9825,FourHundredGigE1/0/61,0,0,0,0,0,0
2024/05/24 星期五 00:06:26.738,1716480386738,NH-DC-NM129-D04-ROCE-Leaf-6.GPU.S9825,FourHundredGigE1/0/61,299678,1180293472,132094,385075164,2.58,0.83
2024/05/24 星期五 00:06:27.242,1716480387242,NH-DC-NM129-D04-ROCE-Leaf-6.GPU.S9825,FourHundredGigE1/0/61,0,0,0,0,0,0
2024/05/24 星期五 00:06:27.899,1716480387899,NH-DC-NM129-D04-ROCE-Leaf-6.GPU.S9825,FourHundredGigE1/0/61,88643,325741214,588803,2260101614,0.61,4.30
2024/05/24 星期五 00:06:28.546,1716480388546,NH-DC-NM129-D04-ROCE-Leaf-6.GPU.S9825,FourHundredGigE1/0/61,96640,363681628,230651,738857286,0.70,1.41
2024/05/24 星期五 00:06:29.239,1716480389239,NH-DC-NM129-D04-ROCE-Leaf-6.GPU.S9825,FourHundredGigE1/0/61,0,0,0,0,0,0
2024/05/24 星期五 00:06:29.892,1716480389892,NH-DC-NM129-D04-ROCE-Leaf-6.GPU.S9825,FourHundredGigE1/0/61,329910,1301466224,198542,740090752,2.49,1.42
2024/05/24 星期五 00:06:30.459,1716480390459,NH-DC-NM129-D04-ROCE-Leaf-6.GPU.S9825,FourHundredGigE1/0/61,175437,667376486,208835,765903662,1.46,1.68
2024/05/24 星期五 00:06:31.209,1716480391209,NH-DC-NM129-D04-ROCE-Leaf-6.GPU.S9825,FourHundredGigE1/0/61,0,0,0,0,0,0
2024/05/24 星期五 00:06:31.800,1716480391800,NH-DC-NM129-D04-ROCE-Leaf-6.GPU.S9825,FourHundredGigE1/0/61,275482,1082258712,522060,2051035084,2.28,4.34
2024/05/24 星期五 00:06:32.355,1716480392355,NH-DC-NM129-D04-ROCE-Leaf-6.GPU.S9825,FourHundredGigE1/0/61,0,0,0,0,0,0
2024/05/24 星期五 00:06:32.921,1716480392921,NH-DC-NM129-D04-ROCE-Leaf-6.GPU.S9825,FourHundredGigE1/0/61,112275,422876570,318878,1233505164,0.93,2.72
2024/05/24 星期五 00:06:33.503,1716480393503,NH-DC-NM129-D04-ROCE-Leaf-6.GPU.S9825,FourHundredGigE1/0/61,0,0,0,0,0,0
2024/05/24 星期五 00:06:34.004,1716480394004,NH-DC-NM129-D04-ROCE-Leaf-6.GPU.S9825,FourHundredGigE1/0/61,141744,526804272,212840,803714184,1.30,2.00
2024/05/24 星期五 00:06:35.016,1716480395016,NH-DC-NM129-D04-ROCE-Leaf-6.GPU.S9825,FourHundredGigE1/0/61,409193,1597880810,392619,1492108014,1.96,1.84
2024/05/24 星期五 00:06:35.518,1716480395518,NH-DC-NM129-D04-ROCE-Leaf-6.GPU.S9825,FourHundredGigE1/0/61,0,0,0,0,0,0
2024/05/24 星期五 00:06:36.022,1716480396022,NH-DC-NM129-D04-ROCE-Leaf-6.GPU.S9825,FourHundredGigE1/0/61,204827,803018794,87999,248759315,1.98,0.60
2024/05/24 星期五 00:06:36.628,1716480396628,NH-DC-NM129-D04-ROCE-Leaf-6.GPU.S9825,FourHundredGigE1/0/61,0,0,0,0,0,0
2024/05/24 星期五 00:06:37.146,1716480397146,NH-DC-NM129-D04-ROCE-Leaf-6.GPU.S9825,FourHundredGigE1/0/61,200005,749230230,171090,604636564,1.79,1.45
2024/05/24 星期五 00:06:38.156,1716480398156,NH-DC-NM129-D04-ROCE-Leaf-6.GPU.S9825,FourHundredGigE1/0/61,216113,846809177,184726,715265156,1.04,0.88
2024/05/24 星期五 00:06:38.662,1716480398662,NH-DC-NM129-D04-ROCE-Leaf-6.GPU.S9825,FourHundredGigE1/0/61,0,0,0,0,0,0
2024/05/24 星期五 00:06:39.161,1716480399161,NH-DC-NM129-D04-ROCE-Leaf-6.GPU.S9825,FourHundredGigE1/0/61,263600,999826472,445791,1750791230,2.48,4.38
2024/05/24 星期五 00:06:39.731,1716480399731,NH-DC-NM129-D04-ROCE-Leaf-6.GPU.S9825,FourHundredGigE1/0/61,0,0,0,0,0,0
2024/05/24 星期五 00:06:40.233,1716480400233,NH-DC-NM129-D04-ROCE-Leaf-6.GPU.S9825,FourHundredGigE1/0/61,252917,997258990,166117,633888454,2.47,1.57
2024/05/24 星期五 00:06:40.792,1716480400792,NH-DC-NM129-D04-ROCE-Leaf-6.GPU.S9825,FourHundredGigE1/0/61,97149,361146462,109232,396311620,0.81,0.87
2024/05/24 星期五 00:06:41.565,1716480401565,NH-DC-NM129-D04-ROCE-Leaf-6.GPU.S9825,FourHundredGigE1/0/61,299368,1177775460,120054,400343120,1.89,0.65
2024/05/24 星期五 00:06:42.243,1716480402243,NH-DC-NM129-D04-ROCE-Leaf-6.GPU.S9825,FourHundredGigE1/0/61,0,0,0,0,0,0
2024/05/24 星期五 00:06:42.945,1716480402945,NH-DC-NM129-D04-ROCE-Leaf-6.GPU.S9825,FourHundredGigE1/0/61,217832,845055004,401712,1568625940,1.50,2.78
2024/05/24 星期五 00:06:43.482,1716480403482,NH-DC-NM129-D04-ROCE-Leaf-6.GPU.S9825,FourHundredGigE1/0/61,0,0,0,0,0,0
2024/05/24 星期五 00:06:43.985,1716480403985,NH-DC-NM129-D04-ROCE-Leaf-6.GPU.S9825,FourHundredGigE1/0/61,285044,1071976908,260157,965641166,2.66,2.39
2024/05/24 星期五 00:06:44.763,1716480404763,NH-DC-NM129-D04-ROCE-Leaf-6.GPU.S9825,FourHundredGigE1/0/61,181825,675874738,129211,468729950,1.08,0.74
2024/05/24 星期五 00:06:45.277,1716480405277,NH-DC-NM129-D04-ROCE-Leaf-6.GPU.S9825,FourHundredGigE1/0/61,0,0,0,0,0,0
2024/05/24 星期五 00:06:45.781,1716480405781,NH-DC-NM129-D04-ROCE-Leaf-6.GPU.S9825,FourHundredGigE1/0/61,245752,969794692,264749,1035625638,2.38,2.55
2024/05/24 星期五 00:06:46.432,1716480406432,NH-DC-NM129-D04-ROCE-Leaf-6.GPU.S9825,FourHundredGigE1/0/61,216678,833283188,151209,557176450,1.59,1.06
2024/05/24 星期五 00:06:47.229,1716480407229,NH-DC-NM129-D04-ROCE-Leaf-6.GPU.S9825,FourHundredGigE1/0/61,0,0,0,0,0,0
2024/05/24 星期五 00:06:47.925,1716480407925,NH-DC-NM129-D04-ROCE-Leaf-6.GPU.S9825,FourHundredGigE1/0/61,190585,736564502,345692,1155406840,1.31,2.07
2024/05/24 星期五 00:06:48.482,1716480408482,NH-DC-NM129-D04-ROCE-Leaf-6.GPU.S9825,FourHundredGigE1/0/61,0,0,0,0,0,0
2024/05/24 星期五 00:06:48.981,1716480408981,NH-DC-NM129-D04-ROCE-Leaf-6.GPU.S9825,FourHundredGigE1/0/61,154405,492647022,159408,603417572,1.23,1.50
2024/05/24 星期五 00:06:49.627,1716480409627,NH-DC-NM129-D04-ROCE-Leaf-6.GPU.S9825,FourHundredGigE1/0/61,0,0,0,0,0,0
2024/05/24 星期五 00:06:50.137,1716480410137,NH-DC-NM129-D04-ROCE-Leaf-6.GPU.S9825,FourHundredGigE1/0/61,360270,1189275574,94856,304429948,2.89,0.74
2024/05/24 星期五 00:06:51.215,1716480411215,NH-DC-NM129-D04-ROCE-Leaf-6.GPU.S9825,FourHundredGigE1/0/61,217538,617248370,91220,316151828,0.71,0.36
2024/05/24 星期五 00:06:51.786,1716480411786,NH-DC-NM129-D04-ROCE-Leaf-6.GPU.S9825,FourHundredGigE1/0/61,180545,527937130,128957,449807310,1.14,0.96
2024/05/24 星期五 00:06:52.289,1716480412289,NH-DC-NM129-D04-ROCE-Leaf-6.GPU.S9825,FourHundredGigE1/0/61,0,0,0,0,0,0
2024/05/24 星期五 00:06:52.917,1716480412917,NH-DC-NM129-D04-ROCE-Leaf-6.GPU.S9825,FourHundredGigE1/0/61,271633,963920074,245304,929331100,1.91,1.83
2024/05/24 星期五 00:06:53.585,1716480413585,NH-DC-NM129-D04-ROCE-Leaf-6.GPU.S9825,FourHundredGigE1/0/61,0,0,0,0,0,0
2024/05/24 星期五 00:06:54.088,1716480414088,NH-DC-NM129-D04-ROCE-Leaf-6.GPU.S9825,FourHundredGigE1/0/61,531635,2041584086,160959,620330836,5.07,1.54
2024/05/24 星期五 00:06:54.831,1716480414831,NH-DC-NM129-D04-ROCE-Leaf-6.GPU.S9825,FourHundredGigE1/0/61,102085,325508039,313523,1264544148,0.54,2.12
2024/05/24 星期五 00:06:55.609,1716480415609,NH-DC-NM129-D04-ROCE-Leaf-6.GPU.S9825,FourHundredGigE1/0/61,143725,548172774,310486,1163240980,0.87,1.86
2024/05/24 星期五 00:06:56.124,1716480416124,NH-DC-NM129-D04-ROCE-Leaf-6.GPU.S9825,FourHundredGigE1/0/61,0,0,0,0,0,0
2024/05/24 星期五 00:06:56.665,1716480416665,NH-DC-NM129-D04-ROCE-Leaf-6.GPU.S9825,FourHundredGigE1/0/61,201478,752704392,156784,581350925,1.73,1.34
2024/05/24 星期五 00:06:58.265,1716480418265,NH-DC-NM129-D04-ROCE-Leaf-6.GPU.S9825,FourHundredGigE1/0/61,245754,951012592,191793,742710250,0.74,0.58
2024/05/24 星期五 00:06:58.869,1716480418869,NH-DC-NM129-D04-ROCE-Leaf-6.GPU.S9825,FourHundredGigE1/0/61,389776,1556167194,261131,1049758050,3.21,2.15
2024/05/24 星期五 00:06:59.507,1716480419507,NH-DC-NM129-D04-ROCE-Leaf-6.GPU.S9825,FourHundredGigE1/0/61,0,0,0,0,0,0
2024/05/24 星期五 00:07:00.012,1716480420012,NH-DC-NM129-D04-ROCE-Leaf-6.GPU.S9825,FourHundredGigE1/0/61,128299,495134872,325557,1319245462,1.21,3.24
2024/05/24 星期五 00:07:00.588,1716480420588,NH-DC-NM129-D04-ROCE-Leaf-6.GPU.S9825,FourHundredGigE1/0/61,168576,679309560,283535,1041831906,1.45,2.26
2024/05/24 星期五 00:07:01.350,1716480421350,NH-DC-NM129-D04-ROCE-Leaf-6.GPU.S9825,FourHundredGigE1/0/61,0,0,0,0,0,0
2024/05/24 星期五 00:07:01.860,1716480421860,NH-DC-NM129-D04-ROCE-Leaf-6.GPU.S9825,FourHundredGigE1/0/61,224767,872478954,221804,861541592,2.13,2.11
2024/05/24 星期五 00:07:02.908,1716480422908,NH-DC-NM129-D04-ROCE-Leaf-6.GPU.S9825,FourHundredGigE1/0/61,579491,1998056411,627228,2481134457,2.37,2.96
2024/05/24 星期五 00:07:04.621,1716480424621,NH-DC-NM129-D04-ROCE-Leaf-6.GPU.S9825,FourHundredGigE1/0/61,235867,884899182,217162,811965188,0.64,0.59
2024/05/24 星期五 00:07:05.202,1716480425202,NH-DC-NM129-D04-ROCE-Leaf-6.GPU.S9825,FourHundredGigE1/0/61,0,0,0,0,0,0
2024/05/24 星期五 00:07:05.798,1716480425798,NH-DC-NM129-D04-ROCE-Leaf-6.GPU.S9825,FourHundredGigE1/0/61,97453,330706384,121153,394861696,0.69,0.82
2024/05/24 星期五 00:07:06.298,1716480426298,NH-DC-NM129-D04-ROCE-Leaf-6.GPU.S9825,FourHundredGigE1/0/61,0,0,0,0,0,0
2024/05/24 星期五 00:07:06.859,1716480426859,NH-DC-NM129-D04-ROCE-Leaf-6.GPU.S9825,FourHundredGigE1/0/61,140542,537489926,137622,533285726,1.18,1.18
2024/05/24 星期五 00:07:07.398,1716480427398,NH-DC-NM129-D04-ROCE-Leaf-6.GPU.S9825,FourHundredGigE1/0/61,0,0,0,0,0,0
2024/05/24 星期五 00:07:07.948,1716480427948,NH-DC-NM129-D04-ROCE-Leaf-6.GPU.S9825,FourHundredGigE1/0/61,102989,327725609,174509,634880358,0.73,1.43
2024/05/24 星期五 00:07:08.536,1716480428536,NH-DC-NM129-D04-ROCE-Leaf-6.GPU.S9825,FourHundredGigE1/0/61,0,0,0,0,0,0
2024/05/24 星期五 00:07:09.148,1716480429148,NH-DC-NM129-D04-ROCE-Leaf-6.GPU.S9825,FourHundredGigE1/0/61,188667,727318422,138561,513539850,1.47,1.04
2024/05/24 星期五 00:07:09.670,1716480429670,NH-DC-NM129-D04-ROCE-Leaf-6.GPU.S9825,FourHundredGigE1/0/61,0,0,0,0,0,0
2024/05/24 星期五 00:07:10.173,1716480430173,NH-DC-NM129-D04-ROCE-Leaf-6.GPU.S9825,FourHundredGigE1/0/61,424622,1750065840,67239,210272502,4.35,0.52
2024/05/24 星期五 00:07:10.781,1716480430781,NH-DC-NM129-D04-ROCE-Leaf-6.GPU.S9825,FourHundredGigE1/0/61,72604,273052032,51970,158561632,0.56,0.31
2024/05/24 星期五 00:07:11.550,1716480431550,NH-DC-NM129-D04-ROCE-Leaf-6.GPU.S9825,FourHundredGigE1/0/61,0,0,0,0,0,0
2024/05/24 星期五 00:07:12.055,1716480432055,NH-DC-NM129-D04-ROCE-Leaf-6.GPU.S9825,FourHundredGigE1/0/61,184953,702386206,303154,1002025372,1.73,2.48
2024/05/24 星期五 00:07:12.634,1716480432634,NH-DC-NM129-D04-ROCE-Leaf-6.GPU.S9825,FourHundredGigE1/0/61,75047,283327102,130397,367999318,0.60,0.78
2024/05/24 星期五 00:07:13.285,1716480433285,NH-DC-NM129-D04-ROCE-Leaf-6.GPU.S9825,FourHundredGigE1/0/61,0,0,0,0,0,0
2024/05/24 星期五 00:07:13.790,1716480433790,NH-DC-NM129-D04-ROCE-Leaf-6.GPU.S9825,FourHundredGigE1/0/61,116811,432287524,196217,716331618,1.06,1.76
2024/05/24 星期五 00:07:14.416,1716480434416,NH-DC-NM129-D04-ROCE-Leaf-6.GPU.S9825,FourHundredGigE1/0/61,0,0,0,0,0,0
2024/05/24 星期五 00:07:15.163,1716480435163,NH-DC-NM129-D04-ROCE-Leaf-6.GPU.S9825,FourHundredGigE1/0/61,164016,580592470,114531,402423914,0.97,0.67
2024/05/24 星期五 00:07:15.671,1716480435671,NH-DC-NM129-D04-ROCE-Leaf-6.GPU.S9825,FourHundredGigE1/0/61,173002,633787476,123155,452029098,1.55,1.11
2024/05/24 星期五 00:07:16.170,1716480436170,NH-DC-NM129-D04-ROCE-Leaf-6.GPU.S9825,FourHundredGigE1/0/61,0,0,0,0,0,0
2024/05/24 星期五 00:07:16.795,1716480436795,NH-DC-NM129-D04-ROCE-Leaf-6.GPU.S9825,FourHundredGigE1/0/61,199948,748622388,222747,844057315,1.48,1.68
2024/05/24 星期五 00:07:17.298,1716480437298,NH-DC-NM129-D04-ROCE-Leaf-6.GPU.S9825,FourHundredGigE1/0/61,0,0,0,0,0,0
2024/05/24 星期五 00:07:17.823,1716480437823,NH-DC-NM129-D04-ROCE-Leaf-6.GPU.S9825,FourHundredGigE1/0/61,90156,308121156,89077,317424226,0.71,0.74
2024/05/24 星期五 00:07:18.459,1716480438459,NH-DC-NM129-D04-ROCE-Leaf-6.GPU.S9825,FourHundredGigE1/0/61,0,0,0,0,0,0
2024/05/24 星期五 00:07:18.987,1716480438987,NH-DC-NM129-D04-ROCE-Leaf-6.GPU.S9825,FourHundredGigE1/0/61,336796,1306577580,341660,1346368604,3.08,3.17
2024/05/24 星期五 00:07:19.843,1716480439843,NH-DC-NM129-D04-ROCE-Leaf-6.GPU.S9825,FourHundredGigE1/0/61,74821,276801547,135864,485326700,0.39,0.70
2024/05/24 星期五 00:07:20.342,1716480440342,NH-DC-NM129-D04-ROCE-Leaf-6.GPU.S9825,FourHundredGigE1/0/61,0,0,0,0,0,0
2024/05/24 星期五 00:07:20.954,1716480440954,NH-DC-NM129-D04-ROCE-Leaf-6.GPU.S9825,FourHundredGigE1/0/61,98282,237774820,131969,352182846,0.47,0.71
2024/05/24 星期五 00:07:21.834,1716480441834,NH-DC-NM129-D04-ROCE-Leaf-6.GPU.S9825,FourHundredGigE1/0/61,279556,878379536,409352,1358190692,1.24,1.92
2024/05/24 星期五 00:07:22.350,1716480442350,NH-DC-NM129-D04-ROCE-Leaf-6.GPU.S9825,FourHundredGigE1/0/61,0,0,0,0,0,0
2024/05/24 星期五 00:07:22.965,1716480442965,NH-DC-NM129-D04-ROCE-Leaf-6.GPU.S9825,FourHundredGigE1/0/61,163211,535253418,64576,160214336,1.08,0.33
2024/05/24 星期五 00:07:23.560,1716480443560,NH-DC-NM129-D04-ROCE-Leaf-6.GPU.S9825,FourHundredGigE1/0/61,0,0,0,0,0,0
2024/05/24 星期五 00:07:24.064,1716480444064,NH-DC-NM129-D04-ROCE-Leaf-6.GPU.S9825,FourHundredGigE1/0/61,368977,1429609086,201000,788494982,3.52,1.93
2024/05/24 星期五 00:07:24.677,1716480444677,NH-DC-NM129-D04-ROCE-Leaf-6.GPU.S9825,FourHundredGigE1/0/61,145416,525891172,270114,1072697322,1.06,2.18
2024/05/24 星期五 00:07:25.271,1716480445271,NH-DC-NM129-D04-ROCE-Leaf-6.GPU.S9825,FourHundredGigE1/0/61,0,0,0,0,0,0
2024/05/24 星期五 00:07:25.872,1716480445872,NH-DC-NM129-D04-ROCE-Leaf-6.GPU.S9825,FourHundredGigE1/0/61,502160,2009806556,215789,799383138,4.16,1.64
2024/05/24 星期五 00:07:26.373,1716480446373,NH-DC-NM129-D04-ROCE-Leaf-6.GPU.S9825,FourHundredGigE1/0/61,0,0,0,0,0,0
2024/05/24 星期五 00:07:26.929,1716480446929,NH-DC-NM129-D04-ROCE-Leaf-6.GPU.S9825,FourHundredGigE1/0/61,216504,811836240,199934,758180973,1.82,1.69
2024/05/24 星期五 00:07:27.493,1716480447493,NH-DC-NM129-D04-ROCE-Leaf-6.GPU.S9825,FourHundredGigE1/0/61,0,0,0,0,0,0
2024/05/24 星期五 00:07:27.998,1716480447998,NH-DC-NM129-D04-ROCE-Leaf-6.GPU.S9825,FourHundredGigE1/0/61,423806,1707421156,239756,951612860,4.21,2.35
2024/05/24 星期五 00:07:28.671,1716480448671,NH-DC-NM129-D04-ROCE-Leaf-6.GPU.S9825,FourHundredGigE1/0/61,370632,1486879388,288543,1113692079,2.75,2.06
2024/05/24 星期五 00:07:29.254,1716480449254,NH-DC-NM129-D04-ROCE-Leaf-6.GPU.S9825,FourHundredGigE1/0/61,0,0,0,0,0,0
2024/05/24 星期五 00:07:29.772,1716480449772,NH-DC-NM129-D04-ROCE-Leaf-6.GPU.S9825,FourHundredGigE1/0/61,211609,818149478,235457,901439398,1.95,2.17
2024/05/24 星期五 00:07:30.284,1716480450284,NH-DC-NM129-D04-ROCE-Leaf-6.GPU.S9825,FourHundredGigE1/0/61,0,0,0,0,0,0
2024/05/24 星期五 00:07:30.868,1716480450868,NH-DC-NM129-D04-ROCE-Leaf-6.GPU.S9825,FourHundredGigE1/0/61,126773,485333548,154458,590413524,1.03,1.26
2024/05/24 星期五 00:07:31.431,1716480451431,NH-DC-NM129-D04-ROCE-Leaf-6.GPU.S9825,FourHundredGigE1/0/61,0,0,0,0,0,0
2024/05/24 星期五 00:07:32.026,1716480452026,NH-DC-NM129-D04-ROCE-Leaf-6.GPU.S9825,FourHundredGigE1/0/61,76946,280939306,99409,372078086,0.59,0.78
2024/05/24 星期五 00:07:32.617,1716480452617,NH-DC-NM129-D04-ROCE-Leaf-6.GPU.S9825,FourHundredGigE1/0/61,0,0,0,0,0,0
2024/05/24 星期五 00:07:33.117,1716480453117,NH-DC-NM129-D04-ROCE-Leaf-6.GPU.S9825,FourHundredGigE1/0/61,136670,545350348,270718,1073761388,1.35,2.68
2024/05/24 星期五 00:07:33.643,1716480453643,NH-DC-NM129-D04-ROCE-Leaf-6.GPU.S9825,FourHundredGigE1/0/61,144008,568991364,129095,481339658,1.33,1.14
2024/05/24 星期五 00:07:34.167,1716480454167,NH-DC-NM129-D04-ROCE-Leaf-6.GPU.S9825,FourHundredGigE1/0/61,0,0,0,0,0,0
2024/05/24 星期五 00:07:34.689,1716480454689,NH-DC-NM129-D04-ROCE-Leaf-6.GPU.S9825,FourHundredGigE1/0/61,175723,687560854,39891,142141386,1.63,0.34
2024/05/24 星期五 00:07:35.353,1716480455353,NH-DC-NM129-D04-ROCE-Leaf-6.GPU.S9825,FourHundredGigE1/0/61,0,0,0,0,0,0
2024/05/24 星期五 00:07:35.911,1716480455911,NH-DC-NM129-D04-ROCE-Leaf-6.GPU.S9825,FourHundredGigE1/0/61,61005,205910395,328787,1295082974,0.45,2.89
2024/05/24 星期五 00:07:36.413,1716480456413,NH-DC-NM129-D04-ROCE-Leaf-6.GPU.S9825,FourHundredGigE1/0/61,0,0,0,0,0,0
2024/05/24 星期五 00:07:37.375,1716480457375,NH-DC-NM129-D04-ROCE-Leaf-6.GPU.S9825,FourHundredGigE1/0/61,131898,459626588,183985,709896222,0.58,0.91
2024/05/24 星期五 00:07:37.877,1716480457877,NH-DC-NM129-D04-ROCE-Leaf-6.GPU.S9825,FourHundredGigE1/0/61,137625,540590533,130875,471559918,1.34,1.17
2024/05/24 星期五 00:07:38.382,1716480458382,NH-DC-NM129-D04-ROCE-Leaf-6.GPU.S9825,FourHundredGigE1/0/61,0,0,0,0,0,0
2024/05/24 星期五 00:07:39.135,1716480459135,NH-DC-NM129-D04-ROCE-Leaf-6.GPU.S9825,FourHundredGigE1/0/61,154171,590642730,123339,454252102,0.98,0.75
2024/05/24 星期五 00:07:39.659,1716480459659,NH-DC-NM129-D04-ROCE-Leaf-6.GPU.S9825,FourHundredGigE1/0/61,0,0,0,0,0,0
2024/05/24 星期五 00:07:40.161,1716480460161,NH-DC-NM129-D04-ROCE-Leaf-6.GPU.S9825,FourHundredGigE1/0/61,237311,918233118,384161,1514401818,2.27,3.76
2024/05/24 星期五 00:07:40.884,1716480460884,NH-DC-NM129-D04-ROCE-Leaf-6.GPU.S9825,FourHundredGigE1/0/61,187968,681477484,147839,560645898,1.18,0.97
2024/05/24 星期五 00:07:41.482,1716480461482,NH-DC-NM129-D04-ROCE-Leaf-6.GPU.S9825,FourHundredGigE1/0/61,83790,275420576,155081,581305226,0.56,1.21
2024/05/24 星期五 00:07:42.465,1716480462465,NH-DC-NM129-D04-ROCE-Leaf-6.GPU.S9825,FourHundredGigE1/0/61,0,0,0,0,0,0
2024/05/24 星期五 00:07:43.026,1716480463026,NH-DC-NM129-D04-ROCE-Leaf-6.GPU.S9825,FourHundredGigE1/0/61,165024,626804760,91832,344460173,1.38,0.76
2024/05/24 星期五 00:07:43.526,1716480463526,NH-DC-NM129-D04-ROCE-Leaf-6.GPU.S9825,FourHundredGigE1/0/61,435987,1756163106,158581,585066430,4.38,1.45
2024/05/24 星期五 00:07:44.318,1716480464318,NH-DC-NM129-D04-ROCE-Leaf-6.GPU.S9825,FourHundredGigE1/0/61,0,0,0,0,0,0
2024/05/24 星期五 00:07:44.906,1716480464906,NH-DC-NM129-D04-ROCE-Leaf-6.GPU.S9825,FourHundredGigE1/0/61,229792,882937684,336895,1354693442,1.87,2.87
2024/05/24 星期五 00:07:45.476,1716480465476,NH-DC-NM129-D04-ROCE-Leaf-6.GPU.S9825,FourHundredGigE1/0/61,213290,0,1138753,0,0,0
2024/05/24 星期五 00:07:46.096,1716480466096,NH-DC-NM129-D04-ROCE-Leaf-6.GPU.S9825,FourHundredGigE1/0/61,0,829516420,0,4598297354,1.65,9.25
2024/05/24 星期五 00:07:46.867,1716480466867,NH-DC-NM129-D04-ROCE-Leaf-6.GPU.S9825,FourHundredGigE1/0/61,278214,1124908880,278077,1031651870,1.82,1.67
2024/05/24 星期五 00:07:47.376,1716480467376,NH-DC-NM129-D04-ROCE-Leaf-6.GPU.S9825,FourHundredGigE1/0/61,0,0,0,0,0,0
2024/05/24 星期五 00:07:47.988,1716480467988,NH-DC-NM129-D04-ROCE-Leaf-6.GPU.S9825,FourHundredGigE1/0/61,159752,646042900,367475,1383215959,1.31,2.82
2024/05/24 星期五 00:07:48.487,1716480468487,NH-DC-NM129-D04-ROCE-Leaf-6.GPU.S9825,FourHundredGigE1/0/61,0,0,0,0,0,0
2024/05/24 星期五 00:07:49.156,1716480469156,NH-DC-NM129-D04-ROCE-Leaf-6.GPU.S9825,FourHundredGigE1/0/61,209311,768013974,437553,1651746642,1.42,3.08
2024/05/24 星期五 00:07:49.796,1716480469796,NH-DC-NM129-D04-ROCE-Leaf-6.GPU.S9825,FourHundredGigE1/0/61,136218,424817396,153461,569591538,0.82,1.09
2024/05/24 星期五 00:07:50.297,1716480470297,NH-DC-NM129-D04-ROCE-Leaf-6.GPU.S9825,FourHundredGigE1/0/61,0,0,0,0,0,0
2024/05/24 星期五 00:07:51.395,1716480471395,NH-DC-NM129-D04-ROCE-Leaf-6.GPU.S9825,FourHundredGigE1/0/61,98862,332395422,315198,1253184764,0.38,1.42
2024/05/24 星期五 00:07:51.898,1716480471898,NH-DC-NM129-D04-ROCE-Leaf-6.GPU.S9825,FourHundredGigE1/0/61,241064,944188298,108900,429162992,2.34,1.04
2024/05/24 星期五 00:07:53.382,1716480473382,NH-DC-NM129-D04-ROCE-Leaf-6.GPU.S9825,FourHundredGigE1/0/61,100998,379108436,145519,579308530,0.31,0.48
2024/05/24 星期五 00:07:53.885,1716480473885,NH-DC-NM129-D04-ROCE-Leaf-6.GPU.S9825,FourHundredGigE1/0/61,200749,796645615,73412,270537568,1.96,0.67
2024/05/24 星期五 00:07:54.509,1716480474509,NH-DC-NM129-D04-ROCE-Leaf-6.GPU.S9825,FourHundredGigE1/0/61,88812,331369852,126926,492120048,0.66,0.98
2024/05/24 星期五 00:07:55.269,1716480475269,NH-DC-NM129-D04-ROCE-Leaf-6.GPU.S9825,FourHundredGigE1/0/61,0,0,0,0,0,0
2024/05/24 星期五 00:07:55.997,1716480475997,NH-DC-NM129-D04-ROCE-Leaf-6.GPU.S9825,FourHundredGigE1/0/61,180752,594642014,144092,423092208,1.01,0.72
2024/05/24 星期五 00:07:56.531,1716480476531,NH-DC-NM129-D04-ROCE-Leaf-6.GPU.S9825,FourHundredGigE1/0/61,0,0,0,0,0,0
2024/05/24 星期五 00:07:57.039,1716480477039,NH-DC-NM129-D04-ROCE-Leaf-6.GPU.S9825,FourHundredGigE1/0/61,35135,121892384,27205,105426362,0.30,0.25
2024/05/24 星期五 00:07:57.551,1716480477551,NH-DC-NM129-D04-ROCE-Leaf-6.GPU.S9825,FourHundredGigE1/0/61,0,0,0,0,0,0
2024/05/24 星期五 00:07:58.071,1716480478071,NH-DC-NM129-D04-ROCE-Leaf-6.GPU.S9825,FourHundredGigE1/0/61,21589,72586004,252972,975664096,0.17,2.33
2024/05/24 星期五 00:07:58.783,1716480478783,NH-DC-NM129-D04-ROCE-Leaf-6.GPU.S9825,FourHundredGigE1/0/61,76350,237421174,159616,634834016,0.40,1.11
2024/05/24 星期五 00:07:59.453,1716480479453,NH-DC-NM129-D04-ROCE-Leaf-6.GPU.S9825,FourHundredGigE1/0/61,0,0,0,0,0,0
2024/05/24 星期五 00:08:00.020,1716480480020,NH-DC-NM129-D04-ROCE-Leaf-6.GPU.S9825,FourHundredGigE1/0/61,66192,219338768,31611,90368006,0.46,0.20
2024/05/24 星期五 00:08:00.534,1716480480534,NH-DC-NM129-D04-ROCE-Leaf-6.GPU.S9825,FourHundredGigE1/0/61,0,0,0,0,0,0
2024/05/24 星期五 00:08:01.034,1716480481034,NH-DC-NM129-D04-ROCE-Leaf-6.GPU.S9825,FourHundredGigE1/0/61,14939,22143214,33817,106728078,0.05,0.25
2024/05/24 星期五 00:08:01.600,1716480481600,NH-DC-NM129-D04-ROCE-Leaf-6.GPU.S9825,FourHundredGigE1/0/61,53324,131615652,69208,249905852,0.29,0.53
2024/05/24 星期五 00:08:02.192,1716480482192,NH-DC-NM129-D04-ROCE-Leaf-6.GPU.S9825,FourHundredGigE1/0/61,168462,601993312,78004,194646424,1.27,0.40
2024/05/24 星期五 00:08:04.238,1716480484238,NH-DC-NM129-D04-ROCE-Leaf-6.GPU.S9825,FourHundredGigE1/0/61,0,0,0,0,0,0
2024/05/24 星期五 00:08:04.812,1716480484812,NH-DC-NM129-D04-ROCE-Leaf-6.GPU.S9825,FourHundredGigE1/0/61,9270,25984264,95810,357647884,0.04,0.76
2024/05/24 星期五 00:08:05.532,1716480485532,NH-DC-NM129-D04-ROCE-Leaf-6.GPU.S9825,FourHundredGigE1/0/61,0,0,0,0,0,0
2024/05/24 星期五 00:08:06.030,1716480486030,NH-DC-NM129-D04-ROCE-Leaf-6.GPU.S9825,FourHundredGigE1/0/61,78442,285237204,141900,530767296,0.70,1.33
2024/05/24 星期五 00:08:06.926,1716480486926,NH-DC-NM129-D04-ROCE-Leaf-6.GPU.S9825,FourHundredGigE1/0/61,38424,143526464,257592,1022207868,0.20,1.42
2024/05/24 星期五 00:08:07.477,1716480487477,NH-DC-NM129-D04-ROCE-Leaf-6.GPU.S9825,FourHundredGigE1/0/61,0,0,0,0,0,0
2024/05/24 星期五 00:08:07.989,1716480487989,NH-DC-NM129-D04-ROCE-Leaf-6.GPU.S9825,FourHundredGigE1/0/61,140620,562455107,140731,465395826,1.37,1.12
2024/05/24 星期五 00:08:08.598,1716480488598,NH-DC-NM129-D04-ROCE-Leaf-6.GPU.S9825,FourHundredGigE1/0/61,201312,800445824,115721,354999619,1.64,0.72
2024/05/24 星期五 00:08:09.220,1716480489220,NH-DC-NM129-D04-ROCE-Leaf-6.GPU.S9825,FourHundredGigE1/0/61,0,0,0,0,0,0
2024/05/24 星期五 00:08:09.728,1716480489728,NH-DC-NM129-D04-ROCE-Leaf-6.GPU.S9825,FourHundredGigE1/0/61,207842,797152928,78643,280639518,1.94,0.69
2024/05/24 星期五 00:08:10.360,1716480490360,NH-DC-NM129-D04-ROCE-Leaf-6.GPU.S9825,FourHundredGigE1/0/61,0,0,0,0,0,0
2024/05/24 星期五 00:08:11.067,1716480491067,NH-DC-NM129-D04-ROCE-Leaf-6.GPU.S9825,FourHundredGigE1/0/61,80689,282876376,64378,243835112,0.50,0.42
2024/05/24 星期五 00:08:11.586,1716480491586,NH-DC-NM129-D04-ROCE-Leaf-6.GPU.S9825,FourHundredGigE1/0/61,175500,667380340,900090,3671334688,1.59,8.84
2024/05/24 星期五 00:08:12.211,1716480492211,NH-DC-NM129-D04-ROCE-Leaf-6.GPU.S9825,FourHundredGigE1/0/61,0,0,0,0,0,0
2024/05/24 星期五 00:08:12.817,1716480492817,NH-DC-NM129-D04-ROCE-Leaf-6.GPU.S9825,FourHundredGigE1/0/61,2305458,9431449988,106156,363791828,19.45,0.74
2024/05/24 星期五 00:08:13.317,1716480493317,NH-DC-NM129-D04-ROCE-Leaf-6.GPU.S9825,FourHundredGigE1/0/61,0,0,0,0,0,0
2024/05/24 星期五 00:08:14.133,1716480494133,NH-DC-NM129-D04-ROCE-Leaf-6.GPU.S9825,FourHundredGigE1/0/61,1933678,7898647658,104338,366302588,12.09,0.55
2024/05/24 星期五 00:08:14.736,1716480494736,NH-DC-NM129-D04-ROCE-Leaf-6.GPU.S9825,FourHundredGigE1/0/61,0,0,0,0,0,0
2024/05/24 星期五 00:08:15.250,1716480495250,NH-DC-NM129-D04-ROCE-Leaf-6.GPU.S9825,FourHundredGigE1/0/61,115378,447245636,159334,608378940,1.07,1.46
2024/05/24 星期五 00:08:15.946,1716480495946,NH-DC-NM129-D04-ROCE-Leaf-6.GPU.S9825,FourHundredGigE1/0/61,60506,217068852,57101,212022118,0.38,0.38
2024/05/24 星期五 00:08:16.746,1716480496746,NH-DC-NM129-D04-ROCE-Leaf-6.GPU.S9825,FourHundredGigE1/0/61,0,0,0,0,0,0
2024/05/24 星期五 00:08:17.259,1716480497259,NH-DC-NM129-D04-ROCE-Leaf-6.GPU.S9825,FourHundredGigE1/0/61,93574,326998728,135361,512394474,0.78,1.24
2024/05/24 星期五 00:08:18.009,1716480498009,NH-DC-NM129-D04-ROCE-Leaf-6.GPU.S9825,FourHundredGigE1/0/61,226801,876439382,205820,778807868,1.45,1.28
2024/05/24 星期五 00:08:18.510,1716480498510,NH-DC-NM129-D04-ROCE-Leaf-6.GPU.S9825,FourHundredGigE1/0/61,0,0,0,0,0,0
2024/05/24 星期五 00:08:19.010,1716480499010,NH-DC-NM129-D04-ROCE-Leaf-6.GPU.S9825,FourHundredGigE1/0/61,94948,357900720,118483,454455022,0.88,1.12
2024/05/24 星期五 00:08:19.758,1716480499758,NH-DC-NM129-D04-ROCE-Leaf-6.GPU.S9825,FourHundredGigE1/0/61,0,0,0,0,0,0
2024/05/24 星期五 00:08:20.258,1716480500258,NH-DC-NM129-D04-ROCE-Leaf-6.GPU.S9825,FourHundredGigE1/0/61,176210,599027096,177235,668020846,1.48,1.65
2024/05/24 星期五 00:08:20.852,1716480500852,NH-DC-NM129-D04-ROCE-Leaf-6.GPU.S9825,FourHundredGigE1/0/61,401541,1601564146,453673,1833283370,3.37,3.85
2024/05/24 星期五 00:08:21.572,1716480501572,NH-DC-NM129-D04-ROCE-Leaf-6.GPU.S9825,FourHundredGigE1/0/61,0,0,0,0,0,0
2024/05/24 星期五 00:08:22.077,1716480502077,NH-DC-NM129-D04-ROCE-Leaf-6.GPU.S9825,FourHundredGigE1/0/61,163186,608334332,175554,633361740,1.49,1.56
2024/05/24 星期五 00:08:22.609,1716480502609,NH-DC-NM129-D04-ROCE-Leaf-6.GPU.S9825,FourHundredGigE1/0/61,74889,260547614,165063,654521766,0.61,1.53
2024/05/24 星期五 00:08:23.241,1716480503241,NH-DC-NM129-D04-ROCE-Leaf-6.GPU.S9825,FourHundredGigE1/0/61,0,0,0,0,0,0
2024/05/24 星期五 00:08:23.742,1716480503742,NH-DC-NM129-D04-ROCE-Leaf-6.GPU.S9825,FourHundredGigE1/0/61,238456,739816112,237506,926318732,1.82,2.30
2024/05/24 星期五 00:08:24.351,1716480504351,NH-DC-NM129-D04-ROCE-Leaf-6.GPU.S9825,FourHundredGigE1/0/61,0,0,0,0,0,0
2024/05/24 星期五 00:08:25.041,1716480505041,NH-DC-NM129-D04-ROCE-Leaf-6.GPU.S9825,FourHundredGigE1/0/61,185829,654567596,108798,425946778,1.18,0.76
2024/05/24 星期五 00:08:25.543,1716480505543,NH-DC-NM129-D04-ROCE-Leaf-6.GPU.S9825,FourHundredGigE1/0/61,0,0,0,0,0,0
2024/05/24 星期五 00:08:26.046,1716480506046,NH-DC-NM129-D04-ROCE-Leaf-6.GPU.S9825,FourHundredGigE1/0/61,447662,1548881106,80108,309678940,3.83,0.75
2024/05/24 星期五 00:08:26.797,1716480506797,NH-DC-NM129-D04-ROCE-Leaf-6.GPU.S9825,FourHundredGigE1/0/61,182872,695987140,110500,417083174,1.15,0.68
2024/05/24 星期五 00:08:27.300,1716480507300,NH-DC-NM129-D04-ROCE-Leaf-6.GPU.S9825,FourHundredGigE1/0/61,0,0,0,0,0,0
2024/05/24 星期五 00:08:27.949,1716480507949,NH-DC-NM129-D04-ROCE-Leaf-6.GPU.S9825,FourHundredGigE1/0/61,194653,731256662,410405,1659372488,1.41,3.18
2024/05/24 星期五 00:08:28.583,1716480508583,NH-DC-NM129-D04-ROCE-Leaf-6.GPU.S9825,FourHundredGigE1/0/61,0,0,0,0,0,0
2024/05/24 星期五 00:08:29.085,1716480509085,NH-DC-NM129-D04-ROCE-Leaf-6.GPU.S9825,FourHundredGigE1/0/61,117121,456220186,224330,789124076,1.12,1.94
2024/05/24 星期五 00:08:29.652,1716480509652,NH-DC-NM129-D04-ROCE-Leaf-6.GPU.S9825,FourHundredGigE1/0/61,108845,431194614,93010,356146460,0.95,0.77
2024/05/24 星期五 00:08:30.304,1716480510304,NH-DC-NM129-D04-ROCE-Leaf-6.GPU.S9825,FourHundredGigE1/0/61,0,0,0,0,0,0
2024/05/24 星期五 00:08:30.806,1716480510806,NH-DC-NM129-D04-ROCE-Leaf-6.GPU.S9825,FourHundredGigE1/0/61,63913,249337566,107870,412124816,0.60,1.02
2024/05/24 星期五 00:08:31.549,1716480511549,NH-DC-NM129-D04-ROCE-Leaf-6.GPU.S9825,FourHundredGigE1/0/61,240165,947725586,377612,1537896120,1.58,2.57
2024/05/24 星期五 00:08:32.156,1716480512156,NH-DC-NM129-D04-ROCE-Leaf-6.GPU.S9825,FourHundredGigE1/0/61,0,0,0,0,0,0
2024/05/24 星期五 00:08:32.657,1716480512657,NH-DC-NM129-D04-ROCE-Leaf-6.GPU.S9825,FourHundredGigE1/0/61,0,0,0,0,0,0
2024/05/24 星期五 00:08:33.157,1716480513157,NH-DC-NM129-D04-ROCE-Leaf-6.GPU.S9825,FourHundredGigE1/0/61,168934,668772961,122689,453108548,1.65,1.12
2024/05/24 星期五 00:08:33.993,1716480513993,NH-DC-NM129-D04-ROCE-Leaf-6.GPU.S9825,FourHundredGigE1/0/61,146031,509779150,157971,603897662,0.75,0.90
2024/05/24 星期五 00:08:34.690,1716480514690,NH-DC-NM129-D04-ROCE-Leaf-6.GPU.S9825,FourHundredGigE1/0/61,349267,1374342514,117485,406765638,2.46,0.72
2024/05/24 星期五 00:08:35.282,1716480515282,NH-DC-NM129-D04-ROCE-Leaf-6.GPU.S9825,FourHundredGigE1/0/61,0,0,0,0,0,0
2024/05/24 星期五 00:08:35.789,1716480515789,NH-DC-NM129-D04-ROCE-Leaf-6.GPU.S9825,FourHundredGigE1/0/61,395310,1550012734,159700,624805464,3.82,1.53
2024/05/24 星期五 00:08:36.291,1716480516291,NH-DC-NM129-D04-ROCE-Leaf-6.GPU.S9825,FourHundredGigE1/0/61,0,0,0,0,0,0
2024/05/24 星期五 00:08:36.890,1716480516890,NH-DC-NM129-D04-ROCE-Leaf-6.GPU.S9825,FourHundredGigE1/0/61,770214,3102078194,154071,566407660,6.47,1.17
2024/05/24 星期五 00:08:37.459,1716480517459,NH-DC-NM129-D04-ROCE-Leaf-6.GPU.S9825,FourHundredGigE1/0/61,0,0,0,0,0,0
2024/05/24 星期五 00:08:37.975,1716480517975,NH-DC-NM129-D04-ROCE-Leaf-6.GPU.S9825,FourHundredGigE1/0/61,178986,667928463,963318,3922707082,1.60,9.50
2024/05/24 星期五 00:08:38.628,1716480518628,NH-DC-NM129-D04-ROCE-Leaf-6.GPU.S9825,FourHundredGigE1/0/61,0,0,0,0,0,0
2024/05/24 星期五 00:08:39.155,1716480519155,NH-DC-NM129-D04-ROCE-Leaf-6.GPU.S9825,FourHundredGigE1/0/61,126463,501370350,2387076,9759763998,1.19,23.13
2024/05/24 星期五 00:08:39.656,1716480519656,NH-DC-NM129-D04-ROCE-Leaf-6.GPU.S9825,FourHundredGigE1/0/61,0,0,0,0,0,0
2024/05/24 星期五 00:08:40.153,1716480520153,NH-DC-NM129-D04-ROCE-Leaf-6.GPU.S9825,FourHundredGigE1/0/61,359591,1431044802,1234499,5023781984,3.60,12.63
2024/05/24 星期五 00:08:40.847,1716480520847,NH-DC-NM129-D04-ROCE-Leaf-6.GPU.S9825,FourHundredGigE1/0/61,299613,1215433810,125862,415591568,2.18,0.74
2024/05/24 星期五 00:08:41.651,1716480521651,NH-DC-NM129-D04-ROCE-Leaf-6.GPU.S9825,FourHundredGigE1/0/61,255739,996720962,117758,444898316,1.54,0.68
2024/05/24 星期五 00:08:42.471,1716480522471,NH-DC-NM129-D04-ROCE-Leaf-6.GPU.S9825,FourHundredGigE1/0/61,0,0,0,0,0,0
2024/05/24 星期五 00:08:43.003,1716480523003,NH-DC-NM129-D04-ROCE-Leaf-6.GPU.S9825,FourHundredGigE1/0/61,507529,2026548218,344385,1311412498,4.75,3.08
2024/05/24 星期五 00:08:43.605,1716480523605,NH-DC-NM129-D04-ROCE-Leaf-6.GPU.S9825,FourHundredGigE1/0/61,295673,1146247074,141680,537968024,2.37,1.10
2024/05/24 星期五 00:08:44.627,1716480524627,NH-DC-NM129-D04-ROCE-Leaf-6.GPU.S9825,FourHundredGigE1/0/61,221436,843378716,244262,984229952,1.03,1.20
2024/05/24 星期五 00:08:45.214,1716480525214,NH-DC-NM129-D04-ROCE-Leaf-6.GPU.S9825,FourHundredGigE1/0/61,0,0,0,0,0,0
2024/05/24 星期五 00:08:45.803,1716480525803,NH-DC-NM129-D04-ROCE-Leaf-6.GPU.S9825,FourHundredGigE1/0/61,287303,1136598358,353348,1372368324,2.40,2.91
2024/05/24 星期五 00:08:46.315,1716480526315,NH-DC-NM129-D04-ROCE-Leaf-6.GPU.S9825,FourHundredGigE1/0/61,0,0,0,0,0,0
2024/05/24 星期五 00:08:47.097,1716480527097,NH-DC-NM129-D04-ROCE-Leaf-6.GPU.S9825,FourHundredGigE1/0/61,367879,1444116342,333788,1313746692,2.30,2.09
2024/05/24 星期五 00:08:47.843,1716480527843,NH-DC-NM129-D04-ROCE-Leaf-6.GPU.S9825,FourHundredGigE1/0/61,489049,1911769366,178544,670384144,3.20,1.12
2024/05/24 星期五 00:08:48.461,1716480528461,NH-DC-NM129-D04-ROCE-Leaf-6.GPU.S9825,FourHundredGigE1/0/61,0,0,0,0,0,0
2024/05/24 星期五 00:08:49.065,1716480529065,NH-DC-NM129-D04-ROCE-Leaf-6.GPU.S9825,FourHundredGigE1/0/61,144278,474440664,150893,564118850,0.97,1.16
2024/05/24 星期五 00:08:49.566,1716480529566,NH-DC-NM129-D04-ROCE-Leaf-6.GPU.S9825,FourHundredGigE1/0/61,0,0,0,0,0,0
2024/05/24 星期五 00:08:50.079,1716480530079,NH-DC-NM129-D04-ROCE-Leaf-6.GPU.S9825,FourHundredGigE1/0/61,187989,732580502,225534,853889800,1.78,2.07
2024/05/24 星期五 00:08:50.658,1716480530658,NH-DC-NM129-D04-ROCE-Leaf-6.GPU.S9825,FourHundredGigE1/0/61,129811,472043830,129538,480061840,1.01,1.04
2024/05/24 星期五 00:08:51.371,1716480531371,NH-DC-NM129-D04-ROCE-Leaf-6.GPU.S9825,FourHundredGigE1/0/61,0,0,0,0,0,0
2024/05/24 星期五 00:08:52.032,1716480532032,NH-DC-NM129-D04-ROCE-Leaf-6.GPU.S9825,FourHundredGigE1/0/61,127594,425929012,261757,987768690,0.79,1.85
2024/05/24 星期五 00:08:52.606,1716480532606,NH-DC-NM129-D04-ROCE-Leaf-6.GPU.S9825,FourHundredGigE1/0/61,0,0,0,0,0,0
2024/05/24 星期五 00:08:53.109,1716480533109,NH-DC-NM129-D04-ROCE-Leaf-6.GPU.S9825,FourHundredGigE1/0/61,375250,1518423888,262487,1064879774,3.75,2.63
2024/05/24 星期五 00:08:53.768,1716480533768,NH-DC-NM129-D04-ROCE-Leaf-6.GPU.S9825,FourHundredGigE1/0/61,116860,400564804,372702,1509068476,0.76,2.85
2024/05/24 星期五 00:08:54.343,1716480534343,NH-DC-NM129-D04-ROCE-Leaf-6.GPU.S9825,FourHundredGigE1/0/61,135470,519768848,174060,495438448,1.11,1.07
2024/05/24 星期五 00:08:55.212,1716480535212,NH-DC-NM129-D04-ROCE-Leaf-6.GPU.S9825,FourHundredGigE1/0/61,0,0,0,0,0,0
2024/05/24 星期五 00:08:55.979,1716480535979,NH-DC-NM129-D04-ROCE-Leaf-6.GPU.S9825,FourHundredGigE1/0/61,76926,271601464,222539,854209810,0.44,1.39
2024/05/24 星期五 00:08:56.482,1716480536482,NH-DC-NM129-D04-ROCE-Leaf-6.GPU.S9825,FourHundredGigE1/0/61,0,0,0,0,0,0
2024/05/24 星期五 00:08:56.985,1716480536985,NH-DC-NM129-D04-ROCE-Leaf-6.GPU.S9825,FourHundredGigE1/0/61,369023,1464821718,241777,927835534,3.63,2.29
2024/05/24 星期五 00:08:57.567,1716480537567,NH-DC-NM129-D04-ROCE-Leaf-6.GPU.S9825,FourHundredGigE1/0/61,0,0,0,0,0,0
2024/05/24 星期五 00:08:58.077,1716480538077,NH-DC-NM129-D04-ROCE-Leaf-6.GPU.S9825,FourHundredGigE1/0/61,217600,862933984,196397,725506450,2.11,1.76
2024/05/24 星期五 00:08:58.952,1716480538952,NH-DC-NM129-D04-ROCE-Leaf-6.GPU.S9825,FourHundredGigE1/0/61,134426,519179662,258325,947184071,0.73,1.34
2024/05/24 星期五 00:08:59.571,1716480539571,NH-DC-NM129-D04-ROCE-Leaf-6.GPU.S9825,FourHundredGigE1/0/61,0,0,0,0,0,0
2024/05/24 星期五 00:09:00.073,1716480540073,NH-DC-NM129-D04-ROCE-Leaf-6.GPU.S9825,FourHundredGigE1/0/61,241960,916700330,216043,804608678,2.27,1.99
2024/05/24 星期五 00:09:00.591,1716480540591,NH-DC-NM129-D04-ROCE-Leaf-6.GPU.S9825,FourHundredGigE1/0/61,0,0,0,0,0,0
2024/05/24 星期五 00:09:01.093,1716480541093,NH-DC-NM129-D04-ROCE-Leaf-6.GPU.S9825,FourHundredGigE1/0/61,259369,1042137702,364829,1393070766,2.59,3.46
2024/05/24 星期五 00:09:01.595,1716480541595,NH-DC-NM129-D04-ROCE-Leaf-6.GPU.S9825,FourHundredGigE1/0/61,0,0,0,0,0,0
2024/05/24 星期五 00:09:02.098,1716480542098,NH-DC-NM129-D04-ROCE-Leaf-6.GPU.S9825,FourHundredGigE1/0/61,417655,1655203494,323435,679495298,4.10,1.67
2024/05/24 星期五 00:09:04.158,1716480544158,NH-DC-NM129-D04-ROCE-Leaf-6.GPU.S9825,FourHundredGigE1/0/61,267520,1106048998,233537,677684574,0.67,0.41
2024/05/24 星期五 00:09:04.945,1716480544945,NH-DC-NM129-D04-ROCE-Leaf-6.GPU.S9825,FourHundredGigE1/0/61,60535,249675660,222223,890002170,0.38,1.41
2024/05/24 星期五 00:09:05.446,1716480545446,NH-DC-NM129-D04-ROCE-Leaf-6.GPU.S9825,FourHundredGigE1/0/61,145702,592177756,294281,1155778484,1.47,2.87
2024/05/24 星期五 00:09:06.297,1716480546297,NH-DC-NM129-D04-ROCE-Leaf-6.GPU.S9825,FourHundredGigE1/0/61,0,0,0,0,0,0
2024/05/24 星期五 00:09:06.849,1716480546849,NH-DC-NM129-D04-ROCE-Leaf-6.GPU.S9825,FourHundredGigE1/0/61,109821,429341914,321401,1286864932,0.95,2.90
2024/05/24 星期五 00:09:08.023,1716480548023,NH-DC-NM129-D04-ROCE-Leaf-6.GPU.S9825,FourHundredGigE1/0/61,464824,1811313407,188077,721360266,1.93,0.77
2024/05/24 星期五 00:09:08.525,1716480548525,NH-DC-NM129-D04-ROCE-Leaf-6.GPU.S9825,FourHundredGigE1/0/61,0,0,0,0,0,0
2024/05/24 星期五 00:09:09.030,1716480549030,NH-DC-NM129-D04-ROCE-Leaf-6.GPU.S9825,FourHundredGigE1/0/61,188212,749002692,195022,772606634,1.83,1.91
2024/05/24 星期五 00:09:09.941,1716480549941,NH-DC-NM129-D04-ROCE-Leaf-6.GPU.S9825,FourHundredGigE1/0/61,311802,1251350408,188211,684557506,1.72,0.93
2024/05/24 星期五 00:09:10.442,1716480550442,NH-DC-NM129-D04-ROCE-Leaf-6.GPU.S9825,FourHundredGigE1/0/61,0,0,0,0,0,0
2024/05/24 星期五 00:09:11.051,1716480551051,NH-DC-NM129-D04-ROCE-Leaf-6.GPU.S9825,FourHundredGigE1/0/61,356542,1412601376,309334,1216960110,2.89,2.48
2024/05/24 星期五 00:09:11.659,1716480551659,NH-DC-NM129-D04-ROCE-Leaf-6.GPU.S9825,FourHundredGigE1/0/61,183199,675410830,321720,1277210960,1.38,2.61
2024/05/24 星期五 00:09:12.172,1716480552172,NH-DC-NM129-D04-ROCE-Leaf-6.GPU.S9825,FourHundredGigE1/0/61,0,0,0,0,0,0
2024/05/24 星期五 00:09:12.707,1716480552707,NH-DC-NM129-D04-ROCE-Leaf-6.GPU.S9825,FourHundredGigE1/0/61,160177,628901750,243414,963645010,1.45,2.24
2024/05/24 星期五 00:09:13.623,1716480553623,NH-DC-NM129-D04-ROCE-Leaf-6.GPU.S9825,FourHundredGigE1/0/61,248574,939510511,226424,840050456,1.27,1.15
2024/05/24 星期五 00:09:14.226,1716480554226,NH-DC-NM129-D04-ROCE-Leaf-6.GPU.S9825,FourHundredGigE1/0/61,0,0,0,0,0,0
2024/05/24 星期五 00:09:14.754,1716480554754,NH-DC-NM129-D04-ROCE-Leaf-6.GPU.S9825,FourHundredGigE1/0/61,169959,616979656,116491,422418546,1.44,0.99
2024/05/24 星期五 00:09:15.341,1716480555341,NH-DC-NM129-D04-ROCE-Leaf-6.GPU.S9825,FourHundredGigE1/0/61,0,0,0,0,0,0
2024/05/24 星期五 00:09:15.842,1716480555842,NH-DC-NM129-D04-ROCE-Leaf-6.GPU.S9825,FourHundredGigE1/0/61,74898,277624904,170907,456747218,0.67,1.12
2024/05/24 星期五 00:09:16.364,1716480556364,NH-DC-NM129-D04-ROCE-Leaf-6.GPU.S9825,FourHundredGigE1/0/61,213705,813048142,501822,1842845008,1.94,4.41
2024/05/24 星期五 00:09:17.294,1716480557294,NH-DC-NM129-D04-ROCE-Leaf-6.GPU.S9825,FourHundredGigE1/0/61,0,0,0,0,0,0
2024/05/24 星期五 00:09:17.806,1716480557806,NH-DC-NM129-D04-ROCE-Leaf-6.GPU.S9825,FourHundredGigE1/0/61,81951,297084318,130921,473687966,0.71,1.15
2024/05/24 星期五 00:09:19.099,1716480559099,NH-DC-NM129-D04-ROCE-Leaf-6.GPU.S9825,FourHundredGigE1/0/61,127136,505942816,35039,48189062,0.48,0.04
2024/05/24 星期五 00:09:19.613,1716480559613,NH-DC-NM129-D04-ROCE-Leaf-6.GPU.S9825,FourHundredGigE1/0/61,166430,649196972,146476,538795436,1.56,1.29
2024/05/24 星期五 00:09:21.078,1716480561078,NH-DC-NM129-D04-ROCE-Leaf-6.GPU.S9825,FourHundredGigE1/0/61,124278,481234252,110808,418220664,0.41,0.35
2024/05/24 星期五 00:09:21.626,1716480561626,NH-DC-NM129-D04-ROCE-Leaf-6.GPU.S9825,FourHundredGigE1/0/61,0,0,0,0,0,0
2024/05/24 星期五 00:09:22.129,1716480562129,NH-DC-NM129-D04-ROCE-Leaf-6.GPU.S9825,FourHundredGigE1/0/61,518174,2071504324,286832,1111265172,5.14,2.76
2024/05/24 星期五 00:09:22.631,1716480562631,NH-DC-NM129-D04-ROCE-Leaf-6.GPU.S9825,FourHundredGigE1/0/61,0,0,0,0,0,0
2024/05/24 星期五 00:09:23.129,1716480563129,NH-DC-NM129-D04-ROCE-Leaf-6.GPU.S9825,FourHundredGigE1/0/61,339650,1358315016,154265,579573586,3.39,1.43
2024/05/24 星期五 00:09:24.011,1716480564011,NH-DC-NM129-D04-ROCE-Leaf-6.GPU.S9825,FourHundredGigE1/0/61,148417,560304502,165139,616982594,0.79,0.86
2024/05/24 星期五 00:09:24.627,1716480564627,NH-DC-NM129-D04-ROCE-Leaf-6.GPU.S9825,FourHundredGigE1/0/61,102547,401398966,246187,958764750,0.81,1.93
2024/05/24 星期五 00:09:25.219,1716480565219,NH-DC-NM129-D04-ROCE-Leaf-6.GPU.S9825,FourHundredGigE1/0/61,0,0,0,0,0,0
2024/05/24 星期五 00:09:25.721,1716480565721,NH-DC-NM129-D04-ROCE-Leaf-6.GPU.S9825,FourHundredGigE1/0/61,0,0,0,0,0,0
2024/05/24 星期五 00:09:26.225,1716480566225,NH-DC-NM129-D04-ROCE-Leaf-6.GPU.S9825,FourHundredGigE1/0/61,553135,2277117050,446890,1794090136,5.63,4.44
2024/05/24 星期五 00:09:26.861,1716480566861,NH-DC-NM129-D04-ROCE-Leaf-6.GPU.S9825,FourHundredGigE1/0/61,134589,506586534,377758,1416225168,0.98,2.77
2024/05/24 星期五 00:09:27.607,1716480567607,NH-DC-NM129-D04-ROCE-Leaf-6.GPU.S9825,FourHundredGigE1/0/61,335289,1350905394,370155,1484976870,2.26,2.48
2024/05/24 星期五 00:09:28.127,1716480568127,NH-DC-NM129-D04-ROCE-Leaf-6.GPU.S9825,FourHundredGigE1/0/61,0,0,0,0,0,0
2024/05/24 星期五 00:09:28.685,1716480568685,NH-DC-NM129-D04-ROCE-Leaf-6.GPU.S9825,FourHundredGigE1/0/61,0,0,0,0,0,0
2024/05/24 星期五 00:09:29.187,1716480569187,NH-DC-NM129-D04-ROCE-Leaf-6.GPU.S9825,FourHundredGigE1/0/61,293218,1141236552,130033,480450842,2.84,1.20
2024/05/24 星期五 00:09:29.695,1716480569695,NH-DC-NM129-D04-ROCE-Leaf-6.GPU.S9825,FourHundredGigE1/0/61,0,0,0,0,0,0
2024/05/24 星期五 00:09:30.212,1716480570212,NH-DC-NM129-D04-ROCE-Leaf-6.GPU.S9825,FourHundredGigE1/0/61,550430,2178595904,196617,753587646,5.25,1.81
2024/05/24 星期五 00:09:30.911,1716480570911,NH-DC-NM129-D04-ROCE-Leaf-6.GPU.S9825,FourHundredGigE1/0/61,191173,737532826,186858,712892592,1.31,1.27
2024/05/24 星期五 00:09:31.585,1716480571585,NH-DC-NM129-D04-ROCE-Leaf-6.GPU.S9825,FourHundredGigE1/0/61,0,0,0,0,0,0
2024/05/24 星期五 00:09:32.085,1716480572085,NH-DC-NM129-D04-ROCE-Leaf-6.GPU.S9825,FourHundredGigE1/0/61,155636,611783964,292080,1173985544,1.52,2.92
2024/05/24 星期五 00:09:32.601,1716480572601,NH-DC-NM129-D04-ROCE-Leaf-6.GPU.S9825,FourHundredGigE1/0/61,0,0,0,0,0,0
2024/05/24 星期五 00:09:33.101,1716480573101,NH-DC-NM129-D04-ROCE-Leaf-6.GPU.S9825,FourHundredGigE1/0/61,263362,1022415332,473074,1880006916,2.55,4.7
2024/05/24 星期五 00:09:33.689,1716480573689,NH-DC-NM129-D04-ROCE-Leaf-6.GPU.S9825,FourHundredGigE1/0/61,165568,577528245,163005,640185210,1.21,1.36
2024/05/24 星期五 00:09:34.234,1716480574234,NH-DC-NM129-D04-ROCE-Leaf-6.GPU.S9825,FourHundredGigE1/0/61,0,0,0,0,0,0
2024/05/24 星期五 00:09:34.993,1716480574993,NH-DC-NM129-D04-ROCE-Leaf-6.GPU.S9825,FourHundredGigE1/0/61,165695,635621050,109847,396210586,1.04,0.64
2024/05/24 星期五 00:09:35.510,1716480575510,NH-DC-NM129-D04-ROCE-Leaf-6.GPU.S9825,FourHundredGigE1/0/61,0,0,0,0,0,0
2024/05/24 星期五 00:09:36.010,1716480576010,NH-DC-NM129-D04-ROCE-Leaf-6.GPU.S9825,FourHundredGigE1/0/61,167029,604015196,145731,542418374,1.5,1.35
2024/05/24 星期五 00:09:36.625,1716480576625,NH-DC-NM129-D04-ROCE-Leaf-6.GPU.S9825,FourHundredGigE1/0/61,294946,1135848246,171014,627797188,2.30,1.26
2024/05/24 星期五 00:09:37.325,1716480577325,NH-DC-NM129-D04-ROCE-Leaf-6.GPU.S9825,FourHundredGigE1/0/61,0,0,0,0,0,0
2024/05/24 星期五 00:09:37.826,1716480577826,NH-DC-NM129-D04-ROCE-Leaf-6.GPU.S9825,FourHundredGigE1/0/61,130612,490291455,121430,449396568,1.22,1.10
2024/05/24 星期五 00:09:38.491,1716480578491,NH-DC-NM129-D04-ROCE-Leaf-6.GPU.S9825,FourHundredGigE1/0/61,0,0,0,0,0,0
2024/05/24 星期五 00:09:39.014,1716480579014,NH-DC-NM129-D04-ROCE-Leaf-6.GPU.S9825,FourHundredGigE1/0/61,219923,885725550,442619,1750020238,2.10,4.18
2024/05/24 星期五 00:09:39.517,1716480579517,NH-DC-NM129-D04-ROCE-Leaf-6.GPU.S9825,FourHundredGigE1/0/61,0,0,0,0,0,0
2024/05/24 星期五 00:09:40.023,1716480580023,NH-DC-NM129-D04-ROCE-Leaf-6.GPU.S9825,FourHundredGigE1/0/61,78670,299181628,305278,1171327380,0.72,2.89
2024/05/24 星期五 00:09:40.705,1716480580705,NH-DC-NM129-D04-ROCE-Leaf-6.GPU.S9825,FourHundredGigE1/0/61,127619,498774786,357681,1418710714,0.90,2.58
2024/05/24 星期五 00:09:41.311,1716480581311,NH-DC-NM129-D04-ROCE-Leaf-6.GPU.S9825,FourHundredGigE1/0/61,108488,403772196,143446,539789194,0.83,1.09
2024/05/24 星期五 00:09:42.200,1716480582200,NH-DC-NM129-D04-ROCE-Leaf-6.GPU.S9825,FourHundredGigE1/0/61,0,0,0,0,0,0
2024/05/24 星期五 00:09:42.735,1716480582735,NH-DC-NM129-D04-ROCE-Leaf-6.GPU.S9825,FourHundredGigE1/0/61,151019,557557386,157838,551365234,1.29,1.29
2024/05/24 星期五 00:09:43.297,1716480583297,NH-DC-NM129-D04-ROCE-Leaf-6.GPU.S9825,FourHundredGigE1/0/61,0,0,0,0,0,0
2024/05/24 星期五 00:09:44.053,1716480584053,NH-DC-NM129-D04-ROCE-Leaf-6.GPU.S9825,FourHundredGigE1/0/61,370991,1481561970,281369,1125122266,2.45,1.85
2024/05/24 星期五 00:09:45.233,1716480585233,NH-DC-NM129-D04-ROCE-Leaf-6.GPU.S9825,FourHundredGigE1/0/61,97630,307966532,138367,515884510,0.32,0.54
2024/05/24 星期五 00:09:45.795,1716480585795,NH-DC-NM129-D04-ROCE-Leaf-6.GPU.S9825,FourHundredGigE1/0/61,129302,506710864,158954,610817642,1.11,1.36
2024/05/24 星期五 00:09:46.294,1716480586294,NH-DC-NM129-D04-ROCE-Leaf-6.GPU.S9825,FourHundredGigE1/0/61,135184,517616040,154801,580468556,1.28,1.45
2024/05/24 星期五 00:09:47.274,1716480587274,NH-DC-NM129-D04-ROCE-Leaf-6.GPU.S9825,FourHundredGigE1/0/61,0,0,0,0,0,0
2024/05/24 星期五 00:09:47.796,1716480587796,NH-DC-NM129-D04-ROCE-Leaf-6.GPU.S9825,FourHundredGigE1/0/61,322194,1237464260,213408,789205568,2.95,1.87
2024/05/24 星期五 00:09:48.296,1716480588296,NH-DC-NM129-D04-ROCE-Leaf-6.GPU.S9825,FourHundredGigE1/0/61,0,0,0,0,0,0
2024/05/24 星期五 00:09:49.025,1716480589025,NH-DC-NM129-D04-ROCE-Leaf-6.GPU.S9825,FourHundredGigE1/0/61,141151,527381224,255158,988941712,0.89,1.68
2024/05/24 星期五 00:09:49.527,1716480589527,NH-DC-NM129-D04-ROCE-Leaf-6.GPU.S9825,FourHundredGigE1/0/61,0,0,0,0,0,0
2024/05/24 星期五 00:09:50.030,1716480590030,NH-DC-NM129-D04-ROCE-Leaf-6.GPU.S9825,FourHundredGigE1/0/61,89610,363038350,674277,2677394258,0.89,6.64
2024/05/24 星期五 00:09:50.693,1716480590693,NH-DC-NM129-D04-ROCE-Leaf-6.GPU.S9825,FourHundredGigE1/0/61,73020,255355388,1251955,5121947690,0.47,9.65
2024/05/24 星期五 00:09:51.269,1716480591269,NH-DC-NM129-D04-ROCE-Leaf-6.GPU.S9825,FourHundredGigE1/0/61,0,0,0,0,0,0
2024/05/24 星期五 00:09:51.903,1716480591903,NH-DC-NM129-D04-ROCE-Leaf-6.GPU.S9825,FourHundredGigE1/0/61,446889,1691487490,1271733,5166023978,3.33,10.17
2024/05/24 星期五 00:09:52.610,1716480592610,NH-DC-NM129-D04-ROCE-Leaf-6.GPU.S9825,FourHundredGigE1/0/61,0,0,0,0,0,0
2024/05/24 星期五 00:09:53.111,1716480593111,NH-DC-NM129-D04-ROCE-Leaf-6.GPU.S9825,FourHundredGigE1/0/61,187927,727459994,1119001,4442959236,1.80,11.08
2024/05/24 星期五 00:09:53.894,1716480593894,NH-DC-NM129-D04-ROCE-Leaf-6.GPU.S9825,FourHundredGigE1/0/61,73754,275015552,868430,3507576160,0.43,5.59
2024/05/24 星期五 00:09:54.840,1716480594840,NH-DC-NM129-D04-ROCE-Leaf-6.GPU.S9825,FourHundredGigE1/0/61,207773,854733102,238479,960661364,1.12,1.27
2024/05/24 星期五 00:09:55.592,1716480595592,NH-DC-NM129-D04-ROCE-Leaf-6.GPU.S9825,FourHundredGigE1/0/61,35595,114447990,75428,281360108,0.18,0.47
2024/05/24 星期五 00:09:56.298,1716480596298,NH-DC-NM129-D04-ROCE-Leaf-6.GPU.S9825,FourHundredGigE1/0/61,0,0,0,0,0,0
2024/05/24 星期五 00:09:56.798,1716480596798,NH-DC-NM129-D04-ROCE-Leaf-6.GPU.S9825,FourHundredGigE1/0/61,137265,526436786,138672,366835756,1.3,0.9
2024/05/24 星期五 00:09:57.742,1716480597742,NH-DC-NM129-D04-ROCE-Leaf-6.GPU.S9825,FourHundredGigE1/0/61,154398,606324228,360263,1153351868,0.79,1.52
2024/05/24 星期五 00:09:58.250,1716480598250,NH-DC-NM129-D04-ROCE-Leaf-6.GPU.S9825,FourHundredGigE1/0/61,0,0,0,0,0,0
2024/05/24 星期五 00:09:59.247,1716480599247,NH-DC-NM129-D04-ROCE-Leaf-6.GPU.S9825,FourHundredGigE1/0/61,64194,221921552,190656,440614570,0.28,0.55
2024/05/24 星期五 00:09:59.842,1716480599842,NH-DC-NM129-D04-ROCE-Leaf-6.GPU.S9825,FourHundredGigE1/0/61,445780,1785402560,285247,851466728,3.74,1.79
2024/05/24 星期五 00:10:00.345,1716480600345,NH-DC-NM129-D04-ROCE-Leaf-6.GPU.S9825,FourHundredGigE1/0/61,0,0,0,0,0,0
2024/05/24 星期五 00:10:01.088,1716480601088,NH-DC-NM129-D04-ROCE-Leaf-6.GPU.S9825,FourHundredGigE1/0/61,279317,1122726834,212291,621178108,1.88,1.04
2024/05/24 星期五 00:10:01.670,1716480601670,NH-DC-NM129-D04-ROCE-Leaf-6.GPU.S9825,FourHundredGigE1/0/61,0,0,0,0,0,0
2024/05/24 星期五 00:10:02.174,1716480602174,NH-DC-NM129-D04-ROCE-Leaf-6.GPU.S9825,FourHundredGigE1/0/61,760616,3052174112,522011,1841940522,7.56,4.56
2024/05/24 星期五 00:10:04.260,1716480604260,NH-DC-NM129-D04-ROCE-Leaf-6.GPU.S9825,FourHundredGigE1/0/61,305707,1126374782,261749,959480470,0.67,0.57
2024/05/24 星期五 00:10:05.048,1716480605048,NH-DC-NM129-D04-ROCE-Leaf-6.GPU.S9825,FourHundredGigE1/0/61,136453,460882438,181442,626963976,0.73,0.98
2024/05/24 星期五 00:10:05.563,1716480605563,NH-DC-NM129-D04-ROCE-Leaf-6.GPU.S9825,FourHundredGigE1/0/61,152784,594665396,170091,620124142,1.43,1.50
2024/05/24 星期五 00:10:06.102,1716480606102,NH-DC-NM129-D04-ROCE-Leaf-6.GPU.S9825,FourHundredGigE1/0/61,0,0,0,0,0,0
2024/05/24 星期五 00:10:06.718,1716480606718,NH-DC-NM129-D04-ROCE-Leaf-6.GPU.S9825,FourHundredGigE1/0/61,156695,606766826,230972,904995772,1.22,1.83
2024/05/24 星期五 00:10:07.217,1716480607217,NH-DC-NM129-D04-ROCE-Leaf-6.GPU.S9825,FourHundredGigE1/0/61,0,0,0,0,0,0
2024/05/24 星期五 00:10:07.811,1716480607811,NH-DC-NM129-D04-ROCE-Leaf-6.GPU.S9825,FourHundredGigE1/0/61,328846,1273924661,555236,2203434184,2.67,4.63
2024/05/24 星期五 00:10:08.413,1716480608413,NH-DC-NM129-D04-ROCE-Leaf-6.GPU.S9825,FourHundredGigE1/0/61,0,0,0,0,0,0
2024/05/24 星期五 00:10:08.909,1716480608909,NH-DC-NM129-D04-ROCE-Leaf-6.GPU.S9825,FourHundredGigE1/0/61,155272,609467468,171227,627194336,1.51,1.56
2024/05/24 星期五 00:10:09.480,1716480609480,NH-DC-NM129-D04-ROCE-Leaf-6.GPU.S9825,FourHundredGigE1/0/61,0,0,0,0,0,0
2024/05/24 星期五 00:10:10.078,1716480610078,NH-DC-NM129-D04-ROCE-Leaf-6.GPU.S9825,FourHundredGigE1/0/61,241886,884192526,128404,465163782,1.84,0.96
2024/05/24 星期五 00:10:10.581,1716480610581,NH-DC-NM129-D04-ROCE-Leaf-6.GPU.S9825,FourHundredGigE1/0/61,63853,216833414,92443,306015598,0.52,0.75
2024/05/24 星期五 00:10:11.252,1716480611252,NH-DC-NM129-D04-ROCE-Leaf-6.GPU.S9825,FourHundredGigE1/0/61,0,0,0,0,0,0
2024/05/24 星期五 00:10:11.957,1716480611957,NH-DC-NM129-D04-ROCE-Leaf-6.GPU.S9825,FourHundredGigE1/0/61,116990,448101584,307436,1173260344,0.78,2.07
2024/05/24 星期五 00:10:12.468,1716480612468,NH-DC-NM129-D04-ROCE-Leaf-6.GPU.S9825,FourHundredGigE1/0/61,0,0,0,0,0,0
2024/05/24 星期五 00:10:13.020,1716480613020,NH-DC-NM129-D04-ROCE-Leaf-6.GPU.S9825,FourHundredGigE1/0/61,335672,1260830538,163689,646291394,2.85,1.45
2024/05/24 星期五 00:10:13.665,1716480613665,NH-DC-NM129-D04-ROCE-Leaf-6.GPU.S9825,FourHundredGigE1/0/61,0,0,0,0,0,0
2024/05/24 星期五 00:10:14.182,1716480614182,NH-DC-NM129-D04-ROCE-Leaf-6.GPU.S9825,FourHundredGigE1/0/61,192857,749998096,151380,567779336,1.79,1.35
2024/05/24 星期五 00:10:14.882,1716480614882,NH-DC-NM129-D04-ROCE-Leaf-6.GPU.S9825,FourHundredGigE1/0/61,246049,945171820,237228,921341354,1.68,1.64
2024/05/24 星期五 00:10:16.314,1716480616314,NH-DC-NM129-D04-ROCE-Leaf-6.GPU.S9825,FourHundredGigE1/0/61,122938,480177224,1116101,4501034076,0.42,3.93
2024/05/24 星期五 00:10:17.025,1716480617025,NH-DC-NM129-D04-ROCE-Leaf-6.GPU.S9825,FourHundredGigE1/0/61,87398,296736546,1034125,4185279682,0.51,7.35
2024/05/24 星期五 00:10:17.527,1716480617527,NH-DC-NM129-D04-ROCE-Leaf-6.GPU.S9825,FourHundredGigE1/0/61,0,0,0,0,0,0
2024/05/24 星期五 00:10:18.029,1716480618029,NH-DC-NM129-D04-ROCE-Leaf-6.GPU.S9825,FourHundredGigE1/0/61,161917,501883550,1072956,4333161722,1.25,10.78
2024/05/24 星期五 00:10:18.757,1716480618757,NH-DC-NM129-D04-ROCE-Leaf-6.GPU.S9825,FourHundredGigE1/0/61,268921,963506604,1340430,5429457878,1.65,9.31
2024/05/24 星期五 00:10:19.261,1716480619261,NH-DC-NM129-D04-ROCE-Leaf-6.GPU.S9825,FourHundredGigE1/0/61,0,0,0,0,0,0
2024/05/24 星期五 00:10:19.787,1716480619787,NH-DC-NM129-D04-ROCE-Leaf-6.GPU.S9825,FourHundredGigE1/0/61,187944,714176038,513740,1878637809,1.69,4.44
2024/05/24 星期五 00:10:20.312,1716480620312,NH-DC-NM129-D04-ROCE-Leaf-6.GPU.S9825,FourHundredGigE1/0/61,0,0,0,0,0,0
2024/05/24 星期五 00:10:20.820,1716480620820,NH-DC-NM129-D04-ROCE-Leaf-6.GPU.S9825,FourHundredGigE1/0/61,81364,291935324,189171,514333114,0.71,1.25
2024/05/24 星期五 00:10:21.402,1716480621402,NH-DC-NM129-D04-ROCE-Leaf-6.GPU.S9825,FourHundredGigE1/0/61,142382,516234736,189697,635828211,1.10,1.35
2024/05/24 星期五 00:10:22.138,1716480622138,NH-DC-NM129-D04-ROCE-Leaf-6.GPU.S9825,FourHundredGigE1/0/61,0,0,0,0,0,0
2024/05/24 星期五 00:10:22.659,1716480622659,NH-DC-NM129-D04-ROCE-Leaf-6.GPU.S9825,FourHundredGigE1/0/61,287282,1167536244,442479,1767666130,2.78,4.22
2024/05/24 星期五 00:10:23.206,1716480623206,NH-DC-NM129-D04-ROCE-Leaf-6.GPU.S9825,FourHundredGigE1/0/61,0,0,0,0,0,0
2024/05/24 星期五 00:10:23.944,1716480623944,NH-DC-NM129-D04-ROCE-Leaf-6.GPU.S9825,FourHundredGigE1/0/61,131017,434141318,225471,881848260,0.73,1.49
2024/05/24 星期五 00:10:24.850,1716480624850,NH-DC-NM129-D04-ROCE-Leaf-6.GPU.S9825,FourHundredGigE1/0/61,90471,341387246,189417,697183940,0.47,0.95
2024/05/24 星期五 00:10:25.566,1716480625566,NH-DC-NM129-D04-ROCE-Leaf-6.GPU.S9825,FourHundredGigE1/0/61,0,0,0,0,0,0
2024/05/24 星期五 00:10:26.067,1716480626067,NH-DC-NM129-D04-ROCE-Leaf-6.GPU.S9825,FourHundredGigE1/0/61,559481,2286026196,102169,344598474,5.69,0.85
2024/05/24 星期五 00:10:26.640,1716480626640,NH-DC-NM129-D04-ROCE-Leaf-6.GPU.S9825,FourHundredGigE1/0/61,420546,1623114250,260823,1039292598,3.53,2.25
2024/05/24 星期五 00:10:27.200,1716480627200,NH-DC-NM129-D04-ROCE-Leaf-6.GPU.S9825,FourHundredGigE1/0/61,0,0,0,0,0,0
2024/05/24 星期五 00:10:27.729,1716480627729,NH-DC-NM129-D04-ROCE-Leaf-6.GPU.S9825,FourHundredGigE1/0/61,244967,981530706,206518,819759332,2.32,1.91
2024/05/24 星期五 00:10:28.231,1716480628231,NH-DC-NM129-D04-ROCE-Leaf-6.GPU.S9825,FourHundredGigE1/0/61,0,0,0,0,0,0
2024/05/24 星期五 00:10:29.353,1716480629353,NH-DC-NM129-D04-ROCE-Leaf-6.GPU.S9825,FourHundredGigE1/0/61,261705,1010966382,216740,861420080,1.13,0.96
2024/05/24 星期五 00:10:29.859,1716480629859,NH-DC-NM129-D04-ROCE-Leaf-6.GPU.S9825,FourHundredGigE1/0/61,213160,817153184,279528,1101588656,2.00,2.72
2024/05/24 星期五 00:10:30.419,1716480630419,NH-DC-NM129-D04-ROCE-Leaf-6.GPU.S9825,FourHundredGigE1/0/61,118141,465184462,185546,734405580,1.03,1.63
2024/05/24 星期五 00:10:31.144,1716480631144,NH-DC-NM129-D04-ROCE-Leaf-6.GPU.S9825,FourHundredGigE1/0/61,0,0,0,0,0,0
2024/05/24 星期五 00:10:31.645,1716480631645,NH-DC-NM129-D04-ROCE-Leaf-6.GPU.S9825,FourHundredGigE1/0/61,94832,338958412,40849,132281386,0.82,0.32
2024/05/24 星期五 00:10:32.352,1716480632352,NH-DC-NM129-D04-ROCE-Leaf-6.GPU.S9825,FourHundredGigE1/0/61,0,0,0,0,0,0
2024/05/24 星期五 00:10:32.861,1716480632861,NH-DC-NM129-D04-ROCE-Leaf-6.GPU.S9825,FourHundredGigE1/0/61,452931,1757868534,634932,2583665224,4.30,6.34
2024/05/24 星期五 00:10:33.367,1716480633367,NH-DC-NM129-D04-ROCE-Leaf-6.GPU.S9825,FourHundredGigE1/0/61,0,0,0,0,0,0
2024/05/24 星期五 00:10:33.867,1716480633867,NH-DC-NM129-D04-ROCE-Leaf-6.GPU.S9825,FourHundredGigE1/0/61,152896,571169244,60195,219532914,1.42,0.52
2024/05/24 星期五 00:10:34.524,1716480634524,NH-DC-NM129-D04-ROCE-Leaf-6.GPU.S9825,FourHundredGigE1/0/61,0,0,0,0,0,0
2024/05/24 星期五 00:10:35.025,1716480635025,NH-DC-NM129-D04-ROCE-Leaf-6.GPU.S9825,FourHundredGigE1/0/61,64305,251932514,67689,125872202,0.62,0.30
2024/05/24 星期五 00:10:35.851,1716480635851,NH-DC-NM129-D04-ROCE-Leaf-6.GPU.S9825,FourHundredGigE1/0/61,167880,665191056,130389,345681978,1.00,0.51
2024/05/24 星期五 00:10:36.352,1716480636352,NH-DC-NM129-D04-ROCE-Leaf-6.GPU.S9825,FourHundredGigE1/0/61,0,0,0,0,0,0
2024/05/24 星期五 00:10:36.864,1716480636864,NH-DC-NM129-D04-ROCE-Leaf-6.GPU.S9825,FourHundredGigE1/0/61,243764,871623644,523226,1973326104,2.12,4.81
2024/05/24 星期五 00:10:37.365,1716480637365,NH-DC-NM129-D04-ROCE-Leaf-6.GPU.S9825,FourHundredGigE1/0/61,0,0,0,0,0,0
2024/05/24 星期五 00:10:37.985,1716480637985,NH-DC-NM129-D04-ROCE-Leaf-6.GPU.S9825,FourHundredGigE1/0/61,532757,1939192709,442141,1662228026,3.89,3.35
2024/05/24 星期五 00:10:38.486,1716480638486,NH-DC-NM129-D04-ROCE-Leaf-6.GPU.S9825,FourHundredGigE1/0/61,207923,803868606,117883,414914082,2.00,1.02
2024/05/24 星期五 00:10:39.319,1716480639319,NH-DC-NM129-D04-ROCE-Leaf-6.GPU.S9825,FourHundredGigE1/0/61,0,0,0,0,0,0
2024/05/24 星期五 00:10:39.822,1716480639822,NH-DC-NM129-D04-ROCE-Leaf-6.GPU.S9825,FourHundredGigE1/0/61,529424,2115181390,171323,604646132,5.24,1.49
2024/05/24 星期五 00:10:40.321,1716480640321,NH-DC-NM129-D04-ROCE-Leaf-6.GPU.S9825,FourHundredGigE1/0/61,0,0,0,0,0,0
2024/05/24 星期五 00:10:40.903,1716480640903,NH-DC-NM129-D04-ROCE-Leaf-6.GPU.S9825,FourHundredGigE1/0/61,132147,507193176,172315,693817652,1.07,1.48
2024/05/24 星期五 00:10:41.618,1716480641618,NH-DC-NM129-D04-ROCE-Leaf-6.GPU.S9825,FourHundredGigE1/0/61,530028,2125473536,163907,593759286,3.71,1.03
2024/05/24 星期五 00:10:42.443,1716480642443,NH-DC-NM129-D04-ROCE-Leaf-6.GPU.S9825,FourHundredGigE1/0/61,294031,1162027710,139858,480659928,1.76,0.73
2024/05/24 星期五 00:10:43.161,1716480643161,NH-DC-NM129-D04-ROCE-Leaf-6.GPU.S9825,FourHundredGigE1/0/61,0,0,0,0,0,0
2024/05/24 星期五 00:10:43.662,1716480643662,NH-DC-NM129-D04-ROCE-Leaf-6.GPU.S9825,FourHundredGigE1/0/61,567259,2248655302,327519,1289865202,5.59,3.19
2024/05/24 星期五 00:10:44.444,1716480644444,NH-DC-NM129-D04-ROCE-Leaf-6.GPU.S9825,FourHundredGigE1/0/61,0,0,0,0,0,0
2024/05/24 星期五 00:10:45.134,1716480645134,NH-DC-NM129-D04-ROCE-Leaf-6.GPU.S9825,FourHundredGigE1/0/61,188901,651684606,178471,657547734,1.18,1.18
2024/05/24 星期五 00:10:45.636,1716480645636,NH-DC-NM129-D04-ROCE-Leaf-6.GPU.S9825,FourHundredGigE1/0/61,97165,304641818,118042,416076392,0.75,1.02
2024/05/24 星期五 00:10:46.626,1716480646626,NH-DC-NM129-D04-ROCE-Leaf-6.GPU.S9825,FourHundredGigE1/0/61,177477,676520718,327409,1166896774,0.85,1.46
2024/05/24 星期五 00:10:47.235,1716480647235,NH-DC-NM129-D04-ROCE-Leaf-6.GPU.S9825,FourHundredGigE1/0/61,0,0,0,0,0,0
2024/05/24 星期五 00:10:47.790,1716480647790,NH-DC-NM129-D04-ROCE-Leaf-6.GPU.S9825,FourHundredGigE1/0/61,418184,1673307936,441784,1751572820,3.76,3.94
2024/05/24 星期五 00:10:48.457,1716480648457,NH-DC-NM129-D04-ROCE-Leaf-6.GPU.S9825,FourHundredGigE1/0/61,0,0,0,0,0,0
2024/05/24 星期五 00:10:48.959,1716480648959,NH-DC-NM129-D04-ROCE-Leaf-6.GPU.S9825,FourHundredGigE1/0/61,285355,1067728618,390174,1510738632,2.64,3.76
2024/05/24 星期五 00:10:49.614,1716480649614,NH-DC-NM129-D04-ROCE-Leaf-6.GPU.S9825,FourHundredGigE1/0/61,304373,1128907234,216164,845193072,2.14,1.60
2024/05/24 星期五 00:10:50.296,1716480650296,NH-DC-NM129-D04-ROCE-Leaf-6.GPU.S9825,FourHundredGigE1/0/61,0,0,0,0,0,0
2024/05/24 星期五 00:10:50.794,1716480650794,NH-DC-NM129-D04-ROCE-Leaf-6.GPU.S9825,FourHundredGigE1/0/61,157950,590181544,348030,1357007128,1.48,3.39
2024/05/24 星期五 00:10:51.294,1716480651294,NH-DC-NM129-D04-ROCE-Leaf-6.GPU.S9825,FourHundredGigE1/0/61,0,0,0,0,0,0
2024/05/24 星期五 00:10:51.974,1716480651974,NH-DC-NM129-D04-ROCE-Leaf-6.GPU.S9825,FourHundredGigE1/0/61,425872,1647208672,217750,745876440,3.01,1.36
2024/05/24 星期五 00:10:52.478,1716480652478,NH-DC-NM129-D04-ROCE-Leaf-6.GPU.S9825,FourHundredGigE1/0/61,0,0,0,0,0,0
2024/05/24 星期五 00:10:52.978,1716480652978,NH-DC-NM129-D04-ROCE-Leaf-6.GPU.S9825,FourHundredGigE1/0/61,158169,538289902,349006,1383836864,1.32,3.45
2024/05/24 星期五 00:10:53.784,1716480653784,NH-DC-NM129-D04-ROCE-Leaf-6.GPU.S9825,FourHundredGigE1/0/61,175750,665846112,157883,532585530,1.02,0.82
2024/05/24 星期五 00:10:54.281,1716480654281,NH-DC-NM129-D04-ROCE-Leaf-6.GPU.S9825,FourHundredGigE1/0/61,0,0,0,0,0,0
2024/05/24 星期五 00:10:54.887,1716480654887,NH-DC-NM129-D04-ROCE-Leaf-6.GPU.S9825,FourHundredGigE1/0/61,197619,745952946,675925,2714160856,1.53,5.59
2024/05/24 星期五 00:10:55.830,1716480655830,NH-DC-NM129-D04-ROCE-Leaf-6.GPU.S9825,FourHundredGigE1/0/61,145562,541300284,201656,760277226,0.72,1.01
2024/05/24 星期五 00:10:56.411,1716480656411,NH-DC-NM129-D04-ROCE-Leaf-6.GPU.S9825,FourHundredGigE1/0/61,0,0,0,0,0,0
2024/05/24 星期五 00:10:57.151,1716480657151,NH-DC-NM129-D04-ROCE-Leaf-6.GPU.S9825,FourHundredGigE1/0/61,164766,666795256,144555,559433066,1.11,0.93
2024/05/24 星期五 00:10:57.765,1716480657765,NH-DC-NM129-D04-ROCE-Leaf-6.GPU.S9825,FourHundredGigE1/0/61,282321,1165768546,113845,342822446,2.36,0.69
2024/05/24 星期五 00:10:58.397,1716480658397,NH-DC-NM129-D04-ROCE-Leaf-6.GPU.S9825,FourHundredGigE1/0/61,0,0,0,0,0,0
2024/05/24 星期五 00:10:58.904,1716480658904,NH-DC-NM129-D04-ROCE-Leaf-6.GPU.S9825,FourHundredGigE1/0/61,217168,690111516,498260,1911475732,1.70,4.71
2024/05/24 星期五 00:10:59.627,1716480659627,NH-DC-NM129-D04-ROCE-Leaf-6.GPU.S9825,FourHundredGigE1/0/61,127464,464927168,95114,343590100,0.80,0.59
2024/05/24 星期五 00:11:00.478,1716480660478,NH-DC-NM129-D04-ROCE-Leaf-6.GPU.S9825,FourHundredGigE1/0/61,0,0,0,0,0,0
2024/05/24 星期五 00:11:00.986,1716480660986,NH-DC-NM129-D04-ROCE-Leaf-6.GPU.S9825,FourHundredGigE1/0/61,133024,508386232,258582,1038675412,1.23,2.53
2024/05/24 星期五 00:11:01.515,1716480661515,NH-DC-NM129-D04-ROCE-Leaf-6.GPU.S9825,FourHundredGigE1/0/61,0,0,0,0,0,0
2024/05/24 星期五 00:11:02.018,1716480662018,NH-DC-NM129-D04-ROCE-Leaf-6.GPU.S9825,FourHundredGigE1/0/61,302785,1178020602,466666,1765796964,2.91,4.37
2024/05/24 星期五 00:11:03.720,1716480663720,NH-DC-NM129-D04-ROCE-Leaf-6.GPU.S9825,FourHundredGigE1/0/61,207807,838316406,172004,679842352,0.61,0.49
2024/05/24 星期五 00:11:05.023,1716480665023,NH-DC-NM129-D04-ROCE-Leaf-6.GPU.S9825,FourHundredGigE1/0/61,335845,1340785774,235456,870111104,1.29,0.83
2024/05/24 星期五 00:11:05.522,1716480665522,NH-DC-NM129-D04-ROCE-Leaf-6.GPU.S9825,FourHundredGigE1/0/61,0,0,0,0,0,0
2024/05/24 星期五 00:11:06.021,1716480666021,NH-DC-NM129-D04-ROCE-Leaf-6.GPU.S9825,FourHundredGigE1/0/61,232461,979766322,276475,1067166890,2.43,2.66
2024/05/24 星期五 00:11:07.020,1716480667020,NH-DC-NM129-D04-ROCE-Leaf-6.GPU.S9825,FourHundredGigE1/0/61,163966,676713512,264177,970820426,0.84,1.21
2024/05/24 星期五 00:11:07.613,1716480667613,NH-DC-NM129-D04-ROCE-Leaf-6.GPU.S9825,FourHundredGigE1/0/61,187635,774465445,248645,951013754,1.62,2.00
2024/05/24 星期五 00:11:09.012,1716480669012,NH-DC-NM129-D04-ROCE-Leaf-6.GPU.S9825,FourHundredGigE1/0/61,146547,584826814,255302,972449936,0.52,0.87
2024/05/24 星期五 00:11:09.704,1716480669704,NH-DC-NM129-D04-ROCE-Leaf-6.GPU.S9825,FourHundredGigE1/0/61,323070,1260957384,299698,1104912652,2.28,1.99
2024/05/24 星期五 00:11:10.296,1716480670296,NH-DC-NM129-D04-ROCE-Leaf-6.GPU.S9825,FourHundredGigE1/0/61,0,0,0,0,0,0
2024/05/24 星期五 00:11:10.797,1716480670797,NH-DC-NM129-D04-ROCE-Leaf-6.GPU.S9825,FourHundredGigE1/0/61,232100,916138492,355893,1399207842,2.27,3.47
2024/05/24 星期五 00:11:11.602,1716480671602,NH-DC-NM129-D04-ROCE-Leaf-6.GPU.S9825,FourHundredGigE1/0/61,160833,638041126,137495,525005198,0.98,0.81
2024/05/24 星期五 00:11:12.167,1716480672167,NH-DC-NM129-D04-ROCE-Leaf-6.GPU.S9825,FourHundredGigE1/0/61,0,0,0,0,0,0
2024/05/24 星期五 00:11:12.669,1716480672669,NH-DC-NM129-D04-ROCE-Leaf-6.GPU.S9825,FourHundredGigE1/0/61,442349,1789973570,267122,1018261012,4.43,2.51
2024/05/24 星期五 00:11:13.212,1716480673212,NH-DC-NM129-D04-ROCE-Leaf-6.GPU.S9825,FourHundredGigE1/0/61,0,0,0,0,0,0
2024/05/24 星期五 00:11:13.831,1716480673831,NH-DC-NM129-D04-ROCE-Leaf-6.GPU.S9825,FourHundredGigE1/0/61,296753,1116813586,197482,738790864,2.24,1.47
2024/05/24 星期五 00:11:14.394,1716480674394,NH-DC-NM129-D04-ROCE-Leaf-6.GPU.S9825,FourHundredGigE1/0/61,0,0,0,0,0,0
2024/05/24 星期五 00:11:15.112,1716480675112,NH-DC-NM129-D04-ROCE-Leaf-6.GPU.S9825,FourHundredGigE1/0/61,157934,645275250,241338,945668876,1.11,1.64
2024/05/24 星期五 00:11:15.736,1716480675736,NH-DC-NM129-D04-ROCE-Leaf-6.GPU.S9825,FourHundredGigE1/0/61,484914,1942128826,491223,1973669926,3.89,3.95
2024/05/24 星期五 00:11:16.246,1716480676246,NH-DC-NM129-D04-ROCE-Leaf-6.GPU.S9825,FourHundredGigE1/0/61,0,0,0,0,0,0
2024/05/24 星期五 00:11:16.954,1716480676954,NH-DC-NM129-D04-ROCE-Leaf-6.GPU.S9825,FourHundredGigE1/0/61,235359,924773154,165101,622546610,1.62,1.09
2024/05/24 星期五 00:11:17.514,1716480677514,NH-DC-NM129-D04-ROCE-Leaf-6.GPU.S9825,FourHundredGigE1/0/61,0,0,0,0,0,0
2024/05/24 星期五 00:11:18.016,1716480678016,NH-DC-NM129-D04-ROCE-Leaf-6.GPU.S9825,FourHundredGigE1/0/61,268956,1047870112,202584,775512040,2.59,1.92
2024/05/24 星期五 00:11:18.706,1716480678706,NH-DC-NM129-D04-ROCE-Leaf-6.GPU.S9825,FourHundredGigE1/0/61,305304,1185483292,188217,711226822,2.14,1.29
2024/05/24 星期五 00:11:19.209,1716480679209,NH-DC-NM129-D04-ROCE-Leaf-6.GPU.S9825,FourHundredGigE1/0/61,0,0,0,0,0,0
2024/05/24 星期五 00:11:19.714,1716480679714,NH-DC-NM129-D04-ROCE-Leaf-6.GPU.S9825,FourHundredGigE1/0/61,286005,1061985358,427633,1717675538,2.62,4.23
2024/05/24 星期五 00:11:20.328,1716480680328,NH-DC-NM129-D04-ROCE-Leaf-6.GPU.S9825,FourHundredGigE1/0/61,0,0,0,0,0,0
2024/05/24 星期五 00:11:20.889,1716480680889,NH-DC-NM129-D04-ROCE-Leaf-6.GPU.S9825,FourHundredGigE1/0/61,111823,418769382,273213,1099950522,0.91,2.43
2024/05/24 星期五 00:11:21.403,1716480681403,NH-DC-NM129-D04-ROCE-Leaf-6.GPU.S9825,FourHundredGigE1/0/61,0,0,0,0,0,0
2024/05/24 星期五 00:11:22.085,1716480682085,NH-DC-NM129-D04-ROCE-Leaf-6.GPU.S9825,FourHundredGigE1/0/61,249114,971131576,118141,434168438,1.78,0.79
2024/05/24 星期五 00:11:23.041,1716480683041,NH-DC-NM129-D04-ROCE-Leaf-6.GPU.S9825,FourHundredGigE1/0/61,166281,514922662,138946,531791236,0.67,0.69
2024/05/24 星期五 00:11:23.689,1716480683689,NH-DC-NM129-D04-ROCE-Leaf-6.GPU.S9825,FourHundredGigE1/0/61,190683,733680628,296581,1158608272,1.41,2.22
2024/05/24 星期五 00:11:24.387,1716480684387,NH-DC-NM129-D04-ROCE-Leaf-6.GPU.S9825,FourHundredGigE1/0/61,0,0,0,0,0,0
2024/05/24 星期五 00:11:24.929,1716480684929,NH-DC-NM129-D04-ROCE-Leaf-6.GPU.S9825,FourHundredGigE1/0/61,197206,795221202,105302,380179386,1.82,0.88
2024/05/24 星期五 00:11:25.559,1716480685559,NH-DC-NM129-D04-ROCE-Leaf-6.GPU.S9825,FourHundredGigE1/0/61,0,0,0,0,0,0
2024/05/24 星期五 00:11:26.071,1716480686071,NH-DC-NM129-D04-ROCE-Leaf-6.GPU.S9825,FourHundredGigE1/0/61,141730,552556724,53150,201010900,1.34,0.49
2024/05/24 星期五 00:11:26.589,1716480686589,NH-DC-NM129-D04-ROCE-Leaf-6.GPU.S9825,FourHundredGigE1/0/61,0,0,0,0,0,0
2024/05/24 星期五 00:11:27.098,1716480687098,NH-DC-NM129-D04-ROCE-Leaf-6.GPU.S9825,FourHundredGigE1/0/61,46905,171181222,314961,1248029046,0.42,3.05
2024/05/24 星期五 00:11:28.537,1716480688537,NH-DC-NM129-D04-ROCE-Leaf-6.GPU.S9825,FourHundredGigE1/0/61,82354,323506560,140352,557466308,0.28,0.48
2024/05/24 星期五 00:11:29.039,1716480689039,NH-DC-NM129-D04-ROCE-Leaf-6.GPU.S9825,FourHundredGigE1/0/61,95639,400043998,129518,478780672,1.00,1.17
2024/05/24 星期五 00:11:29.538,1716480689538,NH-DC-NM129-D04-ROCE-Leaf-6.GPU.S9825,FourHundredGigE1/0/61,0,0,0,0,0,0
2024/05/24 星期五 00:11:30.037,1716480690037,NH-DC-NM129-D04-ROCE-Leaf-6.GPU.S9825,FourHundredGigE1/0/61,89796,356333916,264411,1031369096,0.88,2.58
2024/05/24 星期五 00:11:30.737,1716480690737,NH-DC-NM129-D04-ROCE-Leaf-6.GPU.S9825,FourHundredGigE1/0/61,192099,746405266,163887,635795924,1.32,1.12
2024/05/24 星期五 00:11:31.298,1716480691298,NH-DC-NM129-D04-ROCE-Leaf-6.GPU.S9825,FourHundredGigE1/0/61,0,0,0,0,0,0
2024/05/24 星期五 00:11:31.985,1716480691985,NH-DC-NM129-D04-ROCE-Leaf-6.GPU.S9825,FourHundredGigE1/0/61,100803,381919870,72350,260952028,0.69,0.47
2024/05/24 星期五 00:11:32.537,1716480692537,NH-DC-NM129-D04-ROCE-Leaf-6.GPU.S9825,FourHundredGigE1/0/61,0,0,0,0,0,0
2024/05/24 星期五 00:11:33.038,1716480693038,NH-DC-NM129-D04-ROCE-Leaf-6.GPU.S9825,FourHundredGigE1/0/61,226833,869661194,138106,556369712,2.15,1.37
2024/05/24 星期五 00:11:33.576,1716480693576,NH-DC-NM129-D04-ROCE-Leaf-6.GPU.S9825,FourHundredGigE1/0/61,234513,944446642,132352,489243404,2.18,1.12
2024/05/24 星期五 00:11:34.312,1716480694312,NH-DC-NM129-D04-ROCE-Leaf-6.GPU.S9825,FourHundredGigE1/0/61,0,0,0,0,0,0
2024/05/24 星期五 00:11:34.946,1716480694946,NH-DC-NM129-D04-ROCE-Leaf-6.GPU.S9825,FourHundredGigE1/0/61,206535,841603560,105611,394746402,1.66,0.77
2024/05/24 星期五 00:11:36.083,1716480696083,NH-DC-NM129-D04-ROCE-Leaf-6.GPU.S9825,FourHundredGigE1/0/61,172424,610965458,125421,455426106,0.67,0.49
2024/05/24 星期五 00:11:36.585,1716480696585,NH-DC-NM129-D04-ROCE-Leaf-6.GPU.S9825,FourHundredGigE1/0/61,0,0,0,0,0,0
2024/05/24 星期五 00:11:37.085,1716480697085,NH-DC-NM129-D04-ROCE-Leaf-6.GPU.S9825,FourHundredGigE1/0/61,93320,370955316,159156,593430212,0.92,1.48
2024/05/24 星期五 00:11:37.655,1716480697655,NH-DC-NM129-D04-ROCE-Leaf-6.GPU.S9825,FourHundredGigE1/0/61,363292,1493438723,263260,1037232452,3.27,2.26
2024/05/24 星期五 00:11:38.239,1716480698239,NH-DC-NM129-D04-ROCE-Leaf-6.GPU.S9825,FourHundredGigE1/0/61,0,0,0,0,0,0
2024/05/24 星期五 00:11:38.919,1716480698919,NH-DC-NM129-D04-ROCE-Leaf-6.GPU.S9825,FourHundredGigE1/0/61,361948,1484429332,85638,287648580,2.72,0.51
2024/05/24 星期五 00:11:39.425,1716480699425,NH-DC-NM129-D04-ROCE-Leaf-6.GPU.S9825,FourHundredGigE1/0/61,0,0,0,0,0,0
2024/05/24 星期五 00:11:40.601,1716480700601,NH-DC-NM129-D04-ROCE-Leaf-6.GPU.S9825,FourHundredGigE1/0/61,192672,746233688,246598,913887264,0.79,0.97
2024/05/24 星期五 00:11:41.101,1716480701101,NH-DC-NM129-D04-ROCE-Leaf-6.GPU.S9825,FourHundredGigE1/0/61,131207,510113538,207015,793772878,1.28,1.98
2024/05/24 星期五 00:11:42.097,1716480702097,NH-DC-NM129-D04-ROCE-Leaf-6.GPU.S9825,FourHundredGigE1/0/61,441748,1787298662,593228,2407520824,2.23,3.01
2024/05/24 星期五 00:11:42.827,1716480702827,NH-DC-NM129-D04-ROCE-Leaf-6.GPU.S9825,FourHundredGigE1/0/61,266012,1049239626,203664,797789516,1.78,1.35
2024/05/24 星期五 00:11:43.331,1716480703331,NH-DC-NM129-D04-ROCE-Leaf-6.GPU.S9825,FourHundredGigE1/0/61,0,0,0,0,0,0
2024/05/24 星期五 00:11:43.937,1716480703937,NH-DC-NM129-D04-ROCE-Leaf-6.GPU.S9825,FourHundredGigE1/0/61,91986,358286760,233625,864519502,0.72,1.77
2024/05/24 星期五 00:11:44.707,1716480704707,NH-DC-NM129-D04-ROCE-Leaf-6.GPU.S9825,FourHundredGigE1/0/61,445878,1782242488,183559,646307650,2.89,1.04
2024/05/24 星期五 00:11:45.264,1716480705264,NH-DC-NM129-D04-ROCE-Leaf-6.GPU.S9825,FourHundredGigE1/0/61,0,0,0,0,0,0
2024/05/24 星期五 00:11:45.962,1716480705962,NH-DC-NM129-D04-ROCE-Leaf-6.GPU.S9825,FourHundredGigE1/0/61,274778,1051908512,262184,1041319640,1.88,1.86
2024/05/24 星期五 00:11:46.571,1716480706571,NH-DC-NM129-D04-ROCE-Leaf-6.GPU.S9825,FourHundredGigE1/0/61,0,0,0,0,0,0
2024/05/24 星期五 00:11:47.072,1716480707072,NH-DC-NM129-D04-ROCE-Leaf-6.GPU.S9825,FourHundredGigE1/0/61,420273,1623751432,154440,592059696,4.04,1.47
2024/05/24 星期五 00:11:47.644,1716480707644,NH-DC-NM129-D04-ROCE-Leaf-6.GPU.S9825,FourHundredGigE1/0/61,204561,811715088,135152,508108156,1.77,1.09
2024/05/24 星期五 00:11:48.236,1716480708236,NH-DC-NM129-D04-ROCE-Leaf-6.GPU.S9825,FourHundredGigE1/0/61,0,0,0,0,0,0
2024/05/24 星期五 00:11:48.964,1716480708964,NH-DC-NM129-D04-ROCE-Leaf-6.GPU.S9825,FourHundredGigE1/0/61,341149,1357266506,382292,1506630684,2.32,2.58
2024/05/24 星期五 00:11:49.535,1716480709535,NH-DC-NM129-D04-ROCE-Leaf-6.GPU.S9825,FourHundredGigE1/0/61,0,0,0,0,0,0
2024/05/24 星期五 00:11:50.035,1716480710035,NH-DC-NM129-D04-ROCE-Leaf-6.GPU.S9825,FourHundredGigE1/0/61,189273,717794066,310139,1219150074,1.78,3.02
2024/05/24 星期五 00:11:50.535,1716480710535,NH-DC-NM129-D04-ROCE-Leaf-6.GPU.S9825,FourHundredGigE1/0/61,0,0,0,0,0,0
2024/05/24 星期五 00:11:51.033,1716480711033,NH-DC-NM129-D04-ROCE-Leaf-6.GPU.S9825,FourHundredGigE1/0/61,194742,741466448,198799,775936030,1.86,1.93
2024/05/24 星期五 00:11:51.638,1716480711638,NH-DC-NM129-D04-ROCE-Leaf-6.GPU.S9825,FourHundredGigE1/0/61,133676,506622216,145798,544540152,1.03,1.12
2024/05/24 星期五 00:11:52.386,1716480712386,NH-DC-NM129-D04-ROCE-Leaf-6.GPU.S9825,FourHundredGigE1/0/61,0,0,0,0,0,0
2024/05/24 星期五 00:11:52.961,1716480712961,NH-DC-NM129-D04-ROCE-Leaf-6.GPU.S9825,FourHundredGigE1/0/61,647871,2633642844,159221,555533046,5.72,1.20
2024/05/24 星期五 00:11:53.462,1716480713462,NH-DC-NM129-D04-ROCE-Leaf-6.GPU.S9825,FourHundredGigE1/0/61,0,0,0,0,0,0
2024/05/24 星期五 00:11:54.032,1716480714032,NH-DC-NM129-D04-ROCE-Leaf-6.GPU.S9825,FourHundredGigE1/0/61,304678,1194465070,141803,540313018,2.61,1.18
2024/05/24 星期五 00:11:55.141,1716480715141,NH-DC-NM129-D04-ROCE-Leaf-6.GPU.S9825,FourHundredGigE1/0/61,209532,861297152,507258,1932685932,0.97,2.18
2024/05/24 星期五 00:11:56.002,1716480716002,NH-DC-NM129-D04-ROCE-Leaf-6.GPU.S9825,FourHundredGigE1/0/61,393142,1613115540,351838,1350218684,2.34,1.96
2024/05/24 星期五 00:11:56.543,1716480716543,NH-DC-NM129-D04-ROCE-Leaf-6.GPU.S9825,FourHundredGigE1/0/61,0,0,0,0,0,0
2024/05/24 星期五 00:11:57.044,1716480717044,NH-DC-NM129-D04-ROCE-Leaf-6.GPU.S9825,FourHundredGigE1/0/61,2457061,10051196928,84980,320937192,25.07,0.80
2024/05/24 星期五 00:11:57.589,1716480717589,NH-DC-NM129-D04-ROCE-Leaf-6.GPU.S9825,FourHundredGigE1/0/61,0,0,0,0,0,0
2024/05/24 星期五 00:11:58.094,1716480718094,NH-DC-NM129-D04-ROCE-Leaf-6.GPU.S9825,FourHundredGigE1/0/61,2238971,9156594292,91294,332477916,22.65,0.82
2024/05/24 星期五 00:11:58.723,1716480718723,NH-DC-NM129-D04-ROCE-Leaf-6.GPU.S9825,FourHundredGigE1/0/61,1082980,4421603764,84292,294842336,8.78,0.58
2024/05/24 星期五 00:11:59.466,1716480719466,NH-DC-NM129-D04-ROCE-Leaf-6.GPU.S9825,FourHundredGigE1/0/61,0,0,0,0,0,0
2024/05/24 星期五 00:12:00.022,1716480720022,NH-DC-NM129-D04-ROCE-Leaf-6.GPU.S9825,FourHundredGigE1/0/61,1067801,4348345900,215565,858137434,9.76,1.91
2024/05/24 星期五 00:12:00.521,1716480720521,NH-DC-NM129-D04-ROCE-Leaf-6.GPU.S9825,FourHundredGigE1/0/61,0,0,0,0,0,0
2024/05/24 星期五 00:12:01.021,1716480721021,NH-DC-NM129-D04-ROCE-Leaf-6.GPU.S9825,FourHundredGigE1/0/61,1013919,4073750540,97774,352417052,10.18,0.88
2024/05/24 星期五 00:12:01.589,1716480721589,NH-DC-NM129-D04-ROCE-Leaf-6.GPU.S9825,FourHundredGigE1/0/61,1061097,4342482226,241855,893992478,9.55,1.96
2024/05/24 星期五 00:12:02.344,1716480722344,NH-DC-NM129-D04-ROCE-Leaf-6.GPU.S9825,FourHundredGigE1/0/61,4357144,17829365392,294571,1107929654,29.50,1.82
2024/05/24 星期五 00:12:04.316,1716480724316,NH-DC-NM129-D04-ROCE-Leaf-6.GPU.S9825,FourHundredGigE1/0/61,0,0,0,0,0,0
2024/05/24 星期五 00:12:04.972,1716480724972,NH-DC-NM129-D04-ROCE-Leaf-6.GPU.S9825,FourHundredGigE1/0/61,191612,714681608,199395,761916454,1.35,1.45
2024/05/24 星期五 00:12:05.528,1716480725528,NH-DC-NM129-D04-ROCE-Leaf-6.GPU.S9825,FourHundredGigE1/0/61,0,0,0,0,0,0
2024/05/24 星期五 00:12:06.048,1716480726048,NH-DC-NM129-D04-ROCE-Leaf-6.GPU.S9825,FourHundredGigE1/0/61,81911,314380398,117509,422400223,0.75,1.01
2024/05/24 星期五 00:12:07.676,1716480727676,NH-DC-NM129-D04-ROCE-Leaf-6.GPU.S9825,FourHundredGigE1/0/61,449848,1797267832,306467,1235054982,1.37,0.94
2024/05/24 星期五 00:12:08.179,1716480728179,NH-DC-NM129-D04-ROCE-Leaf-6.GPU.S9825,FourHundredGigE1/0/61,338370,1325856379,292019,1128314814,3.28,2.78
2024/05/24 星期五 00:12:08.719,1716480728719,NH-DC-NM129-D04-ROCE-Leaf-6.GPU.S9825,FourHundredGigE1/0/61,0,0,0,0,0,0
2024/05/24 星期五 00:12:09.218,1716480729218,NH-DC-NM129-D04-ROCE-Leaf-6.GPU.S9825,FourHundredGigE1/0/61,127105,474825222,98342,382995352,1.18,0.95
2024/05/24 星期五 00:12:09.982,1716480729982,NH-DC-NM129-D04-ROCE-Leaf-6.GPU.S9825,FourHundredGigE1/0/61,180408,697440148,144702,523952180,1.13,0.85
2024/05/24 星期五 00:12:10.558,1716480730558,NH-DC-NM129-D04-ROCE-Leaf-6.GPU.S9825,FourHundredGigE1/0/61,276504,1107263888,148461,541049790,2.39,1.17
2024/05/24 星期五 00:12:11.144,1716480731144,NH-DC-NM129-D04-ROCE-Leaf-6.GPU.S9825,FourHundredGigE1/0/61,0,0,0,0,0,0
2024/05/24 星期五 00:12:11.726,1716480731726,NH-DC-NM129-D04-ROCE-Leaf-6.GPU.S9825,FourHundredGigE1/0/61,85656,294542656,253631,954666726,0.62,2.04
2024/05/24 星期五 00:12:12.392,1716480732392,NH-DC-NM129-D04-ROCE-Leaf-6.GPU.S9825,FourHundredGigE1/0/61,0,0,0,0,0,0
2024/05/24 星期五 00:12:12.889,1716480732889,NH-DC-NM129-D04-ROCE-Leaf-6.GPU.S9825,FourHundredGigE1/0/61,145060,455127632,185149,720600834,1.13,1.81
2024/05/24 星期五 00:12:13.712,1716480733712,NH-DC-NM129-D04-ROCE-Leaf-6.GPU.S9825,FourHundredGigE1/0/61,144328,461723812,189182,728572770,0.70,1.09
2024/05/24 星期五 00:12:14.247,1716480734247,NH-DC-NM129-D04-ROCE-Leaf-6.GPU.S9825,FourHundredGigE1/0/61,0,0,0,0,0,0
2024/05/24 星期五 00:12:14.749,1716480734749,NH-DC-NM129-D04-ROCE-Leaf-6.GPU.S9825,FourHundredGigE1/0/61,256597,992487178,222666,847831826,2.47,2.09
2024/05/24 星期五 00:12:15.257,1716480735257,NH-DC-NM129-D04-ROCE-Leaf-6.GPU.S9825,FourHundredGigE1/0/61,0,0,0,0,0,0
2024/05/24 星期五 00:12:15.863,1716480735863,NH-DC-NM129-D04-ROCE-Leaf-6.GPU.S9825,FourHundredGigE1/0/61,111041,431934346,208943,789688866,0.89,1.61
2024/05/24 星期五 00:12:16.375,1716480736375,NH-DC-NM129-D04-ROCE-Leaf-6.GPU.S9825,FourHundredGigE1/0/61,91002,326609386,116153,346368142,0.78,0.83
2024/05/24 星期五 00:12:17.143,1716480737143,NH-DC-NM129-D04-ROCE-Leaf-6.GPU.S9825,FourHundredGigE1/0/61,0,0,0,0,0,0
2024/05/24 星期五 00:12:17.647,1716480737647,NH-DC-NM129-D04-ROCE-Leaf-6.GPU.S9825,FourHundredGigE1/0/61,0,0,0,0,0,0
2024/05/24 星期五 00:12:18.149,1716480738149,NH-DC-NM129-D04-ROCE-Leaf-6.GPU.S9825,FourHundredGigE1/0/61,415532,1629241728,248843,964012994,4.03,2.39
2024/05/24 星期五 00:12:18.697,1716480738697,NH-DC-NM129-D04-ROCE-Leaf-6.GPU.S9825,FourHundredGigE1/0/61,161392,630559806,147887,491779711,1.44,1.12
2024/05/24 星期五 00:12:19.245,1716480739245,NH-DC-NM129-D04-ROCE-Leaf-6.GPU.S9825,FourHundredGigE1/0/61,0,0,0,0,0,0
2024/05/24 星期五 00:12:19.747,1716480739747,NH-DC-NM129-D04-ROCE-Leaf-6.GPU.S9825,FourHundredGigE1/0/61,244599,947912210,103761,394754154,2.34,0.97
2024/05/24 星期五 00:12:20.721,1716480740721,NH-DC-NM129-D04-ROCE-Leaf-6.GPU.S9825,FourHundredGigE1/0/61,0,0,0,0,0,0
2024/05/24 星期五 00:12:21.222,1716480741222,NH-DC-NM129-D04-ROCE-Leaf-6.GPU.S9825,FourHundredGigE1/0/61,194969,726468414,140692,553042904,1.80,1.37
2024/05/24 星期五 00:12:21.769,1716480741769,NH-DC-NM129-D04-ROCE-Leaf-6.GPU.S9825,FourHundredGigE1/0/61,170413,597293058,172521,670836727,1.35,1.53
2024/05/24 星期五 00:12:22.306,1716480742306,NH-DC-NM129-D04-ROCE-Leaf-6.GPU.S9825,FourHundredGigE1/0/61,0,0,0,0,0,0
2024/05/24 星期五 00:12:22.813,1716480742813,NH-DC-NM129-D04-ROCE-Leaf-6.GPU.S9825,FourHundredGigE1/0/61,174877,424441422,170332,646559768,1.04,1.58
2024/05/24 星期五 00:12:23.399,1716480743399,NH-DC-NM129-D04-ROCE-Leaf-6.GPU.S9825,FourHundredGigE1/0/61,150300,381988092,148186,525263160,0.81,1.11
2024/05/24 星期五 00:12:24.201,1716480744201,NH-DC-NM129-D04-ROCE-Leaf-6.GPU.S9825,FourHundredGigE1/0/61,0,0,0,0,0,0
2024/05/24 星期五 00:12:24.701,1716480744701,NH-DC-NM129-D04-ROCE-Leaf-6.GPU.S9825,FourHundredGigE1/0/61,0,0,0,0,0,0
2024/05/24 星期五 00:12:25.203,1716480745203,NH-DC-NM129-D04-ROCE-Leaf-6.GPU.S9825,FourHundredGigE1/0/61,534815,2150127502,367463,1442336902,5.35,3.59
2024/05/24 星期五 00:12:25.820,1716480745820,NH-DC-NM129-D04-ROCE-Leaf-6.GPU.S9825,FourHundredGigE1/0/61,276042,1078023544,578160,2331305504,2.17,4.72
2024/05/24 星期五 00:12:26.311,1716480746311,NH-DC-NM129-D04-ROCE-Leaf-6.GPU.S9825,FourHundredGigE1/0/61,0,0,0,0,0,0
2024/05/24 星期五 00:12:26.897,1716480746897,NH-DC-NM129-D04-ROCE-Leaf-6.GPU.S9825,FourHundredGigE1/0/61,218879,836476562,116870,435638000,1.77,0.92
2024/05/24 星期五 00:12:27.571,1716480747571,NH-DC-NM129-D04-ROCE-Leaf-6.GPU.S9825,FourHundredGigE1/0/61,0,0,0,0,0,0
2024/05/24 星期五 00:12:28.069,1716480748069,NH-DC-NM129-D04-ROCE-Leaf-6.GPU.S9825,FourHundredGigE1/0/61,201705,732078302,158599,584228406,1.83,1.46
2024/05/24 星期五 00:12:28.697,1716480748697,NH-DC-NM129-D04-ROCE-Leaf-6.GPU.S9825,FourHundredGigE1/0/61,90373,294394534,374393,1394618192,0.58,2.77
2024/05/24 星期五 00:12:29.219,1716480749219,NH-DC-NM129-D04-ROCE-Leaf-6.GPU.S9825,FourHundredGigE1/0/61,0,0,0,0,0,0
2024/05/24 星期五 00:12:29.821,1716480749821,NH-DC-NM129-D04-ROCE-Leaf-6.GPU.S9825,FourHundredGigE1/0/61,477202,1870293784,224764,822093118,3.88,1.70
2024/05/24 星期五 00:12:30.592,1716480750592,NH-DC-NM129-D04-ROCE-Leaf-6.GPU.S9825,FourHundredGigE1/0/61,67821,239497352,217711,869424342,0.37,1.39
2024/05/24 星期五 00:12:31.164,1716480751164,NH-DC-NM129-D04-ROCE-Leaf-6.GPU.S9825,FourHundredGigE1/0/61,0,0,0,0,0,0
2024/05/24 星期五 00:12:31.732,1716480751732,NH-DC-NM129-D04-ROCE-Leaf-6.GPU.S9825,FourHundredGigE1/0/61,159719,607206159,238158,941373948,1.32,2.07
2024/05/24 星期五 00:12:32.390,1716480752390,NH-DC-NM129-D04-ROCE-Leaf-6.GPU.S9825,FourHundredGigE1/0/61,0,0,0,0,0,0
2024/05/24 星期五 00:12:32.996,1716480752996,NH-DC-NM129-D04-ROCE-Leaf-6.GPU.S9825,FourHundredGigE1/0/61,795683,3263422982,302158,1163026048,6.72,2.39
2024/05/24 星期五 00:12:33.622,1716480753622,NH-DC-NM129-D04-ROCE-Leaf-6.GPU.S9825,FourHundredGigE1/0/61,207767,758674554,186072,729351328,1.50,1.44
2024/05/24 星期五 00:12:34.478,1716480754478,NH-DC-NM129-D04-ROCE-Leaf-6.GPU.S9825,FourHundredGigE1/0/61,0,0,0,0,0,0
2024/05/24 星期五 00:12:34.981,1716480754981,NH-DC-NM129-D04-ROCE-Leaf-6.GPU.S9825,FourHundredGigE1/0/61,218139,783605134,228584,889565466,1.94,2.19
2024/05/24 星期五 00:12:35.586,1716480755586,NH-DC-NM129-D04-ROCE-Leaf-6.GPU.S9825,FourHundredGigE1/0/61,157377,589585342,308266,1202590274,1.20,2.48
2024/05/24 星期五 00:12:36.162,1716480756162,NH-DC-NM129-D04-ROCE-Leaf-6.GPU.S9825,FourHundredGigE1/0/61,0,0,0,0,0,0
2024/05/24 星期五 00:12:36.666,1716480756666,NH-DC-NM129-D04-ROCE-Leaf-6.GPU.S9825,FourHundredGigE1/0/61,0,0,0,0,0,0
2024/05/24 星期五 00:12:37.170,1716480757170,NH-DC-NM129-D04-ROCE-Leaf-6.GPU.S9825,FourHundredGigE1/0/61,287239,1136268574,208643,800386270,2.80,1.98
2024/05/24 星期五 00:12:37.913,1716480757913,NH-DC-NM129-D04-ROCE-Leaf-6.GPU.S9825,FourHundredGigE1/0/61,341406,1378672503,426227,1685103802,2.30,2.83
2024/05/24 星期五 00:12:38.418,1716480758418,NH-DC-NM129-D04-ROCE-Leaf-6.GPU.S9825,FourHundredGigE1/0/61,0,0,0,0,0,0
2024/05/24 星期五 00:12:38.928,1716480758928,NH-DC-NM129-D04-ROCE-Leaf-6.GPU.S9825,FourHundredGigE1/0/61,131264,479656184,155809,600757482,1.15,1.47
2024/05/24 星期五 00:12:39.504,1716480759504,NH-DC-NM129-D04-ROCE-Leaf-6.GPU.S9825,FourHundredGigE1/0/61,0,0,0,0,0,0
2024/05/24 星期五 00:12:40.024,1716480760024,NH-DC-NM129-D04-ROCE-Leaf-6.GPU.S9825,FourHundredGigE1/0/61,471230,1827645680,160715,423844746,4.38,1.01
2024/05/24 星期五 00:12:40.651,1716480760651,NH-DC-NM129-D04-ROCE-Leaf-6.GPU.S9825,FourHundredGigE1/0/61,262662,996328341,98448,271142708,1.97,0.54
2024/05/24 星期五 00:12:41.357,1716480761357,NH-DC-NM129-D04-ROCE-Leaf-6.GPU.S9825,FourHundredGigE1/0/61,0,0,0,0,0,0
2024/05/24 星期五 00:12:42.103,1716480762103,NH-DC-NM129-D04-ROCE-Leaf-6.GPU.S9825,FourHundredGigE1/0/61,129441,485442726,404988,1639110272,0.80,2.73
2024/05/24 星期五 00:12:42.734,1716480762734,NH-DC-NM129-D04-ROCE-Leaf-6.GPU.S9825,FourHundredGigE1/0/61,395809,1582681324,132577,522074935,3.13,1.03
2024/05/24 星期五 00:12:43.275,1716480763275,NH-DC-NM129-D04-ROCE-Leaf-6.GPU.S9825,FourHundredGigE1/0/61,0,0,0,0,0,0
2024/05/24 星期五 00:12:43.910,1716480763910,NH-DC-NM129-D04-ROCE-Leaf-6.GPU.S9825,FourHundredGigE1/0/61,273241,1068067578,48881,167200182,2.09,0.31
2024/05/24 星期五 00:12:44.810,1716480764810,NH-DC-NM129-D04-ROCE-Leaf-6.GPU.S9825,FourHundredGigE1/0/61,71666,281265231,79299,307694918,0.39,0.42
2024/05/24 星期五 00:12:45.774,1716480765774,NH-DC-NM129-D04-ROCE-Leaf-6.GPU.S9825,FourHundredGigE1/0/61,70765,268606872,99261,376994278,0.34,0.48
2024/05/24 星期五 00:12:46.295,1716480766295,NH-DC-NM129-D04-ROCE-Leaf-6.GPU.S9825,FourHundredGigE1/0/61,0,0,0,0,0,0
2024/05/24 星期五 00:12:47.765,1716480767765,NH-DC-NM129-D04-ROCE-Leaf-6.GPU.S9825,FourHundredGigE1/0/61,442725,1675377264,392818,1467450876,1.42,1.24
2024/05/24 星期五 00:12:48.290,1716480768290,NH-DC-NM129-D04-ROCE-Leaf-6.GPU.S9825,FourHundredGigE1/0/61,0,0,0,0,0,0
2024/05/24 星期五 00:12:48.770,1716480768770,NH-DC-NM129-D04-ROCE-Leaf-6.GPU.S9825,FourHundredGigE1/0/61,144208,536107564,123536,461611648,1.38,1.20
2024/05/24 星期五 00:12:49.273,1716480769273,NH-DC-NM129-D04-ROCE-Leaf-6.GPU.S9825,FourHundredGigE1/0/61,0,0,0,0,0,0
2024/05/24 星期五 00:12:49.786,1716480769786,NH-DC-NM129-D04-ROCE-Leaf-6.GPU.S9825,FourHundredGigE1/0/61,226916,779748324,117093,439890770,1.88,1.05
2024/05/24 星期五 00:12:50.283,1716480770283,NH-DC-NM129-D04-ROCE-Leaf-6.GPU.S9825,FourHundredGigE1/0/61,0,0,0,0,0,0
2024/05/24 星期五 00:12:50.914,1716480770914,NH-DC-NM129-D04-ROCE-Leaf-6.GPU.S9825,FourHundredGigE1/0/61,326040,1194290028,429958,1723337996,2.36,3.41
2024/05/24 星期五 00:12:51.515,1716480771515,NH-DC-NM129-D04-ROCE-Leaf-6.GPU.S9825,FourHundredGigE1/0/61,0,0,0,0,0,0
2024/05/24 星期五 00:12:52.017,1716480772017,NH-DC-NM129-D04-ROCE-Leaf-6.GPU.S9825,FourHundredGigE1/0/61,234197,717698014,125466,396946376,1.77,0.97
2024/05/24 星期五 00:12:52.622,1716480772622,NH-DC-NM129-D04-ROCE-Leaf-6.GPU.S9825,FourHundredGigE1/0/61,0,0,0,0,0,0
2024/05/24 星期五 00:12:53.127,1716480773127,NH-DC-NM129-D04-ROCE-Leaf-6.GPU.S9825,FourHundredGigE1/0/61,156872,354942064,198816,759085472,0.87,1.86
2024/05/24 星期五 00:12:53.978,1716480773978,NH-DC-NM129-D04-ROCE-Leaf-6.GPU.S9825,FourHundredGigE1/0/61,426494,1627210380,1395940,5518828270,2.38,8.09
2024/05/24 星期五 00:12:55.778,1716480775778,NH-DC-NM129-D04-ROCE-Leaf-6.GPU.S9825,FourHundredGigE1/0/61,736163,2814323966,3187001,12991772348,1.95,9.02
2024/05/24 星期五 00:12:56.338,1716480776338,NH-DC-NM129-D04-ROCE-Leaf-6.GPU.S9825,FourHundredGigE1/0/61,0,0,0,0,0,0
2024/05/24 星期五 00:12:56.897,1716480776897,NH-DC-NM129-D04-ROCE-Leaf-6.GPU.S9825,FourHundredGigE1/0/61,268166,1053639064,257095,948568618,2.35,2.10
2024/05/24 星期五 00:12:57.397,1716480777397,NH-DC-NM129-D04-ROCE-Leaf-6.GPU.S9825,FourHundredGigE1/0/61,0,0,0,0,0,0
2024/05/24 星期五 00:12:58.149,1716480778149,NH-DC-NM129-D04-ROCE-Leaf-6.GPU.S9825,FourHundredGigE1/0/61,225234,833057160,254845,980577802,1.38,1.63
2024/05/24 星期五 00:12:58.678,1716480778678,NH-DC-NM129-D04-ROCE-Leaf-6.GPU.S9825,FourHundredGigE1/0/61,0,0,0,0,0,0
2024/05/24 星期五 00:12:59.178,1716480779178,NH-DC-NM129-D04-ROCE-Leaf-6.GPU.S9825,FourHundredGigE1/0/61,266005,999700086,325499,1270346326,2.48,3.18
2024/05/24 星期五 00:12:59.800,1716480779800,NH-DC-NM129-D04-ROCE-Leaf-6.GPU.S9825,FourHundredGigE1/0/61,215875,791147646,158503,576605486,1.59,1.15
2024/05/24 星期五 00:13:00.374,1716480780374,NH-DC-NM129-D04-ROCE-Leaf-6.GPU.S9825,FourHundredGigE1/0/61,0,0,0,0,0,0
2024/05/24 星期五 00:13:00.877,1716480780877,NH-DC-NM129-D04-ROCE-Leaf-6.GPU.S9825,FourHundredGigE1/0/61,206425,798237926,631169,2538724206,1.96,6.29
2024/05/24 星期五 00:13:01.564,1716480781564,NH-DC-NM129-D04-ROCE-Leaf-6.GPU.S9825,FourHundredGigE1/0/61,0,0,0,0,0,0
2024/05/24 星期五 00:13:02.096,1716480782096,NH-DC-NM129-D04-ROCE-Leaf-6.GPU.S9825,FourHundredGigE1/0/61,702748,2741538134,432727,1562029654,6.44,3.67
2024/05/24 星期五 00:13:03.746,1716480783746,NH-DC-NM129-D04-ROCE-Leaf-6.GPU.S9825,FourHundredGigE1/0/61,210302,838787606,166861,475230162,0.63,0.36
2024/05/24 星期五 00:13:04.869,1716480784869,NH-DC-NM129-D04-ROCE-Leaf-6.GPU.S9825,FourHundredGigE1/0/61,348693,1415916706,487104,2001489872,1.57,2.23
2024/05/24 星期五 00:13:05.508,1716480785508,NH-DC-NM129-D04-ROCE-Leaf-6.GPU.S9825,FourHundredGigE1/0/61,0,0,0,0,0,0
2024/05/24 星期五 00:13:06.009,1716480786009,NH-DC-NM129-D04-ROCE-Leaf-6.GPU.S9825,FourHundredGigE1/0/61,137530,532561942,94196,356306570,1.32,0.87
2024/05/24 星期五 00:13:06.539,1716480786539,NH-DC-NM129-D04-ROCE-Leaf-6.GPU.S9825,FourHundredGigE1/0/61,216408,859764504,240857,912355040,2.00,2.15
2024/05/24 星期五 00:13:07.143,1716480787143,NH-DC-NM129-D04-ROCE-Leaf-6.GPU.S9825,FourHundredGigE1/0/61,0,0,0,0,0,0
2024/05/24 星期五 00:13:07.647,1716480787647,NH-DC-NM129-D04-ROCE-Leaf-6.GPU.S9825,FourHundredGigE1/0/61,0,0,0,0,0,0
2024/05/24 星期五 00:13:08.145,1716480788145,NH-DC-NM129-D04-ROCE-Leaf-6.GPU.S9825,FourHundredGigE1/0/61,576211,2299589911,280217,1066796298,5.75,2.66
2024/05/24 星期五 00:13:08.855,1716480788855,NH-DC-NM129-D04-ROCE-Leaf-6.GPU.S9825,FourHundredGigE1/0/61,301638,1207511060,161261,603149830,2.11,1.06
2024/05/24 星期五 00:13:09.358,1716480789358,NH-DC-NM129-D04-ROCE-Leaf-6.GPU.S9825,FourHundredGigE1/0/61,0,0,0,0,0,0
2024/05/24 星期五 00:13:09.933,1716480789933,NH-DC-NM129-D04-ROCE-Leaf-6.GPU.S9825,FourHundredGigE1/0/61,73244,239905460,117029,421753282,0.5,0.91
2024/05/24 星期五 00:13:10.552,1716480790552,NH-DC-NM129-D04-ROCE-Leaf-6.GPU.S9825,FourHundredGigE1/0/61,141155,509905086,88771,333516574,1.01,0.67
2024/05/24 星期五 00:13:11.160,1716480791160,NH-DC-NM129-D04-ROCE-Leaf-6.GPU.S9825,FourHundredGigE1/0/61,0,0,0,0,0,0
2024/05/24 星期五 00:13:11.885,1716480791885,NH-DC-NM129-D04-ROCE-Leaf-6.GPU.S9825,FourHundredGigE1/0/61,97597,356992142,524898,2153896948,0.60,3.71
2024/05/24 星期五 00:13:12.452,1716480792452,NH-DC-NM129-D04-ROCE-Leaf-6.GPU.S9825,FourHundredGigE1/0/61,0,0,0,0,0,0
2024/05/24 星期五 00:13:12.953,1716480792953,NH-DC-NM129-D04-ROCE-Leaf-6.GPU.S9825,FourHundredGigE1/0/61,226382,862544116,109783,421637126,2.15,1.05
2024/05/24 星期五 00:13:13.521,1716480793521,NH-DC-NM129-D04-ROCE-Leaf-6.GPU.S9825,FourHundredGigE1/0/61,198668,755706962,173623,681495294,1.65,1.50
2024/05/24 星期五 00:13:14.257,1716480794257,NH-DC-NM129-D04-ROCE-Leaf-6.GPU.S9825,FourHundredGigE1/0/61,0,0,0,0,0,0
2024/05/24 星期五 00:13:14.803,1716480794803,NH-DC-NM129-D04-ROCE-Leaf-6.GPU.S9825,FourHundredGigE1/0/61,453736,1853782000,154261,578119346,4.24,1.30
2024/05/24 星期五 00:13:15.881,1716480795881,NH-DC-NM129-D04-ROCE-Leaf-6.GPU.S9825,FourHundredGigE1/0/61,493522,1973946504,314234,1259582680,2.28,1.45
2024/05/24 星期五 00:13:16.382,1716480796382,NH-DC-NM129-D04-ROCE-Leaf-6.GPU.S9825,FourHundredGigE1/0/61,0,0,0,0,0,0
2024/05/24 星期五 00:13:17.457,1716480797457,NH-DC-NM129-D04-ROCE-Leaf-6.GPU.S9825,FourHundredGigE1/0/61,511617,2079088152,335751,1268892753,2.41,1.47
2024/05/24 星期五 00:13:17.957,1716480797957,NH-DC-NM129-D04-ROCE-Leaf-6.GPU.S9825,FourHundredGigE1/0/61,105044,368633380,586275,2338899588,0.9,5.82
2024/05/24 星期五 00:13:18.656,1716480798656,NH-DC-NM129-D04-ROCE-Leaf-6.GPU.S9825,FourHundredGigE1/0/61,85453,317020066,274299,1069880426,0.55,1.90
2024/05/24 星期五 00:13:19.297,1716480799297,NH-DC-NM129-D04-ROCE-Leaf-6.GPU.S9825,FourHundredGigE1/0/61,0,0,0,0,0,0
2024/05/24 星期五 00:13:19.798,1716480799798,NH-DC-NM129-D04-ROCE-Leaf-6.GPU.S9825,FourHundredGigE1/0/61,214257,678891226,201269,767114558,1.67,1.90
2024/05/24 星期五 00:13:20.345,1716480800345,NH-DC-NM129-D04-ROCE-Leaf-6.GPU.S9825,FourHundredGigE1/0/61,0,0,0,0,0,0
2024/05/24 星期五 00:13:20.912,1716480800912,NH-DC-NM129-D04-ROCE-Leaf-6.GPU.S9825,FourHundredGigE1/0/61,384188,1452565246,206205,798669494,3.20,1.74
2024/05/24 星期五 00:13:21.409,1716480801409,NH-DC-NM129-D04-ROCE-Leaf-6.GPU.S9825,FourHundredGigE1/0/61,392877,0,205162,0,0,0
2024/05/24 星期五 00:13:22.132,1716480802132,NH-DC-NM129-D04-ROCE-Leaf-6.GPU.S9825,FourHundredGigE1/0/61,0,1557185276,0,788519390,2.68,1.35
2024/05/24 星期五 00:13:22.672,1716480802672,NH-DC-NM129-D04-ROCE-Leaf-6.GPU.S9825,FourHundredGigE1/0/61,0,0,0,0,0,0
2024/05/24 星期五 00:13:23.175,1716480803175,NH-DC-NM129-D04-ROCE-Leaf-6.GPU.S9825,FourHundredGigE1/0/61,523824,2049264904,340998,1336233974,5.07,3.31
2024/05/24 星期五 00:13:23.758,1716480803758,NH-DC-NM129-D04-ROCE-Leaf-6.GPU.S9825,FourHundredGigE1/0/61,349705,1365104748,199474,753628496,2.92,1.61
2024/05/24 星期五 00:13:24.449,1716480804449,NH-DC-NM129-D04-ROCE-Leaf-6.GPU.S9825,FourHundredGigE1/0/61,0,0,0,0,0,0
2024/05/24 星期五 00:13:24.949,1716480804949,NH-DC-NM129-D04-ROCE-Leaf-6.GPU.S9825,FourHundredGigE1/0/61,126863,463360756,232798,913762008,1.15,2.28
2024/05/24 星期五 00:13:25.700,1716480805700,NH-DC-NM129-D04-ROCE-Leaf-6.GPU.S9825,FourHundredGigE1/0/61,182469,719058894,245366,961825316,1.18,1.60
2024/05/24 星期五 00:13:26.202,1716480806202,NH-DC-NM129-D04-ROCE-Leaf-6.GPU.S9825,FourHundredGigE1/0/61,0,0,0,0,0,0
2024/05/24 星期五 00:13:26.778,1716480806778,NH-DC-NM129-D04-ROCE-Leaf-6.GPU.S9825,FourHundredGigE1/0/61,105954,181203796,499332,1965627854,0.39,4.25
2024/05/24 星期五 00:13:27.292,1716480807292,NH-DC-NM129-D04-ROCE-Leaf-6.GPU.S9825,FourHundredGigE1/0/61,0,0,0,0,0,0
2024/05/24 星期五 00:13:27.850,1716480807850,NH-DC-NM129-D04-ROCE-Leaf-6.GPU.S9825,FourHundredGigE1/0/61,198661,715698938,454000,1732620226,1.59,3.88
2024/05/24 星期五 00:13:28.384,1716480808384,NH-DC-NM129-D04-ROCE-Leaf-6.GPU.S9825,FourHundredGigE1/0/61,0,0,0,0,0,0
2024/05/24 星期五 00:13:29.129,1716480809129,NH-DC-NM129-D04-ROCE-Leaf-6.GPU.S9825,FourHundredGigE1/0/61,308342,1200628756,167974,644137622,2.01,1.07
2024/05/24 星期五 00:13:29.630,1716480809630,NH-DC-NM129-D04-ROCE-Leaf-6.GPU.S9825,FourHundredGigE1/0/61,0,0,0,0,0,0
2024/05/24 星期五 00:13:30.914,1716480810914,NH-DC-NM129-D04-ROCE-Leaf-6.GPU.S9825,FourHundredGigE1/0/61,380749,1514606407,294706,1132353018,1.47,1.10
2024/05/24 星期五 00:13:31.463,1716480811463,NH-DC-NM129-D04-ROCE-Leaf-6.GPU.S9825,FourHundredGigE1/0/61,0,0,0,0,0,0
2024/05/24 星期五 00:13:32.107,1716480812107,NH-DC-NM129-D04-ROCE-Leaf-6.GPU.S9825,FourHundredGigE1/0/61,144508,509235264,81692,303919276,0.97,0.58
2024/05/24 星期五 00:13:32.689,1716480812689,NH-DC-NM129-D04-ROCE-Leaf-6.GPU.S9825,FourHundredGigE1/0/61,0,0,0,0,0,0
2024/05/24 星期五 00:13:33.193,1716480813193,NH-DC-NM129-D04-ROCE-Leaf-6.GPU.S9825,FourHundredGigE1/0/61,151286,580122848,64159,237032970,1.44,0.57
2024/05/24 星期五 00:13:33.757,1716480813757,NH-DC-NM129-D04-ROCE-Leaf-6.GPU.S9825,FourHundredGigE1/0/61,116089,419004756,265321,1000631990,0.91,2.22
2024/05/24 星期五 00:13:34.261,1716480814261,NH-DC-NM129-D04-ROCE-Leaf-6.GPU.S9825,FourHundredGigE1/0/61,0,0,0,0,0,0
2024/05/24 星期五 00:13:34.872,1716480814872,NH-DC-NM129-D04-ROCE-Leaf-6.GPU.S9825,FourHundredGigE1/0/61,141691,558091050,95400,348347520,1.13,0.70
2024/05/24 星期五 00:13:35.399,1716480815399,NH-DC-NM129-D04-ROCE-Leaf-6.GPU.S9825,FourHundredGigE1/0/61,0,0,0,0,0,0
2024/05/24 星期五 00:13:36.055,1716480816055,NH-DC-NM129-D04-ROCE-Leaf-6.GPU.S9825,FourHundredGigE1/0/61,163593,606477424,190664,752150574,1.14,1.43
2024/05/24 星期五 00:13:36.644,1716480816644,NH-DC-NM129-D04-ROCE-Leaf-6.GPU.S9825,FourHundredGigE1/0/61,0,0,0,0,0,0
2024/05/24 星期五 00:13:37.148,1716480817148,NH-DC-NM129-D04-ROCE-Leaf-6.GPU.S9825,FourHundredGigE1/0/61,122766,444368768,97831,367948188,1.09,0.89
2024/05/24 星期五 00:13:37.660,1716480817660,NH-DC-NM129-D04-ROCE-Leaf-6.GPU.S9825,FourHundredGigE1/0/61,70739,235032233,218454,889675324,0.56,2.15
2024/05/24 星期五 00:13:38.223,1716480818223,NH-DC-NM129-D04-ROCE-Leaf-6.GPU.S9825,FourHundredGigE1/0/61,0,0,0,0,0,0
2024/05/24 星期五 00:13:38.744,1716480818744,NH-DC-NM129-D04-ROCE-Leaf-6.GPU.S9825,FourHundredGigE1/0/61,130661,502939750,152281,571404776,1.20,1.37
2024/05/24 星期五 00:13:39.277,1716480819277,NH-DC-NM129-D04-ROCE-Leaf-6.GPU.S9825,FourHundredGigE1/0/61,0,0,0,0,0,0
2024/05/24 星期五 00:13:39.845,1716480819845,NH-DC-NM129-D04-ROCE-Leaf-6.GPU.S9825,FourHundredGigE1/0/61,50756,197590120,185165,699172856,0.42,1.52
2024/05/24 星期五 00:13:40.945,1716480820945,NH-DC-NM129-D04-ROCE-Leaf-6.GPU.S9825,FourHundredGigE1/0/61,545195,2200666808,420622,1635645244,2.5,1.85
2024/05/24 星期五 00:13:42.471,1716480822471,NH-DC-NM129-D04-ROCE-Leaf-6.GPU.S9825,FourHundredGigE1/0/61,224803,901281370,176966,672220784,0.74,0.55
2024/05/24 星期五 00:13:42.974,1716480822974,NH-DC-NM129-D04-ROCE-Leaf-6.GPU.S9825,FourHundredGigE1/0/61,205631,801445052,78920,247241904,1.99,0.60
2024/05/24 星期五 00:13:43.558,1716480823558,NH-DC-NM129-D04-ROCE-Leaf-6.GPU.S9825,FourHundredGigE1/0/61,141220,0,159893,0,0,0
2024/05/24 星期五 00:13:44.182,1716480824182,NH-DC-NM129-D04-ROCE-Leaf-6.GPU.S9825,FourHundredGigE1/0/61,0,531024260,0,605307478,1.06,1.20
2024/05/24 星期五 00:13:44.798,1716480824798,NH-DC-NM129-D04-ROCE-Leaf-6.GPU.S9825,FourHundredGigE1/0/61,318620,1280585656,381633,1478388358,2.60,2.98
2024/05/24 星期五 00:13:45.372,1716480825372,NH-DC-NM129-D04-ROCE-Leaf-6.GPU.S9825,FourHundredGigE1/0/61,0,0,0,0,0,0
2024/05/24 星期五 00:13:46.096,1716480826096,NH-DC-NM129-D04-ROCE-Leaf-6.GPU.S9825,FourHundredGigE1/0/61,133105,489716074,135578,488101700,0.83,0.83
2024/05/24 星期五 00:13:46.918,1716480826918,NH-DC-NM129-D04-ROCE-Leaf-6.GPU.S9825,FourHundredGigE1/0/61,307701,1168391684,133433,479941968,1.76,0.71
2024/05/24 星期五 00:13:47.490,1716480827490,NH-DC-NM129-D04-ROCE-Leaf-6.GPU.S9825,FourHundredGigE1/0/61,0,0,0,0,0,0
2024/05/24 星期五 00:13:47.994,1716480827994,NH-DC-NM129-D04-ROCE-Leaf-6.GPU.S9825,FourHundredGigE1/0/61,140126,531310298,139348,514519238,1.31,1.26
2024/05/24 星期五 00:13:48.585,1716480828585,NH-DC-NM129-D04-ROCE-Leaf-6.GPU.S9825,FourHundredGigE1/0/61,392213,1551235586,197065,720195230,3.28,1.52
2024/05/24 星期五 00:13:49.275,1716480829275,NH-DC-NM129-D04-ROCE-Leaf-6.GPU.S9825,FourHundredGigE1/0/61,0,0,0,0,0,0
2024/05/24 星期五 00:13:49.780,1716480829780,NH-DC-NM129-D04-ROCE-Leaf-6.GPU.S9825,FourHundredGigE1/0/61,173027,525842812,189034,705603856,1.29,1.73
2024/05/24 星期五 00:13:50.285,1716480830285,NH-DC-NM129-D04-ROCE-Leaf-6.GPU.S9825,FourHundredGigE1/0/61,0,0,0,0,0,0
2024/05/24 星期五 00:13:50.801,1716480830801,NH-DC-NM129-D04-ROCE-Leaf-6.GPU.S9825,FourHundredGigE1/0/61,167556,644804530,178736,685397016,1.55,1.65
2024/05/24 星期五 00:13:51.302,1716480831302,NH-DC-NM129-D04-ROCE-Leaf-6.GPU.S9825,FourHundredGigE1/0/61,0,0,0,0,0,0
2024/05/24 星期五 00:13:51.955,1716480831955,NH-DC-NM129-D04-ROCE-Leaf-6.GPU.S9825,FourHundredGigE1/0/61,256752,1027121228,177954,635619552,1.95,1.21
2024/05/24 星期五 00:13:52.687,1716480832687,NH-DC-NM129-D04-ROCE-Leaf-6.GPU.S9825,FourHundredGigE1/0/61,0,0,0,0,0,0
2024/05/24 星期五 00:13:53.186,1716480833186,NH-DC-NM129-D04-ROCE-Leaf-6.GPU.S9825,FourHundredGigE1/0/61,138229,530012650,444029,1739605070,1.33,4.33
2024/05/24 星期五 00:13:53.989,1716480833989,NH-DC-NM129-D04-ROCE-Leaf-6.GPU.S9825,FourHundredGigE1/0/61,343413,1337765666,188326,676570985,2.07,1.04
2024/05/24 星期五 00:13:54.591,1716480834591,NH-DC-NM129-D04-ROCE-Leaf-6.GPU.S9825,FourHundredGigE1/0/61,157674,603575608,95285,355526402,1.25,0.73
2024/05/24 星期五 00:13:55.353,1716480835353,NH-DC-NM129-D04-ROCE-Leaf-6.GPU.S9825,FourHundredGigE1/0/61,112799,471392708,419754,1683031352,0.77,2.76
2024/05/24 星期五 00:13:56.199,1716480836199,NH-DC-NM129-D04-ROCE-Leaf-6.GPU.S9825,FourHundredGigE1/0/61,0,0,0,0,0,0
2024/05/24 星期五 00:13:56.700,1716480836700,NH-DC-NM129-D04-ROCE-Leaf-6.GPU.S9825,FourHundredGigE1/0/61,203390,806296690,141891,533985086,2.00,1.32
2024/05/24 星期五 00:13:57.261,1716480837261,NH-DC-NM129-D04-ROCE-Leaf-6.GPU.S9825,FourHundredGigE1/0/61,0,0,0,0,0,0
2024/05/24 星期五 00:13:57.825,1716480837825,NH-DC-NM129-D04-ROCE-Leaf-6.GPU.S9825,FourHundredGigE1/0/61,315518,1297184076,108868,391917992,2.86,0.86
2024/05/24 星期五 00:13:58.345,1716480838345,NH-DC-NM129-D04-ROCE-Leaf-6.GPU.S9825,FourHundredGigE1/0/61,0,0,0,0,0,0
2024/05/24 星期五 00:13:58.903,1716480838903,NH-DC-NM129-D04-ROCE-Leaf-6.GPU.S9825,FourHundredGigE1/0/61,126821,501283438,59430,200924684,1.12,0.45
2024/05/24 星期五 00:13:59.733,1716480839733,NH-DC-NM129-D04-ROCE-Leaf-6.GPU.S9825,FourHundredGigE1/0/61,123972,506181576,97618,332541076,0.75,0.50
2024/05/24 星期五 00:14:00.237,1716480840237,NH-DC-NM129-D04-ROCE-Leaf-6.GPU.S9825,FourHundredGigE1/0/61,0,0,0,0,0,0
2024/05/24 星期五 00:14:00.738,1716480840738,NH-DC-NM129-D04-ROCE-Leaf-6.GPU.S9825,FourHundredGigE1/0/61,182169,701043390,524559,2017029574,1.75,5.01
2024/05/24 星期五 00:14:01.240,1716480841240,NH-DC-NM129-D04-ROCE-Leaf-6.GPU.S9825,FourHundredGigE1/0/61,0,0,0,0,0,0
2024/05/24 星期五 00:14:01.741,1716480841741,NH-DC-NM129-D04-ROCE-Leaf-6.GPU.S9825,FourHundredGigE1/0/61,172891,648046818,129597,494642218,1.60,1.22
2024/05/24 星期五 00:14:02.285,1716480842285,NH-DC-NM129-D04-ROCE-Leaf-6.GPU.S9825,FourHundredGigE1/0/61,1814968,7286464270,545508,2105126184,16.73,4.83
2024/05/24 星期五 00:14:04.383,1716480844383,NH-DC-NM129-D04-ROCE-Leaf-6.GPU.S9825,FourHundredGigE1/0/61,0,0,0,0,0,0
2024/05/24 星期五 00:14:04.995,1716480844995,NH-DC-NM129-D04-ROCE-Leaf-6.GPU.S9825,FourHundredGigE1/0/61,2474031,10114693810,205871,813754108,20.65,1.65
2024/05/24 星期五 00:14:05.603,1716480845603,NH-DC-NM129-D04-ROCE-Leaf-6.GPU.S9825,FourHundredGigE1/0/61,739155,2983138920,397203,1472112738,6.13,3.02
2024/05/24 星期五 00:14:06.175,1716480846175,NH-DC-NM129-D04-ROCE-Leaf-6.GPU.S9825,FourHundredGigE1/0/61,0,0,0,0,0,0
2024/05/24 星期五 00:14:06.708,1716480846708,NH-DC-NM129-D04-ROCE-Leaf-6.GPU.S9825,FourHundredGigE1/0/61,0,0,0,0,0,0
2024/05/24 星期五 00:14:07.205,1716480847205,NH-DC-NM129-D04-ROCE-Leaf-6.GPU.S9825,FourHundredGigE1/0/61,623403,2437442758,141373,549246586,6.11,1.36
2024/05/24 星期五 00:14:07.899,1716480847899,NH-DC-NM129-D04-ROCE-Leaf-6.GPU.S9825,FourHundredGigE1/0/61,483543,1806139705,182223,709895498,3.24,1.26
2024/05/24 星期五 00:14:08.457,1716480848457,NH-DC-NM129-D04-ROCE-Leaf-6.GPU.S9825,FourHundredGigE1/0/61,0,0,0,0,0,0
2024/05/24 星期五 00:14:09.095,1716480849095,NH-DC-NM129-D04-ROCE-Leaf-6.GPU.S9825,FourHundredGigE1/0/61,490334,1840156524,170031,672049438,3.61,1.31
2024/05/24 星期五 00:14:09.754,1716480849754,NH-DC-NM129-D04-ROCE-Leaf-6.GPU.S9825,FourHundredGigE1/0/61,342508,1372516976,255922,1032371580,2.60,1.95
2024/05/24 星期五 00:14:10.306,1716480850306,NH-DC-NM129-D04-ROCE-Leaf-6.GPU.S9825,FourHundredGigE1/0/61,0,0,0,0,0,0
2024/05/24 星期五 00:14:11.051,1716480851051,NH-DC-NM129-D04-ROCE-Leaf-6.GPU.S9825,FourHundredGigE1/0/61,58218,214749021,115740,429274640,0.35,0.70
2024/05/24 星期五 00:14:11.645,1716480851645,NH-DC-NM129-D04-ROCE-Leaf-6.GPU.S9825,FourHundredGigE1/0/61,62921,142098714,184533,649168122,0.29,1.35
2024/05/24 星期五 00:14:12.257,1716480852257,NH-DC-NM129-D04-ROCE-Leaf-6.GPU.S9825,FourHundredGigE1/0/61,0,0,0,0,0,0
2024/05/24 星期五 00:14:12.758,1716480852758,NH-DC-NM129-D04-ROCE-Leaf-6.GPU.S9825,FourHundredGigE1/0/61,194068,527610372,439303,1514674858,1.30,3.77
2024/05/24 星期五 00:14:13.337,1716480853337,NH-DC-NM129-D04-ROCE-Leaf-6.GPU.S9825,FourHundredGigE1/0/61,0,0,0,0,0,0
2024/05/24 星期五 00:14:13.966,1716480853966,NH-DC-NM129-D04-ROCE-Leaf-6.GPU.S9825,FourHundredGigE1/0/61,490493,1980993752,224472,898122372,3.93,1.77
2024/05/24 星期五 00:14:14.660,1716480854660,NH-DC-NM129-D04-ROCE-Leaf-6.GPU.S9825,FourHundredGigE1/0/61,214105,806871324,248230,957400236,1.44,1.71
2024/05/24 星期五 00:14:15.222,1716480855222,NH-DC-NM129-D04-ROCE-Leaf-6.GPU.S9825,FourHundredGigE1/0/61,0,0,0,0,0,0
2024/05/24 星期五 00:14:15.852,1716480855852,NH-DC-NM129-D04-ROCE-Leaf-6.GPU.S9825,FourHundredGigE1/0/61,230365,865419394,187558,685417284,1.71,1.35
2024/05/24 星期五 00:14:16.358,1716480856358,NH-DC-NM129-D04-ROCE-Leaf-6.GPU.S9825,FourHundredGigE1/0/61,0,0,0,0,0,0
2024/05/24 星期五 00:14:16.861,1716480856861,NH-DC-NM129-D04-ROCE-Leaf-6.GPU.S9825,FourHundredGigE1/0/61,192708,757722684,567911,2288173312,1.86,5.67
2024/05/24 星期五 00:14:18.089,1716480858089,NH-DC-NM129-D04-ROCE-Leaf-6.GPU.S9825,FourHundredGigE1/0/61,102181,343633558,338060,1291777422,0.35,1.31
2024/05/24 星期五 00:14:18.632,1716480858632,NH-DC-NM129-D04-ROCE-Leaf-6.GPU.S9825,FourHundredGigE1/0/61,0,0,0,0,0,0
2024/05/24 星期五 00:14:19.138,1716480859138,NH-DC-NM129-D04-ROCE-Leaf-6.GPU.S9825,FourHundredGigE1/0/61,166353,600773286,323282,1222661924,1.48,3.01
2024/05/24 星期五 00:14:19.705,1716480859705,NH-DC-NM129-D04-ROCE-Leaf-6.GPU.S9825,FourHundredGigE1/0/61,272346,1094602644,198536,754567048,2.40,1.65
2024/05/24 星期五 00:14:20.225,1716480860225,NH-DC-NM129-D04-ROCE-Leaf-6.GPU.S9825,FourHundredGigE1/0/61,0,0,0,0,0,0
2024/05/24 星期五 00:14:20.810,1716480860810,NH-DC-NM129-D04-ROCE-Leaf-6.GPU.S9825,FourHundredGigE1/0/61,550560,2206803200,287049,1092804966,4.70,2.33
2024/05/24 星期五 00:14:21.318,1716480861318,NH-DC-NM129-D04-ROCE-Leaf-6.GPU.S9825,FourHundredGigE1/0/61,0,0,0,0,0,0
2024/05/24 星期五 00:14:21.909,1716480861909,NH-DC-NM129-D04-ROCE-Leaf-6.GPU.S9825,FourHundredGigE1/0/61,90404,297478076,215639,844409722,0.61,1.78
2024/05/24 星期五 00:14:22.434,1716480862434,NH-DC-NM129-D04-ROCE-Leaf-6.GPU.S9825,FourHundredGigE1/0/61,0,0,0,0,0,0
2024/05/24 星期五 00:14:22.949,1716480862949,NH-DC-NM129-D04-ROCE-Leaf-6.GPU.S9825,FourHundredGigE1/0/61,91634,346611056,174742,696254704,0.83,1.67
2024/05/24 星期五 00:14:23.496,1716480863496,NH-DC-NM129-D04-ROCE-Leaf-6.GPU.S9825,FourHundredGigE1/0/61,118884,485761404,71852,278308172,1.10,0.62
2024/05/24 星期五 00:14:24.259,1716480864259,NH-DC-NM129-D04-ROCE-Leaf-6.GPU.S9825,FourHundredGigE1/0/61,0,0,0,0,0,0
2024/05/24 星期五 00:14:24.822,1716480864822,NH-DC-NM129-D04-ROCE-Leaf-6.GPU.S9825,FourHundredGigE1/0/61,43415,108878286,220813,780369208,0.22,1.73
2024/05/24 星期五 00:14:25.329,1716480865329,NH-DC-NM129-D04-ROCE-Leaf-6.GPU.S9825,FourHundredGigE1/0/61,0,0,0,0,0,0
2024/05/24 星期五 00:14:25.844,1716480865844,NH-DC-NM129-D04-ROCE-Leaf-6.GPU.S9825,FourHundredGigE1/0/61,144090,515040040,147508,487437682,1.24,1.17
2024/05/24 星期五 00:14:26.390,1716480866390,NH-DC-NM129-D04-ROCE-Leaf-6.GPU.S9825,FourHundredGigE1/0/61,0,0,0,0,0,0
2024/05/24 星期五 00:14:26.891,1716480866891,NH-DC-NM129-D04-ROCE-Leaf-6.GPU.S9825,FourHundredGigE1/0/61,188983,757143814,39523,112343482,1.87,0.27
2024/05/24 星期五 00:14:27.523,1716480867523,NH-DC-NM129-D04-ROCE-Leaf-6.GPU.S9825,FourHundredGigE1/0/61,340142,0,455060,0,0,0
2024/05/24 星期五 00:14:28.130,1716480868130,NH-DC-NM129-D04-ROCE-Leaf-6.GPU.S9825,FourHundredGigE1/0/61,0,1340147408,0,1800070056,2.76,3.71
2024/05/24 星期五 00:14:29.135,1716480869135,NH-DC-NM129-D04-ROCE-Leaf-6.GPU.S9825,FourHundredGigE1/0/61,178230,676124680,92272,285473264,0.83,0.35
2024/05/24 星期五 00:14:29.796,1716480869796,NH-DC-NM129-D04-ROCE-Leaf-6.GPU.S9825,FourHundredGigE1/0/61,421580,1686118204,159878,642374932,3.18,1.21
2024/05/24 星期五 00:14:30.427,1716480870427,NH-DC-NM129-D04-ROCE-Leaf-6.GPU.S9825,FourHundredGigE1/0/61,130771,513479062,141880,541038152,1.01,1.07
2024/05/24 星期五 00:14:31.096,1716480871096,NH-DC-NM129-D04-ROCE-Leaf-6.GPU.S9825,FourHundredGigE1/0/61,0,0,0,0,0,0
2024/05/24 星期五 00:14:31.670,1716480871670,NH-DC-NM129-D04-ROCE-Leaf-6.GPU.S9825,FourHundredGigE1/0/61,356011,1442413938,289608,1130176996,3.14,2.46
2024/05/24 星期五 00:14:32.170,1716480872170,NH-DC-NM129-D04-ROCE-Leaf-6.GPU.S9825,FourHundredGigE1/0/61,0,0,0,0,0,0
2024/05/24 星期五 00:14:32.754,1716480872754,NH-DC-NM129-D04-ROCE-Leaf-6.GPU.S9825,FourHundredGigE1/0/61,201454,781459948,148495,580364134,1.67,1.24
2024/05/24 星期五 00:14:33.254,1716480873254,NH-DC-NM129-D04-ROCE-Leaf-6.GPU.S9825,FourHundredGigE1/0/61,0,0,0,0,0,0
2024/05/24 星期五 00:14:33.824,1716480873824,NH-DC-NM129-D04-ROCE-Leaf-6.GPU.S9825,FourHundredGigE1/0/61,478227,1869210474,211816,807688548,4.08,1.75
2024/05/24 星期五 00:14:34.581,1716480874581,NH-DC-NM129-D04-ROCE-Leaf-6.GPU.S9825,FourHundredGigE1/0/61,0,0,0,0,0,0
2024/05/24 星期五 00:14:35.106,1716480875106,NH-DC-NM129-D04-ROCE-Leaf-6.GPU.S9825,FourHundredGigE1/0/61,550080,2187380164,475813,1830035874,5.19,4.36
2024/05/24 星期五 00:14:35.607,1716480875607,NH-DC-NM129-D04-ROCE-Leaf-6.GPU.S9825,FourHundredGigE1/0/61,0,0,0,0,0,0
2024/05/24 星期五 00:14:36.110,1716480876110,NH-DC-NM129-D04-ROCE-Leaf-6.GPU.S9825,FourHundredGigE1/0/61,55517,210613144,97745,336527529,0.52,0.82
2024/05/24 星期五 00:14:36.698,1716480876698,NH-DC-NM129-D04-ROCE-Leaf-6.GPU.S9825,FourHundredGigE1/0/61,77102,284274619,108246,366528589,0.60,0.77
2024/05/24 星期五 00:14:37.201,1716480877201,NH-DC-NM129-D04-ROCE-Leaf-6.GPU.S9825,FourHundredGigE1/0/61,0,0,0,0,0,0
2024/05/24 星期五 00:14:37.883,1716480877883,NH-DC-NM129-D04-ROCE-Leaf-6.GPU.S9825,FourHundredGigE1/0/61,273424,1087708407,135819,514339850,1.98,0.93
2024/05/24 星期五 00:14:38.431,1716480878431,NH-DC-NM129-D04-ROCE-Leaf-6.GPU.S9825,FourHundredGigE1/0/61,0,0,0,0,0,0
2024/05/24 星期五 00:14:38.935,1716480878935,NH-DC-NM129-D04-ROCE-Leaf-6.GPU.S9825,FourHundredGigE1/0/61,101527,362848552,226426,919868752,0.89,2.26
2024/05/24 星期五 00:14:39.588,1716480879588,NH-DC-NM129-D04-ROCE-Leaf-6.GPU.S9825,FourHundredGigE1/0/61,182747,704691926,294344,1121463706,1.34,2.14
2024/05/24 星期五 00:14:40.214,1716480880214,NH-DC-NM129-D04-ROCE-Leaf-6.GPU.S9825,FourHundredGigE1/0/61,0,0,0,0,0,0
2024/05/24 星期五 00:14:40.753,1716480880753,NH-DC-NM129-D04-ROCE-Leaf-6.GPU.S9825,FourHundredGigE1/0/61,206264,823687642,186159,702609502,1.90,1.62
2024/05/24 星期五 00:14:41.403,1716480881403,NH-DC-NM129-D04-ROCE-Leaf-6.GPU.S9825,FourHundredGigE1/0/61,230982,925665276,245133,876185992,1.77,1.67
2024/05/24 星期五 00:14:42.169,1716480882169,NH-DC-NM129-D04-ROCE-Leaf-6.GPU.S9825,FourHundredGigE1/0/61,0,0,0,0,0,0
2024/05/24 星期五 00:14:42.669,1716480882669,NH-DC-NM129-D04-ROCE-Leaf-6.GPU.S9825,FourHundredGigE1/0/61,302323,1198902236,603854,2377417406,2.98,5.92
2024/05/24 星期五 00:14:43.413,1716480883413,NH-DC-NM129-D04-ROCE-Leaf-6.GPU.S9825,FourHundredGigE1/0/61,0,0,0,0,0,0
2024/05/24 星期五 00:14:44.047,1716480884047,NH-DC-NM129-D04-ROCE-Leaf-6.GPU.S9825,FourHundredGigE1/0/61,251261,971514756,302985,1157975438,1.91,2.27
2024/05/24 星期五 00:14:44.749,1716480884749,NH-DC-NM129-D04-ROCE-Leaf-6.GPU.S9825,FourHundredGigE1/0/61,493491,1825654696,171862,658218813,3.24,1.16
2024/05/24 星期五 00:14:47.172,1716480887172,NH-DC-NM129-D04-ROCE-Leaf-6.GPU.S9825,FourHundredGigE1/0/61,550136,2115350090,1005080,3972237304,1.09,2.05
2024/05/24 星期五 00:14:47.775,1716480887775,NH-DC-NM129-D04-ROCE-Leaf-6.GPU.S9825,FourHundredGigE1/0/61,270006,1121381564,84312,152080436,2.32,0.31
2024/05/24 星期五 00:14:50.155,1716480890155,NH-DC-NM129-D04-ROCE-Leaf-6.GPU.S9825,FourHundredGigE1/0/61,614920,2488893588,571568,2159007900,1.30,1.13
2024/05/24 星期五 00:14:50.656,1716480890656,NH-DC-NM129-D04-ROCE-Leaf-6.GPU.S9825,FourHundredGigE1/0/61,86715,330406538,96290,245905312,0.82,0.60
2024/05/24 星期五 00:14:51.248,1716480891248,NH-DC-NM129-D04-ROCE-Leaf-6.GPU.S9825,FourHundredGigE1/0/61,0,0,0,0,0,0
2024/05/24 星期五 00:14:53.665,1716480893665,NH-DC-NM129-D04-ROCE-Leaf-6.GPU.S9825,FourHundredGigE1/0/61,422399,1637323694,659862,2586928688,0.84,1.33
2024/05/24 星期五 00:14:54.263,1716480894263,NH-DC-NM129-D04-ROCE-Leaf-6.GPU.S9825,FourHundredGigE1/0/61,0,0,0,0,0,0
2024/05/24 星期五 00:14:54.962,1716480894962,NH-DC-NM129-D04-ROCE-Leaf-6.GPU.S9825,FourHundredGigE1/0/61,226371,867512820,320840,1268670488,1.54,2.25
2024/05/24 星期五 00:14:55.636,1716480895636,NH-DC-NM129-D04-ROCE-Leaf-6.GPU.S9825,FourHundredGigE1/0/61,0,0,0,0,0,0
2024/05/24 星期五 00:14:56.137,1716480896137,NH-DC-NM129-D04-ROCE-Leaf-6.GPU.S9825,FourHundredGigE1/0/61,172876,666072942,193049,752407122,1.65,1.87
2024/05/24 星期五 00:14:56.722,1716480896722,NH-DC-NM129-D04-ROCE-Leaf-6.GPU.S9825,FourHundredGigE1/0/61,244916,986816441,249155,1010021454,2.09,2.16
2024/05/24 星期五 00:14:57.371,1716480897371,NH-DC-NM129-D04-ROCE-Leaf-6.GPU.S9825,FourHundredGigE1/0/61,0,0,0,0,0,0
2024/05/24 星期五 00:14:58.006,1716480898006,NH-DC-NM129-D04-ROCE-Leaf-6.GPU.S9825,FourHundredGigE1/0/61,279252,1075367904,57462,29844428,2.11,0.04
2024/05/24 星期五 00:14:58.631,1716480898631,NH-DC-NM129-D04-ROCE-Leaf-6.GPU.S9825,FourHundredGigE1/0/61,0,0,0,0,0,0
2024/05/24 星期五 00:14:59.135,1716480899135,NH-DC-NM129-D04-ROCE-Leaf-6.GPU.S9825,FourHundredGigE1/0/61,136843,540101870,178593,546284590,1.34,1.34
2024/05/24 星期五 00:14:59.652,1716480899652,NH-DC-NM129-D04-ROCE-Leaf-6.GPU.S9825,FourHundredGigE1/0/61,0,0,0,0,0,0
2024/05/24 星期五 00:15:00.153,1716480900153,NH-DC-NM129-D04-ROCE-Leaf-6.GPU.S9825,FourHundredGigE1/0/61,95457,382304570,139695,396304254,0.95,0.97
2024/05/24 星期五 00:15:00.849,1716480900849,NH-DC-NM129-D04-ROCE-Leaf-6.GPU.S9825,FourHundredGigE1/0/61,499802,2017288806,174132,553096520,3.61,0.99
2024/05/24 星期五 00:15:01.462,1716480901462,NH-DC-NM129-D04-ROCE-Leaf-6.GPU.S9825,FourHundredGigE1/0/61,0,0,0,0,0,0
2024/05/24 星期五 00:15:02.076,1716480902076,NH-DC-NM129-D04-ROCE-Leaf-6.GPU.S9825,FourHundredGigE1/0/61,1080479,4388569668,537893,2021135088,8.92,4.11
2024/05/24 星期五 00:15:03.465,1716480903465,NH-DC-NM129-D04-ROCE-Leaf-6.GPU.S9825,FourHundredGigE1/0/61,263785,1018993088,197580,787591918,0.91,0.70
2024/05/24 星期五 00:15:04.629,1716480904629,NH-DC-NM129-D04-ROCE-Leaf-6.GPU.S9825,FourHundredGigE1/0/61,182179,673311700,306414,1195525872,0.72,1.28
2024/05/24 星期五 00:15:06.203,1716480906203,NH-DC-NM129-D04-ROCE-Leaf-6.GPU.S9825,FourHundredGigE1/0/61,340143,1344299682,371392,1459052224,1.06,1.15
2024/05/24 星期五 00:15:06.704,1716480906704,NH-DC-NM129-D04-ROCE-Leaf-6.GPU.S9825,FourHundredGigE1/0/61,164067,630729590,111660,366086164,1.57,0.90
2024/05/24 星期五 00:15:07.205,1716480907205,NH-DC-NM129-D04-ROCE-Leaf-6.GPU.S9825,FourHundredGigE1/0/61,0,0,0,0,0,0
2024/05/24 星期五 00:15:07.889,1716480907889,NH-DC-NM129-D04-ROCE-Leaf-6.GPU.S9825,FourHundredGigE1/0/61,346758,1402412367,195228,690891396,2.56,1.26
2024/05/24 星期五 00:15:08.583,1716480908583,NH-DC-NM129-D04-ROCE-Leaf-6.GPU.S9825,FourHundredGigE1/0/61,0,0,0,0,0,0
2024/05/24 星期五 00:15:09.141,1716480909141,NH-DC-NM129-D04-ROCE-Leaf-6.GPU.S9825,FourHundredGigE1/0/61,125247,485475522,397722,1536740188,1.08,3.43
2024/05/24 星期五 00:15:09.641,1716480909641,NH-DC-NM129-D04-ROCE-Leaf-6.GPU.S9825,FourHundredGigE1/0/61,0,0,0,0,0,0
2024/05/24 星期五 00:15:10.143,1716480910143,NH-DC-NM129-D04-ROCE-Leaf-6.GPU.S9825,FourHundredGigE1/0/61,104323,356736254,260050,1016984152,0.87,2.51
2024/05/24 星期五 00:15:10.795,1716480910795,NH-DC-NM129-D04-ROCE-Leaf-6.GPU.S9825,FourHundredGigE1/0/61,143985,581467186,114492,385893030,1.11,0.73
2024/05/24 星期五 00:15:11.662,1716480911662,NH-DC-NM129-D04-ROCE-Leaf-6.GPU.S9825,FourHundredGigE1/0/61,205599,802671898,403446,1598157886,1.15,2.29
2024/05/24 星期五 00:15:12.347,1716480912347,NH-DC-NM129-D04-ROCE-Leaf-6.GPU.S9825,FourHundredGigE1/0/61,0,0,0,0,0,0
2024/05/24 星期五 00:15:12.851,1716480912851,NH-DC-NM129-D04-ROCE-Leaf-6.GPU.S9825,FourHundredGigE1/0/61,238591,974126970,72269,260706270,2.41,0.64
2024/05/24 星期五 00:15:13.351,1716480913351,NH-DC-NM129-D04-ROCE-Leaf-6.GPU.S9825,FourHundredGigE1/0/61,0,0,0,0,0,0
2024/05/24 星期五 00:15:13.944,1716480913944,NH-DC-NM129-D04-ROCE-Leaf-6.GPU.S9825,FourHundredGigE1/0/61,53179,200608138,78184,257012800,0.42,0.53
2024/05/24 星期五 00:15:14.583,1716480914583,NH-DC-NM129-D04-ROCE-Leaf-6.GPU.S9825,FourHundredGigE1/0/61,89855,332806478,294298,1155733164,0.65,2.25
2024/05/24 星期五 00:15:15.328,1716480915328,NH-DC-NM129-D04-ROCE-Leaf-6.GPU.S9825,FourHundredGigE1/0/61,0,0,0,0,0,0
2024/05/24 星期五 00:15:15.920,1716480915920,NH-DC-NM129-D04-ROCE-Leaf-6.GPU.S9825,FourHundredGigE1/0/61,322785,1300665606,301179,1199345738,2.74,2.51
2024/05/24 星期五 00:15:16.422,1716480916422,NH-DC-NM129-D04-ROCE-Leaf-6.GPU.S9825,FourHundredGigE1/0/61,0,0,0,0,0,0
2024/05/24 星期五 00:15:16.925,1716480916925,NH-DC-NM129-D04-ROCE-Leaf-6.GPU.S9825,FourHundredGigE1/0/61,210824,832215456,249745,987834700,2.06,2.44
2024/05/24 星期五 00:15:17.510,1716480917510,NH-DC-NM129-D04-ROCE-Leaf-6.GPU.S9825,FourHundredGigE1/0/61,0,0,0,0,0,0
2024/05/24 星期五 00:15:18.009,1716480918009,NH-DC-NM129-D04-ROCE-Leaf-6.GPU.S9825,FourHundredGigE1/0/61,331260,1335070072,106461,356300452,3.33,0.88
2024/05/24 星期五 00:15:18.824,1716480918824,NH-DC-NM129-D04-ROCE-Leaf-6.GPU.S9825,FourHundredGigE1/0/61,136814,493557616,124627,457731006,0.75,0.69
2024/05/24 星期五 00:15:19.399,1716480919399,NH-DC-NM129-D04-ROCE-Leaf-6.GPU.S9825,FourHundredGigE1/0/61,0,0,0,0,0,0
2024/05/24 星期五 00:15:19.902,1716480919902,NH-DC-NM129-D04-ROCE-Leaf-6.GPU.S9825,FourHundredGigE1/0/61,286374,1169117472,411230,1660381800,2.88,4.13
2024/05/24 星期五 00:15:20.408,1716480920408,NH-DC-NM129-D04-ROCE-Leaf-6.GPU.S9825,FourHundredGigE1/0/61,0,0,0,0,0,0
2024/05/24 星期五 00:15:20.909,1716480920909,NH-DC-NM129-D04-ROCE-Leaf-6.GPU.S9825,FourHundredGigE1/0/61,230507,896226947,130789,354038724,2.22,0.87
2024/05/24 星期五 00:15:21.785,1716480921785,NH-DC-NM129-D04-ROCE-Leaf-6.GPU.S9825,FourHundredGigE1/0/61,62875,224979834,577502,1995877850,0.31,2.84
2024/05/24 星期五 00:15:22.484,1716480922484,NH-DC-NM129-D04-ROCE-Leaf-6.GPU.S9825,FourHundredGigE1/0/61,0,0,0,0,0,0
2024/05/24 星期五 00:15:22.986,1716480922986,NH-DC-NM129-D04-ROCE-Leaf-6.GPU.S9825,FourHundredGigE1/0/61,1038474,4237890698,208736,740830636,10.53,1.84
2024/05/24 星期五 00:15:23.485,1716480923485,NH-DC-NM129-D04-ROCE-Leaf-6.GPU.S9825,FourHundredGigE1/0/61,0,0,0,0,0,0
2024/05/24 星期五 00:15:23.987,1716480923987,NH-DC-NM129-D04-ROCE-Leaf-6.GPU.S9825,FourHundredGigE1/0/61,1071839,4328487190,92889,325487914,10.76,0.80
2024/05/24 星期五 00:15:24.540,1716480924540,NH-DC-NM129-D04-ROCE-Leaf-6.GPU.S9825,FourHundredGigE1/0/61,0,0,0,0,0,0
2024/05/24 星期五 00:15:25.055,1716480925055,NH-DC-NM129-D04-ROCE-Leaf-6.GPU.S9825,FourHundredGigE1/0/61,1599526,6496361024,203544,760727340,15.75,1.84
2024/05/24 星期五 00:15:25.862,1716480925862,NH-DC-NM129-D04-ROCE-Leaf-6.GPU.S9825,FourHundredGigE1/0/61,1056733,4274170030,98008,374541628,6.61,0.57
2024/05/24 星期五 00:15:26.374,1716480926374,NH-DC-NM129-D04-ROCE-Leaf-6.GPU.S9825,FourHundredGigE1/0/61,0,0,0,0,0,0
2024/05/24 星期五 00:15:26.875,1716480926875,NH-DC-NM129-D04-ROCE-Leaf-6.GPU.S9825,FourHundredGigE1/0/61,695546,2791812880,209269,598272154,6.96,1.47
2024/05/24 星期五 00:15:27.419,1716480927419,NH-DC-NM129-D04-ROCE-Leaf-6.GPU.S9825,FourHundredGigE1/0/61,0,0,0,0,0,0
2024/05/24 星期五 00:15:27.932,1716480927932,NH-DC-NM129-D04-ROCE-Leaf-6.GPU.S9825,FourHundredGigE1/0/61,112197,442106274,359586,1351393748,1.07,3.29
2024/05/24 星期五 00:15:28.561,1716480928561,NH-DC-NM129-D04-ROCE-Leaf-6.GPU.S9825,FourHundredGigE1/0/61,166425,655719542,584651,2219989122,1.29,4.39
2024/05/24 星期五 00:15:29.394,1716480929394,NH-DC-NM129-D04-ROCE-Leaf-6.GPU.S9825,FourHundredGigE1/0/61,0,0,0,0,0,0
2024/05/24 星期五 00:15:29.943,1716480929943,NH-DC-NM129-D04-ROCE-Leaf-6.GPU.S9825,FourHundredGigE1/0/61,323999,1234262198,612920,2375141656,2.80,5.40
2024/05/24 星期五 00:15:30.492,1716480930492,NH-DC-NM129-D04-ROCE-Leaf-6.GPU.S9825,FourHundredGigE1/0/61,0,0,0,0,0,0
2024/05/24 星期五 00:15:30.994,1716480930994,NH-DC-NM129-D04-ROCE-Leaf-6.GPU.S9825,FourHundredGigE1/0/61,318661,1224392974,211202,833719428,3.04,2.07
2024/05/24 星期五 00:15:31.505,1716480931505,NH-DC-NM129-D04-ROCE-Leaf-6.GPU.S9825,FourHundredGigE1/0/61,0,0,0,0,0,0
2024/05/24 星期五 00:15:32.019,1716480932019,NH-DC-NM129-D04-ROCE-Leaf-6.GPU.S9825,FourHundredGigE1/0/61,108297,372903658,94331,349175678,0.90,0.83
2024/05/24 星期五 00:15:33.334,1716480933334,NH-DC-NM129-D04-ROCE-Leaf-6.GPU.S9825,FourHundredGigE1/0/61,192966,740501540,192736,757950868,0.70,0.71
2024/05/24 星期五 00:15:33.838,1716480933838,NH-DC-NM129-D04-ROCE-Leaf-6.GPU.S9825,FourHundredGigE1/0/61,404698,1625092997,265728,1021100312,4.02,2.53
2024/05/24 星期五 00:15:34.388,1716480934388,NH-DC-NM129-D04-ROCE-Leaf-6.GPU.S9825,FourHundredGigE1/0/61,0,0,0,0,0,0
2024/05/24 星期五 00:15:34.890,1716480934890,NH-DC-NM129-D04-ROCE-Leaf-6.GPU.S9825,FourHundredGigE1/0/61,162185,607717978,272036,1035013173,1.49,2.56
2024/05/24 星期五 00:15:35.392,1716480935392,NH-DC-NM129-D04-ROCE-Leaf-6.GPU.S9825,FourHundredGigE1/0/61,122034,461585744,207593,795008174,1.15,1.97
2024/05/24 星期五 00:15:36.276,1716480936276,NH-DC-NM129-D04-ROCE-Leaf-6.GPU.S9825,FourHundredGigE1/0/61,0,0,0,0,0,0
2024/05/24 星期五 00:15:36.803,1716480936803,NH-DC-NM129-D04-ROCE-Leaf-6.GPU.S9825,FourHundredGigE1/0/61,159027,619096374,240220,962017350,1.45,2.28
2024/05/24 星期五 00:15:37.301,1716480937301,NH-DC-NM129-D04-ROCE-Leaf-6.GPU.S9825,FourHundredGigE1/0/61,0,0,0,0,0,0
2024/05/24 星期五 00:15:37.833,1716480937833,NH-DC-NM129-D04-ROCE-Leaf-6.GPU.S9825,FourHundredGigE1/0/61,220240,901734367,169215,655144300,2.11,1.53
2024/05/24 星期五 00:15:38.341,1716480938341,NH-DC-NM129-D04-ROCE-Leaf-6.GPU.S9825,FourHundredGigE1/0/61,0,0,0,0,0,0
2024/05/24 星期五 00:15:38.842,1716480938842,NH-DC-NM129-D04-ROCE-Leaf-6.GPU.S9825,FourHundredGigE1/0/61,175852,642651531,99375,362896414,1.60,0.90
2024/05/24 星期五 00:15:39.642,1716480939642,NH-DC-NM129-D04-ROCE-Leaf-6.GPU.S9825,FourHundredGigE1/0/61,191970,728145582,73067,256518978,1.12,0.39
2024/05/24 星期五 00:15:40.276,1716480940276,NH-DC-NM129-D04-ROCE-Leaf-6.GPU.S9825,FourHundredGigE1/0/61,0,0,0,0,0,0
2024/05/24 星期五 00:15:40.778,1716480940778,NH-DC-NM129-D04-ROCE-Leaf-6.GPU.S9825,FourHundredGigE1/0/61,231526,918236100,113157,373355106,2.27,0.92
2024/05/24 星期五 00:15:41.282,1716480941282,NH-DC-NM129-D04-ROCE-Leaf-6.GPU.S9825,FourHundredGigE1/0/61,0,0,0,0,0,0
2024/05/24 星期五 00:15:42.401,1716480942401,NH-DC-NM129-D04-ROCE-Leaf-6.GPU.S9825,FourHundredGigE1/0/61,312491,1172409127,219244,759470720,1.31,0.84
2024/05/24 星期五 00:15:43.273,1716480943273,NH-DC-NM129-D04-ROCE-Leaf-6.GPU.S9825,FourHundredGigE1/0/61,0,0,0,0,0,0
2024/05/24 星期五 00:15:43.775,1716480943775,NH-DC-NM129-D04-ROCE-Leaf-6.GPU.S9825,FourHundredGigE1/0/61,117556,432704620,65192,236004524,1.07,0.57
2024/05/24 星期五 00:15:44.353,1716480944353,NH-DC-NM129-D04-ROCE-Leaf-6.GPU.S9825,FourHundredGigE1/0/61,0,0,0,0,0,0
2024/05/24 星期五 00:15:44.911,1716480944911,NH-DC-NM129-D04-ROCE-Leaf-6.GPU.S9825,FourHundredGigE1/0/61,204945,817026978,71077,196063102,1.81,0.43
2024/05/24 星期五 00:15:45.424,1716480945424,NH-DC-NM129-D04-ROCE-Leaf-6.GPU.S9825,FourHundredGigE1/0/61,0,0,0,0,0,0
2024/05/24 星期五 00:15:45.924,1716480945924,NH-DC-NM129-D04-ROCE-Leaf-6.GPU.S9825,FourHundredGigE1/0/61,235118,916449492,105198,393378256,2.28,0.98
2024/05/24 星期五 00:15:48.896,1716480948896,NH-DC-NM129-D04-ROCE-Leaf-6.GPU.S9825,FourHundredGigE1/0/61,432120,1663351796,1498020,6018243120,0.70,2.53
2024/05/24 星期五 00:15:49.569,1716480949569,NH-DC-NM129-D04-ROCE-Leaf-6.GPU.S9825,FourHundredGigE1/0/61,137671,501396678,345711,1293341258,0.93,2.40
2024/05/24 星期五 00:15:50.359,1716480950359,NH-DC-NM129-D04-ROCE-Leaf-6.GPU.S9825,FourHundredGigE1/0/61,0,0,0,0,0,0
2024/05/24 星期五 00:15:50.860,1716480950860,NH-DC-NM129-D04-ROCE-Leaf-6.GPU.S9825,FourHundredGigE1/0/61,101472,375766632,144965,528311898,0.92,1.30
2024/05/24 星期五 00:15:51.392,1716480951392,NH-DC-NM129-D04-ROCE-Leaf-6.GPU.S9825,FourHundredGigE1/0/61,0,0,0,0,0,0
2024/05/24 星期五 00:15:51.988,1716480951988,NH-DC-NM129-D04-ROCE-Leaf-6.GPU.S9825,FourHundredGigE1/0/61,142162,499834864,209807,755326830,1.03,1.57
2024/05/24 星期五 00:15:52.490,1716480952490,NH-DC-NM129-D04-ROCE-Leaf-6.GPU.S9825,FourHundredGigE1/0/61,0,0,0,0,0,0
2024/05/24 星期五 00:15:53.058,1716480953058,NH-DC-NM129-D04-ROCE-Leaf-6.GPU.S9825,FourHundredGigE1/0/61,140321,535980478,130833,467691938,1.17,1.01
2024/05/24 星期五 00:15:54.021,1716480954021,NH-DC-NM129-D04-ROCE-Leaf-6.GPU.S9825,FourHundredGigE1/0/61,232169,863422708,161331,548572230,1.12,0.70
2024/05/24 星期五 00:15:54.581,1716480954581,NH-DC-NM129-D04-ROCE-Leaf-6.GPU.S9825,FourHundredGigE1/0/61,140247,0,293267,0,0,0
2024/05/24 星期五 00:15:55.202,1716480955202,NH-DC-NM129-D04-ROCE-Leaf-6.GPU.S9825,FourHundredGigE1/0/61,0,498136824,0,1182508974,0.99,2.38
2024/05/24 星期五 00:15:55.996,1716480955996,NH-DC-NM129-D04-ROCE-Leaf-6.GPU.S9825,FourHundredGigE1/0/61,253319,1003705322,129071,398975810,1.57,0.61
2024/05/24 星期五 00:15:56.696,1716480956696,NH-DC-NM129-D04-ROCE-Leaf-6.GPU.S9825,FourHundredGigE1/0/61,216656,820683120,520533,1971289330,1.46,3.52
2024/05/24 星期五 00:15:57.449,1716480957449,NH-DC-NM129-D04-ROCE-Leaf-6.GPU.S9825,FourHundredGigE1/0/61,0,0,0,0,0,0
2024/05/24 星期五 00:15:57.979,1716480957979,NH-DC-NM129-D04-ROCE-Leaf-6.GPU.S9825,FourHundredGigE1/0/61,328260,1258711020,138563,457206606,2.95,1.06
2024/05/24 星期五 00:15:58.482,1716480958482,NH-DC-NM129-D04-ROCE-Leaf-6.GPU.S9825,FourHundredGigE1/0/61,0,0,0,0,0,0
2024/05/24 星期五 00:15:58.982,1716480958982,NH-DC-NM129-D04-ROCE-Leaf-6.GPU.S9825,FourHundredGigE1/0/61,377277,1494500258,172144,635220760,3.72,1.58
2024/05/24 星期五 00:15:59.618,1716480959618,NH-DC-NM129-D04-ROCE-Leaf-6.GPU.S9825,FourHundredGigE1/0/61,0,0,0,0,0,0
2024/05/24 星期五 00:16:00.118,1716480960118,NH-DC-NM129-D04-ROCE-Leaf-6.GPU.S9825,FourHundredGigE1/0/61,97068,352104698,121589,461636782,0.88,1.15
2024/05/24 星期五 00:16:00.976,1716480960976,NH-DC-NM129-D04-ROCE-Leaf-6.GPU.S9825,FourHundredGigE1/0/61,271873,1054119054,261439,1058409874,1.53,1.53
2024/05/24 星期五 00:16:01.495,1716480961495,NH-DC-NM129-D04-ROCE-Leaf-6.GPU.S9825,FourHundredGigE1/0/61,0,0,0,0,0,0
2024/05/24 星期五 00:16:01.993,1716480961993,NH-DC-NM129-D04-ROCE-Leaf-6.GPU.S9825,FourHundredGigE1/0/61,447556,1729763346,402998,1602876880,4.32,4.02
2024/05/24 星期五 00:16:03.638,1716480963638,NH-DC-NM129-D04-ROCE-Leaf-6.GPU.S9825,FourHundredGigE1/0/61,196734,792832820,76734,289211868,0.60,0.21
2024/05/24 星期五 00:16:05.041,1716480965041,NH-DC-NM129-D04-ROCE-Leaf-6.GPU.S9825,FourHundredGigE1/0/61,308219,1187899610,222979,857122350,1.05,0.76
2024/05/24 星期五 00:16:05.543,1716480965543,NH-DC-NM129-D04-ROCE-Leaf-6.GPU.S9825,FourHundredGigE1/0/61,0,0,0,0,0,0
2024/05/24 星期五 00:16:06.045,1716480966045,NH-DC-NM129-D04-ROCE-Leaf-6.GPU.S9825,FourHundredGigE1/0/61,95832,362520148,119302,461484500,0.90,1.15
2024/05/24 星期五 00:16:06.691,1716480966691,NH-DC-NM129-D04-ROCE-Leaf-6.GPU.S9825,FourHundredGigE1/0/61,48038,145445164,199692,757660472,0.27,1.45
2024/05/24 星期五 00:16:07.193,1716480967193,NH-DC-NM129-D04-ROCE-Leaf-6.GPU.S9825,FourHundredGigE1/0/61,0,0,0,0,0,0
2024/05/24 星期五 00:16:07.828,1716480967828,NH-DC-NM129-D04-ROCE-Leaf-6.GPU.S9825,FourHundredGigE1/0/61,176900,717016835,384457,1495472122,1.40,2.93
2024/05/24 星期五 00:16:08.494,1716480968494,NH-DC-NM129-D04-ROCE-Leaf-6.GPU.S9825,FourHundredGigE1/0/61,0,0,0,0,0,0
2024/05/24 星期五 00:16:08.994,1716480968994,NH-DC-NM129-D04-ROCE-Leaf-6.GPU.S9825,FourHundredGigE1/0/61,235475,890376130,187139,690640514,2.22,1.72
2024/05/24 星期五 00:16:09.555,1716480969555,NH-DC-NM129-D04-ROCE-Leaf-6.GPU.S9825,FourHundredGigE1/0/61,0,0,0,0,0,0
2024/05/24 星期五 00:16:10.152,1716480970152,NH-DC-NM129-D04-ROCE-Leaf-6.GPU.S9825,FourHundredGigE1/0/61,492348,1844924224,376341,1410815858,3.85,2.95
2024/05/24 星期五 00:16:10.658,1716480970658,NH-DC-NM129-D04-ROCE-Leaf-6.GPU.S9825,FourHundredGigE1/0/61,242938,727800000,104417,391368442,1.78,0.96
2024/05/24 星期五 00:16:11.413,1716480971413,NH-DC-NM129-D04-ROCE-Leaf-6.GPU.S9825,FourHundredGigE1/0/61,0,0,0,0,0,0
2024/05/24 星期五 00:16:12.094,1716480972094,NH-DC-NM129-D04-ROCE-Leaf-6.GPU.S9825,FourHundredGigE1/0/61,334932,1159241832,248701,963613286,2.11,1.76
2024/05/24 星期五 00:16:12.597,1716480972597,NH-DC-NM129-D04-ROCE-Leaf-6.GPU.S9825,FourHundredGigE1/0/61,0,0,0,0,0,0
2024/05/24 星期五 00:16:13.112,1716480973112,NH-DC-NM129-D04-ROCE-Leaf-6.GPU.S9825,FourHundredGigE1/0/61,94238,362039466,74725,272672546,0.87,0.66
2024/05/24 星期五 00:16:13.851,1716480973851,NH-DC-NM129-D04-ROCE-Leaf-6.GPU.S9825,FourHundredGigE1/0/61,105356,396338578,531718,2124631256,0.66,3.59
2024/05/24 星期五 00:16:14.407,1716480974407,NH-DC-NM129-D04-ROCE-Leaf-6.GPU.S9825,FourHundredGigE1/0/61,141239,514769206,302240,1203991768,1.15,2.70
2024/05/24 星期五 00:16:15.205,1716480975205,NH-DC-NM129-D04-ROCE-Leaf-6.GPU.S9825,FourHundredGigE1/0/61,0,0,0,0,0,0
2024/05/24 星期五 00:16:15.741,1716480975741,NH-DC-NM129-D04-ROCE-Leaf-6.GPU.S9825,FourHundredGigE1/0/61,0,0,0,0,0,0
2024/05/24 星期五 00:16:16.241,1716480976241,NH-DC-NM129-D04-ROCE-Leaf-6.GPU.S9825,FourHundredGigE1/0/61,33907,101011326,23914,61277724,0.25,0.15
2024/05/24 星期五 00:16:16.805,1716480976805,NH-DC-NM129-D04-ROCE-Leaf-6.GPU.S9825,FourHundredGigE1/0/61,279170,1098104888,13919,27446142,2.42,0.04
2024/05/24 星期五 00:16:17.431,1716480977431,NH-DC-NM129-D04-ROCE-Leaf-6.GPU.S9825,FourHundredGigE1/0/61,0,0,0,0,0,0
2024/05/24 星期五 00:16:17.930,1716480977930,NH-DC-NM129-D04-ROCE-Leaf-6.GPU.S9825,FourHundredGigE1/0/61,185078,591341036,168323,609776146,1.48,1.50
2024/05/24 星期五 00:16:18.736,1716480978736,NH-DC-NM129-D04-ROCE-Leaf-6.GPU.S9825,FourHundredGigE1/0/61,128467,483002058,404696,1571792960,0.74,2.43
2024/05/24 星期五 00:16:19.298,1716480979298,NH-DC-NM129-D04-ROCE-Leaf-6.GPU.S9825,FourHundredGigE1/0/61,0,0,0,0,0,0
2024/05/24 星期五 00:16:19.813,1716480979813,NH-DC-NM129-D04-ROCE-Leaf-6.GPU.S9825,FourHundredGigE1/0/61,97504,379312720,511240,2032701044,0.90,4.93
2024/05/24 星期五 00:16:20.317,1716480980317,NH-DC-NM129-D04-ROCE-Leaf-6.GPU.S9825,FourHundredGigE1/0/61,0,0,0,0,0,0
2024/05/24 星期五 00:16:21.019,1716480981019,NH-DC-NM129-D04-ROCE-Leaf-6.GPU.S9825,FourHundredGigE1/0/61,218496,814931288,429969,1720709546,1.44,3.06
2024/05/24 星期五 00:16:21.530,1716480981530,NH-DC-NM129-D04-ROCE-Leaf-6.GPU.S9825,FourHundredGigE1/0/61,159980,556757000,117456,417246112,1.35,1.00
2024/05/24 星期五 00:16:22.246,1716480982246,NH-DC-NM129-D04-ROCE-Leaf-6.GPU.S9825,FourHundredGigE1/0/61,0,0,0,0,0,0
2024/05/24 星期五 00:16:22.790,1716480982790,NH-DC-NM129-D04-ROCE-Leaf-6.GPU.S9825,FourHundredGigE1/0/61,255876,1007062840,176540,622468568,2.30,1.42
2024/05/24 星期五 00:16:23.291,1716480983291,NH-DC-NM129-D04-ROCE-Leaf-6.GPU.S9825,FourHundredGigE1/0/61,0,0,0,0,0,0
2024/05/24 星期五 00:16:23.793,1716480983793,NH-DC-NM129-D04-ROCE-Leaf-6.GPU.S9825,FourHundredGigE1/0/61,159221,586484858,203401,745840650,1.44,1.84
2024/05/24 星期五 00:16:24.563,1716480984563,NH-DC-NM129-D04-ROCE-Leaf-6.GPU.S9825,FourHundredGigE1/0/61,368238,1431521622,325712,1253043504,2.32,2.03
2024/05/24 星期五 00:16:25.197,1716480985197,NH-DC-NM129-D04-ROCE-Leaf-6.GPU.S9825,FourHundredGigE1/0/61,0,0,0,0,0,0
2024/05/24 星期五 00:16:25.860,1716480985860,NH-DC-NM129-D04-ROCE-Leaf-6.GPU.S9825,FourHundredGigE1/0/61,200083,803208510,163707,637989686,1.51,1.19
2024/05/24 星期五 00:16:26.361,1716480986361,NH-DC-NM129-D04-ROCE-Leaf-6.GPU.S9825,FourHundredGigE1/0/61,0,0,0,0,0,0
2024/05/24 星期五 00:16:26.862,1716480986862,NH-DC-NM129-D04-ROCE-Leaf-6.GPU.S9825,FourHundredGigE1/0/61,185375,695916024,332454,1285152060,1.72,3.19
2024/05/24 星期五 00:16:30.517,1716480990517,NH-DC-NM129-D04-ROCE-Leaf-6.GPU.S9825,FourHundredGigE1/0/61,984294,3820645613,765932,3008196696,1.31,1.03
2024/05/24 星期五 00:16:31.036,1716480991036,NH-DC-NM129-D04-ROCE-Leaf-6.GPU.S9825,FourHundredGigE1/0/61,178521,533143194,134873,526693578,1.28,1.25
2024/05/24 星期五 00:16:31.537,1716480991537,NH-DC-NM129-D04-ROCE-Leaf-6.GPU.S9825,FourHundredGigE1/0/61,269778,1057691956,275659,1094258798,2.62,2.72
2024/05/24 星期五 00:16:32.240,1716480992240,NH-DC-NM129-D04-ROCE-Leaf-6.GPU.S9825,FourHundredGigE1/0/61,0,0,0,0,0,0
2024/05/24 星期五 00:16:32.786,1716480992786,NH-DC-NM129-D04-ROCE-Leaf-6.GPU.S9825,FourHundredGigE1/0/61,25786,43664216,56332,186284800,0.09,0.41
2024/05/24 星期五 00:16:33.290,1716480993290,NH-DC-NM129-D04-ROCE-Leaf-6.GPU.S9825,FourHundredGigE1/0/61,0,0,0,0,0,0
2024/05/24 星期五 00:16:33.791,1716480993791,NH-DC-NM129-D04-ROCE-Leaf-6.GPU.S9825,FourHundredGigE1/0/61,79119,242009170,288349,1136460223,0.60,2.82
2024/05/24 星期五 00:16:34.415,1716480994415,NH-DC-NM129-D04-ROCE-Leaf-6.GPU.S9825,FourHundredGigE1/0/61,0,0,0,0,0,0
2024/05/24 星期五 00:16:34.959,1716480994959,NH-DC-NM129-D04-ROCE-Leaf-6.GPU.S9825,FourHundredGigE1/0/61,212180,821974698,207448,740578248,1.88,1.70
2024/05/24 星期五 00:16:35.782,1716480995782,NH-DC-NM129-D04-ROCE-Leaf-6.GPU.S9825,FourHundredGigE1/0/61,178569,688080466,258517,991887914,1.03,1.50
2024/05/24 星期五 00:16:36.289,1716480996289,NH-DC-NM129-D04-ROCE-Leaf-6.GPU.S9825,FourHundredGigE1/0/61,0,0,0,0,0,0
2024/05/24 星期五 00:16:36.789,1716480996789,NH-DC-NM129-D04-ROCE-Leaf-6.GPU.S9825,FourHundredGigE1/0/61,238890,900804870,298349,1167033534,2.25,2.9
2024/05/24 星期五 00:16:37.296,1716480997296,NH-DC-NM129-D04-ROCE-Leaf-6.GPU.S9825,FourHundredGigE1/0/61,0,0,0,0,0,0
2024/05/24 星期五 00:16:37.858,1716480997858,NH-DC-NM129-D04-ROCE-Leaf-6.GPU.S9825,FourHundredGigE1/0/61,53537,147296225,109941,388495782,0.31,0.85
2024/05/24 星期五 00:16:38.361,1716480998361,NH-DC-NM129-D04-ROCE-Leaf-6.GPU.S9825,FourHundredGigE1/0/61,204698,778554210,121084,369494744,1.91,0.89
2024/05/24 星期五 00:16:39.168,1716480999168,NH-DC-NM129-D04-ROCE-Leaf-6.GPU.S9825,FourHundredGigE1/0/61,0,0,0,0,0,0
2024/05/24 星期五 00:16:39.671,1716480999671,NH-DC-NM129-D04-ROCE-Leaf-6.GPU.S9825,FourHundredGigE1/0/61,0,0,0,0,0,0
2024/05/24 星期五 00:16:40.299,1716481000299,NH-DC-NM129-D04-ROCE-Leaf-6.GPU.S9825,FourHundredGigE1/0/61,132469,507357256,102113,374780906,1.00,0.74
2024/05/24 星期五 00:16:40.834,1716481000834,NH-DC-NM129-D04-ROCE-Leaf-6.GPU.S9825,FourHundredGigE1/0/61,587881,2339166070,194972,743951344,5.44,1.73
2024/05/24 星期五 00:16:41.471,1716481001471,NH-DC-NM129-D04-ROCE-Leaf-6.GPU.S9825,FourHundredGigE1/0/61,105626,386944120,119977,437401050,0.75,0.84
2024/05/24 星期五 00:16:42.415,1716481002415,NH-DC-NM129-D04-ROCE-Leaf-6.GPU.S9825,FourHundredGigE1/0/61,0,0,0,0,0,0
2024/05/24 星期五 00:16:43.102,1716481003102,NH-DC-NM129-D04-ROCE-Leaf-6.GPU.S9825,FourHundredGigE1/0/61,71832,208122712,175118,687174964,0.36,1.24
2024/05/24 星期五 00:16:43.605,1716481003605,NH-DC-NM129-D04-ROCE-Leaf-6.GPU.S9825,FourHundredGigE1/0/61,171700,540237572,116928,414690212,1.34,1.02
2024/05/24 星期五 00:16:44.340,1716481004340,NH-DC-NM129-D04-ROCE-Leaf-6.GPU.S9825,FourHundredGigE1/0/61,0,0,0,0,0,0
2024/05/24 星期五 00:16:44.986,1716481004986,NH-DC-NM129-D04-ROCE-Leaf-6.GPU.S9825,FourHundredGigE1/0/61,166931,481724975,195742,771853992,0.93,1.49
2024/05/24 星期五 00:16:45.557,1716481005557,NH-DC-NM129-D04-ROCE-Leaf-6.GPU.S9825,FourHundredGigE1/0/61,80948,297974188,142733,537877034,0.63,1.16
2024/05/24 星期五 00:16:46.291,1716481006291,NH-DC-NM129-D04-ROCE-Leaf-6.GPU.S9825,FourHundredGigE1/0/61,0,0,0,0,0,0
2024/05/24 星期五 00:16:46.991,1716481006991,NH-DC-NM129-D04-ROCE-Leaf-6.GPU.S9825,FourHundredGigE1/0/61,159484,622446876,179893,709935932,1.11,1.25
2024/05/24 星期五 00:16:47.498,1716481007498,NH-DC-NM129-D04-ROCE-Leaf-6.GPU.S9825,FourHundredGigE1/0/61,0,0,0,0,0,0
2024/05/24 星期五 00:16:48.001,1716481008001,NH-DC-NM129-D04-ROCE-Leaf-6.GPU.S9825,FourHundredGigE1/0/61,294024,1160501204,307078,1232966450,2.88,3.06
2024/05/24 星期五 00:16:48.525,1716481008525,NH-DC-NM129-D04-ROCE-Leaf-6.GPU.S9825,FourHundredGigE1/0/61,235741,907157882,45588,160595448,2.15,0.38
2024/05/24 星期五 00:16:49.202,1716481009202,NH-DC-NM129-D04-ROCE-Leaf-6.GPU.S9825,FourHundredGigE1/0/61,0,0,0,0,0,0
2024/05/24 星期五 00:16:49.834,1716481009834,NH-DC-NM129-D04-ROCE-Leaf-6.GPU.S9825,FourHundredGigE1/0/61,349786,1410073976,246965,963006354,2.79,1.90
2024/05/24 星期五 00:16:50.334,1716481010334,NH-DC-NM129-D04-ROCE-Leaf-6.GPU.S9825,FourHundredGigE1/0/61,0,0,0,0,0,0
2024/05/24 星期五 00:16:50.849,1716481010849,NH-DC-NM129-D04-ROCE-Leaf-6.GPU.S9825,FourHundredGigE1/0/61,163716,639409994,463631,1826705694,1.53,4.42
2024/05/24 星期五 00:16:51.352,1716481011352,NH-DC-NM129-D04-ROCE-Leaf-6.GPU.S9825,FourHundredGigE1/0/61,0,0,0,0,0,0
2024/05/24 星期五 00:16:51.914,1716481011914,NH-DC-NM129-D04-ROCE-Leaf-6.GPU.S9825,FourHundredGigE1/0/61,149282,559744618,261705,1026076174,1.22,2.27
2024/05/24 星期五 00:16:52.553,1716481012553,NH-DC-NM129-D04-ROCE-Leaf-6.GPU.S9825,FourHundredGigE1/0/61,516945,2087647312,214260,810304796,4.07,1.58
2024/05/24 星期五 00:16:53.231,1716481013231,NH-DC-NM129-D04-ROCE-Leaf-6.GPU.S9825,FourHundredGigE1/0/61,0,0,0,0,0,0
2024/05/24 星期五 00:16:53.819,1716481013819,NH-DC-NM129-D04-ROCE-Leaf-6.GPU.S9825,FourHundredGigE1/0/61,151578,544351178,280013,1125191942,1.15,2.38
2024/05/24 星期五 00:16:54.322,1716481014322,NH-DC-NM129-D04-ROCE-Leaf-6.GPU.S9825,FourHundredGigE1/0/61,0,0,0,0,0,0
2024/05/24 星期五 00:16:55.001,1716481015001,NH-DC-NM129-D04-ROCE-Leaf-6.GPU.S9825,FourHundredGigE1/0/61,238444,858999048,246225,943204246,1.56,1.73
2024/05/24 星期五 00:16:55.864,1716481015864,NH-DC-NM129-D04-ROCE-Leaf-6.GPU.S9825,FourHundredGigE1/0/61,130054,474756964,167207,604476310,0.68,0.87
2024/05/24 星期五 00:16:56.470,1716481016470,NH-DC-NM129-D04-ROCE-Leaf-6.GPU.S9825,FourHundredGigE1/0/61,0,0,0,0,0,0
2024/05/24 星期五 00:16:57.047,1716481017047,NH-DC-NM129-D04-ROCE-Leaf-6.GPU.S9825,FourHundredGigE1/0/61,325410,1309557692,318949,1261231410,2.82,2.73
2024/05/24 星期五 00:16:57.555,1716481017555,NH-DC-NM129-D04-ROCE-Leaf-6.GPU.S9825,FourHundredGigE1/0/61,0,0,0,0,0,0
2024/05/24 星期五 00:16:58.057,1716481018057,NH-DC-NM129-D04-ROCE-Leaf-6.GPU.S9825,FourHundredGigE1/0/61,145049,547903256,174416,664457096,1.34,1.64
2024/05/24 星期五 00:16:58.716,1716481018716,NH-DC-NM129-D04-ROCE-Leaf-6.GPU.S9825,FourHundredGigE1/0/61,109444,378837266,75713,260300238,0.70,0.49
2024/05/24 星期五 00:16:59.406,1716481019406,NH-DC-NM129-D04-ROCE-Leaf-6.GPU.S9825,FourHundredGigE1/0/61,0,0,0,0,0,0
2024/05/24 星期五 00:17:00.040,1716481020040,NH-DC-NM129-D04-ROCE-Leaf-6.GPU.S9825,FourHundredGigE1/0/61,269506,1064517892,176879,652034948,2.09,1.28
2024/05/24 星期五 00:17:00.590,1716481020590,NH-DC-NM129-D04-ROCE-Leaf-6.GPU.S9825,FourHundredGigE1/0/61,0,0,0,0,0,0
2024/05/24 星期五 00:17:01.090,1716481021090,NH-DC-NM129-D04-ROCE-Leaf-6.GPU.S9825,FourHundredGigE1/0/61,59724,180371320,316037,1269251776,0.45,3.15
2024/05/24 星期五 00:17:01.633,1716481021633,NH-DC-NM129-D04-ROCE-Leaf-6.GPU.S9825,FourHundredGigE1/0/61,0,0,0,0,0,0
2024/05/24 星期五 00:17:02.135,1716481022135,NH-DC-NM129-D04-ROCE-Leaf-6.GPU.S9825,FourHundredGigE1/0/61,397357,1464858690,350994,1362675208,3.64,3.39
2024/05/24 星期五 00:17:04.255,1716481024255,NH-DC-NM129-D04-ROCE-Leaf-6.GPU.S9825,FourHundredGigE1/0/61,0,0,0,0,0,0
2024/05/24 星期五 00:17:04.868,1716481024868,NH-DC-NM129-D04-ROCE-Leaf-6.GPU.S9825,FourHundredGigE1/0/61,100009,337795414,117368,350778093,0.67,0.71
2024/05/24 星期五 00:17:05.430,1716481025430,NH-DC-NM129-D04-ROCE-Leaf-6.GPU.S9825,FourHundredGigE1/0/61,0,0,0,0,0,0
2024/05/24 星期五 00:17:06.040,1716481026040,NH-DC-NM129-D04-ROCE-Leaf-6.GPU.S9825,FourHundredGigE1/0/61,185105,661371614,295770,1154866628,1.35,2.36
2024/05/24 星期五 00:17:06.550,1716481026550,NH-DC-NM129-D04-ROCE-Leaf-6.GPU.S9825,FourHundredGigE1/0/61,113028,386371932,1037680,4213961614,0.93,10.32
2024/05/24 星期五 00:17:07.199,1716481027199,NH-DC-NM129-D04-ROCE-Leaf-6.GPU.S9825,FourHundredGigE1/0/61,0,0,0,0,0,0
2024/05/24 星期五 00:17:07.777,1716481027777,NH-DC-NM129-D04-ROCE-Leaf-6.GPU.S9825,FourHundredGigE1/0/61,67743,229562481,1156040,4710664864,0.48,10.19
2024/05/24 星期五 00:17:08.280,1716481028280,NH-DC-NM129-D04-ROCE-Leaf-6.GPU.S9825,FourHundredGigE1/0/61,0,0,0,0,0,0
2024/05/24 星期五 00:17:08.979,1716481028979,NH-DC-NM129-D04-ROCE-Leaf-6.GPU.S9825,FourHundredGigE1/0/61,202109,726399080,1088300,4427762582,1.29,7.90
2024/05/24 星期五 00:17:09.611,1716481029611,NH-DC-NM129-D04-ROCE-Leaf-6.GPU.S9825,FourHundredGigE1/0/61,0,0,0,0,0,0
2024/05/24 星期五 00:17:10.114,1716481030114,NH-DC-NM129-D04-ROCE-Leaf-6.GPU.S9825,FourHundredGigE1/0/61,462732,1875454906,1171383,4776261922,4.65,11.85
2024/05/24 星期五 00:17:10.843,1716481030843,NH-DC-NM129-D04-ROCE-Leaf-6.GPU.S9825,FourHundredGigE1/0/61,151295,551180598,189304,515539388,0.94,0.87
2024/05/24 星期五 00:17:11.460,1716481031460,NH-DC-NM129-D04-ROCE-Leaf-6.GPU.S9825,FourHundredGigE1/0/61,0,0,0,0,0,0
2024/05/24 星期五 00:17:11.974,1716481031974,NH-DC-NM129-D04-ROCE-Leaf-6.GPU.S9825,FourHundredGigE1/0/61,214250,844200880,258594,765800120,2.04,1.85
2024/05/24 星期五 00:17:12.549,1716481032549,NH-DC-NM129-D04-ROCE-Leaf-6.GPU.S9825,FourHundredGigE1/0/61,0,0,0,0,0,0
2024/05/24 星期五 00:17:13.114,1716481033114,NH-DC-NM129-D04-ROCE-Leaf-6.GPU.S9825,FourHundredGigE1/0/61,210800,800648952,194777,709348202,1.77,1.55
2024/05/24 星期五 00:17:13.625,1716481033625,NH-DC-NM129-D04-ROCE-Leaf-6.GPU.S9825,FourHundredGigE1/0/61,204462,773421340,238444,918612780,1.88,2.23
2024/05/24 星期五 00:17:14.415,1716481034415,NH-DC-NM129-D04-ROCE-Leaf-6.GPU.S9825,FourHundredGigE1/0/61,0,0,0,0,0,0
2024/05/24 星期五 00:17:14.976,1716481034976,NH-DC-NM129-D04-ROCE-Leaf-6.GPU.S9825,FourHundredGigE1/0/61,239560,926947314,208840,806543324,2.05,1.78
2024/05/24 星期五 00:17:15.493,1716481035493,NH-DC-NM129-D04-ROCE-Leaf-6.GPU.S9825,FourHundredGigE1/0/61,0,0,0,0,0,0
2024/05/24 星期五 00:17:16.000,1716481036000,NH-DC-NM129-D04-ROCE-Leaf-6.GPU.S9825,FourHundredGigE1/0/61,283937,1098789820,501744,1998476676,2.69,4.91
2024/05/24 星期五 00:17:16.571,1716481036571,NH-DC-NM129-D04-ROCE-Leaf-6.GPU.S9825,FourHundredGigE1/0/61,0,0,0,0,0,0
2024/05/24 星期五 00:17:17.121,1716481037121,NH-DC-NM129-D04-ROCE-Leaf-6.GPU.S9825,FourHundredGigE1/0/61,291024,1092712568,345596,1356320680,2.48,3.07
2024/05/24 星期五 00:17:17.777,1716481037777,NH-DC-NM129-D04-ROCE-Leaf-6.GPU.S9825,FourHundredGigE1/0/61,151896,582247830,235631,927059902,1.11,1.75
2024/05/24 星期五 00:17:18.281,1716481038281,NH-DC-NM129-D04-ROCE-Leaf-6.GPU.S9825,FourHundredGigE1/0/61,0,0,0,0,0,0
2024/05/24 星期五 00:17:18.791,1716481038791,NH-DC-NM129-D04-ROCE-Leaf-6.GPU.S9825,FourHundredGigE1/0/61,269105,1060074274,191369,679873318,2.60,1.64
2024/05/24 星期五 00:17:19.294,1716481039294,NH-DC-NM129-D04-ROCE-Leaf-6.GPU.S9825,FourHundredGigE1/0/61,0,0,0,0,0,0
2024/05/24 星期五 00:17:19.869,1716481039869,NH-DC-NM129-D04-ROCE-Leaf-6.GPU.S9825,FourHundredGigE1/0/61,189051,716533918,320599,1272217710,1.54,2.76
2024/05/24 星期五 00:17:20.369,1716481040369,NH-DC-NM129-D04-ROCE-Leaf-6.GPU.S9825,FourHundredGigE1/0/61,0,0,0,0,0,0
2024/05/24 星期五 00:17:21.000,1716481041000,NH-DC-NM129-D04-ROCE-Leaf-6.GPU.S9825,FourHundredGigE1/0/61,126438,246286608,104924,381728356,0.48,0.75
2024/05/24 星期五 00:17:21.652,1716481041652,NH-DC-NM129-D04-ROCE-Leaf-6.GPU.S9825,FourHundredGigE1/0/61,0,0,0,0,0,0
2024/05/24 星期五 00:17:22.156,1716481042156,NH-DC-NM129-D04-ROCE-Leaf-6.GPU.S9825,FourHundredGigE1/0/61,302844,942356788,138080,557460864,2.33,1.36
2024/05/24 星期五 00:17:22.727,1716481042727,NH-DC-NM129-D04-ROCE-Leaf-6.GPU.S9825,FourHundredGigE1/0/61,56490,176728792,27896,37237900,0.37,0.07
2024/05/24 星期五 00:17:23.237,1716481043237,NH-DC-NM129-D04-ROCE-Leaf-6.GPU.S9825,FourHundredGigE1/0/61,0,0,0,0,0,0
2024/05/24 星期五 00:17:23.747,1716481043747,NH-DC-NM129-D04-ROCE-Leaf-6.GPU.S9825,FourHundredGigE1/0/61,81898,251092132,107371,191466630,0.61,0.47
2024/05/24 星期五 00:17:24.327,1716481044327,NH-DC-NM129-D04-ROCE-Leaf-6.GPU.S9825,FourHundredGigE1/0/61,0,0,0,0,0,0
2024/05/24 星期五 00:17:24.977,1716481044977,NH-DC-NM129-D04-ROCE-Leaf-6.GPU.S9825,FourHundredGigE1/0/61,195842,779080584,85966,333125866,1.48,0.63
2024/05/24 星期五 00:17:25.549,1716481045549,NH-DC-NM129-D04-ROCE-Leaf-6.GPU.S9825,FourHundredGigE1/0/61,0,0,0,0,0,0
2024/05/24 星期五 00:17:26.051,1716481046051,NH-DC-NM129-D04-ROCE-Leaf-6.GPU.S9825,FourHundredGigE1/0/61,167769,660811822,278309,1137503916,1.64,2.81
2024/05/24 星期五 00:17:26.629,1716481046629,NH-DC-NM129-D04-ROCE-Leaf-6.GPU.S9825,FourHundredGigE1/0/61,183440,716354844,128489,489778320,1.54,1.04
2024/05/24 星期五 00:17:27.203,1716481047203,NH-DC-NM129-D04-ROCE-Leaf-6.GPU.S9825,FourHundredGigE1/0/61,0,0,0,0,0,0
2024/05/24 星期五 00:17:27.749,1716481047749,NH-DC-NM129-D04-ROCE-Leaf-6.GPU.S9825,FourHundredGigE1/0/61,422191,1642726198,115009,464534012,3.75,1.05
2024/05/24 星期五 00:17:28.262,1716481048262,NH-DC-NM129-D04-ROCE-Leaf-6.GPU.S9825,FourHundredGigE1/0/61,0,0,0,0,0,0
2024/05/24 星期五 00:17:28.830,1716481048830,NH-DC-NM129-D04-ROCE-Leaf-6.GPU.S9825,FourHundredGigE1/0/61,317392,1115461264,168300,663122408,2.44,1.45
2024/05/24 星期五 00:17:29.370,1716481049370,NH-DC-NM129-D04-ROCE-Leaf-6.GPU.S9825,FourHundredGigE1/0/61,0,0,0,0,0,0
2024/05/24 星期五 00:17:29.871,1716481049871,NH-DC-NM129-D04-ROCE-Leaf-6.GPU.S9825,FourHundredGigE1/0/61,638596,1877805516,103220,405038200,4.67,1.00
2024/05/24 星期五 00:17:30.394,1716481050394,NH-DC-NM129-D04-ROCE-Leaf-6.GPU.S9825,FourHundredGigE1/0/61,0,0,0,0,0,0
2024/05/24 星期五 00:17:30.993,1716481050993,NH-DC-NM129-D04-ROCE-Leaf-6.GPU.S9825,FourHundredGigE1/0/61,560995,2180774518,206446,792758288,4.55,1.65
2024/05/24 星期五 00:17:31.635,1716481051635,NH-DC-NM129-D04-ROCE-Leaf-6.GPU.S9825,FourHundredGigE1/0/61,249063,964867106,214166,827363264,1.87,1.60
2024/05/24 星期五 00:17:32.167,1716481052167,NH-DC-NM129-D04-ROCE-Leaf-6.GPU.S9825,FourHundredGigE1/0/61,0,0,0,0,0,0
2024/05/24 星期五 00:17:32.690,1716481052690,NH-DC-NM129-D04-ROCE-Leaf-6.GPU.S9825,FourHundredGigE1/0/61,0,0,0,0,0,0
2024/05/24 星期五 00:17:33.194,1716481053194,NH-DC-NM129-D04-ROCE-Leaf-6.GPU.S9825,FourHundredGigE1/0/61,175510,612806464,269469,1022444454,1.51,2.53
2024/05/24 星期五 00:17:33.759,1716481053759,NH-DC-NM129-D04-ROCE-Leaf-6.GPU.S9825,FourHundredGigE1/0/61,86983,320880686,143150,479978580,0.71,1.04
2024/05/24 星期五 00:17:34.314,1716481054314,NH-DC-NM129-D04-ROCE-Leaf-6.GPU.S9825,FourHundredGigE1/0/61,0,0,0,0,0,0
2024/05/24 星期五 00:17:34.998,1716481054998,NH-DC-NM129-D04-ROCE-Leaf-6.GPU.S9825,FourHundredGigE1/0/61,274624,1014619248,131088,429186868,1.85,0.77
2024/05/24 星期五 00:17:35.582,1716481055582,NH-DC-NM129-D04-ROCE-Leaf-6.GPU.S9825,FourHundredGigE1/0/61,0,0,0,0,0,0
2024/05/24 星期五 00:17:36.082,1716481056082,NH-DC-NM129-D04-ROCE-Leaf-6.GPU.S9825,FourHundredGigE1/0/61,64280,204384004,187160,702915908,0.5,1.75
2024/05/24 星期五 00:17:36.740,1716481056740,NH-DC-NM129-D04-ROCE-Leaf-6.GPU.S9825,FourHundredGigE1/0/61,140184,522337480,434568,1662631968,0.99,3.15
2024/05/24 星期五 00:17:37.295,1716481057295,NH-DC-NM129-D04-ROCE-Leaf-6.GPU.S9825,FourHundredGigE1/0/61,0,0,0,0,0,0
2024/05/24 星期五 00:17:37.797,1716481057797,NH-DC-NM129-D04-ROCE-Leaf-6.GPU.S9825,FourHundredGigE1/0/61,80154,295272431,534247,2026599618,0.72,5.03
2024/05/24 星期五 00:17:38.387,1716481058387,NH-DC-NM129-D04-ROCE-Leaf-6.GPU.S9825,FourHundredGigE1/0/61,0,0,0,0,0,0
2024/05/24 星期五 00:17:38.949,1716481058949,NH-DC-NM129-D04-ROCE-Leaf-6.GPU.S9825,FourHundredGigE1/0/61,72297,197834542,250135,947924490,0.42,2.09
2024/05/24 星期五 00:17:39.453,1716481059453,NH-DC-NM129-D04-ROCE-Leaf-6.GPU.S9825,FourHundredGigE1/0/61,0,0,0,0,0,0
2024/05/24 星期五 00:17:39.953,1716481059953,NH-DC-NM129-D04-ROCE-Leaf-6.GPU.S9825,FourHundredGigE1/0/61,315541,1200789742,253754,995704880,3,2.48
2024/05/24 星期五 00:17:40.539,1716481060539,NH-DC-NM129-D04-ROCE-Leaf-6.GPU.S9825,FourHundredGigE1/0/61,257762,1018959636,142573,539719078,2.15,1.13
2024/05/24 星期五 00:17:41.165,1716481061165,NH-DC-NM129-D04-ROCE-Leaf-6.GPU.S9825,FourHundredGigE1/0/61,0,0,0,0,0,0
2024/05/24 星期五 00:17:42.030,1716481062030,NH-DC-NM129-D04-ROCE-Leaf-6.GPU.S9825,FourHundredGigE1/0/61,259888,1011383488,137396,498463516,1.46,0.71
2024/05/24 星期五 00:17:42.706,1716481062706,NH-DC-NM129-D04-ROCE-Leaf-6.GPU.S9825,FourHundredGigE1/0/61,290993,1117736162,181513,676524462,2.05,1.24
2024/05/24 星期五 00:17:43.246,1716481063246,NH-DC-NM129-D04-ROCE-Leaf-6.GPU.S9825,FourHundredGigE1/0/61,0,0,0,0,0,0
2024/05/24 星期五 00:17:43.859,1716481063859,NH-DC-NM129-D04-ROCE-Leaf-6.GPU.S9825,FourHundredGigE1/0/61,494733,1943109590,386086,1545529608,3.96,3.14
2024/05/24 星期五 00:17:44.620,1716481064620,NH-DC-NM129-D04-ROCE-Leaf-6.GPU.S9825,FourHundredGigE1/0/61,207535,780339446,154281,579787918,1.28,0.94
2024/05/24 星期五 00:17:45.206,1716481065206,NH-DC-NM129-D04-ROCE-Leaf-6.GPU.S9825,FourHundredGigE1/0/61,0,0,0,0,0,0
2024/05/24 星期五 00:17:45.771,1716481065771,NH-DC-NM129-D04-ROCE-Leaf-6.GPU.S9825,FourHundredGigE1/0/61,199370,741311228,173639,625076962,1.64,1.37
2024/05/24 星期五 00:17:46.275,1716481066275,NH-DC-NM129-D04-ROCE-Leaf-6.GPU.S9825,FourHundredGigE1/0/61,138915,534120678,271339,1077433590,1.31,2.65
2024/05/24 星期五 00:17:47.234,1716481067234,NH-DC-NM129-D04-ROCE-Leaf-6.GPU.S9825,FourHundredGigE1/0/61,0,0,0,0,0,0
2024/05/24 星期五 00:17:47.769,1716481067769,NH-DC-NM129-D04-ROCE-Leaf-6.GPU.S9825,FourHundredGigE1/0/61,124011,474023856,172059,646642944,1.10,1.50
2024/05/24 星期五 00:17:48.402,1716481068402,NH-DC-NM129-D04-ROCE-Leaf-6.GPU.S9825,FourHundredGigE1/0/61,0,0,0,0,0,0
2024/05/24 星期五 00:17:48.998,1716481068998,NH-DC-NM129-D04-ROCE-Leaf-6.GPU.S9825,FourHundredGigE1/0/61,82430,306978588,170023,625033504,0.63,1.30
2024/05/24 星期五 00:17:49.502,1716481069502,NH-DC-NM129-D04-ROCE-Leaf-6.GPU.S9825,FourHundredGigE1/0/61,0,0,0,0,0,0
2024/05/24 星期五 00:17:50.002,1716481070002,NH-DC-NM129-D04-ROCE-Leaf-6.GPU.S9825,FourHundredGigE1/0/61,194575,742145380,82029,319835242,1.85,0.78
2024/05/24 星期五 00:17:50.650,1716481070650,NH-DC-NM129-D04-ROCE-Leaf-6.GPU.S9825,FourHundredGigE1/0/61,227586,881550204,216085,816757338,1.70,1.56
2024/05/24 星期五 00:17:51.252,1716481071252,NH-DC-NM129-D04-ROCE-Leaf-6.GPU.S9825,FourHundredGigE1/0/61,0,0,0,0,0,0
2024/05/24 星期五 00:17:51.880,1716481071880,NH-DC-NM129-D04-ROCE-Leaf-6.GPU.S9825,FourHundredGigE1/0/61,187687,708235106,241747,933036330,1.39,1.85
2024/05/24 星期五 00:17:52.447,1716481072447,NH-DC-NM129-D04-ROCE-Leaf-6.GPU.S9825,FourHundredGigE1/0/61,0,0,0,0,0,0
2024/05/24 星期五 00:17:52.948,1716481072948,NH-DC-NM129-D04-ROCE-Leaf-6.GPU.S9825,FourHundredGigE1/0/61,348837,1362529338,204586,782641904,3.39,1.95
2024/05/24 星期五 00:17:53.612,1716481073612,NH-DC-NM129-D04-ROCE-Leaf-6.GPU.S9825,FourHundredGigE1/0/61,90672,328170377,235361,914496666,0.60,1.71
2024/05/24 星期五 00:17:54.448,1716481074448,NH-DC-NM129-D04-ROCE-Leaf-6.GPU.S9825,FourHundredGigE1/0/61,0,0,0,0,0,0
2024/05/24 星期五 00:17:55.117,1716481075117,NH-DC-NM129-D04-ROCE-Leaf-6.GPU.S9825,FourHundredGigE1/0/61,276101,1044074886,251014,916357528,1.94,1.70
2024/05/24 星期五 00:17:55.863,1716481075863,NH-DC-NM129-D04-ROCE-Leaf-6.GPU.S9825,FourHundredGigE1/0/61,128092,238436020,232269,926957718,0.39,1.54
2024/05/24 星期五 00:17:56.366,1716481076366,NH-DC-NM129-D04-ROCE-Leaf-6.GPU.S9825,FourHundredGigE1/0/61,0,0,0,0,0,0
2024/05/24 星期五 00:17:56.867,1716481076867,NH-DC-NM129-D04-ROCE-Leaf-6.GPU.S9825,FourHundredGigE1/0/61,116618,210455772,188439,711502506,0.52,1.77
2024/05/24 星期五 00:17:57.641,1716481077641,NH-DC-NM129-D04-ROCE-Leaf-6.GPU.S9825,FourHundredGigE1/0/61,652788,2544675098,216887,846751314,4.10,1.36
2024/05/24 星期五 00:17:58.191,1716481078191,NH-DC-NM129-D04-ROCE-Leaf-6.GPU.S9825,FourHundredGigE1/0/61,0,0,0,0,0,0
2024/05/24 星期五 00:17:58.889,1716481078889,NH-DC-NM129-D04-ROCE-Leaf-6.GPU.S9825,FourHundredGigE1/0/61,537029,2021962700,172662,668117896,3.62,1.18
2024/05/24 星期五 00:17:59.518,1716481079518,NH-DC-NM129-D04-ROCE-Leaf-6.GPU.S9825,FourHundredGigE1/0/61,0,0,0,0,0,0
2024/05/24 星期五 00:18:00.017,1716481080017,NH-DC-NM129-D04-ROCE-Leaf-6.GPU.S9825,FourHundredGigE1/0/61,551913,2111550150,178364,646493516,5.29,1.60
2024/05/24 星期五 00:18:00.549,1716481080549,NH-DC-NM129-D04-ROCE-Leaf-6.GPU.S9825,FourHundredGigE1/0/61,204566,587543336,111172,421480444,1.36,0.99
2024/05/24 星期五 00:18:01.225,1716481081225,NH-DC-NM129-D04-ROCE-Leaf-6.GPU.S9825,FourHundredGigE1/0/61,0,0,0,0,0,0
2024/05/24 星期五 00:18:01.839,1716481081839,NH-DC-NM129-D04-ROCE-Leaf-6.GPU.S9825,FourHundredGigE1/0/61,618173,2508283418,208246,725709012,5.09,1.47
2024/05/24 星期五 00:18:02.724,1716481082724,NH-DC-NM129-D04-ROCE-Leaf-6.GPU.S9825,FourHundredGigE1/0/61,360190,1261548692,473013,1843059982,1.78,2.60
2024/05/24 星期五 00:18:04.324,1716481084324,NH-DC-NM129-D04-ROCE-Leaf-6.GPU.S9825,FourHundredGigE1/0/61,0,0,0,0,0,0
2024/05/24 星期五 00:18:06.817,1716481086817,NH-DC-NM129-D04-ROCE-Leaf-6.GPU.S9825,FourHundredGigE1/0/61,833241,3287531006,871674,3474324208,1.64,1.74
2024/05/24 星期五 00:18:07.319,1716481087319,NH-DC-NM129-D04-ROCE-Leaf-6.GPU.S9825,FourHundredGigE1/0/61,0,0,0,0,0,0
2024/05/24 星期五 00:18:07.938,1716481087938,NH-DC-NM129-D04-ROCE-Leaf-6.GPU.S9825,FourHundredGigE1/0/61,216595,821143321,187060,726641348,1.66,1.45
2024/05/24 星期五 00:18:08.583,1716481088583,NH-DC-NM129-D04-ROCE-Leaf-6.GPU.S9825,FourHundredGigE1/0/61,121566,454678296,118704,403641658,0.87,0.78
2024/05/24 星期五 00:18:09.221,1716481089221,NH-DC-NM129-D04-ROCE-Leaf-6.GPU.S9825,FourHundredGigE1/0/61,0,0,0,0,0,0
2024/05/24 星期五 00:18:10.330,1716481090330,NH-DC-NM129-D04-ROCE-Leaf-6.GPU.S9825,FourHundredGigE1/0/61,251478,1012896804,252428,995868474,1.14,1.12
2024/05/24 星期五 00:18:10.831,1716481090831,NH-DC-NM129-D04-ROCE-Leaf-6.GPU.S9825,FourHundredGigE1/0/61,211105,728012286,522356,1995725100,1.80,4.97
2024/05/24 星期五 00:18:11.728,1716481091728,NH-DC-NM129-D04-ROCE-Leaf-6.GPU.S9825,FourHundredGigE1/0/61,212805,857246722,134103,543234358,1.18,0.75
2024/05/24 星期五 00:18:12.354,1716481092354,NH-DC-NM129-D04-ROCE-Leaf-6.GPU.S9825,FourHundredGigE1/0/61,0,0,0,0,0,0
2024/05/24 星期五 00:18:13.011,1716481093011,NH-DC-NM129-D04-ROCE-Leaf-6.GPU.S9825,FourHundredGigE1/0/61,200712,662040792,103501,396744926,1.26,0.74
2024/05/24 星期五 00:18:13.542,1716481093542,NH-DC-NM129-D04-ROCE-Leaf-6.GPU.S9825,FourHundredGigE1/0/61,0,0,0,0,0,0
2024/05/24 星期五 00:18:14.041,1716481094041,NH-DC-NM129-D04-ROCE-Leaf-6.GPU.S9825,FourHundredGigE1/0/61,333158,1281415568,264722,1039337716,3.21,2.58
2024/05/24 星期五 00:18:14.623,1716481094623,NH-DC-NM129-D04-ROCE-Leaf-6.GPU.S9825,FourHundredGigE1/0/61,130091,494495966,111326,398075080,1.05,0.84
2024/05/24 星期五 00:18:15.428,1716481095428,NH-DC-NM129-D04-ROCE-Leaf-6.GPU.S9825,FourHundredGigE1/0/61,0,0,0,0,0,0
2024/05/24 星期五 00:18:15.935,1716481095935,NH-DC-NM129-D04-ROCE-Leaf-6.GPU.S9825,FourHundredGigE1/0/61,157252,587462626,133050,427469410,1.43,1.04
2024/05/24 星期五 00:18:16.497,1716481096497,NH-DC-NM129-D04-ROCE-Leaf-6.GPU.S9825,FourHundredGigE1/0/61,0,0,0,0,0,0
2024/05/24 星期五 00:18:17.022,1716481097022,NH-DC-NM129-D04-ROCE-Leaf-6.GPU.S9825,FourHundredGigE1/0/61,152623,569526060,144906,523044258,1.33,1.24
2024/05/24 星期五 00:18:17.521,1716481097521,NH-DC-NM129-D04-ROCE-Leaf-6.GPU.S9825,FourHundredGigE1/0/61,0,0,0,0,0,0
2024/05/24 星期五 00:18:18.025,1716481098025,NH-DC-NM129-D04-ROCE-Leaf-6.GPU.S9825,FourHundredGigE1/0/61,190202,715531094,96831,278240898,1.76,0.67
2024/05/24 星期五 00:18:18.810,1716481098810,NH-DC-NM129-D04-ROCE-Leaf-6.GPU.S9825,FourHundredGigE1/0/61,167136,623671242,185960,714788664,0.99,1.13
2024/05/24 星期五 00:18:19.451,1716481099451,NH-DC-NM129-D04-ROCE-Leaf-6.GPU.S9825,FourHundredGigE1/0/61,0,0,0,0,0,0
2024/05/24 星期五 00:18:20.032,1716481100032,NH-DC-NM129-D04-ROCE-Leaf-6.GPU.S9825,FourHundredGigE1/0/61,178047,713031580,110005,380471542,1.53,0.82
2024/05/24 星期五 00:18:20.533,1716481100533,NH-DC-NM129-D04-ROCE-Leaf-6.GPU.S9825,FourHundredGigE1/0/61,0,0,0,0,0,0
2024/05/24 星期五 00:18:21.036,1716481101036,NH-DC-NM129-D04-ROCE-Leaf-6.GPU.S9825,FourHundredGigE1/0/61,361110,1473598334,706671,2882811668,3.65,7.16
2024/05/24 星期五 00:18:21.877,1716481101877,NH-DC-NM129-D04-ROCE-Leaf-6.GPU.S9825,FourHundredGigE1/0/61,237233,943521182,107867,406889708,1.40,0.59
2024/05/24 星期五 00:18:22.575,1716481102575,NH-DC-NM129-D04-ROCE-Leaf-6.GPU.S9825,FourHundredGigE1/0/61,208453,0,0,0,0,0
2024/05/24 星期五 00:18:23.143,1716481103143,NH-DC-NM129-D04-ROCE-Leaf-6.GPU.S9825,FourHundredGigE1/0/61,0,853515444,124956,448218774,1.87,0.97
2024/05/24 星期五 00:18:23.645,1716481103645,NH-DC-NM129-D04-ROCE-Leaf-6.GPU.S9825,FourHundredGigE1/0/61,0,0,0,0,0,0
2024/05/24 星期五 00:18:24.147,1716481104147,NH-DC-NM129-D04-ROCE-Leaf-6.GPU.S9825,FourHundredGigE1/0/61,175708,667431982,339647,1301683128,1.64,3.24
2024/05/24 星期五 00:18:24.725,1716481104725,NH-DC-NM129-D04-ROCE-Leaf-6.GPU.S9825,FourHundredGigE1/0/61,208186,826714900,406711,1638814670,1.77,3.53
2024/05/24 星期五 00:18:25.237,1716481105237,NH-DC-NM129-D04-ROCE-Leaf-6.GPU.S9825,FourHundredGigE1/0/61,0,0,0,0,0,0
2024/05/24 星期五 00:18:26.080,1716481106080,NH-DC-NM129-D04-ROCE-Leaf-6.GPU.S9825,FourHundredGigE1/0/61,128007,483729574,245170,925341884,0.71,1.36
2024/05/24 星期五 00:18:26.667,1716481106667,NH-DC-NM129-D04-ROCE-Leaf-6.GPU.S9825,FourHundredGigE1/0/61,0,0,0,0,0,0
2024/05/24 星期五 00:18:27.167,1716481107167,NH-DC-NM129-D04-ROCE-Leaf-6.GPU.S9825,FourHundredGigE1/0/61,98950,370046388,161445,642990866,0.92,1.6
2024/05/24 星期五 00:18:27.678,1716481107678,NH-DC-NM129-D04-ROCE-Leaf-6.GPU.S9825,FourHundredGigE1/0/61,0,0,0,0,0,0
2024/05/24 星期五 00:18:28.187,1716481108187,NH-DC-NM129-D04-ROCE-Leaf-6.GPU.S9825,FourHundredGigE1/0/61,383943,1523471494,268415,1016753310,3.73,2.48
2024/05/24 星期五 00:18:28.689,1716481108689,NH-DC-NM129-D04-ROCE-Leaf-6.GPU.S9825,FourHundredGigE1/0/61,321163,1219995146,291923,1172413398,3.01,2.91
2024/05/24 星期五 00:18:29.594,1716481109594,NH-DC-NM129-D04-ROCE-Leaf-6.GPU.S9825,FourHundredGigE1/0/61,210047,768788470,297499,1159459634,1.05,1.59
2024/05/24 星期五 00:18:30.232,1716481110232,NH-DC-NM129-D04-ROCE-Leaf-6.GPU.S9825,FourHundredGigE1/0/61,0,0,0,0,0,0
2024/05/24 星期五 00:18:30.772,1716481110772,NH-DC-NM129-D04-ROCE-Leaf-6.GPU.S9825,FourHundredGigE1/0/61,115679,417982988,222544,853104728,0.95,1.97
2024/05/24 星期五 00:18:31.913,1716481111913,NH-DC-NM129-D04-ROCE-Leaf-6.GPU.S9825,FourHundredGigE1/0/61,195749,769167198,230536,899894330,0.83,0.98
2024/05/24 星期五 00:18:32.413,1716481112413,NH-DC-NM129-D04-ROCE-Leaf-6.GPU.S9825,FourHundredGigE1/0/61,297197,1182020260,211974,780480910,2.95,1.95
2024/05/24 星期五 00:18:33.322,1716481113322,NH-DC-NM129-D04-ROCE-Leaf-6.GPU.S9825,FourHundredGigE1/0/61,0,0,0,0,0,0
2024/05/24 星期五 00:18:33.878,1716481113878,NH-DC-NM129-D04-ROCE-Leaf-6.GPU.S9825,FourHundredGigE1/0/61,108361,394029710,101620,362050768,0.88,0.81
2024/05/24 星期五 00:18:34.407,1716481114407,NH-DC-NM129-D04-ROCE-Leaf-6.GPU.S9825,FourHundredGigE1/0/61,0,0,0,0,0,0
2024/05/24 星期五 00:18:34.912,1716481114912,NH-DC-NM129-D04-ROCE-Leaf-6.GPU.S9825,FourHundredGigE1/0/61,356518,1433889802,362654,1380313472,3.54,3.42
2024/05/24 星期五 00:18:35.965,1716481115965,NH-DC-NM129-D04-ROCE-Leaf-6.GPU.S9825,FourHundredGigE1/0/61,280661,1143114588,310575,1186432474,1.35,1.40
2024/05/24 星期五 00:18:36.928,1716481116928,NH-DC-NM129-D04-ROCE-Leaf-6.GPU.S9825,FourHundredGigE1/0/61,297407,1165997322,208421,768516774,1.51,0.99
2024/05/24 星期五 00:18:37.453,1716481117453,NH-DC-NM129-D04-ROCE-Leaf-6.GPU.S9825,FourHundredGigE1/0/61,0,0,0,0,0,0
2024/05/24 星期五 00:18:37.961,1716481117961,NH-DC-NM129-D04-ROCE-Leaf-6.GPU.S9825,FourHundredGigE1/0/61,149128,538737631,107575,332848014,1.30,0.81
2024/05/24 星期五 00:18:38.514,1716481118514,NH-DC-NM129-D04-ROCE-Leaf-6.GPU.S9825,FourHundredGigE1/0/61,0,0,0,0,0,0
2024/05/24 星期五 00:18:39.020,1716481119020,NH-DC-NM129-D04-ROCE-Leaf-6.GPU.S9825,FourHundredGigE1/0/61,199303,780448804,237223,894449182,1.93,2.20
2024/05/24 星期五 00:18:39.521,1716481119521,NH-DC-NM129-D04-ROCE-Leaf-6.GPU.S9825,FourHundredGigE1/0/61,201515,773688744,78193,242759870,1.92,0.60
2024/05/24 星期五 00:18:40.995,1716481120995,NH-DC-NM129-D04-ROCE-Leaf-6.GPU.S9825,FourHundredGigE1/0/61,156318,609236446,209511,792152398,0.51,0.67
2024/05/24 星期五 00:18:41.600,1716481121600,NH-DC-NM129-D04-ROCE-Leaf-6.GPU.S9825,FourHundredGigE1/0/61,232052,862190574,110843,437683550,1.78,0.89
2024/05/24 星期五 00:18:42.329,1716481122329,NH-DC-NM129-D04-ROCE-Leaf-6.GPU.S9825,FourHundredGigE1/0/61,0,0,0,0,0,0
2024/05/24 星期五 00:18:42.830,1716481122830,NH-DC-NM129-D04-ROCE-Leaf-6.GPU.S9825,FourHundredGigE1/0/61,166349,618416196,255203,1000814910,1.52,2.50
2024/05/24 星期五 00:18:43.478,1716481123478,NH-DC-NM129-D04-ROCE-Leaf-6.GPU.S9825,FourHundredGigE1/0/61,115364,441019418,99675,385118086,0.85,0.73
2024/05/24 星期五 00:18:44.372,1716481124372,NH-DC-NM129-D04-ROCE-Leaf-6.GPU.S9825,FourHundredGigE1/0/61,0,0,0,0,0,0
2024/05/24 星期五 00:18:44.869,1716481124869,NH-DC-NM129-D04-ROCE-Leaf-6.GPU.S9825,FourHundredGigE1/0/61,35256,142261630,161856,637402986,0.35,1.58
2024/05/24 星期五 00:18:45.375,1716481125375,NH-DC-NM129-D04-ROCE-Leaf-6.GPU.S9825,FourHundredGigE1/0/61,0,0,0,0,0,0
2024/05/24 星期五 00:18:45.886,1716481125886,NH-DC-NM129-D04-ROCE-Leaf-6.GPU.S9825,FourHundredGigE1/0/61,143895,476477144,92036,233181250,1.15,0.56
2024/05/24 星期五 00:18:46.387,1716481126387,NH-DC-NM129-D04-ROCE-Leaf-6.GPU.S9825,FourHundredGigE1/0/61,368959,1485984858,493376,1901590396,3.69,4.74
2024/05/24 星期五 00:18:47.527,1716481127527,NH-DC-NM129-D04-ROCE-Leaf-6.GPU.S9825,FourHundredGigE1/0/61,0,0,0,0,0,0
2024/05/24 星期五 00:18:48.035,1716481128035,NH-DC-NM129-D04-ROCE-Leaf-6.GPU.S9825,FourHundredGigE1/0/61,62033,235842010,461441,1680201594,0.57,4.13
2024/05/24 星期五 00:18:48.541,1716481128541,NH-DC-NM129-D04-ROCE-Leaf-6.GPU.S9825,FourHundredGigE1/0/61,0,0,0,0,0,0
2024/05/24 星期五 00:18:49.077,1716481129077,NH-DC-NM129-D04-ROCE-Leaf-6.GPU.S9825,FourHundredGigE1/0/61,252169,1023497102,313967,1168018902,2.38,2.71
2024/05/24 星期五 00:18:49.591,1716481129591,NH-DC-NM129-D04-ROCE-Leaf-6.GPU.S9825,FourHundredGigE1/0/61,0,0,0,0,0,0
2024/05/24 星期五 00:18:50.093,1716481130093,NH-DC-NM129-D04-ROCE-Leaf-6.GPU.S9825,FourHundredGigE1/0/61,443022,1785922920,353303,1426914738,4.43,3.54
2024/05/24 星期五 00:18:50.830,1716481130830,NH-DC-NM129-D04-ROCE-Leaf-6.GPU.S9825,FourHundredGigE1/0/61,254246,1008736790,155112,586420072,1.70,0.98
2024/05/24 星期五 00:18:51.546,1716481131546,NH-DC-NM129-D04-ROCE-Leaf-6.GPU.S9825,FourHundredGigE1/0/61,0,0,0,0,0,0
2024/05/24 星期五 00:18:52.047,1716481132047,NH-DC-NM129-D04-ROCE-Leaf-6.GPU.S9825,FourHundredGigE1/0/61,219525,808312226,78455,289251242,2.00,0.70
2024/05/24 星期五 00:18:52.631,1716481132631,NH-DC-NM129-D04-ROCE-Leaf-6.GPU.S9825,FourHundredGigE1/0/61,177576,681342430,154698,539543692,1.46,1.13
2024/05/24 星期五 00:18:53.275,1716481133275,NH-DC-NM129-D04-ROCE-Leaf-6.GPU.S9825,FourHundredGigE1/0/61,0,0,0,0,0,0
2024/05/24 星期五 00:18:54.080,1716481134080,NH-DC-NM129-D04-ROCE-Leaf-6.GPU.S9825,FourHundredGigE1/0/61,320476,1259651768,215827,740721942,1.94,1.15
2024/05/24 星期五 00:18:55.017,1716481135017,NH-DC-NM129-D04-ROCE-Leaf-6.GPU.S9825,FourHundredGigE1/0/61,157091,580489334,153116,556948588,0.77,0.73
2024/05/24 星期五 00:18:55.594,1716481135594,NH-DC-NM129-D04-ROCE-Leaf-6.GPU.S9825,FourHundredGigE1/0/61,113819,435016290,173227,656502130,0.93,1.41
2024/05/24 星期五 00:18:56.140,1716481136140,NH-DC-NM129-D04-ROCE-Leaf-6.GPU.S9825,FourHundredGigE1/0/61,0,0,0,0,0,0
2024/05/24 星期五 00:18:56.860,1716481136860,NH-DC-NM129-D04-ROCE-Leaf-6.GPU.S9825,FourHundredGigE1/0/61,363470,1470942704,274008,1113917932,2.55,1.93
2024/05/24 星期五 00:18:57.381,1716481137381,NH-DC-NM129-D04-ROCE-Leaf-6.GPU.S9825,FourHundredGigE1/0/61,0,0,0,0,0,0
2024/05/24 星期五 00:18:57.941,1716481137941,NH-DC-NM129-D04-ROCE-Leaf-6.GPU.S9825,FourHundredGigE1/0/61,377684,1540165140,178652,676289044,3.44,1.50
2024/05/24 星期五 00:18:58.602,1716481138602,NH-DC-NM129-D04-ROCE-Leaf-6.GPU.S9825,FourHundredGigE1/0/61,0,0,0,0,0,0
2024/05/24 星期五 00:18:59.103,1716481139103,NH-DC-NM129-D04-ROCE-Leaf-6.GPU.S9825,FourHundredGigE1/0/61,337576,1358344270,202223,731432546,3.37,1.82
2024/05/24 星期五 00:18:59.696,1716481139696,NH-DC-NM129-D04-ROCE-Leaf-6.GPU.S9825,FourHundredGigE1/0/61,252026,978705134,303812,1183046968,2.04,2.49
2024/05/24 星期五 00:19:00.413,1716481140413,NH-DC-NM129-D04-ROCE-Leaf-6.GPU.S9825,FourHundredGigE1/0/61,0,0,0,0,0,0
2024/05/24 星期五 00:19:00.914,1716481140914,NH-DC-NM129-D04-ROCE-Leaf-6.GPU.S9825,FourHundredGigE1/0/61,328399,1323872170,455665,1803200114,3.29,4.49
2024/05/24 星期五 00:19:01.484,1716481141484,NH-DC-NM129-D04-ROCE-Leaf-6.GPU.S9825,FourHundredGigE1/0/61,186530,715392576,276869,1047440782,1.56,2.28
2024/05/24 星期五 00:19:02.138,1716481142138,NH-DC-NM129-D04-ROCE-Leaf-6.GPU.S9825,FourHundredGigE1/0/61,148405,556217474,231147,825019126,1.05,1.57
2024/05/24 星期五 00:19:04.064,1716481144064,NH-DC-NM129-D04-ROCE-Leaf-6.GPU.S9825,FourHundredGigE1/0/61,148817,583355598,130998,476037892,0.38,0.31
2024/05/24 星期五 00:19:04.807,1716481144807,NH-DC-NM129-D04-ROCE-Leaf-6.GPU.S9825,FourHundredGigE1/0/61,363895,1419270126,360166,1404900364,2.37,2.36
2024/05/24 星期五 00:19:05.500,1716481145500,NH-DC-NM129-D04-ROCE-Leaf-6.GPU.S9825,FourHundredGigE1/0/61,0,0,0,0,0,0
2024/05/24 星期五 00:19:06.001,1716481146001,NH-DC-NM129-D04-ROCE-Leaf-6.GPU.S9825,FourHundredGigE1/0/61,119472,451549658,129702,494131860,1.12,1.22
2024/05/24 星期五 00:19:06.564,1716481146564,NH-DC-NM129-D04-ROCE-Leaf-6.GPU.S9825,FourHundredGigE1/0/61,0,0,0,0,0,0
2024/05/24 星期五 00:19:07.067,1716481147067,NH-DC-NM129-D04-ROCE-Leaf-6.GPU.S9825,FourHundredGigE1/0/61,204708,787074144,96780,303333616,1.94,0.75
2024/05/24 星期五 00:19:07.779,1716481147779,NH-DC-NM129-D04-ROCE-Leaf-6.GPU.S9825,FourHundredGigE1/0/61,210684,821464859,403599,1607151598,1.44,2.81
2024/05/24 星期五 00:19:08.282,1716481148282,NH-DC-NM129-D04-ROCE-Leaf-6.GPU.S9825,FourHundredGigE1/0/61,0,0,0,0,0,0
2024/05/24 星期五 00:19:08.882,1716481148882,NH-DC-NM129-D04-ROCE-Leaf-6.GPU.S9825,FourHundredGigE1/0/61,165088,664159574,406785,1634395270,1.38,3.40
2024/05/24 星期五 00:19:09.394,1716481149394,NH-DC-NM129-D04-ROCE-Leaf-6.GPU.S9825,FourHundredGigE1/0/61,0,0,0,0,0,0
2024/05/24 星期五 00:19:09.898,1716481149898,NH-DC-NM129-D04-ROCE-Leaf-6.GPU.S9825,FourHundredGigE1/0/61,168320,636537720,86433,310877810,1.56,0.77
2024/05/24 星期五 00:19:10.402,1716481150402,NH-DC-NM129-D04-ROCE-Leaf-6.GPU.S9825,FourHundredGigE1/0/61,159635,598318858,83123,316842346,1.46,0.77
2024/05/24 星期五 00:19:11.146,1716481151146,NH-DC-NM129-D04-ROCE-Leaf-6.GPU.S9825,FourHundredGigE1/0/61,0,0,0,0,0,0
2024/05/24 星期五 00:19:11.788,1716481151788,NH-DC-NM129-D04-ROCE-Leaf-6.GPU.S9825,FourHundredGigE1/0/61,180170,644730296,381146,1432603352,1.25,2.78
2024/05/24 星期五 00:19:12.463,1716481152463,NH-DC-NM129-D04-ROCE-Leaf-6.GPU.S9825,FourHundredGigE1/0/61,0,0,0,0,0,0
2024/05/24 星期五 00:19:12.963,1716481152963,NH-DC-NM129-D04-ROCE-Leaf-6.GPU.S9825,FourHundredGigE1/0/61,126156,485464304,151654,576555480,1.2,1.42
2024/05/24 星期五 00:19:13.530,1716481153530,NH-DC-NM129-D04-ROCE-Leaf-6.GPU.S9825,FourHundredGigE1/0/61,0,0,0,0,0,0
2024/05/24 星期五 00:19:14.033,1716481154033,NH-DC-NM129-D04-ROCE-Leaf-6.GPU.S9825,FourHundredGigE1/0/61,171397,670332326,221864,860447336,1.67,2.14
2024/05/24 星期五 00:19:15.099,1716481155099,NH-DC-NM129-D04-ROCE-Leaf-6.GPU.S9825,FourHundredGigE1/0/61,351457,1347973616,344151,1396679054,1.57,1.63
2024/05/24 星期五 00:19:15.714,1716481155714,NH-DC-NM129-D04-ROCE-Leaf-6.GPU.S9825,FourHundredGigE1/0/61,222542,897247710,281920,1102741616,1.81,2.24
2024/05/24 星期五 00:19:16.236,1716481156236,NH-DC-NM129-D04-ROCE-Leaf-6.GPU.S9825,FourHundredGigE1/0/61,0,0,0,0,0,0
2024/05/24 星期五 00:19:16.838,1716481156838,NH-DC-NM129-D04-ROCE-Leaf-6.GPU.S9825,FourHundredGigE1/0/61,195384,740202540,225979,834539702,1.54,1.72
2024/05/24 星期五 00:19:17.340,1716481157340,NH-DC-NM129-D04-ROCE-Leaf-6.GPU.S9825,FourHundredGigE1/0/61,0,0,0,0,0,0
2024/05/24 星期五 00:19:17.864,1716481157864,NH-DC-NM129-D04-ROCE-Leaf-6.GPU.S9825,FourHundredGigE1/0/61,128689,492512882,454212,1773607910,1.17,4.22
2024/05/24 星期五 00:19:18.503,1716481158503,NH-DC-NM129-D04-ROCE-Leaf-6.GPU.S9825,FourHundredGigE1/0/61,0,0,0,0,0,0
2024/05/24 星期五 00:19:19.087,1716481159087,NH-DC-NM129-D04-ROCE-Leaf-6.GPU.S9825,FourHundredGigE1/0/61,356347,1332403838,530220,2086809390,2.85,4.45
2024/05/24 星期五 00:19:19.608,1716481159608,NH-DC-NM129-D04-ROCE-Leaf-6.GPU.S9825,FourHundredGigE1/0/61,0,0,0,0,0,0
2024/05/24 星期五 00:19:20.110,1716481160110,NH-DC-NM129-D04-ROCE-Leaf-6.GPU.S9825,FourHundredGigE1/0/61,464035,1722210590,158092,580061252,4.28,1.44
2024/05/24 星期五 00:19:20.620,1716481160620,NH-DC-NM129-D04-ROCE-Leaf-6.GPU.S9825,FourHundredGigE1/0/61,0,0,0,0,0,0
2024/05/24 星期五 00:19:21.124,1716481161124,NH-DC-NM129-D04-ROCE-Leaf-6.GPU.S9825,FourHundredGigE1/0/61,495714,1781281798,368605,1498857122,4.41,3.70
2024/05/24 星期五 00:19:21.869,1716481161869,NH-DC-NM129-D04-ROCE-Leaf-6.GPU.S9825,FourHundredGigE1/0/61,101592,388412314,413288,1603409056,0.64,2.68
2024/05/24 星期五 00:19:26.635,1716481166635,NH-DC-NM129-D04-ROCE-Leaf-6.GPU.S9825,FourHundredGigE1/0/61,857540,3368985420,1570461,6321747294,0.88,1.66
2024/05/24 星期五 00:19:27.137,1716481167137,NH-DC-NM129-D04-ROCE-Leaf-6.GPU.S9825,FourHundredGigE1/0/61,210446,829337224,307041,1213273218,2.04,3.01
2024/05/24 星期五 00:19:27.657,1716481167657,NH-DC-NM129-D04-ROCE-Leaf-6.GPU.S9825,FourHundredGigE1/0/61,114396,443049916,290733,1159797598,1.06,2.76
2024/05/24 星期五 00:19:28.289,1716481168289,NH-DC-NM129-D04-ROCE-Leaf-6.GPU.S9825,FourHundredGigE1/0/61,0,0,0,0,0,0
2024/05/24 星期五 00:19:28.793,1716481168793,NH-DC-NM129-D04-ROCE-Leaf-6.GPU.S9825,FourHundredGigE1/0/61,183062,698585828,149631,600306098,1.71,1.49
2024/05/24 星期五 00:19:29.339,1716481169339,NH-DC-NM129-D04-ROCE-Leaf-6.GPU.S9825,FourHundredGigE1/0/61,0,0,0,0,0,0
2024/05/24 星期五 00:19:29.909,1716481169909,NH-DC-NM129-D04-ROCE-Leaf-6.GPU.S9825,FourHundredGigE1/0/61,539110,2228342560,198524,774400336,4.87,1.69
2024/05/24 星期五 00:19:30.410,1716481170410,NH-DC-NM129-D04-ROCE-Leaf-6.GPU.S9825,FourHundredGigE1/0/61,0,0,0,0,0,0
2024/05/24 星期五 00:19:30.913,1716481170913,NH-DC-NM129-D04-ROCE-Leaf-6.GPU.S9825,FourHundredGigE1/0/61,419867,1648091908,92667,345431872,4.08,0.84
2024/05/24 星期五 00:19:31.639,1716481171639,NH-DC-NM129-D04-ROCE-Leaf-6.GPU.S9825,FourHundredGigE1/0/61,0,0,0,0,0,0
2024/05/24 星期五 00:19:32.160,1716481172160,NH-DC-NM129-D04-ROCE-Leaf-6.GPU.S9825,FourHundredGigE1/0/61,66553,202982920,92158,353422038,0.48,0.84
2024/05/24 星期五 00:19:32.734,1716481172734,NH-DC-NM129-D04-ROCE-Leaf-6.GPU.S9825,FourHundredGigE1/0/61,246103,937975518,191903,701575956,2.03,1.52
2024/05/24 星期五 00:19:33.336,1716481173336,NH-DC-NM129-D04-ROCE-Leaf-6.GPU.S9825,FourHundredGigE1/0/61,0,0,0,0,0,0
2024/05/24 星期五 00:19:33.837,1716481173837,NH-DC-NM129-D04-ROCE-Leaf-6.GPU.S9825,FourHundredGigE1/0/61,87632,300453444,119032,463002198,0.75,1.15
2024/05/24 星期五 00:19:34.337,1716481174337,NH-DC-NM129-D04-ROCE-Leaf-6.GPU.S9825,FourHundredGigE1/0/61,0,0,0,0,0,0
2024/05/24 星期五 00:19:35.086,1716481175086,NH-DC-NM129-D04-ROCE-Leaf-6.GPU.S9825,FourHundredGigE1/0/61,111418,401972644,156101,598081858,0.67,0.98
2024/05/24 星期五 00:19:35.587,1716481175587,NH-DC-NM129-D04-ROCE-Leaf-6.GPU.S9825,FourHundredGigE1/0/61,0,0,0,0,0,0
2024/05/24 星期五 00:19:36.088,1716481176088,NH-DC-NM129-D04-ROCE-Leaf-6.GPU.S9825,FourHundredGigE1/0/61,71318,263848872,90598,326459444,0.65,0.80
2024/05/24 星期五 00:19:36.720,1716481176720,NH-DC-NM129-D04-ROCE-Leaf-6.GPU.S9825,FourHundredGigE1/0/61,514556,2077648632,289112,1135365256,4.09,2.23
2024/05/24 星期五 00:19:37.226,1716481177226,NH-DC-NM129-D04-ROCE-Leaf-6.GPU.S9825,FourHundredGigE1/0/61,0,0,0,0,0,0
2024/05/24 星期五 00:19:37.767,1716481177767,NH-DC-NM129-D04-ROCE-Leaf-6.GPU.S9825,FourHundredGigE1/0/61,67632,236996245,121611,434634542,0.53,0.99
2024/05/24 星期五 00:19:38.394,1716481178394,NH-DC-NM129-D04-ROCE-Leaf-6.GPU.S9825,FourHundredGigE1/0/61,0,0,0,0,0,0
2024/05/24 星期五 00:19:38.927,1716481178927,NH-DC-NM129-D04-ROCE-Leaf-6.GPU.S9825,FourHundredGigE1/0/61,141944,457808038,89156,277926328,1.06,0.63
2024/05/24 星期五 00:19:39.429,1716481179429,NH-DC-NM129-D04-ROCE-Leaf-6.GPU.S9825,FourHundredGigE1/0/61,0,0,0,0,0,0
2024/05/24 星期五 00:19:39.991,1716481179991,NH-DC-NM129-D04-ROCE-Leaf-6.GPU.S9825,FourHundredGigE1/0/61,129247,491064494,124022,443704028,1.09,0.98
2024/05/24 星期五 00:19:40.514,1716481180514,NH-DC-NM129-D04-ROCE-Leaf-6.GPU.S9825,FourHundredGigE1/0/61,0,0,0,0,0,0
2024/05/24 星期五 00:19:41.018,1716481181018,NH-DC-NM129-D04-ROCE-Leaf-6.GPU.S9825,FourHundredGigE1/0/61,143177,467273911,363534,1436452036,1.14,3.55
2024/05/24 星期五 00:19:41.945,1716481181945,NH-DC-NM129-D04-ROCE-Leaf-6.GPU.S9825,FourHundredGigE1/0/61,169299,638522474,977718,3986724196,0.85,5.37
2024/05/24 星期五 00:19:42.602,1716481182602,NH-DC-NM129-D04-ROCE-Leaf-6.GPU.S9825,FourHundredGigE1/0/61,107284,427607704,152290,448674868,0.80,0.84
2024/05/24 星期五 00:19:43.192,1716481183192,NH-DC-NM129-D04-ROCE-Leaf-6.GPU.S9825,FourHundredGigE1/0/61,0,0,0,0,0,0
2024/05/24 星期五 00:19:43.803,1716481183803,NH-DC-NM129-D04-ROCE-Leaf-6.GPU.S9825,FourHundredGigE1/0/61,72366,283445180,107161,302241214,0.57,0.61
2024/05/24 星期五 00:19:45.211,1716481185211,NH-DC-NM129-D04-ROCE-Leaf-6.GPU.S9825,FourHundredGigE1/0/61,272243,1107801774,418568,1633481352,0.98,1.45
2024/05/24 星期五 00:19:45.778,1716481185778,NH-DC-NM129-D04-ROCE-Leaf-6.GPU.S9825,FourHundredGigE1/0/61,124868,443161788,218664,844843904,0.97,1.85
2024/05/24 星期五 00:19:46.277,1716481186277,NH-DC-NM129-D04-ROCE-Leaf-6.GPU.S9825,FourHundredGigE1/0/61,187322,700877004,231349,896735366,1.75,2.23
2024/05/24 星期五 00:19:47.710,1716481187710,NH-DC-NM129-D04-ROCE-Leaf-6.GPU.S9825,FourHundredGigE1/0/61,398016,1591439848,501389,2030964738,1.39,1.77
2024/05/24 星期五 00:19:48.221,1716481188221,NH-DC-NM129-D04-ROCE-Leaf-6.GPU.S9825,FourHundredGigE1/0/61,0,0,0,0,0,0
2024/05/24 星期五 00:19:48.810,1716481188810,NH-DC-NM129-D04-ROCE-Leaf-6.GPU.S9825,FourHundredGigE1/0/61,242291,961578838,222881,860120466,2.04,1.83
2024/05/24 星期五 00:19:49.353,1716481189353,NH-DC-NM129-D04-ROCE-Leaf-6.GPU.S9825,FourHundredGigE1/0/61,0,0,0,0,0,0
2024/05/24 星期五 00:19:49.857,1716481189857,NH-DC-NM129-D04-ROCE-Leaf-6.GPU.S9825,FourHundredGigE1/0/61,305134,1140354550,257179,1008864508,2.83,2.48
2024/05/24 星期五 00:19:50.499,1716481190499,NH-DC-NM129-D04-ROCE-Leaf-6.GPU.S9825,FourHundredGigE1/0/61,231155,891228112,163700,623190642,1.73,1.21
2024/05/24 星期五 00:19:51.124,1716481191124,NH-DC-NM129-D04-ROCE-Leaf-6.GPU.S9825,FourHundredGigE1/0/61,0,0,0,0,0,0
2024/05/24 星期五 00:19:51.801,1716481191801,NH-DC-NM129-D04-ROCE-Leaf-6.GPU.S9825,FourHundredGigE1/0/61,441481,1776989390,210613,805877602,3.27,1.48
2024/05/24 星期五 00:19:52.681,1716481192681,NH-DC-NM129-D04-ROCE-Leaf-6.GPU.S9825,FourHundredGigE1/0/61,0,0,0,0,0,0
2024/05/24 星期五 00:19:53.182,1716481193182,NH-DC-NM129-D04-ROCE-Leaf-6.GPU.S9825,FourHundredGigE1/0/61,331817,1322090286,283099,1121358314,3.29,2.79
2024/05/24 星期五 00:19:54.181,1716481194181,NH-DC-NM129-D04-ROCE-Leaf-6.GPU.S9825,FourHundredGigE1/0/61,584978,2324882940,620380,2494274220,2.90,3.12
2024/05/24 星期五 00:19:54.881,1716481194881,NH-DC-NM129-D04-ROCE-Leaf-6.GPU.S9825,FourHundredGigE1/0/61,301817,1230148602,138034,545109784,2.20,0.96
2024/05/24 星期五 00:19:55.621,1716481195621,NH-DC-NM129-D04-ROCE-Leaf-6.GPU.S9825,FourHundredGigE1/0/61,178176,675190082,121711,451770818,1.13,0.76
2024/05/24 星期五 00:19:56.144,1716481196144,NH-DC-NM129-D04-ROCE-Leaf-6.GPU.S9825,FourHundredGigE1/0/61,0,0,0,0,0,0
2024/05/24 星期五 00:19:56.645,1716481196645,NH-DC-NM129-D04-ROCE-Leaf-6.GPU.S9825,FourHundredGigE1/0/61,102291,349083798,116935,419925454,0.85,1.02
2024/05/24 星期五 00:19:57.309,1716481197309,NH-DC-NM129-D04-ROCE-Leaf-6.GPU.S9825,FourHundredGigE1/0/61,0,0,0,0,0,0
2024/05/24 星期五 00:19:57.864,1716481197864,NH-DC-NM129-D04-ROCE-Leaf-6.GPU.S9825,FourHundredGigE1/0/61,155871,567131156,120390,454515076,1.26,1.01
2024/05/24 星期五 00:19:58.533,1716481198533,NH-DC-NM129-D04-ROCE-Leaf-6.GPU.S9825,FourHundredGigE1/0/61,0,0,0,0,0,0
2024/05/24 星期五 00:19:59.105,1716481199105,NH-DC-NM129-D04-ROCE-Leaf-6.GPU.S9825,FourHundredGigE1/0/61,200377,775534562,357605,1443725854,1.68,3.15
2024/05/24 星期五 00:19:59.685,1716481199685,NH-DC-NM129-D04-ROCE-Leaf-6.GPU.S9825,FourHundredGigE1/0/61,0,0,0,0,0,0
2024/05/24 星期五 00:20:00.186,1716481200186,NH-DC-NM129-D04-ROCE-Leaf-6.GPU.S9825,FourHundredGigE1/0/61,72455,271994234,103949,388472490,0.67,0.95
2024/05/24 星期五 00:20:00.940,1716481200940,NH-DC-NM129-D04-ROCE-Leaf-6.GPU.S9825,FourHundredGigE1/0/61,67145,234707538,154110,539587968,0.38,0.88
2024/05/24 星期五 00:20:01.794,1716481201794,NH-DC-NM129-D04-ROCE-Leaf-6.GPU.S9825,FourHundredGigE1/0/61,122442,461625756,162401,617147154,0.67,0.89
2024/05/24 星期五 00:20:02.297,1716481202297,NH-DC-NM129-D04-ROCE-Leaf-6.GPU.S9825,FourHundredGigE1/0/61,285110,1062336104,199782,762935764,2.63,1.89
2024/05/24 星期五 00:20:04.100,1716481204100,NH-DC-NM129-D04-ROCE-Leaf-6.GPU.S9825,FourHundredGigE1/0/61,104347,374072554,127426,380391740,0.26,0.26
2024/05/24 星期五 00:20:05.091,1716481205091,NH-DC-NM129-D04-ROCE-Leaf-6.GPU.S9825,FourHundredGigE1/0/61,197962,809354852,137175,284588858,1.01,0.35
2024/05/24 星期五 00:20:05.624,1716481205624,NH-DC-NM129-D04-ROCE-Leaf-6.GPU.S9825,FourHundredGigE1/0/61,162606,598902096,107132,292627180,1.38,0.68
2024/05/24 星期五 00:20:06.189,1716481206189,NH-DC-NM129-D04-ROCE-Leaf-6.GPU.S9825,FourHundredGigE1/0/61,0,0,0,0,0,0
2024/05/24 星期五 00:20:06.711,1716481206711,NH-DC-NM129-D04-ROCE-Leaf-6.GPU.S9825,FourHundredGigE1/0/61,0,0,0,0,0,0
2024/05/24 星期五 00:20:07.211,1716481207211,NH-DC-NM129-D04-ROCE-Leaf-6.GPU.S9825,FourHundredGigE1/0/61,484569,1922305142,648868,2640615808,4.8,6.6
2024/05/24 星期五 00:20:07.881,1716481207881,NH-DC-NM129-D04-ROCE-Leaf-6.GPU.S9825,FourHundredGigE1/0/61,196058,633422713,185270,730041382,1.18,1.36
2024/05/24 星期五 00:20:08.584,1716481208584,NH-DC-NM129-D04-ROCE-Leaf-6.GPU.S9825,FourHundredGigE1/0/61,0,0,0,0,0,0
2024/05/24 星期五 00:20:09.103,1716481209103,NH-DC-NM129-D04-ROCE-Leaf-6.GPU.S9825,FourHundredGigE1/0/61,138585,346271976,232610,906545210,0.82,2.17
2024/05/24 星期五 00:20:09.677,1716481209677,NH-DC-NM129-D04-ROCE-Leaf-6.GPU.S9825,FourHundredGigE1/0/61,0,0,0,0,0,0
2024/05/24 星期五 00:20:10.178,1716481210178,NH-DC-NM129-D04-ROCE-Leaf-6.GPU.S9825,FourHundredGigE1/0/61,395136,1306276624,486557,1949010974,3.24,4.84
2024/05/24 星期五 00:20:10.679,1716481210679,NH-DC-NM129-D04-ROCE-Leaf-6.GPU.S9825,FourHundredGigE1/0/61,238990,874384032,144573,533878158,2.17,1.32
2024/05/24 星期五 00:20:11.561,1716481211561,NH-DC-NM129-D04-ROCE-Leaf-6.GPU.S9825,FourHundredGigE1/0/61,253977,958129266,243483,699614758,1.35,0.98
2024/05/24 星期五 00:20:12.292,1716481212292,NH-DC-NM129-D04-ROCE-Leaf-6.GPU.S9825,FourHundredGigE1/0/61,0,0,0,0,0,0
2024/05/24 星期五 00:20:12.794,1716481212794,NH-DC-NM129-D04-ROCE-Leaf-6.GPU.S9825,FourHundredGigE1/0/61,128427,489655830,278203,1071404564,1.20,2.66
2024/05/24 星期五 00:20:13.366,1716481213366,NH-DC-NM129-D04-ROCE-Leaf-6.GPU.S9825,FourHundredGigE1/0/61,0,0,0,0,0,0
2024/05/24 星期五 00:20:13.897,1716481213897,NH-DC-NM129-D04-ROCE-Leaf-6.GPU.S9825,FourHundredGigE1/0/61,293103,1098951774,440784,1729627786,2.57,4.05
2024/05/24 星期五 00:20:14.408,1716481214408,NH-DC-NM129-D04-ROCE-Leaf-6.GPU.S9825,FourHundredGigE1/0/61,0,0,0,0,0,0
2024/05/24 星期五 00:20:15.196,1716481215196,NH-DC-NM129-D04-ROCE-Leaf-6.GPU.S9825,FourHundredGigE1/0/61,173783,678932678,214485,843720830,1.06,1.33
2024/05/24 星期五 00:20:15.873,1716481215873,NH-DC-NM129-D04-ROCE-Leaf-6.GPU.S9825,FourHundredGigE1/0/61,85654,262929738,255146,1008783752,0.48,1.85
2024/05/24 星期五 00:20:16.373,1716481216373,NH-DC-NM129-D04-ROCE-Leaf-6.GPU.S9825,FourHundredGigE1/0/61,0,0,0,0,0,0
2024/05/24 星期五 00:20:16.908,1716481216908,NH-DC-NM129-D04-ROCE-Leaf-6.GPU.S9825,FourHundredGigE1/0/61,407270,1565733000,586547,2360007854,3.64,5.51
2024/05/24 星期五 00:20:17.409,1716481217409,NH-DC-NM129-D04-ROCE-Leaf-6.GPU.S9825,FourHundredGigE1/0/61,0,0,0,0,0,0
2024/05/24 星期五 00:20:17.910,1716481217910,NH-DC-NM129-D04-ROCE-Leaf-6.GPU.S9825,FourHundredGigE1/0/61,360706,1374478486,364514,1469098720,3.42,3.64
2024/05/24 星期五 00:20:19.331,1716481219331,NH-DC-NM129-D04-ROCE-Leaf-6.GPU.S9825,FourHundredGigE1/0/61,191359,698924754,300229,1133081750,0.61,0.99
2024/05/24 星期五 00:20:19.834,1716481219834,NH-DC-NM129-D04-ROCE-Leaf-6.GPU.S9825,FourHundredGigE1/0/61,129220,469329916,191994,730150608,1.14,1.81
2024/05/24 星期五 00:20:20.345,1716481220345,NH-DC-NM129-D04-ROCE-Leaf-6.GPU.S9825,FourHundredGigE1/0/61,0,0,0,0,0,0
2024/05/24 星期五 00:20:20.858,1716481220858,NH-DC-NM129-D04-ROCE-Leaf-6.GPU.S9825,FourHundredGigE1/0/61,303062,1163723336,142974,452751612,2.83,1.10
2024/05/24 星期五 00:20:21.357,1716481221357,NH-DC-NM129-D04-ROCE-Leaf-6.GPU.S9825,FourHundredGigE1/0/61,0,0,0,0,0,0
2024/05/24 星期五 00:20:21.858,1716481221858,NH-DC-NM129-D04-ROCE-Leaf-6.GPU.S9825,FourHundredGigE1/0/61,130704,496739184,158673,570894722,1.22,1.42
2024/05/24 星期五 00:20:22.731,1716481222731,NH-DC-NM129-D04-ROCE-Leaf-6.GPU.S9825,FourHundredGigE1/0/61,471128,1893721892,91694,207303244,2.71,0.29
2024/05/24 星期五 00:20:23.257,1716481223257,NH-DC-NM129-D04-ROCE-Leaf-6.GPU.S9825,FourHundredGigE1/0/61,0,0,0,0,0,0
2024/05/24 星期五 00:20:23.834,1716481223834,NH-DC-NM129-D04-ROCE-Leaf-6.GPU.S9825,FourHundredGigE1/0/61,209838,800267780,195409,760862190,1.73,1.65
2024/05/24 星期五 00:20:24.348,1716481224348,NH-DC-NM129-D04-ROCE-Leaf-6.GPU.S9825,FourHundredGigE1/0/61,0,0,0,0,0,0
2024/05/24 星期五 00:20:24.852,1716481224852,NH-DC-NM129-D04-ROCE-Leaf-6.GPU.S9825,FourHundredGigE1/0/61,312350,1226071700,453754,1824733720,3.03,4.51
2024/05/24 星期五 00:20:25.360,1716481225360,NH-DC-NM129-D04-ROCE-Leaf-6.GPU.S9825,FourHundredGigE1/0/61,199707,737495630,98225,368419290,1.80,0.89
2024/05/24 星期五 00:20:26.383,1716481226383,NH-DC-NM129-D04-ROCE-Leaf-6.GPU.S9825,FourHundredGigE1/0/61,0,0,0,0,0,0
2024/05/24 星期五 00:20:26.979,1716481226979,NH-DC-NM129-D04-ROCE-Leaf-6.GPU.S9825,FourHundredGigE1/0/61,152808,595337376,210335,814888110,1.24,1.70
2024/05/24 星期五 00:20:27.482,1716481227482,NH-DC-NM129-D04-ROCE-Leaf-6.GPU.S9825,FourHundredGigE1/0/61,0,0,0,0,0,0
2024/05/24 星期五 00:20:27.984,1716481227984,NH-DC-NM129-D04-ROCE-Leaf-6.GPU.S9825,FourHundredGigE1/0/61,589214,2338023300,236834,908915704,5.80,2.24
2024/05/24 星期五 00:20:28.619,1716481228619,NH-DC-NM129-D04-ROCE-Leaf-6.GPU.S9825,FourHundredGigE1/0/61,160283,612057202,217108,843421060,1.20,1.65
2024/05/24 星期五 00:20:29.242,1716481229242,NH-DC-NM129-D04-ROCE-Leaf-6.GPU.S9825,FourHundredGigE1/0/61,0,0,0,0,0,0
2024/05/24 星期五 00:20:30.097,1716481230097,NH-DC-NM129-D04-ROCE-Leaf-6.GPU.S9825,FourHundredGigE1/0/61,189342,732527046,121844,365496984,1.07,0.53
2024/05/24 星期五 00:20:30.677,1716481230677,NH-DC-NM129-D04-ROCE-Leaf-6.GPU.S9825,FourHundredGigE1/0/61,194059,715039108,195970,736250008,1.53,1.57
2024/05/24 星期五 00:20:31.177,1716481231177,NH-DC-NM129-D04-ROCE-Leaf-6.GPU.S9825,FourHundredGigE1/0/61,0,0,0,0,0,0
2024/05/24 星期五 00:20:31.747,1716481231747,NH-DC-NM129-D04-ROCE-Leaf-6.GPU.S9825,FourHundredGigE1/0/61,449574,1818975270,275922,1087556036,3.97,2.37
2024/05/24 星期五 00:20:32.250,1716481232250,NH-DC-NM129-D04-ROCE-Leaf-6.GPU.S9825,FourHundredGigE1/0/61,0,0,0,0,0,0
2024/05/24 星期五 00:20:32.806,1716481232806,NH-DC-NM129-D04-ROCE-Leaf-6.GPU.S9825,FourHundredGigE1/0/61,105514,384298770,122159,442016970,0.85,0.99
2024/05/24 星期五 00:20:33.625,1716481233625,NH-DC-NM129-D04-ROCE-Leaf-6.GPU.S9825,FourHundredGigE1/0/61,207475,757951810,91047,297450158,1.14,0.44
2024/05/24 星期五 00:20:34.223,1716481234223,NH-DC-NM129-D04-ROCE-Leaf-6.GPU.S9825,FourHundredGigE1/0/61,0,0,0,0,0,0
2024/05/24 星期五 00:20:34.725,1716481234725,NH-DC-NM129-D04-ROCE-Leaf-6.GPU.S9825,FourHundredGigE1/0/61,0,0,0,0,0,0
2024/05/24 星期五 00:20:35.229,1716481235229,NH-DC-NM129-D04-ROCE-Leaf-6.GPU.S9825,FourHundredGigE1/0/61,472207,1880561678,210232,780338090,4.66,1.93
2024/05/24 星期五 00:20:35.730,1716481235730,NH-DC-NM129-D04-ROCE-Leaf-6.GPU.S9825,FourHundredGigE1/0/61,0,0,0,0,0,0
2024/05/24 星期五 00:20:36.229,1716481236229,NH-DC-NM129-D04-ROCE-Leaf-6.GPU.S9825,FourHundredGigE1/0/61,734105,2927849022,656544,2564732126,7.31,6.41
2024/05/24 星期五 00:20:37.189,1716481237189,NH-DC-NM129-D04-ROCE-Leaf-6.GPU.S9825,FourHundredGigE1/0/61,0,0,0,0,0,0
2024/05/24 星期五 00:20:37.700,1716481237700,NH-DC-NM129-D04-ROCE-Leaf-6.GPU.S9825,FourHundredGigE1/0/61,0,0,0,0,0,0
2024/05/24 星期五 00:20:38.201,1716481238201,NH-DC-NM129-D04-ROCE-Leaf-6.GPU.S9825,FourHundredGigE1/0/61,190524,765061771,298195,1159831194,1.90,2.87
2024/05/24 星期五 00:20:38.763,1716481238763,NH-DC-NM129-D04-ROCE-Leaf-6.GPU.S9825,FourHundredGigE1/0/61,250540,918528984,478227,1954509890,2.02,4.34
2024/05/24 星期五 00:20:39.263,1716481239263,NH-DC-NM129-D04-ROCE-Leaf-6.GPU.S9825,FourHundredGigE1/0/61,0,0,0,0,0,0
2024/05/24 星期五 00:20:39.765,1716481239765,NH-DC-NM129-D04-ROCE-Leaf-6.GPU.S9825,FourHundredGigE1/0/61,114008,355614084,254780,999873076,0.87,2.47
2024/05/24 星期五 00:20:40.604,1716481240604,NH-DC-NM129-D04-ROCE-Leaf-6.GPU.S9825,FourHundredGigE1/0/61,165185,649951318,276088,1119994180,0.95,1.65
2024/05/24 星期五 00:20:41.127,1716481241127,NH-DC-NM129-D04-ROCE-Leaf-6.GPU.S9825,FourHundredGigE1/0/61,0,0,0,0,0,0
2024/05/24 星期五 00:20:41.796,1716481241796,NH-DC-NM129-D04-ROCE-Leaf-6.GPU.S9825,FourHundredGigE1/0/61,204969,823919452,181957,727296234,1.53,1.35
2024/05/24 星期五 00:20:42.525,1716481242525,NH-DC-NM129-D04-ROCE-Leaf-6.GPU.S9825,FourHundredGigE1/0/61,0,0,0,0,0,0
2024/05/24 星期五 00:20:43.025,1716481243025,NH-DC-NM129-D04-ROCE-Leaf-6.GPU.S9825,FourHundredGigE1/0/61,591596,2148741622,345372,1253065540,5.35,3.12
2024/05/24 星期五 00:20:43.738,1716481243738,NH-DC-NM129-D04-ROCE-Leaf-6.GPU.S9825,FourHundredGigE1/0/61,241900,792085542,195518,766053212,1.38,1.33
2024/05/24 星期五 00:20:44.644,1716481244644,NH-DC-NM129-D04-ROCE-Leaf-6.GPU.S9825,FourHundredGigE1/0/61,0,0,0,0,0,0
2024/05/24 星期五 00:20:45.147,1716481245147,NH-DC-NM129-D04-ROCE-Leaf-6.GPU.S9825,FourHundredGigE1/0/61,254382,930999138,214370,836573892,2.31,2.06
2024/05/24 星期五 00:20:45.694,1716481245694,NH-DC-NM129-D04-ROCE-Leaf-6.GPU.S9825,FourHundredGigE1/0/61,111672,426632576,160115,602001762,0.96,1.37
2024/05/24 星期五 00:20:46.195,1716481246195,NH-DC-NM129-D04-ROCE-Leaf-6.GPU.S9825,FourHundredGigE1/0/61,98414,0,293330,0,0,0
2024/05/24 星期五 00:20:47.162,1716481247162,NH-DC-NM129-D04-ROCE-Leaf-6.GPU.S9825,FourHundredGigE1/0/61,0,325557912,0,1196370712,0.41,1.54
2024/05/24 星期五 00:20:47.929,1716481247929,NH-DC-NM129-D04-ROCE-Leaf-6.GPU.S9825,FourHundredGigE1/0/61,78639,297343918,124128,427493944,0.47,0.68
2024/05/24 星期五 00:20:48.432,1716481248432,NH-DC-NM129-D04-ROCE-Leaf-6.GPU.S9825,FourHundredGigE1/0/61,0,0,0,0,0,0
2024/05/24 星期五 00:20:48.935,1716481248935,NH-DC-NM129-D04-ROCE-Leaf-6.GPU.S9825,FourHundredGigE1/0/61,132722,509398616,88547,311443234,1.24,0.77
2024/05/24 星期五 00:20:49.544,1716481249544,NH-DC-NM129-D04-ROCE-Leaf-6.GPU.S9825,FourHundredGigE1/0/61,0,0,0,0,0,0
2024/05/24 星期五 00:20:50.045,1716481250045,NH-DC-NM129-D04-ROCE-Leaf-6.GPU.S9825,FourHundredGigE1/0/61,838794,3422852248,316280,1273550104,8.53,3.17
2024/05/24 星期五 00:20:50.779,1716481250779,NH-DC-NM129-D04-ROCE-Leaf-6.GPU.S9825,FourHundredGigE1/0/61,124062,479886828,229943,896548286,0.80,1.52
2024/05/24 星期五 00:20:51.520,1716481251520,NH-DC-NM129-D04-ROCE-Leaf-6.GPU.S9825,FourHundredGigE1/0/61,0,0,0,0,0,0
2024/05/24 星期五 00:20:52.027,1716481252027,NH-DC-NM129-D04-ROCE-Leaf-6.GPU.S9825,FourHundredGigE1/0/61,152027,618607726,471989,1770972490,1.50,4.36
2024/05/24 星期五 00:20:52.614,1716481252614,NH-DC-NM129-D04-ROCE-Leaf-6.GPU.S9825,FourHundredGigE1/0/61,0,0,0,0,0,0
2024/05/24 星期五 00:20:53.124,1716481253124,NH-DC-NM129-D04-ROCE-Leaf-6.GPU.S9825,FourHundredGigE1/0/61,150665,596286070,141047,400068966,1.45,0.98
2024/05/24 星期五 00:20:54.023,1716481254023,NH-DC-NM129-D04-ROCE-Leaf-6.GPU.S9825,FourHundredGigE1/0/61,170459,654997146,324178,1298849840,0.90,1.79
2024/05/24 星期五 00:20:54.776,1716481254776,NH-DC-NM129-D04-ROCE-Leaf-6.GPU.S9825,FourHundredGigE1/0/61,139448,518490512,146262,554640444,0.85,0.91
2024/05/24 星期五 00:20:55.503,1716481255503,NH-DC-NM129-D04-ROCE-Leaf-6.GPU.S9825,FourHundredGigE1/0/61,208765,794669790,148726,552663576,1.36,0.95
2024/05/24 星期五 00:20:56.179,1716481256179,NH-DC-NM129-D04-ROCE-Leaf-6.GPU.S9825,FourHundredGigE1/0/61,0,0,0,0,0,0
2024/05/24 星期五 00:20:56.853,1716481256853,NH-DC-NM129-D04-ROCE-Leaf-6.GPU.S9825,FourHundredGigE1/0/61,60937,178898486,289206,1123690844,0.32,2.08
2024/05/24 星期五 00:20:57.650,1716481257650,NH-DC-NM129-D04-ROCE-Leaf-6.GPU.S9825,FourHundredGigE1/0/61,0,0,0,0,0,0
2024/05/24 星期五 00:20:58.171,1716481258171,NH-DC-NM129-D04-ROCE-Leaf-6.GPU.S9825,FourHundredGigE1/0/61,369162,1409273880,190917,697179650,3.36,1.66
2024/05/24 星期五 00:20:58.922,1716481258922,NH-DC-NM129-D04-ROCE-Leaf-6.GPU.S9825,FourHundredGigE1/0/61,119407,432209914,284891,910763102,0.72,1.51
2024/05/24 星期五 00:20:59.489,1716481259489,NH-DC-NM129-D04-ROCE-Leaf-6.GPU.S9825,FourHundredGigE1/0/61,0,0,0,0,0,0
2024/05/24 星期五 00:20:59.990,1716481259990,NH-DC-NM129-D04-ROCE-Leaf-6.GPU.S9825,FourHundredGigE1/0/61,158645,585685054,124175,437199086,1.45,1.07
2024/05/24 星期五 00:21:00.686,1716481260686,NH-DC-NM129-D04-ROCE-Leaf-6.GPU.S9825,FourHundredGigE1/0/61,111365,397960324,751499,3073703626,0.70,5.51
2024/05/24 星期五 00:21:01.323,1716481261323,NH-DC-NM129-D04-ROCE-Leaf-6.GPU.S9825,FourHundredGigE1/0/61,0,0,0,0,0,0
2024/05/24 星期五 00:21:01.876,1716481261876,NH-DC-NM129-D04-ROCE-Leaf-6.GPU.S9825,FourHundredGigE1/0/61,173441,688284740,321602,1191758644,1.54,2.69
2024/05/24 星期五 00:21:03.225,1716481263225,NH-DC-NM129-D04-ROCE-Leaf-6.GPU.S9825,FourHundredGigE1/0/61,335121,1351067554,273741,998787534,1.25,0.92
2024/05/24 星期五 00:21:04.732,1716481264732,NH-DC-NM129-D04-ROCE-Leaf-6.GPU.S9825,FourHundredGigE1/0/61,509192,2058972336,225479,858339482,1.70,0.71
2024/05/24 星期五 00:21:05.233,1716481265233,NH-DC-NM129-D04-ROCE-Leaf-6.GPU.S9825,FourHundredGigE1/0/61,0,0,0,0,0,0
2024/05/24 星期五 00:21:05.975,1716481265975,NH-DC-NM129-D04-ROCE-Leaf-6.GPU.S9825,FourHundredGigE1/0/61,209436,790462928,206633,775755722,1.33,1.30
2024/05/24 星期五 00:21:06.477,1716481266477,NH-DC-NM129-D04-ROCE-Leaf-6.GPU.S9825,FourHundredGigE1/0/61,0,0,0,0,0,0
2024/05/24 星期五 00:21:06.979,1716481266979,NH-DC-NM129-D04-ROCE-Leaf-6.GPU.S9825,FourHundredGigE1/0/61,179480,667142746,219099,821377870,1.64,2.04
2024/05/24 星期五 00:21:07.580,1716481267580,NH-DC-NM129-D04-ROCE-Leaf-6.GPU.S9825,FourHundredGigE1/0/61,575580,2293375513,420216,1698126416,4.76,3.51
2024/05/24 星期五 00:21:08.280,1716481268280,NH-DC-NM129-D04-ROCE-Leaf-6.GPU.S9825,FourHundredGigE1/0/61,0,0,0,0,0,0
2024/05/24 星期五 00:21:08.783,1716481268783,NH-DC-NM129-D04-ROCE-Leaf-6.GPU.S9825,FourHundredGigE1/0/61,230959,861089526,170960,598135970,2.14,1.47
2024/05/24 星期五 00:21:09.469,1716481269469,NH-DC-NM129-D04-ROCE-Leaf-6.GPU.S9825,FourHundredGigE1/0/61,0,0,0,0,0,0
2024/05/24 星期五 00:21:09.969,1716481269969,NH-DC-NM129-D04-ROCE-Leaf-6.GPU.S9825,FourHundredGigE1/0/61,296789,1154060234,302335,1211338784,2.88,3.02
2024/05/24 星期五 00:21:10.469,1716481270469,NH-DC-NM129-D04-ROCE-Leaf-6.GPU.S9825,FourHundredGigE1/0/61,119783,466188166,91840,320690100,1.15,0.8
2024/05/24 星期五 00:21:11.144,1716481271144,NH-DC-NM129-D04-ROCE-Leaf-6.GPU.S9825,FourHundredGigE1/0/61,0,0,0,0,0,0
2024/05/24 星期五 00:21:12.604,1716481272604,NH-DC-NM129-D04-ROCE-Leaf-6.GPU.S9825,FourHundredGigE1/0/61,315937,1278891866,638011,2582864166,1.09,2.21
2024/05/24 星期五 00:21:13.107,1716481273107,NH-DC-NM129-D04-ROCE-Leaf-6.GPU.S9825,FourHundredGigE1/0/61,170286,646894532,181389,646747982,1.59,1.59
2024/05/24 星期五 00:21:13.613,1716481273613,NH-DC-NM129-D04-ROCE-Leaf-6.GPU.S9825,FourHundredGigE1/0/61,0,0,0,0,0,0
2024/05/24 星期五 00:21:14.631,1716481274631,NH-DC-NM129-D04-ROCE-Leaf-6.GPU.S9825,FourHundredGigE1/0/61,437547,1646010394,320412,1152548132,2.01,1.41
2024/05/24 星期五 00:21:15.250,1716481275250,NH-DC-NM129-D04-ROCE-Leaf-6.GPU.S9825,FourHundredGigE1/0/61,0,0,0,0,0,0
2024/05/24 星期五 00:21:15.752,1716481275752,NH-DC-NM129-D04-ROCE-Leaf-6.GPU.S9825,FourHundredGigE1/0/61,364249,1501302866,297203,1147765302,3.74,2.84
2024/05/24 星期五 00:21:16.401,1716481276401,NH-DC-NM129-D04-ROCE-Leaf-6.GPU.S9825,FourHundredGigE1/0/61,0,0,0,0,0,0
2024/05/24 星期五 00:21:17.619,1716481277619,NH-DC-NM129-D04-ROCE-Leaf-6.GPU.S9825,FourHundredGigE1/0/61,176127,697192882,163687,616078742,0.71,0.63
2024/05/24 星期五 00:21:18.118,1716481278118,NH-DC-NM129-D04-ROCE-Leaf-6.GPU.S9825,FourHundredGigE1/0/61,119644,386092652,177736,669628192,0.95,1.65
2024/05/24 星期五 00:21:18.812,1716481278812,NH-DC-NM129-D04-ROCE-Leaf-6.GPU.S9825,FourHundredGigE1/0/61,399352,1582994232,148650,580802304,2.85,1.04
2024/05/24 星期五 00:21:19.313,1716481279313,NH-DC-NM129-D04-ROCE-Leaf-6.GPU.S9825,FourHundredGigE1/0/61,0,0,0,0,0,0
2024/05/24 星期五 00:21:20.092,1716481280092,NH-DC-NM129-D04-ROCE-Leaf-6.GPU.S9825,FourHundredGigE1/0/61,109574,422798608,110363,406969062,0.67,0.64
2024/05/24 星期五 00:21:20.594,1716481280594,NH-DC-NM129-D04-ROCE-Leaf-6.GPU.S9825,FourHundredGigE1/0/61,0,0,0,0,0,0
2024/05/24 星期五 00:21:21.094,1716481281094,NH-DC-NM129-D04-ROCE-Leaf-6.GPU.S9825,FourHundredGigE1/0/61,134404,504947652,367487,1482125254,1.25,3.7
2024/05/24 星期五 00:21:21.805,1716481281805,NH-DC-NM129-D04-ROCE-Leaf-6.GPU.S9825,FourHundredGigE1/0/61,269651,1065516398,147926,571850812,1.86,1.00
2024/05/24 星期五 00:21:22.310,1716481282310,NH-DC-NM129-D04-ROCE-Leaf-6.GPU.S9825,FourHundredGigE1/0/61,0,0,0,0,0,0
2024/05/24 星期五 00:21:23.178,1716481283178,NH-DC-NM129-D04-ROCE-Leaf-6.GPU.S9825,FourHundredGigE1/0/61,518564,1992154464,224744,902219420,2.87,1.30
2024/05/24 星期五 00:21:23.679,1716481283679,NH-DC-NM129-D04-ROCE-Leaf-6.GPU.S9825,FourHundredGigE1/0/61,0,0,0,0,0,0
2024/05/24 星期五 00:21:24.179,1716481284179,NH-DC-NM129-D04-ROCE-Leaf-6.GPU.S9825,FourHundredGigE1/0/61,215634,660414408,119883,420462778,1.65,1.05
2024/05/24 星期五 00:21:24.792,1716481284792,NH-DC-NM129-D04-ROCE-Leaf-6.GPU.S9825,FourHundredGigE1/0/61,145184,399780148,87438,322462264,0.80,0.65
2024/05/24 星期五 00:21:25.473,1716481285473,NH-DC-NM129-D04-ROCE-Leaf-6.GPU.S9825,FourHundredGigE1/0/61,0,0,0,0,0,0
2024/05/24 星期五 00:21:25.976,1716481285976,NH-DC-NM129-D04-ROCE-Leaf-6.GPU.S9825,FourHundredGigE1/0/61,313293,1122374272,250628,970129340,2.78,2.41
2024/05/24 星期五 00:21:26.671,1716481286671,NH-DC-NM129-D04-ROCE-Leaf-6.GPU.S9825,FourHundredGigE1/0/61,0,0,0,0,0,0
2024/05/24 星期五 00:21:27.184,1716481287184,NH-DC-NM129-D04-ROCE-Leaf-6.GPU.S9825,FourHundredGigE1/0/61,743628,2898803622,220716,884727388,7.04,2.14
2024/05/24 星期五 00:21:27.726,1716481287726,NH-DC-NM129-D04-ROCE-Leaf-6.GPU.S9825,FourHundredGigE1/0/61,2462408,10072703906,335462,1170360908,23.22,2.70
2024/05/24 星期五 00:21:28.654,1716481288654,NH-DC-NM129-D04-ROCE-Leaf-6.GPU.S9825,FourHundredGigE1/0/61,0,0,0,0,0,0
2024/05/24 星期五 00:21:29.154,1716481289154,NH-DC-NM129-D04-ROCE-Leaf-6.GPU.S9825,FourHundredGigE1/0/61,1525527,6218508932,275818,1052612096,15.52,2.62
2024/05/24 星期五 00:21:29.722,1716481289722,NH-DC-NM129-D04-ROCE-Leaf-6.GPU.S9825,FourHundredGigE1/0/61,243910,920595220,516493,2102053706,2.02,4.62
2024/05/24 星期五 00:21:30.222,1716481290222,NH-DC-NM129-D04-ROCE-Leaf-6.GPU.S9825,FourHundredGigE1/0/61,0,0,0,0,0,0
2024/05/24 星期五 00:21:30.723,1716481290723,NH-DC-NM129-D04-ROCE-Leaf-6.GPU.S9825,FourHundredGigE1/0/61,189820,750081412,148622,575355712,1.87,1.42
2024/05/24 星期五 00:21:32.261,1716481292261,NH-DC-NM129-D04-ROCE-Leaf-6.GPU.S9825,FourHundredGigE1/0/61,262786,1010727960,368314,1428041684,0.82,1.15
2024/05/24 星期五 00:21:32.832,1716481292832,NH-DC-NM129-D04-ROCE-Leaf-6.GPU.S9825,FourHundredGigE1/0/61,245171,959718968,157300,587204544,2.08,1.27
2024/05/24 星期五 00:21:33.335,1716481293335,NH-DC-NM129-D04-ROCE-Leaf-6.GPU.S9825,FourHundredGigE1/0/61,0,0,0,0,0,0
2024/05/24 星期五 00:21:33.840,1716481293840,NH-DC-NM129-D04-ROCE-Leaf-6.GPU.S9825,FourHundredGigE1/0/61,448566,1804286578,296534,1167656740,4.46,2.87
2024/05/24 星期五 00:21:34.404,1716481294404,NH-DC-NM129-D04-ROCE-Leaf-6.GPU.S9825,FourHundredGigE1/0/61,0,0,0,0,0,0
2024/05/24 星期五 00:21:34.989,1716481294989,NH-DC-NM129-D04-ROCE-Leaf-6.GPU.S9825,FourHundredGigE1/0/61,354338,1388939768,276844,1064723480,2.95,2.26
2024/05/24 星期五 00:21:35.602,1716481295602,NH-DC-NM129-D04-ROCE-Leaf-6.GPU.S9825,FourHundredGigE1/0/61,0,0,0,0,0,0
2024/05/24 星期五 00:21:36.111,1716481296111,NH-DC-NM129-D04-ROCE-Leaf-6.GPU.S9825,FourHundredGigE1/0/61,285593,1118836142,140472,533558724,2.73,1.30
2024/05/24 星期五 00:21:36.633,1716481296633,NH-DC-NM129-D04-ROCE-Leaf-6.GPU.S9825,FourHundredGigE1/0/61,309288,1238665976,447366,1804936312,2.95,4.31
2024/05/24 星期五 00:21:37.195,1716481297195,NH-DC-NM129-D04-ROCE-Leaf-6.GPU.S9825,FourHundredGigE1/0/61,0,0,0,0,0,0
2024/05/24 星期五 00:21:37.777,1716481297777,NH-DC-NM129-D04-ROCE-Leaf-6.GPU.S9825,FourHundredGigE1/0/61,0,0,0,0,0,0
2024/05/24 星期五 00:21:38.277,1716481298277,NH-DC-NM129-D04-ROCE-Leaf-6.GPU.S9825,FourHundredGigE1/0/61,234004,936280727,45067,131078270,2.32,0.32
2024/05/24 星期五 00:21:38.961,1716481298961,NH-DC-NM129-D04-ROCE-Leaf-6.GPU.S9825,FourHundredGigE1/0/61,127213,479951798,65975,228468982,0.86,0.40
2024/05/24 星期五 00:21:39.581,1716481299581,NH-DC-NM129-D04-ROCE-Leaf-6.GPU.S9825,FourHundredGigE1/0/61,0,0,0,0,0,0
2024/05/24 星期五 00:21:40.081,1716481300081,NH-DC-NM129-D04-ROCE-Leaf-6.GPU.S9825,FourHundredGigE1/0/61,163371,596731710,145403,517658606,1.48,1.28
2024/05/24 星期五 00:21:40.690,1716481300690,NH-DC-NM129-D04-ROCE-Leaf-6.GPU.S9825,FourHundredGigE1/0/61,45784,152426000,340934,1326565488,0.31,2.71
2024/05/24 星期五 00:21:41.284,1716481301284,NH-DC-NM129-D04-ROCE-Leaf-6.GPU.S9825,FourHundredGigE1/0/61,0,0,0,0,0,0
2024/05/24 星期五 00:21:42.125,1716481302125,NH-DC-NM129-D04-ROCE-Leaf-6.GPU.S9825,FourHundredGigE1/0/61,173438,649661508,175457,663961162,0.95,0.98
2024/05/24 星期五 00:21:42.863,1716481302863,NH-DC-NM129-D04-ROCE-Leaf-6.GPU.S9825,FourHundredGigE1/0/61,207989,809656290,130634,474083420,1.36,0.80
2024/05/24 星期五 00:21:43.388,1716481303388,NH-DC-NM129-D04-ROCE-Leaf-6.GPU.S9825,FourHundredGigE1/0/61,0,0,0,0,0,0
2024/05/24 星期五 00:21:43.952,1716481303952,NH-DC-NM129-D04-ROCE-Leaf-6.GPU.S9825,FourHundredGigE1/0/61,200094,776116854,95631,363777450,1.71,0.80
2024/05/24 星期五 00:21:44.605,1716481304605,NH-DC-NM129-D04-ROCE-Leaf-6.GPU.S9825,FourHundredGigE1/0/61,0,0,0,0,0,0
2024/05/24 星期五 00:21:45.106,1716481305106,NH-DC-NM129-D04-ROCE-Leaf-6.GPU.S9825,FourHundredGigE1/0/61,170568,641279170,283150,1131082336,1.60,2.82
2024/05/24 星期五 00:21:45.842,1716481305842,NH-DC-NM129-D04-ROCE-Leaf-6.GPU.S9825,FourHundredGigE1/0/61,171335,641098214,91495,332160554,1.09,0.56
2024/05/24 星期五 00:21:46.486,1716481306486,NH-DC-NM129-D04-ROCE-Leaf-6.GPU.S9825,FourHundredGigE1/0/61,230735,934996986,125605,419084650,1.81,0.80
2024/05/24 星期五 00:21:47.244,1716481307244,NH-DC-NM129-D04-ROCE-Leaf-6.GPU.S9825,FourHundredGigE1/0/61,0,0,0,0,0,0
2024/05/24 星期五 00:21:47.818,1716481307818,NH-DC-NM129-D04-ROCE-Leaf-6.GPU.S9825,FourHundredGigE1/0/61,313839,1267439534,493537,1954498958,2.74,4.25
2024/05/24 星期五 00:21:48.320,1716481308320,NH-DC-NM129-D04-ROCE-Leaf-6.GPU.S9825,FourHundredGigE1/0/61,0,0,0,0,0,0
2024/05/24 星期五 00:21:48.856,1716481308856,NH-DC-NM129-D04-ROCE-Leaf-6.GPU.S9825,FourHundredGigE1/0/61,352602,1195630452,126009,264136474,2.78,0.61
2024/05/24 星期五 00:21:49.506,1716481309506,NH-DC-NM129-D04-ROCE-Leaf-6.GPU.S9825,FourHundredGigE1/0/61,0,0,0,0,0,0
2024/05/24 星期五 00:21:50.010,1716481310010,NH-DC-NM129-D04-ROCE-Leaf-6.GPU.S9825,FourHundredGigE1/0/61,338830,1055224690,575794,2340709068,2.60,5.80
2024/05/24 星期五 00:21:50.625,1716481310625,NH-DC-NM129-D04-ROCE-Leaf-6.GPU.S9825,FourHundredGigE1/0/61,185897,622086332,129017,457765650,1.26,0.91
2024/05/24 星期五 00:21:51.233,1716481311233,NH-DC-NM129-D04-ROCE-Leaf-6.GPU.S9825,FourHundredGigE1/0/61,0,0,0,0,0,0
2024/05/24 星期五 00:21:51.737,1716481311737,NH-DC-NM129-D04-ROCE-Leaf-6.GPU.S9825,FourHundredGigE1/0/61,303580,1062797784,293795,1188966490,2.63,2.93
2024/05/24 星期五 00:21:52.238,1716481312238,NH-DC-NM129-D04-ROCE-Leaf-6.GPU.S9825,FourHundredGigE1/0/61,0,0,0,0,0,0
2024/05/24 星期五 00:21:52.917,1716481312917,NH-DC-NM129-D04-ROCE-Leaf-6.GPU.S9825,FourHundredGigE1/0/61,989994,3948354580,128745,495215118,7.25,0.90
2024/05/24 星期五 00:21:53.507,1716481313507,NH-DC-NM129-D04-ROCE-Leaf-6.GPU.S9825,FourHundredGigE1/0/61,2377953,9717705410,161768,581475724,20.57,1.23
2024/05/24 星期五 00:21:54.278,1716481314278,NH-DC-NM129-D04-ROCE-Leaf-6.GPU.S9825,FourHundredGigE1/0/61,0,0,0,0,0,0
2024/05/24 星期五 00:21:54.906,1716481314906,NH-DC-NM129-D04-ROCE-Leaf-6.GPU.S9825,FourHundredGigE1/0/61,1517429,6191826514,343732,1350616428,12.32,2.69
2024/05/24 星期五 00:21:55.619,1716481315619,NH-DC-NM129-D04-ROCE-Leaf-6.GPU.S9825,FourHundredGigE1/0/61,334352,1337393180,540142,2152824944,2.33,3.77
2024/05/24 星期五 00:21:56.235,1716481316235,NH-DC-NM129-D04-ROCE-Leaf-6.GPU.S9825,FourHundredGigE1/0/61,0,0,0,0,0,0
2024/05/24 星期五 00:21:56.824,1716481316824,NH-DC-NM129-D04-ROCE-Leaf-6.GPU.S9825,FourHundredGigE1/0/61,234209,897236142,284579,1149528350,1.89,2.42
2024/05/24 星期五 00:21:58.289,1716481318289,NH-DC-NM129-D04-ROCE-Leaf-6.GPU.S9825,FourHundredGigE1/0/61,217664,846534296,300543,1173586970,0.72,1.00
2024/05/24 星期五 00:21:58.789,1716481318789,NH-DC-NM129-D04-ROCE-Leaf-6.GPU.S9825,FourHundredGigE1/0/61,391090,1446584496,326146,1231694232,3.6,3.08
2024/05/24 星期五 00:21:59.404,1716481319404,NH-DC-NM129-D04-ROCE-Leaf-6.GPU.S9825,FourHundredGigE1/0/61,0,0,0,0,0,0
2024/05/24 星期五 00:21:59.971,1716481319971,NH-DC-NM129-D04-ROCE-Leaf-6.GPU.S9825,FourHundredGigE1/0/61,149478,578316740,316283,1253274042,1.26,2.76
2024/05/24 星期五 00:22:00.547,1716481320547,NH-DC-NM129-D04-ROCE-Leaf-6.GPU.S9825,FourHundredGigE1/0/61,114571,443181044,92853,357245426,0.95,0.76
2024/05/24 星期五 00:22:01.123,1716481321123,NH-DC-NM129-D04-ROCE-Leaf-6.GPU.S9825,FourHundredGigE1/0/61,0,0,0,0,0,0
2024/05/24 星期五 00:22:01.720,1716481321720,NH-DC-NM129-D04-ROCE-Leaf-6.GPU.S9825,FourHundredGigE1/0/61,0,0,0,0,0,0
2024/05/24 星期五 00:22:02.228,1716481322228,NH-DC-NM129-D04-ROCE-Leaf-6.GPU.S9825,FourHundredGigE1/0/61,681112,2651058660,427451,1562434882,6.52,3.84
2024/05/24 星期五 00:22:04.454,1716481324454,NH-DC-NM129-D04-ROCE-Leaf-6.GPU.S9825,FourHundredGigE1/0/61,0,0,0,0,0,0
2024/05/24 星期五 00:22:05.086,1716481325086,NH-DC-NM129-D04-ROCE-Leaf-6.GPU.S9825,FourHundredGigE1/0/61,165264,629817262,119152,450032796,1.23,0.89
2024/05/24 星期五 00:22:05.597,1716481325597,NH-DC-NM129-D04-ROCE-Leaf-6.GPU.S9825,FourHundredGigE1/0/61,0,0,0,0,0,0
2024/05/24 星期五 00:22:06.115,1716481326115,NH-DC-NM129-D04-ROCE-Leaf-6.GPU.S9825,FourHundredGigE1/0/61,329516,1311937224,191660,686486736,3.16,1.64
2024/05/24 星期五 00:22:06.887,1716481326887,NH-DC-NM129-D04-ROCE-Leaf-6.GPU.S9825,FourHundredGigE1/0/61,72445,270670666,230639,930333822,0.44,1.51
2024/05/24 星期五 00:22:07.537,1716481327537,NH-DC-NM129-D04-ROCE-Leaf-6.GPU.S9825,FourHundredGigE1/0/61,0,0,0,0,0,0
2024/05/24 星期五 00:22:08.041,1716481328041,NH-DC-NM129-D04-ROCE-Leaf-6.GPU.S9825,FourHundredGigE1/0/61,123569,454223145,101417,386605310,1.12,0.94
2024/05/24 星期五 00:22:08.619,1716481328619,NH-DC-NM129-D04-ROCE-Leaf-6.GPU.S9825,FourHundredGigE1/0/61,0,0,0,0,0,0
2024/05/24 星期五 00:22:09.134,1716481329134,NH-DC-NM129-D04-ROCE-Leaf-6.GPU.S9825,FourHundredGigE1/0/61,182422,700634864,123710,454343676,1.70,1.09
2024/05/24 星期五 00:22:10.377,1716481330377,NH-DC-NM129-D04-ROCE-Leaf-6.GPU.S9825,FourHundredGigE1/0/61,465096,1836995152,286102,1140544028,1.84,1.15
2024/05/24 星期五 00:22:10.996,1716481330996,NH-DC-NM129-D04-ROCE-Leaf-6.GPU.S9825,FourHundredGigE1/0/61,552793,2134069983,103036,344670204,4.30,0.69
2024/05/24 星期五 00:22:11.682,1716481331682,NH-DC-NM129-D04-ROCE-Leaf-6.GPU.S9825,FourHundredGigE1/0/61,973829,3924072010,178939,673269006,7.14,1.22
2024/05/24 星期五 00:22:12.238,1716481332238,NH-DC-NM129-D04-ROCE-Leaf-6.GPU.S9825,FourHundredGigE1/0/61,0,0,0,0,0,0
2024/05/24 星期五 00:22:12.742,1716481332742,NH-DC-NM129-D04-ROCE-Leaf-6.GPU.S9825,FourHundredGigE1/0/61,2440987,9983990118,132627,410684516,24.75,1.02
2024/05/24 星期五 00:22:13.370,1716481333370,NH-DC-NM129-D04-ROCE-Leaf-6.GPU.S9825,FourHundredGigE1/0/61,0,0,0,0,0,0
2024/05/24 星期五 00:22:14.061,1716481334061,NH-DC-NM129-D04-ROCE-Leaf-6.GPU.S9825,FourHundredGigE1/0/61,1287752,5245626924,409618,1639013290,9.48,2.95
2024/05/24 星期五 00:22:14.626,1716481334626,NH-DC-NM129-D04-ROCE-Leaf-6.GPU.S9825,FourHundredGigE1/0/61,138871,500396214,183356,687907016,1.11,1.50
2024/05/24 星期五 00:22:15.201,1716481335201,NH-DC-NM129-D04-ROCE-Leaf-6.GPU.S9825,FourHundredGigE1/0/61,0,0,0,0,0,0
2024/05/24 星期五 00:22:15.732,1716481335732,NH-DC-NM129-D04-ROCE-Leaf-6.GPU.S9825,FourHundredGigE1/0/61,0,0,0,0,0,0
2024/05/24 星期五 00:22:16.234,1716481336234,NH-DC-NM129-D04-ROCE-Leaf-6.GPU.S9825,FourHundredGigE1/0/61,136301,516570306,88337,316324634,1.27,0.77
2024/05/24 星期五 00:22:17.060,1716481337060,NH-DC-NM129-D04-ROCE-Leaf-6.GPU.S9825,FourHundredGigE1/0/61,452252,1835249168,180747,666753334,2.77,1.00
2024/05/24 星期五 00:22:17.580,1716481337580,NH-DC-NM129-D04-ROCE-Leaf-6.GPU.S9825,FourHundredGigE1/0/61,0,0,0,0,0,0
2024/05/24 星期五 00:22:18.084,1716481338084,NH-DC-NM129-D04-ROCE-Leaf-6.GPU.S9825,FourHundredGigE1/0/61,128119,422792714,638129,2558772782,1.04,6.32
2024/05/24 星期五 00:22:18.654,1716481338654,NH-DC-NM129-D04-ROCE-Leaf-6.GPU.S9825,FourHundredGigE1/0/61,179147,474878872,2334281,9545632110,1.03,20.92
2024/05/24 星期五 00:22:19.181,1716481339181,NH-DC-NM129-D04-ROCE-Leaf-6.GPU.S9825,FourHundredGigE1/0/61,0,0,0,0,0,0
2024/05/24 星期五 00:22:19.681,1716481339681,NH-DC-NM129-D04-ROCE-Leaf-6.GPU.S9825,FourHundredGigE1/0/61,237267,772917736,1620496,6619242368,1.92,16.52
2024/05/24 星期五 00:22:20.426,1716481340426,NH-DC-NM129-D04-ROCE-Leaf-6.GPU.S9825,FourHundredGigE1/0/61,0,0,0,0,0,0
2024/05/24 星期五 00:22:20.988,1716481340988,NH-DC-NM129-D04-ROCE-Leaf-6.GPU.S9825,FourHundredGigE1/0/61,320041,1295295386,449187,1803236630,2.87,4.00
2024/05/24 星期五 00:22:21.650,1716481341650,NH-DC-NM129-D04-ROCE-Leaf-6.GPU.S9825,FourHundredGigE1/0/61,196959,748529828,368688,1482411988,1.40,2.79
2024/05/24 星期五 00:22:22.270,1716481342270,NH-DC-NM129-D04-ROCE-Leaf-6.GPU.S9825,FourHundredGigE1/0/61,0,0,0,0,0,0
2024/05/24 星期五 00:22:22.806,1716481342806,NH-DC-NM129-D04-ROCE-Leaf-6.GPU.S9825,FourHundredGigE1/0/61,252451,1010095150,291761,1189598238,2.36,2.75
2024/05/24 星期五 00:22:23.306,1716481343306,NH-DC-NM129-D04-ROCE-Leaf-6.GPU.S9825,FourHundredGigE1/0/61,0,0,0,0,0,0
2024/05/24 星期五 00:22:24.148,1716481344148,NH-DC-NM129-D04-ROCE-Leaf-6.GPU.S9825,FourHundredGigE1/0/61,332840,1341001554,364395,1305636342,1.99,1.93
2024/05/24 星期五 00:22:24.732,1716481344732,NH-DC-NM129-D04-ROCE-Leaf-6.GPU.S9825,FourHundredGigE1/0/61,296094,1162962804,260396,994683496,2.48,2.12
2024/05/24 星期五 00:22:25.265,1716481345265,NH-DC-NM129-D04-ROCE-Leaf-6.GPU.S9825,FourHundredGigE1/0/61,0,0,0,0,0,0
2024/05/24 星期五 00:22:25.810,1716481345810,NH-DC-NM129-D04-ROCE-Leaf-6.GPU.S9825,FourHundredGigE1/0/61,155341,609659286,144037,558220046,1.38,1.26
2024/05/24 星期五 00:22:26.313,1716481346313,NH-DC-NM129-D04-ROCE-Leaf-6.GPU.S9825,FourHundredGigE1/0/61,0,0,0,0,0,0
2024/05/24 星期五 00:22:26.883,1716481346883,NH-DC-NM129-D04-ROCE-Leaf-6.GPU.S9825,FourHundredGigE1/0/61,110553,438848568,133445,500113310,0.94,1.10
2024/05/24 星期五 00:22:27.486,1716481347486,NH-DC-NM129-D04-ROCE-Leaf-6.GPU.S9825,FourHundredGigE1/0/61,0,0,0,0,0,0
2024/05/24 星期五 00:22:28.002,1716481348002,NH-DC-NM129-D04-ROCE-Leaf-6.GPU.S9825,FourHundredGigE1/0/61,729102,2984647382,460250,1843332460,7.22,4.46
2024/05/24 星期五 00:22:28.671,1716481348671,NH-DC-NM129-D04-ROCE-Leaf-6.GPU.S9825,FourHundredGigE1/0/61,329819,1309814414,169984,624510968,2.43,1.16
2024/05/24 星期五 00:22:30.928,1716481350928,NH-DC-NM129-D04-ROCE-Leaf-6.GPU.S9825,FourHundredGigE1/0/61,307275,1125317910,214891,769078130,0.62,0.42
2024/05/24 星期五 00:22:31.930,1716481351930,NH-DC-NM129-D04-ROCE-Leaf-6.GPU.S9825,FourHundredGigE1/0/61,237798,895358880,33513,97285134,1.11,0.11
2024/05/24 星期五 00:22:32.503,1716481352503,NH-DC-NM129-D04-ROCE-Leaf-6.GPU.S9825,FourHundredGigE1/0/61,0,0,0,0,0,0
2024/05/24 星期五 00:22:33.023,1716481353023,NH-DC-NM129-D04-ROCE-Leaf-6.GPU.S9825,FourHundredGigE1/0/61,185347,680112058,125911,488898694,1.63,1.15
2024/05/24 星期五 00:22:33.739,1716481353739,NH-DC-NM129-D04-ROCE-Leaf-6.GPU.S9825,FourHundredGigE1/0/61,114368,408197396,252352,941731220,0.70,1.64
2024/05/24 星期五 00:22:34.418,1716481354418,NH-DC-NM129-D04-ROCE-Leaf-6.GPU.S9825,FourHundredGigE1/0/61,0,0,0,0,0,0
2024/05/24 星期五 00:22:34.943,1716481354943,NH-DC-NM129-D04-ROCE-Leaf-6.GPU.S9825,FourHundredGigE1/0/61,78298,308443048,118078,408144868,0.71,0.95
2024/05/24 星期五 00:22:35.478,1716481355478,NH-DC-NM129-D04-ROCE-Leaf-6.GPU.S9825,FourHundredGigE1/0/61,0,0,0,0,0,0
2024/05/24 星期五 00:22:35.978,1716481355978,NH-DC-NM129-D04-ROCE-Leaf-6.GPU.S9825,FourHundredGigE1/0/61,303592,1172758128,383123,1512023094,2.92,3.78
2024/05/24 星期五 00:22:36.481,1716481356481,NH-DC-NM129-D04-ROCE-Leaf-6.GPU.S9825,FourHundredGigE1/0/61,150326,551127508,120948,459554136,1.37,1.12
2024/05/24 星期五 00:22:37.147,1716481357147,NH-DC-NM129-D04-ROCE-Leaf-6.GPU.S9825,FourHundredGigE1/0/61,0,0,0,0,0,0
2024/05/24 星期五 00:22:37.708,1716481357708,NH-DC-NM129-D04-ROCE-Leaf-6.GPU.S9825,FourHundredGigE1/0/61,0,0,0,0,0,0
2024/05/24 星期五 00:22:38.211,1716481358211,NH-DC-NM129-D04-ROCE-Leaf-6.GPU.S9825,FourHundredGigE1/0/61,263084,1030714647,150696,568866848,2.56,1.39
2024/05/24 星期五 00:22:38.839,1716481358839,NH-DC-NM129-D04-ROCE-Leaf-6.GPU.S9825,FourHundredGigE1/0/61,289324,1107591356,170722,607948584,2.19,1.19
2024/05/24 星期五 00:22:39.380,1716481359380,NH-DC-NM129-D04-ROCE-Leaf-6.GPU.S9825,FourHundredGigE1/0/61,0,0,0,0,0,0
2024/05/24 星期五 00:22:39.880,1716481359880,NH-DC-NM129-D04-ROCE-Leaf-6.GPU.S9825,FourHundredGigE1/0/61,222143,721322420,203148,740922968,1.8,1.85
2024/05/24 星期五 00:22:40.647,1716481360647,NH-DC-NM129-D04-ROCE-Leaf-6.GPU.S9825,FourHundredGigE1/0/61,239828,774660672,206239,786094254,1.25,1.27
2024/05/24 星期五 00:22:41.246,1716481361246,NH-DC-NM129-D04-ROCE-Leaf-6.GPU.S9825,FourHundredGigE1/0/61,0,0,0,0,0,0
2024/05/24 星期五 00:22:42.117,1716481362117,NH-DC-NM129-D04-ROCE-Leaf-6.GPU.S9825,FourHundredGigE1/0/61,352580,1132555754,138775,509350914,1.62,0.72
2024/05/24 星期五 00:22:42.892,1716481362892,NH-DC-NM129-D04-ROCE-Leaf-6.GPU.S9825,FourHundredGigE1/0/61,211998,633836010,180175,650162930,1.02,1.05
2024/05/24 星期五 00:22:43.423,1716481363423,NH-DC-NM129-D04-ROCE-Leaf-6.GPU.S9825,FourHundredGigE1/0/61,288689,1082418804,183607,682549326,2.54,1.60
2024/05/24 星期五 00:22:44.194,1716481364194,NH-DC-NM129-D04-ROCE-Leaf-6.GPU.S9825,FourHundredGigE1/0/61,0,0,0,0,0,0
2024/05/24 星期五 00:22:44.819,1716481364819,NH-DC-NM129-D04-ROCE-Leaf-6.GPU.S9825,FourHundredGigE1/0/61,88756,330163340,56079,173794658,0.66,0.34
2024/05/24 星期五 00:22:45.321,1716481365321,NH-DC-NM129-D04-ROCE-Leaf-6.GPU.S9825,FourHundredGigE1/0/61,0,0,0,0,0,0
2024/05/24 星期五 00:22:45.968,1716481365968,NH-DC-NM129-D04-ROCE-Leaf-6.GPU.S9825,FourHundredGigE1/0/61,174050,419936624,151679,596755090,0.79,1.14
2024/05/24 星期五 00:22:46.693,1716481366693,NH-DC-NM129-D04-ROCE-Leaf-6.GPU.S9825,FourHundredGigE1/0/61,152119,579115214,707630,2875857204,0.98,4.95
2024/05/24 星期五 00:22:47.471,1716481367471,NH-DC-NM129-D04-ROCE-Leaf-6.GPU.S9825,FourHundredGigE1/0/61,0,0,0,0,0,0
2024/05/24 星期五 00:22:48.049,1716481368049,NH-DC-NM129-D04-ROCE-Leaf-6.GPU.S9825,FourHundredGigE1/0/61,230839,894322666,176367,640473294,1.92,1.38
2024/05/24 星期五 00:22:48.549,1716481368549,NH-DC-NM129-D04-ROCE-Leaf-6.GPU.S9825,FourHundredGigE1/0/61,276698,1046597676,250860,946063796,2.6,2.35
2024/05/24 星期五 00:22:49.277,1716481369277,NH-DC-NM129-D04-ROCE-Leaf-6.GPU.S9825,FourHundredGigE1/0/61,0,0,0,0,0,0
2024/05/24 星期五 00:22:49.881,1716481369881,NH-DC-NM129-D04-ROCE-Leaf-6.GPU.S9825,FourHundredGigE1/0/61,387040,1556715230,192077,720053458,3.21,1.49
2024/05/24 星期五 00:22:50.429,1716481370429,NH-DC-NM129-D04-ROCE-Leaf-6.GPU.S9825,FourHundredGigE1/0/61,0,0,0,0,0,0
2024/05/24 星期五 00:22:51.086,1716481371086,NH-DC-NM129-D04-ROCE-Leaf-6.GPU.S9825,FourHundredGigE1/0/61,224080,857558070,149411,562248806,1.62,1.07
2024/05/24 星期五 00:22:51.674,1716481371674,NH-DC-NM129-D04-ROCE-Leaf-6.GPU.S9825,FourHundredGigE1/0/61,0,0,0,0,0,0
2024/05/24 星期五 00:22:52.175,1716481372175,NH-DC-NM129-D04-ROCE-Leaf-6.GPU.S9825,FourHundredGigE1/0/61,244906,871329792,166737,546363554,2.17,1.35
2024/05/24 星期五 00:22:52.882,1716481372882,NH-DC-NM129-D04-ROCE-Leaf-6.GPU.S9825,FourHundredGigE1/0/61,180072,689870672,226912,867546028,1.20,1.52
2024/05/24 星期五 00:22:53.561,1716481373561,NH-DC-NM129-D04-ROCE-Leaf-6.GPU.S9825,FourHundredGigE1/0/61,372778,1493201004,199915,783489694,2.74,1.44
2024/05/24 星期五 00:22:57.520,1716481377520,NH-DC-NM129-D04-ROCE-Leaf-6.GPU.S9825,FourHundredGigE1/0/61,585837,2366151894,845643,3375658922,0.75,1.06
2024/05/24 星期五 00:22:58.022,1716481378022,NH-DC-NM129-D04-ROCE-Leaf-6.GPU.S9825,FourHundredGigE1/0/61,39427,111144630,120099,481664326,0.27,1.20
2024/05/24 星期五 00:22:58.568,1716481378568,NH-DC-NM129-D04-ROCE-Leaf-6.GPU.S9825,FourHundredGigE1/0/61,0,0,0,0,0,0
2024/05/24 星期五 00:22:59.210,1716481379210,NH-DC-NM129-D04-ROCE-Leaf-6.GPU.S9825,FourHundredGigE1/0/61,189462,730134892,399050,1618989992,1.42,3.13
2024/05/24 星期五 00:22:59.929,1716481379929,NH-DC-NM129-D04-ROCE-Leaf-6.GPU.S9825,FourHundredGigE1/0/61,138143,395323950,188094,717385950,0.68,1.23
2024/05/24 星期五 00:23:00.582,1716481380582,NH-DC-NM129-D04-ROCE-Leaf-6.GPU.S9825,FourHundredGigE1/0/61,334718,1315693648,270309,1053813812,2.51,2.01
2024/05/24 星期五 00:23:01.154,1716481381154,NH-DC-NM129-D04-ROCE-Leaf-6.GPU.S9825,FourHundredGigE1/0/61,0,0,0,0,0,0
2024/05/24 星期五 00:23:01.707,1716481381707,NH-DC-NM129-D04-ROCE-Leaf-6.GPU.S9825,FourHundredGigE1/0/61,0,0,0,0,0,0
2024/05/24 星期五 00:23:02.354,1716481382354,NH-DC-NM129-D04-ROCE-Leaf-6.GPU.S9825,FourHundredGigE1/0/61,987403,3812754123,739160,2640600788,7.36,5.10
2024/05/24 星期五 00:23:04.442,1716481384442,NH-DC-NM129-D04-ROCE-Leaf-6.GPU.S9825,FourHundredGigE1/0/61,0,0,0,0,0,0
2024/05/24 星期五 00:23:05.158,1716481385158,NH-DC-NM129-D04-ROCE-Leaf-6.GPU.S9825,FourHundredGigE1/0/61,153735,573662358,186443,697952390,1.00,1.20
2024/05/24 星期五 00:23:05.674,1716481385674,NH-DC-NM129-D04-ROCE-Leaf-6.GPU.S9825,FourHundredGigE1/0/61,0,0,0,0,0,0
2024/05/24 星期五 00:23:06.193,1716481386193,NH-DC-NM129-D04-ROCE-Leaf-6.GPU.S9825,FourHundredGigE1/0/61,167332,633392788,387763,1559730070,1.52,3.73
2024/05/24 星期五 00:23:06.937,1716481386937,NH-DC-NM129-D04-ROCE-Leaf-6.GPU.S9825,FourHundredGigE1/0/61,89325,349225950,96074,329329680,0.57,0.54
2024/05/24 星期五 00:23:07.455,1716481387455,NH-DC-NM129-D04-ROCE-Leaf-6.GPU.S9825,FourHundredGigE1/0/61,0,0,0,0,0,0
2024/05/24 星期五 00:23:08.039,1716481388039,NH-DC-NM129-D04-ROCE-Leaf-6.GPU.S9825,FourHundredGigE1/0/61,162900,612135235,224834,891187068,1.31,1.90
2024/05/24 星期五 00:23:08.611,1716481388611,NH-DC-NM129-D04-ROCE-Leaf-6.GPU.S9825,FourHundredGigE1/0/61,0,0,0,0,0,0
2024/05/24 星期五 00:23:09.110,1716481389110,NH-DC-NM129-D04-ROCE-Leaf-6.GPU.S9825,FourHundredGigE1/0/61,136855,532440642,93559,352914658,1.33,0.88
2024/05/24 星期五 00:23:09.611,1716481389611,NH-DC-NM129-D04-ROCE-Leaf-6.GPU.S9825,FourHundredGigE1/0/61,0,0,0,0,0,0
2024/05/24 星期五 00:23:10.151,1716481390151,NH-DC-NM129-D04-ROCE-Leaf-6.GPU.S9825,FourHundredGigE1/0/61,292476,1188828992,248074,933640116,2.73,2.15
2024/05/24 星期五 00:23:10.706,1716481390706,NH-DC-NM129-D04-ROCE-Leaf-6.GPU.S9825,FourHundredGigE1/0/61,109273,402715770,151664,565983592,0.90,1.26
2024/05/24 星期五 00:23:11.443,1716481391443,NH-DC-NM129-D04-ROCE-Leaf-6.GPU.S9825,FourHundredGigE1/0/61,0,0,0,0,0,0
2024/05/24 星期五 00:23:12.060,1716481392060,NH-DC-NM129-D04-ROCE-Leaf-6.GPU.S9825,FourHundredGigE1/0/61,291909,1161023430,181228,666792440,2.35,1.34
2024/05/24 星期五 00:23:12.562,1716481392562,NH-DC-NM129-D04-ROCE-Leaf-6.GPU.S9825,FourHundredGigE1/0/61,0,0,0,0,0,0
2024/05/24 星期五 00:23:13.076,1716481393076,NH-DC-NM129-D04-ROCE-Leaf-6.GPU.S9825,FourHundredGigE1/0/61,163188,559078240,193612,740315628,1.34,1.80
2024/05/24 星期五 00:23:13.795,1716481393795,NH-DC-NM129-D04-ROCE-Leaf-6.GPU.S9825,FourHundredGigE1/0/61,393227,1565444566,134764,503967153,2.71,0.87
2024/05/24 星期五 00:23:14.462,1716481394462,NH-DC-NM129-D04-ROCE-Leaf-6.GPU.S9825,FourHundredGigE1/0/61,0,0,0,0,0,0
2024/05/24 星期五 00:23:15.155,1716481395155,NH-DC-NM129-D04-ROCE-Leaf-6.GPU.S9825,FourHundredGigE1/0/61,406033,1629189106,242091,875384818,2.92,1.57
2024/05/24 星期五 00:23:15.717,1716481395717,NH-DC-NM129-D04-ROCE-Leaf-6.GPU.S9825,FourHundredGigE1/0/61,0,0,0,0,0,0
2024/05/24 星期五 00:23:16.218,1716481396218,NH-DC-NM129-D04-ROCE-Leaf-6.GPU.S9825,FourHundredGigE1/0/61,163445,635889658,184950,660242112,1.57,1.65
2024/05/24 星期五 00:23:16.763,1716481396763,NH-DC-NM129-D04-ROCE-Leaf-6.GPU.S9825,FourHundredGigE1/0/61,219234,821839344,218257,825298582,1.88,1.88
2024/05/24 星期五 00:23:17.354,1716481397354,NH-DC-NM129-D04-ROCE-Leaf-6.GPU.S9825,FourHundredGigE1/0/61,0,0,0,0,0,0
2024/05/24 星期五 00:23:17.857,1716481397857,NH-DC-NM129-D04-ROCE-Leaf-6.GPU.S9825,FourHundredGigE1/0/61,122186,406713188,180221,648024738,0.99,1.59
2024/05/24 星期五 00:23:18.481,1716481398481,NH-DC-NM129-D04-ROCE-Leaf-6.GPU.S9825,FourHundredGigE1/0/61,0,0,0,0,0,0
2024/05/24 星期五 00:23:19.082,1716481399082,NH-DC-NM129-D04-ROCE-Leaf-6.GPU.S9825,FourHundredGigE1/0/61,420209,1521056878,526942,2050837812,3.16,4.26
2024/05/24 星期五 00:23:19.585,1716481399585,NH-DC-NM129-D04-ROCE-Leaf-6.GPU.S9825,FourHundredGigE1/0/61,0,0,0,0,0,0
2024/05/24 星期五 00:23:20.086,1716481400086,NH-DC-NM129-D04-ROCE-Leaf-6.GPU.S9825,FourHundredGigE1/0/61,129631,475906918,169235,603039916,1.17,1.50
2024/05/24 星期五 00:23:20.773,1716481400773,NH-DC-NM129-D04-ROCE-Leaf-6.GPU.S9825,FourHundredGigE1/0/61,150916,599275656,74577,212587877,1.07,0.38
2024/05/24 星期五 00:23:21.369,1716481401369,NH-DC-NM129-D04-ROCE-Leaf-6.GPU.S9825,FourHundredGigE1/0/61,0,0,0,0,0,0
2024/05/24 星期五 00:23:22.083,1716481402083,NH-DC-NM129-D04-ROCE-Leaf-6.GPU.S9825,FourHundredGigE1/0/61,187130,693678706,105087,350750806,1.21,0.61
2024/05/24 星期五 00:23:22.611,1716481402611,NH-DC-NM129-D04-ROCE-Leaf-6.GPU.S9825,FourHundredGigE1/0/61,0,0,0,0,0,0
2024/05/24 星期五 00:23:23.114,1716481403114,NH-DC-NM129-D04-ROCE-Leaf-6.GPU.S9825,FourHundredGigE1/0/61,200760,710485782,369991,1450550834,1.76,3.60
2024/05/24 星期五 00:23:23.661,1716481403661,NH-DC-NM129-D04-ROCE-Leaf-6.GPU.S9825,FourHundredGigE1/0/61,154939,585560090,134258,481270588,1.33,1.10
2024/05/24 星期五 00:23:24.293,1716481404293,NH-DC-NM129-D04-ROCE-Leaf-6.GPU.S9825,FourHundredGigE1/0/61,0,0,0,0,0,0
2024/05/24 星期五 00:23:24.942,1716481404942,NH-DC-NM129-D04-ROCE-Leaf-6.GPU.S9825,FourHundredGigE1/0/61,78174,294307672,181985,683056394,0.56,1.31
2024/05/24 星期五 00:23:25.586,1716481405586,NH-DC-NM129-D04-ROCE-Leaf-6.GPU.S9825,FourHundredGigE1/0/61,0,0,0,0,0,0
2024/05/24 星期五 00:23:26.093,1716481406093,NH-DC-NM129-D04-ROCE-Leaf-6.GPU.S9825,FourHundredGigE1/0/61,355420,1406753688,294026,1171240968,3.45,2.88
2024/05/24 星期五 00:23:26.593,1716481406593,NH-DC-NM129-D04-ROCE-Leaf-6.GPU.S9825,FourHundredGigE1/0/61,0,0,0,0,0,0
2024/05/24 星期五 00:23:27.093,1716481407093,NH-DC-NM129-D04-ROCE-Leaf-6.GPU.S9825,FourHundredGigE1/0/61,125786,487170020,128241,449877910,1.2,1.1
2024/05/24 星期五 00:23:27.680,1716481407680,NH-DC-NM129-D04-ROCE-Leaf-6.GPU.S9825,FourHundredGigE1/0/61,0,0,0,0,0,0
2024/05/24 星期五 00:23:28.170,1716481408170,NH-DC-NM129-D04-ROCE-Leaf-6.GPU.S9825,FourHundredGigE1/0/61,199369,757068190,112586,380175516,1.91,0.97
2024/05/24 星期五 00:23:28.892,1716481408892,NH-DC-NM129-D04-ROCE-Leaf-6.GPU.S9825,FourHundredGigE1/0/61,144415,509882590,176436,665413724,0.87,1.14
2024/05/24 星期五 00:23:29.394,1716481409394,NH-DC-NM129-D04-ROCE-Leaf-6.GPU.S9825,FourHundredGigE1/0/61,0,0,0,0,0,0
2024/05/24 星期五 00:23:29.897,1716481409897,NH-DC-NM129-D04-ROCE-Leaf-6.GPU.S9825,FourHundredGigE1/0/61,403656,1539045384,577721,2340068824,3.80,5.82
2024/05/24 星期五 00:23:30.415,1716481410415,NH-DC-NM129-D04-ROCE-Leaf-6.GPU.S9825,FourHundredGigE1/0/61,0,0,0,0,0,0
2024/05/24 星期五 00:23:31.067,1716481411067,NH-DC-NM129-D04-ROCE-Leaf-6.GPU.S9825,FourHundredGigE1/0/61,125098,471214598,146778,547966674,0.90,1.04
2024/05/24 星期五 00:23:31.745,1716481411745,NH-DC-NM129-D04-ROCE-Leaf-6.GPU.S9825,FourHundredGigE1/0/61,30388,111456398,124286,385080084,0.20,0.70
2024/05/24 星期五 00:23:32.627,1716481412627,NH-DC-NM129-D04-ROCE-Leaf-6.GPU.S9825,FourHundredGigE1/0/61,0,0,0,0,0,0
2024/05/24 星期五 00:23:33.150,1716481413150,NH-DC-NM129-D04-ROCE-Leaf-6.GPU.S9825,FourHundredGigE1/0/61,472980,1725007432,496644,1856492276,4.11,4.42
2024/05/24 星期五 00:23:33.665,1716481413665,NH-DC-NM129-D04-ROCE-Leaf-6.GPU.S9825,FourHundredGigE1/0/61,0,0,0,0,0,0
2024/05/24 星期五 00:23:34.627,1716481414627,NH-DC-NM129-D04-ROCE-Leaf-6.GPU.S9825,FourHundredGigE1/0/61,1236978,4630433710,292693,1121879022,6.02,1.46
2024/05/24 星期五 00:23:35.315,1716481415315,NH-DC-NM129-D04-ROCE-Leaf-6.GPU.S9825,FourHundredGigE1/0/61,0,0,0,0,0,0
2024/05/24 星期五 00:23:35.919,1716481415919,NH-DC-NM129-D04-ROCE-Leaf-6.GPU.S9825,FourHundredGigE1/0/61,46414,130630354,129453,485222814,0.27,0.99
2024/05/24 星期五 00:23:36.423,1716481416423,NH-DC-NM129-D04-ROCE-Leaf-6.GPU.S9825,FourHundredGigE1/0/61,0,0,0,0,0,0
2024/05/24 星期五 00:23:36.925,1716481416925,NH-DC-NM129-D04-ROCE-Leaf-6.GPU.S9825,FourHundredGigE1/0/61,482278,1804962856,273754,809535232,4.48,1.99
2024/05/24 星期五 00:23:37.458,1716481417458,NH-DC-NM129-D04-ROCE-Leaf-6.GPU.S9825,FourHundredGigE1/0/61,0,0,0,0,0,0
2024/05/24 星期五 00:23:37.960,1716481417960,NH-DC-NM129-D04-ROCE-Leaf-6.GPU.S9825,FourHundredGigE1/0/61,278853,1057158441,321368,1146205068,2.61,2.84
2024/05/24 星期五 00:23:38.665,1716481418665,NH-DC-NM129-D04-ROCE-Leaf-6.GPU.S9825,FourHundredGigE1/0/61,292209,1160081354,216929,876529278,2.06,1.54
2024/05/24 星期五 00:23:39.282,1716481419282,NH-DC-NM129-D04-ROCE-Leaf-6.GPU.S9825,FourHundredGigE1/0/61,0,0,0,0,0,0
2024/05/24 星期五 00:23:39.781,1716481419781,NH-DC-NM129-D04-ROCE-Leaf-6.GPU.S9825,FourHundredGigE1/0/61,0,0,0,0,0,0
2024/05/24 星期五 00:23:40.282,1716481420282,NH-DC-NM129-D04-ROCE-Leaf-6.GPU.S9825,FourHundredGigE1/0/61,552626,2087742196,225812,895672336,5.19,2.22
2024/05/24 星期五 00:23:40.871,1716481420871,NH-DC-NM129-D04-ROCE-Leaf-6.GPU.S9825,FourHundredGigE1/0/61,398768,1524034608,128404,483874072,3.23,1.02
2024/05/24 星期五 00:23:41.592,1716481421592,NH-DC-NM129-D04-ROCE-Leaf-6.GPU.S9825,FourHundredGigE1/0/61,321461,1287857816,107426,428451276,2.22,0.73
2024/05/24 星期五 00:23:42.665,1716481422665,NH-DC-NM129-D04-ROCE-Leaf-6.GPU.S9825,FourHundredGigE1/0/61,273378,1096231854,378881,1503289530,1.27,1.75
2024/05/24 星期五 00:23:43.165,1716481423165,NH-DC-NM129-D04-ROCE-Leaf-6.GPU.S9825,FourHundredGigE1/0/61,0,0,0,0,0,0
2024/05/24 星期五 00:23:43.665,1716481423665,NH-DC-NM129-D04-ROCE-Leaf-6.GPU.S9825,FourHundredGigE1/0/61,313140,1158004874,270789,1026570286,2.88,2.55
2024/05/24 星期五 00:23:44.382,1716481424382,NH-DC-NM129-D04-ROCE-Leaf-6.GPU.S9825,FourHundredGigE1/0/61,0,0,0,0,0,0
2024/05/24 星期五 00:23:45.000,1716481425000,NH-DC-NM129-D04-ROCE-Leaf-6.GPU.S9825,FourHundredGigE1/0/61,222696,850239100,159029,594966756,1.72,1.19
2024/05/24 星期五 00:23:45.656,1716481425656,NH-DC-NM129-D04-ROCE-Leaf-6.GPU.S9825,FourHundredGigE1/0/61,152119,574500576,175079,677875728,1.09,1.28
2024/05/24 星期五 00:23:46.400,1716481426400,NH-DC-NM129-D04-ROCE-Leaf-6.GPU.S9825,FourHundredGigE1/0/61,0,0,0,0,0,0
2024/05/24 星期五 00:23:47.001,1716481427001,NH-DC-NM129-D04-ROCE-Leaf-6.GPU.S9825,FourHundredGigE1/0/61,174671,645852026,124809,459424094,1.33,0.94
2024/05/24 星期五 00:23:47.566,1716481427566,NH-DC-NM129-D04-ROCE-Leaf-6.GPU.S9825,FourHundredGigE1/0/61,0,0,0,0,0,0
2024/05/24 星期五 00:23:48.131,1716481428131,NH-DC-NM129-D04-ROCE-Leaf-6.GPU.S9825,FourHundredGigE1/0/61,53668,154799928,162179,565636618,0.33,1.24
2024/05/24 星期五 00:23:48.633,1716481428633,NH-DC-NM129-D04-ROCE-Leaf-6.GPU.S9825,FourHundredGigE1/0/61,140037,533799255,221660,864837200,1.32,2.14
2024/05/24 星期五 00:23:49.434,1716481429434,NH-DC-NM129-D04-ROCE-Leaf-6.GPU.S9825,FourHundredGigE1/0/61,0,0,0,0,0,0
2024/05/24 星期五 00:23:49.935,1716481429935,NH-DC-NM129-D04-ROCE-Leaf-6.GPU.S9825,FourHundredGigE1/0/61,133317,479414734,105079,389355134,1.17,0.95
2024/05/24 星期五 00:23:50.442,1716481430442,NH-DC-NM129-D04-ROCE-Leaf-6.GPU.S9825,FourHundredGigE1/0/61,0,0,0,0,0,0
2024/05/24 星期五 00:23:50.959,1716481430959,NH-DC-NM129-D04-ROCE-Leaf-6.GPU.S9825,FourHundredGigE1/0/61,291569,1151962056,463902,1864537212,2.78,4.50
2024/05/24 星期五 00:23:51.544,1716481431544,NH-DC-NM129-D04-ROCE-Leaf-6.GPU.S9825,FourHundredGigE1/0/61,0,0,0,0,0,0
2024/05/24 星期五 00:23:52.046,1716481432046,NH-DC-NM129-D04-ROCE-Leaf-6.GPU.S9825,FourHundredGigE1/0/61,157802,625360310,203746,776013008,1.54,1.92
2024/05/24 星期五 00:23:52.902,1716481432902,NH-DC-NM129-D04-ROCE-Leaf-6.GPU.S9825,FourHundredGigE1/0/61,91774,339636132,308419,1142023462,0.48,1.66
2024/05/24 星期五 00:23:53.481,1716481433481,NH-DC-NM129-D04-ROCE-Leaf-6.GPU.S9825,FourHundredGigE1/0/61,0,0,0,0,0,0
2024/05/24 星期五 00:23:53.983,1716481433983,NH-DC-NM129-D04-ROCE-Leaf-6.GPU.S9825,FourHundredGigE1/0/61,303590,1162296196,395401,1526076974,2.89,3.78
2024/05/24 星期五 00:23:54.603,1716481434603,NH-DC-NM129-D04-ROCE-Leaf-6.GPU.S9825,FourHundredGigE1/0/61,603956,2374128396,161596,607598152,4.78,1.21
2024/05/24 星期五 00:23:55.413,1716481435413,NH-DC-NM129-D04-ROCE-Leaf-6.GPU.S9825,FourHundredGigE1/0/61,0,0,0,0,0,0
2024/05/24 星期五 00:23:56.127,1716481436127,NH-DC-NM129-D04-ROCE-Leaf-6.GPU.S9825,FourHundredGigE1/0/61,226873,870790806,100464,380437352,1.52,0.67
2024/05/24 星期五 00:23:56.779,1716481436779,NH-DC-NM129-D04-ROCE-Leaf-6.GPU.S9825,FourHundredGigE1/0/61,118780,312002144,86937,303452934,0.59,0.58
2024/05/24 星期五 00:23:57.321,1716481437321,NH-DC-NM129-D04-ROCE-Leaf-6.GPU.S9825,FourHundredGigE1/0/61,0,0,0,0,0,0
2024/05/24 星期五 00:23:57.835,1716481437835,NH-DC-NM129-D04-ROCE-Leaf-6.GPU.S9825,FourHundredGigE1/0/61,139890,504035698,150582,579488936,1.22,1.39
2024/05/24 星期五 00:23:58.425,1716481438425,NH-DC-NM129-D04-ROCE-Leaf-6.GPU.S9825,FourHundredGigE1/0/61,0,0,0,0,0,0
2024/05/24 星期五 00:23:59.102,1716481439102,NH-DC-NM129-D04-ROCE-Leaf-6.GPU.S9825,FourHundredGigE1/0/61,279270,1116652630,128276,432855916,2.05,0.79
2024/05/24 星期五 00:23:59.827,1716481439827,NH-DC-NM129-D04-ROCE-Leaf-6.GPU.S9825,FourHundredGigE1/0/61,95003,341926166,113507,422661370,0.59,0.72
2024/05/24 星期五 00:24:00.376,1716481440376,NH-DC-NM129-D04-ROCE-Leaf-6.GPU.S9825,FourHundredGigE1/0/61,0,0,0,0,0,0
2024/05/24 星期五 00:24:00.878,1716481440878,NH-DC-NM129-D04-ROCE-Leaf-6.GPU.S9825,FourHundredGigE1/0/61,62124,221407692,334832,1361221156,0.55,3.39
2024/05/24 星期五 00:24:01.398,1716481441398,NH-DC-NM129-D04-ROCE-Leaf-6.GPU.S9825,FourHundredGigE1/0/61,0,0,0,0,0,0
2024/05/24 星期五 00:24:02.015,1716481442015,NH-DC-NM129-D04-ROCE-Leaf-6.GPU.S9825,FourHundredGigE1/0/61,417258,1620978840,461834,1814852620,3.28,3.67
2024/05/24 星期五 00:24:03.772,1716481443772,NH-DC-NM129-D04-ROCE-Leaf-6.GPU.S9825,FourHundredGigE1/0/61,188647,747643314,217945,863591314,0.53,0.61
2024/05/24 星期五 00:24:04.720,1716481444720,NH-DC-NM129-D04-ROCE-Leaf-6.GPU.S9825,FourHundredGigE1/0/61,447926,1720599364,121183,455915514,2.27,0.59
2024/05/24 星期五 00:24:05.318,1716481445318,NH-DC-NM129-D04-ROCE-Leaf-6.GPU.S9825,FourHundredGigE1/0/61,0,0,0,0,0,0
2024/05/24 星期五 00:24:05.942,1716481445942,NH-DC-NM129-D04-ROCE-Leaf-6.GPU.S9825,FourHundredGigE1/0/61,455048,1771796072,544865,2230280554,3.55,4.47
2024/05/24 星期五 00:24:06.440,1716481446440,NH-DC-NM129-D04-ROCE-Leaf-6.GPU.S9825,FourHundredGigE1/0/61,329486,1281585976,233640,927089436,3.21,2.31
2024/05/24 星期五 00:24:07.187,1716481447187,NH-DC-NM129-D04-ROCE-Leaf-6.GPU.S9825,FourHundredGigE1/0/61,0,0,0,0,0,0
2024/05/24 星期五 00:24:07.746,1716481447746,NH-DC-NM129-D04-ROCE-Leaf-6.GPU.S9825,FourHundredGigE1/0/61,0,0,0,0,0,0
2024/05/24 星期五 00:24:08.246,1716481448246,NH-DC-NM129-D04-ROCE-Leaf-6.GPU.S9825,FourHundredGigE1/0/61,145464,510884323,229273,870125282,1.28,2.18
2024/05/24 星期五 00:24:08.823,1716481448823,NH-DC-NM129-D04-ROCE-Leaf-6.GPU.S9825,FourHundredGigE1/0/61,193799,734839018,230681,831235118,1.58,1.80
2024/05/24 星期五 00:24:09.435,1716481449435,NH-DC-NM129-D04-ROCE-Leaf-6.GPU.S9825,FourHundredGigE1/0/61,0,0,0,0,0,0
2024/05/24 星期五 00:24:09.933,1716481449933,NH-DC-NM129-D04-ROCE-Leaf-6.GPU.S9825,FourHundredGigE1/0/61,276510,1074043180,299721,1210649414,2.69,3.04
2024/05/24 星期五 00:24:10.706,1716481450706,NH-DC-NM129-D04-ROCE-Leaf-6.GPU.S9825,FourHundredGigE1/0/61,194840,742687264,204614,785896336,1.20,1.26
2024/05/24 星期五 00:24:11.335,1716481451335,NH-DC-NM129-D04-ROCE-Leaf-6.GPU.S9825,FourHundredGigE1/0/61,0,0,0,0,0,0
2024/05/24 星期五 00:24:11.838,1716481451838,NH-DC-NM129-D04-ROCE-Leaf-6.GPU.S9825,FourHundredGigE1/0/61,157178,593794932,215319,834969170,1.47,2.06
2024/05/24 星期五 00:24:12.433,1716481452433,NH-DC-NM129-D04-ROCE-Leaf-6.GPU.S9825,FourHundredGigE1/0/61,0,0,0,0,0,0
2024/05/24 星期五 00:24:13.040,1716481453040,NH-DC-NM129-D04-ROCE-Leaf-6.GPU.S9825,FourHundredGigE1/0/61,193108,762991264,183271,710313922,1.57,1.46
2024/05/24 星期五 00:24:13.541,1716481453541,NH-DC-NM129-D04-ROCE-Leaf-6.GPU.S9825,FourHundredGigE1/0/61,118177,455376850,134115,521497222,1.12,1.30
2024/05/24 星期五 00:24:14.376,1716481454376,NH-DC-NM129-D04-ROCE-Leaf-6.GPU.S9825,FourHundredGigE1/0/61,0,0,0,0,0,0
2024/05/24 星期五 00:24:15.323,1716481455323,NH-DC-NM129-D04-ROCE-Leaf-6.GPU.S9825,FourHundredGigE1/0/61,39200,126691332,289495,1163646678,0.16,1.53
2024/05/24 星期五 00:24:15.840,1716481455840,NH-DC-NM129-D04-ROCE-Leaf-6.GPU.S9825,FourHundredGigE1/0/61,60621,215781698,55536,207238760,0.51,0.48
2024/05/24 星期五 00:24:16.412,1716481456412,NH-DC-NM129-D04-ROCE-Leaf-6.GPU.S9825,FourHundredGigE1/0/61,0,0,0,0,0,0
2024/05/24 星期五 00:24:16.958,1716481456958,NH-DC-NM129-D04-ROCE-Leaf-6.GPU.S9825,FourHundredGigE1/0/61,60472,213472496,144437,545412002,0.48,1.24
2024/05/24 星期五 00:24:17.634,1716481457634,NH-DC-NM129-D04-ROCE-Leaf-6.GPU.S9825,FourHundredGigE1/0/61,138239,462819374,67685,225876574,0.85,0.41
2024/05/24 星期五 00:24:18.184,1716481458184,NH-DC-NM129-D04-ROCE-Leaf-6.GPU.S9825,FourHundredGigE1/0/61,0,0,0,0,0,0
2024/05/24 星期五 00:24:18.714,1716481458714,NH-DC-NM129-D04-ROCE-Leaf-6.GPU.S9825,FourHundredGigE1/0/61,0,0,0,0,0,0
2024/05/24 星期五 00:24:19.217,1716481459217,NH-DC-NM129-D04-ROCE-Leaf-6.GPU.S9825,FourHundredGigE1/0/61,191326,713938952,197753,744178910,1.76,1.84
2024/05/24 星期五 00:24:19.797,1716481459797,NH-DC-NM129-D04-ROCE-Leaf-6.GPU.S9825,FourHundredGigE1/0/61,361156,1440983312,218106,782106644,3.10,1.68
2024/05/24 星期五 00:24:20.297,1716481460297,NH-DC-NM129-D04-ROCE-Leaf-6.GPU.S9825,FourHundredGigE1/0/61,0,0,0,0,0,0
2024/05/24 星期五 00:24:20.989,1716481460989,NH-DC-NM129-D04-ROCE-Leaf-6.GPU.S9825,FourHundredGigE1/0/61,88863,278125762,128998,488603740,0.49,0.87
2024/05/24 星期五 00:24:21.575,1716481461575,NH-DC-NM129-D04-ROCE-Leaf-6.GPU.S9825,FourHundredGigE1/0/61,0,0,0,0,0,0
2024/05/24 星期五 00:24:22.076,1716481462076,NH-DC-NM129-D04-ROCE-Leaf-6.GPU.S9825,FourHundredGigE1/0/61,184230,653128672,114529,409493054,1.62,1.00
2024/05/24 星期五 00:24:23.357,1716481463357,NH-DC-NM129-D04-ROCE-Leaf-6.GPU.S9825,FourHundredGigE1/0/61,157091,610642486,221296,863619024,0.60,0.84
2024/05/24 星期五 00:24:23.867,1716481463867,NH-DC-NM129-D04-ROCE-Leaf-6.GPU.S9825,FourHundredGigE1/0/61,904542,3716098848,584672,2367545388,9.09,5.78
2024/05/24 星期五 00:24:24.481,1716481464481,NH-DC-NM129-D04-ROCE-Leaf-6.GPU.S9825,FourHundredGigE1/0/61,0,0,0,0,0,0
2024/05/24 星期五 00:24:25.074,1716481465074,NH-DC-NM129-D04-ROCE-Leaf-6.GPU.S9825,FourHundredGigE1/0/61,404667,1629967058,246992,688525440,3.41,1.43
2024/05/24 星期五 00:24:25.647,1716481465647,NH-DC-NM129-D04-ROCE-Leaf-6.GPU.S9825,FourHundredGigE1/0/61,0,0,0,0,0,0
2024/05/24 星期五 00:24:26.147,1716481466147,NH-DC-NM129-D04-ROCE-Leaf-6.GPU.S9825,FourHundredGigE1/0/61,84231,330025038,264700,820652776,0.82,2.05
2024/05/24 星期五 00:24:26.687,1716481466687,NH-DC-NM129-D04-ROCE-Leaf-6.GPU.S9825,FourHundredGigE1/0/61,225988,916382474,485467,1821750038,2.11,4.21
2024/05/24 星期五 00:24:27.274,1716481467274,NH-DC-NM129-D04-ROCE-Leaf-6.GPU.S9825,FourHundredGigE1/0/61,0,0,0,0,0,0
2024/05/24 星期五 00:24:27.880,1716481467880,NH-DC-NM129-D04-ROCE-Leaf-6.GPU.S9825,FourHundredGigE1/0/61,66311,246564340,488533,1833308654,0.50,3.77
2024/05/24 星期五 00:24:28.497,1716481468497,NH-DC-NM129-D04-ROCE-Leaf-6.GPU.S9825,FourHundredGigE1/0/61,0,0,0,0,0,0
2024/05/24 星期五 00:24:29.109,1716481469109,NH-DC-NM129-D04-ROCE-Leaf-6.GPU.S9825,FourHundredGigE1/0/61,40846,155899528,486091,1808114290,0.31,3.68
2024/05/24 星期五 00:24:29.694,1716481469694,NH-DC-NM129-D04-ROCE-Leaf-6.GPU.S9825,FourHundredGigE1/0/61,247227,976057366,506525,1903467398,2.07,4.06
2024/05/24 星期五 00:24:30.218,1716481470218,NH-DC-NM129-D04-ROCE-Leaf-6.GPU.S9825,FourHundredGigE1/0/61,0,0,0,0,0,0
2024/05/24 星期五 00:24:30.894,1716481470894,NH-DC-NM129-D04-ROCE-Leaf-6.GPU.S9825,FourHundredGigE1/0/61,240355,751919968,234098,878336156,1.39,1.61
2024/05/24 星期五 00:24:31.522,1716481471522,NH-DC-NM129-D04-ROCE-Leaf-6.GPU.S9825,FourHundredGigE1/0/61,0,0,0,0,0,0
2024/05/24 星期五 00:24:32.058,1716481472058,NH-DC-NM129-D04-ROCE-Leaf-6.GPU.S9825,FourHundredGigE1/0/61,582488,2209747834,219759,863421130,5.13,2.01
2024/05/24 星期五 00:24:32.630,1716481472630,NH-DC-NM129-D04-ROCE-Leaf-6.GPU.S9825,FourHundredGigE1/0/61,123440,476044744,230145,914846230,1.03,1.99
2024/05/24 星期五 00:24:33.167,1716481473167,NH-DC-NM129-D04-ROCE-Leaf-6.GPU.S9825,FourHundredGigE1/0/61,0,0,0,0,0,0
2024/05/24 星期五 00:24:33.729,1716481473729,NH-DC-NM129-D04-ROCE-Leaf-6.GPU.S9825,FourHundredGigE1/0/61,464899,1853343462,352160,1379321780,4.11,3.05
2024/05/24 星期五 00:24:34.341,1716481474341,NH-DC-NM129-D04-ROCE-Leaf-6.GPU.S9825,FourHundredGigE1/0/61,0,0,0,0,0,0
2024/05/24 星期五 00:24:34.936,1716481474936,NH-DC-NM129-D04-ROCE-Leaf-6.GPU.S9825,FourHundredGigE1/0/61,237153,934517618,267052,1032017004,1.95,2.16
2024/05/24 星期五 00:24:35.483,1716481475483,NH-DC-NM129-D04-ROCE-Leaf-6.GPU.S9825,FourHundredGigE1/0/61,0,0,0,0,0,0
2024/05/24 星期五 00:24:36.057,1716481476057,NH-DC-NM129-D04-ROCE-Leaf-6.GPU.S9825,FourHundredGigE1/0/61,361864,1422093620,189010,696937376,3.09,1.50
2024/05/24 星期五 00:24:36.668,1716481476668,NH-DC-NM129-D04-ROCE-Leaf-6.GPU.S9825,FourHundredGigE1/0/61,162574,605681684,194687,762537298,1.23,1.55
2024/05/24 星期五 00:24:37.208,1716481477208,NH-DC-NM129-D04-ROCE-Leaf-6.GPU.S9825,FourHundredGigE1/0/61,0,0,0,0,0,0
2024/05/24 星期五 00:24:37.857,1716481477857,NH-DC-NM129-D04-ROCE-Leaf-6.GPU.S9825,FourHundredGigE1/0/61,145370,557741543,403915,1654597862,1.06,3.18
2024/05/24 星期五 00:24:38.414,1716481478414,NH-DC-NM129-D04-ROCE-Leaf-6.GPU.S9825,FourHundredGigE1/0/61,0,0,0,0,0,0
2024/05/24 星期五 00:24:38.994,1716481478994,NH-DC-NM129-D04-ROCE-Leaf-6.GPU.S9825,FourHundredGigE1/0/61,149139,512516422,83413,323374234,1.10,0.69
2024/05/24 星期五 00:24:39.498,1716481479498,NH-DC-NM129-D04-ROCE-Leaf-6.GPU.S9825,FourHundredGigE1/0/61,0,0,0,0,0,0
2024/05/24 星期五 00:24:39.999,1716481479999,NH-DC-NM129-D04-ROCE-Leaf-6.GPU.S9825,FourHundredGigE1/0/61,177613,677602974,90669,283279358,1.67,0.70
2024/05/24 星期五 00:24:40.556,1716481480556,NH-DC-NM129-D04-ROCE-Leaf-6.GPU.S9825,FourHundredGigE1/0/61,0,0,0,0,0,0
2024/05/24 星期五 00:24:41.096,1716481481096,NH-DC-NM129-D04-ROCE-Leaf-6.GPU.S9825,FourHundredGigE1/0/61,434913,1776287558,99766,376546868,4.10,0.86
2024/05/24 星期五 00:24:41.971,1716481481971,NH-DC-NM129-D04-ROCE-Leaf-6.GPU.S9825,FourHundredGigE1/0/61,551315,2237055038,170493,612227534,3.19,0.87
2024/05/24 星期五 00:24:42.915,1716481482915,NH-DC-NM129-D04-ROCE-Leaf-6.GPU.S9825,FourHundredGigE1/0/61,170808,652439742,121983,430040542,0.86,0.57
2024/05/24 星期五 00:24:43.473,1716481483473,NH-DC-NM129-D04-ROCE-Leaf-6.GPU.S9825,FourHundredGigE1/0/61,0,0,0,0,0,0
2024/05/24 星期五 00:24:44.101,1716481484101,NH-DC-NM129-D04-ROCE-Leaf-6.GPU.S9825,FourHundredGigE1/0/61,141024,504302418,128319,483406394,1.00,0.96
2024/05/24 星期五 00:24:44.791,1716481484791,NH-DC-NM129-D04-ROCE-Leaf-6.GPU.S9825,FourHundredGigE1/0/61,192810,742756116,246266,944624732,1.34,1.70
2024/05/24 星期五 00:24:45.370,1716481485370,NH-DC-NM129-D04-ROCE-Leaf-6.GPU.S9825,FourHundredGigE1/0/61,0,0,0,0,0,0
2024/05/24 星期五 00:24:45.886,1716481485886,NH-DC-NM129-D04-ROCE-Leaf-6.GPU.S9825,FourHundredGigE1/0/61,920609,3749930526,256663,994356382,9.06,2.40
2024/05/24 星期五 00:24:46.403,1716481486403,NH-DC-NM129-D04-ROCE-Leaf-6.GPU.S9825,FourHundredGigE1/0/61,2431051,9943167410,185500,733146016,24.03,1.76
2024/05/24 星期五 00:24:47.277,1716481487277,NH-DC-NM129-D04-ROCE-Leaf-6.GPU.S9825,FourHundredGigE1/0/61,0,0,0,0,0,0
2024/05/24 星期五 00:24:49.426,1716481489426,NH-DC-NM129-D04-ROCE-Leaf-6.GPU.S9825,FourHundredGigE1/0/61,1602869,6442323608,1590272,6408935846,3.75,3.72
2024/05/24 星期五 00:24:49.930,1716481489930,NH-DC-NM129-D04-ROCE-Leaf-6.GPU.S9825,FourHundredGigE1/0/61,158783,631878452,1083012,4400218760,1.56,10.91
2024/05/24 星期五 00:24:50.525,1716481490525,NH-DC-NM129-D04-ROCE-Leaf-6.GPU.S9825,FourHundredGigE1/0/61,0,0,0,0,0,0
2024/05/24 星期五 00:24:51.035,1716481491035,NH-DC-NM129-D04-ROCE-Leaf-6.GPU.S9825,FourHundredGigE1/0/61,355527,1359749234,969628,3929367006,3.31,9.61
2024/05/24 星期五 00:24:51.769,1716481491769,NH-DC-NM129-D04-ROCE-Leaf-6.GPU.S9825,FourHundredGigE1/0/61,246309,932031928,1037588,4054480860,1.58,6.90
2024/05/24 星期五 00:24:52.302,1716481492302,NH-DC-NM129-D04-ROCE-Leaf-6.GPU.S9825,FourHundredGigE1/0/61,0,0,0,0,0,0
2024/05/24 星期五 00:24:52.817,1716481492817,NH-DC-NM129-D04-ROCE-Leaf-6.GPU.S9825,FourHundredGigE1/0/61,254811,1049599672,52376,149706844,2.52,0.34
2024/05/24 星期五 00:24:53.354,1716481493354,NH-DC-NM129-D04-ROCE-Leaf-6.GPU.S9825,FourHundredGigE1/0/61,262388,1047327832,190959,736331122,2.42,1.70
2024/05/24 星期五 00:24:54.256,1716481494256,NH-DC-NM129-D04-ROCE-Leaf-6.GPU.S9825,FourHundredGigE1/0/61,0,0,0,0,0,0
2024/05/24 星期五 00:24:54.921,1716481494921,NH-DC-NM129-D04-ROCE-Leaf-6.GPU.S9825,FourHundredGigE1/0/61,167902,596940712,235989,911699498,1.11,1.71
2024/05/24 星期五 00:24:55.670,1716481495670,NH-DC-NM129-D04-ROCE-Leaf-6.GPU.S9825,FourHundredGigE1/0/61,282764,1049141924,218990,801877212,1.74,1.34
2024/05/24 星期五 00:24:56.181,1716481496181,NH-DC-NM129-D04-ROCE-Leaf-6.GPU.S9825,FourHundredGigE1/0/61,0,0,0,0,0,0
2024/05/24 星期五 00:24:56.683,1716481496683,NH-DC-NM129-D04-ROCE-Leaf-6.GPU.S9825,FourHundredGigE1/0/61,241236,932360510,149542,554384556,2.32,1.37
2024/05/24 星期五 00:24:57.381,1716481497381,NH-DC-NM129-D04-ROCE-Leaf-6.GPU.S9825,FourHundredGigE1/0/61,0,0,0,0,0,0
2024/05/24 星期五 00:24:57.895,1716481497895,NH-DC-NM129-D04-ROCE-Leaf-6.GPU.S9825,FourHundredGigE1/0/61,188698,715154810,115541,439423310,1.73,1.05
2024/05/24 星期五 00:24:58.577,1716481498577,NH-DC-NM129-D04-ROCE-Leaf-6.GPU.S9825,FourHundredGigE1/0/61,248599,966432726,280212,1061099692,1.76,1.94
2024/05/24 星期五 00:24:59.209,1716481499209,NH-DC-NM129-D04-ROCE-Leaf-6.GPU.S9825,FourHundredGigE1/0/61,0,0,0,0,0,0
2024/05/24 星期五 00:25:00.433,1716481500433,NH-DC-NM129-D04-ROCE-Leaf-6.GPU.S9825,FourHundredGigE1/0/61,279113,1126900926,143007,519733358,1.14,0.52
2024/05/24 星期五 00:25:01.036,1716481501036,NH-DC-NM129-D04-ROCE-Leaf-6.GPU.S9825,FourHundredGigE1/0/61,134489,457723214,119524,455695404,0.93,0.93
2024/05/24 星期五 00:25:01.621,1716481501621,NH-DC-NM129-D04-ROCE-Leaf-6.GPU.S9825,FourHundredGigE1/0/61,0,0,0,0,0,0
2024/05/24 星期五 00:25:02.122,1716481502122,NH-DC-NM129-D04-ROCE-Leaf-6.GPU.S9825,FourHundredGigE1/0/61,450550,1746262264,395367,1559074426,4.34,3.87
2024/05/24 星期五 00:25:03.789,1716481503789,NH-DC-NM129-D04-ROCE-Leaf-6.GPU.S9825,FourHundredGigE1/0/61,260033,997085894,145660,564823720,0.74,0.42
2024/05/24 星期五 00:25:04.858,1716481504858,NH-DC-NM129-D04-ROCE-Leaf-6.GPU.S9825,FourHundredGigE1/0/61,294235,1139384406,181494,618208496,1.32,0.71
2024/05/24 星期五 00:25:05.395,1716481505395,NH-DC-NM129-D04-ROCE-Leaf-6.GPU.S9825,FourHundredGigE1/0/61,0,0,0,0,0,0
2024/05/24 星期五 00:25:05.968,1716481505968,NH-DC-NM129-D04-ROCE-Leaf-6.GPU.S9825,FourHundredGigE1/0/61,103534,402703452,177613,648126422,0.87,1.40
2024/05/24 星期五 00:25:06.490,1716481506490,NH-DC-NM129-D04-ROCE-Leaf-6.GPU.S9825,FourHundredGigE1/0/61,0,0,0,0,0,0
2024/05/24 星期五 00:25:06.991,1716481506991,NH-DC-NM129-D04-ROCE-Leaf-6.GPU.S9825,FourHundredGigE1/0/61,96825,332747294,197007,763105818,0.82,1.90
2024/05/24 星期五 00:25:07.711,1716481507711,NH-DC-NM129-D04-ROCE-Leaf-6.GPU.S9825,FourHundredGigE1/0/61,215756,798195181,218269,838023562,1.37,1.44
2024/05/24 星期五 00:25:08.359,1716481508359,NH-DC-NM129-D04-ROCE-Leaf-6.GPU.S9825,FourHundredGigE1/0/61,0,0,0,0,0,0
2024/05/24 星期五 00:25:08.892,1716481508892,NH-DC-NM129-D04-ROCE-Leaf-6.GPU.S9825,FourHundredGigE1/0/61,259374,1010382410,38532,112914692,2.37,0.26
2024/05/24 星期五 00:25:09.507,1716481509507,NH-DC-NM129-D04-ROCE-Leaf-6.GPU.S9825,FourHundredGigE1/0/61,0,0,0,0,0,0
2024/05/24 星期五 00:25:10.008,1716481510008,NH-DC-NM129-D04-ROCE-Leaf-6.GPU.S9825,FourHundredGigE1/0/61,103753,388711274,165831,642253486,0.95,1.60
2024/05/24 星期五 00:25:10.510,1716481510510,NH-DC-NM129-D04-ROCE-Leaf-6.GPU.S9825,FourHundredGigE1/0/61,135860,531433388,356409,1329384402,1.32,3.29
2024/05/24 星期五 00:25:11.269,1716481511269,NH-DC-NM129-D04-ROCE-Leaf-6.GPU.S9825,FourHundredGigE1/0/61,118345,367356492,76068,299595128,0.59,0.48
2024/05/24 星期五 00:25:12.142,1716481512142,NH-DC-NM129-D04-ROCE-Leaf-6.GPU.S9825,FourHundredGigE1/0/61,0,0,0,0,0,0
2024/05/24 星期五 00:25:12.643,1716481512643,NH-DC-NM129-D04-ROCE-Leaf-6.GPU.S9825,FourHundredGigE1/0/61,123638,222503774,108783,412756434,0.55,1.02
2024/05/24 星期五 00:25:13.171,1716481513171,NH-DC-NM129-D04-ROCE-Leaf-6.GPU.S9825,FourHundredGigE1/0/61,0,0,0,0,0,0
2024/05/24 星期五 00:25:13.746,1716481513746,NH-DC-NM129-D04-ROCE-Leaf-6.GPU.S9825,FourHundredGigE1/0/61,882987,3271218768,296001,1159382806,7.11,2.5
2024/05/24 星期五 00:25:14.248,1716481514248,NH-DC-NM129-D04-ROCE-Leaf-6.GPU.S9825,FourHundredGigE1/0/61,0,0,0,0,0,0
2024/05/24 星期五 00:25:14.858,1716481514858,NH-DC-NM129-D04-ROCE-Leaf-6.GPU.S9825,FourHundredGigE1/0/61,507723,1873228784,44823,148411506,3.83,0.29
2024/05/24 星期五 00:25:15.731,1716481515731,NH-DC-NM129-D04-ROCE-Leaf-6.GPU.S9825,FourHundredGigE1/0/61,246461,862471610,237438,934374568,1.23,1.33
2024/05/24 星期五 00:25:16.234,1716481516234,NH-DC-NM129-D04-ROCE-Leaf-6.GPU.S9825,FourHundredGigE1/0/61,0,0,0,0,0,0
2024/05/24 星期五 00:25:16.754,1716481516754,NH-DC-NM129-D04-ROCE-Leaf-6.GPU.S9825,FourHundredGigE1/0/61,189956,731887324,184526,708505944,1.75,1.68
2024/05/24 星期五 00:25:17.280,1716481517280,NH-DC-NM129-D04-ROCE-Leaf-6.GPU.S9825,FourHundredGigE1/0/61,0,0,0,0,0,0
2024/05/24 星期五 00:25:17.782,1716481517782,NH-DC-NM129-D04-ROCE-Leaf-6.GPU.S9825,FourHundredGigE1/0/61,253254,992979842,124217,418779162,2.47,1.02
2024/05/24 星期五 00:25:18.286,1716481518286,NH-DC-NM129-D04-ROCE-Leaf-6.GPU.S9825,FourHundredGigE1/0/61,125152,0,0,0,0,0
2024/05/24 星期五 00:25:19.172,1716481519172,NH-DC-NM129-D04-ROCE-Leaf-6.GPU.S9825,FourHundredGigE1/0/61,0,462879846,161130,598248484,0.65,0.83
2024/05/24 星期五 00:25:19.679,1716481519679,NH-DC-NM129-D04-ROCE-Leaf-6.GPU.S9825,FourHundredGigE1/0/61,142597,491843774,311783,1179856566,1.21,2.88
2024/05/24 星期五 00:25:20.198,1716481520198,NH-DC-NM129-D04-ROCE-Leaf-6.GPU.S9825,FourHundredGigE1/0/61,0,0,0,0,0,0
2024/05/24 星期五 00:25:20.781,1716481520781,NH-DC-NM129-D04-ROCE-Leaf-6.GPU.S9825,FourHundredGigE1/0/61,212090,821534996,246491,914087222,1.76,1.95
2024/05/24 星期五 00:25:21.286,1716481521286,NH-DC-NM129-D04-ROCE-Leaf-6.GPU.S9825,FourHundredGigE1/0/61,0,0,0,0,0,0
2024/05/24 星期五 00:25:21.799,1716481521799,NH-DC-NM129-D04-ROCE-Leaf-6.GPU.S9825,FourHundredGigE1/0/61,380270,1495887052,373754,1470342004,3.63,3.58
2024/05/24 星期五 00:25:22.511,1716481522511,NH-DC-NM129-D04-ROCE-Leaf-6.GPU.S9825,FourHundredGigE1/0/61,0,0,0,0,0,0
2024/05/24 星期五 00:25:23.575,1716481523575,NH-DC-NM129-D04-ROCE-Leaf-6.GPU.S9825,FourHundredGigE1/0/61,312726,1219403208,152187,531626530,1.42,0.62
2024/05/24 星期五 00:25:24.091,1716481524091,NH-DC-NM129-D04-ROCE-Leaf-6.GPU.S9825,FourHundredGigE1/0/61,269078,1081473094,190414,673377628,2.62,1.62
2024/05/24 星期五 00:25:24.603,1716481524603,NH-DC-NM129-D04-ROCE-Leaf-6.GPU.S9825,FourHundredGigE1/0/61,0,0,0,0,0,0
2024/05/24 星期五 00:25:25.105,1716481525105,NH-DC-NM129-D04-ROCE-Leaf-6.GPU.S9825,FourHundredGigE1/0/61,348776,1331315130,210571,827600706,3.31,2.04
2024/05/24 星期五 00:25:25.929,1716481525929,NH-DC-NM129-D04-ROCE-Leaf-6.GPU.S9825,FourHundredGigE1/0/61,132357,495748690,498959,1905977634,0.74,2.88
2024/05/24 星期五 00:25:26.466,1716481526466,NH-DC-NM129-D04-ROCE-Leaf-6.GPU.S9825,FourHundredGigE1/0/61,0,0,0,0,0,0
2024/05/24 星期五 00:25:26.967,1716481526967,NH-DC-NM129-D04-ROCE-Leaf-6.GPU.S9825,FourHundredGigE1/0/61,200996,713785080,202892,721604409,1.77,1.80
2024/05/24 星期五 00:25:27.520,1716481527520,NH-DC-NM129-D04-ROCE-Leaf-6.GPU.S9825,FourHundredGigE1/0/61,0,0,0,0,0,0
2024/05/24 星期五 00:25:28.021,1716481528021,NH-DC-NM129-D04-ROCE-Leaf-6.GPU.S9825,FourHundredGigE1/0/61,289738,1052211976,164279,571126854,2.62,1.42
2024/05/24 星期五 00:25:28.557,1716481528557,NH-DC-NM129-D04-ROCE-Leaf-6.GPU.S9825,FourHundredGigE1/0/61,72331,219973966,423653,1689444090,0.49,3.92
2024/05/24 星期五 00:25:29.469,1716481529469,NH-DC-NM129-D04-ROCE-Leaf-6.GPU.S9825,FourHundredGigE1/0/61,0,0,0,0,0,0
2024/05/24 星期五 00:25:29.971,1716481529971,NH-DC-NM129-D04-ROCE-Leaf-6.GPU.S9825,FourHundredGigE1/0/61,86169,301668198,138991,500201302,0.75,1.25
2024/05/24 星期五 00:25:30.541,1716481530541,NH-DC-NM129-D04-ROCE-Leaf-6.GPU.S9825,FourHundredGigE1/0/61,81942,263491676,199974,788048464,0.57,1.71
2024/05/24 星期五 00:25:31.145,1716481531145,NH-DC-NM129-D04-ROCE-Leaf-6.GPU.S9825,FourHundredGigE1/0/61,0,0,0,0,0,0
2024/05/24 星期五 00:25:31.645,1716481531645,NH-DC-NM129-D04-ROCE-Leaf-6.GPU.S9825,FourHundredGigE1/0/61,0,0,0,0,0,0
2024/05/24 星期五 00:25:32.146,1716481532146,NH-DC-NM129-D04-ROCE-Leaf-6.GPU.S9825,FourHundredGigE1/0/61,328576,1303479820,208483,761581442,3.24,1.90
2024/05/24 星期五 00:25:33.069,1716481533069,NH-DC-NM129-D04-ROCE-Leaf-6.GPU.S9825,FourHundredGigE1/0/61,141393,535534444,210440,760692158,0.72,1.03
2024/05/24 星期五 00:25:33.570,1716481533570,NH-DC-NM129-D04-ROCE-Leaf-6.GPU.S9825,FourHundredGigE1/0/61,0,0,0,0,0,0
2024/05/24 星期五 00:25:34.156,1716481534156,NH-DC-NM129-D04-ROCE-Leaf-6.GPU.S9825,FourHundredGigE1/0/61,124629,401523556,96599,356306908,0.85,0.75
2024/05/24 星期五 00:25:34.691,1716481534691,NH-DC-NM129-D04-ROCE-Leaf-6.GPU.S9825,FourHundredGigE1/0/61,0,0,0,0,0,0
2024/05/24 星期五 00:25:35.193,1716481535193,NH-DC-NM129-D04-ROCE-Leaf-6.GPU.S9825,FourHundredGigE1/0/61,212662,834955600,81063,271184218,2.07,0.67
2024/05/24 星期五 00:25:35.694,1716481535694,NH-DC-NM129-D04-ROCE-Leaf-6.GPU.S9825,FourHundredGigE1/0/61,413431,1694535752,398909,1570070850,4.22,3.92
2024/05/24 星期五 00:25:36.482,1716481536482,NH-DC-NM129-D04-ROCE-Leaf-6.GPU.S9825,FourHundredGigE1/0/61,0,0,0,0,0,0
2024/05/24 星期五 00:25:36.983,1716481536983,NH-DC-NM129-D04-ROCE-Leaf-6.GPU.S9825,FourHundredGigE1/0/61,211619,801227104,53714,163635732,2.00,0.40
2024/05/24 星期五 00:25:37.547,1716481537547,NH-DC-NM129-D04-ROCE-Leaf-6.GPU.S9825,FourHundredGigE1/0/61,0,0,0,0,0,0
2024/05/24 星期五 00:25:38.049,1716481538049,NH-DC-NM129-D04-ROCE-Leaf-6.GPU.S9825,FourHundredGigE1/0/61,88729,337377605,134268,485857508,0.82,1.20
2024/05/24 星期五 00:25:38.550,1716481538550,NH-DC-NM129-D04-ROCE-Leaf-6.GPU.S9825,FourHundredGigE1/0/61,0,0,0,0,0,0
2024/05/24 星期五 00:25:39.049,1716481539049,NH-DC-NM129-D04-ROCE-Leaf-6.GPU.S9825,FourHundredGigE1/0/61,224399,851345888,152508,529533160,2.13,1.30
2024/05/24 星期五 00:25:39.857,1716481539857,NH-DC-NM129-D04-ROCE-Leaf-6.GPU.S9825,FourHundredGigE1/0/61,480190,1942200598,301594,1152157824,3.00,1.78
2024/05/24 星期五 00:25:40.432,1716481540432,NH-DC-NM129-D04-ROCE-Leaf-6.GPU.S9825,FourHundredGigE1/0/61,123270,375216494,219549,784540354,0.80,1.70
2024/05/24 星期五 00:25:41.110,1716481541110,NH-DC-NM129-D04-ROCE-Leaf-6.GPU.S9825,FourHundredGigE1/0/61,0,0,0,0,0,0
2024/05/24 星期五 00:25:41.786,1716481541786,NH-DC-NM129-D04-ROCE-Leaf-6.GPU.S9825,FourHundredGigE1/0/61,229555,827863644,630377,2502771086,1.52,4.62
2024/05/24 星期五 00:25:42.443,1716481542443,NH-DC-NM129-D04-ROCE-Leaf-6.GPU.S9825,FourHundredGigE1/0/61,621013,2533801206,528684,2050026200,4.81,3.90
2024/05/24 星期五 00:25:43.260,1716481543260,NH-DC-NM129-D04-ROCE-Leaf-6.GPU.S9825,FourHundredGigE1/0/61,0,0,0,0,0,0
2024/05/24 星期五 00:25:43.838,1716481543838,NH-DC-NM129-D04-ROCE-Leaf-6.GPU.S9825,FourHundredGigE1/0/61,301555,1192308798,454633,1621422998,2.57,3.50
2024/05/24 星期五 00:25:44.486,1716481544486,NH-DC-NM129-D04-ROCE-Leaf-6.GPU.S9825,FourHundredGigE1/0/61,0,0,0,0,0,0
2024/05/24 星期五 00:25:45.036,1716481545036,NH-DC-NM129-D04-ROCE-Leaf-6.GPU.S9825,FourHundredGigE1/0/61,346347,1266432130,343605,1269903990,2.86,2.86
2024/05/24 星期五 00:25:45.537,1716481545537,NH-DC-NM129-D04-ROCE-Leaf-6.GPU.S9825,FourHundredGigE1/0/61,0,0,0,0,0,0
2024/05/24 星期五 00:25:46.038,1716481546038,NH-DC-NM129-D04-ROCE-Leaf-6.GPU.S9825,FourHundredGigE1/0/61,573117,2108854945,561452,2066315744,5.24,5.14
2024/05/24 星期五 00:25:47.229,1716481547229,NH-DC-NM129-D04-ROCE-Leaf-6.GPU.S9825,FourHundredGigE1/0/61,0,0,0,0,0,0
2024/05/24 星期五 00:25:47.796,1716481547796,NH-DC-NM129-D04-ROCE-Leaf-6.GPU.S9825,FourHundredGigE1/0/61,145062,563170266,104886,409358840,1.23,0.88
2024/05/24 星期五 00:25:48.341,1716481548341,NH-DC-NM129-D04-ROCE-Leaf-6.GPU.S9825,FourHundredGigE1/0/61,0,0,0,0,0,0
2024/05/24 星期五 00:25:48.842,1716481548842,NH-DC-NM129-D04-ROCE-Leaf-6.GPU.S9825,FourHundredGigE1/0/61,129233,465566406,156112,566971552,1.15,1.40
2024/05/24 星期五 00:25:49.345,1716481549345,NH-DC-NM129-D04-ROCE-Leaf-6.GPU.S9825,FourHundredGigE1/0/61,0,0,0,0,0,0
2024/05/24 星期五 00:25:49.846,1716481549846,NH-DC-NM129-D04-ROCE-Leaf-6.GPU.S9825,FourHundredGigE1/0/61,212877,818800854,576478,2335690564,2.02,5.81
2024/05/24 星期五 00:25:50.595,1716481550595,NH-DC-NM129-D04-ROCE-Leaf-6.GPU.S9825,FourHundredGigE1/0/61,78211,248602974,152461,553680166,0.40,0.92
2024/05/24 星期五 00:25:51.236,1716481551236,NH-DC-NM129-D04-ROCE-Leaf-6.GPU.S9825,FourHundredGigE1/0/61,0,0,0,0,0,0
2024/05/24 星期五 00:25:51.789,1716481551789,NH-DC-NM129-D04-ROCE-Leaf-6.GPU.S9825,FourHundredGigE1/0/61,272006,1060982392,121848,439505388,2.40,0.97
2024/05/24 星期五 00:25:52.290,1716481552290,NH-DC-NM129-D04-ROCE-Leaf-6.GPU.S9825,FourHundredGigE1/0/61,0,0,0,0,0,0
2024/05/24 星期五 00:25:52.834,1716481552834,NH-DC-NM129-D04-ROCE-Leaf-6.GPU.S9825,FourHundredGigE1/0/61,233807,906375350,162616,588445296,2.07,1.33
2024/05/24 星期五 00:25:53.370,1716481553370,NH-DC-NM129-D04-ROCE-Leaf-6.GPU.S9825,FourHundredGigE1/0/61,354498,1419930292,192109,749735182,3.29,1.73
2024/05/24 星期五 00:25:54.542,1716481554542,NH-DC-NM129-D04-ROCE-Leaf-6.GPU.S9825,FourHundredGigE1/0/61,86055,303672782,216597,843606146,0.32,0.90
2024/05/24 星期五 00:25:55.212,1716481555212,NH-DC-NM129-D04-ROCE-Leaf-6.GPU.S9825,FourHundredGigE1/0/61,0,0,0,0,0,0
2024/05/24 星期五 00:25:55.938,1716481555938,NH-DC-NM129-D04-ROCE-Leaf-6.GPU.S9825,FourHundredGigE1/0/61,294185,1200456298,68761,231272122,2.07,0.40
2024/05/24 星期五 00:25:56.498,1716481556498,NH-DC-NM129-D04-ROCE-Leaf-6.GPU.S9825,FourHundredGigE1/0/61,200345,792699054,115749,439920846,1.76,0.96
2024/05/24 星期五 00:25:57.178,1716481557178,NH-DC-NM129-D04-ROCE-Leaf-6.GPU.S9825,FourHundredGigE1/0/61,0,0,0,0,0,0
2024/05/24 星期五 00:25:58.038,1716481558038,NH-DC-NM129-D04-ROCE-Leaf-6.GPU.S9825,FourHundredGigE1/0/61,83792,324770184,248325,1009361090,0.47,1.45
2024/05/24 星期五 00:25:58.553,1716481558553,NH-DC-NM129-D04-ROCE-Leaf-6.GPU.S9825,FourHundredGigE1/0/61,0,0,0,0,0,0
2024/05/24 星期五 00:25:59.056,1716481559056,NH-DC-NM129-D04-ROCE-Leaf-6.GPU.S9825,FourHundredGigE1/0/61,93089,335359670,85310,318447056,0.82,0.77
2024/05/24 星期五 00:25:59.563,1716481559563,NH-DC-NM129-D04-ROCE-Leaf-6.GPU.S9825,FourHundredGigE1/0/61,0,0,0,0,0,0
2024/05/24 星期五 00:26:00.066,1716481560066,NH-DC-NM129-D04-ROCE-Leaf-6.GPU.S9825,FourHundredGigE1/0/61,81605,299108344,137230,550965716,0.72,1.37
2024/05/24 星期五 00:26:00.697,1716481560697,NH-DC-NM129-D04-ROCE-Leaf-6.GPU.S9825,FourHundredGigE1/0/61,271854,1084537742,103416,337011644,2.14,0.65
2024/05/24 星期五 00:26:02.194,1716481562194,NH-DC-NM129-D04-ROCE-Leaf-6.GPU.S9825,FourHundredGigE1/0/61,540435,2129064494,330514,1237642748,1.77,1.03
2024/05/24 星期五 00:26:03.743,1716481563743,NH-DC-NM129-D04-ROCE-Leaf-6.GPU.S9825,FourHundredGigE1/0/61,92464,356616124,246473,970969930,0.28,0.78
2024/05/24 星期五 00:26:04.859,1716481564859,NH-DC-NM129-D04-ROCE-Leaf-6.GPU.S9825,FourHundredGigE1/0/61,454608,1841099342,1051174,4289829294,2.06,4.79
2024/05/24 星期五 00:26:05.459,1716481565459,NH-DC-NM129-D04-ROCE-Leaf-6.GPU.S9825,FourHundredGigE1/0/61,0,0,0,0,0,0
2024/05/24 星期五 00:26:06.017,1716481566017,NH-DC-NM129-D04-ROCE-Leaf-6.GPU.S9825,FourHundredGigE1/0/61,162813,596525604,963268,3927239614,1.32,8.78
2024/05/24 星期五 00:26:06.529,1716481566529,NH-DC-NM129-D04-ROCE-Leaf-6.GPU.S9825,FourHundredGigE1/0/61,0,0,0,0,0,0
2024/05/24 星期五 00:26:07.029,1716481567029,NH-DC-NM129-D04-ROCE-Leaf-6.GPU.S9825,FourHundredGigE1/0/61,116753,418508134,685196,2721918132,1.02,6.8
2024/05/24 星期五 00:26:07.647,1716481567647,NH-DC-NM129-D04-ROCE-Leaf-6.GPU.S9825,FourHundredGigE1/0/61,215906,841903679,200408,775416224,1.70,1.56
2024/05/24 星期五 00:26:08.390,1716481568390,NH-DC-NM129-D04-ROCE-Leaf-6.GPU.S9825,FourHundredGigE1/0/61,0,0,0,0,0,0
2024/05/24 星期五 00:26:08.969,1716481568969,NH-DC-NM129-D04-ROCE-Leaf-6.GPU.S9825,FourHundredGigE1/0/61,306142,1206181388,106298,339982296,2.59,0.71
2024/05/24 星期五 00:26:09.512,1716481569512,NH-DC-NM129-D04-ROCE-Leaf-6.GPU.S9825,FourHundredGigE1/0/61,0,0,0,0,0,0
2024/05/24 星期五 00:26:10.013,1716481570013,NH-DC-NM129-D04-ROCE-Leaf-6.GPU.S9825,FourHundredGigE1/0/61,221476,852087016,183181,652695470,2.12,1.62
2024/05/24 星期五 00:26:10.668,1716481570668,NH-DC-NM129-D04-ROCE-Leaf-6.GPU.S9825,FourHundredGigE1/0/61,61421,241448134,331463,1318272698,0.46,2.5
2024/05/24 星期五 00:26:11.402,1716481571402,NH-DC-NM129-D04-ROCE-Leaf-6.GPU.S9825,FourHundredGigE1/0/61,174482,700672104,529337,2155414534,1.19,3.66
2024/05/24 星期五 00:26:12.250,1716481572250,NH-DC-NM129-D04-ROCE-Leaf-6.GPU.S9825,FourHundredGigE1/0/61,0,0,0,0,0,0
2024/05/24 星期五 00:26:12.875,1716481572875,NH-DC-NM129-D04-ROCE-Leaf-6.GPU.S9825,FourHundredGigE1/0/61,316192,1263342620,340022,1366273740,2.52,2.72
2024/05/24 星期五 00:26:13.410,1716481573410,NH-DC-NM129-D04-ROCE-Leaf-6.GPU.S9825,FourHundredGigE1/0/61,0,0,0,0,0,0
2024/05/24 星期五 00:26:13.921,1716481573921,NH-DC-NM129-D04-ROCE-Leaf-6.GPU.S9825,FourHundredGigE1/0/61,298078,1148186934,207314,790826208,2.79,1.93
2024/05/24 星期五 00:26:14.647,1716481574647,NH-DC-NM129-D04-ROCE-Leaf-6.GPU.S9825,FourHundredGigE1/0/61,186854,719136762,183031,671149198,1.22,1.15
2024/05/24 星期五 00:26:15.395,1716481575395,NH-DC-NM129-D04-ROCE-Leaf-6.GPU.S9825,FourHundredGigE1/0/61,0,0,0,0,0,0
2024/05/24 星期五 00:26:16.796,1716481576796,NH-DC-NM129-D04-ROCE-Leaf-6.GPU.S9825,FourHundredGigE1/0/61,487066,1894806452,421502,1645012769,1.69,1.46
2024/05/24 星期五 00:26:17.297,1716481577297,NH-DC-NM129-D04-ROCE-Leaf-6.GPU.S9825,FourHundredGigE1/0/61,0,0,0,0,0,0
2024/05/24 星期五 00:26:17.881,1716481577881,NH-DC-NM129-D04-ROCE-Leaf-6.GPU.S9825,FourHundredGigE1/0/61,235341,925450564,192692,751896096,1.97,1.61
2024/05/24 星期五 00:26:18.801,1716481578801,NH-DC-NM129-D04-ROCE-Leaf-6.GPU.S9825,FourHundredGigE1/0/61,80320,286932638,206760,822198386,0.38,1.11
2024/05/24 星期五 00:26:19.318,1716481579318,NH-DC-NM129-D04-ROCE-Leaf-6.GPU.S9825,FourHundredGigE1/0/61,0,0,0,0,0,0
2024/05/24 星期五 00:26:19.869,1716481579869,NH-DC-NM129-D04-ROCE-Leaf-6.GPU.S9825,FourHundredGigE1/0/61,62130,192570400,222344,866167944,0.43,1.95
2024/05/24 星期五 00:26:20.371,1716481580371,NH-DC-NM129-D04-ROCE-Leaf-6.GPU.S9825,FourHundredGigE1/0/61,0,0,0,0,0,0
2024/05/24 星期五 00:26:20.873,1716481580873,NH-DC-NM129-D04-ROCE-Leaf-6.GPU.S9825,FourHundredGigE1/0/61,114195,414302974,116394,415568646,1.02,1.02
2024/05/24 星期五 00:26:21.374,1716481581374,NH-DC-NM129-D04-ROCE-Leaf-6.GPU.S9825,FourHundredGigE1/0/61,0,0,0,0,0,0
2024/05/24 星期五 00:26:22.127,1716481582127,NH-DC-NM129-D04-ROCE-Leaf-6.GPU.S9825,FourHundredGigE1/0/61,72037,230916642,156729,560087902,0.38,0.93
2024/05/24 星期五 00:26:22.811,1716481582811,NH-DC-NM129-D04-ROCE-Leaf-6.GPU.S9825,FourHundredGigE1/0/61,250105,1013976598,359310,1445136366,1.85,2.63
2024/05/24 星期五 00:26:23.314,1716481583314,NH-DC-NM129-D04-ROCE-Leaf-6.GPU.S9825,FourHundredGigE1/0/61,0,0,0,0,0,0
2024/05/24 星期五 00:26:23.825,1716481583825,NH-DC-NM129-D04-ROCE-Leaf-6.GPU.S9825,FourHundredGigE1/0/61,97966,374171108,299621,1193589496,0.91,2.91
2024/05/24 星期五 00:26:24.379,1716481584379,NH-DC-NM129-D04-ROCE-Leaf-6.GPU.S9825,FourHundredGigE1/0/61,0,0,0,0,0,0
2024/05/24 星期五 00:26:24.881,1716481584881,NH-DC-NM129-D04-ROCE-Leaf-6.GPU.S9825,FourHundredGigE1/0/61,165093,642814280,297805,1163269852,1.59,2.89
2024/05/24 星期五 00:26:25.451,1716481585451,NH-DC-NM129-D04-ROCE-Leaf-6.GPU.S9825,FourHundredGigE1/0/61,101822,390742698,143595,510412152,0.86,1.12
2024/05/24 星期五 00:26:26.146,1716481586146,NH-DC-NM129-D04-ROCE-Leaf-6.GPU.S9825,FourHundredGigE1/0/61,0,0,0,0,0,0
2024/05/24 星期五 00:26:26.649,1716481586649,NH-DC-NM129-D04-ROCE-Leaf-6.GPU.S9825,FourHundredGigE1/0/61,0,0,0,0,0,0
2024/05/24 星期五 00:26:27.149,1716481587149,NH-DC-NM129-D04-ROCE-Leaf-6.GPU.S9825,FourHundredGigE1/0/61,234920,935877396,128280,442426480,2.32,1.1
2024/05/24 星期五 00:26:27.746,1716481587746,NH-DC-NM129-D04-ROCE-Leaf-6.GPU.S9825,FourHundredGigE1/0/61,158388,609778524,117974,363023328,1.26,0.75
2024/05/24 星期五 00:26:28.437,1716481588437,NH-DC-NM129-D04-ROCE-Leaf-6.GPU.S9825,FourHundredGigE1/0/61,0,0,0,0,0,0
2024/05/24 星期五 00:26:28.961,1716481588961,NH-DC-NM129-D04-ROCE-Leaf-6.GPU.S9825,FourHundredGigE1/0/61,92504,297513020,213218,545172696,0.69,1.29
2024/05/24 星期五 00:26:29.733,1716481589733,NH-DC-NM129-D04-ROCE-Leaf-6.GPU.S9825,FourHundredGigE1/0/61,134273,515332482,224397,639218786,0.83,1.02
2024/05/24 星期五 00:26:32.887,1716481592887,NH-DC-NM129-D04-ROCE-Leaf-6.GPU.S9825,FourHundredGigE1/0/61,836430,3182886344,1524028,6068496864,1.26,2.40
2024/05/24 星期五 00:26:33.418,1716481593418,NH-DC-NM129-D04-ROCE-Leaf-6.GPU.S9825,FourHundredGigE1/0/61,0,0,0,0,0,0
2024/05/24 星期五 00:26:33.952,1716481593952,NH-DC-NM129-D04-ROCE-Leaf-6.GPU.S9825,FourHundredGigE1/0/61,557088,2158939084,150282,589398352,5.03,1.36
2024/05/24 星期五 00:26:34.545,1716481594545,NH-DC-NM129-D04-ROCE-Leaf-6.GPU.S9825,FourHundredGigE1/0/61,0,0,0,0,0,0
2024/05/24 星期五 00:26:35.077,1716481595077,NH-DC-NM129-D04-ROCE-Leaf-6.GPU.S9825,FourHundredGigE1/0/61,1967185,7845080322,81035,285624566,18.42,0.66
2024/05/24 星期五 00:26:35.663,1716481595663,NH-DC-NM129-D04-ROCE-Leaf-6.GPU.S9825,FourHundredGigE1/0/61,2228788,8885915000,126387,484558146,18.94,1.02
2024/05/24 星期五 00:26:36.340,1716481596340,NH-DC-NM129-D04-ROCE-Leaf-6.GPU.S9825,FourHundredGigE1/0/61,0,0,0,0,0,0
2024/05/24 星期五 00:26:36.842,1716481596842,NH-DC-NM129-D04-ROCE-Leaf-6.GPU.S9825,FourHundredGigE1/0/61,346198,1385755996,216928,844697568,3.44,2.09
2024/05/24 星期五 00:26:37.351,1716481597351,NH-DC-NM129-D04-ROCE-Leaf-6.GPU.S9825,FourHundredGigE1/0/61,0,0,0,0,0,0
2024/05/24 星期五 00:26:38.020,1716481598020,NH-DC-NM129-D04-ROCE-Leaf-6.GPU.S9825,FourHundredGigE1/0/61,237337,949437569,354330,1432101788,1.76,2.67
2024/05/24 星期五 00:26:38.549,1716481598549,NH-DC-NM129-D04-ROCE-Leaf-6.GPU.S9825,FourHundredGigE1/0/61,0,0,0,0,0,0
2024/05/24 星期五 00:26:39.050,1716481599050,NH-DC-NM129-D04-ROCE-Leaf-6.GPU.S9825,FourHundredGigE1/0/61,292971,1097926714,198447,761490242,2.72,1.90
2024/05/24 星期五 00:26:39.689,1716481599689,NH-DC-NM129-D04-ROCE-Leaf-6.GPU.S9825,FourHundredGigE1/0/61,0,0,0,0,0,0
2024/05/24 星期五 00:26:40.190,1716481600190,NH-DC-NM129-D04-ROCE-Leaf-6.GPU.S9825,FourHundredGigE1/0/61,389242,1479415128,382088,1505282804,3.67,3.74
2024/05/24 星期五 00:26:40.742,1716481600742,NH-DC-NM129-D04-ROCE-Leaf-6.GPU.S9825,FourHundredGigE1/0/61,165435,628039502,298119,1189374006,1.40,2.67
2024/05/24 星期五 00:26:41.243,1716481601243,NH-DC-NM129-D04-ROCE-Leaf-6.GPU.S9825,FourHundredGigE1/0/61,0,0,0,0,0,0
2024/05/24 星期五 00:26:42.118,1716481602118,NH-DC-NM129-D04-ROCE-Leaf-6.GPU.S9825,FourHundredGigE1/0/61,388314,1561703404,219319,828298730,2.23,1.17
2024/05/24 星期五 00:26:42.779,1716481602779,NH-DC-NM129-D04-ROCE-Leaf-6.GPU.S9825,FourHundredGigE1/0/61,141017,536365370,273132,1071515676,1.00,2.02
2024/05/24 星期五 00:26:43.397,1716481603397,NH-DC-NM129-D04-ROCE-Leaf-6.GPU.S9825,FourHundredGigE1/0/61,0,0,0,0,0,0
2024/05/24 星期五 00:26:44.001,1716481604001,NH-DC-NM129-D04-ROCE-Leaf-6.GPU.S9825,FourHundredGigE1/0/61,378254,1437760898,257393,977386178,2.96,2.01
2024/05/24 星期五 00:26:44.723,1716481604723,NH-DC-NM129-D04-ROCE-Leaf-6.GPU.S9825,FourHundredGigE1/0/61,448677,1587905804,427778,1651332428,2.74,2.86
2024/05/24 星期五 00:26:45.301,1716481605301,NH-DC-NM129-D04-ROCE-Leaf-6.GPU.S9825,FourHundredGigE1/0/61,0,0,0,0,0,0
2024/05/24 星期五 00:26:45.849,1716481605849,NH-DC-NM129-D04-ROCE-Leaf-6.GPU.S9825,FourHundredGigE1/0/61,178272,686217676,162685,639481246,1.55,1.44
2024/05/24 星期五 00:26:46.601,1716481606601,NH-DC-NM129-D04-ROCE-Leaf-6.GPU.S9825,FourHundredGigE1/0/61,219862,822002008,200850,802915232,1.36,1.33
2024/05/24 星期五 00:26:47.256,1716481607256,NH-DC-NM129-D04-ROCE-Leaf-6.GPU.S9825,FourHundredGigE1/0/61,0,0,0,0,0,0
2024/05/24 星期五 00:26:47.818,1716481607818,NH-DC-NM129-D04-ROCE-Leaf-6.GPU.S9825,FourHundredGigE1/0/61,126300,451759192,184800,702858328,1.00,1.56
2024/05/24 星期五 00:26:48.516,1716481608516,NH-DC-NM129-D04-ROCE-Leaf-6.GPU.S9825,FourHundredGigE1/0/61,0,0,0,0,0,0
2024/05/24 星期五 00:26:49.030,1716481609030,NH-DC-NM129-D04-ROCE-Leaf-6.GPU.S9825,FourHundredGigE1/0/61,282261,1130041094,206119,727297198,2.75,1.75
2024/05/24 星期五 00:26:49.632,1716481609632,NH-DC-NM129-D04-ROCE-Leaf-6.GPU.S9825,FourHundredGigE1/0/61,150872,582154852,205882,798039668,1.20,1.64
2024/05/24 星期五 00:26:50.206,1716481610206,NH-DC-NM129-D04-ROCE-Leaf-6.GPU.S9825,FourHundredGigE1/0/61,0,0,0,0,0,0
2024/05/24 星期五 00:26:50.730,1716481610730,NH-DC-NM129-D04-ROCE-Leaf-6.GPU.S9825,FourHundredGigE1/0/61,352368,1352604116,218025,840578098,3.22,2.00
2024/05/24 星期五 00:26:51.235,1716481611235,NH-DC-NM129-D04-ROCE-Leaf-6.GPU.S9825,FourHundredGigE1/0/61,0,0,0,0,0,0
2024/05/24 星期五 00:26:51.905,1716481611905,NH-DC-NM129-D04-ROCE-Leaf-6.GPU.S9825,FourHundredGigE1/0/61,430723,1720525450,417506,1673678048,3.21,3.12
2024/05/24 星期五 00:26:52.442,1716481612442,NH-DC-NM129-D04-ROCE-Leaf-6.GPU.S9825,FourHundredGigE1/0/61,0,0,0,0,0,0
2024/05/24 星期五 00:26:52.942,1716481612942,NH-DC-NM129-D04-ROCE-Leaf-6.GPU.S9825,FourHundredGigE1/0/61,76940,276411960,122614,419305912,0.68,1.02
2024/05/24 星期五 00:26:53.609,1716481613609,NH-DC-NM129-D04-ROCE-Leaf-6.GPU.S9825,FourHundredGigE1/0/61,225182,882629414,222785,860156742,1.65,1.61
2024/05/24 星期五 00:26:54.388,1716481614388,NH-DC-NM129-D04-ROCE-Leaf-6.GPU.S9825,FourHundredGigE1/0/61,0,0,0,0,0,0
2024/05/24 星期五 00:26:55.051,1716481615051,NH-DC-NM129-D04-ROCE-Leaf-6.GPU.S9825,FourHundredGigE1/0/61,123506,456833818,92814,351254108,0.85,0.66
2024/05/24 星期五 00:26:55.770,1716481615770,NH-DC-NM129-D04-ROCE-Leaf-6.GPU.S9825,FourHundredGigE1/0/61,162142,480532028,433302,1731085308,0.83,3.01
2024/05/24 星期五 00:26:56.387,1716481616387,NH-DC-NM129-D04-ROCE-Leaf-6.GPU.S9825,FourHundredGigE1/0/61,0,0,0,0,0,0
2024/05/24 星期五 00:26:57.026,1716481617026,NH-DC-NM129-D04-ROCE-Leaf-6.GPU.S9825,FourHundredGigE1/0/61,151900,593026288,150745,542887018,1.15,1.06
2024/05/24 星期五 00:26:57.575,1716481617575,NH-DC-NM129-D04-ROCE-Leaf-6.GPU.S9825,FourHundredGigE1/0/61,0,0,0,0,0,0
2024/05/24 星期五 00:26:58.148,1716481618148,NH-DC-NM129-D04-ROCE-Leaf-6.GPU.S9825,FourHundredGigE1/0/61,200988,693707012,173421,671779466,1.51,1.46
2024/05/24 星期五 00:26:58.717,1716481618717,NH-DC-NM129-D04-ROCE-Leaf-6.GPU.S9825,FourHundredGigE1/0/61,382336,1522369724,285604,1085153368,3.34,2.37
2024/05/24 星期五 00:26:59.329,1716481619329,NH-DC-NM129-D04-ROCE-Leaf-6.GPU.S9825,FourHundredGigE1/0/61,0,0,0,0,0,0
2024/05/24 星期五 00:26:59.926,1716481619926,NH-DC-NM129-D04-ROCE-Leaf-6.GPU.S9825,FourHundredGigE1/0/61,136250,449653968,175097,659467946,0.92,1.36
2024/05/24 星期五 00:27:00.493,1716481620493,NH-DC-NM129-D04-ROCE-Leaf-6.GPU.S9825,FourHundredGigE1/0/61,0,0,0,0,0,0
2024/05/24 星期五 00:27:01.007,1716481621007,NH-DC-NM129-D04-ROCE-Leaf-6.GPU.S9825,FourHundredGigE1/0/61,157916,583906716,148367,319842714,1.41,0.75
2024/05/24 星期五 00:27:01.561,1716481621561,NH-DC-NM129-D04-ROCE-Leaf-6.GPU.S9825,FourHundredGigE1/0/61,0,0,0,0,0,0
2024/05/24 星期五 00:27:02.988,1716481622988,NH-DC-NM129-D04-ROCE-Leaf-6.GPU.S9825,FourHundredGigE1/0/61,623771,2381040456,743789,2568049838,2.08,2.24
2024/05/24 星期五 00:27:04.456,1716481624456,NH-DC-NM129-D04-ROCE-Leaf-6.GPU.S9825,FourHundredGigE1/0/61,0,0,0,0,0,0
2024/05/24 星期五 00:27:05.054,1716481625054,NH-DC-NM129-D04-ROCE-Leaf-6.GPU.S9825,FourHundredGigE1/0/61,199097,775307012,258289,981482278,1.61,2.05
2024/05/24 星期五 00:27:05.749,1716481625749,NH-DC-NM129-D04-ROCE-Leaf-6.GPU.S9825,FourHundredGigE1/0/61,265016,1044718156,335087,1332623080,1.87,2.39
2024/05/24 星期五 00:27:06.324,1716481626324,NH-DC-NM129-D04-ROCE-Leaf-6.GPU.S9825,FourHundredGigE1/0/61,0,0,0,0,0,0
2024/05/24 星期五 00:27:06.825,1716481626825,NH-DC-NM129-D04-ROCE-Leaf-6.GPU.S9825,FourHundredGigE1/0/61,443346,1811163032,336910,1325081702,4.52,3.29
2024/05/24 星期五 00:27:07.350,1716481627350,NH-DC-NM129-D04-ROCE-Leaf-6.GPU.S9825,FourHundredGigE1/0/61,0,0,0,0,0,0
2024/05/24 星期五 00:27:07.922,1716481627922,NH-DC-NM129-D04-ROCE-Leaf-6.GPU.S9825,FourHundredGigE1/0/61,212056,791765599,220666,827725968,1.73,1.79
2024/05/24 星期五 00:27:09.027,1716481629027,NH-DC-NM129-D04-ROCE-Leaf-6.GPU.S9825,FourHundredGigE1/0/61,289436,1113352936,149033,550902359,1.26,0.62
2024/05/24 星期五 00:27:09.627,1716481629627,NH-DC-NM129-D04-ROCE-Leaf-6.GPU.S9825,FourHundredGigE1/0/61,0,0,0,0,0,0
2024/05/24 星期五 00:27:10.131,1716481630131,NH-DC-NM129-D04-ROCE-Leaf-6.GPU.S9825,FourHundredGigE1/0/61,562625,2266500896,650411,2587322338,5.61,6.40
2024/05/24 星期五 00:27:10.771,1716481630771,NH-DC-NM129-D04-ROCE-Leaf-6.GPU.S9825,FourHundredGigE1/0/61,223684,856981014,117887,427988302,1.66,0.82
2024/05/24 星期五 00:27:11.395,1716481631395,NH-DC-NM129-D04-ROCE-Leaf-6.GPU.S9825,FourHundredGigE1/0/61,0,0,0,0,0,0
2024/05/24 星期五 00:27:12.045,1716481632045,NH-DC-NM129-D04-ROCE-Leaf-6.GPU.S9825,FourHundredGigE1/0/61,95454,345986332,156462,588753788,0.65,1.12
2024/05/24 星期五 00:27:12.580,1716481632580,NH-DC-NM129-D04-ROCE-Leaf-6.GPU.S9825,FourHundredGigE1/0/61,0,0,0,0,0,0
2024/05/24 星期五 00:27:13.083,1716481633083,NH-DC-NM129-D04-ROCE-Leaf-6.GPU.S9825,FourHundredGigE1/0/61,156768,597031568,155235,581069472,1.47,1.44
2024/05/24 星期五 00:27:13.628,1716481633628,NH-DC-NM129-D04-ROCE-Leaf-6.GPU.S9825,FourHundredGigE1/0/61,256013,1028360850,397402,1628839162,2.34,3.72
2024/05/24 星期五 00:27:14.375,1716481634375,NH-DC-NM129-D04-ROCE-Leaf-6.GPU.S9825,FourHundredGigE1/0/61,0,0,0,0,0,0
2024/05/24 星期五 00:27:14.935,1716481634935,NH-DC-NM129-D04-ROCE-Leaf-6.GPU.S9825,FourHundredGigE1/0/61,111627,434388738,122917,468787378,0.96,1.03
2024/05/24 星期五 00:27:15.605,1716481635605,NH-DC-NM129-D04-ROCE-Leaf-6.GPU.S9825,FourHundredGigE1/0/61,141236,519659568,314482,1254006240,0.95,2.33
2024/05/24 星期五 00:27:16.124,1716481636124,NH-DC-NM129-D04-ROCE-Leaf-6.GPU.S9825,FourHundredGigE1/0/61,0,0,0,0,0,0
2024/05/24 星期五 00:27:16.696,1716481636696,NH-DC-NM129-D04-ROCE-Leaf-6.GPU.S9825,FourHundredGigE1/0/61,0,0,0,0,0,0
2024/05/24 星期五 00:27:17.198,1716481637198,NH-DC-NM129-D04-ROCE-Leaf-6.GPU.S9825,FourHundredGigE1/0/61,377355,1515016978,428770,1727459840,3.76,4.28
2024/05/24 星期五 00:27:17.756,1716481637756,NH-DC-NM129-D04-ROCE-Leaf-6.GPU.S9825,FourHundredGigE1/0/61,198901,503622514,85400,343070476,1.12,0.76
2024/05/24 星期五 00:27:18.301,1716481638301,NH-DC-NM129-D04-ROCE-Leaf-6.GPU.S9825,FourHundredGigE1/0/61,0,0,0,0,0,0
2024/05/24 星期五 00:27:18.880,1716481638880,NH-DC-NM129-D04-ROCE-Leaf-6.GPU.S9825,FourHundredGigE1/0/61,159038,523781642,339246,1277752976,1.12,2.74
2024/05/24 星期五 00:27:19.401,1716481639401,NH-DC-NM129-D04-ROCE-Leaf-6.GPU.S9825,FourHundredGigE1/0/61,0,0,0,0,0,0
2024/05/24 星期五 00:27:19.973,1716481639973,NH-DC-NM129-D04-ROCE-Leaf-6.GPU.S9825,FourHundredGigE1/0/61,131863,470739698,128261,511403818,1.03,1.11
2024/05/24 星期五 00:27:20.474,1716481640474,NH-DC-NM129-D04-ROCE-Leaf-6.GPU.S9825,FourHundredGigE1/0/61,0,0,0,0,0,0
2024/05/24 星期五 00:27:20.974,1716481640974,NH-DC-NM129-D04-ROCE-Leaf-6.GPU.S9825,FourHundredGigE1/0/61,561388,2084633876,175001,667238406,5.2,1.65
2024/05/24 星期五 00:27:21.529,1716481641529,NH-DC-NM129-D04-ROCE-Leaf-6.GPU.S9825,FourHundredGigE1/0/61,428500,1608675242,126390,480544728,3.60,1.08
2024/05/24 星期五 00:27:22.196,1716481642196,NH-DC-NM129-D04-ROCE-Leaf-6.GPU.S9825,FourHundredGigE1/0/61,0,0,0,0,0,0
2024/05/24 星期五 00:27:22.743,1716481642743,NH-DC-NM129-D04-ROCE-Leaf-6.GPU.S9825,FourHundredGigE1/0/61,1523839,6214352656,66527,227817010,14.19,0.50
2024/05/24 星期五 00:27:23.246,1716481643246,NH-DC-NM129-D04-ROCE-Leaf-6.GPU.S9825,FourHundredGigE1/0/61,0,0,0,0,0,0
2024/05/24 星期五 00:27:23.789,1716481643789,NH-DC-NM129-D04-ROCE-Leaf-6.GPU.S9825,FourHundredGigE1/0/61,139118,530643722,114417,354606820,1.22,0.81
2024/05/24 星期五 00:27:24.650,1716481644650,NH-DC-NM129-D04-ROCE-Leaf-6.GPU.S9825,FourHundredGigE1/0/61,178004,688093368,378826,1460356674,0.99,2.12
2024/05/24 星期五 00:27:25.240,1716481645240,NH-DC-NM129-D04-ROCE-Leaf-6.GPU.S9825,FourHundredGigE1/0/61,0,0,0,0,0,0
2024/05/24 星期五 00:27:25.878,1716481645878,NH-DC-NM129-D04-ROCE-Leaf-6.GPU.S9825,FourHundredGigE1/0/61,297068,1187286864,132925,478601030,2.31,0.92
2024/05/24 星期五 00:27:26.433,1716481646433,NH-DC-NM129-D04-ROCE-Leaf-6.GPU.S9825,FourHundredGigE1/0/61,0,0,0,0,0,0
2024/05/24 星期五 00:27:26.945,1716481646945,NH-DC-NM129-D04-ROCE-Leaf-6.GPU.S9825,FourHundredGigE1/0/61,188625,705239294,153806,562274100,1.71,1.37
2024/05/24 星期五 00:27:27.445,1716481647445,NH-DC-NM129-D04-ROCE-Leaf-6.GPU.S9825,FourHundredGigE1/0/61,0,0,0,0,0,0
2024/05/24 星期五 00:27:28.089,1716481648089,NH-DC-NM129-D04-ROCE-Leaf-6.GPU.S9825,FourHundredGigE1/0/61,309137,1201317830,261528,1038977874,2.33,2.00
2024/05/24 星期五 00:27:28.708,1716481648708,NH-DC-NM129-D04-ROCE-Leaf-6.GPU.S9825,FourHundredGigE1/0/61,151097,561251088,310172,1227912130,1.13,2.46
2024/05/24 星期五 00:27:29.210,1716481649210,NH-DC-NM129-D04-ROCE-Leaf-6.GPU.S9825,FourHundredGigE1/0/61,0,0,0,0,0,0
2024/05/24 星期五 00:27:29.771,1716481649771,NH-DC-NM129-D04-ROCE-Leaf-6.GPU.S9825,FourHundredGigE1/0/61,247120,956523178,447325,1724673038,2.12,3.83
2024/05/24 星期五 00:27:30.298,1716481650298,NH-DC-NM129-D04-ROCE-Leaf-6.GPU.S9825,FourHundredGigE1/0/61,0,0,0,0,0,0
2024/05/24 星期五 00:27:30.801,1716481650801,NH-DC-NM129-D04-ROCE-Leaf-6.GPU.S9825,FourHundredGigE1/0/61,216598,793018352,145992,480959720,1.96,1.19
2024/05/24 星期五 00:27:31.475,1716481651475,NH-DC-NM129-D04-ROCE-Leaf-6.GPU.S9825,FourHundredGigE1/0/61,0,0,0,0,0,0
2024/05/24 星期五 00:27:32.088,1716481652088,NH-DC-NM129-D04-ROCE-Leaf-6.GPU.S9825,FourHundredGigE1/0/61,230093,857643226,705606,2843229816,1.73,5.79
2024/05/24 星期五 00:27:32.726,1716481652726,NH-DC-NM129-D04-ROCE-Leaf-6.GPU.S9825,FourHundredGigE1/0/61,202703,756131196,227898,872952400,1.47,1.70
2024/05/24 星期五 00:27:33.282,1716481653282,NH-DC-NM129-D04-ROCE-Leaf-6.GPU.S9825,FourHundredGigE1/0/61,0,0,0,0,0,0
2024/05/24 星期五 00:27:33.794,1716481653794,NH-DC-NM129-D04-ROCE-Leaf-6.GPU.S9825,FourHundredGigE1/0/61,269179,1039677010,192827,712841650,2.51,1.73
2024/05/24 星期五 00:27:34.297,1716481654297,NH-DC-NM129-D04-ROCE-Leaf-6.GPU.S9825,FourHundredGigE1/0/61,0,0,0,0,0,0
2024/05/24 星期五 00:27:34.921,1716481654921,NH-DC-NM129-D04-ROCE-Leaf-6.GPU.S9825,FourHundredGigE1/0/61,502785,2001821984,337726,1324549888,4.01,2.64
2024/05/24 星期五 00:27:35.523,1716481655523,NH-DC-NM129-D04-ROCE-Leaf-6.GPU.S9825,FourHundredGigE1/0/61,136994,462262284,151828,527370516,0.96,1.08
2024/05/24 星期五 00:27:36.138,1716481656138,NH-DC-NM129-D04-ROCE-Leaf-6.GPU.S9825,FourHundredGigE1/0/61,0,0,0,0,0,0
2024/05/24 星期五 00:27:36.748,1716481656748,NH-DC-NM129-D04-ROCE-Leaf-6.GPU.S9825,FourHundredGigE1/0/61,179183,636610146,157714,552518718,1.29,1.13
2024/05/24 星期五 00:27:37.267,1716481657267,NH-DC-NM129-D04-ROCE-Leaf-6.GPU.S9825,FourHundredGigE1/0/61,0,0,0,0,0,0
2024/05/24 星期五 00:27:37.780,1716481657780,NH-DC-NM129-D04-ROCE-Leaf-6.GPU.S9825,FourHundredGigE1/0/61,105354,420486947,98792,356951014,1.02,0.85
2024/05/24 星期五 00:27:38.439,1716481658439,NH-DC-NM129-D04-ROCE-Leaf-6.GPU.S9825,FourHundredGigE1/0/61,0,0,0,0,0,0
2024/05/24 星期五 00:27:38.943,1716481658943,NH-DC-NM129-D04-ROCE-Leaf-6.GPU.S9825,FourHundredGigE1/0/61,427210,1742949188,186637,631231386,4.32,1.56
2024/05/24 星期五 00:27:39.639,1716481659639,NH-DC-NM129-D04-ROCE-Leaf-6.GPU.S9825,FourHundredGigE1/0/61,171598,660369860,127677,500495294,1.19,0.90
2024/05/24 星期五 00:27:40.211,1716481660211,NH-DC-NM129-D04-ROCE-Leaf-6.GPU.S9825,FourHundredGigE1/0/61,0,0,0,0,0,0
2024/05/24 星期五 00:27:40.714,1716481660714,NH-DC-NM129-D04-ROCE-Leaf-6.GPU.S9825,FourHundredGigE1/0/61,0,0,0,0,0,0
2024/05/24 星期五 00:27:41.213,1716481661213,NH-DC-NM129-D04-ROCE-Leaf-6.GPU.S9825,FourHundredGigE1/0/61,363550,1193110480,324115,1231746782,2.98,3.08
2024/05/24 星期五 00:27:42.155,1716481662155,NH-DC-NM129-D04-ROCE-Leaf-6.GPU.S9825,FourHundredGigE1/0/61,0,0,0,0,0,0
2024/05/24 星期五 00:27:43.039,1716481663039,NH-DC-NM129-D04-ROCE-Leaf-6.GPU.S9825,FourHundredGigE1/0/61,305398,1101379618,270047,1056633050,1.56,1.48
2024/05/24 星期五 00:27:43.609,1716481663609,NH-DC-NM129-D04-ROCE-Leaf-6.GPU.S9825,FourHundredGigE1/0/61,0,0,0,0,0,0
2024/05/24 星期五 00:27:44.148,1716481664148,NH-DC-NM129-D04-ROCE-Leaf-6.GPU.S9825,FourHundredGigE1/0/61,172048,603249260,185824,700043684,1.39,1.62
2024/05/24 星期五 00:27:44.674,1716481664674,NH-DC-NM129-D04-ROCE-Leaf-6.GPU.S9825,FourHundredGigE1/0/61,104744,365182550,163070,614625036,0.86,1.45
2024/05/24 星期五 00:27:45.439,1716481665439,NH-DC-NM129-D04-ROCE-Leaf-6.GPU.S9825,FourHundredGigE1/0/61,0,0,0,0,0,0
2024/05/24 星期五 00:27:46.121,1716481666121,NH-DC-NM129-D04-ROCE-Leaf-6.GPU.S9825,FourHundredGigE1/0/61,109973,387428878,89885,272679826,0.70,0.49
2024/05/24 星期五 00:27:47.059,1716481667059,NH-DC-NM129-D04-ROCE-Leaf-6.GPU.S9825,FourHundredGigE1/0/61,343725,1374794694,132529,454095106,1.83,0.60
2024/05/24 星期五 00:27:47.569,1716481667569,NH-DC-NM129-D04-ROCE-Leaf-6.GPU.S9825,FourHundredGigE1/0/61,0,0,0,0,0,0
2024/05/24 星期五 00:27:48.070,1716481668070,NH-DC-NM129-D04-ROCE-Leaf-6.GPU.S9825,FourHundredGigE1/0/61,273441,991000726,113177,378613986,2.47,0.92
2024/05/24 星期五 00:27:48.650,1716481668650,NH-DC-NM129-D04-ROCE-Leaf-6.GPU.S9825,FourHundredGigE1/0/61,150747,575179918,135415,433425642,1.23,0.93
2024/05/24 星期五 00:27:49.355,1716481669355,NH-DC-NM129-D04-ROCE-Leaf-6.GPU.S9825,FourHundredGigE1/0/61,0,0,0,0,0,0
2024/05/24 星期五 00:27:49.942,1716481669942,NH-DC-NM129-D04-ROCE-Leaf-6.GPU.S9825,FourHundredGigE1/0/61,623036,2378069570,258546,992493156,5.05,2.11
2024/05/24 星期五 00:27:50.516,1716481670516,NH-DC-NM129-D04-ROCE-Leaf-6.GPU.S9825,FourHundredGigE1/0/61,0,0,0,0,0,0
2024/05/24 星期五 00:27:51.018,1716481671018,NH-DC-NM129-D04-ROCE-Leaf-6.GPU.S9825,FourHundredGigE1/0/61,243817,739153560,578350,2363933056,1.82,5.88
2024/05/24 星期五 00:27:51.519,1716481671519,NH-DC-NM129-D04-ROCE-Leaf-6.GPU.S9825,FourHundredGigE1/0/61,0,0,0,0,0,0
2024/05/24 星期五 00:27:52.026,1716481672026,NH-DC-NM129-D04-ROCE-Leaf-6.GPU.S9825,FourHundredGigE1/0/61,154326,486236674,442302,1412941504,1.18,3.48
2024/05/24 星期五 00:27:52.785,1716481672785,NH-DC-NM129-D04-ROCE-Leaf-6.GPU.S9825,FourHundredGigE1/0/61,383923,1529071720,295114,910663136,2.50,1.50
2024/05/24 星期五 00:27:53.469,1716481673469,NH-DC-NM129-D04-ROCE-Leaf-6.GPU.S9825,FourHundredGigE1/0/61,145572,587077364,264262,1001717056,1.06,1.83
2024/05/24 星期五 00:27:54.171,1716481674171,NH-DC-NM129-D04-ROCE-Leaf-6.GPU.S9825,FourHundredGigE1/0/61,0,0,0,0,0,0
2024/05/24 星期五 00:27:54.728,1716481674728,NH-DC-NM129-D04-ROCE-Leaf-6.GPU.S9825,FourHundredGigE1/0/61,147285,485066574,246685,972078786,1.08,2.18
2024/05/24 星期五 00:27:55.425,1716481675425,NH-DC-NM129-D04-ROCE-Leaf-6.GPU.S9825,FourHundredGigE1/0/61,222915,787216922,166753,663657266,1.40,1.18
2024/05/24 星期五 00:27:56.255,1716481676255,NH-DC-NM129-D04-ROCE-Leaf-6.GPU.S9825,FourHundredGigE1/0/61,0,0,0,0,0,0
2024/05/24 星期五 00:27:56.812,1716481676812,NH-DC-NM129-D04-ROCE-Leaf-6.GPU.S9825,FourHundredGigE1/0/61,197575,766345494,474359,1886714372,1.71,4.22
2024/05/24 星期五 00:27:57.392,1716481677392,NH-DC-NM129-D04-ROCE-Leaf-6.GPU.S9825,FourHundredGigE1/0/61,0,0,0,0,0,0
2024/05/24 星期五 00:27:57.889,1716481677889,NH-DC-NM129-D04-ROCE-Leaf-6.GPU.S9825,FourHundredGigE1/0/61,308646,1119903956,234220,804715570,2.79,2.01
2024/05/24 星期五 00:27:58.395,1716481678395,NH-DC-NM129-D04-ROCE-Leaf-6.GPU.S9825,FourHundredGigE1/0/61,0,0,0,0,0,0
2024/05/24 星期五 00:27:58.899,1716481678899,NH-DC-NM129-D04-ROCE-Leaf-6.GPU.S9825,FourHundredGigE1/0/61,222686,900032012,237192,929631288,2.23,2.28
2024/05/24 星期五 00:27:59.681,1716481679681,NH-DC-NM129-D04-ROCE-Leaf-6.GPU.S9825,FourHundredGigE1/0/61,246150,932465932,148074,553544552,1.49,0.88
2024/05/24 星期五 00:28:00.314,1716481680314,NH-DC-NM129-D04-ROCE-Leaf-6.GPU.S9825,FourHundredGigE1/0/61,0,0,0,0,0,0
2024/05/24 星期五 00:28:00.900,1716481680900,NH-DC-NM129-D04-ROCE-Leaf-6.GPU.S9825,FourHundredGigE1/0/61,393318,1575836396,224192,844642008,3.35,1.79
2024/05/24 星期五 00:28:01.404,1716481681404,NH-DC-NM129-D04-ROCE-Leaf-6.GPU.S9825,FourHundredGigE1/0/61,0,0,0,0,0,0
2024/05/24 星期五 00:28:01.912,1716481681912,NH-DC-NM129-D04-ROCE-Leaf-6.GPU.S9825,FourHundredGigE1/0/61,180230,705094038,208236,801096512,1.72,1.97
2024/05/24 星期五 00:28:03.028,1716481683028,NH-DC-NM129-D04-ROCE-Leaf-6.GPU.S9825,FourHundredGigE1/0/61,401023,1512314212,264819,969951886,1.69,1.08
2024/05/24 星期五 00:28:04.734,1716481684734,NH-DC-NM129-D04-ROCE-Leaf-6.GPU.S9825,FourHundredGigE1/0/61,283672,1138658084,196678,700106904,0.83,0.51
2024/05/24 星期五 00:28:05.238,1716481685238,NH-DC-NM129-D04-ROCE-Leaf-6.GPU.S9825,FourHundredGigE1/0/61,0,0,0,0,0,0
2024/05/24 星期五 00:28:05.812,1716481685812,NH-DC-NM129-D04-ROCE-Leaf-6.GPU.S9825,FourHundredGigE1/0/61,89113,333319615,84449,255998014,0.72,0.54
2024/05/24 星期五 00:28:06.311,1716481686311,NH-DC-NM129-D04-ROCE-Leaf-6.GPU.S9825,FourHundredGigE1/0/61,0,0,0,0,0,0
2024/05/24 星期五 00:28:06.865,1716481686865,NH-DC-NM129-D04-ROCE-Leaf-6.GPU.S9825,FourHundredGigE1/0/61,79668,275669598,187971,717621410,0.61,1.60
2024/05/24 星期五 00:28:07.542,1716481687542,NH-DC-NM129-D04-ROCE-Leaf-6.GPU.S9825,FourHundredGigE1/0/61,0,0,0,0,0,0
2024/05/24 星期五 00:28:08.113,1716481688113,NH-DC-NM129-D04-ROCE-Leaf-6.GPU.S9825,FourHundredGigE1/0/61,62364,172949397,204813,791753308,0.37,1.73
2024/05/24 星期五 00:28:08.614,1716481688614,NH-DC-NM129-D04-ROCE-Leaf-6.GPU.S9825,FourHundredGigE1/0/61,0,0,0,0,0,0
2024/05/24 星期五 00:28:09.113,1716481689113,NH-DC-NM129-D04-ROCE-Leaf-6.GPU.S9825,FourHundredGigE1/0/61,148329,526025190,192902,767393518,1.30,1.90
2024/05/24 星期五 00:28:09.639,1716481689639,NH-DC-NM129-D04-ROCE-Leaf-6.GPU.S9825,FourHundredGigE1/0/61,193772,746453758,123383,442029978,1.76,1.05
2024/05/24 星期五 00:28:10.197,1716481690197,NH-DC-NM129-D04-ROCE-Leaf-6.GPU.S9825,FourHundredGigE1/0/61,0,0,0,0,0,0
2024/05/24 星期五 00:28:10.860,1716481690860,NH-DC-NM129-D04-ROCE-Leaf-6.GPU.S9825,FourHundredGigE1/0/61,152976,582498110,140450,525106804,1.09,0.98
2024/05/24 星期五 00:28:11.614,1716481691614,NH-DC-NM129-D04-ROCE-Leaf-6.GPU.S9825,FourHundredGigE1/0/61,0,0,0,0,0,0
2024/05/24 星期五 00:28:12.115,1716481692115,NH-DC-NM129-D04-ROCE-Leaf-6.GPU.S9825,FourHundredGigE1/0/61,311428,1230742700,537275,2137559534,3.07,5.31
2024/05/24 星期五 00:28:12.662,1716481692662,NH-DC-NM129-D04-ROCE-Leaf-6.GPU.S9825,FourHundredGigE1/0/61,51878,176132508,185380,708155348,0.39,1.60
2024/05/24 星期五 00:28:13.165,1716481693165,NH-DC-NM129-D04-ROCE-Leaf-6.GPU.S9825,FourHundredGigE1/0/61,0,0,0,0,0,0
2024/05/24 星期五 00:28:13.704,1716481693704,NH-DC-NM129-D04-ROCE-Leaf-6.GPU.S9825,FourHundredGigE1/0/61,137621,507938334,156656,591472388,1.16,1.37
2024/05/24 星期五 00:28:14.424,1716481694424,NH-DC-NM129-D04-ROCE-Leaf-6.GPU.S9825,FourHundredGigE1/0/61,0,0,0,0,0,0
2024/05/24 星期五 00:28:15.153,1716481695153,NH-DC-NM129-D04-ROCE-Leaf-6.GPU.S9825,FourHundredGigE1/0/61,306214,1187102048,152195,421292998,2.02,0.72
2024/05/24 星期五 00:28:15.654,1716481695654,NH-DC-NM129-D04-ROCE-Leaf-6.GPU.S9825,FourHundredGigE1/0/61,250811,922473714,246068,951959408,2.30,2.37
2024/05/24 星期五 00:28:16.154,1716481696154,NH-DC-NM129-D04-ROCE-Leaf-6.GPU.S9825,FourHundredGigE1/0/61,0,0,0,0,0,0
2024/05/24 星期五 00:28:16.781,1716481696781,NH-DC-NM129-D04-ROCE-Leaf-6.GPU.S9825,FourHundredGigE1/0/61,79984,307150142,754681,2935577618,0.60,5.84
2024/05/24 星期五 00:28:17.281,1716481697281,NH-DC-NM129-D04-ROCE-Leaf-6.GPU.S9825,FourHundredGigE1/0/61,0,0,0,0,0,0
2024/05/24 星期五 00:28:17.963,1716481697963,NH-DC-NM129-D04-ROCE-Leaf-6.GPU.S9825,FourHundredGigE1/0/61,353669,1384242352,170465,675539318,2.53,1.23
2024/05/24 星期五 00:28:18.619,1716481698619,NH-DC-NM129-D04-ROCE-Leaf-6.GPU.S9825,FourHundredGigE1/0/61,0,0,0,0,0,0
2024/05/24 星期五 00:28:19.120,1716481699120,NH-DC-NM129-D04-ROCE-Leaf-6.GPU.S9825,FourHundredGigE1/0/61,399777,1614281214,202975,749903522,4.02,1.85
2024/05/24 星期五 00:28:19.697,1716481699697,NH-DC-NM129-D04-ROCE-Leaf-6.GPU.S9825,FourHundredGigE1/0/61,273098,1064708112,200028,760619444,2.30,1.65
2024/05/24 星期五 00:28:20.304,1716481700304,NH-DC-NM129-D04-ROCE-Leaf-6.GPU.S9825,FourHundredGigE1/0/61,0,0,0,0,0,0
2024/05/24 星期五 00:28:20.805,1716481700805,NH-DC-NM129-D04-ROCE-Leaf-6.GPU.S9825,FourHundredGigE1/0/61,117993,424566938,183433,706554074,1.05,1.75
2024/05/24 星期五 00:28:21.409,1716481701409,NH-DC-NM129-D04-ROCE-Leaf-6.GPU.S9825,FourHundredGigE1/0/61,0,0,0,0,0,0
2024/05/24 星期五 00:28:21.987,1716481701987,NH-DC-NM129-D04-ROCE-Leaf-6.GPU.S9825,FourHundredGigE1/0/61,94549,310677852,166932,627886250,0.67,1.34
2024/05/24 星期五 00:28:22.502,1716481702502,NH-DC-NM129-D04-ROCE-Leaf-6.GPU.S9825,FourHundredGigE1/0/61,0,0,0,0,0,0
2024/05/24 星期五 00:28:23.007,1716481703007,NH-DC-NM129-D04-ROCE-Leaf-6.GPU.S9825,FourHundredGigE1/0/61,240584,963666666,419392,1671237422,2.38,4.13
2024/05/24 星期五 00:28:23.552,1716481703552,NH-DC-NM129-D04-ROCE-Leaf-6.GPU.S9825,FourHundredGigE1/0/61,0,0,0,0,0,0
2024/05/24 星期五 00:28:24.138,1716481704138,NH-DC-NM129-D04-ROCE-Leaf-6.GPU.S9825,FourHundredGigE1/0/61,152733,567126888,264362,983975996,1.19,2.09
2024/05/24 星期五 00:28:24.796,1716481704796,NH-DC-NM129-D04-ROCE-Leaf-6.GPU.S9825,FourHundredGigE1/0/61,344230,1356400098,216111,839223430,2.56,1.58
2024/05/24 星期五 00:28:25.358,1716481705358,NH-DC-NM129-D04-ROCE-Leaf-6.GPU.S9825,FourHundredGigE1/0/61,0,0,0,0,0,0
2024/05/24 星期五 00:28:25.879,1716481705879,NH-DC-NM129-D04-ROCE-Leaf-6.GPU.S9825,FourHundredGigE1/0/61,357748,1422655132,169304,658276896,3.41,1.56
2024/05/24 星期五 00:28:26.384,1716481706384,NH-DC-NM129-D04-ROCE-Leaf-6.GPU.S9825,FourHundredGigE1/0/61,0,0,0,0,0,0
2024/05/24 星期五 00:28:26.886,1716481706886,NH-DC-NM129-D04-ROCE-Leaf-6.GPU.S9825,FourHundredGigE1/0/61,194951,715440702,425816,1666103656,1.77,4.13
2024/05/24 星期五 00:28:27.387,1716481707387,NH-DC-NM129-D04-ROCE-Leaf-6.GPU.S9825,FourHundredGigE1/0/61,0,0,0,0,0,0
2024/05/24 星期五 00:28:28.015,1716481708015,NH-DC-NM129-D04-ROCE-Leaf-6.GPU.S9825,FourHundredGigE1/0/61,237264,900994120,144289,526459914,1.79,1.04
2024/05/24 星期五 00:28:28.715,1716481708715,NH-DC-NM129-D04-ROCE-Leaf-6.GPU.S9825,FourHundredGigE1/0/61,182729,666338166,244502,968110268,1.18,1.71
2024/05/24 星期五 00:28:29.267,1716481709267,NH-DC-NM129-D04-ROCE-Leaf-6.GPU.S9825,FourHundredGigE1/0/61,0,0,0,0,0,0
2024/05/24 星期五 00:28:29.864,1716481709864,NH-DC-NM129-D04-ROCE-Leaf-6.GPU.S9825,FourHundredGigE1/0/61,375176,1496102839,360004,1394518340,3.12,2.91
2024/05/24 星期五 00:28:30.461,1716481710461,NH-DC-NM129-D04-ROCE-Leaf-6.GPU.S9825,FourHundredGigE1/0/61,0,0,0,0,0,0
2024/05/24 星期五 00:28:30.987,1716481710987,NH-DC-NM129-D04-ROCE-Leaf-6.GPU.S9825,FourHundredGigE1/0/61,209883,826919028,140136,455476994,1.95,1.07
2024/05/24 星期五 00:28:31.635,1716481711635,NH-DC-NM129-D04-ROCE-Leaf-6.GPU.S9825,FourHundredGigE1/0/61,126443,412742978,188644,706293170,0.79,1.35
2024/05/24 星期五 00:28:32.199,1716481712199,NH-DC-NM129-D04-ROCE-Leaf-6.GPU.S9825,FourHundredGigE1/0/61,0,0,0,0,0,0
2024/05/24 星期五 00:28:32.774,1716481712774,NH-DC-NM129-D04-ROCE-Leaf-6.GPU.S9825,FourHundredGigE1/0/61,129842,461336104,156508,552364488,1,1.20
2024/05/24 星期五 00:28:33.277,1716481713277,NH-DC-NM129-D04-ROCE-Leaf-6.GPU.S9825,FourHundredGigE1/0/61,0,0,0,0,0,0
2024/05/24 星期五 00:28:33.868,1716481713868,NH-DC-NM129-D04-ROCE-Leaf-6.GPU.S9825,FourHundredGigE1/0/61,210910,795385736,122259,419100174,1.67,0.87
2024/05/24 星期五 00:28:34.499,1716481714499,NH-DC-NM129-D04-ROCE-Leaf-6.GPU.S9825,FourHundredGigE1/0/61,0,0,0,0,0,0
2024/05/24 星期五 00:28:35.072,1716481715072,NH-DC-NM129-D04-ROCE-Leaf-6.GPU.S9825,FourHundredGigE1/0/61,102198,342182182,72505,212399926,0.74,0.46
2024/05/24 星期五 00:28:35.608,1716481715608,NH-DC-NM129-D04-ROCE-Leaf-6.GPU.S9825,FourHundredGigE1/0/61,78824,288528022,242216,940921538,0.65,2.19
2024/05/24 星期五 00:28:36.123,1716481716123,NH-DC-NM129-D04-ROCE-Leaf-6.GPU.S9825,FourHundredGigE1/0/61,0,0,0,0,0,0
2024/05/24 星期五 00:28:36.630,1716481716630,NH-DC-NM129-D04-ROCE-Leaf-6.GPU.S9825,FourHundredGigE1/0/61,0,0,0,0,0,0
2024/05/24 星期五 00:28:37.132,1716481717132,NH-DC-NM129-D04-ROCE-Leaf-6.GPU.S9825,FourHundredGigE1/0/61,118224,450949058,109588,398301838,1.12,0.97
2024/05/24 星期五 00:28:37.719,1716481717719,NH-DC-NM129-D04-ROCE-Leaf-6.GPU.S9825,FourHundredGigE1/0/61,108738,417734609,458539,1790806518,0.87,3.81
2024/05/24 星期五 00:28:38.315,1716481718315,NH-DC-NM129-D04-ROCE-Leaf-6.GPU.S9825,FourHundredGigE1/0/61,0,0,0,0,0,0
2024/05/24 星期五 00:28:38.910,1716481718910,NH-DC-NM129-D04-ROCE-Leaf-6.GPU.S9825,FourHundredGigE1/0/61,76307,284971130,118346,451741640,0.59,0.95
2024/05/24 星期五 00:28:39.816,1716481719816,NH-DC-NM129-D04-ROCE-Leaf-6.GPU.S9825,FourHundredGigE1/0/61,354352,1369005564,129235,525378038,1.88,0.72
2024/05/24 星期五 00:28:40.314,1716481720314,NH-DC-NM129-D04-ROCE-Leaf-6.GPU.S9825,FourHundredGigE1/0/61,0,0,0,0,0,0
2024/05/24 星期五 00:28:40.861,1716481720861,NH-DC-NM129-D04-ROCE-Leaf-6.GPU.S9825,FourHundredGigE1/0/61,451234,1694299248,97883,362473546,3.86,0.82
2024/05/24 星期五 00:28:41.463,1716481721463,NH-DC-NM129-D04-ROCE-Leaf-6.GPU.S9825,FourHundredGigE1/0/61,331338,1225686794,234100,945643180,2.53,1.95
2024/05/24 星期五 00:28:42.821,1716481722821,NH-DC-NM129-D04-ROCE-Leaf-6.GPU.S9825,FourHundredGigE1/0/61,194268,771284404,122358,469644452,0.71,0.42
2024/05/24 星期五 00:28:43.336,1716481723336,NH-DC-NM129-D04-ROCE-Leaf-6.GPU.S9825,FourHundredGigE1/0/61,0,0,0,0,0,0
2024/05/24 星期五 00:28:43.958,1716481723958,NH-DC-NM129-D04-ROCE-Leaf-6.GPU.S9825,FourHundredGigE1/0/61,117118,454485034,100979,379801946,0.90,0.74
2024/05/24 星期五 00:28:44.661,1716481724661,NH-DC-NM129-D04-ROCE-Leaf-6.GPU.S9825,FourHundredGigE1/0/61,0,0,0,0,0,0
2024/05/24 星期五 00:28:45.164,1716481725164,NH-DC-NM129-D04-ROCE-Leaf-6.GPU.S9825,FourHundredGigE1/0/61,389352,1453023108,655443,2628170634,3.60,6.51
2024/05/24 星期五 00:28:45.881,1716481725881,NH-DC-NM129-D04-ROCE-Leaf-6.GPU.S9825,FourHundredGigE1/0/61,195125,766070022,172686,668180008,1.32,1.15
2024/05/24 星期五 00:28:46.614,1716481726614,NH-DC-NM129-D04-ROCE-Leaf-6.GPU.S9825,FourHundredGigE1/0/61,424272,1641335492,189342,727400104,2.80,1.23
2024/05/24 星期五 00:28:47.257,1716481727257,NH-DC-NM129-D04-ROCE-Leaf-6.GPU.S9825,FourHundredGigE1/0/61,0,0,0,0,0,0
2024/05/24 星期五 00:28:47.928,1716481727928,NH-DC-NM129-D04-ROCE-Leaf-6.GPU.S9825,FourHundredGigE1/0/61,328560,1281656300,291547,1073114006,2.38,1.99
2024/05/24 星期五 00:28:48.450,1716481728450,NH-DC-NM129-D04-ROCE-Leaf-6.GPU.S9825,FourHundredGigE1/0/61,0,0,0,0,0,0
2024/05/24 星期五 00:28:49.119,1716481729119,NH-DC-NM129-D04-ROCE-Leaf-6.GPU.S9825,FourHundredGigE1/0/61,140225,566350256,305127,932385670,1.05,1.74
2024/05/24 星期五 00:28:49.751,1716481729751,NH-DC-NM129-D04-ROCE-Leaf-6.GPU.S9825,FourHundredGigE1/0/61,342611,1411270868,133027,487706746,2.79,0.95
2024/05/24 星期五 00:28:50.279,1716481730279,NH-DC-NM129-D04-ROCE-Leaf-6.GPU.S9825,FourHundredGigE1/0/61,0,0,0,0,0,0
2024/05/24 星期五 00:28:50.780,1716481730780,NH-DC-NM129-D04-ROCE-Leaf-6.GPU.S9825,FourHundredGigE1/0/61,312789,1244900934,143359,544275622,3.09,1.35
2024/05/24 星期五 00:28:51.400,1716481731400,NH-DC-NM129-D04-ROCE-Leaf-6.GPU.S9825,FourHundredGigE1/0/61,0,0,0,0,0,0
2024/05/24 星期五 00:28:51.911,1716481731911,NH-DC-NM129-D04-ROCE-Leaf-6.GPU.S9825,FourHundredGigE1/0/61,432892,1704310936,674394,2712112088,4.16,6.63
2024/05/24 星期五 00:28:52.583,1716481732583,NH-DC-NM129-D04-ROCE-Leaf-6.GPU.S9825,FourHundredGigE1/0/61,0,0,0,0,0,0
2024/05/24 星期五 00:28:53.091,1716481733091,NH-DC-NM129-D04-ROCE-Leaf-6.GPU.S9825,FourHundredGigE1/0/61,140362,535462592,178371,668668218,1.30,1.62
2024/05/24 星期五 00:28:53.741,1716481733741,NH-DC-NM129-D04-ROCE-Leaf-6.GPU.S9825,FourHundredGigE1/0/61,68499,214500332,154498,564766140,0.40,1.08
2024/05/24 星期五 00:28:54.261,1716481734261,NH-DC-NM129-D04-ROCE-Leaf-6.GPU.S9825,FourHundredGigE1/0/61,0,0,0,0,0,0
2024/05/24 星期五 00:28:55.874,1716481735874,NH-DC-NM129-D04-ROCE-Leaf-6.GPU.S9825,FourHundredGigE1/0/61,445970,1728147052,277804,1053431228,1.33,0.81
2024/05/24 星期五 00:28:56.374,1716481736374,NH-DC-NM129-D04-ROCE-Leaf-6.GPU.S9825,FourHundredGigE1/0/61,0,0,0,0,0,0
2024/05/24 星期五 00:28:56.902,1716481736902,NH-DC-NM129-D04-ROCE-Leaf-6.GPU.S9825,FourHundredGigE1/0/61,143672,544087842,336708,1301891316,1.28,3.08
2024/05/24 星期五 00:28:57.414,1716481737414,NH-DC-NM129-D04-ROCE-Leaf-6.GPU.S9825,FourHundredGigE1/0/61,0,0,0,0,0,0
2024/05/24 星期五 00:28:57.915,1716481737915,NH-DC-NM129-D04-ROCE-Leaf-6.GPU.S9825,FourHundredGigE1/0/61,102170,368398792,121692,461102104,0.90,1.15
2024/05/24 星期五 00:28:58.474,1716481738474,NH-DC-NM129-D04-ROCE-Leaf-6.GPU.S9825,FourHundredGigE1/0/61,0,0,0,0,0,0
2024/05/24 星期五 00:28:59.069,1716481739069,NH-DC-NM129-D04-ROCE-Leaf-6.GPU.S9825,FourHundredGigE1/0/61,352440,1389885508,293583,1139666786,2.90,2.37
2024/05/24 星期五 00:28:59.645,1716481739645,NH-DC-NM129-D04-ROCE-Leaf-6.GPU.S9825,FourHundredGigE1/0/61,85883,325814826,81906,309652636,0.69,0.65
2024/05/24 星期五 00:29:00.246,1716481740246,NH-DC-NM129-D04-ROCE-Leaf-6.GPU.S9825,FourHundredGigE1/0/61,0,0,0,0,0,0
2024/05/24 星期五 00:29:00.759,1716481740759,NH-DC-NM129-D04-ROCE-Leaf-6.GPU.S9825,FourHundredGigE1/0/61,142456,588079712,115621,433178006,1.41,1.05
2024/05/24 星期五 00:29:01.258,1716481741258,NH-DC-NM129-D04-ROCE-Leaf-6.GPU.S9825,FourHundredGigE1/0/61,0,0,0,0,0,0
2024/05/24 星期五 00:29:01.881,1716481741881,NH-DC-NM129-D04-ROCE-Leaf-6.GPU.S9825,FourHundredGigE1/0/61,182436,674780468,136633,525503738,1.34,1.04
2024/05/24 星期五 00:29:03.019,1716481743019,NH-DC-NM129-D04-ROCE-Leaf-6.GPU.S9825,FourHundredGigE1/0/61,319250,1202662656,473094,1816411948,1.32,1.99
2024/05/24 星期五 00:29:04.495,1716481744495,NH-DC-NM129-D04-ROCE-Leaf-6.GPU.S9825,FourHundredGigE1/0/61,0,0,0,0,0,0
2024/05/24 星期五 00:29:05.095,1716481745095,NH-DC-NM129-D04-ROCE-Leaf-6.GPU.S9825,FourHundredGigE1/0/61,109898,365291136,191544,735625564,0.75,1.52
2024/05/24 星期五 00:29:05.717,1716481745717,NH-DC-NM129-D04-ROCE-Leaf-6.GPU.S9825,FourHundredGigE1/0/61,111515,394628586,476288,1932752152,0.78,3.88
2024/05/24 星期五 00:29:06.217,1716481746217,NH-DC-NM129-D04-ROCE-Leaf-6.GPU.S9825,FourHundredGigE1/0/61,0,0,0,0,0,0
2024/05/24 星期五 00:29:06.903,1716481746903,NH-DC-NM129-D04-ROCE-Leaf-6.GPU.S9825,FourHundredGigE1/0/61,193753,673715042,107963,387681222,1.22,0.69
2024/05/24 星期五 00:29:07.442,1716481747442,NH-DC-NM129-D04-ROCE-Leaf-6.GPU.S9825,FourHundredGigE1/0/61,0,0,0,0,0,0
2024/05/24 星期五 00:29:08.405,1716481748405,NH-DC-NM129-D04-ROCE-Leaf-6.GPU.S9825,FourHundredGigE1/0/61,92090,308277531,86045,306988934,0.39,0.39
2024/05/24 星期五 00:29:08.906,1716481748906,NH-DC-NM129-D04-ROCE-Leaf-6.GPU.S9825,FourHundredGigE1/0/61,176247,682429110,110105,413609106,1.70,1.02
2024/05/24 星期五 00:29:09.417,1716481749417,NH-DC-NM129-D04-ROCE-Leaf-6.GPU.S9825,FourHundredGigE1/0/61,0,0,0,0,0,0
2024/05/24 星期五 00:29:09.961,1716481749961,NH-DC-NM129-D04-ROCE-Leaf-6.GPU.S9825,FourHundredGigE1/0/61,394431,1555954662,39940,95053804,3.56,0.21
2024/05/24 星期五 00:29:10.721,1716481750721,NH-DC-NM129-D04-ROCE-Leaf-6.GPU.S9825,FourHundredGigE1/0/61,167324,626684484,295312,1157464736,1.02,1.89
2024/05/24 星期五 00:29:11.361,1716481751361,NH-DC-NM129-D04-ROCE-Leaf-6.GPU.S9825,FourHundredGigE1/0/61,0,0,0,0,0,0
2024/05/24 星期五 00:29:12.046,1716481752046,NH-DC-NM129-D04-ROCE-Leaf-6.GPU.S9825,FourHundredGigE1/0/61,216895,829077926,182568,713812392,1.50,1.30
2024/05/24 星期五 00:29:12.658,1716481752658,NH-DC-NM129-D04-ROCE-Leaf-6.GPU.S9825,FourHundredGigE1/0/61,0,0,0,0,0,0
2024/05/24 星期五 00:29:13.158,1716481753158,NH-DC-NM129-D04-ROCE-Leaf-6.GPU.S9825,FourHundredGigE1/0/61,402622,1622174728,360466,1276867688,4.05,3.18
2024/05/24 星期五 00:29:13.922,1716481753922,NH-DC-NM129-D04-ROCE-Leaf-6.GPU.S9825,FourHundredGigE1/0/61,611363,2422801314,411684,1576272920,3.96,2.57
2024/05/24 星期五 00:29:14.598,1716481754598,NH-DC-NM129-D04-ROCE-Leaf-6.GPU.S9825,FourHundredGigE1/0/61,0,0,0,0,0,0
2024/05/24 星期五 00:29:15.163,1716481755163,NH-DC-NM129-D04-ROCE-Leaf-6.GPU.S9825,FourHundredGigE1/0/61,174220,621219324,119647,418746784,1.37,0.91
2024/05/24 星期五 00:29:15.768,1716481755768,NH-DC-NM129-D04-ROCE-Leaf-6.GPU.S9825,FourHundredGigE1/0/61,106287,414032002,310774,1181598090,0.85,2.44
2024/05/24 星期五 00:29:16.286,1716481756286,NH-DC-NM129-D04-ROCE-Leaf-6.GPU.S9825,FourHundredGigE1/0/61,0,0,0,0,0,0
2024/05/24 星期五 00:29:16.815,1716481756815,NH-DC-NM129-D04-ROCE-Leaf-6.GPU.S9825,FourHundredGigE1/0/61,455422,1850058716,284833,1123210770,4.37,2.65
2024/05/24 星期五 00:29:17.451,1716481757451,NH-DC-NM129-D04-ROCE-Leaf-6.GPU.S9825,FourHundredGigE1/0/61,0,0,0,0,0,0
2024/05/24 星期五 00:29:17.981,1716481757981,NH-DC-NM129-D04-ROCE-Leaf-6.GPU.S9825,FourHundredGigE1/0/61,139243,546853974,222633,860015540,1.27,2.03
2024/05/24 星期五 00:29:18.632,1716481758632,NH-DC-NM129-D04-ROCE-Leaf-6.GPU.S9825,FourHundredGigE1/0/61,0,0,0,0,0,0
2024/05/24 星期五 00:29:19.133,1716481759133,NH-DC-NM129-D04-ROCE-Leaf-6.GPU.S9825,FourHundredGigE1/0/61,183501,696855955,415211,1678523728,1.72,4.17
2024/05/24 星期五 00:29:19.634,1716481759634,NH-DC-NM129-D04-ROCE-Leaf-6.GPU.S9825,FourHundredGigE1/0/61,0,0,0,0,0,0
2024/05/24 星期五 00:29:20.154,1716481760154,NH-DC-NM129-D04-ROCE-Leaf-6.GPU.S9825,FourHundredGigE1/0/61,502575,1900534730,62270,226883408,4.57,0.53
2024/05/24 星期五 00:29:21.468,1716481761468,NH-DC-NM129-D04-ROCE-Leaf-6.GPU.S9825,FourHundredGigE1/0/61,286730,1079792792,241161,975046026,1.02,0.92
2024/05/24 星期五 00:29:21.977,1716481761977,NH-DC-NM129-D04-ROCE-Leaf-6.GPU.S9825,FourHundredGigE1/0/61,262166,1005347954,159869,635226062,2.46,1.55
2024/05/24 星期五 00:29:22.537,1716481762537,NH-DC-NM129-D04-ROCE-Leaf-6.GPU.S9825,FourHundredGigE1/0/61,0,0,0,0,0,0
2024/05/24 星期五 00:29:23.547,1716481763547,NH-DC-NM129-D04-ROCE-Leaf-6.GPU.S9825,FourHundredGigE1/0/61,153586,654584142,206550,800163744,0.80,0.99
2024/05/24 星期五 00:29:25.011,1716481765011,NH-DC-NM129-D04-ROCE-Leaf-6.GPU.S9825,FourHundredGigE1/0/61,287451,1056525918,422194,1574242280,0.90,1.34
2024/05/24 星期五 00:29:25.568,1716481765568,NH-DC-NM129-D04-ROCE-Leaf-6.GPU.S9825,FourHundredGigE1/0/61,0,0,0,0,0,0
2024/05/24 星期五 00:29:27.008,1716481767008,NH-DC-NM129-D04-ROCE-Leaf-6.GPU.S9825,FourHundredGigE1/0/61,536666,2200807496,217805,822309982,1.91,0.71
2024/05/24 星期五 00:29:27.599,1716481767599,NH-DC-NM129-D04-ROCE-Leaf-6.GPU.S9825,FourHundredGigE1/0/61,0,0,0,0,0,0
2024/05/24 星期五 00:29:28.098,1716481768098,NH-DC-NM129-D04-ROCE-Leaf-6.GPU.S9825,FourHundredGigE1/0/61,529606,2080982036,479417,1977161866,5.21,4.93
2024/05/24 星期五 00:29:28.721,1716481768721,NH-DC-NM129-D04-ROCE-Leaf-6.GPU.S9825,FourHundredGigE1/0/61,302221,1131734570,85996,323384380,2.27,0.64
2024/05/24 星期五 00:29:29.222,1716481769222,NH-DC-NM129-D04-ROCE-Leaf-6.GPU.S9825,FourHundredGigE1/0/61,0,0,0,0,0,0
2024/05/24 星期五 00:29:29.725,1716481769725,NH-DC-NM129-D04-ROCE-Leaf-6.GPU.S9825,FourHundredGigE1/0/61,296537,1157232670,419763,1679643550,2.86,4.15
2024/05/24 星期五 00:29:30.341,1716481770341,NH-DC-NM129-D04-ROCE-Leaf-6.GPU.S9825,FourHundredGigE1/0/61,0,0,0,0,0,0
2024/05/24 星期五 00:29:30.931,1716481770931,NH-DC-NM129-D04-ROCE-Leaf-6.GPU.S9825,FourHundredGigE1/0/61,566940,2312704096,399087,1542540434,4.89,3.26
2024/05/24 星期五 00:29:31.433,1716481771433,NH-DC-NM129-D04-ROCE-Leaf-6.GPU.S9825,FourHundredGigE1/0/61,251874,991973532,304964,1122999290,2.47,2.79
2024/05/24 星期五 00:29:32.145,1716481772145,NH-DC-NM129-D04-ROCE-Leaf-6.GPU.S9825,FourHundredGigE1/0/61,0,0,0,0,0,0
2024/05/24 星期五 00:29:32.711,1716481772711,NH-DC-NM129-D04-ROCE-Leaf-6.GPU.S9825,FourHundredGigE1/0/61,0,0,0,0,0,0
2024/05/24 星期五 00:29:33.213,1716481773213,NH-DC-NM129-D04-ROCE-Leaf-6.GPU.S9825,FourHundredGigE1/0/61,234191,887061518,243461,744506928,2.19,1.84
2024/05/24 星期五 00:29:34.031,1716481774031,NH-DC-NM129-D04-ROCE-Leaf-6.GPU.S9825,FourHundredGigE1/0/61,173070,627093588,220629,857397602,0.95,1.30
2024/05/24 星期五 00:29:34.616,1716481774616,NH-DC-NM129-D04-ROCE-Leaf-6.GPU.S9825,FourHundredGigE1/0/61,0,0,0,0,0,0
2024/05/24 星期五 00:29:35.120,1716481775120,NH-DC-NM129-D04-ROCE-Leaf-6.GPU.S9825,FourHundredGigE1/0/61,394182,1580872770,451816,1809928316,3.92,4.46
2024/05/24 星期五 00:29:35.795,1716481775795,NH-DC-NM129-D04-ROCE-Leaf-6.GPU.S9825,FourHundredGigE1/0/61,67785,212867196,242282,876336740,0.39,1.61
2024/05/24 星期五 00:29:37.022,1716481777022,NH-DC-NM129-D04-ROCE-Leaf-6.GPU.S9825,FourHundredGigE1/0/61,252516,1026108264,111891,411600218,1.04,0.42
2024/05/24 星期五 00:29:37.593,1716481777593,NH-DC-NM129-D04-ROCE-Leaf-6.GPU.S9825,FourHundredGigE1/0/61,0,0,0,0,0,0
2024/05/24 星期五 00:29:38.093,1716481778093,NH-DC-NM129-D04-ROCE-Leaf-6.GPU.S9825,FourHundredGigE1/0/61,212494,832662907,227314,881798520,2.08,2.2
2024/05/24 星期五 00:29:38.661,1716481778661,NH-DC-NM129-D04-ROCE-Leaf-6.GPU.S9825,FourHundredGigE1/0/61,0,0,0,0,0,0
2024/05/24 星期五 00:29:39.163,1716481779163,NH-DC-NM129-D04-ROCE-Leaf-6.GPU.S9825,FourHundredGigE1/0/61,586483,2330339372,403129,1619982178,5.80,4.01
2024/05/24 星期五 00:29:39.668,1716481779668,NH-DC-NM129-D04-ROCE-Leaf-6.GPU.S9825,FourHundredGigE1/0/61,192738,740011044,276668,1086694128,1.83,2.67
2024/05/24 星期五 00:29:40.268,1716481780268,NH-DC-NM129-D04-ROCE-Leaf-6.GPU.S9825,FourHundredGigE1/0/61,0,0,0,0,0,0
2024/05/24 星期五 00:29:40.849,1716481780849,NH-DC-NM129-D04-ROCE-Leaf-6.GPU.S9825,FourHundredGigE1/0/61,226428,870384570,108035,391721210,1.87,0.84
2024/05/24 星期五 00:29:41.366,1716481781366,NH-DC-NM129-D04-ROCE-Leaf-6.GPU.S9825,FourHundredGigE1/0/61,212881,765042048,336550,1310165126,1.84,3.17
2024/05/24 星期五 00:29:42.148,1716481782148,NH-DC-NM129-D04-ROCE-Leaf-6.GPU.S9825,FourHundredGigE1/0/61,0,0,0,0,0,0
2024/05/24 星期五 00:29:42.904,1716481782904,NH-DC-NM129-D04-ROCE-Leaf-6.GPU.S9825,FourHundredGigE1/0/61,316936,1241658498,281259,1085443988,2.05,1.79
2024/05/24 星期五 00:29:43.481,1716481783481,NH-DC-NM129-D04-ROCE-Leaf-6.GPU.S9825,FourHundredGigE1/0/61,364837,1467361094,229960,876705957,3.16,1.88
2024/05/24 星期五 00:29:44.248,1716481784248,NH-DC-NM129-D04-ROCE-Leaf-6.GPU.S9825,FourHundredGigE1/0/61,0,0,0,0,0,0
2024/05/24 星期五 00:29:44.791,1716481784791,NH-DC-NM129-D04-ROCE-Leaf-6.GPU.S9825,FourHundredGigE1/0/61,120762,463042820,82354,318591076,1.06,0.71
2024/05/24 星期五 00:29:45.294,1716481785294,NH-DC-NM129-D04-ROCE-Leaf-6.GPU.S9825,FourHundredGigE1/0/61,0,0,0,0,0,0
2024/05/24 星期五 00:29:45.964,1716481785964,NH-DC-NM129-D04-ROCE-Leaf-6.GPU.S9825,FourHundredGigE1/0/61,329130,1329825932,230436,731649100,2.46,1.36
2024/05/24 星期五 00:29:46.754,1716481786754,NH-DC-NM129-D04-ROCE-Leaf-6.GPU.S9825,FourHundredGigE1/0/61,108961,379651682,105019,381566838,0.59,0.60
2024/05/24 星期五 00:29:47.477,1716481787477,NH-DC-NM129-D04-ROCE-Leaf-6.GPU.S9825,FourHundredGigE1/0/61,0,0,0,0,0,0
2024/05/24 星期五 00:29:48.054,1716481788054,NH-DC-NM129-D04-ROCE-Leaf-6.GPU.S9825,FourHundredGigE1/0/61,71911,168489078,169588,673282564,0.35,1.45
2024/05/24 星期五 00:29:48.554,1716481788554,NH-DC-NM129-D04-ROCE-Leaf-6.GPU.S9825,FourHundredGigE1/0/61,0,0,0,0,0,0
2024/05/24 星期五 00:29:49.058,1716481789058,NH-DC-NM129-D04-ROCE-Leaf-6.GPU.S9825,FourHundredGigE1/0/61,244780,988204116,107110,410675648,2.43,1.02
2024/05/24 星期五 00:29:49.798,1716481789798,NH-DC-NM129-D04-ROCE-Leaf-6.GPU.S9825,FourHundredGigE1/0/61,157483,610437844,261165,1051958906,1.03,1.77
2024/05/24 星期五 00:29:50.376,1716481790376,NH-DC-NM129-D04-ROCE-Leaf-6.GPU.S9825,FourHundredGigE1/0/61,0,0,0,0,0,0
2024/05/24 星期五 00:29:51.017,1716481791017,NH-DC-NM129-D04-ROCE-Leaf-6.GPU.S9825,FourHundredGigE1/0/61,102145,335176254,116898,434045636,0.64,0.84
2024/05/24 星期五 00:29:51.567,1716481791567,NH-DC-NM129-D04-ROCE-Leaf-6.GPU.S9825,FourHundredGigE1/0/61,0,0,0,0,0,0
2024/05/24 星期五 00:29:52.081,1716481792081,NH-DC-NM129-D04-ROCE-Leaf-6.GPU.S9825,FourHundredGigE1/0/61,179098,667203790,196803,723344778,1.61,1.75
2024/05/24 星期五 00:29:52.637,1716481792637,NH-DC-NM129-D04-ROCE-Leaf-6.GPU.S9825,FourHundredGigE1/0/61,317948,1270365288,363609,1439830114,2.86,3.21
2024/05/24 星期五 00:29:53.270,1716481793270,NH-DC-NM129-D04-ROCE-Leaf-6.GPU.S9825,FourHundredGigE1/0/61,0,0,0,0,0,0
2024/05/24 星期五 00:29:54.159,1716481794159,NH-DC-NM129-D04-ROCE-Leaf-6.GPU.S9825,FourHundredGigE1/0/61,190741,714973686,150918,556208708,1.00,0.77
2024/05/24 星期五 00:29:54.845,1716481794845,NH-DC-NM129-D04-ROCE-Leaf-6.GPU.S9825,FourHundredGigE1/0/61,201879,795208006,111475,348992846,1.44,0.62
2024/05/24 星期五 00:29:55.492,1716481795492,NH-DC-NM129-D04-ROCE-Leaf-6.GPU.S9825,FourHundredGigE1/0/61,0,0,0,0,0,0
2024/05/24 星期五 00:29:57.584,1716481797584,NH-DC-NM129-D04-ROCE-Leaf-6.GPU.S9825,FourHundredGigE1/0/61,893311,3606695366,420898,1584533616,2.15,0.94
2024/05/24 星期五 00:29:58.097,1716481798097,NH-DC-NM129-D04-ROCE-Leaf-6.GPU.S9825,FourHundredGigE1/0/61,272857,1048440682,153977,505380622,2.53,1.22
2024/05/24 星期五 00:29:58.611,1716481798611,NH-DC-NM129-D04-ROCE-Leaf-6.GPU.S9825,FourHundredGigE1/0/61,0,0,0,0,0,0
2024/05/24 星期五 00:29:59.120,1716481799120,NH-DC-NM129-D04-ROCE-Leaf-6.GPU.S9825,FourHundredGigE1/0/61,615878,2453362256,158090,597374468,6.02,1.45
2024/05/24 星期五 00:29:59.801,1716481799801,NH-DC-NM129-D04-ROCE-Leaf-6.GPU.S9825,FourHundredGigE1/0/61,294332,1066157920,361438,1407561256,1.95,2.57
2024/05/24 星期五 00:30:00.571,1716481800571,NH-DC-NM129-D04-ROCE-Leaf-6.GPU.S9825,FourHundredGigE1/0/61,72673,229675714,151940,503556680,0.36,0.81
2024/05/24 星期五 00:30:01.132,1716481801132,NH-DC-NM129-D04-ROCE-Leaf-6.GPU.S9825,FourHundredGigE1/0/61,0,0,0,0,0,0
2024/05/24 星期五 00:30:01.708,1716481801708,NH-DC-NM129-D04-ROCE-Leaf-6.GPU.S9825,FourHundredGigE1/0/61,271727,1100648632,510212,1919374528,2.39,4.14
2024/05/24 星期五 00:30:02.210,1716481802210,NH-DC-NM129-D04-ROCE-Leaf-6.GPU.S9825,FourHundredGigE1/0/61,117520,436459044,388242,1480594372,1.07,3.69
2024/05/24 星期五 00:30:04.064,1716481804064,NH-DC-NM129-D04-ROCE-Leaf-6.GPU.S9825,FourHundredGigE1/0/61,444552,1712287630,231784,852402660,1.15,0.57
2024/05/24 星期五 00:30:04.926,1716481804926,NH-DC-NM129-D04-ROCE-Leaf-6.GPU.S9825,FourHundredGigE1/0/61,211481,601790406,185187,715152426,0.87,1.03
2024/05/24 星期五 00:30:05.448,1716481805448,NH-DC-NM129-D04-ROCE-Leaf-6.GPU.S9825,FourHundredGigE1/0/61,0,0,0,0,0,0
2024/05/24 星期五 00:30:05.950,1716481805950,NH-DC-NM129-D04-ROCE-Leaf-6.GPU.S9825,FourHundredGigE1/0/61,103453,311150726,228690,865063394,0.77,2.14
2024/05/24 星期五 00:30:06.501,1716481806501,NH-DC-NM129-D04-ROCE-Leaf-6.GPU.S9825,FourHundredGigE1/0/61,0,0,0,0,0,0
2024/05/24 星期五 00:30:07.088,1716481807088,NH-DC-NM129-D04-ROCE-Leaf-6.GPU.S9825,FourHundredGigE1/0/61,382993,1500570262,374321,1508043020,3.19,3.19
2024/05/24 星期五 00:30:07.691,1716481807691,NH-DC-NM129-D04-ROCE-Leaf-6.GPU.S9825,FourHundredGigE1/0/61,235141,891665985,157357,556094352,1.84,1.14
2024/05/24 星期五 00:30:08.324,1716481808324,NH-DC-NM129-D04-ROCE-Leaf-6.GPU.S9825,FourHundredGigE1/0/61,0,0,0,0,0,0
2024/05/24 星期五 00:30:08.847,1716481808847,NH-DC-NM129-D04-ROCE-Leaf-6.GPU.S9825,FourHundredGigE1/0/61,260256,1050944428,278449,1087666812,2.51,2.58
2024/05/24 星期五 00:30:09.346,1716481809346,NH-DC-NM129-D04-ROCE-Leaf-6.GPU.S9825,FourHundredGigE1/0/61,0,0,0,0,0,0
2024/05/24 星期五 00:30:09.867,1716481809867,NH-DC-NM129-D04-ROCE-Leaf-6.GPU.S9825,FourHundredGigE1/0/61,259359,857196050,106706,419506260,2.04,0.98
2024/05/24 星期五 00:30:10.460,1716481810460,NH-DC-NM129-D04-ROCE-Leaf-6.GPU.S9825,FourHundredGigE1/0/61,312595,1090149360,384615,1575795310,2.30,3.31
2024/05/24 星期五 00:30:11.195,1716481811195,NH-DC-NM129-D04-ROCE-Leaf-6.GPU.S9825,FourHundredGigE1/0/61,0,0,0,0,0,0
2024/05/24 星期五 00:30:11.890,1716481811890,NH-DC-NM129-D04-ROCE-Leaf-6.GPU.S9825,FourHundredGigE1/0/61,237205,930262104,80453,285199902,1.67,0.50
2024/05/24 星期五 00:30:12.415,1716481812415,NH-DC-NM129-D04-ROCE-Leaf-6.GPU.S9825,FourHundredGigE1/0/61,0,0,0,0,0,0
2024/05/24 星期五 00:30:12.915,1716481812915,NH-DC-NM129-D04-ROCE-Leaf-6.GPU.S9825,FourHundredGigE1/0/61,173389,670551150,67238,193097114,1.68,0.48
2024/05/24 星期五 00:30:13.520,1716481813520,NH-DC-NM129-D04-ROCE-Leaf-6.GPU.S9825,FourHundredGigE1/0/61,123929,447382004,126259,458168060,0.91,0.93
2024/05/24 星期五 00:30:14.369,1716481814369,NH-DC-NM129-D04-ROCE-Leaf-6.GPU.S9825,FourHundredGigE1/0/61,0,0,0,0,0,0
2024/05/24 星期五 00:30:15.100,1716481815100,NH-DC-NM129-D04-ROCE-Leaf-6.GPU.S9825,FourHundredGigE1/0/61,519257,2122480332,131521,451872194,3.63,0.77
2024/05/24 星期五 00:30:15.663,1716481815663,NH-DC-NM129-D04-ROCE-Leaf-6.GPU.S9825,FourHundredGigE1/0/61,74085,281167106,104048,387906436,0.62,0.84
2024/05/24 星期五 00:30:16.167,1716481816167,NH-DC-NM129-D04-ROCE-Leaf-6.GPU.S9825,FourHundredGigE1/0/61,0,0,0,0,0,0
2024/05/24 星期五 00:30:16.673,1716481816673,NH-DC-NM129-D04-ROCE-Leaf-6.GPU.S9825,FourHundredGigE1/0/61,0,0,0,0,0,0
2024/05/24 星期五 00:30:17.173,1716481817173,NH-DC-NM129-D04-ROCE-Leaf-6.GPU.S9825,FourHundredGigE1/0/61,135795,520003030,157080,617512148,1.3,1.52
2024/05/24 星期五 00:30:17.797,1716481817797,NH-DC-NM129-D04-ROCE-Leaf-6.GPU.S9825,FourHundredGigE1/0/61,103862,362706952,114754,377283128,0.72,0.74
2024/05/24 星期五 00:30:18.512,1716481818512,NH-DC-NM129-D04-ROCE-Leaf-6.GPU.S9825,FourHundredGigE1/0/61,0,0,0,0,0,0
2024/05/24 星期五 00:30:19.080,1716481819080,NH-DC-NM129-D04-ROCE-Leaf-6.GPU.S9825,FourHundredGigE1/0/61,56938,183169216,148849,559963138,0.40,1.21
2024/05/24 星期五 00:30:19.581,1716481819581,NH-DC-NM129-D04-ROCE-Leaf-6.GPU.S9825,FourHundredGigE1/0/61,0,0,0,0,0,0
2024/05/24 星期五 00:30:20.084,1716481820084,NH-DC-NM129-D04-ROCE-Leaf-6.GPU.S9825,FourHundredGigE1/0/61,169415,666304210,444862,1761579800,1.64,4.37
2024/05/24 星期五 00:30:20.648,1716481820648,NH-DC-NM129-D04-ROCE-Leaf-6.GPU.S9825,FourHundredGigE1/0/61,0,0,0,0,0,0
2024/05/24 星期五 00:30:21.150,1716481821150,NH-DC-NM129-D04-ROCE-Leaf-6.GPU.S9825,FourHundredGigE1/0/61,83084,322034958,134101,523715370,0.80,1.29
2024/05/24 星期五 00:30:21.939,1716481821939,NH-DC-NM129-D04-ROCE-Leaf-6.GPU.S9825,FourHundredGigE1/0/61,494398,1972737548,200487,764162430,3.12,1.20
2024/05/24 星期五 00:30:22.481,1716481822481,NH-DC-NM129-D04-ROCE-Leaf-6.GPU.S9825,FourHundredGigE1/0/61,0,0,0,0,0,0
2024/05/24 星期五 00:30:22.983,1716481822983,NH-DC-NM129-D04-ROCE-Leaf-6.GPU.S9825,FourHundredGigE1/0/61,130054,489809074,248424,934340068,1.20,2.32
2024/05/24 星期五 00:30:23.618,1716481823618,NH-DC-NM129-D04-ROCE-Leaf-6.GPU.S9825,FourHundredGigE1/0/61,85094,294109732,533403,2120309750,0.57,4.17
2024/05/24 星期五 00:30:25.175,1716481825175,NH-DC-NM129-D04-ROCE-Leaf-6.GPU.S9825,FourHundredGigE1/0/61,351657,1400004802,744242,3007125040,1.12,2.41
2024/05/24 星期五 00:30:25.765,1716481825765,NH-DC-NM129-D04-ROCE-Leaf-6.GPU.S9825,FourHundredGigE1/0/61,136516,520502244,230673,871520302,1.10,1.84
2024/05/24 星期五 00:30:26.266,1716481826266,NH-DC-NM129-D04-ROCE-Leaf-6.GPU.S9825,FourHundredGigE1/0/61,0,0,0,0,0,0
2024/05/24 星期五 00:30:27.205,1716481827205,NH-DC-NM129-D04-ROCE-Leaf-6.GPU.S9825,FourHundredGigE1/0/61,280249,1063806838,112058,389353320,1.41,0.51
2024/05/24 星期五 00:30:27.815,1716481827815,NH-DC-NM129-D04-ROCE-Leaf-6.GPU.S9825,FourHundredGigE1/0/61,287149,1163246590,296862,1174374304,2.38,2.40
2024/05/24 星期五 00:30:28.613,1716481828613,NH-DC-NM129-D04-ROCE-Leaf-6.GPU.S9825,FourHundredGigE1/0/61,743006,2978730580,357299,1400956640,4.65,2.19
2024/05/24 星期五 00:30:29.213,1716481829213,NH-DC-NM129-D04-ROCE-Leaf-6.GPU.S9825,FourHundredGigE1/0/61,0,0,0,0,0,0
2024/05/24 星期五 00:30:29.715,1716481829715,NH-DC-NM129-D04-ROCE-Leaf-6.GPU.S9825,FourHundredGigE1/0/61,179356,641365644,213602,802722182,1.59,1.99
2024/05/24 星期五 00:30:30.219,1716481830219,NH-DC-NM129-D04-ROCE-Leaf-6.GPU.S9825,FourHundredGigE1/0/61,0,0,0,0,0,0
2024/05/24 星期五 00:30:30.753,1716481830753,NH-DC-NM129-D04-ROCE-Leaf-6.GPU.S9825,FourHundredGigE1/0/61,439225,1580732370,282518,1099738816,3.70,2.55
2024/05/24 星期五 00:30:31.280,1716481831280,NH-DC-NM129-D04-ROCE-Leaf-6.GPU.S9825,FourHundredGigE1/0/61,0,0,0,0,0,0
2024/05/24 星期五 00:30:32.081,1716481832081,NH-DC-NM129-D04-ROCE-Leaf-6.GPU.S9825,FourHundredGigE1/0/61,544835,1884145382,234226,791824068,2.93,1.23
2024/05/24 星期五 00:30:32.602,1716481832602,NH-DC-NM129-D04-ROCE-Leaf-6.GPU.S9825,FourHundredGigE1/0/61,0,0,0,0,0,0
2024/05/24 星期五 00:30:33.105,1716481833105,NH-DC-NM129-D04-ROCE-Leaf-6.GPU.S9825,FourHundredGigE1/0/61,356899,1409617806,397371,1597503098,3.48,3.95
2024/05/24 星期五 00:30:33.684,1716481833684,NH-DC-NM129-D04-ROCE-Leaf-6.GPU.S9825,FourHundredGigE1/0/61,229038,895808708,135309,533670334,1.92,1.14
2024/05/24 星期五 00:30:34.247,1716481834247,NH-DC-NM129-D04-ROCE-Leaf-6.GPU.S9825,FourHundredGigE1/0/61,0,0,0,0,0,0
2024/05/24 星期五 00:30:35.042,1716481835042,NH-DC-NM129-D04-ROCE-Leaf-6.GPU.S9825,FourHundredGigE1/0/61,143121,519431734,125740,427646340,0.80,0.66
2024/05/24 星期五 00:30:35.709,1716481835709,NH-DC-NM129-D04-ROCE-Leaf-6.GPU.S9825,FourHundredGigE1/0/61,381479,1522589778,145853,573418140,2.85,1.07
2024/05/24 星期五 00:30:36.210,1716481836210,NH-DC-NM129-D04-ROCE-Leaf-6.GPU.S9825,FourHundredGigE1/0/61,0,0,0,0,0,0
2024/05/24 星期五 00:30:36.710,1716481836710,NH-DC-NM129-D04-ROCE-Leaf-6.GPU.S9825,FourHundredGigE1/0/61,194665,772081274,169484,669645130,1.92,1.65
2024/05/24 星期五 00:30:37.213,1716481837213,NH-DC-NM129-D04-ROCE-Leaf-6.GPU.S9825,FourHundredGigE1/0/61,0,0,0,0,0,0
2024/05/24 星期五 00:30:37.714,1716481837714,NH-DC-NM129-D04-ROCE-Leaf-6.GPU.S9825,FourHundredGigE1/0/61,158425,628897675,140161,544672850,1.55,1.35
2024/05/24 星期五 00:30:38.296,1716481838296,NH-DC-NM129-D04-ROCE-Leaf-6.GPU.S9825,FourHundredGigE1/0/61,0,0,0,0,0,0
2024/05/24 星期五 00:30:39.086,1716481839086,NH-DC-NM129-D04-ROCE-Leaf-6.GPU.S9825,FourHundredGigE1/0/61,150365,493330036,167862,651610328,0.78,1.03
2024/05/24 星期五 00:30:39.586,1716481839586,NH-DC-NM129-D04-ROCE-Leaf-6.GPU.S9825,FourHundredGigE1/0/61,0,0,0,0,0,0
2024/05/24 星期五 00:30:40.089,1716481840089,NH-DC-NM129-D04-ROCE-Leaf-6.GPU.S9825,FourHundredGigE1/0/61,500616,1980381696,495066,1944944840,4.92,4.82
2024/05/24 星期五 00:30:40.650,1716481840650,NH-DC-NM129-D04-ROCE-Leaf-6.GPU.S9825,FourHundredGigE1/0/61,0,0,0,0,0,0
2024/05/24 星期五 00:30:41.151,1716481841151,NH-DC-NM129-D04-ROCE-Leaf-6.GPU.S9825,FourHundredGigE1/0/61,123953,494368106,104960,402474652,1.22,1.00
2024/05/24 星期五 00:30:42.118,1716481842118,NH-DC-NM129-D04-ROCE-Leaf-6.GPU.S9825,FourHundredGigE1/0/61,404794,1623739688,199081,806181354,2.09,1.03
2024/05/24 星期五 00:30:42.979,1716481842979,NH-DC-NM129-D04-ROCE-Leaf-6.GPU.S9825,FourHundredGigE1/0/61,45962,161372996,76101,281783902,0.23,0.41
2024/05/24 星期五 00:30:43.477,1716481843477,NH-DC-NM129-D04-ROCE-Leaf-6.GPU.S9825,FourHundredGigE1/0/61,0,0,0,0,0,0
2024/05/24 星期五 00:30:44.124,1716481844124,NH-DC-NM129-D04-ROCE-Leaf-6.GPU.S9825,FourHundredGigE1/0/61,128571,404154642,373454,1454089696,0.77,2.80
2024/05/24 星期五 00:30:44.702,1716481844702,NH-DC-NM129-D04-ROCE-Leaf-6.GPU.S9825,FourHundredGigE1/0/61,198966,723845260,78254,285958768,1.56,0.61
2024/05/24 星期五 00:30:45.203,1716481845203,NH-DC-NM129-D04-ROCE-Leaf-6.GPU.S9825,FourHundredGigE1/0/61,0,0,0,0,0,0
2024/05/24 星期五 00:30:45.955,1716481845955,NH-DC-NM129-D04-ROCE-Leaf-6.GPU.S9825,FourHundredGigE1/0/61,92254,299736512,159864,616112516,0.48,1.01
2024/05/24 星期五 00:30:48.271,1716481848271,NH-DC-NM129-D04-ROCE-Leaf-6.GPU.S9825,FourHundredGigE1/0/61,753169,2620250986,393705,1539674234,1.41,0.83
2024/05/24 星期五 00:30:48.779,1716481848779,NH-DC-NM129-D04-ROCE-Leaf-6.GPU.S9825,FourHundredGigE1/0/61,432917,1521307734,242229,979381534,3.74,2.39
2024/05/24 星期五 00:30:49.345,1716481849345,NH-DC-NM129-D04-ROCE-Leaf-6.GPU.S9825,FourHundredGigE1/0/61,0,0,0,0,0,0
2024/05/24 星期五 00:30:50.025,1716481850025,NH-DC-NM129-D04-ROCE-Leaf-6.GPU.S9825,FourHundredGigE1/0/61,296716,983207068,315779,1249304074,1.80,2.28
2024/05/24 星期五 00:30:50.552,1716481850552,NH-DC-NM129-D04-ROCE-Leaf-6.GPU.S9825,FourHundredGigE1/0/61,0,0,0,0,0,0
2024/05/24 星期五 00:30:51.049,1716481851049,NH-DC-NM129-D04-ROCE-Leaf-6.GPU.S9825,FourHundredGigE1/0/61,67302,197768568,372267,1486941634,0.48,3.72
2024/05/24 星期五 00:30:51.550,1716481851550,NH-DC-NM129-D04-ROCE-Leaf-6.GPU.S9825,FourHundredGigE1/0/61,0,0,0,0,0,0
2024/05/24 星期五 00:30:52.051,1716481852051,NH-DC-NM129-D04-ROCE-Leaf-6.GPU.S9825,FourHundredGigE1/0/61,212553,836668802,94322,337267312,2.07,0.82
2024/05/24 星期五 00:30:52.687,1716481852687,NH-DC-NM129-D04-ROCE-Leaf-6.GPU.S9825,FourHundredGigE1/0/61,224567,865159074,288937,1100410290,1.69,2.16
2024/05/24 星期五 00:30:53.351,1716481853351,NH-DC-NM129-D04-ROCE-Leaf-6.GPU.S9825,FourHundredGigE1/0/61,0,0,0,0,0,0
2024/05/24 星期五 00:30:53.994,1716481853994,NH-DC-NM129-D04-ROCE-Leaf-6.GPU.S9825,FourHundredGigE1/0/61,416028,1657179232,383735,1520876430,3.21,2.95
2024/05/24 星期五 00:30:54.673,1716481854673,NH-DC-NM129-D04-ROCE-Leaf-6.GPU.S9825,FourHundredGigE1/0/61,632024,2572445844,146669,524685998,4.73,0.96
2024/05/24 星期五 00:30:55.510,1716481855510,NH-DC-NM129-D04-ROCE-Leaf-6.GPU.S9825,FourHundredGigE1/0/61,283821,1128407714,348951,1354177018,1.67,2.02
2024/05/24 星期五 00:30:56.478,1716481856478,NH-DC-NM129-D04-ROCE-Leaf-6.GPU.S9825,FourHundredGigE1/0/61,234463,920806622,222641,885883018,1.19,1.14
2024/05/24 星期五 00:30:57.156,1716481857156,NH-DC-NM129-D04-ROCE-Leaf-6.GPU.S9825,FourHundredGigE1/0/61,0,0,0,0,0,0
2024/05/24 星期五 00:30:57.666,1716481857666,NH-DC-NM129-D04-ROCE-Leaf-6.GPU.S9825,FourHundredGigE1/0/61,0,0,0,0,0,0
2024/05/24 星期五 00:30:58.176,1716481858176,NH-DC-NM129-D04-ROCE-Leaf-6.GPU.S9825,FourHundredGigE1/0/61,194066,683586696,469200,1923000362,1.67,4.71
2024/05/24 星期五 00:30:58.764,1716481858764,NH-DC-NM129-D04-ROCE-Leaf-6.GPU.S9825,FourHundredGigE1/0/61,432291,1713658826,143288,541023662,3.64,1.15
2024/05/24 星期五 00:30:59.325,1716481859325,NH-DC-NM129-D04-ROCE-Leaf-6.GPU.S9825,FourHundredGigE1/0/61,0,0,0,0,0,0
2024/05/24 星期五 00:31:00.094,1716481860094,NH-DC-NM129-D04-ROCE-Leaf-6.GPU.S9825,FourHundredGigE1/0/61,224837,883799042,279840,1115249096,1.43,1.80
2024/05/24 星期五 00:31:00.654,1716481860654,NH-DC-NM129-D04-ROCE-Leaf-6.GPU.S9825,FourHundredGigE1/0/61,0,0,0,0,0,0
2024/05/24 星期五 00:31:01.155,1716481861155,NH-DC-NM129-D04-ROCE-Leaf-6.GPU.S9825,FourHundredGigE1/0/61,234383,919862558,146168,543755544,2.27,1.35
2024/05/24 星期五 00:31:01.708,1716481861708,NH-DC-NM129-D04-ROCE-Leaf-6.GPU.S9825,FourHundredGigE1/0/61,0,0,0,0,0,0
2024/05/24 星期五 00:31:02.205,1716481862205,NH-DC-NM129-D04-ROCE-Leaf-6.GPU.S9825,FourHundredGigE1/0/61,557575,2129283598,558376,2174160464,5.33,5.46
2024/05/24 星期五 00:31:04.337,1716481864337,NH-DC-NM129-D04-ROCE-Leaf-6.GPU.S9825,FourHundredGigE1/0/61,0,0,0,0,0,0
2024/05/24 星期五 00:31:04.990,1716481864990,NH-DC-NM129-D04-ROCE-Leaf-6.GPU.S9825,FourHundredGigE1/0/61,59857,188659122,152618,594612682,0.34,1.13
2024/05/24 星期五 00:31:05.559,1716481865559,NH-DC-NM129-D04-ROCE-Leaf-6.GPU.S9825,FourHundredGigE1/0/61,0,0,0,0,0,0
2024/05/24 星期五 00:31:06.064,1716481866064,NH-DC-NM129-D04-ROCE-Leaf-6.GPU.S9825,FourHundredGigE1/0/61,77352,274713372,125619,496066296,0.67,1.21
2024/05/24 星期五 00:31:06.674,1716481866674,NH-DC-NM129-D04-ROCE-Leaf-6.GPU.S9825,FourHundredGigE1/0/61,54566,199952580,307961,1209495488,0.39,2.46
2024/05/24 星期五 00:31:07.240,1716481867240,NH-DC-NM129-D04-ROCE-Leaf-6.GPU.S9825,FourHundredGigE1/0/61,0,0,0,0,0,0
2024/05/24 星期五 00:31:07.829,1716481867829,NH-DC-NM129-D04-ROCE-Leaf-6.GPU.S9825,FourHundredGigE1/0/61,124664,426940783,125937,415457448,0.89,0.87
2024/05/24 星期五 00:31:08.329,1716481868329,NH-DC-NM129-D04-ROCE-Leaf-6.GPU.S9825,FourHundredGigE1/0/61,0,0,0,0,0,0
2024/05/24 星期五 00:31:08.857,1716481868857,NH-DC-NM129-D04-ROCE-Leaf-6.GPU.S9825,FourHundredGigE1/0/61,291836,1159936360,124825,419660162,2.72,0.97
2024/05/24 星期五 00:31:09.425,1716481869425,NH-DC-NM129-D04-ROCE-Leaf-6.GPU.S9825,FourHundredGigE1/0/61,0,0,0,0,0,0
2024/05/24 星期五 00:31:09.939,1716481869939,NH-DC-NM129-D04-ROCE-Leaf-6.GPU.S9825,FourHundredGigE1/0/61,200676,753503632,146034,539346572,1.82,1.29
2024/05/24 星期五 00:31:10.440,1716481870440,NH-DC-NM129-D04-ROCE-Leaf-6.GPU.S9825,FourHundredGigE1/0/61,247442,971882009,67879,214290922,2.42,0.52
2024/05/24 星期五 00:31:11.158,1716481871158,NH-DC-NM129-D04-ROCE-Leaf-6.GPU.S9825,FourHundredGigE1/0/61,0,0,0,0,0,0
2024/05/24 星期五 00:31:11.797,1716481871797,NH-DC-NM129-D04-ROCE-Leaf-6.GPU.S9825,FourHundredGigE1/0/61,181467,606426714,78251,215833194,1.17,0.41
2024/05/24 星期五 00:31:12.374,1716481872374,NH-DC-NM129-D04-ROCE-Leaf-6.GPU.S9825,FourHundredGigE1/0/61,0,0,0,0,0,0
2024/05/24 星期五 00:31:12.875,1716481872875,NH-DC-NM129-D04-ROCE-Leaf-6.GPU.S9825,FourHundredGigE1/0/61,142793,483063326,111289,368255586,1.20,0.90
2024/05/24 星期五 00:31:13.461,1716481873461,NH-DC-NM129-D04-ROCE-Leaf-6.GPU.S9825,FourHundredGigE1/0/61,0,0,0,0,0,0
2024/05/24 星期五 00:31:14.001,1716481874001,NH-DC-NM129-D04-ROCE-Leaf-6.GPU.S9825,FourHundredGigE1/0/61,457547,1810568022,250650,973858632,4.19,2.25
2024/05/24 星期五 00:31:14.710,1716481874710,NH-DC-NM129-D04-ROCE-Leaf-6.GPU.S9825,FourHundredGigE1/0/61,164682,585490688,399599,1533312148,1.02,2.70
2024/05/24 星期五 00:31:15.314,1716481875314,NH-DC-NM129-D04-ROCE-Leaf-6.GPU.S9825,FourHundredGigE1/0/61,0,0,0,0,0,0
2024/05/24 星期五 00:31:15.860,1716481875860,NH-DC-NM129-D04-ROCE-Leaf-6.GPU.S9825,FourHundredGigE1/0/61,346853,1407338172,288726,1096939034,3.21,2.50
2024/05/24 星期五 00:31:16.361,1716481876361,NH-DC-NM129-D04-ROCE-Leaf-6.GPU.S9825,FourHundredGigE1/0/61,0,0,0,0,0,0
2024/05/24 星期五 00:31:16.981,1716481876981,NH-DC-NM129-D04-ROCE-Leaf-6.GPU.S9825,FourHundredGigE1/0/61,248886,949885370,97914,375689556,1.90,0.75
2024/05/24 星期五 00:31:17.482,1716481877482,NH-DC-NM129-D04-ROCE-Leaf-6.GPU.S9825,FourHundredGigE1/0/61,0,0,0,0,0,0
2024/05/24 星期五 00:31:17.983,1716481877983,NH-DC-NM129-D04-ROCE-Leaf-6.GPU.S9825,FourHundredGigE1/0/61,166316,652173916,179417,654742218,1.62,1.62
2024/05/24 星期五 00:31:18.577,1716481878577,NH-DC-NM129-D04-ROCE-Leaf-6.GPU.S9825,FourHundredGigE1/0/61,0,0,0,0,0,0
2024/05/24 星期五 00:31:19.179,1716481879179,NH-DC-NM129-D04-ROCE-Leaf-6.GPU.S9825,FourHundredGigE1/0/61,297562,1203048752,248970,978527778,2.49,2.01
2024/05/24 星期五 00:31:19.710,1716481879710,NH-DC-NM129-D04-ROCE-Leaf-6.GPU.S9825,FourHundredGigE1/0/61,0,0,0,0,0,0
2024/05/24 星期五 00:31:20.220,1716481880220,NH-DC-NM129-D04-ROCE-Leaf-6.GPU.S9825,FourHundredGigE1/0/61,198489,781454858,250221,933890408,1.91,2.28
2024/05/24 星期五 00:31:20.746,1716481880746,NH-DC-NM129-D04-ROCE-Leaf-6.GPU.S9825,FourHundredGigE1/0/61,178871,684070362,202397,563587082,1.62,1.33
2024/05/24 星期五 00:31:21.384,1716481881384,NH-DC-NM129-D04-ROCE-Leaf-6.GPU.S9825,FourHundredGigE1/0/61,0,0,0,0,0,0
2024/05/24 星期五 00:31:21.917,1716481881917,NH-DC-NM129-D04-ROCE-Leaf-6.GPU.S9825,FourHundredGigE1/0/61,198455,780390346,149617,584316870,1.83,1.36
2024/05/24 星期五 00:31:22.417,1716481882417,NH-DC-NM129-D04-ROCE-Leaf-6.GPU.S9825,FourHundredGigE1/0/61,0,0,0,0,0,0
2024/05/24 星期五 00:31:22.981,1716481882981,NH-DC-NM129-D04-ROCE-Leaf-6.GPU.S9825,FourHundredGigE1/0/61,418422,1602855872,386979,1555185098,3.55,3.44
2024/05/24 星期五 00:31:23.551,1716481883551,NH-DC-NM129-D04-ROCE-Leaf-6.GPU.S9825,FourHundredGigE1/0/61,0,0,0,0,0,0
2024/05/24 星期五 00:31:24.053,1716481884053,NH-DC-NM129-D04-ROCE-Leaf-6.GPU.S9825,FourHundredGigE1/0/61,365950,1440286844,234654,904471688,3.59,2.24
2024/05/24 星期五 00:31:24.772,1716481884772,NH-DC-NM129-D04-ROCE-Leaf-6.GPU.S9825,FourHundredGigE1/0/61,376630,1206181168,153863,596188398,2.09,1.03
2024/05/24 星期五 00:31:25.349,1716481885349,NH-DC-NM129-D04-ROCE-Leaf-6.GPU.S9825,FourHundredGigE1/0/61,0,0,0,0,0,0
2024/05/24 星期五 00:31:25.862,1716481885862,NH-DC-NM129-D04-ROCE-Leaf-6.GPU.S9825,FourHundredGigE1/0/61,379590,1413249584,454294,1816657788,3.44,4.41
2024/05/24 星期五 00:31:26.361,1716481886361,NH-DC-NM129-D04-ROCE-Leaf-6.GPU.S9825,FourHundredGigE1/0/61,0,0,0,0,0,0
2024/05/24 星期五 00:31:26.961,1716481886961,NH-DC-NM129-D04-ROCE-Leaf-6.GPU.S9825,FourHundredGigE1/0/61,172548,691970320,175477,710128444,1.44,1.48
2024/05/24 星期五 00:31:27.465,1716481887465,NH-DC-NM129-D04-ROCE-Leaf-6.GPU.S9825,FourHundredGigE1/0/61,0,0,0,0,0,0
2024/05/24 星期五 00:31:27.966,1716481887966,NH-DC-NM129-D04-ROCE-Leaf-6.GPU.S9825,FourHundredGigE1/0/61,154158,628019684,187487,739975764,1.55,1.82
2024/05/24 星期五 00:31:28.572,1716481888572,NH-DC-NM129-D04-ROCE-Leaf-6.GPU.S9825,FourHundredGigE1/0/61,0,0,0,0,0,0
2024/05/24 星期五 00:31:29.095,1716481889095,NH-DC-NM129-D04-ROCE-Leaf-6.GPU.S9825,FourHundredGigE1/0/61,66295,251940822,127628,507270816,0.60,1.20
2024/05/24 星期五 00:31:29.683,1716481889683,NH-DC-NM129-D04-ROCE-Leaf-6.GPU.S9825,FourHundredGigE1/0/61,0,0,0,0,0,0
2024/05/24 星期五 00:31:30.186,1716481890186,NH-DC-NM129-D04-ROCE-Leaf-6.GPU.S9825,FourHundredGigE1/0/61,223625,867049266,119689,404080050,2.14,0.99
2024/05/24 星期五 00:31:30.717,1716481890717,NH-DC-NM129-D04-ROCE-Leaf-6.GPU.S9825,FourHundredGigE1/0/61,113503,425546254,194919,742518886,0.99,1.74
2024/05/24 星期五 00:31:31.307,1716481891307,NH-DC-NM129-D04-ROCE-Leaf-6.GPU.S9825,FourHundredGigE1/0/61,0,0,0,0,0,0
2024/05/24 星期五 00:31:31.888,1716481891888,NH-DC-NM129-D04-ROCE-Leaf-6.GPU.S9825,FourHundredGigE1/0/61,55551,187088570,54040,183390896,0.39,0.39
2024/05/24 星期五 00:31:32.389,1716481892389,NH-DC-NM129-D04-ROCE-Leaf-6.GPU.S9825,FourHundredGigE1/0/61,0,0,0,0,0,0
2024/05/24 星期五 00:31:32.945,1716481892945,NH-DC-NM129-D04-ROCE-Leaf-6.GPU.S9825,FourHundredGigE1/0/61,104555,399062466,159192,587608268,0.88,1.30
2024/05/24 星期五 00:31:33.517,1716481893517,NH-DC-NM129-D04-ROCE-Leaf-6.GPU.S9825,FourHundredGigE1/0/61,0,0,0,0,0,0
2024/05/24 星期五 00:31:34.437,1716481894437,NH-DC-NM129-D04-ROCE-Leaf-6.GPU.S9825,FourHundredGigE1/0/61,459793,1866396943,162735,639653674,2.53,0.86
2024/05/24 星期五 00:31:35.056,1716481895056,NH-DC-NM129-D04-ROCE-Leaf-6.GPU.S9825,FourHundredGigE1/0/61,176104,668301050,86235,309645990,1.33,0.61
2024/05/24 星期五 00:31:35.589,1716481895589,NH-DC-NM129-D04-ROCE-Leaf-6.GPU.S9825,FourHundredGigE1/0/61,0,0,0,0,0,0
2024/05/24 星期五 00:31:36.112,1716481896112,NH-DC-NM129-D04-ROCE-Leaf-6.GPU.S9825,FourHundredGigE1/0/61,256483,968520602,162820,607163556,2.29,1.43
2024/05/24 星期五 00:31:36.762,1716481896762,NH-DC-NM129-D04-ROCE-Leaf-6.GPU.S9825,FourHundredGigE1/0/61,442405,1737307484,323475,1254684050,3.33,2.40
2024/05/24 星期五 00:31:37.295,1716481897295,NH-DC-NM129-D04-ROCE-Leaf-6.GPU.S9825,FourHundredGigE1/0/61,0,0,0,0,0,0
2024/05/24 星期五 00:31:37.807,1716481897807,NH-DC-NM129-D04-ROCE-Leaf-6.GPU.S9825,FourHundredGigE1/0/61,126969,463993485,151995,410017998,1.12,1.00
2024/05/24 星期五 00:31:38.462,1716481898462,NH-DC-NM129-D04-ROCE-Leaf-6.GPU.S9825,FourHundredGigE1/0/61,0,0,0,0,0,0
2024/05/24 星期五 00:31:39.015,1716481899015,NH-DC-NM129-D04-ROCE-Leaf-6.GPU.S9825,FourHundredGigE1/0/61,807634,3255913164,165705,357144370,7.35,0.79
2024/05/24 星期五 00:31:39.515,1716481899515,NH-DC-NM129-D04-ROCE-Leaf-6.GPU.S9825,FourHundredGigE1/0/61,0,0,0,0,0,0
2024/05/24 星期五 00:31:40.017,1716481900017,NH-DC-NM129-D04-ROCE-Leaf-6.GPU.S9825,FourHundredGigE1/0/61,592639,2379953074,201877,567553818,5.90,1.39
2024/05/24 星期五 00:31:40.590,1716481900590,NH-DC-NM129-D04-ROCE-Leaf-6.GPU.S9825,FourHundredGigE1/0/61,0,0,0,0,0,0
2024/05/24 星期五 00:31:41.103,1716481901103,NH-DC-NM129-D04-ROCE-Leaf-6.GPU.S9825,FourHundredGigE1/0/61,300014,1154902044,140786,377046320,2.80,0.90
2024/05/24 星期五 00:31:42.059,1716481902059,NH-DC-NM129-D04-ROCE-Leaf-6.GPU.S9825,FourHundredGigE1/0/61,167653,469838450,156024,579870412,0.60,0.75
2024/05/24 星期五 00:31:42.688,1716481902688,NH-DC-NM129-D04-ROCE-Leaf-6.GPU.S9825,FourHundredGigE1/0/61,205658,502942920,188836,728132328,0.99,1.43
2024/05/24 星期五 00:31:43.336,1716481903336,NH-DC-NM129-D04-ROCE-Leaf-6.GPU.S9825,FourHundredGigE1/0/61,0,0,0,0,0,0
2024/05/24 星期五 00:31:43.943,1716481903943,NH-DC-NM129-D04-ROCE-Leaf-6.GPU.S9825,FourHundredGigE1/0/61,309141,1076771918,302980,1227123076,2.20,2.51
2024/05/24 星期五 00:31:44.508,1716481904508,NH-DC-NM129-D04-ROCE-Leaf-6.GPU.S9825,FourHundredGigE1/0/61,190525,764269470,110743,390314494,1.68,0.86
2024/05/24 星期五 00:31:45.308,1716481905308,NH-DC-NM129-D04-ROCE-Leaf-6.GPU.S9825,FourHundredGigE1/0/61,0,0,0,0,0,0
2024/05/24 星期五 00:31:45.862,1716481905862,NH-DC-NM129-D04-ROCE-Leaf-6.GPU.S9825,FourHundredGigE1/0/61,251082,979897220,170544,659814296,2.19,1.47
2024/05/24 星期五 00:31:46.363,1716481906363,NH-DC-NM129-D04-ROCE-Leaf-6.GPU.S9825,FourHundredGigE1/0/61,193168,731056204,271219,1056045818,1.82,2.62
2024/05/24 星期五 00:31:47.328,1716481907328,NH-DC-NM129-D04-ROCE-Leaf-6.GPU.S9825,FourHundredGigE1/0/61,0,0,0,0,0,0
2024/05/24 星期五 00:31:47.830,1716481907830,NH-DC-NM129-D04-ROCE-Leaf-6.GPU.S9825,FourHundredGigE1/0/61,473008,1900565056,356038,1362342820,4.73,3.39
2024/05/24 星期五 00:31:48.471,1716481908471,NH-DC-NM129-D04-ROCE-Leaf-6.GPU.S9825,FourHundredGigE1/0/61,0,0,0,0,0,0
2024/05/24 星期五 00:31:49.133,1716481909133,NH-DC-NM129-D04-ROCE-Leaf-6.GPU.S9825,FourHundredGigE1/0/61,173803,666095998,165816,627115128,1.25,1.17
2024/05/24 星期五 00:31:49.633,1716481909633,NH-DC-NM129-D04-ROCE-Leaf-6.GPU.S9825,FourHundredGigE1/0/61,0,0,0,0,0,0
2024/05/24 星期五 00:31:50.144,1716481910144,NH-DC-NM129-D04-ROCE-Leaf-6.GPU.S9825,FourHundredGigE1/0/61,232231,865012342,204583,768442810,2.10,1.86
2024/05/24 星期五 00:31:50.711,1716481910711,NH-DC-NM129-D04-ROCE-Leaf-6.GPU.S9825,FourHundredGigE1/0/61,449429,1806987878,158481,569723362,3.97,1.23
2024/05/24 星期五 00:31:51.219,1716481911219,NH-DC-NM129-D04-ROCE-Leaf-6.GPU.S9825,FourHundredGigE1/0/61,0,0,0,0,0,0
2024/05/24 星期五 00:31:51.899,1716481911899,NH-DC-NM129-D04-ROCE-Leaf-6.GPU.S9825,FourHundredGigE1/0/61,318018,1217912380,536679,2099488062,2.22,3.84
2024/05/24 星期五 00:31:52.453,1716481912453,NH-DC-NM129-D04-ROCE-Leaf-6.GPU.S9825,FourHundredGigE1/0/61,0,0,0,0,0,0
2024/05/24 星期五 00:31:52.954,1716481912954,NH-DC-NM129-D04-ROCE-Leaf-6.GPU.S9825,FourHundredGigE1/0/61,169255,651923304,110483,405798454,1.62,1.00
2024/05/24 星期五 00:31:53.757,1716481913757,NH-DC-NM129-D04-ROCE-Leaf-6.GPU.S9825,FourHundredGigE1/0/61,152330,596759670,105391,409778926,0.92,0.62
2024/05/24 星期五 00:31:54.522,1716481914522,NH-DC-NM129-D04-ROCE-Leaf-6.GPU.S9825,FourHundredGigE1/0/61,0,0,0,0,0,0
2024/05/24 星期五 00:31:55.119,1716481915119,NH-DC-NM129-D04-ROCE-Leaf-6.GPU.S9825,FourHundredGigE1/0/61,398162,1572076032,296850,1062129724,3.29,2.22
2024/05/24 星期五 00:31:55.926,1716481915926,NH-DC-NM129-D04-ROCE-Leaf-6.GPU.S9825,FourHundredGigE1/0/61,84877,317597874,82653,279260346,0.48,0.42
2024/05/24 星期五 00:31:56.443,1716481916443,NH-DC-NM129-D04-ROCE-Leaf-6.GPU.S9825,FourHundredGigE1/0/61,0,0,0,0,0,0
2024/05/24 星期五 00:31:56.963,1716481916963,NH-DC-NM129-D04-ROCE-Leaf-6.GPU.S9825,FourHundredGigE1/0/61,259349,1057401298,78799,240035162,2.52,0.58
2024/05/24 星期五 00:31:57.590,1716481917590,NH-DC-NM129-D04-ROCE-Leaf-6.GPU.S9825,FourHundredGigE1/0/61,0,0,0,0,0,0
2024/05/24 星期五 00:31:58.136,1716481918136,NH-DC-NM129-D04-ROCE-Leaf-6.GPU.S9825,FourHundredGigE1/0/61,105021,389473442,95398,371045736,0.87,0.85
2024/05/24 星期五 00:31:58.770,1716481918770,NH-DC-NM129-D04-ROCE-Leaf-6.GPU.S9825,FourHundredGigE1/0/61,373815,1524620774,156484,618142924,3.00,1.20
2024/05/24 星期五 00:31:59.476,1716481919476,NH-DC-NM129-D04-ROCE-Leaf-6.GPU.S9825,FourHundredGigE1/0/61,0,0,0,0,0,0
2024/05/24 星期五 00:31:59.977,1716481919977,NH-DC-NM129-D04-ROCE-Leaf-6.GPU.S9825,FourHundredGigE1/0/61,113972,440686820,238827,945116310,1.10,2.35
2024/05/24 星期五 00:32:00.537,1716481920537,NH-DC-NM129-D04-ROCE-Leaf-6.GPU.S9825,FourHundredGigE1/0/61,81148,319815634,241758,971765618,0.69,2.17
2024/05/24 星期五 00:32:01.146,1716481921146,NH-DC-NM129-D04-ROCE-Leaf-6.GPU.S9825,FourHundredGigE1/0/61,0,0,0,0,0,0
2024/05/24 星期五 00:32:01.661,1716481921661,NH-DC-NM129-D04-ROCE-Leaf-6.GPU.S9825,FourHundredGigE1/0/61,0,0,0,0,0,0
2024/05/24 星期五 00:32:02.161,1716481922161,NH-DC-NM129-D04-ROCE-Leaf-6.GPU.S9825,FourHundredGigE1/0/61,745186,2822605212,4504970,18416549842,7.05,46.02
2024/05/24 星期五 00:32:04.238,1716481924238,NH-DC-NM129-D04-ROCE-Leaf-6.GPU.S9825,FourHundredGigE1/0/61,192428,782739665,628045,2451209882,0.47,1.47
2024/05/24 星期五 00:32:04.975,1716481924975,NH-DC-NM129-D04-ROCE-Leaf-6.GPU.S9825,FourHundredGigE1/0/61,249222,978382490,141581,445152866,1.65,0.75
2024/05/24 星期五 00:32:05.576,1716481925576,NH-DC-NM129-D04-ROCE-Leaf-6.GPU.S9825,FourHundredGigE1/0/61,505158,2020621312,222699,774877690,4.20,1.60
2024/05/24 星期五 00:32:06.207,1716481926207,NH-DC-NM129-D04-ROCE-Leaf-6.GPU.S9825,FourHundredGigE1/0/61,0,0,0,0,0,0
2024/05/24 星期五 00:32:06.785,1716481926785,NH-DC-NM129-D04-ROCE-Leaf-6.GPU.S9825,FourHundredGigE1/0/61,112282,439124290,722465,2771544250,0.93,5.99
2024/05/24 星期五 00:32:07.362,1716481927362,NH-DC-NM129-D04-ROCE-Leaf-6.GPU.S9825,FourHundredGigE1/0/61,0,0,0,0,0,0
2024/05/24 星期五 00:32:08.028,1716481928028,NH-DC-NM129-D04-ROCE-Leaf-6.GPU.S9825,FourHundredGigE1/0/61,166740,662956217,493157,1886977390,1.24,3.53
2024/05/24 星期五 00:32:08.588,1716481928588,NH-DC-NM129-D04-ROCE-Leaf-6.GPU.S9825,FourHundredGigE1/0/61,267297,1046615066,171934,581265920,2.32,1.29
2024/05/24 星期五 00:32:10.568,1716481930568,NH-DC-NM129-D04-ROCE-Leaf-6.GPU.S9825,FourHundredGigE1/0/61,351004,1281432950,587558,2262813560,0.81,1.43
2024/05/24 星期五 00:32:11.333,1716481931333,NH-DC-NM129-D04-ROCE-Leaf-6.GPU.S9825,FourHundredGigE1/0/61,0,0,0,0,0,0
2024/05/24 星期五 00:32:11.932,1716481931932,NH-DC-NM129-D04-ROCE-Leaf-6.GPU.S9825,FourHundredGigE1/0/61,367655,1436856308,227442,891243444,2.98,1.86
2024/05/24 星期五 00:32:12.581,1716481932581,NH-DC-NM129-D04-ROCE-Leaf-6.GPU.S9825,FourHundredGigE1/0/61,0,0,0,0,0,0
2024/05/24 星期五 00:32:13.156,1716481933156,NH-DC-NM129-D04-ROCE-Leaf-6.GPU.S9825,FourHundredGigE1/0/61,348368,1370763748,354942,1387380460,2.98,3
2024/05/24 星期五 00:32:13.693,1716481933693,NH-DC-NM129-D04-ROCE-Leaf-6.GPU.S9825,FourHundredGigE1/0/61,0,0,0,0,0,0
2024/05/24 星期五 00:32:14.195,1716481934195,NH-DC-NM129-D04-ROCE-Leaf-6.GPU.S9825,FourHundredGigE1/0/61,435103,1744539002,423229,1660662594,4.33,4.13
2024/05/24 星期五 00:32:14.914,1716481934914,NH-DC-NM129-D04-ROCE-Leaf-6.GPU.S9825,FourHundredGigE1/0/61,155051,564622250,240021,927100822,0.97,1.60
2024/05/24 星期五 00:32:15.504,1716481935504,NH-DC-NM129-D04-ROCE-Leaf-6.GPU.S9825,FourHundredGigE1/0/61,0,0,0,0,0,0
2024/05/24 星期五 00:32:16.094,1716481936094,NH-DC-NM129-D04-ROCE-Leaf-6.GPU.S9825,FourHundredGigE1/0/61,197421,769056926,167530,622927584,1.61,1.31
2024/05/24 星期五 00:32:16.674,1716481936674,NH-DC-NM129-D04-ROCE-Leaf-6.GPU.S9825,FourHundredGigE1/0/61,123445,454957402,338184,1317268392,0.97,2.82
2024/05/24 星期五 00:32:17.175,1716481937175,NH-DC-NM129-D04-ROCE-Leaf-6.GPU.S9825,FourHundredGigE1/0/61,0,0,0,0,0,0
2024/05/24 星期五 00:32:17.677,1716481937677,NH-DC-NM129-D04-ROCE-Leaf-6.GPU.S9825,FourHundredGigE1/0/61,0,0,0,0,0,0
2024/05/24 星期五 00:32:18.178,1716481938178,NH-DC-NM129-D04-ROCE-Leaf-6.GPU.S9825,FourHundredGigE1/0/61,205072,794599884,158130,617392896,1.97,1.52
2024/05/24 星期五 00:32:18.835,1716481938835,NH-DC-NM129-D04-ROCE-Leaf-6.GPU.S9825,FourHundredGigE1/0/61,275233,1088198970,109095,395580210,2.05,0.74
2024/05/24 星期五 00:32:19.488,1716481939488,NH-DC-NM129-D04-ROCE-Leaf-6.GPU.S9825,FourHundredGigE1/0/61,0,0,0,0,0,0
2024/05/24 星期五 00:32:20.091,1716481940091,NH-DC-NM129-D04-ROCE-Leaf-6.GPU.S9825,FourHundredGigE1/0/61,200754,759001720,373432,1477602396,1.55,3.05
2024/05/24 星期五 00:32:20.591,1716481940591,NH-DC-NM129-D04-ROCE-Leaf-6.GPU.S9825,FourHundredGigE1/0/61,0,0,0,0,0,0
2024/05/24 星期五 00:32:21.092,1716481941092,NH-DC-NM129-D04-ROCE-Leaf-6.GPU.S9825,FourHundredGigE1/0/61,182069,609186908,84012,279108916,1.50,0.67
2024/05/24 星期五 00:32:21.734,1716481941734,NH-DC-NM129-D04-ROCE-Leaf-6.GPU.S9825,FourHundredGigE1/0/61,161200,573449386,198578,757305104,1.11,1.46
2024/05/24 星期五 00:32:22.301,1716481942301,NH-DC-NM129-D04-ROCE-Leaf-6.GPU.S9825,FourHundredGigE1/0/61,0,0,0,0,0,0
2024/05/24 星期五 00:32:22.904,1716481942904,NH-DC-NM129-D04-ROCE-Leaf-6.GPU.S9825,FourHundredGigE1/0/61,169098,639176794,214227,831720466,1.31,1.72
2024/05/24 星期五 00:32:23.475,1716481943475,NH-DC-NM129-D04-ROCE-Leaf-6.GPU.S9825,FourHundredGigE1/0/61,0,0,0,0,0,0
2024/05/24 星期五 00:32:23.979,1716481943979,NH-DC-NM129-D04-ROCE-Leaf-6.GPU.S9825,FourHundredGigE1/0/61,205355,777956142,782298,3197627512,1.91,7.91
2024/05/24 星期五 00:32:24.503,1716481944503,NH-DC-NM129-D04-ROCE-Leaf-6.GPU.S9825,FourHundredGigE1/0/61,0,0,0,0,0,0
2024/05/24 星期五 00:32:25.117,1716481945117,NH-DC-NM129-D04-ROCE-Leaf-6.GPU.S9825,FourHundredGigE1/0/61,163318,602906694,136909,496124354,1.22,1.00
2024/05/24 星期五 00:32:25.780,1716481945780,NH-DC-NM129-D04-ROCE-Leaf-6.GPU.S9825,FourHundredGigE1/0/61,84294,269564676,72829,247613542,0.49,0.45
2024/05/24 星期五 00:32:26.422,1716481946422,NH-DC-NM129-D04-ROCE-Leaf-6.GPU.S9825,FourHundredGigE1/0/61,0,0,0,0,0,0
2024/05/24 星期五 00:32:26.966,1716481946966,NH-DC-NM129-D04-ROCE-Leaf-6.GPU.S9825,FourHundredGigE1/0/61,131658,505990420,258189,986948782,1.15,2.25
2024/05/24 星期五 00:32:27.470,1716481947470,NH-DC-NM129-D04-ROCE-Leaf-6.GPU.S9825,FourHundredGigE1/0/61,0,0,0,0,0,0
2024/05/24 星期五 00:32:27.973,1716481947973,NH-DC-NM129-D04-ROCE-Leaf-6.GPU.S9825,FourHundredGigE1/0/61,237678,950602177,240297,904704554,2.36,2.24
2024/05/24 星期五 00:32:29.195,1716481949195,NH-DC-NM129-D04-ROCE-Leaf-6.GPU.S9825,FourHundredGigE1/0/61,220462,887343884,133458,455362644,0.90,0.46
2024/05/24 星期五 00:32:30.221,1716481950221,NH-DC-NM129-D04-ROCE-Leaf-6.GPU.S9825,FourHundredGigE1/0/61,331560,1279293680,143038,556460540,1.55,0.67
2024/05/24 星期五 00:32:30.721,1716481950721,NH-DC-NM129-D04-ROCE-Leaf-6.GPU.S9825,FourHundredGigE1/0/61,410859,1656652308,311385,1238283718,4.12,3.08
2024/05/24 星期五 00:32:31.223,1716481951223,NH-DC-NM129-D04-ROCE-Leaf-6.GPU.S9825,FourHundredGigE1/0/61,0,0,0,0,0,0
2024/05/24 星期五 00:32:31.827,1716481951827,NH-DC-NM129-D04-ROCE-Leaf-6.GPU.S9825,FourHundredGigE1/0/61,99084,373432974,927579,3754050910,0.77,7.76
2024/05/24 星期五 00:32:32.503,1716481952503,NH-DC-NM129-D04-ROCE-Leaf-6.GPU.S9825,FourHundredGigE1/0/61,214735,820831594,303249,1166127050,1.52,2.14
2024/05/24 星期五 00:32:33.160,1716481953160,NH-DC-NM129-D04-ROCE-Leaf-6.GPU.S9825,FourHundredGigE1/0/61,0,0,0,0,0,0
2024/05/24 星期五 00:32:33.725,1716481953725,NH-DC-NM129-D04-ROCE-Leaf-6.GPU.S9825,FourHundredGigE1/0/61,132067,508194566,106914,356285732,1.11,0.77
2024/05/24 星期五 00:32:34.714,1716481954714,NH-DC-NM129-D04-ROCE-Leaf-6.GPU.S9825,FourHundredGigE1/0/61,0,0,0,0,0,0
2024/05/24 星期五 00:32:35.214,1716481955214,NH-DC-NM129-D04-ROCE-Leaf-6.GPU.S9825,FourHundredGigE1/0/61,201829,767552702,554460,2237341364,1.9,5.58
2024/05/24 星期五 00:32:35.870,1716481955870,NH-DC-NM129-D04-ROCE-Leaf-6.GPU.S9825,FourHundredGigE1/0/61,196866,749034728,174214,672097993,1.41,1.28
2024/05/24 星期五 00:32:36.515,1716481956515,NH-DC-NM129-D04-ROCE-Leaf-6.GPU.S9825,FourHundredGigE1/0/61,0,0,0,0,0,0
2024/05/24 星期五 00:32:37.049,1716481957049,NH-DC-NM129-D04-ROCE-Leaf-6.GPU.S9825,FourHundredGigE1/0/61,294486,1156970032,211780,819599848,2.69,1.90
2024/05/24 星期五 00:32:37.549,1716481957549,NH-DC-NM129-D04-ROCE-Leaf-6.GPU.S9825,FourHundredGigE1/0/61,0,0,0,0,0,0
2024/05/24 星期五 00:32:38.049,1716481958049,NH-DC-NM129-D04-ROCE-Leaf-6.GPU.S9825,FourHundredGigE1/0/61,583645,2369397549,395528,1568818320,5.9,3.9
2024/05/24 星期五 00:32:38.582,1716481958582,NH-DC-NM129-D04-ROCE-Leaf-6.GPU.S9825,FourHundredGigE1/0/61,90169,312836296,169178,641100528,0.73,1.50
2024/05/24 星期五 00:32:39.202,1716481959202,NH-DC-NM129-D04-ROCE-Leaf-6.GPU.S9825,FourHundredGigE1/0/61,0,0,0,0,0,0
2024/05/24 星期五 00:32:39.943,1716481959943,NH-DC-NM129-D04-ROCE-Leaf-6.GPU.S9825,FourHundredGigE1/0/61,432784,1745327326,169047,622916002,2.94,1.05
2024/05/24 星期五 00:32:40.460,1716481960460,NH-DC-NM129-D04-ROCE-Leaf-6.GPU.S9825,FourHundredGigE1/0/61,0,0,0,0,0,0
2024/05/24 星期五 00:32:40.961,1716481960961,NH-DC-NM129-D04-ROCE-Leaf-6.GPU.S9825,FourHundredGigE1/0/61,197273,777625178,149341,591015398,1.92,1.47
2024/05/24 星期五 00:32:41.636,1716481961636,NH-DC-NM129-D04-ROCE-Leaf-6.GPU.S9825,FourHundredGigE1/0/61,301460,1243034250,73795,297808286,2.30,0.54
2024/05/24 星期五 00:32:42.736,1716481962736,NH-DC-NM129-D04-ROCE-Leaf-6.GPU.S9825,FourHundredGigE1/0/61,64279,245238648,224446,898290624,0.27,1.01
2024/05/24 星期五 00:32:43.411,1716481963411,NH-DC-NM129-D04-ROCE-Leaf-6.GPU.S9825,FourHundredGigE1/0/61,0,0,0,0,0,0
2024/05/24 星期五 00:32:43.912,1716481963912,NH-DC-NM129-D04-ROCE-Leaf-6.GPU.S9825,FourHundredGigE1/0/61,80842,325957412,37269,145009770,0.80,0.35
2024/05/24 星期五 00:32:44.464,1716481964464,NH-DC-NM129-D04-ROCE-Leaf-6.GPU.S9825,FourHundredGigE1/0/61,0,0,0,0,0,0
2024/05/24 星期五 00:32:45.039,1716481965039,NH-DC-NM129-D04-ROCE-Leaf-6.GPU.S9825,FourHundredGigE1/0/61,209618,781730668,355036,1395251648,1.70,3.02
2024/05/24 星期五 00:32:45.545,1716481965545,NH-DC-NM129-D04-ROCE-Leaf-6.GPU.S9825,FourHundredGigE1/0/61,461830,1757339300,75963,308872326,4.32,0.74
2024/05/24 星期五 00:32:46.137,1716481966137,NH-DC-NM129-D04-ROCE-Leaf-6.GPU.S9825,FourHundredGigE1/0/61,125620,410058516,39403,149347214,0.87,0.30
2024/05/24 星期五 00:32:47.177,1716481967177,NH-DC-NM129-D04-ROCE-Leaf-6.GPU.S9825,FourHundredGigE1/0/61,0,0,0,0,0,0
2024/05/24 星期五 00:32:47.677,1716481967677,NH-DC-NM129-D04-ROCE-Leaf-6.GPU.S9825,FourHundredGigE1/0/61,0,0,0,0,0,0
2024/05/24 星期五 00:32:48.178,1716481968178,NH-DC-NM129-D04-ROCE-Leaf-6.GPU.S9825,FourHundredGigE1/0/61,306675,1020462522,83795,257329882,2.54,0.62
2024/05/24 星期五 00:32:48.713,1716481968713,NH-DC-NM129-D04-ROCE-Leaf-6.GPU.S9825,FourHundredGigE1/0/61,0,0,0,0,0,0
2024/05/24 星期五 00:32:49.217,1716481969217,NH-DC-NM129-D04-ROCE-Leaf-6.GPU.S9825,FourHundredGigE1/0/61,152589,547670566,298631,1135254358,1.34,2.80
2024/05/24 星期五 00:32:50.116,1716481970116,NH-DC-NM129-D04-ROCE-Leaf-6.GPU.S9825,FourHundredGigE1/0/61,78360,312976452,99541,393650414,0.43,0.54
2024/05/24 星期五 00:32:50.670,1716481970670,NH-DC-NM129-D04-ROCE-Leaf-6.GPU.S9825,FourHundredGigE1/0/61,40251,157971786,23612,66799408,0.34,0.14
2024/05/24 星期五 00:32:51.171,1716481971171,NH-DC-NM129-D04-ROCE-Leaf-6.GPU.S9825,FourHundredGigE1/0/61,0,0,0,0,0,0
2024/05/24 星期五 00:32:51.733,1716481971733,NH-DC-NM129-D04-ROCE-Leaf-6.GPU.S9825,FourHundredGigE1/0/61,144922,572012950,304990,1239755372,1.27,2.74
2024/05/24 星期五 00:32:52.234,1716481972234,NH-DC-NM129-D04-ROCE-Leaf-6.GPU.S9825,FourHundredGigE1/0/61,0,0,0,0,0,0
2024/05/24 星期五 00:32:52.734,1716481972734,NH-DC-NM129-D04-ROCE-Leaf-6.GPU.S9825,FourHundredGigE1/0/61,432627,1740473208,399447,1624011630,4.35,4.05
2024/05/24 星期五 00:32:53.513,1716481973513,NH-DC-NM129-D04-ROCE-Leaf-6.GPU.S9825,FourHundredGigE1/0/61,183266,691046598,295758,1133270356,1.11,1.81
2024/05/24 星期五 00:32:54.466,1716481974466,NH-DC-NM129-D04-ROCE-Leaf-6.GPU.S9825,FourHundredGigE1/0/61,0,0,0,0,0,0
2024/05/24 星期五 00:32:55.066,1716481975066,NH-DC-NM129-D04-ROCE-Leaf-6.GPU.S9825,FourHundredGigE1/0/61,402539,1604259840,1433249,5833730874,3.33,12.15
2024/05/24 星期五 00:32:55.771,1716481975771,NH-DC-NM129-D04-ROCE-Leaf-6.GPU.S9825,FourHundredGigE1/0/61,692388,2796988676,926356,3789078180,4.95,6.70
2024/05/24 星期五 00:32:56.272,1716481976272,NH-DC-NM129-D04-ROCE-Leaf-6.GPU.S9825,FourHundredGigE1/0/61,0,0,0,0,0,0
2024/05/24 星期五 00:32:56.946,1716481976946,NH-DC-NM129-D04-ROCE-Leaf-6.GPU.S9825,FourHundredGigE1/0/61,262029,982534144,1047517,4272941962,1.82,7.92
2024/05/24 星期五 00:32:57.760,1716481977760,NH-DC-NM129-D04-ROCE-Leaf-6.GPU.S9825,FourHundredGigE1/0/61,249860,918536606,1080069,4399753820,1.40,6.74
2024/05/24 星期五 00:32:59.773,1716481979773,NH-DC-NM129-D04-ROCE-Leaf-6.GPU.S9825,FourHundredGigE1/0/61,1881677,7673245082,320626,1245068610,4.76,0.77
2024/05/24 星期五 00:33:00.274,1716481980274,NH-DC-NM129-D04-ROCE-Leaf-6.GPU.S9825,FourHundredGigE1/0/61,2598440,10589603928,1027079,4048622958,26.40,10.08
2024/05/24 星期五 00:33:01.285,1716481981285,NH-DC-NM129-D04-ROCE-Leaf-6.GPU.S9825,FourHundredGigE1/0/61,0,0,0,0,0,0
2024/05/24 星期五 00:33:01.800,1716481981800,NH-DC-NM129-D04-ROCE-Leaf-6.GPU.S9825,FourHundredGigE1/0/61,275982,1014369452,354801,1357239738,2.45,3.28
2024/05/24 星期五 00:33:02.846,1716481982846,NH-DC-NM129-D04-ROCE-Leaf-6.GPU.S9825,FourHundredGigE1/0/61,690004,2546951916,339447,1315851536,3.04,1.57
2024/05/24 星期五 00:33:04.758,1716481984758,NH-DC-NM129-D04-ROCE-Leaf-6.GPU.S9825,FourHundredGigE1/0/61,241667,934203992,163264,613545580,0.61,0.40
2024/05/24 星期五 00:33:05.329,1716481985329,NH-DC-NM129-D04-ROCE-Leaf-6.GPU.S9825,FourHundredGigE1/0/61,0,0,0,0,0,0
2024/05/24 星期五 00:33:05.831,1716481985831,NH-DC-NM129-D04-ROCE-Leaf-6.GPU.S9825,FourHundredGigE1/0/61,290600,1134235782,177939,696239382,2.81,1.72
2024/05/24 星期五 00:33:06.379,1716481986379,NH-DC-NM129-D04-ROCE-Leaf-6.GPU.S9825,FourHundredGigE1/0/61,0,0,0,0,0,0
2024/05/24 星期五 00:33:06.883,1716481986883,NH-DC-NM129-D04-ROCE-Leaf-6.GPU.S9825,FourHundredGigE1/0/61,517233,2058806702,344548,1341289952,5.08,3.32
2024/05/24 星期五 00:33:07.384,1716481987384,NH-DC-NM129-D04-ROCE-Leaf-6.GPU.S9825,FourHundredGigE1/0/61,0,0,0,0,0,0
2024/05/24 星期五 00:33:07.962,1716481987962,NH-DC-NM129-D04-ROCE-Leaf-6.GPU.S9825,FourHundredGigE1/0/61,236301,930727021,220841,770294714,2.01,1.67
2024/05/24 星期五 00:33:08.704,1716481988704,NH-DC-NM129-D04-ROCE-Leaf-6.GPU.S9825,FourHundredGigE1/0/61,328718,1298735388,105571,359256342,2.17,0.59
2024/05/24 星期五 00:33:09.221,1716481989221,NH-DC-NM129-D04-ROCE-Leaf-6.GPU.S9825,FourHundredGigE1/0/61,0,0,0,0,0,0
2024/05/24 星期五 00:33:09.792,1716481989792,NH-DC-NM129-D04-ROCE-Leaf-6.GPU.S9825,FourHundredGigE1/0/61,164925,578345650,203302,776045540,1.25,1.69
2024/05/24 星期五 00:33:10.295,1716481990295,NH-DC-NM129-D04-ROCE-Leaf-6.GPU.S9825,FourHundredGigE1/0/61,0,0,0,0,0,0
2024/05/24 星期五 00:33:10.805,1716481990805,NH-DC-NM129-D04-ROCE-Leaf-6.GPU.S9825,FourHundredGigE1/0/61,267335,1040186470,310848,1249257232,2.55,3.04
2024/05/24 星期五 00:33:11.418,1716481991418,NH-DC-NM129-D04-ROCE-Leaf-6.GPU.S9825,FourHundredGigE1/0/61,119965,411727758,175077,663832162,0.84,1.35
2024/05/24 星期五 00:33:12.360,1716481992360,NH-DC-NM129-D04-ROCE-Leaf-6.GPU.S9825,FourHundredGigE1/0/61,0,0,0,0,0,0
2024/05/24 星期五 00:33:12.857,1716481992857,NH-DC-NM129-D04-ROCE-Leaf-6.GPU.S9825,FourHundredGigE1/0/61,31334,72070292,179058,681519828,0.18,1.71
2024/05/24 星期五 00:33:14.345,1716481994345,NH-DC-NM129-D04-ROCE-Leaf-6.GPU.S9825,FourHundredGigE1/0/61,431879,1715429394,99763,363057910,1.44,0.30
2024/05/24 星期五 00:33:14.846,1716481994846,NH-DC-NM129-D04-ROCE-Leaf-6.GPU.S9825,FourHundredGigE1/0/61,211037,823789822,155032,577407208,2.05,1.42
2024/05/24 星期五 00:33:15.685,1716481995685,NH-DC-NM129-D04-ROCE-Leaf-6.GPU.S9825,FourHundredGigE1/0/61,76748,261518512,214141,795957670,0.39,1.18
2024/05/24 星期五 00:33:16.185,1716481996185,NH-DC-NM129-D04-ROCE-Leaf-6.GPU.S9825,FourHundredGigE1/0/61,0,0,0,0,0,0
2024/05/24 星期五 00:33:16.774,1716481996774,NH-DC-NM129-D04-ROCE-Leaf-6.GPU.S9825,FourHundredGigE1/0/61,169183,621184550,164251,614563894,1.32,1.29
2024/05/24 星期五 00:33:17.275,1716481997275,NH-DC-NM129-D04-ROCE-Leaf-6.GPU.S9825,FourHundredGigE1/0/61,0,0,0,0,0,0
2024/05/24 星期五 00:33:18.362,1716481998362,NH-DC-NM129-D04-ROCE-Leaf-6.GPU.S9825,FourHundredGigE1/0/61,337925,1357997298,441191,1733003138,1.55,1.99
2024/05/24 星期五 00:33:19.032,1716481999032,NH-DC-NM129-D04-ROCE-Leaf-6.GPU.S9825,FourHundredGigE1/0/61,218492,859399004,169788,634067468,1.59,1.18
2024/05/24 星期五 00:33:19.691,1716481999691,NH-DC-NM129-D04-ROCE-Leaf-6.GPU.S9825,FourHundredGigE1/0/61,255359,1015444174,123732,494933308,1.92,0.93
2024/05/24 星期五 00:33:20.222,1716482000222,NH-DC-NM129-D04-ROCE-Leaf-6.GPU.S9825,FourHundredGigE1/0/61,0,0,0,0,0,0
2024/05/24 星期五 00:33:20.722,1716482000722,NH-DC-NM129-D04-ROCE-Leaf-6.GPU.S9825,FourHundredGigE1/0/61,303311,1230528110,325168,1300339374,3.08,3.25
2024/05/24 星期五 00:33:21.226,1716482001226,NH-DC-NM129-D04-ROCE-Leaf-6.GPU.S9825,FourHundredGigE1/0/61,0,0,0,0,0,0
2024/05/24 星期五 00:33:21.802,1716482001802,NH-DC-NM129-D04-ROCE-Leaf-6.GPU.S9825,FourHundredGigE1/0/61,142533,523366186,301538,1236120806,1.13,2.67
2024/05/24 星期五 00:33:22.308,1716482002308,NH-DC-NM129-D04-ROCE-Leaf-6.GPU.S9825,FourHundredGigE1/0/61,0,0,0,0,0,0
2024/05/24 星期五 00:33:23.125,1716482003125,NH-DC-NM129-D04-ROCE-Leaf-6.GPU.S9825,FourHundredGigE1/0/61,281207,1101816086,124099,485099722,1.68,0.73
2024/05/24 星期五 00:33:23.683,1716482003683,NH-DC-NM129-D04-ROCE-Leaf-6.GPU.S9825,FourHundredGigE1/0/61,322350,1169816614,79363,290419546,2.60,0.65
2024/05/24 星期五 00:33:24.227,1716482004227,NH-DC-NM129-D04-ROCE-Leaf-6.GPU.S9825,FourHundredGigE1/0/61,0,0,0,0,0,0
2024/05/24 星期五 00:33:24.800,1716482004800,NH-DC-NM129-D04-ROCE-Leaf-6.GPU.S9825,FourHundredGigE1/0/61,191069,794166116,266879,1060652474,1.72,2.31
2024/05/24 星期五 00:33:25.315,1716482005315,NH-DC-NM129-D04-ROCE-Leaf-6.GPU.S9825,FourHundredGigE1/0/61,0,0,0,0,0,0
2024/05/24 星期五 00:33:25.882,1716482005882,NH-DC-NM129-D04-ROCE-Leaf-6.GPU.S9825,FourHundredGigE1/0/61,3326,12908360,397256,1488359352,0.02,3.26
2024/05/24 星期五 00:33:26.588,1716482006588,NH-DC-NM129-D04-ROCE-Leaf-6.GPU.S9825,FourHundredGigE1/0/61,0,0,0,0,0,0
2024/05/24 星期五 00:33:27.103,1716482007103,NH-DC-NM129-D04-ROCE-Leaf-6.GPU.S9825,FourHundredGigE1/0/61,212362,865448924,362221,1473150390,2.09,3.57
2024/05/24 星期五 00:33:27.605,1716482007605,NH-DC-NM129-D04-ROCE-Leaf-6.GPU.S9825,FourHundredGigE1/0/61,0,0,0,0,0,0
2024/05/24 星期五 00:33:28.109,1716482008109,NH-DC-NM129-D04-ROCE-Leaf-6.GPU.S9825,FourHundredGigE1/0/61,139098,503501158,175633,683129394,1.24,1.69
2024/05/24 星期五 00:33:28.647,1716482008647,NH-DC-NM129-D04-ROCE-Leaf-6.GPU.S9825,FourHundredGigE1/0/61,266747,1035302696,180705,715727990,2.39,1.65
2024/05/24 星期五 00:33:29.277,1716482009277,NH-DC-NM129-D04-ROCE-Leaf-6.GPU.S9825,FourHundredGigE1/0/61,0,0,0,0,0,0
2024/05/24 星期五 00:33:30.888,1716482010888,NH-DC-NM129-D04-ROCE-Leaf-6.GPU.S9825,FourHundredGigE1/0/61,654380,2558775356,775518,3079990642,1.98,2.38
2024/05/24 星期五 00:33:31.402,1716482011402,NH-DC-NM129-D04-ROCE-Leaf-6.GPU.S9825,FourHundredGigE1/0/61,0,0,0,0,0,0
2024/05/24 星期五 00:33:31.906,1716482011906,NH-DC-NM129-D04-ROCE-Leaf-6.GPU.S9825,FourHundredGigE1/0/61,316147,1227581046,241071,941203928,3.03,2.33
2024/05/24 星期五 00:33:32.565,1716482012565,NH-DC-NM129-D04-ROCE-Leaf-6.GPU.S9825,FourHundredGigE1/0/61,312386,1213474164,192256,713138022,2.30,1.35
2024/05/24 星期五 00:33:33.240,1716482013240,NH-DC-NM129-D04-ROCE-Leaf-6.GPU.S9825,FourHundredGigE1/0/61,0,0,0,0,0,0
2024/05/24 星期五 00:33:33.815,1716482013815,NH-DC-NM129-D04-ROCE-Leaf-6.GPU.S9825,FourHundredGigE1/0/61,418502,1673920148,341317,1361938372,3.63,2.96
2024/05/24 星期五 00:33:34.335,1716482014335,NH-DC-NM129-D04-ROCE-Leaf-6.GPU.S9825,FourHundredGigE1/0/61,0,0,0,0,0,0
2024/05/24 星期五 00:33:34.910,1716482014910,NH-DC-NM129-D04-ROCE-Leaf-6.GPU.S9825,FourHundredGigE1/0/61,149935,569768754,138809,515311330,1.22,1.11
2024/05/24 星期五 00:33:35.410,1716482015410,NH-DC-NM129-D04-ROCE-Leaf-6.GPU.S9825,FourHundredGigE1/0/61,0,0,0,0,0,0
2024/05/24 星期五 00:33:35.949,1716482015949,NH-DC-NM129-D04-ROCE-Leaf-6.GPU.S9825,FourHundredGigE1/0/61,63754,229018588,41022,124942680,0.51,0.28
2024/05/24 星期五 00:33:36.505,1716482016505,NH-DC-NM129-D04-ROCE-Leaf-6.GPU.S9825,FourHundredGigE1/0/61,291681,1160951054,67779,244769410,2.61,0.54
2024/05/24 星期五 00:33:37.151,1716482017151,NH-DC-NM129-D04-ROCE-Leaf-6.GPU.S9825,FourHundredGigE1/0/61,0,0,0,0,0,0
2024/05/24 星期五 00:33:37.655,1716482017655,NH-DC-NM129-D04-ROCE-Leaf-6.GPU.S9825,FourHundredGigE1/0/61,0,0,0,0,0,0
2024/05/24 星期五 00:33:38.156,1716482018156,NH-DC-NM129-D04-ROCE-Leaf-6.GPU.S9825,FourHundredGigE1/0/61,94027,339136835,67616,209974896,0.82,0.50
2024/05/24 星期五 00:33:38.696,1716482018696,NH-DC-NM129-D04-ROCE-Leaf-6.GPU.S9825,FourHundredGigE1/0/61,130378,442880342,172175,615889422,1.02,1.41
2024/05/24 星期五 00:33:39.313,1716482019313,NH-DC-NM129-D04-ROCE-Leaf-6.GPU.S9825,FourHundredGigE1/0/61,0,0,0,0,0,0
2024/05/24 星期五 00:33:39.861,1716482019861,NH-DC-NM129-D04-ROCE-Leaf-6.GPU.S9825,FourHundredGigE1/0/61,91280,326519164,147736,525438804,0.73,1.19
2024/05/24 星期五 00:33:40.408,1716482020408,NH-DC-NM129-D04-ROCE-Leaf-6.GPU.S9825,FourHundredGigE1/0/61,0,0,0,0,0,0
2024/05/24 星期五 00:33:40.955,1716482020955,NH-DC-NM129-D04-ROCE-Leaf-6.GPU.S9825,FourHundredGigE1/0/61,145209,551746910,494945,2016323066,1.26,4.59
2024/05/24 星期五 00:33:41.622,1716482021622,NH-DC-NM129-D04-ROCE-Leaf-6.GPU.S9825,FourHundredGigE1/0/61,132615,457044446,123095,454791202,0.84,0.84
2024/05/24 星期五 00:33:42.400,1716482022400,NH-DC-NM129-D04-ROCE-Leaf-6.GPU.S9825,FourHundredGigE1/0/61,0,0,0,0,0,0
2024/05/24 星期五 00:33:43.078,1716482023078,NH-DC-NM129-D04-ROCE-Leaf-6.GPU.S9825,FourHundredGigE1/0/61,200904,793439214,425936,1692442268,1.46,3.12
2024/05/24 星期五 00:33:43.700,1716482023700,NH-DC-NM129-D04-ROCE-Leaf-6.GPU.S9825,FourHundredGigE1/0/61,133240,480728828,203879,800080956,0.96,1.61
2024/05/24 星期五 00:33:44.374,1716482024374,NH-DC-NM129-D04-ROCE-Leaf-6.GPU.S9825,FourHundredGigE1/0/61,0,0,0,0,0,0
2024/05/24 星期五 00:33:44.949,1716482024949,NH-DC-NM129-D04-ROCE-Leaf-6.GPU.S9825,FourHundredGigE1/0/61,150208,579495432,368524,1492940246,1.24,3.24
2024/05/24 星期五 00:33:45.466,1716482025466,NH-DC-NM129-D04-ROCE-Leaf-6.GPU.S9825,FourHundredGigE1/0/61,521150,2098966260,650734,2554553108,5.05,6.17
2024/05/24 星期五 00:33:46.139,1716482026139,NH-DC-NM129-D04-ROCE-Leaf-6.GPU.S9825,FourHundredGigE1/0/61,0,0,0,0,0,0
2024/05/24 星期五 00:33:47.006,1716482027006,NH-DC-NM129-D04-ROCE-Leaf-6.GPU.S9825,FourHundredGigE1/0/61,102577,392544878,608348,2274232116,0.56,3.27
2024/05/24 星期五 00:33:47.522,1716482027522,NH-DC-NM129-D04-ROCE-Leaf-6.GPU.S9825,FourHundredGigE1/0/61,0,0,0,0,0,0
2024/05/24 星期五 00:33:48.105,1716482028105,NH-DC-NM129-D04-ROCE-Leaf-6.GPU.S9825,FourHundredGigE1/0/61,77527,268054130,256344,904648628,0.56,1.93
2024/05/24 星期五 00:33:48.659,1716482028659,NH-DC-NM129-D04-ROCE-Leaf-6.GPU.S9825,FourHundredGigE1/0/61,0,0,0,0,0,0
2024/05/24 星期五 00:33:49.159,1716482029159,NH-DC-NM129-D04-ROCE-Leaf-6.GPU.S9825,FourHundredGigE1/0/61,364147,1361014606,171818,669017420,3.4,1.65
2024/05/24 星期五 00:33:49.858,1716482029858,NH-DC-NM129-D04-ROCE-Leaf-6.GPU.S9825,FourHundredGigE1/0/61,176561,654335578,210757,794576438,1.16,1.41
2024/05/24 星期五 00:33:50.358,1716482030358,NH-DC-NM129-D04-ROCE-Leaf-6.GPU.S9825,FourHundredGigE1/0/61,0,0,0,0,0,0
2024/05/24 星期五 00:33:50.933,1716482030933,NH-DC-NM129-D04-ROCE-Leaf-6.GPU.S9825,FourHundredGigE1/0/61,161331,577162910,100994,376006192,1.24,0.80
2024/05/24 星期五 00:33:51.489,1716482031489,NH-DC-NM129-D04-ROCE-Leaf-6.GPU.S9825,FourHundredGigE1/0/61,0,0,0,0,0,0
2024/05/24 星期五 00:33:51.989,1716482031989,NH-DC-NM129-D04-ROCE-Leaf-6.GPU.S9825,FourHundredGigE1/0/61,387396,1464647140,309897,1186545354,3.65,2.95
2024/05/24 星期五 00:33:52.509,1716482032509,NH-DC-NM129-D04-ROCE-Leaf-6.GPU.S9825,FourHundredGigE1/0/61,202424,742895568,269791,1043797212,1.78,2.5
2024/05/24 星期五 00:33:53.280,1716482033280,NH-DC-NM129-D04-ROCE-Leaf-6.GPU.S9825,FourHundredGigE1/0/61,0,0,0,0,0,0
2024/05/24 星期五 00:33:54.039,1716482034039,NH-DC-NM129-D04-ROCE-Leaf-6.GPU.S9825,FourHundredGigE1/0/61,207767,717616478,423615,1652719228,1.17,2.72
2024/05/24 星期五 00:33:54.683,1716482034683,NH-DC-NM129-D04-ROCE-Leaf-6.GPU.S9825,FourHundredGigE1/0/61,424321,1720369352,417817,1687000058,3.34,3.26
2024/05/24 星期五 00:33:55.383,1716482035383,NH-DC-NM129-D04-ROCE-Leaf-6.GPU.S9825,FourHundredGigE1/0/61,0,0,0,0,0,0
2024/05/24 星期五 00:33:55.980,1716482035980,NH-DC-NM129-D04-ROCE-Leaf-6.GPU.S9825,FourHundredGigE1/0/61,249642,983530838,196130,733031708,2.05,1.53
2024/05/24 星期五 00:33:56.587,1716482036587,NH-DC-NM129-D04-ROCE-Leaf-6.GPU.S9825,FourHundredGigE1/0/61,117495,445509626,233978,929415300,0.91,1.89
2024/05/24 星期五 00:33:57.158,1716482037158,NH-DC-NM129-D04-ROCE-Leaf-6.GPU.S9825,FourHundredGigE1/0/61,0,0,0,0,0,0
2024/05/24 星期五 00:33:57.747,1716482037747,NH-DC-NM129-D04-ROCE-Leaf-6.GPU.S9825,FourHundredGigE1/0/61,197812,758658736,201221,770636174,1.59,1.63
2024/05/24 星期五 00:33:58.261,1716482038261,NH-DC-NM129-D04-ROCE-Leaf-6.GPU.S9825,FourHundredGigE1/0/61,0,0,0,0,0,0
2024/05/24 星期五 00:33:58.836,1716482038836,NH-DC-NM129-D04-ROCE-Leaf-6.GPU.S9825,FourHundredGigE1/0/61,196826,745470093,640815,2619568334,1.61,5.67
2024/05/24 星期五 00:33:59.419,1716482039419,NH-DC-NM129-D04-ROCE-Leaf-6.GPU.S9825,FourHundredGigE1/0/61,0,0,0,0,0,0
2024/05/24 星期五 00:34:00.089,1716482040089,NH-DC-NM129-D04-ROCE-Leaf-6.GPU.S9825,FourHundredGigE1/0/61,92764,367641672,287214,1160699972,0.67,2.16
2024/05/24 星期五 00:34:01.472,1716482041472,NH-DC-NM129-D04-ROCE-Leaf-6.GPU.S9825,FourHundredGigE1/0/61,167128,653881364,92136,341061000,0.59,0.31
2024/05/24 星期五 00:34:01.985,1716482041985,NH-DC-NM129-D04-ROCE-Leaf-6.GPU.S9825,FourHundredGigE1/0/61,543625,2143998934,286337,1073494478,5.21,2.61
2024/05/24 星期五 00:34:03.361,1716482043361,NH-DC-NM129-D04-ROCE-Leaf-6.GPU.S9825,FourHundredGigE1/0/61,252323,974948108,106800,358243180,0.88,0.32
2024/05/24 星期五 00:34:04.767,1716482044767,NH-DC-NM129-D04-ROCE-Leaf-6.GPU.S9825,FourHundredGigE1/0/61,181499,714838608,123657,440099598,0.63,0.39
2024/05/24 星期五 00:34:05.562,1716482045562,NH-DC-NM129-D04-ROCE-Leaf-6.GPU.S9825,FourHundredGigE1/0/61,0,0,0,0,0,0
2024/05/24 星期五 00:34:06.061,1716482046061,NH-DC-NM129-D04-ROCE-Leaf-6.GPU.S9825,FourHundredGigE1/0/61,297092,1207270188,255142,982185996,3.01,2.45
2024/05/24 星期五 00:34:06.989,1716482046989,NH-DC-NM129-D04-ROCE-Leaf-6.GPU.S9825,FourHundredGigE1/0/61,118283,467221214,124586,261687980,0.62,0.35
2024/05/24 星期五 00:34:07.708,1716482047708,NH-DC-NM129-D04-ROCE-Leaf-6.GPU.S9825,FourHundredGigE1/0/61,145536,555588811,108018,373923556,0.96,0.64
2024/05/24 星期五 00:34:08.261,1716482048261,NH-DC-NM129-D04-ROCE-Leaf-6.GPU.S9825,FourHundredGigE1/0/61,0,0,0,0,0,0
2024/05/24 星期五 00:34:08.837,1716482048837,NH-DC-NM129-D04-ROCE-Leaf-6.GPU.S9825,FourHundredGigE1/0/61,78735,282076278,1060324,4335733738,0.61,9.40
2024/05/24 星期五 00:34:09.343,1716482049343,NH-DC-NM129-D04-ROCE-Leaf-6.GPU.S9825,FourHundredGigE1/0/61,0,0,0,0,0,0
2024/05/24 星期五 00:34:09.848,1716482049848,NH-DC-NM129-D04-ROCE-Leaf-6.GPU.S9825,FourHundredGigE1/0/61,120122,462197552,2481097,10150078820,1.14,25.12
2024/05/24 星期五 00:34:10.391,1716482050391,NH-DC-NM129-D04-ROCE-Leaf-6.GPU.S9825,FourHundredGigE1/0/61,100706,376824556,1201084,4873051312,0.85,11.21
2024/05/24 星期五 00:34:11.174,1716482051174,NH-DC-NM129-D04-ROCE-Leaf-6.GPU.S9825,FourHundredGigE1/0/61,0,0,0,0,0,0
2024/05/24 星期五 00:34:11.877,1716482051877,NH-DC-NM129-D04-ROCE-Leaf-6.GPU.S9825,FourHundredGigE1/0/61,122715,443068202,91811,351231466,0.78,0.62
2024/05/24 星期五 00:34:12.421,1716482052421,NH-DC-NM129-D04-ROCE-Leaf-6.GPU.S9825,FourHundredGigE1/0/61,0,0,0,0,0,0
2024/05/24 星期五 00:34:12.922,1716482052922,NH-DC-NM129-D04-ROCE-Leaf-6.GPU.S9825,FourHundredGigE1/0/61,314036,1182080548,439225,1746068206,2.94,4.34
2024/05/24 星期五 00:34:13.478,1716482053478,NH-DC-NM129-D04-ROCE-Leaf-6.GPU.S9825,FourHundredGigE1/0/61,0,0,0,0,0,0
2024/05/24 星期五 00:34:14.113,1716482054113,NH-DC-NM129-D04-ROCE-Leaf-6.GPU.S9825,FourHundredGigE1/0/61,204285,782423022,440015,1745245434,1.54,3.43
2024/05/24 星期五 00:34:14.853,1716482054853,NH-DC-NM129-D04-ROCE-Leaf-6.GPU.S9825,FourHundredGigE1/0/61,349226,1352731188,179332,730284640,2.28,1.23
2024/05/24 星期五 00:34:15.534,1716482055534,NH-DC-NM129-D04-ROCE-Leaf-6.GPU.S9825,FourHundredGigE1/0/61,0,0,0,0,0,0
2024/05/24 星期五 00:34:16.058,1716482056058,NH-DC-NM129-D04-ROCE-Leaf-6.GPU.S9825,FourHundredGigE1/0/61,228389,931879410,233819,918561286,2.22,2.17
2024/05/24 星期五 00:34:16.562,1716482056562,NH-DC-NM129-D04-ROCE-Leaf-6.GPU.S9825,FourHundredGigE1/0/61,0,0,0,0,0,0
2024/05/24 星期五 00:34:17.064,1716482057064,NH-DC-NM129-D04-ROCE-Leaf-6.GPU.S9825,FourHundredGigE1/0/61,165083,608695182,257049,1021024522,1.49,2.54
2024/05/24 星期五 00:34:17.672,1716482057672,NH-DC-NM129-D04-ROCE-Leaf-6.GPU.S9825,FourHundredGigE1/0/61,0,0,0,0,0,0
2024/05/24 星期五 00:34:18.177,1716482058177,NH-DC-NM129-D04-ROCE-Leaf-6.GPU.S9825,FourHundredGigE1/0/61,319788,1229411948,153522,579109573,3.02,1.41
2024/05/24 星期五 00:34:18.957,1716482058957,NH-DC-NM129-D04-ROCE-Leaf-6.GPU.S9825,FourHundredGigE1/0/61,311398,1205351444,175746,644861604,1.92,1.03
2024/05/24 星期五 00:34:19.539,1716482059539,NH-DC-NM129-D04-ROCE-Leaf-6.GPU.S9825,FourHundredGigE1/0/61,0,0,0,0,0,0
2024/05/24 星期五 00:34:20.041,1716482060041,NH-DC-NM129-D04-ROCE-Leaf-6.GPU.S9825,FourHundredGigE1/0/61,524853,2020672544,379798,1535582428,5.03,3.81
2024/05/24 星期五 00:34:20.685,1716482060685,NH-DC-NM129-D04-ROCE-Leaf-6.GPU.S9825,FourHundredGigE1/0/61,151808,574243650,133223,528440362,1.11,1.01
2024/05/24 星期五 00:34:21.349,1716482061349,NH-DC-NM129-D04-ROCE-Leaf-6.GPU.S9825,FourHundredGigE1/0/61,0,0,0,0,0,0
2024/05/24 星期五 00:34:21.863,1716482061863,NH-DC-NM129-D04-ROCE-Leaf-6.GPU.S9825,FourHundredGigE1/0/61,349214,1383203440,228948,909163396,3.36,2.19
2024/05/24 星期五 00:34:22.513,1716482062513,NH-DC-NM129-D04-ROCE-Leaf-6.GPU.S9825,FourHundredGigE1/0/61,0,0,0,0,0,0
2024/05/24 星期五 00:34:23.013,1716482063013,NH-DC-NM129-D04-ROCE-Leaf-6.GPU.S9825,FourHundredGigE1/0/61,243280,973384526,201035,696547514,2.42,1.72
2024/05/24 星期五 00:34:23.528,1716482063528,NH-DC-NM129-D04-ROCE-Leaf-6.GPU.S9825,FourHundredGigE1/0/61,0,0,0,0,0,0
2024/05/24 星期五 00:34:24.030,1716482064030,NH-DC-NM129-D04-ROCE-Leaf-6.GPU.S9825,FourHundredGigE1/0/61,319453,1224902334,394914,1587143592,3.04,3.93
2024/05/24 星期五 00:34:24.742,1716482064742,NH-DC-NM129-D04-ROCE-Leaf-6.GPU.S9825,FourHundredGigE1/0/61,198881,728223194,251266,896400810,1.26,1.56
2024/05/24 星期五 00:34:25.242,1716482065242,NH-DC-NM129-D04-ROCE-Leaf-6.GPU.S9825,FourHundredGigE1/0/61,0,0,0,0,0,0
2024/05/24 星期五 00:34:25.982,1716482065982,NH-DC-NM129-D04-ROCE-Leaf-6.GPU.S9825,FourHundredGigE1/0/61,132935,503120968,202376,758092062,0.84,1.27
2024/05/24 星期五 00:34:26.484,1716482066484,NH-DC-NM129-D04-ROCE-Leaf-6.GPU.S9825,FourHundredGigE1/0/61,0,0,0,0,0,0
2024/05/24 星期五 00:34:26.986,1716482066986,NH-DC-NM129-D04-ROCE-Leaf-6.GPU.S9825,FourHundredGigE1/0/61,285401,1151181814,329884,1352598080,2.86,3.36
2024/05/24 星期五 00:34:27.686,1716482067686,NH-DC-NM129-D04-ROCE-Leaf-6.GPU.S9825,FourHundredGigE1/0/61,159438,552896578,180164,695314008,0.98,1.23
2024/05/24 星期五 00:34:28.310,1716482068310,NH-DC-NM129-D04-ROCE-Leaf-6.GPU.S9825,FourHundredGigE1/0/61,0,0,0,0,0,0
2024/05/24 星期五 00:34:28.865,1716482068865,NH-DC-NM129-D04-ROCE-Leaf-6.GPU.S9825,FourHundredGigE1/0/61,218851,866770808,87681,327739390,1.94,0.72
2024/05/24 星期五 00:34:29.598,1716482069598,NH-DC-NM129-D04-ROCE-Leaf-6.GPU.S9825,FourHundredGigE1/0/61,0,0,0,0,0,0
2024/05/24 星期五 00:34:30.552,1716482070552,NH-DC-NM129-D04-ROCE-Leaf-6.GPU.S9825,FourHundredGigE1/0/61,436716,1685722267,491387,1933326762,2.20,2.53
2024/05/24 星期五 00:34:31.124,1716482071124,NH-DC-NM129-D04-ROCE-Leaf-6.GPU.S9825,FourHundredGigE1/0/61,0,0,0,0,0,0
2024/05/24 星期五 00:34:31.696,1716482071696,NH-DC-NM129-D04-ROCE-Leaf-6.GPU.S9825,FourHundredGigE1/0/61,0,0,0,0,0,0
2024/05/24 星期五 00:34:32.207,1716482072207,NH-DC-NM129-D04-ROCE-Leaf-6.GPU.S9825,FourHundredGigE1/0/61,216399,853123181,133732,536903970,2.08,1.30
2024/05/24 星期五 00:34:33.562,1716482073562,NH-DC-NM129-D04-ROCE-Leaf-6.GPU.S9825,FourHundredGigE1/0/61,189079,736709934,81424,301535142,0.67,0.28
2024/05/24 星期五 00:34:34.076,1716482074076,NH-DC-NM129-D04-ROCE-Leaf-6.GPU.S9825,FourHundredGigE1/0/61,228834,883447822,216665,859814504,2.14,2.07
2024/05/24 星期五 00:34:35.556,1716482075556,NH-DC-NM129-D04-ROCE-Leaf-6.GPU.S9825,FourHundredGigE1/0/61,135406,499062974,416832,1682346938,0.41,1.42
2024/05/24 星期五 00:34:36.054,1716482076054,NH-DC-NM129-D04-ROCE-Leaf-6.GPU.S9825,FourHundredGigE1/0/61,150938,600892614,122104,466950128,1.51,1.15
2024/05/24 星期五 00:34:36.653,1716482076653,NH-DC-NM129-D04-ROCE-Leaf-6.GPU.S9825,FourHundredGigE1/0/61,0,0,0,0,0,0
2024/05/24 星期五 00:34:37.154,1716482077154,NH-DC-NM129-D04-ROCE-Leaf-6.GPU.S9825,FourHundredGigE1/0/61,90952,337509894,92078,351141916,0.82,0.87
2024/05/24 星期五 00:34:37.832,1716482077832,NH-DC-NM129-D04-ROCE-Leaf-6.GPU.S9825,FourHundredGigE1/0/61,407960,1669793155,219687,846942954,3.06,1.55
2024/05/24 星期五 00:34:38.397,1716482078397,NH-DC-NM129-D04-ROCE-Leaf-6.GPU.S9825,FourHundredGigE1/0/61,0,0,0,0,0,0
2024/05/24 星期五 00:34:38.909,1716482078909,NH-DC-NM129-D04-ROCE-Leaf-6.GPU.S9825,FourHundredGigE1/0/61,443808,1786117680,208903,786659490,4.35,1.90
2024/05/24 星期五 00:34:39.489,1716482079489,NH-DC-NM129-D04-ROCE-Leaf-6.GPU.S9825,FourHundredGigE1/0/61,0,0,0,0,0,0
2024/05/24 星期五 00:34:40.020,1716482080020,NH-DC-NM129-D04-ROCE-Leaf-6.GPU.S9825,FourHundredGigE1/0/61,298392,1171795500,223666,887887732,2.75,2.07
2024/05/24 星期五 00:34:40.521,1716482080521,NH-DC-NM129-D04-ROCE-Leaf-6.GPU.S9825,FourHundredGigE1/0/61,0,0,0,0,0,0
2024/05/24 星期五 00:34:41.093,1716482081093,NH-DC-NM129-D04-ROCE-Leaf-6.GPU.S9825,FourHundredGigE1/0/61,99942,371629104,121834,475234612,0.81,1.03
2024/05/24 星期五 00:34:41.907,1716482081907,NH-DC-NM129-D04-ROCE-Leaf-6.GPU.S9825,FourHundredGigE1/0/61,211450,822753848,319787,1277653642,1.26,1.95
2024/05/24 星期五 00:34:42.614,1716482082614,NH-DC-NM129-D04-ROCE-Leaf-6.GPU.S9825,FourHundredGigE1/0/61,228658,882749446,352003,1352726038,1.56,2.39
2024/05/24 星期五 00:34:43.267,1716482083267,NH-DC-NM129-D04-ROCE-Leaf-6.GPU.S9825,FourHundredGigE1/0/61,0,0,0,0,0,0
2024/05/24 星期五 00:34:43.769,1716482083769,NH-DC-NM129-D04-ROCE-Leaf-6.GPU.S9825,FourHundredGigE1/0/61,298177,1015740584,347957,1412917722,2.51,3.51
2024/05/24 星期五 00:34:44.488,1716482084488,NH-DC-NM129-D04-ROCE-Leaf-6.GPU.S9825,FourHundredGigE1/0/61,102125,363869886,198114,780696788,0.63,1.36
2024/05/24 星期五 00:34:45.233,1716482085233,NH-DC-NM129-D04-ROCE-Leaf-6.GPU.S9825,FourHundredGigE1/0/61,0,0,0,0,0,0
2024/05/24 星期五 00:34:45.734,1716482085734,NH-DC-NM129-D04-ROCE-Leaf-6.GPU.S9825,FourHundredGigE1/0/61,180677,733346382,261106,978550056,1.82,2.42
2024/05/24 星期五 00:34:46.275,1716482086275,NH-DC-NM129-D04-ROCE-Leaf-6.GPU.S9825,FourHundredGigE1/0/61,233282,919705912,246472,906725184,2.10,2.08
2024/05/24 星期五 00:34:47.179,1716482087179,NH-DC-NM129-D04-ROCE-Leaf-6.GPU.S9825,FourHundredGigE1/0/61,0,0,0,0,0,0
2024/05/24 星期五 00:34:47.708,1716482087708,NH-DC-NM129-D04-ROCE-Leaf-6.GPU.S9825,FourHundredGigE1/0/61,142110,539717796,162463,641793126,1.25,1.51
2024/05/24 星期五 00:34:50.077,1716482090077,NH-DC-NM129-D04-ROCE-Leaf-6.GPU.S9825,FourHundredGigE1/0/61,691246,2675622928,507080,1973191388,1.41,1.04
2024/05/24 星期五 00:34:50.669,1716482090669,NH-DC-NM129-D04-ROCE-Leaf-6.GPU.S9825,FourHundredGigE1/0/61,160365,641562470,185946,693713544,1.35,1.46
2024/05/24 星期五 00:34:51.203,1716482091203,NH-DC-NM129-D04-ROCE-Leaf-6.GPU.S9825,FourHundredGigE1/0/61,0,0,0,0,0,0
2024/05/24 星期五 00:34:51.853,1716482091853,NH-DC-NM129-D04-ROCE-Leaf-6.GPU.S9825,FourHundredGigE1/0/61,99310,308968564,220816,810439836,0.58,1.56
2024/05/24 星期五 00:34:52.357,1716482092357,NH-DC-NM129-D04-ROCE-Leaf-6.GPU.S9825,FourHundredGigE1/0/61,0,0,0,0,0,0
2024/05/24 星期五 00:34:52.955,1716482092955,NH-DC-NM129-D04-ROCE-Leaf-6.GPU.S9825,FourHundredGigE1/0/61,229505,840909466,533014,2101326872,1.76,4.39
2024/05/24 星期五 00:34:53.610,1716482093610,NH-DC-NM129-D04-ROCE-Leaf-6.GPU.S9825,FourHundredGigE1/0/61,72138,232903652,120409,408248950,0.44,0.76
2024/05/24 星期五 00:34:54.261,1716482094261,NH-DC-NM129-D04-ROCE-Leaf-6.GPU.S9825,FourHundredGigE1/0/61,0,0,0,0,0,0
2024/05/24 星期五 00:34:54.995,1716482094995,NH-DC-NM129-D04-ROCE-Leaf-6.GPU.S9825,FourHundredGigE1/0/61,34179,136084514,62434,162839668,0.22,0.27
2024/05/24 星期五 00:34:55.678,1716482095678,NH-DC-NM129-D04-ROCE-Leaf-6.GPU.S9825,FourHundredGigE1/0/61,227908,915391578,87937,312180366,1.67,0.57
2024/05/24 星期五 00:34:56.177,1716482096177,NH-DC-NM129-D04-ROCE-Leaf-6.GPU.S9825,FourHundredGigE1/0/61,0,0,0,0,0,0
2024/05/24 星期五 00:34:56.777,1716482096777,NH-DC-NM129-D04-ROCE-Leaf-6.GPU.S9825,FourHundredGigE1/0/61,274496,961975754,328991,1351552146,2,2.81
2024/05/24 星期五 00:34:57.377,1716482097377,NH-DC-NM129-D04-ROCE-Leaf-6.GPU.S9825,FourHundredGigE1/0/61,0,0,0,0,0,0
2024/05/24 星期五 00:34:57.901,1716482097901,NH-DC-NM129-D04-ROCE-Leaf-6.GPU.S9825,FourHundredGigE1/0/61,266578,1078549534,231408,905486340,2.55,2.15
2024/05/24 星期五 00:34:59.129,1716482099129,NH-DC-NM129-D04-ROCE-Leaf-6.GPU.S9825,FourHundredGigE1/0/61,145472,541641966,151510,555793488,0.55,0.56
2024/05/24 星期五 00:34:59.666,1716482099666,NH-DC-NM129-D04-ROCE-Leaf-6.GPU.S9825,FourHundredGigE1/0/61,0,0,0,0,0,0
2024/05/24 星期五 00:35:00.168,1716482100168,NH-DC-NM129-D04-ROCE-Leaf-6.GPU.S9825,FourHundredGigE1/0/61,301489,1185323822,425677,1729829014,2.94,4.28
2024/05/24 星期五 00:35:00.730,1716482100730,NH-DC-NM129-D04-ROCE-Leaf-6.GPU.S9825,FourHundredGigE1/0/61,102679,344048708,173042,670588156,0.76,1.49
2024/05/24 星期五 00:35:01.243,1716482101243,NH-DC-NM129-D04-ROCE-Leaf-6.GPU.S9825,FourHundredGigE1/0/61,0,0,0,0,0,0
2024/05/24 星期五 00:35:01.988,1716482101988,NH-DC-NM129-D04-ROCE-Leaf-6.GPU.S9825,FourHundredGigE1/0/61,397761,1305318284,332475,1258792874,2.18,2.10
2024/05/24 星期五 00:35:03.397,1716482103397,NH-DC-NM129-D04-ROCE-Leaf-6.GPU.S9825,FourHundredGigE1/0/61,577918,2148681232,433565,1710387618,1.90,1.52
2024/05/24 星期五 00:35:04.664,1716482104664,NH-DC-NM129-D04-ROCE-Leaf-6.GPU.S9825,FourHundredGigE1/0/61,239641,780039278,241315,950772554,0.77,0.94
2024/05/24 星期五 00:35:05.423,1716482105423,NH-DC-NM129-D04-ROCE-Leaf-6.GPU.S9825,FourHundredGigE1/0/61,0,0,0,0,0,0
2024/05/24 星期五 00:35:05.978,1716482105978,NH-DC-NM129-D04-ROCE-Leaf-6.GPU.S9825,FourHundredGigE1/0/61,289020,1087025516,156862,600565204,2.43,1.35
2024/05/24 星期五 00:35:06.482,1716482106482,NH-DC-NM129-D04-ROCE-Leaf-6.GPU.S9825,FourHundredGigE1/0/61,0,0,0,0,0,0
2024/05/24 星期五 00:35:07.057,1716482107057,NH-DC-NM129-D04-ROCE-Leaf-6.GPU.S9825,FourHundredGigE1/0/61,100698,334809204,242864,933646344,0.72,2.02
2024/05/24 星期五 00:35:07.688,1716482107688,NH-DC-NM129-D04-ROCE-Leaf-6.GPU.S9825,FourHundredGigE1/0/61,0,0,0,0,0,0
2024/05/24 星期五 00:35:08.189,1716482108189,NH-DC-NM129-D04-ROCE-Leaf-6.GPU.S9825,FourHundredGigE1/0/61,208044,774088167,134660,481516044,1.92,1.20
2024/05/24 星期五 00:35:08.998,1716482108998,NH-DC-NM129-D04-ROCE-Leaf-6.GPU.S9825,FourHundredGigE1/0/61,339472,1355494808,292282,1134615104,2.09,1.75
2024/05/24 星期五 00:35:09.499,1716482109499,NH-DC-NM129-D04-ROCE-Leaf-6.GPU.S9825,FourHundredGigE1/0/61,0,0,0,0,0,0
2024/05/24 星期五 00:35:10.000,1716482110000,NH-DC-NM129-D04-ROCE-Leaf-6.GPU.S9825,FourHundredGigE1/0/61,196812,739842676,156721,598340424,1.82,1.47
2024/05/24 星期五 00:35:10.576,1716482110576,NH-DC-NM129-D04-ROCE-Leaf-6.GPU.S9825,FourHundredGigE1/0/61,428347,1643349723,163925,564280236,3.56,1.22
2024/05/24 星期五 00:35:11.659,1716482111659,NH-DC-NM129-D04-ROCE-Leaf-6.GPU.S9825,FourHundredGigE1/0/61,318492,1255977058,132733,476603338,1.44,0.54
2024/05/24 星期五 00:35:12.457,1716482112457,NH-DC-NM129-D04-ROCE-Leaf-6.GPU.S9825,FourHundredGigE1/0/61,0,0,0,0,0,0
2024/05/24 星期五 00:35:12.958,1716482112958,NH-DC-NM129-D04-ROCE-Leaf-6.GPU.S9825,FourHundredGigE1/0/61,249602,942046837,281968,1064163408,2.35,2.64
2024/05/24 星期五 00:35:13.464,1716482113464,NH-DC-NM129-D04-ROCE-Leaf-6.GPU.S9825,FourHundredGigE1/0/61,0,0,0,0,0,0
2024/05/24 星期五 00:35:13.998,1716482113998,NH-DC-NM129-D04-ROCE-Leaf-6.GPU.S9825,FourHundredGigE1/0/61,311839,1245889384,457344,1789000016,2.90,4.17
2024/05/24 星期五 00:35:14.664,1716482114664,NH-DC-NM129-D04-ROCE-Leaf-6.GPU.S9825,FourHundredGigE1/0/61,0,0,0,0,0,0
2024/05/24 星期五 00:35:15.165,1716482115165,NH-DC-NM129-D04-ROCE-Leaf-6.GPU.S9825,FourHundredGigE1/0/61,487411,1954927234,207353,728808030,4.87,1.80
2024/05/24 星期五 00:35:15.964,1716482115964,NH-DC-NM129-D04-ROCE-Leaf-6.GPU.S9825,FourHundredGigE1/0/61,92701,296530510,128607,453628198,0.45,0.70
2024/05/24 星期五 00:35:16.465,1716482116465,NH-DC-NM129-D04-ROCE-Leaf-6.GPU.S9825,FourHundredGigE1/0/61,0,0,0,0,0,0
2024/05/24 星期五 00:35:16.965,1716482116965,NH-DC-NM129-D04-ROCE-Leaf-6.GPU.S9825,FourHundredGigE1/0/61,113917,446645422,210995,813893398,1.1,2.02
2024/05/24 星期五 00:35:17.526,1716482117526,NH-DC-NM129-D04-ROCE-Leaf-6.GPU.S9825,FourHundredGigE1/0/61,0,0,0,0,0,0
2024/05/24 星期五 00:35:18.106,1716482118106,NH-DC-NM129-D04-ROCE-Leaf-6.GPU.S9825,FourHundredGigE1/0/61,133646,523343228,494762,1915727156,1.12,4.12
2024/05/24 星期五 00:35:18.617,1716482118617,NH-DC-NM129-D04-ROCE-Leaf-6.GPU.S9825,FourHundredGigE1/0/61,194821,775344368,350202,1356998024,1.88,3.30
2024/05/24 星期五 00:35:19.434,1716482119434,NH-DC-NM129-D04-ROCE-Leaf-6.GPU.S9825,FourHundredGigE1/0/61,0,0,0,0,0,0
2024/05/24 星期五 00:35:19.953,1716482119953,NH-DC-NM129-D04-ROCE-Leaf-6.GPU.S9825,FourHundredGigE1/0/61,299219,1160461500,106675,351038798,2.79,0.84
2024/05/24 星期五 00:35:20.456,1716482120456,NH-DC-NM129-D04-ROCE-Leaf-6.GPU.S9825,FourHundredGigE1/0/61,0,0,0,0,0,0
2024/05/24 星期五 00:35:20.985,1716482120985,NH-DC-NM129-D04-ROCE-Leaf-6.GPU.S9825,FourHundredGigE1/0/61,176357,663817006,112479,431626806,1.56,1.02
2024/05/24 星期五 00:35:21.601,1716482121601,NH-DC-NM129-D04-ROCE-Leaf-6.GPU.S9825,FourHundredGigE1/0/61,0,0,0,0,0,0
2024/05/24 星期五 00:35:22.103,1716482122103,NH-DC-NM129-D04-ROCE-Leaf-6.GPU.S9825,FourHundredGigE1/0/61,330893,1321395770,173752,699340116,3.29,1.72
2024/05/24 星期五 00:35:22.938,1716482122938,NH-DC-NM129-D04-ROCE-Leaf-6.GPU.S9825,FourHundredGigE1/0/61,188786,723610768,91004,331039632,1.08,0.49
2024/05/24 星期五 00:35:23.439,1716482123439,NH-DC-NM129-D04-ROCE-Leaf-6.GPU.S9825,FourHundredGigE1/0/61,0,0,0,0,0,0
2024/05/24 星期五 00:35:23.941,1716482123941,NH-DC-NM129-D04-ROCE-Leaf-6.GPU.S9825,FourHundredGigE1/0/61,182245,701150230,140265,514900674,1.74,1.27
2024/05/24 星期五 00:35:24.534,1716482124534,NH-DC-NM129-D04-ROCE-Leaf-6.GPU.S9825,FourHundredGigE1/0/61,0,0,0,0,0,0
2024/05/24 星期五 00:35:25.143,1716482125143,NH-DC-NM129-D04-ROCE-Leaf-6.GPU.S9825,FourHundredGigE1/0/61,257494,1007676984,158331,585237542,2.05,1.19
2024/05/24 星期五 00:35:27.242,1716482127242,NH-DC-NM129-D04-ROCE-Leaf-6.GPU.S9825,FourHundredGigE1/0/61,679017,2663532850,163953,613989710,1.58,0.36
2024/05/24 星期五 00:35:27.752,1716482127752,NH-DC-NM129-D04-ROCE-Leaf-6.GPU.S9825,FourHundredGigE1/0/61,121426,340673222,123057,475053538,0.83,1.15
2024/05/24 星期五 00:35:28.254,1716482128254,NH-DC-NM129-D04-ROCE-Leaf-6.GPU.S9825,FourHundredGigE1/0/61,0,0,0,0,0,0
2024/05/24 星期五 00:35:29.251,1716482129251,NH-DC-NM129-D04-ROCE-Leaf-6.GPU.S9825,FourHundredGigE1/0/61,334906,1356070734,862720,3233455864,1.69,4.05
2024/05/24 星期五 00:35:29.884,1716482129884,NH-DC-NM129-D04-ROCE-Leaf-6.GPU.S9825,FourHundredGigE1/0/61,153099,621871942,63034,247320876,1.22,0.47
2024/05/24 星期五 00:35:30.385,1716482130385,NH-DC-NM129-D04-ROCE-Leaf-6.GPU.S9825,FourHundredGigE1/0/61,0,0,0,0,0,0
2024/05/24 星期五 00:35:31.742,1716482131742,NH-DC-NM129-D04-ROCE-Leaf-6.GPU.S9825,FourHundredGigE1/0/61,87502,352713122,39966,99523316,0.32,0.08
2024/05/24 星期五 00:35:32.243,1716482132243,NH-DC-NM129-D04-ROCE-Leaf-6.GPU.S9825,FourHundredGigE1/0/61,114381,457930436,154390,602670276,1.12,1.50
2024/05/24 星期五 00:35:33.072,1716482133072,NH-DC-NM129-D04-ROCE-Leaf-6.GPU.S9825,FourHundredGigE1/0/61,167582,576789596,159618,643635312,0.86,0.97
2024/05/24 星期五 00:35:33.573,1716482133573,NH-DC-NM129-D04-ROCE-Leaf-6.GPU.S9825,FourHundredGigE1/0/61,0,0,0,0,0,0
2024/05/24 星期五 00:35:34.143,1716482134143,NH-DC-NM129-D04-ROCE-Leaf-6.GPU.S9825,FourHundredGigE1/0/61,184925,734051274,167474,614378198,1.60,1.34
2024/05/24 星期五 00:35:34.821,1716482134821,NH-DC-NM129-D04-ROCE-Leaf-6.GPU.S9825,FourHundredGigE1/0/61,215666,864586356,189049,695866576,1.59,1.27
2024/05/24 星期五 00:35:35.366,1716482135366,NH-DC-NM129-D04-ROCE-Leaf-6.GPU.S9825,FourHundredGigE1/0/61,0,0,0,0,0,0
2024/05/24 星期五 00:35:35.948,1716482135948,NH-DC-NM129-D04-ROCE-Leaf-6.GPU.S9825,FourHundredGigE1/0/61,263143,999102122,226870,869099860,2.13,1.85
2024/05/24 星期五 00:35:36.667,1716482136667,NH-DC-NM129-D04-ROCE-Leaf-6.GPU.S9825,FourHundredGigE1/0/61,0,0,0,0,0,0
2024/05/24 星期五 00:35:37.165,1716482137165,NH-DC-NM129-D04-ROCE-Leaf-6.GPU.S9825,FourHundredGigE1/0/61,160459,577991080,185777,734314770,1.43,1.83
2024/05/24 星期五 00:35:37.666,1716482137666,NH-DC-NM129-D04-ROCE-Leaf-6.GPU.S9825,FourHundredGigE1/0/61,0,0,0,0,0,0
2024/05/24 星期五 00:35:38.166,1716482138166,NH-DC-NM129-D04-ROCE-Leaf-6.GPU.S9825,FourHundredGigE1/0/61,256756,978492513,113474,409084296,2.42,1
2024/05/24 星期五 00:35:38.734,1716482138734,NH-DC-NM129-D04-ROCE-Leaf-6.GPU.S9825,FourHundredGigE1/0/61,165711,621635802,259492,984355166,1.36,2.16
2024/05/24 星期五 00:35:39.299,1716482139299,NH-DC-NM129-D04-ROCE-Leaf-6.GPU.S9825,FourHundredGigE1/0/61,0,0,0,0,0,0
2024/05/24 星期五 00:35:40.169,1716482140169,NH-DC-NM129-D04-ROCE-Leaf-6.GPU.S9825,FourHundredGigE1/0/61,285510,1087132336,489713,1878176014,1.55,2.69
2024/05/24 星期五 00:35:40.898,1716482140898,NH-DC-NM129-D04-ROCE-Leaf-6.GPU.S9825,FourHundredGigE1/0/61,273890,1071556488,415822,1547864754,1.83,2.64
2024/05/24 星期五 00:35:41.502,1716482141502,NH-DC-NM129-D04-ROCE-Leaf-6.GPU.S9825,FourHundredGigE1/0/61,286402,1169892828,51697,147101774,2.40,0.29
2024/05/24 星期五 00:35:42.345,1716482142345,NH-DC-NM129-D04-ROCE-Leaf-6.GPU.S9825,FourHundredGigE1/0/61,0,0,0,0,0,0
2024/05/24 星期五 00:35:43.132,1716482143132,NH-DC-NM129-D04-ROCE-Leaf-6.GPU.S9825,FourHundredGigE1/0/61,293086,1114273392,231106,911600440,1.76,1.45
2024/05/24 星期五 00:35:43.742,1716482143742,NH-DC-NM129-D04-ROCE-Leaf-6.GPU.S9825,FourHundredGigE1/0/61,89325,299550968,271255,1070339234,0.59,2.19
2024/05/24 星期五 00:35:44.290,1716482144290,NH-DC-NM129-D04-ROCE-Leaf-6.GPU.S9825,FourHundredGigE1/0/61,0,0,0,0,0,0
2024/05/24 星期五 00:35:44.870,1716482144870,NH-DC-NM129-D04-ROCE-Leaf-6.GPU.S9825,FourHundredGigE1/0/61,86263,318584536,146474,561948152,0.67,1.21
2024/05/24 星期五 00:35:45.492,1716482145492,NH-DC-NM129-D04-ROCE-Leaf-6.GPU.S9825,FourHundredGigE1/0/61,0,0,0,0,0,0
2024/05/24 星期五 00:35:45.993,1716482145993,NH-DC-NM129-D04-ROCE-Leaf-6.GPU.S9825,FourHundredGigE1/0/61,159255,602483938,109919,390755314,1.50,0.97
2024/05/24 星期五 00:35:47.059,1716482147059,NH-DC-NM129-D04-ROCE-Leaf-6.GPU.S9825,FourHundredGigE1/0/61,98048,344589164,181018,685493920,0.40,0.80
2024/05/24 星期五 00:35:47.571,1716482147571,NH-DC-NM129-D04-ROCE-Leaf-6.GPU.S9825,FourHundredGigE1/0/61,0,0,0,0,0,0
2024/05/24 星期五 00:35:48.077,1716482148077,NH-DC-NM129-D04-ROCE-Leaf-6.GPU.S9825,FourHundredGigE1/0/61,156063,595640132,158701,601395966,1.46,1.48
2024/05/24 星期五 00:35:48.686,1716482148686,NH-DC-NM129-D04-ROCE-Leaf-6.GPU.S9825,FourHundredGigE1/0/61,142124,499714354,71816,236314380,1.01,0.47
2024/05/24 星期五 00:35:49.231,1716482149231,NH-DC-NM129-D04-ROCE-Leaf-6.GPU.S9825,FourHundredGigE1/0/61,0,0,0,0,0,0
2024/05/24 星期五 00:35:50.357,1716482150357,NH-DC-NM129-D04-ROCE-Leaf-6.GPU.S9825,FourHundredGigE1/0/61,138634,503611810,107193,379165242,0.56,0.41
2024/05/24 星期五 00:35:50.863,1716482150863,NH-DC-NM129-D04-ROCE-Leaf-6.GPU.S9825,FourHundredGigE1/0/61,225723,621365076,484682,1926038768,1.53,4.74
2024/05/24 星期五 00:35:51.378,1716482151378,NH-DC-NM129-D04-ROCE-Leaf-6.GPU.S9825,FourHundredGigE1/0/61,0,0,0,0,0,0
2024/05/24 星期五 00:35:51.875,1716482151875,NH-DC-NM129-D04-ROCE-Leaf-6.GPU.S9825,FourHundredGigE1/0/61,194866,521230964,207765,813628634,1.31,2.04
2024/05/24 星期五 00:35:52.442,1716482152442,NH-DC-NM129-D04-ROCE-Leaf-6.GPU.S9825,FourHundredGigE1/0/61,0,0,0,0,0,0
2024/05/24 星期五 00:35:53.063,1716482153063,NH-DC-NM129-D04-ROCE-Leaf-6.GPU.S9825,FourHundredGigE1/0/61,239661,742120138,561837,2281967962,1.49,4.59
2024/05/24 星期五 00:35:53.927,1716482153927,NH-DC-NM129-D04-ROCE-Leaf-6.GPU.S9825,FourHundredGigE1/0/61,339765,1166713972,341301,1349490971,1.68,1.94
2024/05/24 星期五 00:35:54.512,1716482154512,NH-DC-NM129-D04-ROCE-Leaf-6.GPU.S9825,FourHundredGigE1/0/61,0,0,0,0,0,0
2024/05/24 星期五 00:35:55.157,1716482155157,NH-DC-NM129-D04-ROCE-Leaf-6.GPU.S9825,FourHundredGigE1/0/61,557488,2020960202,279052,1031658104,3.91,2.00
2024/05/24 星期五 00:35:56.167,1716482156167,NH-DC-NM129-D04-ROCE-Leaf-6.GPU.S9825,FourHundredGigE1/0/61,0,0,0,0,0,0
2024/05/24 星期五 00:35:57.367,1716482157367,NH-DC-NM129-D04-ROCE-Leaf-6.GPU.S9825,FourHundredGigE1/0/61,203623,707634214,177021,671579898,0.73,0.70
2024/05/24 星期五 00:35:58.001,1716482158001,NH-DC-NM129-D04-ROCE-Leaf-6.GPU.S9825,FourHundredGigE1/0/61,436158,1708494946,316975,1282445350,3.35,2.52
2024/05/24 星期五 00:35:58.501,1716482158501,NH-DC-NM129-D04-ROCE-Leaf-6.GPU.S9825,FourHundredGigE1/0/61,0,0,0,0,0,0
2024/05/24 星期五 00:35:59.012,1716482159012,NH-DC-NM129-D04-ROCE-Leaf-6.GPU.S9825,FourHundredGigE1/0/61,162059,628682888,245170,972716188,1.52,2.37
2024/05/24 星期五 00:35:59.886,1716482159886,NH-DC-NM129-D04-ROCE-Leaf-6.GPU.S9825,FourHundredGigE1/0/61,197105,740845402,199642,751107460,1.06,1.07
2024/05/24 星期五 00:36:00.509,1716482160509,NH-DC-NM129-D04-ROCE-Leaf-6.GPU.S9825,FourHundredGigE1/0/61,204641,721201714,227495,876435690,1.44,1.75
2024/05/24 星期五 00:36:01.143,1716482161143,NH-DC-NM129-D04-ROCE-Leaf-6.GPU.S9825,FourHundredGigE1/0/61,0,0,0,0,0,0
2024/05/24 星期五 00:36:01.641,1716482161641,NH-DC-NM129-D04-ROCE-Leaf-6.GPU.S9825,FourHundredGigE1/0/61,0,0,0,0,0,0
2024/05/24 星期五 00:36:02.142,1716482162142,NH-DC-NM129-D04-ROCE-Leaf-6.GPU.S9825,FourHundredGigE1/0/61,461532,1764796216,497494,1926263232,4.39,4.79
2024/05/24 星期五 00:36:04.229,1716482164229,NH-DC-NM129-D04-ROCE-Leaf-6.GPU.S9825,FourHundredGigE1/0/61,629244,2426173980,233816,627569288,1.45,0.37
2024/05/24 星期五 00:36:05.049,1716482165049,NH-DC-NM129-D04-ROCE-Leaf-6.GPU.S9825,FourHundredGigE1/0/61,339950,1317515052,375102,1509484814,2.00,2.29
2024/05/24 星期五 00:36:05.550,1716482165550,NH-DC-NM129-D04-ROCE-Leaf-6.GPU.S9825,FourHundredGigE1/0/61,0,0,0,0,0,0
2024/05/24 星期五 00:36:06.071,1716482166071,NH-DC-NM129-D04-ROCE-Leaf-6.GPU.S9825,FourHundredGigE1/0/61,150321,568431174,412195,1570844604,1.34,3.77
2024/05/24 星期五 00:36:06.726,1716482166726,NH-DC-NM129-D04-ROCE-Leaf-6.GPU.S9825,FourHundredGigE1/0/61,0,0,0,0,0,0
2024/05/24 星期五 00:36:07.226,1716482167226,NH-DC-NM129-D04-ROCE-Leaf-6.GPU.S9825,FourHundredGigE1/0/61,251400,935640308,188058,708791476,2.32,1.75
2024/05/24 星期五 00:36:08.064,1716482168064,NH-DC-NM129-D04-ROCE-Leaf-6.GPU.S9825,FourHundredGigE1/0/61,209629,811967865,210094,795273982,1.21,1.18
2024/05/24 星期五 00:36:08.570,1716482168570,NH-DC-NM129-D04-ROCE-Leaf-6.GPU.S9825,FourHundredGigE1/0/61,0,0,0,0,0,0
2024/05/24 星期五 00:36:09.079,1716482169079,NH-DC-NM129-D04-ROCE-Leaf-6.GPU.S9825,FourHundredGigE1/0/61,394741,1503189002,246881,977000082,3.68,2.38
2024/05/24 星期五 00:36:09.666,1716482169666,NH-DC-NM129-D04-ROCE-Leaf-6.GPU.S9825,FourHundredGigE1/0/61,128059,456299350,168598,647429316,0.96,1.36
2024/05/24 星期五 00:36:10.351,1716482170351,NH-DC-NM129-D04-ROCE-Leaf-6.GPU.S9825,FourHundredGigE1/0/61,0,0,0,0,0,0
2024/05/24 星期五 00:36:10.972,1716482170972,NH-DC-NM129-D04-ROCE-Leaf-6.GPU.S9825,FourHundredGigE1/0/61,115750,421657616,155013,351202366,0.85,0.70
2024/05/24 星期五 00:36:11.765,1716482171765,NH-DC-NM129-D04-ROCE-Leaf-6.GPU.S9825,FourHundredGigE1/0/61,389248,1571367720,350357,1236119322,2.47,1.94
2024/05/24 星期五 00:36:12.285,1716482172285,NH-DC-NM129-D04-ROCE-Leaf-6.GPU.S9825,FourHundredGigE1/0/61,0,0,0,0,0,0
2024/05/24 星期五 00:36:12.785,1716482172785,NH-DC-NM129-D04-ROCE-Leaf-6.GPU.S9825,FourHundredGigE1/0/61,95471,361371722,456665,1708346542,0.9,4.25
2024/05/24 星期五 00:36:13.303,1716482173303,NH-DC-NM129-D04-ROCE-Leaf-6.GPU.S9825,FourHundredGigE1/0/61,0,0,0,0,0,0
2024/05/24 星期五 00:36:13.950,1716482173950,NH-DC-NM129-D04-ROCE-Leaf-6.GPU.S9825,FourHundredGigE1/0/61,341999,1299208418,247174,897907360,2.49,1.72
2024/05/24 星期五 00:36:14.622,1716482174622,NH-DC-NM129-D04-ROCE-Leaf-6.GPU.S9825,FourHundredGigE1/0/61,232631,930736736,231541,897776336,1.73,1.66
2024/05/24 星期五 00:36:15.346,1716482175346,NH-DC-NM129-D04-ROCE-Leaf-6.GPU.S9825,FourHundredGigE1/0/61,0,0,0,0,0,0
2024/05/24 星期五 00:36:15.848,1716482175848,NH-DC-NM129-D04-ROCE-Leaf-6.GPU.S9825,FourHundredGigE1/0/61,375518,1484879658,151612,455049878,3.69,1.12
2024/05/24 星期五 00:36:16.352,1716482176352,NH-DC-NM129-D04-ROCE-Leaf-6.GPU.S9825,FourHundredGigE1/0/61,0,0,0,0,0,0
2024/05/24 星期五 00:36:16.857,1716482176857,NH-DC-NM129-D04-ROCE-Leaf-6.GPU.S9825,FourHundredGigE1/0/61,166231,618222702,131256,512007808,1.51,1.26
2024/05/24 星期五 00:36:17.981,1716482177981,NH-DC-NM129-D04-ROCE-Leaf-6.GPU.S9825,FourHundredGigE1/0/61,112710,398097476,188271,726554746,0.43,0.80
2024/05/24 星期五 00:36:18.627,1716482178627,NH-DC-NM129-D04-ROCE-Leaf-6.GPU.S9825,FourHundredGigE1/0/61,0,0,0,0,0,0
2024/05/24 星期五 00:36:19.133,1716482179133,NH-DC-NM129-D04-ROCE-Leaf-6.GPU.S9825,FourHundredGigE1/0/61,517164,2084341910,131033,495056682,5.14,1.21
2024/05/24 星期五 00:36:19.632,1716482179632,NH-DC-NM129-D04-ROCE-Leaf-6.GPU.S9825,FourHundredGigE1/0/61,0,0,0,0,0,0
2024/05/24 星期五 00:36:20.136,1716482180136,NH-DC-NM129-D04-ROCE-Leaf-6.GPU.S9825,FourHundredGigE1/0/61,126665,437799632,217051,814676542,1.07,2.01
2024/05/24 星期五 00:36:20.788,1716482180788,NH-DC-NM129-D04-ROCE-Leaf-6.GPU.S9825,FourHundredGigE1/0/61,299959,1177586466,214925,803957342,2.24,1.53
2024/05/24 星期五 00:36:21.302,1716482181302,NH-DC-NM129-D04-ROCE-Leaf-6.GPU.S9825,FourHundredGigE1/0/61,0,0,0,0,0,0
2024/05/24 星期五 00:36:21.974,1716482181974,NH-DC-NM129-D04-ROCE-Leaf-6.GPU.S9825,FourHundredGigE1/0/61,148315,508492018,194885,752837898,0.93,1.40
2024/05/24 星期五 00:36:22.486,1716482182486,NH-DC-NM129-D04-ROCE-Leaf-6.GPU.S9825,FourHundredGigE1/0/61,0,0,0,0,0,0
2024/05/24 星期五 00:36:22.989,1716482182989,NH-DC-NM129-D04-ROCE-Leaf-6.GPU.S9825,FourHundredGigE1/0/61,285861,1067915858,366515,1512344818,2.63,3.75
2024/05/24 星期五 00:36:23.561,1716482183561,NH-DC-NM129-D04-ROCE-Leaf-6.GPU.S9825,FourHundredGigE1/0/61,222749,819799922,202647,761812198,1.77,1.66
2024/05/24 星期五 00:36:24.985,1716482184985,NH-DC-NM129-D04-ROCE-Leaf-6.GPU.S9825,FourHundredGigE1/0/61,260522,1015668308,230681,841797910,0.89,0.74
2024/05/24 星期五 00:36:25.593,1716482185593,NH-DC-NM129-D04-ROCE-Leaf-6.GPU.S9825,FourHundredGigE1/0/61,194612,0,0,0,0,0
2024/05/24 星期五 00:36:26.131,1716482186131,NH-DC-NM129-D04-ROCE-Leaf-6.GPU.S9825,FourHundredGigE1/0/61,0,749711460,375609,1482876164,1.72,3.44
2024/05/24 星期五 00:36:26.666,1716482186666,NH-DC-NM129-D04-ROCE-Leaf-6.GPU.S9825,FourHundredGigE1/0/61,0,0,0,0,0,0
2024/05/24 星期五 00:36:27.174,1716482187174,NH-DC-NM129-D04-ROCE-Leaf-6.GPU.S9825,FourHundredGigE1/0/61,370346,1307841852,190274,698232730,3.20,1.70
2024/05/24 星期五 00:36:27.874,1716482187874,NH-DC-NM129-D04-ROCE-Leaf-6.GPU.S9825,FourHundredGigE1/0/61,160148,635563980,301976,1203882740,1.12,2.14
2024/05/24 星期五 00:36:28.605,1716482188605,NH-DC-NM129-D04-ROCE-Leaf-6.GPU.S9825,FourHundredGigE1/0/61,141487,544886598,249607,1001906680,0.92,1.71
2024/05/24 星期五 00:36:29.199,1716482189199,NH-DC-NM129-D04-ROCE-Leaf-6.GPU.S9825,FourHundredGigE1/0/61,0,0,0,0,0,0
2024/05/24 星期五 00:36:29.707,1716482189707,NH-DC-NM129-D04-ROCE-Leaf-6.GPU.S9825,FourHundredGigE1/0/61,0,0,0,0,0,0
2024/05/24 星期五 00:36:30.222,1716482190222,NH-DC-NM129-D04-ROCE-Leaf-6.GPU.S9825,FourHundredGigE1/0/61,236258,898861808,184090,683670470,2.16,1.65
2024/05/24 星期五 00:36:30.839,1716482190839,NH-DC-NM129-D04-ROCE-Leaf-6.GPU.S9825,FourHundredGigE1/0/61,177456,681449296,123804,440111812,1.38,0.89
2024/05/24 星期五 00:36:31.516,1716482191516,NH-DC-NM129-D04-ROCE-Leaf-6.GPU.S9825,FourHundredGigE1/0/61,229889,915550438,141592,482765552,1.68,0.89
2024/05/24 星期五 00:36:32.162,1716482192162,NH-DC-NM129-D04-ROCE-Leaf-6.GPU.S9825,FourHundredGigE1/0/61,0,0,0,0,0,0
2024/05/24 星期五 00:36:32.678,1716482192678,NH-DC-NM129-D04-ROCE-Leaf-6.GPU.S9825,FourHundredGigE1/0/61,0,0,0,0,0,0
2024/05/24 星期五 00:36:33.181,1716482193181,NH-DC-NM129-D04-ROCE-Leaf-6.GPU.S9825,FourHundredGigE1/0/61,338384,1348083260,163823,608848454,3.33,1.49
2024/05/24 星期五 00:36:33.764,1716482193764,NH-DC-NM129-D04-ROCE-Leaf-6.GPU.S9825,FourHundredGigE1/0/61,211205,845135398,40760,104174444,1.80,0.21
2024/05/24 星期五 00:36:34.340,1716482194340,NH-DC-NM129-D04-ROCE-Leaf-6.GPU.S9825,FourHundredGigE1/0/61,0,0,0,0,0,0
2024/05/24 星期五 00:36:35.153,1716482195153,NH-DC-NM129-D04-ROCE-Leaf-6.GPU.S9825,FourHundredGigE1/0/61,151676,595822088,162636,619924316,0.91,0.94
2024/05/24 星期五 00:36:35.740,1716482195740,NH-DC-NM129-D04-ROCE-Leaf-6.GPU.S9825,FourHundredGigE1/0/61,85557,290461342,132157,457944998,0.62,0.96
2024/05/24 星期五 00:36:36.244,1716482196244,NH-DC-NM129-D04-ROCE-Leaf-6.GPU.S9825,FourHundredGigE1/0/61,0,0,0,0,0,0
2024/05/24 星期五 00:36:36.770,1716482196770,NH-DC-NM129-D04-ROCE-Leaf-6.GPU.S9825,FourHundredGigE1/0/61,178063,687399770,337732,1302132564,1.62,3.09
2024/05/24 星期五 00:36:37.269,1716482197269,NH-DC-NM129-D04-ROCE-Leaf-6.GPU.S9825,FourHundredGigE1/0/61,0,0,0,0,0,0
2024/05/24 星期五 00:36:37.774,1716482197774,NH-DC-NM129-D04-ROCE-Leaf-6.GPU.S9825,FourHundredGigE1/0/61,172701,695726059,85724,272352612,1.71,0.67
2024/05/24 星期五 00:36:38.585,1716482198585,NH-DC-NM129-D04-ROCE-Leaf-6.GPU.S9825,FourHundredGigE1/0/61,0,0,0,0,0,0
2024/05/24 星期五 00:36:39.170,1716482199170,NH-DC-NM129-D04-ROCE-Leaf-6.GPU.S9825,FourHundredGigE1/0/61,240922,922962562,135716,527038368,1.97,1.11
2024/05/24 星期五 00:36:39.674,1716482199674,NH-DC-NM129-D04-ROCE-Leaf-6.GPU.S9825,FourHundredGigE1/0/61,0,0,0,0,0,0
2024/05/24 星期五 00:36:40.183,1716482200183,NH-DC-NM129-D04-ROCE-Leaf-6.GPU.S9825,FourHundredGigE1/0/61,109812,417157496,98522,345427604,1.01,0.83
2024/05/24 星期五 00:36:40.739,1716482200739,NH-DC-NM129-D04-ROCE-Leaf-6.GPU.S9825,FourHundredGigE1/0/61,0,0,0,0,0,0
2024/05/24 星期五 00:36:41.243,1716482201243,NH-DC-NM129-D04-ROCE-Leaf-6.GPU.S9825,FourHundredGigE1/0/61,544429,2116532922,458003,1821294438,5.23,4.51
2024/05/24 星期五 00:36:42.445,1716482202445,NH-DC-NM129-D04-ROCE-Leaf-6.GPU.S9825,FourHundredGigE1/0/61,0,0,0,0,0,0
2024/05/24 星期五 00:36:43.053,1716482203053,NH-DC-NM129-D04-ROCE-Leaf-6.GPU.S9825,FourHundredGigE1/0/61,237747,936484946,74485,273633498,1.91,0.56
2024/05/24 星期五 00:36:43.551,1716482203551,NH-DC-NM129-D04-ROCE-Leaf-6.GPU.S9825,FourHundredGigE1/0/61,221291,892754258,465742,1865794890,2.23,4.67
2024/05/24 星期五 00:36:44.242,1716482204242,NH-DC-NM129-D04-ROCE-Leaf-6.GPU.S9825,FourHundredGigE1/0/61,0,0,0,0,0,0
2024/05/24 星期五 00:36:45.653,1716482205653,NH-DC-NM129-D04-ROCE-Leaf-6.GPU.S9825,FourHundredGigE1/0/61,241807,917314436,636998,2525368862,0.81,2.23
2024/05/24 星期五 00:36:46.250,1716482206250,NH-DC-NM129-D04-ROCE-Leaf-6.GPU.S9825,FourHundredGigE1/0/61,0,0,0,0,0,0
2024/05/24 星期五 00:36:46.867,1716482206867,NH-DC-NM129-D04-ROCE-Leaf-6.GPU.S9825,FourHundredGigE1/0/61,112349,418472704,163621,553914986,0.83,1.11
2024/05/24 星期五 00:36:47.379,1716482207379,NH-DC-NM129-D04-ROCE-Leaf-6.GPU.S9825,FourHundredGigE1/0/61,0,0,0,0,0,0
2024/05/24 星期五 00:36:47.929,1716482207929,NH-DC-NM129-D04-ROCE-Leaf-6.GPU.S9825,FourHundredGigE1/0/61,564124,2067717044,367062,1415281508,4.68,3.20
2024/05/24 星期五 00:36:48.455,1716482208455,NH-DC-NM129-D04-ROCE-Leaf-6.GPU.S9825,FourHundredGigE1/0/61,234904,656781692,131614,496842876,1.54,1.16
2024/05/24 星期五 00:36:49.303,1716482209303,NH-DC-NM129-D04-ROCE-Leaf-6.GPU.S9825,FourHundredGigE1/0/61,0,0,0,0,0,0
2024/05/24 星期五 00:36:49.831,1716482209831,NH-DC-NM129-D04-ROCE-Leaf-6.GPU.S9825,FourHundredGigE1/0/61,310665,1249635834,271084,1093540096,2.94,2.58
2024/05/24 星期五 00:36:50.334,1716482210334,NH-DC-NM129-D04-ROCE-Leaf-6.GPU.S9825,FourHundredGigE1/0/61,0,0,0,0,0,0
2024/05/24 星期五 00:36:50.834,1716482210834,NH-DC-NM129-D04-ROCE-Leaf-6.GPU.S9825,FourHundredGigE1/0/61,98058,318413240,329772,1323680770,0.78,3.3
2024/05/24 星期五 00:36:51.338,1716482211338,NH-DC-NM129-D04-ROCE-Leaf-6.GPU.S9825,FourHundredGigE1/0/61,0,0,0,0,0,0
2024/05/24 星期五 00:36:51.838,1716482211838,NH-DC-NM129-D04-ROCE-Leaf-6.GPU.S9825,FourHundredGigE1/0/61,352306,1308746661,558942,2218252370,3.25,5.52
2024/05/24 星期五 00:36:52.528,1716482212528,NH-DC-NM129-D04-ROCE-Leaf-6.GPU.S9825,FourHundredGigE1/0/61,258827,940357378,192946,754136072,1.70,1.36
2024/05/24 星期五 00:36:53.195,1716482213195,NH-DC-NM129-D04-ROCE-Leaf-6.GPU.S9825,FourHundredGigE1/0/61,0,0,0,0,0,0
2024/05/24 星期五 00:36:53.771,1716482213771,NH-DC-NM129-D04-ROCE-Leaf-6.GPU.S9825,FourHundredGigE1/0/61,198299,765771796,184065,704242274,1.65,1.52
2024/05/24 星期五 00:36:54.353,1716482214353,NH-DC-NM129-D04-ROCE-Leaf-6.GPU.S9825,FourHundredGigE1/0/61,0,0,0,0,0,0
2024/05/24 星期五 00:36:55.001,1716482215001,NH-DC-NM129-D04-ROCE-Leaf-6.GPU.S9825,FourHundredGigE1/0/61,264969,1024357948,354473,1415280502,1.97,2.72
2024/05/24 星期五 00:36:55.735,1716482215735,NH-DC-NM129-D04-ROCE-Leaf-6.GPU.S9825,FourHundredGigE1/0/61,196170,757659848,387800,1549239992,1.28,2.62
2024/05/24 星期五 00:36:56.534,1716482216534,NH-DC-NM129-D04-ROCE-Leaf-6.GPU.S9825,FourHundredGigE1/0/61,0,0,0,0,0,0
2024/05/24 星期五 00:36:57.069,1716482217069,NH-DC-NM129-D04-ROCE-Leaf-6.GPU.S9825,FourHundredGigE1/0/61,481296,1799450408,96142,334326020,4.18,0.77
2024/05/24 星期五 00:36:57.569,1716482217569,NH-DC-NM129-D04-ROCE-Leaf-6.GPU.S9825,FourHundredGigE1/0/61,0,0,0,0,0,0
2024/05/24 星期五 00:36:58.082,1716482218082,NH-DC-NM129-D04-ROCE-Leaf-6.GPU.S9825,FourHundredGigE1/0/61,386357,1447795538,80238,310005816,3.51,0.76
2024/05/24 星期五 00:36:58.678,1716482218678,NH-DC-NM129-D04-ROCE-Leaf-6.GPU.S9825,FourHundredGigE1/0/61,0,0,0,0,0,0
2024/05/24 星期五 00:36:59.181,1716482219181,NH-DC-NM129-D04-ROCE-Leaf-6.GPU.S9825,FourHundredGigE1/0/61,48621,164135618,169825,658877642,0.40,1.62
2024/05/24 星期五 00:36:59.979,1716482219979,NH-DC-NM129-D04-ROCE-Leaf-6.GPU.S9825,FourHundredGigE1/0/61,110275,428876268,146413,578362718,0.66,0.89
2024/05/24 星期五 00:37:00.483,1716482220483,NH-DC-NM129-D04-ROCE-Leaf-6.GPU.S9825,FourHundredGigE1/0/61,0,0,0,0,0,0
2024/05/24 星期五 00:37:00.987,1716482220987,NH-DC-NM129-D04-ROCE-Leaf-6.GPU.S9825,FourHundredGigE1/0/61,280629,1047698446,73349,266480370,2.58,0.64
2024/05/24 星期五 00:37:01.540,1716482221540,NH-DC-NM129-D04-ROCE-Leaf-6.GPU.S9825,FourHundredGigE1/0/61,254348,828461693,116998,432666472,1.85,0.97
2024/05/24 星期五 00:37:02.156,1716482222156,NH-DC-NM129-D04-ROCE-Leaf-6.GPU.S9825,FourHundredGigE1/0/61,158664,617002234,393167,1590544478,1.24,3.23
2024/05/24 星期五 00:37:04.117,1716482224117,NH-DC-NM129-D04-ROCE-Leaf-6.GPU.S9825,FourHundredGigE1/0/61,55606,218324044,55773,213314166,0.13,0.13
2024/05/24 星期五 00:37:04.799,1716482224799,NH-DC-NM129-D04-ROCE-Leaf-6.GPU.S9825,FourHundredGigE1/0/61,126112,496530336,120958,330348896,0.90,0.60
2024/05/24 星期五 00:37:05.364,1716482225364,NH-DC-NM129-D04-ROCE-Leaf-6.GPU.S9825,FourHundredGigE1/0/61,0,0,0,0,0,0
2024/05/24 星期五 00:37:05.936,1716482225936,NH-DC-NM129-D04-ROCE-Leaf-6.GPU.S9825,FourHundredGigE1/0/61,290470,1180044304,164551,369812708,2.58,0.79
2024/05/24 星期五 00:37:06.437,1716482226437,NH-DC-NM129-D04-ROCE-Leaf-6.GPU.S9825,FourHundredGigE1/0/61,0,0,0,0,0,0
2024/05/24 星期五 00:37:06.938,1716482226938,NH-DC-NM129-D04-ROCE-Leaf-6.GPU.S9825,FourHundredGigE1/0/61,303472,1186545112,177302,635010984,2.94,1.57
2024/05/24 星期五 00:37:07.572,1716482227572,NH-DC-NM129-D04-ROCE-Leaf-6.GPU.S9825,FourHundredGigE1/0/61,0,0,0,0,0,0
2024/05/24 星期五 00:37:08.159,1716482228159,NH-DC-NM129-D04-ROCE-Leaf-6.GPU.S9825,FourHundredGigE1/0/61,259865,1010869805,149699,544756698,2.15,1.15
2024/05/24 星期五 00:37:08.723,1716482228723,NH-DC-NM129-D04-ROCE-Leaf-6.GPU.S9825,FourHundredGigE1/0/61,328299,1246983198,140966,507659384,2.75,1.11
2024/05/24 星期五 00:37:09.227,1716482229227,NH-DC-NM129-D04-ROCE-Leaf-6.GPU.S9825,FourHundredGigE1/0/61,0,0,0,0,0,0
2024/05/24 星期五 00:37:09.803,1716482229803,NH-DC-NM129-D04-ROCE-Leaf-6.GPU.S9825,FourHundredGigE1/0/61,437997,1778465782,423630,1657717636,3.84,3.58
2024/05/24 星期五 00:37:10.366,1716482230366,NH-DC-NM129-D04-ROCE-Leaf-6.GPU.S9825,FourHundredGigE1/0/61,0,0,0,0,0,0
2024/05/24 星期五 00:37:11.791,1716482231791,NH-DC-NM129-D04-ROCE-Leaf-6.GPU.S9825,FourHundredGigE1/0/61,1073216,4272451584,336181,1250966486,3.75,1.10
2024/05/24 星期五 00:37:12.293,1716482232293,NH-DC-NM129-D04-ROCE-Leaf-6.GPU.S9825,FourHundredGigE1/0/61,0,0,0,0,0,0
2024/05/24 星期五 00:37:12.828,1716482232828,NH-DC-NM129-D04-ROCE-Leaf-6.GPU.S9825,FourHundredGigE1/0/61,770186,3137684608,300915,1129941210,7.31,2.62
2024/05/24 星期五 00:37:13.388,1716482233388,NH-DC-NM129-D04-ROCE-Leaf-6.GPU.S9825,FourHundredGigE1/0/61,0,0,0,0,0,0
2024/05/24 星期五 00:37:14.077,1716482234077,NH-DC-NM129-D04-ROCE-Leaf-6.GPU.S9825,FourHundredGigE1/0/61,354238,1371895900,330568,1061204548,2.49,1.92
2024/05/24 星期五 00:37:14.964,1716482234964,NH-DC-NM129-D04-ROCE-Leaf-6.GPU.S9825,FourHundredGigE1/0/61,81790,202760556,259728,887191812,0.28,1.24
2024/05/24 星期五 00:37:16.068,1716482236068,NH-DC-NM129-D04-ROCE-Leaf-6.GPU.S9825,FourHundredGigE1/0/61,298106,1168133516,157870,617521944,1.31,0.69
2024/05/24 星期五 00:37:16.609,1716482236609,NH-DC-NM129-D04-ROCE-Leaf-6.GPU.S9825,FourHundredGigE1/0/61,0,0,0,0,0,0
2024/05/24 星期五 00:37:17.117,1716482237117,NH-DC-NM129-D04-ROCE-Leaf-6.GPU.S9825,FourHundredGigE1/0/61,274879,1018306742,525226,2043019452,2.49,5.02
2024/05/24 星期五 00:37:17.671,1716482237671,NH-DC-NM129-D04-ROCE-Leaf-6.GPU.S9825,FourHundredGigE1/0/61,195449,710657938,152655,511748230,1.60,1.15
2024/05/24 星期五 00:37:18.251,1716482238251,NH-DC-NM129-D04-ROCE-Leaf-6.GPU.S9825,FourHundredGigE1/0/61,0,0,0,0,0,0
2024/05/24 星期五 00:37:18.813,1716482238813,NH-DC-NM129-D04-ROCE-Leaf-6.GPU.S9825,FourHundredGigE1/0/61,199079,700253398,245215,941982934,1.56,2.09
2024/05/24 星期五 00:37:19.321,1716482239321,NH-DC-NM129-D04-ROCE-Leaf-6.GPU.S9825,FourHundredGigE1/0/61,0,0,0,0,0,0
2024/05/24 星期五 00:37:19.903,1716482239903,NH-DC-NM129-D04-ROCE-Leaf-6.GPU.S9825,FourHundredGigE1/0/61,174874,654848326,297469,1127037458,1.40,2.41
2024/05/24 星期五 00:37:20.468,1716482240468,NH-DC-NM129-D04-ROCE-Leaf-6.GPU.S9825,FourHundredGigE1/0/61,0,0,0,0,0,0
2024/05/24 星期五 00:37:20.966,1716482240966,NH-DC-NM129-D04-ROCE-Leaf-6.GPU.S9825,FourHundredGigE1/0/61,164306,620947946,311662,1238964328,1.56,3.09
2024/05/24 星期五 00:37:21.609,1716482241609,NH-DC-NM129-D04-ROCE-Leaf-6.GPU.S9825,FourHundredGigE1/0/61,252845,939831994,129761,439713370,1.81,0.84
2024/05/24 星期五 00:37:22.159,1716482242159,NH-DC-NM129-D04-ROCE-Leaf-6.GPU.S9825,FourHundredGigE1/0/61,0,0,0,0,0,0
2024/05/24 星期五 00:37:22.730,1716482242730,NH-DC-NM129-D04-ROCE-Leaf-6.GPU.S9825,FourHundredGigE1/0/61,376811,1427986848,207196,769505480,3.11,1.66
2024/05/24 星期五 00:37:23.230,1716482243230,NH-DC-NM129-D04-ROCE-Leaf-6.GPU.S9825,FourHundredGigE1/0/61,0,0,0,0,0,0
2024/05/24 星期五 00:37:23.795,1716482243795,NH-DC-NM129-D04-ROCE-Leaf-6.GPU.S9825,FourHundredGigE1/0/61,464294,1867294090,276205,1056275846,4.12,2.32
2024/05/24 星期五 00:37:24.378,1716482244378,NH-DC-NM129-D04-ROCE-Leaf-6.GPU.S9825,FourHundredGigE1/0/61,0,0,0,0,0,0
2024/05/24 星期五 00:37:25.292,1716482245292,NH-DC-NM129-D04-ROCE-Leaf-6.GPU.S9825,FourHundredGigE1/0/61,133292,470489416,87347,264938718,0.64,0.36
2024/05/24 星期五 00:37:25.840,1716482245840,NH-DC-NM129-D04-ROCE-Leaf-6.GPU.S9825,FourHundredGigE1/0/61,312312,1223249748,165375,673519418,2.78,1.53
2024/05/24 星期五 00:37:26.347,1716482246347,NH-DC-NM129-D04-ROCE-Leaf-6.GPU.S9825,FourHundredGigE1/0/61,0,0,0,0,0,0
2024/05/24 星期五 00:37:26.849,1716482246849,NH-DC-NM129-D04-ROCE-Leaf-6.GPU.S9825,FourHundredGigE1/0/61,269736,989529244,122875,431599738,2.44,1.07
2024/05/24 星期五 00:37:27.356,1716482247356,NH-DC-NM129-D04-ROCE-Leaf-6.GPU.S9825,FourHundredGigE1/0/61,0,0,0,0,0,0
2024/05/24 星期五 00:37:27.889,1716482247889,NH-DC-NM129-D04-ROCE-Leaf-6.GPU.S9825,FourHundredGigE1/0/61,442196,1798226292,147092,529867168,4.20,1.22
2024/05/24 星期五 00:37:28.513,1716482248513,NH-DC-NM129-D04-ROCE-Leaf-6.GPU.S9825,FourHundredGigE1/0/61,0,0,0,0,0,0
2024/05/24 星期五 00:37:29.014,1716482249014,NH-DC-NM129-D04-ROCE-Leaf-6.GPU.S9825,FourHundredGigE1/0/61,97505,373997138,161645,595833078,0.92,1.47
2024/05/24 星期五 00:37:29.607,1716482249607,NH-DC-NM129-D04-ROCE-Leaf-6.GPU.S9825,FourHundredGigE1/0/61,0,0,0,0,0,0
2024/05/24 星期五 00:37:30.188,1716482250188,NH-DC-NM129-D04-ROCE-Leaf-6.GPU.S9825,FourHundredGigE1/0/61,73272,237168580,145143,502667462,0.49,1.08
2024/05/24 星期五 00:37:30.710,1716482250710,NH-DC-NM129-D04-ROCE-Leaf-6.GPU.S9825,FourHundredGigE1/0/61,248376,996568764,63659,185127098,2.37,0.43
2024/05/24 星期五 00:37:31.209,1716482251209,NH-DC-NM129-D04-ROCE-Leaf-6.GPU.S9825,FourHundredGigE1/0/61,0,0,0,0,0,0
2024/05/24 星期五 00:37:31.938,1716482251938,NH-DC-NM129-D04-ROCE-Leaf-6.GPU.S9825,FourHundredGigE1/0/61,58684,197538688,103900,371169820,0.33,0.63
2024/05/24 星期五 00:37:32.438,1716482252438,NH-DC-NM129-D04-ROCE-Leaf-6.GPU.S9825,FourHundredGigE1/0/61,0,0,0,0,0,0
2024/05/24 星期五 00:37:32.970,1716482252970,NH-DC-NM129-D04-ROCE-Leaf-6.GPU.S9825,FourHundredGigE1/0/61,109418,266264112,154180,623522496,0.61,1.46
2024/05/24 星期五 00:37:33.536,1716482253536,NH-DC-NM129-D04-ROCE-Leaf-6.GPU.S9825,FourHundredGigE1/0/61,0,0,0,0,0,0
2024/05/24 星期五 00:37:34.080,1716482254080,NH-DC-NM129-D04-ROCE-Leaf-6.GPU.S9825,FourHundredGigE1/0/61,125459,485949778,463442,1860151004,1.10,4.27
2024/05/24 星期五 00:37:34.700,1716482254700,NH-DC-NM129-D04-ROCE-Leaf-6.GPU.S9825,FourHundredGigE1/0/61,115780,469658716,1027743,4162395308,0.93,8.39
2024/05/24 星期五 00:37:35.401,1716482255401,NH-DC-NM129-D04-ROCE-Leaf-6.GPU.S9825,FourHundredGigE1/0/61,0,0,0,0,0,0
2024/05/24 星期五 00:37:36.022,1716482256022,NH-DC-NM129-D04-ROCE-Leaf-6.GPU.S9825,FourHundredGigE1/0/61,124939,490833034,1046589,4277010980,0.99,8.60
2024/05/24 星期五 00:37:36.657,1716482256657,NH-DC-NM129-D04-ROCE-Leaf-6.GPU.S9825,FourHundredGigE1/0/61,329956,1142704708,1269882,5133753860,2.24,10.10
2024/05/24 星期五 00:37:37.242,1716482257242,NH-DC-NM129-D04-ROCE-Leaf-6.GPU.S9825,FourHundredGigE1/0/61,0,0,0,0,0,0
2024/05/24 星期五 00:37:37.745,1716482257745,NH-DC-NM129-D04-ROCE-Leaf-6.GPU.S9825,FourHundredGigE1/0/61,165518,618141459,1564115,6376984048,1.52,15.83
2024/05/24 星期五 00:37:38.370,1716482258370,NH-DC-NM129-D04-ROCE-Leaf-6.GPU.S9825,FourHundredGigE1/0/61,0,0,0,0,0,0
2024/05/24 星期五 00:37:38.954,1716482258954,NH-DC-NM129-D04-ROCE-Leaf-6.GPU.S9825,FourHundredGigE1/0/61,342651,1172253336,242679,979416370,2.50,2.08
2024/05/24 星期五 00:37:39.458,1716482259458,NH-DC-NM129-D04-ROCE-Leaf-6.GPU.S9825,FourHundredGigE1/0/61,0,0,0,0,0,0
2024/05/24 星期五 00:37:40.075,1716482260075,NH-DC-NM129-D04-ROCE-Leaf-6.GPU.S9825,FourHundredGigE1/0/61,61701,236567058,86443,334830364,0.47,0.67
2024/05/24 星期五 00:37:40.629,1716482260629,NH-DC-NM129-D04-ROCE-Leaf-6.GPU.S9825,FourHundredGigE1/0/61,0,0,0,0,0,0
2024/05/24 星期五 00:37:41.142,1716482261142,NH-DC-NM129-D04-ROCE-Leaf-6.GPU.S9825,FourHundredGigE1/0/61,562936,2213781114,704523,2822737246,5.38,6.87
2024/05/24 星期五 00:37:42.343,1716482262343,NH-DC-NM129-D04-ROCE-Leaf-6.GPU.S9825,FourHundredGigE1/0/61,0,0,0,0,0,0
2024/05/24 星期五 00:37:42.955,1716482262955,NH-DC-NM129-D04-ROCE-Leaf-6.GPU.S9825,FourHundredGigE1/0/61,260020,1016731144,130645,430795646,2.06,0.88
2024/05/24 星期五 00:37:45.339,1716482265339,NH-DC-NM129-D04-ROCE-Leaf-6.GPU.S9825,FourHundredGigE1/0/61,448107,1686432990,424166,1603146516,0.88,0.84
2024/05/24 星期五 00:37:45.925,1716482265925,NH-DC-NM129-D04-ROCE-Leaf-6.GPU.S9825,FourHundredGigE1/0/61,641842,2606081456,727376,2980113668,5.55,6.36
2024/05/24 星期五 00:37:46.619,1716482266619,NH-DC-NM129-D04-ROCE-Leaf-6.GPU.S9825,FourHundredGigE1/0/61,226331,866624510,136397,508919374,1.55,0.90
2024/05/24 星期五 00:37:47.273,1716482267273,NH-DC-NM129-D04-ROCE-Leaf-6.GPU.S9825,FourHundredGigE1/0/61,0,0,0,0,0,0
2024/05/24 星期五 00:37:49.357,1716482269357,NH-DC-NM129-D04-ROCE-Leaf-6.GPU.S9825,FourHundredGigE1/0/61,453514,1690796396,216968,779227968,1.01,0.46
2024/05/24 星期五 00:37:49.871,1716482269871,NH-DC-NM129-D04-ROCE-Leaf-6.GPU.S9825,FourHundredGigE1/0/61,539685,2163367338,380584,1536657544,5.25,3.72
2024/05/24 星期五 00:37:50.405,1716482270405,NH-DC-NM129-D04-ROCE-Leaf-6.GPU.S9825,FourHundredGigE1/0/61,0,0,0,0,0,0
2024/05/24 星期五 00:37:50.906,1716482270906,NH-DC-NM129-D04-ROCE-Leaf-6.GPU.S9825,FourHundredGigE1/0/61,238513,924132926,114872,402681524,2.30,1.00
2024/05/24 星期五 00:37:51.459,1716482271459,NH-DC-NM129-D04-ROCE-Leaf-6.GPU.S9825,FourHundredGigE1/0/61,93553,298512522,133974,497797364,0.66,1.11
2024/05/24 星期五 00:37:52.150,1716482272150,NH-DC-NM129-D04-ROCE-Leaf-6.GPU.S9825,FourHundredGigE1/0/61,0,0,0,0,0,0
2024/05/24 星期五 00:37:52.651,1716482272651,NH-DC-NM129-D04-ROCE-Leaf-6.GPU.S9825,FourHundredGigE1/0/61,0,0,0,0,0,0
2024/05/24 星期五 00:37:53.152,1716482273152,NH-DC-NM129-D04-ROCE-Leaf-6.GPU.S9825,FourHundredGigE1/0/61,389585,1560684664,241047,957286478,3.89,2.37
2024/05/24 星期五 00:37:53.949,1716482273949,NH-DC-NM129-D04-ROCE-Leaf-6.GPU.S9825,FourHundredGigE1/0/61,166021,616317228,156627,611305370,0.96,0.96
2024/05/24 星期五 00:37:54.515,1716482274515,NH-DC-NM129-D04-ROCE-Leaf-6.GPU.S9825,FourHundredGigE1/0/61,201242,802087952,203260,786302550,1.77,1.72
2024/05/24 星期五 00:37:55.240,1716482275240,NH-DC-NM129-D04-ROCE-Leaf-6.GPU.S9825,FourHundredGigE1/0/61,0,0,0,0,0,0
2024/05/24 星期五 00:37:56.007,1716482276007,NH-DC-NM129-D04-ROCE-Leaf-6.GPU.S9825,FourHundredGigE1/0/61,131658,497589028,129317,444225068,0.80,0.72
2024/05/24 星期五 00:37:56.528,1716482276528,NH-DC-NM129-D04-ROCE-Leaf-6.GPU.S9825,FourHundredGigE1/0/61,0,0,0,0,0,0
2024/05/24 星期五 00:37:57.103,1716482277103,NH-DC-NM129-D04-ROCE-Leaf-6.GPU.S9825,FourHundredGigE1/0/61,215508,836048784,293328,1132111768,1.80,2.46
2024/05/24 星期五 00:37:57.681,1716482277681,NH-DC-NM129-D04-ROCE-Leaf-6.GPU.S9825,FourHundredGigE1/0/61,0,0,0,0,0,0
2024/05/24 星期五 00:37:58.185,1716482278185,NH-DC-NM129-D04-ROCE-Leaf-6.GPU.S9825,FourHundredGigE1/0/61,222786,699132316,166661,639826894,1.71,1.56
2024/05/24 星期五 00:37:58.932,1716482278932,NH-DC-NM129-D04-ROCE-Leaf-6.GPU.S9825,FourHundredGigE1/0/61,309429,937427038,120750,434133040,1.56,0.72
2024/05/24 星期五 00:37:59.538,1716482279538,NH-DC-NM129-D04-ROCE-Leaf-6.GPU.S9825,FourHundredGigE1/0/61,0,0,0,0,0,0
2024/05/24 星期五 00:38:00.105,1716482280105,NH-DC-NM129-D04-ROCE-Leaf-6.GPU.S9825,FourHundredGigE1/0/61,531851,1841896378,689377,2792626654,4.06,6.15
2024/05/24 星期五 00:38:00.672,1716482280672,NH-DC-NM129-D04-ROCE-Leaf-6.GPU.S9825,FourHundredGigE1/0/61,178470,483256676,159066,587230484,1.06,1.28
2024/05/24 星期五 00:38:01.286,1716482281286,NH-DC-NM129-D04-ROCE-Leaf-6.GPU.S9825,FourHundredGigE1/0/61,0,0,0,0,0,0
2024/05/24 星期五 00:38:01.856,1716482281856,NH-DC-NM129-D04-ROCE-Leaf-6.GPU.S9825,FourHundredGigE1/0/61,184515,544602909,487464,1971225220,1.18,4.32
2024/05/24 星期五 00:38:03.187,1716482283187,NH-DC-NM129-D04-ROCE-Leaf-6.GPU.S9825,FourHundredGigE1/0/61,1460370,5695854794,958548,3763483864,5.34,3.53
2024/05/24 星期五 00:38:04.736,1716482284736,NH-DC-NM129-D04-ROCE-Leaf-6.GPU.S9825,FourHundredGigE1/0/61,171753,620647174,2240519,9156103974,0.50,7.38
2024/05/24 星期五 00:38:05.328,1716482285328,NH-DC-NM129-D04-ROCE-Leaf-6.GPU.S9825,FourHundredGigE1/0/61,0,0,0,0,0,0
2024/05/24 星期五 00:38:05.985,1716482285985,NH-DC-NM129-D04-ROCE-Leaf-6.GPU.S9825,FourHundredGigE1/0/61,114778,402303092,1554885,6320808748,0.76,12.02
2024/05/24 星期五 00:38:06.546,1716482286546,NH-DC-NM129-D04-ROCE-Leaf-6.GPU.S9825,FourHundredGigE1/0/61,0,0,0,0,0,0
2024/05/24 星期五 00:38:07.098,1716482287098,NH-DC-NM129-D04-ROCE-Leaf-6.GPU.S9825,FourHundredGigE1/0/61,431135,1705630234,329015,1305437834,3.85,2.94
2024/05/24 星期五 00:38:07.688,1716482287688,NH-DC-NM129-D04-ROCE-Leaf-6.GPU.S9825,FourHundredGigE1/0/61,339688,1339555443,161303,569516430,2.82,1.19
2024/05/24 星期五 00:38:08.231,1716482288231,NH-DC-NM129-D04-ROCE-Leaf-6.GPU.S9825,FourHundredGigE1/0/61,0,0,0,0,0,0
2024/05/24 星期五 00:38:08.900,1716482288900,NH-DC-NM129-D04-ROCE-Leaf-6.GPU.S9825,FourHundredGigE1/0/61,197086,775652746,150344,574826328,1.44,1.07
2024/05/24 星期五 00:38:09.513,1716482289513,NH-DC-NM129-D04-ROCE-Leaf-6.GPU.S9825,FourHundredGigE1/0/61,0,0,0,0,0,0
2024/05/24 星期五 00:38:10.043,1716482290043,NH-DC-NM129-D04-ROCE-Leaf-6.GPU.S9825,FourHundredGigE1/0/61,403274,1524838978,103306,386751932,3.58,0.90
2024/05/24 星期五 00:38:10.629,1716482290629,NH-DC-NM129-D04-ROCE-Leaf-6.GPU.S9825,FourHundredGigE1/0/61,79530,262158104,252803,977693170,0.55,2.07
2024/05/24 星期五 00:38:11.301,1716482291301,NH-DC-NM129-D04-ROCE-Leaf-6.GPU.S9825,FourHundredGigE1/0/61,0,0,0,0,0,0
2024/05/24 星期五 00:38:11.863,1716482291863,NH-DC-NM129-D04-ROCE-Leaf-6.GPU.S9825,FourHundredGigE1/0/61,162104,639428888,118383,475739535,1.40,1.05
2024/05/24 星期五 00:38:12.490,1716482292490,NH-DC-NM129-D04-ROCE-Leaf-6.GPU.S9825,FourHundredGigE1/0/61,0,0,0,0,0,0
2024/05/24 星期五 00:38:13.048,1716482293048,NH-DC-NM129-D04-ROCE-Leaf-6.GPU.S9825,FourHundredGigE1/0/61,289111,1134699014,449897,1825848022,2.53,4.08
2024/05/24 星期五 00:38:13.595,1716482293595,NH-DC-NM129-D04-ROCE-Leaf-6.GPU.S9825,FourHundredGigE1/0/61,348831,1351944574,284603,1121285842,3.09,2.56
2024/05/24 星期五 00:38:14.229,1716482294229,NH-DC-NM129-D04-ROCE-Leaf-6.GPU.S9825,FourHundredGigE1/0/61,0,0,0,0,0,0
2024/05/24 星期五 00:38:14.816,1716482294816,NH-DC-NM129-D04-ROCE-Leaf-6.GPU.S9825,FourHundredGigE1/0/61,100710,379792974,109691,136424138,0.79,0.28
2024/05/24 星期五 00:38:15.317,1716482295317,NH-DC-NM129-D04-ROCE-Leaf-6.GPU.S9825,FourHundredGigE1/0/61,0,0,0,0,0,0
2024/05/24 星期五 00:38:15.986,1716482295986,NH-DC-NM129-D04-ROCE-Leaf-6.GPU.S9825,FourHundredGigE1/0/61,300006,1210864762,93236,357619820,2.26,0.65
2024/05/24 星期五 00:38:16.570,1716482296570,NH-DC-NM129-D04-ROCE-Leaf-6.GPU.S9825,FourHundredGigE1/0/61,0,0,0,0,0,0
2024/05/24 星期五 00:38:17.097,1716482297097,NH-DC-NM129-D04-ROCE-Leaf-6.GPU.S9825,FourHundredGigE1/0/61,536969,2121854274,127574,436942848,5.03,1.02
2024/05/24 星期五 00:38:17.604,1716482297604,NH-DC-NM129-D04-ROCE-Leaf-6.GPU.S9825,FourHundredGigE1/0/61,0,0,0,0,0,0
2024/05/24 星期五 00:38:18.105,1716482298105,NH-DC-NM129-D04-ROCE-Leaf-6.GPU.S9825,FourHundredGigE1/0/61,117733,441006630,151586,572710306,1.10,1.42
2024/05/24 星期五 00:38:18.615,1716482298615,NH-DC-NM129-D04-ROCE-Leaf-6.GPU.S9825,FourHundredGigE1/0/61,0,0,0,0,0,0
2024/05/24 星期五 00:38:19.117,1716482299117,NH-DC-NM129-D04-ROCE-Leaf-6.GPU.S9825,FourHundredGigE1/0/61,242944,897106181,161717,639977432,2.22,1.57
2024/05/24 星期五 00:38:19.706,1716482299706,NH-DC-NM129-D04-ROCE-Leaf-6.GPU.S9825,FourHundredGigE1/0/61,361025,1421900286,436986,1773962204,3.01,3.76
2024/05/24 星期五 00:38:20.259,1716482300259,NH-DC-NM129-D04-ROCE-Leaf-6.GPU.S9825,FourHundredGigE1/0/61,0,0,0,0,0,0
2024/05/24 星期五 00:38:20.768,1716482300768,NH-DC-NM129-D04-ROCE-Leaf-6.GPU.S9825,FourHundredGigE1/0/61,59914,225625416,148505,564641542,0.54,1.38
2024/05/24 星期五 00:38:21.271,1716482301271,NH-DC-NM129-D04-ROCE-Leaf-6.GPU.S9825,FourHundredGigE1/0/61,0,0,0,0,0,0
2024/05/24 星期五 00:38:21.847,1716482301847,NH-DC-NM129-D04-ROCE-Leaf-6.GPU.S9825,FourHundredGigE1/0/61,101430,362279632,88935,305584790,0.78,0.65
2024/05/24 星期五 00:38:22.472,1716482302472,NH-DC-NM129-D04-ROCE-Leaf-6.GPU.S9825,FourHundredGigE1/0/61,0,0,0,0,0,0
2024/05/24 星期五 00:38:22.973,1716482302973,NH-DC-NM129-D04-ROCE-Leaf-6.GPU.S9825,FourHundredGigE1/0/61,117289,459979778,109442,414630548,1.12,1.02
2024/05/24 星期五 00:38:23.474,1716482303474,NH-DC-NM129-D04-ROCE-Leaf-6.GPU.S9825,FourHundredGigE1/0/61,0,0,0,0,0,0
2024/05/24 星期五 00:38:24.147,1716482304147,NH-DC-NM129-D04-ROCE-Leaf-6.GPU.S9825,FourHundredGigE1/0/61,393666,1533530756,150398,590355414,2.84,1.10
2024/05/24 星期五 00:38:24.744,1716482304744,NH-DC-NM129-D04-ROCE-Leaf-6.GPU.S9825,FourHundredGigE1/0/61,0,0,0,0,0,0
2024/05/24 星期五 00:38:25.245,1716482305245,NH-DC-NM129-D04-ROCE-Leaf-6.GPU.S9825,FourHundredGigE1/0/61,122599,432425560,150619,550571108,1.07,1.37
2024/05/24 星期五 00:38:26.514,1716482306514,NH-DC-NM129-D04-ROCE-Leaf-6.GPU.S9825,FourHundredGigE1/0/61,174398,640805262,68777,226637350,0.63,0.22
2024/05/24 星期五 00:38:27.029,1716482307029,NH-DC-NM129-D04-ROCE-Leaf-6.GPU.S9825,FourHundredGigE1/0/61,158091,615629438,63771,229674210,1.48,0.53
2024/05/24 星期五 00:38:27.665,1716482307665,NH-DC-NM129-D04-ROCE-Leaf-6.GPU.S9825,FourHundredGigE1/0/61,7934,649848,111270,418077308,0,0.81
2024/05/24 星期五 00:38:28.297,1716482308297,NH-DC-NM129-D04-ROCE-Leaf-6.GPU.S9825,FourHundredGigE1/0/61,0,0,0,0,0,0
2024/05/24 星期五 00:38:28.845,1716482308845,NH-DC-NM129-D04-ROCE-Leaf-6.GPU.S9825,FourHundredGigE1/0/61,95950,315854168,72936,216897040,0.71,0.48
2024/05/24 星期五 00:38:29.504,1716482309504,NH-DC-NM129-D04-ROCE-Leaf-6.GPU.S9825,FourHundredGigE1/0/61,0,0,0,0,0,0
2024/05/24 星期五 00:38:30.100,1716482310100,NH-DC-NM129-D04-ROCE-Leaf-6.GPU.S9825,FourHundredGigE1/0/61,56678,196329772,39546,103622104,0.40,0.21
2024/05/24 星期五 00:38:30.650,1716482310650,NH-DC-NM129-D04-ROCE-Leaf-6.GPU.S9825,FourHundredGigE1/0/61,54925,199922490,33245,114470206,0.43,0.25
2024/05/24 星期五 00:38:31.252,1716482311252,NH-DC-NM129-D04-ROCE-Leaf-6.GPU.S9825,FourHundredGigE1/0/61,0,0,0,0,0,0
2024/05/24 星期五 00:38:31.816,1716482311816,NH-DC-NM129-D04-ROCE-Leaf-6.GPU.S9825,FourHundredGigE1/0/61,111187,390525866,135402,516571384,0.86,1.13
2024/05/24 星期五 00:38:32.367,1716482312367,NH-DC-NM129-D04-ROCE-Leaf-6.GPU.S9825,FourHundredGigE1/0/61,0,0,0,0,0,0
2024/05/24 星期五 00:38:32.938,1716482312938,NH-DC-NM129-D04-ROCE-Leaf-6.GPU.S9825,FourHundredGigE1/0/61,203340,758977508,158947,601597046,1.64,1.31
2024/05/24 星期五 00:38:33.455,1716482313455,NH-DC-NM129-D04-ROCE-Leaf-6.GPU.S9825,FourHundredGigE1/0/61,0,0,0,0,0,0
2024/05/24 星期五 00:38:33.958,1716482313958,NH-DC-NM129-D04-ROCE-Leaf-6.GPU.S9825,FourHundredGigE1/0/61,234562,921183572,166338,624420356,2.29,1.54
2024/05/24 星期五 00:38:34.649,1716482314649,NH-DC-NM129-D04-ROCE-Leaf-6.GPU.S9825,FourHundredGigE1/0/61,0,0,0,0,0,0
2024/05/24 星期五 00:38:35.149,1716482315149,NH-DC-NM129-D04-ROCE-Leaf-6.GPU.S9825,FourHundredGigE1/0/61,151046,542855740,250239,1000282012,1.35,2.5
2024/05/24 星期五 00:38:35.765,1716482315765,NH-DC-NM129-D04-ROCE-Leaf-6.GPU.S9825,FourHundredGigE1/0/61,254821,1018009114,411414,1642907314,2.05,3.33
2024/05/24 星期五 00:38:36.372,1716482316372,NH-DC-NM129-D04-ROCE-Leaf-6.GPU.S9825,FourHundredGigE1/0/61,0,0,0,0,0,0
2024/05/24 星期五 00:38:36.874,1716482316874,NH-DC-NM129-D04-ROCE-Leaf-6.GPU.S9825,FourHundredGigE1/0/61,196135,743482982,209141,816159302,1.84,2.02
2024/05/24 星期五 00:38:37.387,1716482317387,NH-DC-NM129-D04-ROCE-Leaf-6.GPU.S9825,FourHundredGigE1/0/61,0,0,0,0,0,0
2024/05/24 星期五 00:38:38.052,1716482318052,NH-DC-NM129-D04-ROCE-Leaf-6.GPU.S9825,FourHundredGigE1/0/61,248159,976170873,181829,702414646,1.82,1.32
2024/05/24 星期五 00:38:38.579,1716482318579,NH-DC-NM129-D04-ROCE-Leaf-6.GPU.S9825,FourHundredGigE1/0/61,0,0,0,0,0,0
2024/05/24 星期五 00:38:39.082,1716482319082,NH-DC-NM129-D04-ROCE-Leaf-6.GPU.S9825,FourHundredGigE1/0/61,145434,523477584,383499,1552935762,1.29,3.85
2024/05/24 星期五 00:38:39.709,1716482319709,NH-DC-NM129-D04-ROCE-Leaf-6.GPU.S9825,FourHundredGigE1/0/61,172304,611849568,310808,1209207320,1.22,2.39
2024/05/24 星期五 00:38:40.250,1716482320250,NH-DC-NM129-D04-ROCE-Leaf-6.GPU.S9825,FourHundredGigE1/0/61,0,0,0,0,0,0
2024/05/24 星期五 00:38:40.751,1716482320751,NH-DC-NM129-D04-ROCE-Leaf-6.GPU.S9825,FourHundredGigE1/0/61,144124,521230524,328902,1330526328,1.30,3.32
2024/05/24 星期五 00:38:41.412,1716482321412,NH-DC-NM129-D04-ROCE-Leaf-6.GPU.S9825,FourHundredGigE1/0/61,0,0,0,0,0,0
2024/05/24 星期五 00:38:42.121,1716482322121,NH-DC-NM129-D04-ROCE-Leaf-6.GPU.S9825,FourHundredGigE1/0/61,139832,508556926,134705,522395946,0.88,0.92
2024/05/24 星期五 00:38:43.118,1716482323118,NH-DC-NM129-D04-ROCE-Leaf-6.GPU.S9825,FourHundredGigE1/0/61,452933,1840483628,110504,381819184,2.31,0.48
2024/05/24 星期五 00:38:43.660,1716482323660,NH-DC-NM129-D04-ROCE-Leaf-6.GPU.S9825,FourHundredGigE1/0/61,118047,440911796,153318,556293508,1.01,1.27
2024/05/24 星期五 00:38:44.340,1716482324340,NH-DC-NM129-D04-ROCE-Leaf-6.GPU.S9825,FourHundredGigE1/0/61,0,0,0,0,0,0
2024/05/24 星期五 00:38:44.951,1716482324951,NH-DC-NM129-D04-ROCE-Leaf-6.GPU.S9825,FourHundredGigE1/0/61,30891,91896372,40724,152443812,0.18,0.31
2024/05/24 星期五 00:38:45.453,1716482325453,NH-DC-NM129-D04-ROCE-Leaf-6.GPU.S9825,FourHundredGigE1/0/61,31482,106950636,276027,1079182938,0.25,2.66
2024/05/24 星期五 00:38:46.123,1716482326123,NH-DC-NM129-D04-ROCE-Leaf-6.GPU.S9825,FourHundredGigE1/0/61,0,0,0,0,0,0
2024/05/24 星期五 00:38:47.607,1716482327607,NH-DC-NM129-D04-ROCE-Leaf-6.GPU.S9825,FourHundredGigE1/0/61,197722,810002522,285378,1076065288,0.68,0.90
2024/05/24 星期五 00:38:48.105,1716482328105,NH-DC-NM129-D04-ROCE-Leaf-6.GPU.S9825,FourHundredGigE1/0/61,177979,700818622,215034,867609736,1.76,2.16
2024/05/24 星期五 00:38:48.658,1716482328658,NH-DC-NM129-D04-ROCE-Leaf-6.GPU.S9825,FourHundredGigE1/0/61,0,0,0,0,0,0
2024/05/24 星期五 00:38:49.157,1716482329157,NH-DC-NM129-D04-ROCE-Leaf-6.GPU.S9825,FourHundredGigE1/0/61,126120,488734932,190125,744999782,1.20,1.85
2024/05/24 星期五 00:38:49.902,1716482329902,NH-DC-NM129-D04-ROCE-Leaf-6.GPU.S9825,FourHundredGigE1/0/61,442414,1727417894,266938,1052508176,2.89,1.76
2024/05/24 星期五 00:38:50.448,1716482330448,NH-DC-NM129-D04-ROCE-Leaf-6.GPU.S9825,FourHundredGigE1/0/61,0,0,0,0,0,0
2024/05/24 星期五 00:38:50.947,1716482330947,NH-DC-NM129-D04-ROCE-Leaf-6.GPU.S9825,FourHundredGigE1/0/61,63094,215425476,116828,442125548,0.53,1.10
2024/05/24 星期五 00:38:51.545,1716482331545,NH-DC-NM129-D04-ROCE-Leaf-6.GPU.S9825,FourHundredGigE1/0/61,0,0,0,0,0,0
2024/05/24 星期五 00:38:52.105,1716482332105,NH-DC-NM129-D04-ROCE-Leaf-6.GPU.S9825,FourHundredGigE1/0/61,83011,314901122,114313,344208358,0.69,0.76
2024/05/24 星期五 00:38:52.897,1716482332897,NH-DC-NM129-D04-ROCE-Leaf-6.GPU.S9825,FourHundredGigE1/0/61,129764,474292442,235926,823048072,0.74,1.29
2024/05/24 星期五 00:38:53.524,1716482333524,NH-DC-NM129-D04-ROCE-Leaf-6.GPU.S9825,FourHundredGigE1/0/61,388071,1561621051,368184,1352345464,3.11,2.69
2024/05/24 星期五 00:38:54.220,1716482334220,NH-DC-NM129-D04-ROCE-Leaf-6.GPU.S9825,FourHundredGigE1/0/61,0,0,0,0,0,0
2024/05/24 星期五 00:38:54.950,1716482334950,NH-DC-NM129-D04-ROCE-Leaf-6.GPU.S9825,FourHundredGigE1/0/61,258043,982236760,211822,774033880,1.68,1.32
2024/05/24 星期五 00:38:55.768,1716482335768,NH-DC-NM129-D04-ROCE-Leaf-6.GPU.S9825,FourHundredGigE1/0/61,129982,484856178,224001,828806554,0.73,1.25
2024/05/24 星期五 00:38:56.327,1716482336327,NH-DC-NM129-D04-ROCE-Leaf-6.GPU.S9825,FourHundredGigE1/0/61,0,0,0,0,0,0
2024/05/24 星期五 00:38:56.859,1716482336859,NH-DC-NM129-D04-ROCE-Leaf-6.GPU.S9825,FourHundredGigE1/0/61,552991,2198760656,195904,729687976,5.15,1.69
2024/05/24 星期五 00:38:57.463,1716482337463,NH-DC-NM129-D04-ROCE-Leaf-6.GPU.S9825,FourHundredGigE1/0/61,0,0,0,0,0,0
2024/05/24 星期五 00:38:57.967,1716482337967,NH-DC-NM129-D04-ROCE-Leaf-6.GPU.S9825,FourHundredGigE1/0/61,120071,430898786,184459,707891598,1.07,1.74
2024/05/24 星期五 00:38:58.603,1716482338603,NH-DC-NM129-D04-ROCE-Leaf-6.GPU.S9825,FourHundredGigE1/0/61,161711,624012974,315147,1214156814,1.22,2.38
2024/05/24 星期五 00:38:59.305,1716482339305,NH-DC-NM129-D04-ROCE-Leaf-6.GPU.S9825,FourHundredGigE1/0/61,0,0,0,0,0,0
2024/05/24 星期五 00:38:59.853,1716482339853,NH-DC-NM129-D04-ROCE-Leaf-6.GPU.S9825,FourHundredGigE1/0/61,272901,1053355694,213764,827133948,2.40,1.87
2024/05/24 星期五 00:39:00.396,1716482340396,NH-DC-NM129-D04-ROCE-Leaf-6.GPU.S9825,FourHundredGigE1/0/61,0,0,0,0,0,0
2024/05/24 星期五 00:39:00.992,1716482340992,NH-DC-NM129-D04-ROCE-Leaf-6.GPU.S9825,FourHundredGigE1/0/61,568442,2037659400,255662,986733292,4.26,2.06
2024/05/24 星期五 00:39:01.490,1716482341490,NH-DC-NM129-D04-ROCE-Leaf-6.GPU.S9825,FourHundredGigE1/0/61,0,0,0,0,0,0
2024/05/24 星期五 00:39:02.086,1716482342086,NH-DC-NM129-D04-ROCE-Leaf-6.GPU.S9825,FourHundredGigE1/0/61,864210,3499730272,203627,744729626,7.32,1.55
2024/05/24 星期五 00:39:03.865,1716482343865,NH-DC-NM129-D04-ROCE-Leaf-6.GPU.S9825,FourHundredGigE1/0/61,376028,1525375108,299507,1178702678,1.07,0.82
2024/05/24 星期五 00:39:04.881,1716482344881,NH-DC-NM129-D04-ROCE-Leaf-6.GPU.S9825,FourHundredGigE1/0/61,606060,2319123680,182766,723109524,2.84,0.89
2024/05/24 星期五 00:39:05.437,1716482345437,NH-DC-NM129-D04-ROCE-Leaf-6.GPU.S9825,FourHundredGigE1/0/61,0,0,0,0,0,0
2024/05/24 星期五 00:39:06.160,1716482346160,NH-DC-NM129-D04-ROCE-Leaf-6.GPU.S9825,FourHundredGigE1/0/61,363493,1356480014,159757,612682994,2.33,1.05
2024/05/24 星期五 00:39:07.154,1716482347154,NH-DC-NM129-D04-ROCE-Leaf-6.GPU.S9825,FourHundredGigE1/0/61,154977,600945010,69241,245722258,0.75,0.30
2024/05/24 星期五 00:39:07.758,1716482347758,NH-DC-NM129-D04-ROCE-Leaf-6.GPU.S9825,FourHundredGigE1/0/61,376700,1481277481,627215,2554655518,3.06,5.28
2024/05/24 星期五 00:39:08.279,1716482348279,NH-DC-NM129-D04-ROCE-Leaf-6.GPU.S9825,FourHundredGigE1/0/61,0,0,0,0,0,0
2024/05/24 星期五 00:39:08.809,1716482348809,NH-DC-NM129-D04-ROCE-Leaf-6.GPU.S9825,FourHundredGigE1/0/61,171187,689457820,90391,316265042,1.60,0.73
2024/05/24 星期五 00:39:09.362,1716482349362,NH-DC-NM129-D04-ROCE-Leaf-6.GPU.S9825,FourHundredGigE1/0/61,0,0,0,0,0,0
2024/05/24 星期五 00:39:09.879,1716482349879,NH-DC-NM129-D04-ROCE-Leaf-6.GPU.S9825,FourHundredGigE1/0/61,57421,79934026,33995,129818814,0.17,0.29
2024/05/24 星期五 00:39:10.548,1716482350548,NH-DC-NM129-D04-ROCE-Leaf-6.GPU.S9825,FourHundredGigE1/0/61,153071,590226332,166095,638556892,1.10,1.18
2024/05/24 星期五 00:39:11.170,1716482351170,NH-DC-NM129-D04-ROCE-Leaf-6.GPU.S9825,FourHundredGigE1/0/61,0,0,0,0,0,0
2024/05/24 星期五 00:39:11.825,1716482351825,NH-DC-NM129-D04-ROCE-Leaf-6.GPU.S9825,FourHundredGigE1/0/61,279546,1137983998,200815,794537040,2.16,1.51
2024/05/24 星期五 00:39:12.334,1716482352334,NH-DC-NM129-D04-ROCE-Leaf-6.GPU.S9825,FourHundredGigE1/0/61,0,0,0,0,0,0
2024/05/24 星期五 00:39:12.902,1716482352902,NH-DC-NM129-D04-ROCE-Leaf-6.GPU.S9825,FourHundredGigE1/0/61,109754,417589660,122309,454129278,0.90,0.99
2024/05/24 星期五 00:39:13.430,1716482353430,NH-DC-NM129-D04-ROCE-Leaf-6.GPU.S9825,FourHundredGigE1/0/61,0,0,0,0,0,0
2024/05/24 星期五 00:39:14.202,1716482354202,NH-DC-NM129-D04-ROCE-Leaf-6.GPU.S9825,FourHundredGigE1/0/61,139970,517119576,139405,522775590,0.83,0.84
2024/05/24 星期五 00:39:14.797,1716482354797,NH-DC-NM129-D04-ROCE-Leaf-6.GPU.S9825,FourHundredGigE1/0/61,275338,1096777144,290127,1149297974,2.29,2.39
2024/05/24 星期五 00:39:15.381,1716482355381,NH-DC-NM129-D04-ROCE-Leaf-6.GPU.S9825,FourHundredGigE1/0/61,0,0,0,0,0,0
2024/05/24 星期五 00:39:15.896,1716482355896,NH-DC-NM129-D04-ROCE-Leaf-6.GPU.S9825,FourHundredGigE1/0/61,18287,15619234,58939,196143258,0.02,0.46
2024/05/24 星期五 00:39:16.422,1716482356422,NH-DC-NM129-D04-ROCE-Leaf-6.GPU.S9825,FourHundredGigE1/0/61,0,0,0,0,0,0
2024/05/24 星期五 00:39:16.926,1716482356926,NH-DC-NM129-D04-ROCE-Leaf-6.GPU.S9825,FourHundredGigE1/0/61,120505,446485366,317891,1266638630,1.09,3.12
2024/05/24 星期五 00:39:17.554,1716482357554,NH-DC-NM129-D04-ROCE-Leaf-6.GPU.S9825,FourHundredGigE1/0/61,0,0,0,0,0,0
2024/05/24 星期五 00:39:18.122,1716482358122,NH-DC-NM129-D04-ROCE-Leaf-6.GPU.S9825,FourHundredGigE1/0/61,182590,702964944,178680,693118816,1.54,1.52
2024/05/24 星期五 00:39:18.673,1716482358673,NH-DC-NM129-D04-ROCE-Leaf-6.GPU.S9825,FourHundredGigE1/0/61,0,0,0,0,0,0
2024/05/24 星期五 00:39:19.174,1716482359174,NH-DC-NM129-D04-ROCE-Leaf-6.GPU.S9825,FourHundredGigE1/0/61,175013,631769802,157536,550807532,1.57,1.37
2024/05/24 星期五 00:39:23.691,1716482363691,NH-DC-NM129-D04-ROCE-Leaf-6.GPU.S9825,FourHundredGigE1/0/61,2470426,9801212724,891962,3293711924,2.71,0.91
2024/05/24 星期五 00:39:24.249,1716482364249,NH-DC-NM129-D04-ROCE-Leaf-6.GPU.S9825,FourHundredGigE1/0/61,0,0,0,0,0,0
2024/05/24 星期五 00:39:24.754,1716482364754,NH-DC-NM129-D04-ROCE-Leaf-6.GPU.S9825,FourHundredGigE1/0/61,0,0,0,0,0,0
2024/05/24 星期五 00:39:25.253,1716482365253,NH-DC-NM129-D04-ROCE-Leaf-6.GPU.S9825,FourHundredGigE1/0/61,84839,288137794,236431,931641122,0.70,2.33
2024/05/24 星期五 00:39:25.860,1716482365860,NH-DC-NM129-D04-ROCE-Leaf-6.GPU.S9825,FourHundredGigE1/0/61,177987,666269226,355324,1374538340,1.36,2.82
2024/05/24 星期五 00:39:26.378,1716482366378,NH-DC-NM129-D04-ROCE-Leaf-6.GPU.S9825,FourHundredGigE1/0/61,0,0,0,0,0,0
2024/05/24 星期五 00:39:26.947,1716482366947,NH-DC-NM129-D04-ROCE-Leaf-6.GPU.S9825,FourHundredGigE1/0/61,160052,594680640,266504,1005782492,1.30,2.20
2024/05/24 星期五 00:39:27.516,1716482367516,NH-DC-NM129-D04-ROCE-Leaf-6.GPU.S9825,FourHundredGigE1/0/61,0,0,0,0,0,0
2024/05/24 星期五 00:39:28.033,1716482368033,NH-DC-NM129-D04-ROCE-Leaf-6.GPU.S9825,FourHundredGigE1/0/61,376480,1464691372,357991,1399593850,3.53,3.36
2024/05/24 星期五 00:39:29.190,1716482369190,NH-DC-NM129-D04-ROCE-Leaf-6.GPU.S9825,FourHundredGigE1/0/61,145131,570184930,163033,599236918,0.62,0.64
2024/05/24 星期五 00:39:29.745,1716482369745,NH-DC-NM129-D04-ROCE-Leaf-6.GPU.S9825,FourHundredGigE1/0/61,101604,376302384,171852,630402688,0.83,1.42
2024/05/24 星期五 00:39:30.324,1716482370324,NH-DC-NM129-D04-ROCE-Leaf-6.GPU.S9825,FourHundredGigE1/0/61,0,0,0,0,0,0
2024/05/24 星期五 00:39:30.909,1716482370909,NH-DC-NM129-D04-ROCE-Leaf-6.GPU.S9825,FourHundredGigE1/0/61,182470,703513464,144592,548314824,1.50,1.15
2024/05/24 星期五 00:39:31.425,1716482371425,NH-DC-NM129-D04-ROCE-Leaf-6.GPU.S9825,FourHundredGigE1/0/61,0,0,0,0,0,0
2024/05/24 星期五 00:39:31.927,1716482371927,NH-DC-NM129-D04-ROCE-Leaf-6.GPU.S9825,FourHundredGigE1/0/61,110061,393913006,49106,161231472,0.97,0.40
2024/05/24 星期五 00:39:32.537,1716482372537,NH-DC-NM129-D04-ROCE-Leaf-6.GPU.S9825,FourHundredGigE1/0/61,0,0,0,0,0,0
2024/05/24 星期五 00:39:33.058,1716482373058,NH-DC-NM129-D04-ROCE-Leaf-6.GPU.S9825,FourHundredGigE1/0/61,191233,769622130,153272,582588184,1.82,1.39
2024/05/24 星期五 00:39:33.714,1716482373714,NH-DC-NM129-D04-ROCE-Leaf-6.GPU.S9825,FourHundredGigE1/0/61,440370,1720839856,132750,530129540,3.28,1.01
2024/05/24 星期五 00:39:34.417,1716482374417,NH-DC-NM129-D04-ROCE-Leaf-6.GPU.S9825,FourHundredGigE1/0/61,0,0,0,0,0,0
2024/05/24 星期五 00:39:34.919,1716482374919,NH-DC-NM129-D04-ROCE-Leaf-6.GPU.S9825,FourHundredGigE1/0/61,189555,725552314,90738,335985720,1.79,0.82
2024/05/24 星期五 00:39:35.572,1716482375572,NH-DC-NM129-D04-ROCE-Leaf-6.GPU.S9825,FourHundredGigE1/0/61,68168,256193844,110226,346862836,0.48,0.65
2024/05/24 星期五 00:39:36.130,1716482376130,NH-DC-NM129-D04-ROCE-Leaf-6.GPU.S9825,FourHundredGigE1/0/61,0,0,0,0,0,0
2024/05/24 星期五 00:39:37.211,1716482377211,NH-DC-NM129-D04-ROCE-Leaf-6.GPU.S9825,FourHundredGigE1/0/61,88742,310457400,168177,593993470,0.36,0.68
2024/05/24 星期五 00:39:37.814,1716482377814,NH-DC-NM129-D04-ROCE-Leaf-6.GPU.S9825,FourHundredGigE1/0/61,67270,248201979,176210,636194900,0.50,1.31
2024/05/24 星期五 00:39:38.315,1716482378315,NH-DC-NM129-D04-ROCE-Leaf-6.GPU.S9825,FourHundredGigE1/0/61,0,0,0,0,0,0
2024/05/24 星期五 00:39:38.818,1716482378818,NH-DC-NM129-D04-ROCE-Leaf-6.GPU.S9825,FourHundredGigE1/0/61,119487,380702500,193834,472495688,0.94,1.17
2024/05/24 星期五 00:39:39.438,1716482379438,NH-DC-NM129-D04-ROCE-Leaf-6.GPU.S9825,FourHundredGigE1/0/61,0,0,0,0,0,0
2024/05/24 星期五 00:39:40.074,1716482380074,NH-DC-NM129-D04-ROCE-Leaf-6.GPU.S9825,FourHundredGigE1/0/61,132965,525432960,248629,930165356,1.02,1.83
2024/05/24 星期五 00:39:40.695,1716482380695,NH-DC-NM129-D04-ROCE-Leaf-6.GPU.S9825,FourHundredGigE1/0/61,150044,575252744,540056,2132092422,1.15,4.29
2024/05/24 星期五 00:39:41.265,1716482381265,NH-DC-NM129-D04-ROCE-Leaf-6.GPU.S9825,FourHundredGigE1/0/61,0,0,0,0,0,0
2024/05/24 星期五 00:39:41.927,1716482381927,NH-DC-NM129-D04-ROCE-Leaf-6.GPU.S9825,FourHundredGigE1/0/61,62898,229219860,113611,433818418,0.42,0.81
2024/05/24 星期五 00:39:42.755,1716482382755,NH-DC-NM129-D04-ROCE-Leaf-6.GPU.S9825,FourHundredGigE1/0/61,171248,679746912,610641,2446643430,1.01,3.68
2024/05/24 星期五 00:39:43.388,1716482383388,NH-DC-NM129-D04-ROCE-Leaf-6.GPU.S9825,FourHundredGigE1/0/61,0,0,0,0,0,0
2024/05/24 星期五 00:39:44.029,1716482384029,NH-DC-NM129-D04-ROCE-Leaf-6.GPU.S9825,FourHundredGigE1/0/61,431884,1726371372,312718,1204453096,3.35,2.34
2024/05/24 星期五 00:39:44.661,1716482384661,NH-DC-NM129-D04-ROCE-Leaf-6.GPU.S9825,FourHundredGigE1/0/61,0,0,0,0,0,0
2024/05/24 星期五 00:39:45.182,1716482385182,NH-DC-NM129-D04-ROCE-Leaf-6.GPU.S9825,FourHundredGigE1/0/61,174562,682372900,779303,3033772896,1.63,7.27
2024/05/24 星期五 00:39:45.726,1716482385726,NH-DC-NM129-D04-ROCE-Leaf-6.GPU.S9825,FourHundredGigE1/0/61,78239,268508858,645380,2603005606,0.60,5.97
2024/05/24 星期五 00:39:46.480,1716482386480,NH-DC-NM129-D04-ROCE-Leaf-6.GPU.S9825,FourHundredGigE1/0/61,60037,208122570,141598,495676324,0.33,0.81
2024/05/24 星期五 00:39:47.295,1716482387295,NH-DC-NM129-D04-ROCE-Leaf-6.GPU.S9825,FourHundredGigE1/0/61,0,0,0,0,0,0
2024/05/24 星期五 00:39:47.879,1716482387879,NH-DC-NM129-D04-ROCE-Leaf-6.GPU.S9825,FourHundredGigE1/0/61,256457,1014405658,286516,772826344,2.16,1.65
2024/05/24 星期五 00:39:48.382,1716482388382,NH-DC-NM129-D04-ROCE-Leaf-6.GPU.S9825,FourHundredGigE1/0/61,0,0,0,0,0,0
2024/05/24 星期五 00:39:48.885,1716482388885,NH-DC-NM129-D04-ROCE-Leaf-6.GPU.S9825,FourHundredGigE1/0/61,63154,241020660,15509,26660170,0.60,0.05
2024/05/24 星期五 00:39:49.531,1716482389531,NH-DC-NM129-D04-ROCE-Leaf-6.GPU.S9825,FourHundredGigE1/0/61,116509,441288996,283946,1124643100,0.85,2.17
2024/05/24 星期五 00:39:50.205,1716482390205,NH-DC-NM129-D04-ROCE-Leaf-6.GPU.S9825,FourHundredGigE1/0/61,0,0,0,0,0,0
2024/05/24 星期五 00:39:50.794,1716482390794,NH-DC-NM129-D04-ROCE-Leaf-6.GPU.S9825,FourHundredGigE1/0/61,187885,697686172,226990,861364132,1.46,1.83
2024/05/24 星期五 00:39:51.398,1716482391398,NH-DC-NM129-D04-ROCE-Leaf-6.GPU.S9825,FourHundredGigE1/0/61,0,0,0,0,0,0
2024/05/24 星期五 00:39:51.899,1716482391899,NH-DC-NM129-D04-ROCE-Leaf-6.GPU.S9825,FourHundredGigE1/0/61,245897,956634058,182398,664640140,2.37,1.65
2024/05/24 星期五 00:39:52.399,1716482392399,NH-DC-NM129-D04-ROCE-Leaf-6.GPU.S9825,FourHundredGigE1/0/61,0,0,0,0,0,0
2024/05/24 星期五 00:39:52.974,1716482392974,NH-DC-NM129-D04-ROCE-Leaf-6.GPU.S9825,FourHundredGigE1/0/61,365099,1460230028,265787,1039356230,3.17,2.24
2024/05/24 星期五 00:39:53.774,1716482393774,NH-DC-NM129-D04-ROCE-Leaf-6.GPU.S9825,FourHundredGigE1/0/61,369371,1458364540,246321,931469823,2.27,1.45
2024/05/24 星期五 00:39:54.567,1716482394567,NH-DC-NM129-D04-ROCE-Leaf-6.GPU.S9825,FourHundredGigE1/0/61,0,0,0,0,0,0
2024/05/24 星期五 00:39:55.138,1716482395138,NH-DC-NM129-D04-ROCE-Leaf-6.GPU.S9825,FourHundredGigE1/0/61,210090,801913975,160483,631757074,1.75,1.38
2024/05/24 星期五 00:39:55.691,1716482395691,NH-DC-NM129-D04-ROCE-Leaf-6.GPU.S9825,FourHundredGigE1/0/61,234123,891803968,197154,777428948,2.01,1.74
2024/05/24 星期五 00:39:56.260,1716482396260,NH-DC-NM129-D04-ROCE-Leaf-6.GPU.S9825,FourHundredGigE1/0/61,0,0,0,0,0,0
2024/05/24 星期五 00:39:57.053,1716482397053,NH-DC-NM129-D04-ROCE-Leaf-6.GPU.S9825,FourHundredGigE1/0/61,395003,1518015750,304200,1167484448,2.38,1.83
2024/05/24 星期五 00:39:57.588,1716482397588,NH-DC-NM129-D04-ROCE-Leaf-6.GPU.S9825,FourHundredGigE1/0/61,0,0,0,0,0,0
2024/05/24 星期五 00:39:58.150,1716482398150,NH-DC-NM129-D04-ROCE-Leaf-6.GPU.S9825,FourHundredGigE1/0/61,230703,823972606,219812,882167268,1.82,1.96
2024/05/24 星期五 00:39:58.654,1716482398654,NH-DC-NM129-D04-ROCE-Leaf-6.GPU.S9825,FourHundredGigE1/0/61,0,0,0,0,0,0
2024/05/24 星期五 00:39:59.157,1716482399157,NH-DC-NM129-D04-ROCE-Leaf-6.GPU.S9825,FourHundredGigE1/0/61,149786,577675868,37948,130580592,1.42,0.32
2024/05/24 星期五 00:39:59.752,1716482399752,NH-DC-NM129-D04-ROCE-Leaf-6.GPU.S9825,FourHundredGigE1/0/61,330763,1305799576,299080,1123605472,2.73,2.35
2024/05/24 星期五 00:40:00.646,1716482400646,NH-DC-NM129-D04-ROCE-Leaf-6.GPU.S9825,FourHundredGigE1/0/61,177586,657467610,123472,429568884,0.91,0.59
2024/05/24 星期五 00:40:01.147,1716482401147,NH-DC-NM129-D04-ROCE-Leaf-6.GPU.S9825,FourHundredGigE1/0/61,0,0,0,0,0,0
2024/05/24 星期五 00:40:01.746,1716482401746,NH-DC-NM129-D04-ROCE-Leaf-6.GPU.S9825,FourHundredGigE1/0/61,184903,620214522,159232,608642896,1.29,1.25
2024/05/24 星期五 00:40:02.418,1716482402418,NH-DC-NM129-D04-ROCE-Leaf-6.GPU.S9825,FourHundredGigE1/0/61,403400,1495916528,386727,1531314402,2.77,2.85
2024/05/24 星期五 00:40:04.180,1716482404180,NH-DC-NM129-D04-ROCE-Leaf-6.GPU.S9825,FourHundredGigE1/0/61,0,0,0,0,0,0
2024/05/24 星期五 00:40:04.899,1716482404899,NH-DC-NM129-D04-ROCE-Leaf-6.GPU.S9825,FourHundredGigE1/0/61,228239,905023942,174597,679294666,1.56,1.16
2024/05/24 星期五 00:40:05.459,1716482405459,NH-DC-NM129-D04-ROCE-Leaf-6.GPU.S9825,FourHundredGigE1/0/61,0,0,0,0,0,0
2024/05/24 星期五 00:40:05.963,1716482405963,NH-DC-NM129-D04-ROCE-Leaf-6.GPU.S9825,FourHundredGigE1/0/61,167311,674017006,110378,326452148,1.66,0.79
2024/05/24 星期五 00:40:06.465,1716482406465,NH-DC-NM129-D04-ROCE-Leaf-6.GPU.S9825,FourHundredGigE1/0/61,0,0,0,0,0,0
2024/05/24 星期五 00:40:06.966,1716482406966,NH-DC-NM129-D04-ROCE-Leaf-6.GPU.S9825,FourHundredGigE1/0/61,147152,561040982,254583,972850774,1.40,2.42
2024/05/24 星期五 00:40:07.707,1716482407707,NH-DC-NM129-D04-ROCE-Leaf-6.GPU.S9825,FourHundredGigE1/0/61,75287,271901835,108592,398423900,0.46,0.66
2024/05/24 星期五 00:40:08.862,1716482408862,NH-DC-NM129-D04-ROCE-Leaf-6.GPU.S9825,FourHundredGigE1/0/61,1251227,5080359630,302840,1208124244,5.50,1.30
2024/05/24 星期五 00:40:09.363,1716482409363,NH-DC-NM129-D04-ROCE-Leaf-6.GPU.S9825,FourHundredGigE1/0/61,0,0,0,0,0,0
2024/05/24 星期五 00:40:09.884,1716482409884,NH-DC-NM129-D04-ROCE-Leaf-6.GPU.S9825,FourHundredGigE1/0/61,1037711,4215227040,164094,610910000,10.10,1.46
2024/05/24 星期五 00:40:10.402,1716482410402,NH-DC-NM129-D04-ROCE-Leaf-6.GPU.S9825,FourHundredGigE1/0/61,749124,3063535870,214598,816668544,7.38,1.95
2024/05/24 星期五 00:40:11.146,1716482411146,NH-DC-NM129-D04-ROCE-Leaf-6.GPU.S9825,FourHundredGigE1/0/61,0,0,0,0,0,0
2024/05/24 星期五 00:40:11.913,1716482411913,NH-DC-NM129-D04-ROCE-Leaf-6.GPU.S9825,FourHundredGigE1/0/61,175724,654560270,263714,1035097420,1.06,1.68
2024/05/24 星期五 00:40:12.492,1716482412492,NH-DC-NM129-D04-ROCE-Leaf-6.GPU.S9825,FourHundredGigE1/0/61,0,0,0,0,0,0
2024/05/24 星期五 00:40:12.993,1716482412993,NH-DC-NM129-D04-ROCE-Leaf-6.GPU.S9825,FourHundredGigE1/0/61,456765,1810049792,448662,1769726908,4.52,4.39
2024/05/24 星期五 00:40:14.369,1716482414369,NH-DC-NM129-D04-ROCE-Leaf-6.GPU.S9825,FourHundredGigE1/0/61,119546,445999348,210813,775785658,0.40,0.70
2024/05/24 星期五 00:40:15.002,1716482415002,NH-DC-NM129-D04-ROCE-Leaf-6.GPU.S9825,FourHundredGigE1/0/61,232173,940712962,454923,1732982542,1.86,3.42
2024/05/24 星期五 00:40:16.385,1716482416385,NH-DC-NM129-D04-ROCE-Leaf-6.GPU.S9825,FourHundredGigE1/0/61,281293,873219154,383363,1517289974,0.79,1.36
2024/05/24 星期五 00:40:16.885,1716482416885,NH-DC-NM129-D04-ROCE-Leaf-6.GPU.S9825,FourHundredGigE1/0/61,156269,545859066,182450,721592888,1.35,1.8
2024/05/24 星期五 00:40:17.884,1716482417884,NH-DC-NM129-D04-ROCE-Leaf-6.GPU.S9825,FourHundredGigE1/0/61,259500,827281312,352907,1363801654,1.03,1.70
2024/05/24 星期五 00:40:20.386,1716482420386,NH-DC-NM129-D04-ROCE-Leaf-6.GPU.S9825,FourHundredGigE1/0/61,603063,2334019234,552089,2083920866,1.16,1.04
2024/05/24 星期五 00:40:20.889,1716482420889,NH-DC-NM129-D04-ROCE-Leaf-6.GPU.S9825,FourHundredGigE1/0/61,359481,1256773950,127242,474857132,3.11,1.17
2024/05/24 星期五 00:40:21.988,1716482421988,NH-DC-NM129-D04-ROCE-Leaf-6.GPU.S9825,FourHundredGigE1/0/61,115858,381616260,232543,927061622,0.43,1.05
2024/05/24 星期五 00:40:22.497,1716482422497,NH-DC-NM129-D04-ROCE-Leaf-6.GPU.S9825,FourHundredGigE1/0/61,0,0,0,0,0,0
2024/05/24 星期五 00:40:22.998,1716482422998,NH-DC-NM129-D04-ROCE-Leaf-6.GPU.S9825,FourHundredGigE1/0/61,105138,375156360,94309,374528530,0.92,0.92
2024/05/24 星期五 00:40:23.577,1716482423577,NH-DC-NM129-D04-ROCE-Leaf-6.GPU.S9825,FourHundredGigE1/0/61,0,0,0,0,0,0
2024/05/24 星期五 00:40:24.100,1716482424100,NH-DC-NM129-D04-ROCE-Leaf-6.GPU.S9825,FourHundredGigE1/0/61,248914,1012630128,48092,152268772,2.41,0.36
2024/05/24 星期五 00:40:24.782,1716482424782,NH-DC-NM129-D04-ROCE-Leaf-6.GPU.S9825,FourHundredGigE1/0/61,91581,346303270,193931,752702314,0.62,1.37
2024/05/24 星期五 00:40:25.569,1716482425569,NH-DC-NM129-D04-ROCE-Leaf-6.GPU.S9825,FourHundredGigE1/0/61,0,0,0,0,0,0
2024/05/24 星期五 00:40:26.071,1716482426071,NH-DC-NM129-D04-ROCE-Leaf-6.GPU.S9825,FourHundredGigE1/0/61,462366,1876727640,460018,1852005020,4.66,4.61
2024/05/24 星期五 00:40:26.597,1716482426597,NH-DC-NM129-D04-ROCE-Leaf-6.GPU.S9825,FourHundredGigE1/0/61,0,0,0,0,0,0
2024/05/24 星期五 00:40:27.099,1716482427099,NH-DC-NM129-D04-ROCE-Leaf-6.GPU.S9825,FourHundredGigE1/0/61,127206,475396992,161448,586211320,1.17,1.44
2024/05/24 星期五 00:40:27.602,1716482427602,NH-DC-NM129-D04-ROCE-Leaf-6.GPU.S9825,FourHundredGigE1/0/61,69991,242796174,138801,522130618,0.60,1.29
2024/05/24 星期五 00:40:28.211,1716482428211,NH-DC-NM129-D04-ROCE-Leaf-6.GPU.S9825,FourHundredGigE1/0/61,0,0,0,0,0,0
2024/05/24 星期五 00:40:29.048,1716482429048,NH-DC-NM129-D04-ROCE-Leaf-6.GPU.S9825,FourHundredGigE1/0/61,282795,1070061162,239129,944617670,1.60,1.40
2024/05/24 星期五 00:40:29.545,1716482429545,NH-DC-NM129-D04-ROCE-Leaf-6.GPU.S9825,FourHundredGigE1/0/61,0,0,0,0,0,0
2024/05/24 星期五 00:40:30.098,1716482430098,NH-DC-NM129-D04-ROCE-Leaf-6.GPU.S9825,FourHundredGigE1/0/61,124008,454234904,75493,256074354,1.02,0.57
2024/05/24 星期五 00:40:30.671,1716482430671,NH-DC-NM129-D04-ROCE-Leaf-6.GPU.S9825,FourHundredGigE1/0/61,0,0,0,0,0,0
2024/05/24 星期五 00:40:31.169,1716482431169,NH-DC-NM129-D04-ROCE-Leaf-6.GPU.S9825,FourHundredGigE1/0/61,205545,762430226,45349,163931214,1.91,0.40
2024/05/24 星期五 00:40:31.958,1716482431958,NH-DC-NM129-D04-ROCE-Leaf-6.GPU.S9825,FourHundredGigE1/0/61,157188,619429148,195296,773166616,0.97,1.22
2024/05/24 星期五 00:40:32.975,1716482432975,NH-DC-NM129-D04-ROCE-Leaf-6.GPU.S9825,FourHundredGigE1/0/61,2570010,10526106656,441478,1740049428,12.93,2.14
2024/05/24 星期五 00:40:33.943,1716482433943,NH-DC-NM129-D04-ROCE-Leaf-6.GPU.S9825,FourHundredGigE1/0/61,2142386,8753802754,150512,580917984,11.30,0.75
2024/05/24 星期五 00:40:34.446,1716482434446,NH-DC-NM129-D04-ROCE-Leaf-6.GPU.S9825,FourHundredGigE1/0/61,0,0,0,0,0,0
2024/05/24 星期五 00:40:34.949,1716482434949,NH-DC-NM129-D04-ROCE-Leaf-6.GPU.S9825,FourHundredGigE1/0/61,135853,543604440,305542,1178287144,1.34,2.91
2024/05/24 星期五 00:40:36.948,1716482436948,NH-DC-NM129-D04-ROCE-Leaf-6.GPU.S9825,FourHundredGigE1/0/61,312352,1157811520,266852,949345436,0.72,0.59
2024/05/24 星期五 00:40:37.490,1716482437490,NH-DC-NM129-D04-ROCE-Leaf-6.GPU.S9825,FourHundredGigE1/0/61,0,0,0,0,0,0
2024/05/24 星期五 00:40:37.989,1716482437989,NH-DC-NM129-D04-ROCE-Leaf-6.GPU.S9825,FourHundredGigE1/0/61,552842,2241297207,389033,1554340794,5.61,3.88
2024/05/24 星期五 00:40:38.768,1716482438768,NH-DC-NM129-D04-ROCE-Leaf-6.GPU.S9825,FourHundredGigE1/0/61,370463,1269520318,126098,458437980,2.02,0.72
2024/05/24 星期五 00:40:40.432,1716482440432,NH-DC-NM129-D04-ROCE-Leaf-6.GPU.S9825,FourHundredGigE1/0/61,397014,1256250016,59524,192101600,0.94,0.14
2024/05/24 星期五 00:40:40.929,1716482440929,NH-DC-NM129-D04-ROCE-Leaf-6.GPU.S9825,FourHundredGigE1/0/61,151149,514678702,175509,646088618,1.28,1.61
2024/05/24 星期五 00:40:41.433,1716482441433,NH-DC-NM129-D04-ROCE-Leaf-6.GPU.S9825,FourHundredGigE1/0/61,414092,1655454336,333183,1331379146,4.09,3.30
2024/05/24 星期五 00:40:42.536,1716482442536,NH-DC-NM129-D04-ROCE-Leaf-6.GPU.S9825,FourHundredGigE1/0/61,175481,662848434,109401,410255510,0.75,0.46
2024/05/24 星期五 00:40:43.207,1716482443207,NH-DC-NM129-D04-ROCE-Leaf-6.GPU.S9825,FourHundredGigE1/0/61,0,0,0,0,0,0
2024/05/24 星期五 00:40:43.729,1716482443729,NH-DC-NM129-D04-ROCE-Leaf-6.GPU.S9825,FourHundredGigE1/0/61,296034,1152857712,187667,662324166,2.75,1.58
2024/05/24 星期五 00:40:44.460,1716482444460,NH-DC-NM129-D04-ROCE-Leaf-6.GPU.S9825,FourHundredGigE1/0/61,0,0,0,0,0,0
2024/05/24 星期五 00:40:44.963,1716482444963,NH-DC-NM129-D04-ROCE-Leaf-6.GPU.S9825,FourHundredGigE1/0/61,196386,730910452,398270,1533172596,1.81,3.80
2024/05/24 星期五 00:40:45.576,1716482445576,NH-DC-NM129-D04-ROCE-Leaf-6.GPU.S9825,FourHundredGigE1/0/61,134632,525194978,533348,2149082148,1.06,4.36
2024/05/24 星期五 00:40:46.476,1716482446476,NH-DC-NM129-D04-ROCE-Leaf-6.GPU.S9825,FourHundredGigE1/0/61,0,0,0,0,0,0
2024/05/24 星期五 00:40:47.110,1716482447110,NH-DC-NM129-D04-ROCE-Leaf-6.GPU.S9825,FourHundredGigE1/0/61,394435,1575800672,235346,919633900,3.10,1.79
2024/05/24 星期五 00:40:47.658,1716482447658,NH-DC-NM129-D04-ROCE-Leaf-6.GPU.S9825,FourHundredGigE1/0/61,206869,815158714,190043,731134014,1.85,1.67
2024/05/24 星期五 00:40:48.204,1716482448204,NH-DC-NM129-D04-ROCE-Leaf-6.GPU.S9825,FourHundredGigE1/0/61,0,0,0,0,0,0
2024/05/24 星期五 00:40:48.706,1716482448706,NH-DC-NM129-D04-ROCE-Leaf-6.GPU.S9825,FourHundredGigE1/0/61,301919,1215990398,56019,206008658,3.01,0.50
2024/05/24 星期五 00:40:49.371,1716482449371,NH-DC-NM129-D04-ROCE-Leaf-6.GPU.S9825,FourHundredGigE1/0/61,0,0,0,0,0,0
2024/05/24 星期五 00:40:50.067,1716482450067,NH-DC-NM129-D04-ROCE-Leaf-6.GPU.S9825,FourHundredGigE1/0/61,78443,274848654,92766,327684492,0.48,0.57
2024/05/24 星期五 00:40:50.569,1716482450569,NH-DC-NM129-D04-ROCE-Leaf-6.GPU.S9825,FourHundredGigE1/0/61,0,0,0,0,0,0
2024/05/24 星期五 00:40:51.070,1716482451070,NH-DC-NM129-D04-ROCE-Leaf-6.GPU.S9825,FourHundredGigE1/0/61,92346,353766960,154459,588945266,0.87,1.45
2024/05/24 星期五 00:40:51.619,1716482451619,NH-DC-NM129-D04-ROCE-Leaf-6.GPU.S9825,FourHundredGigE1/0/61,0,0,0,0,0,0
2024/05/24 星期五 00:40:52.117,1716482452117,NH-DC-NM129-D04-ROCE-Leaf-6.GPU.S9825,FourHundredGigE1/0/61,93210,347598624,101104,358252888,0.85,0.88
2024/05/24 星期五 00:40:52.938,1716482452938,NH-DC-NM129-D04-ROCE-Leaf-6.GPU.S9825,FourHundredGigE1/0/61,137090,514234680,71871,214004070,0.78,0.32
2024/05/24 星期五 00:40:53.672,1716482453672,NH-DC-NM129-D04-ROCE-Leaf-6.GPU.S9825,FourHundredGigE1/0/61,97870,366813704,15621,36189274,0.61,0.05
2024/05/24 星期五 00:40:54.294,1716482454294,NH-DC-NM129-D04-ROCE-Leaf-6.GPU.S9825,FourHundredGigE1/0/61,0,0,0,0,0,0
2024/05/24 星期五 00:40:55.000,1716482455000,NH-DC-NM129-D04-ROCE-Leaf-6.GPU.S9825,FourHundredGigE1/0/61,262990,961030800,278354,1116408804,1.70,1.97
2024/05/24 星期五 00:40:55.664,1716482455664,NH-DC-NM129-D04-ROCE-Leaf-6.GPU.S9825,FourHundredGigE1/0/61,84179,294872050,100119,350182486,0.55,0.66
2024/05/24 星期五 00:40:56.622,1716482456622,NH-DC-NM129-D04-ROCE-Leaf-6.GPU.S9825,FourHundredGigE1/0/61,208863,831777374,171574,593744332,1.08,0.77
2024/05/24 星期五 00:40:57.309,1716482457309,NH-DC-NM129-D04-ROCE-Leaf-6.GPU.S9825,FourHundredGigE1/0/61,0,0,0,0,0,0
2024/05/24 星期五 00:40:57.821,1716482457821,NH-DC-NM129-D04-ROCE-Leaf-6.GPU.S9825,FourHundredGigE1/0/61,349722,1352922892,412733,1664966098,3.30,4.05
2024/05/24 星期五 00:40:58.395,1716482458395,NH-DC-NM129-D04-ROCE-Leaf-6.GPU.S9825,FourHundredGigE1/0/61,0,0,0,0,0,0
2024/05/24 星期五 00:40:59.529,1716482459529,NH-DC-NM129-D04-ROCE-Leaf-6.GPU.S9825,FourHundredGigE1/0/61,980848,3933209548,462622,1749867588,4.33,1.92
2024/05/24 星期五 00:41:00.299,1716482460299,NH-DC-NM129-D04-ROCE-Leaf-6.GPU.S9825,FourHundredGigE1/0/61,0,0,0,0,0,0
2024/05/24 星期五 00:41:00.950,1716482460950,NH-DC-NM129-D04-ROCE-Leaf-6.GPU.S9825,FourHundredGigE1/0/61,966912,3918088100,193314,713406676,7.51,1.36
2024/05/24 星期五 00:41:01.451,1716482461451,NH-DC-NM129-D04-ROCE-Leaf-6.GPU.S9825,FourHundredGigE1/0/61,0,0,0,0,0,0
2024/05/24 星期五 00:41:02.037,1716482462037,NH-DC-NM129-D04-ROCE-Leaf-6.GPU.S9825,FourHundredGigE1/0/61,610790,2409711382,394622,1577459514,5.12,3.35
2024/05/24 星期五 00:41:03.722,1716482463722,NH-DC-NM129-D04-ROCE-Leaf-6.GPU.S9825,FourHundredGigE1/0/61,303765,1236821414,144194,530759568,0.91,0.39
2024/05/24 星期五 00:41:04.904,1716482464904,NH-DC-NM129-D04-ROCE-Leaf-6.GPU.S9825,FourHundredGigE1/0/61,246659,979798148,274646,1072053858,1.03,1.13
2024/05/24 星期五 00:41:05.435,1716482465435,NH-DC-NM129-D04-ROCE-Leaf-6.GPU.S9825,FourHundredGigE1/0/61,0,0,0,0,0,0
2024/05/24 星期五 00:41:06.030,1716482466030,NH-DC-NM129-D04-ROCE-Leaf-6.GPU.S9825,FourHundredGigE1/0/61,225466,911764692,104254,341763284,1.91,0.71
2024/05/24 星期五 00:41:06.551,1716482466551,NH-DC-NM129-D04-ROCE-Leaf-6.GPU.S9825,FourHundredGigE1/0/61,0,0,0,0,0,0
2024/05/24 星期五 00:41:07.080,1716482467080,NH-DC-NM129-D04-ROCE-Leaf-6.GPU.S9825,FourHundredGigE1/0/61,171846,660376656,166693,645759854,1.56,1.51
2024/05/24 星期五 00:41:07.818,1716482467818,NH-DC-NM129-D04-ROCE-Leaf-6.GPU.S9825,FourHundredGigE1/0/61,192643,751431177,337085,1334799750,1.27,2.25
2024/05/24 星期五 00:41:08.333,1716482468333,NH-DC-NM129-D04-ROCE-Leaf-6.GPU.S9825,FourHundredGigE1/0/61,0,0,0,0,0,0
2024/05/24 星期五 00:41:08.888,1716482468888,NH-DC-NM129-D04-ROCE-Leaf-6.GPU.S9825,FourHundredGigE1/0/61,336124,1370955000,154200,596316524,3.09,1.33
2024/05/24 星期五 00:41:09.514,1716482469514,NH-DC-NM129-D04-ROCE-Leaf-6.GPU.S9825,FourHundredGigE1/0/61,0,0,0,0,0,0
2024/05/24 星期五 00:41:10.028,1716482470028,NH-DC-NM129-D04-ROCE-Leaf-6.GPU.S9825,FourHundredGigE1/0/61,135785,541012106,98988,385441692,1.31,0.92
2024/05/24 星期五 00:41:10.578,1716482470578,NH-DC-NM129-D04-ROCE-Leaf-6.GPU.S9825,FourHundredGigE1/0/61,140732,549967472,190723,757855426,1.23,1.70
2024/05/24 星期五 00:41:11.358,1716482471358,NH-DC-NM129-D04-ROCE-Leaf-6.GPU.S9825,FourHundredGigE1/0/61,0,0,0,0,0,0
2024/05/24 星期五 00:41:11.906,1716482471906,NH-DC-NM129-D04-ROCE-Leaf-6.GPU.S9825,FourHundredGigE1/0/61,415470,1673394568,211591,833022894,3.81,1.89
2024/05/24 星期五 00:41:12.406,1716482472406,NH-DC-NM129-D04-ROCE-Leaf-6.GPU.S9825,FourHundredGigE1/0/61,0,0,0,0,0,0
2024/05/24 星期五 00:41:13.053,1716482473053,NH-DC-NM129-D04-ROCE-Leaf-6.GPU.S9825,FourHundredGigE1/0/61,335463,1313729130,262593,1019095122,2.53,1.95
2024/05/24 星期五 00:41:13.605,1716482473605,NH-DC-NM129-D04-ROCE-Leaf-6.GPU.S9825,FourHundredGigE1/0/61,0,0,0,0,0,0
2024/05/24 星期五 00:41:14.202,1716482474202,NH-DC-NM129-D04-ROCE-Leaf-6.GPU.S9825,FourHundredGigE1/0/61,362126,1437394832,130845,492399882,2.99,1.03
2024/05/24 星期五 00:41:15.012,1716482475012,NH-DC-NM129-D04-ROCE-Leaf-6.GPU.S9825,FourHundredGigE1/0/61,136096,528687776,106462,379723504,0.80,0.57
2024/05/24 星期五 00:41:19.068,1716482479068,NH-DC-NM129-D04-ROCE-Leaf-6.GPU.S9825,FourHundredGigE1/0/61,325887,1152016426,413017,1540515162,0.35,0.47
2024/05/24 星期五 00:41:19.625,1716482479625,NH-DC-NM129-D04-ROCE-Leaf-6.GPU.S9825,FourHundredGigE1/0/61,149782,0,271265,0,0,0
2024/05/24 星期五 00:41:20.207,1716482480207,NH-DC-NM129-D04-ROCE-Leaf-6.GPU.S9825,FourHundredGigE1/0/61,0,562404556,0,1048922058,1.20,2.23
2024/05/24 星期五 00:41:20.768,1716482480768,NH-DC-NM129-D04-ROCE-Leaf-6.GPU.S9825,FourHundredGigE1/0/61,71862,256761828,180012,698913196,0.56,1.54
2024/05/24 星期五 00:41:21.417,1716482481417,NH-DC-NM129-D04-ROCE-Leaf-6.GPU.S9825,FourHundredGigE1/0/61,0,0,0,0,0,0
2024/05/24 星期五 00:41:21.921,1716482481921,NH-DC-NM129-D04-ROCE-Leaf-6.GPU.S9825,FourHundredGigE1/0/61,371676,1431208300,178041,628256394,3.55,1.54
2024/05/24 星期五 00:41:22.465,1716482482465,NH-DC-NM129-D04-ROCE-Leaf-6.GPU.S9825,FourHundredGigE1/0/61,0,0,0,0,0,0
2024/05/24 星期五 00:41:22.967,1716482482967,NH-DC-NM129-D04-ROCE-Leaf-6.GPU.S9825,FourHundredGigE1/0/61,206265,802632486,95197,318601286,1.99,0.77
2024/05/24 星期五 00:41:23.561,1716482483561,NH-DC-NM129-D04-ROCE-Leaf-6.GPU.S9825,FourHundredGigE1/0/61,201939,768057406,130774,212739640,1.60,0.44
2024/05/24 星期五 00:41:24.261,1716482484261,NH-DC-NM129-D04-ROCE-Leaf-6.GPU.S9825,FourHundredGigE1/0/61,0,0,0,0,0,0
2024/05/24 星期五 00:41:25.016,1716482485016,NH-DC-NM129-D04-ROCE-Leaf-6.GPU.S9825,FourHundredGigE1/0/61,160247,621252074,351037,1181123270,1.03,1.95
2024/05/24 星期五 00:41:25.571,1716482485571,NH-DC-NM129-D04-ROCE-Leaf-6.GPU.S9825,FourHundredGigE1/0/61,110523,377814758,121643,309279630,0.83,0.68
2024/05/24 星期五 00:41:26.158,1716482486158,NH-DC-NM129-D04-ROCE-Leaf-6.GPU.S9825,FourHundredGigE1/0/61,0,0,0,0,0,0
2024/05/24 星期五 00:41:26.661,1716482486661,NH-DC-NM129-D04-ROCE-Leaf-6.GPU.S9825,FourHundredGigE1/0/61,0,0,0,0,0,0
2024/05/24 星期五 00:41:27.171,1716482487171,NH-DC-NM129-D04-ROCE-Leaf-6.GPU.S9825,FourHundredGigE1/0/61,119544,455820344,1140579,4619308442,1.10,11.30
2024/05/24 星期五 00:41:27.745,1716482487745,NH-DC-NM129-D04-ROCE-Leaf-6.GPU.S9825,FourHundredGigE1/0/61,184894,685757312,1044795,4236518770,1.48,9.21
2024/05/24 星期五 00:41:28.400,1716482488400,NH-DC-NM129-D04-ROCE-Leaf-6.GPU.S9825,FourHundredGigE1/0/61,0,0,0,0,0,0
2024/05/24 星期五 00:41:28.906,1716482488906,NH-DC-NM129-D04-ROCE-Leaf-6.GPU.S9825,FourHundredGigE1/0/61,313225,1234284004,702454,2864565296,3.04,7.07
2024/05/24 星期五 00:41:29.462,1716482489462,NH-DC-NM129-D04-ROCE-Leaf-6.GPU.S9825,FourHundredGigE1/0/61,0,0,0,0,0,0
2024/05/24 星期五 00:41:29.962,1716482489962,NH-DC-NM129-D04-ROCE-Leaf-6.GPU.S9825,FourHundredGigE1/0/61,132505,508505332,179122,682311604,1.25,1.7
2024/05/24 星期五 00:41:30.530,1716482490530,NH-DC-NM129-D04-ROCE-Leaf-6.GPU.S9825,FourHundredGigE1/0/61,0,0,0,0,0,0
2024/05/24 星期五 00:41:31.048,1716482491048,NH-DC-NM129-D04-ROCE-Leaf-6.GPU.S9825,FourHundredGigE1/0/61,195622,773632808,169414,617425888,1.86,1.47
2024/05/24 星期五 00:41:31.679,1716482491679,NH-DC-NM129-D04-ROCE-Leaf-6.GPU.S9825,FourHundredGigE1/0/61,380108,1477960204,105619,341795090,2.91,0.67
2024/05/24 星期五 00:41:32.201,1716482492201,NH-DC-NM129-D04-ROCE-Leaf-6.GPU.S9825,FourHundredGigE1/0/61,0,0,0,0,0,0
2024/05/24 星期五 00:41:32.764,1716482492764,NH-DC-NM129-D04-ROCE-Leaf-6.GPU.S9825,FourHundredGigE1/0/61,0,0,0,0,0,0
2024/05/24 星期五 00:41:33.267,1716482493267,NH-DC-NM129-D04-ROCE-Leaf-6.GPU.S9825,FourHundredGigE1/0/61,439930,1725956636,172327,671266654,4.27,1.67
2024/05/24 星期五 00:41:33.885,1716482493885,NH-DC-NM129-D04-ROCE-Leaf-6.GPU.S9825,FourHundredGigE1/0/61,157618,603017412,160260,590951768,1.21,1.19
2024/05/24 星期五 00:41:34.526,1716482494526,NH-DC-NM129-D04-ROCE-Leaf-6.GPU.S9825,FourHundredGigE1/0/61,0,0,0,0,0,0
2024/05/24 星期五 00:41:35.095,1716482495095,NH-DC-NM129-D04-ROCE-Leaf-6.GPU.S9825,FourHundredGigE1/0/61,230491,861848362,153034,555666472,1.89,1.21
2024/05/24 星期五 00:41:35.679,1716482495679,NH-DC-NM129-D04-ROCE-Leaf-6.GPU.S9825,FourHundredGigE1/0/61,491370,1931475794,162070,552426120,4.13,1.18
2024/05/24 星期五 00:41:36.260,1716482496260,NH-DC-NM129-D04-ROCE-Leaf-6.GPU.S9825,FourHundredGigE1/0/61,0,0,0,0,0,0
2024/05/24 星期五 00:41:36.762,1716482496762,NH-DC-NM129-D04-ROCE-Leaf-6.GPU.S9825,FourHundredGigE1/0/61,266302,1033407426,182246,654209744,2.56,1.62
2024/05/24 星期五 00:41:37.262,1716482497262,NH-DC-NM129-D04-ROCE-Leaf-6.GPU.S9825,FourHundredGigE1/0/61,0,0,0,0,0,0
2024/05/24 星期五 00:41:37.878,1716482497878,NH-DC-NM129-D04-ROCE-Leaf-6.GPU.S9825,FourHundredGigE1/0/61,265324,1040275599,316411,1220346322,2.11,2.48
2024/05/24 星期五 00:41:38.464,1716482498464,NH-DC-NM129-D04-ROCE-Leaf-6.GPU.S9825,FourHundredGigE1/0/61,0,0,0,0,0,0
2024/05/24 星期五 00:41:38.965,1716482498965,NH-DC-NM129-D04-ROCE-Leaf-6.GPU.S9825,FourHundredGigE1/0/61,116135,380321254,238732,923940352,0.95,2.30
2024/05/24 星期五 00:41:39.561,1716482499561,NH-DC-NM129-D04-ROCE-Leaf-6.GPU.S9825,FourHundredGigE1/0/61,0,0,0,0,0,0
2024/05/24 星期五 00:41:40.062,1716482500062,NH-DC-NM129-D04-ROCE-Leaf-6.GPU.S9825,FourHundredGigE1/0/61,35100,96452832,199305,758848970,0.22,1.87
2024/05/24 星期五 00:41:40.630,1716482500630,NH-DC-NM129-D04-ROCE-Leaf-6.GPU.S9825,FourHundredGigE1/0/61,0,0,0,0,0,0
2024/05/24 星期五 00:41:41.134,1716482501134,NH-DC-NM129-D04-ROCE-Leaf-6.GPU.S9825,FourHundredGigE1/0/61,182871,706988066,69272,230841612,1.74,0.57
2024/05/24 星期五 00:41:42.030,1716482502030,NH-DC-NM129-D04-ROCE-Leaf-6.GPU.S9825,FourHundredGigE1/0/61,98243,342839238,145044,511073808,0.47,0.71
2024/05/24 星期五 00:41:42.712,1716482502712,NH-DC-NM129-D04-ROCE-Leaf-6.GPU.S9825,FourHundredGigE1/0/61,108758,405931680,141943,544675734,0.73,0.99
2024/05/24 星期五 00:41:43.213,1716482503213,NH-DC-NM129-D04-ROCE-Leaf-6.GPU.S9825,FourHundredGigE1/0/61,0,0,0,0,0,0
2024/05/24 星期五 00:41:43.821,1716482503821,NH-DC-NM129-D04-ROCE-Leaf-6.GPU.S9825,FourHundredGigE1/0/61,65175,249866530,111590,430982940,0.49,0.88
2024/05/24 星期五 00:41:44.541,1716482504541,NH-DC-NM129-D04-ROCE-Leaf-6.GPU.S9825,FourHundredGigE1/0/61,291283,1133103422,395926,1423973052,1.96,2.47
2024/05/24 星期五 00:41:45.208,1716482505208,NH-DC-NM129-D04-ROCE-Leaf-6.GPU.S9825,FourHundredGigE1/0/61,0,0,0,0,0,0
2024/05/24 星期五 00:41:45.753,1716482505753,NH-DC-NM129-D04-ROCE-Leaf-6.GPU.S9825,FourHundredGigE1/0/61,104937,406655466,188149,664699636,0.92,1.51
2024/05/24 星期五 00:41:46.370,1716482506370,NH-DC-NM129-D04-ROCE-Leaf-6.GPU.S9825,FourHundredGigE1/0/61,206513,806188218,169338,540467550,1.62,1.09
2024/05/24 星期五 00:41:47.198,1716482507198,NH-DC-NM129-D04-ROCE-Leaf-6.GPU.S9825,FourHundredGigE1/0/61,0,0,0,0,0,0
2024/05/24 星期五 00:41:47.779,1716482507779,NH-DC-NM129-D04-ROCE-Leaf-6.GPU.S9825,FourHundredGigE1/0/61,198040,741447368,128419,499652314,1.59,1.05
2024/05/24 星期五 00:41:48.460,1716482508460,NH-DC-NM129-D04-ROCE-Leaf-6.GPU.S9825,FourHundredGigE1/0/61,0,0,0,0,0,0
2024/05/24 星期五 00:41:48.964,1716482508964,NH-DC-NM129-D04-ROCE-Leaf-6.GPU.S9825,FourHundredGigE1/0/61,145032,578865402,355613,1443566050,1.41,3.57
2024/05/24 星期五 00:41:49.549,1716482509549,NH-DC-NM129-D04-ROCE-Leaf-6.GPU.S9825,FourHundredGigE1/0/61,0,0,0,0,0,0
2024/05/24 星期五 00:41:50.050,1716482510050,NH-DC-NM129-D04-ROCE-Leaf-6.GPU.S9825,FourHundredGigE1/0/61,113535,436070172,181792,695432308,1.07,1.72
2024/05/24 星期五 00:41:50.649,1716482510649,NH-DC-NM129-D04-ROCE-Leaf-6.GPU.S9825,FourHundredGigE1/0/61,165853,563025542,145623,530634506,1.17,1.11
2024/05/24 星期五 00:41:51.155,1716482511155,NH-DC-NM129-D04-ROCE-Leaf-6.GPU.S9825,FourHundredGigE1/0/61,0,0,0,0,0,0
2024/05/24 星期五 00:41:51.790,1716482511790,NH-DC-NM129-D04-ROCE-Leaf-6.GPU.S9825,FourHundredGigE1/0/61,147983,444768240,223963,857438938,0.87,1.67
2024/05/24 星期五 00:41:52.355,1716482512355,NH-DC-NM129-D04-ROCE-Leaf-6.GPU.S9825,FourHundredGigE1/0/61,0,0,0,0,0,0
2024/05/24 星期五 00:41:52.971,1716482512971,NH-DC-NM129-D04-ROCE-Leaf-6.GPU.S9825,FourHundredGigE1/0/61,228840,794790502,548957,2206514126,1.60,4.46
2024/05/24 星期五 00:41:53.626,1716482513626,NH-DC-NM129-D04-ROCE-Leaf-6.GPU.S9825,FourHundredGigE1/0/61,142108,439651114,824594,3363279148,0.82,6.41
2024/05/24 星期五 00:41:54.465,1716482514465,NH-DC-NM129-D04-ROCE-Leaf-6.GPU.S9825,FourHundredGigE1/0/61,0,0,0,0,0,0
2024/05/24 星期五 00:41:55.166,1716482515166,NH-DC-NM129-D04-ROCE-Leaf-6.GPU.S9825,FourHundredGigE1/0/61,97010,312353434,95670,367317238,0.55,0.64
2024/05/24 星期五 00:41:55.802,1716482515802,NH-DC-NM129-D04-ROCE-Leaf-6.GPU.S9825,FourHundredGigE1/0/61,397622,1600605260,356840,1460799866,3.14,2.87
2024/05/24 星期五 00:41:56.385,1716482516385,NH-DC-NM129-D04-ROCE-Leaf-6.GPU.S9825,FourHundredGigE1/0/61,0,0,0,0,0,0
2024/05/24 星期五 00:41:56.934,1716482516934,NH-DC-NM129-D04-ROCE-Leaf-6.GPU.S9825,FourHundredGigE1/0/61,193640,746281546,123396,462476008,1.68,1.05
2024/05/24 星期五 00:41:57.541,1716482517541,NH-DC-NM129-D04-ROCE-Leaf-6.GPU.S9825,FourHundredGigE1/0/61,0,0,0,0,0,0
2024/05/24 星期五 00:41:58.120,1716482518120,NH-DC-NM129-D04-ROCE-Leaf-6.GPU.S9825,FourHundredGigE1/0/61,282336,1109003198,171606,689200688,2.37,1.47
2024/05/24 星期五 00:41:58.936,1716482518936,NH-DC-NM129-D04-ROCE-Leaf-6.GPU.S9825,FourHundredGigE1/0/61,417657,1670031686,242566,925274652,2.56,1.41
2024/05/24 星期五 00:41:59.772,1716482519772,NH-DC-NM129-D04-ROCE-Leaf-6.GPU.S9825,FourHundredGigE1/0/61,151847,523525302,345937,1268516002,0.78,1.88
2024/05/24 星期五 00:42:00.340,1716482520340,NH-DC-NM129-D04-ROCE-Leaf-6.GPU.S9825,FourHundredGigE1/0/61,0,0,0,0,0,0
2024/05/24 星期五 00:42:00.844,1716482520844,NH-DC-NM129-D04-ROCE-Leaf-6.GPU.S9825,FourHundredGigE1/0/61,337808,1329536286,234966,912337396,3.27,2.26
2024/05/24 星期五 00:42:01.347,1716482521347,NH-DC-NM129-D04-ROCE-Leaf-6.GPU.S9825,FourHundredGigE1/0/61,0,0,0,0,0,0
2024/05/24 星期五 00:42:01.992,1716482521992,NH-DC-NM129-D04-ROCE-Leaf-6.GPU.S9825,FourHundredGigE1/0/61,383365,1479951776,480556,1819388260,2.85,3.51
2024/05/24 星期五 00:42:03.374,1716482523374,NH-DC-NM129-D04-ROCE-Leaf-6.GPU.S9825,FourHundredGigE1/0/61,232270,879429656,266650,958768712,0.79,0.86
2024/05/24 星期五 00:42:04.623,1716482524623,NH-DC-NM129-D04-ROCE-Leaf-6.GPU.S9825,FourHundredGigE1/0/61,0,0,0,0,0,0
2024/05/24 星期五 00:42:05.185,1716482525185,NH-DC-NM129-D04-ROCE-Leaf-6.GPU.S9825,FourHundredGigE1/0/61,211238,814371720,246035,937826656,1.80,2.07
2024/05/24 星期五 00:42:05.820,1716482525820,NH-DC-NM129-D04-ROCE-Leaf-6.GPU.S9825,FourHundredGigE1/0/61,76374,290148144,78764,296784538,0.57,0.57
2024/05/24 星期五 00:42:06.393,1716482526393,NH-DC-NM129-D04-ROCE-Leaf-6.GPU.S9825,FourHundredGigE1/0/61,0,0,0,0,0,0
2024/05/24 星期五 00:42:06.927,1716482526927,NH-DC-NM129-D04-ROCE-Leaf-6.GPU.S9825,FourHundredGigE1/0/61,323454,1218087656,273347,1098782738,2.83,2.55
2024/05/24 星期五 00:42:07.427,1716482527427,NH-DC-NM129-D04-ROCE-Leaf-6.GPU.S9825,FourHundredGigE1/0/61,0,0,0,0,0,0
2024/05/24 星期五 00:42:08.051,1716482528051,NH-DC-NM129-D04-ROCE-Leaf-6.GPU.S9825,FourHundredGigE1/0/61,164337,583617823,112631,406342982,1.16,0.80
2024/05/24 星期五 00:42:08.607,1716482528607,NH-DC-NM129-D04-ROCE-Leaf-6.GPU.S9825,FourHundredGigE1/0/61,0,0,0,0,0,0
2024/05/24 星期五 00:42:09.108,1716482529108,NH-DC-NM129-D04-ROCE-Leaf-6.GPU.S9825,FourHundredGigE1/0/61,244160,890007022,191305,709415006,2.22,1.75
2024/05/24 星期五 00:42:09.732,1716482529732,NH-DC-NM129-D04-ROCE-Leaf-6.GPU.S9825,FourHundredGigE1/0/61,330498,1278253192,155154,564476328,2.54,1.12
2024/05/24 星期五 00:42:10.822,1716482530822,NH-DC-NM129-D04-ROCE-Leaf-6.GPU.S9825,FourHundredGigE1/0/61,230181,860168190,147441,506425074,0.99,0.57
2024/05/24 星期五 00:42:11.415,1716482531415,NH-DC-NM129-D04-ROCE-Leaf-6.GPU.S9825,FourHundredGigE1/0/61,0,0,0,0,0,0
2024/05/24 星期五 00:42:12.031,1716482532031,NH-DC-NM129-D04-ROCE-Leaf-6.GPU.S9825,FourHundredGigE1/0/61,145822,576913939,266870,1050621728,1.16,2.13
2024/05/24 星期五 00:42:13.121,1716482533121,NH-DC-NM129-D04-ROCE-Leaf-6.GPU.S9825,FourHundredGigE1/0/61,191602,658086890,176208,652801724,0.75,0.75
2024/05/24 星期五 00:42:13.683,1716482533683,NH-DC-NM129-D04-ROCE-Leaf-6.GPU.S9825,FourHundredGigE1/0/61,38276,110550224,1201654,4900280696,0.24,10.90
2024/05/24 星期五 00:42:14.324,1716482534324,NH-DC-NM129-D04-ROCE-Leaf-6.GPU.S9825,FourHundredGigE1/0/61,0,0,0,0,0,0
2024/05/24 星期五 00:42:14.903,1716482534903,NH-DC-NM129-D04-ROCE-Leaf-6.GPU.S9825,FourHundredGigE1/0/61,157080,583879980,2443464,9987726368,1.25,21.55
2024/05/24 星期五 00:42:15.475,1716482535475,NH-DC-NM129-D04-ROCE-Leaf-6.GPU.S9825,FourHundredGigE1/0/61,0,0,0,0,0,0
2024/05/24 星期五 00:42:16.081,1716482536081,NH-DC-NM129-D04-ROCE-Leaf-6.GPU.S9825,FourHundredGigE1/0/61,261382,1044706092,1376161,5612657490,2.15,11.57
2024/05/24 星期五 00:42:16.666,1716482536666,NH-DC-NM129-D04-ROCE-Leaf-6.GPU.S9825,FourHundredGigE1/0/61,0,0,0,0,0,0
2024/05/24 星期五 00:42:17.169,1716482537169,NH-DC-NM129-D04-ROCE-Leaf-6.GPU.S9825,FourHundredGigE1/0/61,220589,851608492,340979,1302725648,2.11,3.23
2024/05/24 星期五 00:42:17.670,1716482537670,NH-DC-NM129-D04-ROCE-Leaf-6.GPU.S9825,FourHundredGigE1/0/61,319280,1120131366,379219,1497309556,2.79,3.72
2024/05/24 星期五 00:42:18.299,1716482538299,NH-DC-NM129-D04-ROCE-Leaf-6.GPU.S9825,FourHundredGigE1/0/61,0,0,0,0,0,0
2024/05/24 星期五 00:42:18.874,1716482538874,NH-DC-NM129-D04-ROCE-Leaf-6.GPU.S9825,FourHundredGigE1/0/61,75043,267552254,150493,601112450,0.57,1.30
2024/05/24 星期五 00:42:19.439,1716482539439,NH-DC-NM129-D04-ROCE-Leaf-6.GPU.S9825,FourHundredGigE1/0/61,0,0,0,0,0,0
2024/05/24 星期五 00:42:20.029,1716482540029,NH-DC-NM129-D04-ROCE-Leaf-6.GPU.S9825,FourHundredGigE1/0/61,128261,490909882,227593,912989582,1.04,1.93
2024/05/24 星期五 00:42:20.551,1716482540551,NH-DC-NM129-D04-ROCE-Leaf-6.GPU.S9825,FourHundredGigE1/0/61,0,0,0,0,0,0
2024/05/24 星期五 00:42:21.050,1716482541050,NH-DC-NM129-D04-ROCE-Leaf-6.GPU.S9825,FourHundredGigE1/0/61,220529,890404374,48409,162584730,2.23,0.40
2024/05/24 星期五 00:42:21.695,1716482541695,NH-DC-NM129-D04-ROCE-Leaf-6.GPU.S9825,FourHundredGigE1/0/61,72460,240083140,605338,1941076892,0.47,3.76
2024/05/24 星期五 00:42:22.324,1716482542324,NH-DC-NM129-D04-ROCE-Leaf-6.GPU.S9825,FourHundredGigE1/0/61,0,0,0,0,0,0
2024/05/24 星期五 00:42:22.882,1716482542882,NH-DC-NM129-D04-ROCE-Leaf-6.GPU.S9825,FourHundredGigE1/0/61,148355,531691890,253653,992147448,1.19,2.22
2024/05/24 星期五 00:42:23.431,1716482543431,NH-DC-NM129-D04-ROCE-Leaf-6.GPU.S9825,FourHundredGigE1/0/61,0,0,0,0,0,0
2024/05/24 星期五 00:42:23.962,1716482543962,NH-DC-NM129-D04-ROCE-Leaf-6.GPU.S9825,FourHundredGigE1/0/61,164691,518558894,427407,1650340684,1.20,3.88
2024/05/24 星期五 00:42:24.505,1716482544505,NH-DC-NM129-D04-ROCE-Leaf-6.GPU.S9825,FourHundredGigE1/0/61,0,0,0,0,0,0
2024/05/24 星期五 00:42:25.135,1716482545135,NH-DC-NM129-D04-ROCE-Leaf-6.GPU.S9825,FourHundredGigE1/0/61,226827,896336834,735742,3001512640,1.77,5.95
2024/05/24 星期五 00:42:25.769,1716482545769,NH-DC-NM129-D04-ROCE-Leaf-6.GPU.S9825,FourHundredGigE1/0/61,90819,341460498,131179,440435634,0.67,0.87
2024/05/24 星期五 00:42:26.319,1716482546319,NH-DC-NM129-D04-ROCE-Leaf-6.GPU.S9825,FourHundredGigE1/0/61,0,0,0,0,0,0
2024/05/24 星期五 00:42:26.852,1716482546852,NH-DC-NM129-D04-ROCE-Leaf-6.GPU.S9825,FourHundredGigE1/0/61,353910,1316835212,247677,987510394,3.07,2.30
2024/05/24 星期五 00:42:27.354,1716482547354,NH-DC-NM129-D04-ROCE-Leaf-6.GPU.S9825,FourHundredGigE1/0/61,0,0,0,0,0,0
2024/05/24 星期五 00:42:27.857,1716482547857,NH-DC-NM129-D04-ROCE-Leaf-6.GPU.S9825,FourHundredGigE1/0/61,160059,619118264,158047,596356550,1.52,1.47
2024/05/24 星期五 00:42:28.666,1716482548666,NH-DC-NM129-D04-ROCE-Leaf-6.GPU.S9825,FourHundredGigE1/0/61,125256,501730730,142855,546063698,0.77,0.83
2024/05/24 星期五 00:42:29.363,1716482549363,NH-DC-NM129-D04-ROCE-Leaf-6.GPU.S9825,FourHundredGigE1/0/61,0,0,0,0,0,0
2024/05/24 星期五 00:42:29.993,1716482549993,NH-DC-NM129-D04-ROCE-Leaf-6.GPU.S9825,FourHundredGigE1/0/61,287765,1127430966,157740,607762000,2.22,1.19
2024/05/24 星期五 00:42:30.524,1716482550524,NH-DC-NM129-D04-ROCE-Leaf-6.GPU.S9825,FourHundredGigE1/0/61,0,0,0,0,0,0
2024/05/24 星期五 00:42:31.026,1716482551026,NH-DC-NM129-D04-ROCE-Leaf-6.GPU.S9825,FourHundredGigE1/0/61,160077,584371698,75950,293027216,1.44,0.72
2024/05/24 星期五 00:42:31.694,1716482551694,NH-DC-NM129-D04-ROCE-Leaf-6.GPU.S9825,FourHundredGigE1/0/61,159183,618823818,316602,1237618052,1.14,2.30
2024/05/24 星期五 00:42:32.338,1716482552338,NH-DC-NM129-D04-ROCE-Leaf-6.GPU.S9825,FourHundredGigE1/0/61,0,0,0,0,0,0
2024/05/24 星期五 00:42:32.983,1716482552983,NH-DC-NM129-D04-ROCE-Leaf-6.GPU.S9825,FourHundredGigE1/0/61,160045,628831538,135555,517278570,1.20,0.99
2024/05/24 星期五 00:42:33.544,1716482553544,NH-DC-NM129-D04-ROCE-Leaf-6.GPU.S9825,FourHundredGigE1/0/61,0,0,0,0,0,0
2024/05/24 星期五 00:42:34.054,1716482554054,NH-DC-NM129-D04-ROCE-Leaf-6.GPU.S9825,FourHundredGigE1/0/61,200188,787241468,190828,745960684,1.91,1.81
2024/05/24 星期五 00:42:34.554,1716482554554,NH-DC-NM129-D04-ROCE-Leaf-6.GPU.S9825,FourHundredGigE1/0/61,0,0,0,0,0,0
2024/05/24 星期五 00:42:35.058,1716482555058,NH-DC-NM129-D04-ROCE-Leaf-6.GPU.S9825,FourHundredGigE1/0/61,147336,568285780,102598,374806856,1.39,0.92
2024/05/24 星期五 00:42:35.703,1716482555703,NH-DC-NM129-D04-ROCE-Leaf-6.GPU.S9825,FourHundredGigE1/0/61,258394,993177800,389674,1508172488,1.92,2.91
2024/05/24 星期五 00:42:36.388,1716482556388,NH-DC-NM129-D04-ROCE-Leaf-6.GPU.S9825,FourHundredGigE1/0/61,0,0,0,0,0,0
2024/05/24 星期五 00:42:36.961,1716482556961,NH-DC-NM129-D04-ROCE-Leaf-6.GPU.S9825,FourHundredGigE1/0/61,79413,287103614,185855,711804314,0.61,1.55
2024/05/24 星期五 00:42:37.461,1716482557461,NH-DC-NM129-D04-ROCE-Leaf-6.GPU.S9825,FourHundredGigE1/0/61,0,0,0,0,0,0
2024/05/24 星期五 00:42:37.961,1716482557961,NH-DC-NM129-D04-ROCE-Leaf-6.GPU.S9825,FourHundredGigE1/0/61,79094,246017151,208285,824114830,0.6,2.05
2024/05/24 星期五 00:42:38.607,1716482558607,NH-DC-NM129-D04-ROCE-Leaf-6.GPU.S9825,FourHundredGigE1/0/61,0,0,0,0,0,0
2024/05/24 星期五 00:42:39.163,1716482559163,NH-DC-NM129-D04-ROCE-Leaf-6.GPU.S9825,FourHundredGigE1/0/61,237304,892326998,338259,1329821462,2.00,2.97
2024/05/24 星期五 00:42:39.889,1716482559889,NH-DC-NM129-D04-ROCE-Leaf-6.GPU.S9825,FourHundredGigE1/0/61,256942,987135654,316073,1264019310,1.69,2.17
2024/05/24 星期五 00:42:40.445,1716482560445,NH-DC-NM129-D04-ROCE-Leaf-6.GPU.S9825,FourHundredGigE1/0/61,0,0,0,0,0,0
2024/05/24 星期五 00:42:41.423,1716482561423,NH-DC-NM129-D04-ROCE-Leaf-6.GPU.S9825,FourHundredGigE1/0/61,575283,2286814578,568738,2201596916,2.91,2.81
2024/05/24 星期五 00:42:42.284,1716482562284,NH-DC-NM129-D04-ROCE-Leaf-6.GPU.S9825,FourHundredGigE1/0/61,0,0,0,0,0,0
2024/05/24 星期五 00:42:43.111,1716482563111,NH-DC-NM129-D04-ROCE-Leaf-6.GPU.S9825,FourHundredGigE1/0/61,360438,1442446172,247490,979888096,2.18,1.47
2024/05/24 星期五 00:42:43.755,1716482563755,NH-DC-NM129-D04-ROCE-Leaf-6.GPU.S9825,FourHundredGigE1/0/61,109557,385031566,263611,1076767594,0.74,2.08
2024/05/24 星期五 00:42:44.370,1716482564370,NH-DC-NM129-D04-ROCE-Leaf-6.GPU.S9825,FourHundredGigE1/0/61,0,0,0,0,0,0
2024/05/24 星期五 00:42:44.917,1716482564917,NH-DC-NM129-D04-ROCE-Leaf-6.GPU.S9825,FourHundredGigE1/0/61,490455,1961546090,171859,637178010,4.48,1.44
2024/05/24 星期五 00:42:46.432,1716482566432,NH-DC-NM129-D04-ROCE-Leaf-6.GPU.S9825,FourHundredGigE1/0/61,578271,2339625406,596281,2312987574,1.92,1.91
2024/05/24 星期五 00:42:47.227,1716482567227,NH-DC-NM129-D04-ROCE-Leaf-6.GPU.S9825,FourHundredGigE1/0/61,0,0,0,0,0,0
2024/05/24 星期五 00:42:47.729,1716482567729,NH-DC-NM129-D04-ROCE-Leaf-6.GPU.S9825,FourHundredGigE1/0/61,0,0,0,0,0,0
2024/05/24 星期五 00:42:48.230,1716482568230,NH-DC-NM129-D04-ROCE-Leaf-6.GPU.S9825,FourHundredGigE1/0/61,160618,616711124,217286,856568360,1.52,2.12
2024/05/24 星期五 00:42:48.772,1716482568772,NH-DC-NM129-D04-ROCE-Leaf-6.GPU.S9825,FourHundredGigE1/0/61,129401,478683445,234449,894425854,1.08,2.05
2024/05/24 星期五 00:42:49.428,1716482569428,NH-DC-NM129-D04-ROCE-Leaf-6.GPU.S9825,FourHundredGigE1/0/61,0,0,0,0,0,0
2024/05/24 星期五 00:42:50.111,1716482570111,NH-DC-NM129-D04-ROCE-Leaf-6.GPU.S9825,FourHundredGigE1/0/61,215515,822501600,408541,1598924530,1.50,2.91
2024/05/24 星期五 00:42:50.655,1716482570655,NH-DC-NM129-D04-ROCE-Leaf-6.GPU.S9825,FourHundredGigE1/0/61,0,0,0,0,0,0
2024/05/24 星期五 00:42:51.157,1716482571157,NH-DC-NM129-D04-ROCE-Leaf-6.GPU.S9825,FourHundredGigE1/0/61,234122,909532492,181506,688330468,2.24,1.69
2024/05/24 星期五 00:42:51.720,1716482571720,NH-DC-NM129-D04-ROCE-Leaf-6.GPU.S9825,FourHundredGigE1/0/61,294719,1176994178,249851,957671090,2.60,2.11
2024/05/24 星期五 00:42:52.222,1716482572222,NH-DC-NM129-D04-ROCE-Leaf-6.GPU.S9825,FourHundredGigE1/0/61,0,0,0,0,0,0
2024/05/24 星期五 00:42:52.869,1716482572869,NH-DC-NM129-D04-ROCE-Leaf-6.GPU.S9825,FourHundredGigE1/0/61,206799,801647890,186753,732311926,1.55,1.41
2024/05/24 星期五 00:42:53.648,1716482573648,NH-DC-NM129-D04-ROCE-Leaf-6.GPU.S9825,FourHundredGigE1/0/61,314885,1256252158,182096,688086220,2.01,1.09
2024/05/24 星期五 00:42:54.290,1716482574290,NH-DC-NM129-D04-ROCE-Leaf-6.GPU.S9825,FourHundredGigE1/0/61,0,0,0,0,0,0
2024/05/24 星期五 00:42:54.883,1716482574883,NH-DC-NM129-D04-ROCE-Leaf-6.GPU.S9825,FourHundredGigE1/0/61,175298,669580744,153615,591929856,1.39,1.24
2024/05/24 星期五 00:42:55.629,1716482575629,NH-DC-NM129-D04-ROCE-Leaf-6.GPU.S9825,FourHundredGigE1/0/61,221068,819009568,196531,711623236,1.36,1.19
2024/05/24 星期五 00:42:56.338,1716482576338,NH-DC-NM129-D04-ROCE-Leaf-6.GPU.S9825,FourHundredGigE1/0/61,0,0,0,0,0,0
2024/05/24 星期五 00:42:57.440,1716482577440,NH-DC-NM129-D04-ROCE-Leaf-6.GPU.S9825,FourHundredGigE1/0/61,145531,505589774,160930,616952708,0.57,0.69
2024/05/24 星期五 00:42:57.955,1716482577955,NH-DC-NM129-D04-ROCE-Leaf-6.GPU.S9825,FourHundredGigE1/0/61,250960,911535580,228002,810921308,2.21,1.97
2024/05/24 星期五 00:42:58.463,1716482578463,NH-DC-NM129-D04-ROCE-Leaf-6.GPU.S9825,FourHundredGigE1/0/61,0,0,0,0,0,0
2024/05/24 星期五 00:42:58.962,1716482578962,NH-DC-NM129-D04-ROCE-Leaf-6.GPU.S9825,FourHundredGigE1/0/61,139166,498781512,108596,398333832,1.23,0.98
2024/05/24 星期五 00:42:59.631,1716482579631,NH-DC-NM129-D04-ROCE-Leaf-6.GPU.S9825,FourHundredGigE1/0/61,163790,621857540,155592,545218940,1.16,1.01
2024/05/24 星期五 00:43:00.450,1716482580450,NH-DC-NM129-D04-ROCE-Leaf-6.GPU.S9825,FourHundredGigE1/0/61,0,0,0,0,0,0
2024/05/24 星期五 00:43:01.004,1716482581004,NH-DC-NM129-D04-ROCE-Leaf-6.GPU.S9825,FourHundredGigE1/0/61,233704,922910912,258458,1028772940,2.08,2.30
2024/05/24 星期五 00:43:01.506,1716482581506,NH-DC-NM129-D04-ROCE-Leaf-6.GPU.S9825,FourHundredGigE1/0/61,0,0,0,0,0,0
2024/05/24 星期五 00:43:02.047,1716482582047,NH-DC-NM129-D04-ROCE-Leaf-6.GPU.S9825,FourHundredGigE1/0/61,473106,1821421808,475179,1918148418,4.21,4.41
2024/05/24 星期五 00:43:03.446,1716482583446,NH-DC-NM129-D04-ROCE-Leaf-6.GPU.S9825,FourHundredGigE1/0/61,172329,636077718,244737,947288062,0.56,0.84
2024/05/24 星期五 00:43:04.769,1716482584769,NH-DC-NM129-D04-ROCE-Leaf-6.GPU.S9825,FourHundredGigE1/0/61,380949,1484204806,632262,2455383844,1.40,2.31
2024/05/24 星期五 00:43:05.271,1716482585271,NH-DC-NM129-D04-ROCE-Leaf-6.GPU.S9825,FourHundredGigE1/0/61,0,0,0,0,0,0
2024/05/24 星期五 00:43:05.863,1716482585863,NH-DC-NM129-D04-ROCE-Leaf-6.GPU.S9825,FourHundredGigE1/0/61,164662,393545248,121571,432359826,0.82,0.91
2024/05/24 星期五 00:43:06.365,1716482586365,NH-DC-NM129-D04-ROCE-Leaf-6.GPU.S9825,FourHundredGigE1/0/61,0,0,0,0,0,0
2024/05/24 星期五 00:43:06.911,1716482586911,NH-DC-NM129-D04-ROCE-Leaf-6.GPU.S9825,FourHundredGigE1/0/61,325502,1047834376,119567,421473406,2.38,0.96
2024/05/24 星期五 00:43:07.525,1716482587525,NH-DC-NM129-D04-ROCE-Leaf-6.GPU.S9825,FourHundredGigE1/0/61,0,0,0,0,0,0
2024/05/24 星期五 00:43:08.133,1716482588133,NH-DC-NM129-D04-ROCE-Leaf-6.GPU.S9825,FourHundredGigE1/0/61,126928,441276180,154113,575907128,0.90,1.17
2024/05/24 星期五 00:43:08.721,1716482588721,NH-DC-NM129-D04-ROCE-Leaf-6.GPU.S9825,FourHundredGigE1/0/61,488236,1973843804,48322,164895188,4.19,0.34
2024/05/24 星期五 00:43:09.348,1716482589348,NH-DC-NM129-D04-ROCE-Leaf-6.GPU.S9825,FourHundredGigE1/0/61,0,0,0,0,0,0
2024/05/24 星期五 00:43:09.847,1716482589847,NH-DC-NM129-D04-ROCE-Leaf-6.GPU.S9825,FourHundredGigE1/0/61,71761,268337422,137679,544821254,0.65,1.35
2024/05/24 星期五 00:43:10.463,1716482590463,NH-DC-NM129-D04-ROCE-Leaf-6.GPU.S9825,FourHundredGigE1/0/61,150652,615745636,239564,975334448,1.24,1.97
2024/05/24 星期五 00:43:11.263,1716482591263,NH-DC-NM129-D04-ROCE-Leaf-6.GPU.S9825,FourHundredGigE1/0/61,0,0,0,0,0,0
2024/05/24 星期五 00:43:11.936,1716482591936,NH-DC-NM129-D04-ROCE-Leaf-6.GPU.S9825,FourHundredGigE1/0/61,667283,2678673474,243057,975402126,4.96,1.80
2024/05/24 星期五 00:43:12.437,1716482592437,NH-DC-NM129-D04-ROCE-Leaf-6.GPU.S9825,FourHundredGigE1/0/61,0,0,0,0,0,0
2024/05/24 星期五 00:43:13.494,1716482593494,NH-DC-NM129-D04-ROCE-Leaf-6.GPU.S9825,FourHundredGigE1/0/61,60353,227766122,271507,1029017426,0.26,1.21
2024/05/24 星期五 00:43:13.993,1716482593993,NH-DC-NM129-D04-ROCE-Leaf-6.GPU.S9825,FourHundredGigE1/0/61,139358,528111060,236029,946666182,1.30,2.35
2024/05/24 星期五 00:43:14.636,1716482594636,NH-DC-NM129-D04-ROCE-Leaf-6.GPU.S9825,FourHundredGigE1/0/61,102594,386313848,228215,868137758,0.74,1.67
2024/05/24 星期五 00:43:15.355,1716482595355,NH-DC-NM129-D04-ROCE-Leaf-6.GPU.S9825,FourHundredGigE1/0/61,0,0,0,0,0,0
2024/05/24 星期五 00:43:15.857,1716482595857,NH-DC-NM129-D04-ROCE-Leaf-6.GPU.S9825,FourHundredGigE1/0/61,422951,1730900236,284552,1144927948,4.31,2.84
2024/05/24 星期五 00:43:16.402,1716482596402,NH-DC-NM129-D04-ROCE-Leaf-6.GPU.S9825,FourHundredGigE1/0/61,0,0,0,0,0,0
2024/05/24 星期五 00:43:16.933,1716482596933,NH-DC-NM129-D04-ROCE-Leaf-6.GPU.S9825,FourHundredGigE1/0/61,188923,754953120,254771,1033443318,1.77,2.42
2024/05/24 星期五 00:43:17.433,1716482597433,NH-DC-NM129-D04-ROCE-Leaf-6.GPU.S9825,FourHundredGigE1/0/61,0,0,0,0,0,0
2024/05/24 星期五 00:43:17.954,1716482597954,NH-DC-NM129-D04-ROCE-Leaf-6.GPU.S9825,FourHundredGigE1/0/61,242246,877401940,277158,1058671166,2.09,2.52
2024/05/24 星期五 00:43:18.668,1716482598668,NH-DC-NM129-D04-ROCE-Leaf-6.GPU.S9825,FourHundredGigE1/0/61,0,0,0,0,0,0
2024/05/24 星期五 00:43:19.165,1716482599165,NH-DC-NM129-D04-ROCE-Leaf-6.GPU.S9825,FourHundredGigE1/0/61,80281,296090634,211886,838484754,0.73,2.09
2024/05/24 星期五 00:43:19.757,1716482599757,NH-DC-NM129-D04-ROCE-Leaf-6.GPU.S9825,FourHundredGigE1/0/61,234844,912457196,541347,2087913586,1.92,4.39
2024/05/24 星期五 00:43:20.284,1716482600284,NH-DC-NM129-D04-ROCE-Leaf-6.GPU.S9825,FourHundredGigE1/0/61,0,0,0,0,0,0
2024/05/24 星期五 00:43:20.787,1716482600787,NH-DC-NM129-D04-ROCE-Leaf-6.GPU.S9825,FourHundredGigE1/0/61,187866,698515584,243471,699261534,1.71,1.71
2024/05/24 星期五 00:43:21.330,1716482601330,NH-DC-NM129-D04-ROCE-Leaf-6.GPU.S9825,FourHundredGigE1/0/61,0,0,0,0,0,0
2024/05/24 星期五 00:43:22.067,1716482602067,NH-DC-NM129-D04-ROCE-Leaf-6.GPU.S9825,FourHundredGigE1/0/61,77675,279547618,152556,579511440,0.46,0.97
2024/05/24 星期五 00:43:22.579,1716482602579,NH-DC-NM129-D04-ROCE-Leaf-6.GPU.S9825,FourHundredGigE1/0/61,0,0,0,0,0,0
2024/05/24 星期五 00:43:23.082,1716482603082,NH-DC-NM129-D04-ROCE-Leaf-6.GPU.S9825,FourHundredGigE1/0/61,138075,510054830,311888,1182908576,1.27,2.93
2024/05/24 星期五 00:43:23.614,1716482603614,NH-DC-NM129-D04-ROCE-Leaf-6.GPU.S9825,FourHundredGigE1/0/61,132218,484687856,273524,1084151648,1.13,2.54
2024/05/24 星期五 00:43:24.303,1716482604303,NH-DC-NM129-D04-ROCE-Leaf-6.GPU.S9825,FourHundredGigE1/0/61,0,0,0,0,0,0
2024/05/24 星期五 00:43:24.941,1716482604941,NH-DC-NM129-D04-ROCE-Leaf-6.GPU.S9825,FourHundredGigE1/0/61,216655,842771688,140938,542928312,1.65,1.06
2024/05/24 星期五 00:43:25.551,1716482605551,NH-DC-NM129-D04-ROCE-Leaf-6.GPU.S9825,FourHundredGigE1/0/61,0,0,0,0,0,0
2024/05/24 星期五 00:43:26.049,1716482606049,NH-DC-NM129-D04-ROCE-Leaf-6.GPU.S9825,FourHundredGigE1/0/61,238031,955863106,136656,422018672,2.38,1.05
2024/05/24 星期五 00:43:26.618,1716482606618,NH-DC-NM129-D04-ROCE-Leaf-6.GPU.S9825,FourHundredGigE1/0/61,0,0,0,0,0,0
2024/05/24 星期五 00:43:27.117,1716482607117,NH-DC-NM129-D04-ROCE-Leaf-6.GPU.S9825,FourHundredGigE1/0/61,351093,1381116080,251636,738672396,3.46,1.83
2024/05/24 星期五 00:43:27.669,1716482607669,NH-DC-NM129-D04-ROCE-Leaf-6.GPU.S9825,FourHundredGigE1/0/61,125931,437527698,315697,1024416462,0.97,2.31
2024/05/24 星期五 00:43:28.215,1716482608215,NH-DC-NM129-D04-ROCE-Leaf-6.GPU.S9825,FourHundredGigE1/0/61,0,0,0,0,0,0
2024/05/24 星期五 00:43:28.838,1716482608838,NH-DC-NM129-D04-ROCE-Leaf-6.GPU.S9825,FourHundredGigE1/0/61,326819,1330753446,93089,274298318,2.67,0.54
2024/05/24 星期五 00:43:29.337,1716482609337,NH-DC-NM129-D04-ROCE-Leaf-6.GPU.S9825,FourHundredGigE1/0/61,0,0,0,0,0,0
2024/05/24 星期五 00:43:29.916,1716482609916,NH-DC-NM129-D04-ROCE-Leaf-6.GPU.S9825,FourHundredGigE1/0/61,121462,457320812,205711,791310720,0.97,1.71
2024/05/24 星期五 00:43:30.421,1716482610421,NH-DC-NM129-D04-ROCE-Leaf-6.GPU.S9825,FourHundredGigE1/0/61,0,0,0,0,0,0
2024/05/24 星期五 00:43:30.935,1716482610935,NH-DC-NM129-D04-ROCE-Leaf-6.GPU.S9825,FourHundredGigE1/0/61,274044,1106773500,349581,1336411120,2.68,3.23
2024/05/24 星期五 00:43:31.511,1716482611511,NH-DC-NM129-D04-ROCE-Leaf-6.GPU.S9825,FourHundredGigE1/0/61,383754,1540221896,153299,576775998,3.34,1.24
2024/05/24 星期五 00:43:32.179,1716482612179,NH-DC-NM129-D04-ROCE-Leaf-6.GPU.S9825,FourHundredGigE1/0/61,0,0,0,0,0,0
2024/05/24 星期五 00:43:32.770,1716482612770,NH-DC-NM129-D04-ROCE-Leaf-6.GPU.S9825,FourHundredGigE1/0/61,380517,1539441110,140510,546877092,3.24,1.14
2024/05/24 星期五 00:43:33.279,1716482613279,NH-DC-NM129-D04-ROCE-Leaf-6.GPU.S9825,FourHundredGigE1/0/61,0,0,0,0,0,0
2024/05/24 星期五 00:43:33.782,1716482613782,NH-DC-NM129-D04-ROCE-Leaf-6.GPU.S9825,FourHundredGigE1/0/61,151745,556386950,292946,1195401052,1.37,2.96
2024/05/24 星期五 00:43:34.458,1716482614458,NH-DC-NM129-D04-ROCE-Leaf-6.GPU.S9825,FourHundredGigE1/0/61,0,0,0,0,0,0
2024/05/24 星期五 00:43:34.959,1716482614959,NH-DC-NM129-D04-ROCE-Leaf-6.GPU.S9825,FourHundredGigE1/0/61,935189,3830064454,219830,883132511,9.56,2.20
2024/05/24 星期五 00:43:35.590,1716482615590,NH-DC-NM129-D04-ROCE-Leaf-6.GPU.S9825,FourHundredGigE1/0/61,218991,840741846,208542,792576140,1.66,1.56
2024/05/24 星期五 00:43:36.128,1716482616128,NH-DC-NM129-D04-ROCE-Leaf-6.GPU.S9825,FourHundredGigE1/0/61,0,0,0,0,0,0
2024/05/24 星期五 00:43:36.665,1716482616665,NH-DC-NM129-D04-ROCE-Leaf-6.GPU.S9825,FourHundredGigE1/0/61,0,0,0,0,0,0
2024/05/24 星期五 00:43:37.166,1716482617166,NH-DC-NM129-D04-ROCE-Leaf-6.GPU.S9825,FourHundredGigE1/0/61,201426,789810680,151491,563477970,1.95,1.40
2024/05/24 星期五 00:43:37.817,1716482617817,NH-DC-NM129-D04-ROCE-Leaf-6.GPU.S9825,FourHundredGigE1/0/61,449976,1709458715,184790,707025312,3.26,1.34
2024/05/24 星期五 00:43:38.318,1716482618318,NH-DC-NM129-D04-ROCE-Leaf-6.GPU.S9825,FourHundredGigE1/0/61,0,0,0,0,0,0
2024/05/24 星期五 00:43:38.951,1716482618951,NH-DC-NM129-D04-ROCE-Leaf-6.GPU.S9825,FourHundredGigE1/0/61,230386,867244188,179298,686280378,1.70,1.34
2024/05/24 星期五 00:43:39.533,1716482619533,NH-DC-NM129-D04-ROCE-Leaf-6.GPU.S9825,FourHundredGigE1/0/61,0,0,0,0,0,0
2024/05/24 星期五 00:43:40.034,1716482620034,NH-DC-NM129-D04-ROCE-Leaf-6.GPU.S9825,FourHundredGigE1/0/61,152234,587998296,328171,1266468052,1.45,3.14
2024/05/24 星期五 00:43:40.534,1716482620534,NH-DC-NM129-D04-ROCE-Leaf-6.GPU.S9825,FourHundredGigE1/0/61,0,0,0,0,0,0
2024/05/24 星期五 00:43:41.093,1716482621093,NH-DC-NM129-D04-ROCE-Leaf-6.GPU.S9825,FourHundredGigE1/0/61,149469,570656574,109672,391024580,1.27,0.87
2024/05/24 星期五 00:43:41.759,1716482621759,NH-DC-NM129-D04-ROCE-Leaf-6.GPU.S9825,FourHundredGigE1/0/61,274936,1087439616,85018,245027872,2.03,0.45
2024/05/24 星期五 00:43:42.712,1716482622712,NH-DC-NM129-D04-ROCE-Leaf-6.GPU.S9825,FourHundredGigE1/0/61,228501,867826294,272805,1058547038,1.13,1.38
2024/05/24 星期五 00:43:43.280,1716482623280,NH-DC-NM129-D04-ROCE-Leaf-6.GPU.S9825,FourHundredGigE1/0/61,0,0,0,0,0,0
2024/05/24 星期五 00:43:43.783,1716482623783,NH-DC-NM129-D04-ROCE-Leaf-6.GPU.S9825,FourHundredGigE1/0/61,229066,869266160,186272,736565704,2.14,1.81
2024/05/24 星期五 00:43:44.703,1716482624703,NH-DC-NM129-D04-ROCE-Leaf-6.GPU.S9825,FourHundredGigE1/0/61,381702,1552898250,315031,1248813342,2.11,1.68
2024/05/24 星期五 00:43:45.219,1716482625219,NH-DC-NM129-D04-ROCE-Leaf-6.GPU.S9825,FourHundredGigE1/0/61,0,0,0,0,0,0
2024/05/24 星期五 00:43:45.904,1716482625904,NH-DC-NM129-D04-ROCE-Leaf-6.GPU.S9825,FourHundredGigE1/0/61,159523,569572386,187810,689899052,1.02,1.24
2024/05/24 星期五 00:43:46.650,1716482626650,NH-DC-NM129-D04-ROCE-Leaf-6.GPU.S9825,FourHundredGigE1/0/61,105805,347271660,263739,1033477044,0.57,1.73
2024/05/24 星期五 00:43:47.182,1716482627182,NH-DC-NM129-D04-ROCE-Leaf-6.GPU.S9825,FourHundredGigE1/0/61,0,0,0,0,0,0
2024/05/24 星期五 00:43:47.768,1716482627768,NH-DC-NM129-D04-ROCE-Leaf-6.GPU.S9825,FourHundredGigE1/0/61,126363,452819798,119040,427576046,0.96,0.90
2024/05/24 星期五 00:43:48.376,1716482628376,NH-DC-NM129-D04-ROCE-Leaf-6.GPU.S9825,FourHundredGigE1/0/61,0,0,0,0,0,0
2024/05/24 星期五 00:43:48.879,1716482628879,NH-DC-NM129-D04-ROCE-Leaf-6.GPU.S9825,FourHundredGigE1/0/61,325347,1297233306,121525,418468194,3.21,1.02
2024/05/24 星期五 00:43:49.512,1716482629512,NH-DC-NM129-D04-ROCE-Leaf-6.GPU.S9825,FourHundredGigE1/0/61,0,0,0,0,0,0
2024/05/24 星期五 00:43:50.079,1716482630079,NH-DC-NM129-D04-ROCE-Leaf-6.GPU.S9825,FourHundredGigE1/0/61,113654,434971232,119456,452038728,0.95,0.99
2024/05/24 星期五 00:43:50.582,1716482630582,NH-DC-NM129-D04-ROCE-Leaf-6.GPU.S9825,FourHundredGigE1/0/61,0,0,0,0,0,0
2024/05/24 星期五 00:43:51.082,1716482631082,NH-DC-NM129-D04-ROCE-Leaf-6.GPU.S9825,FourHundredGigE1/0/61,85266,324284108,254219,1043553046,0.8,2.6
2024/05/24 星期五 00:43:51.796,1716482631796,NH-DC-NM129-D04-ROCE-Leaf-6.GPU.S9825,FourHundredGigE1/0/61,58332,213550504,163695,617275730,0.37,1.07
2024/05/24 星期五 00:43:52.381,1716482632381,NH-DC-NM129-D04-ROCE-Leaf-6.GPU.S9825,FourHundredGigE1/0/61,0,0,0,0,0,0
2024/05/24 星期五 00:43:53.006,1716482633006,NH-DC-NM129-D04-ROCE-Leaf-6.GPU.S9825,FourHundredGigE1/0/61,177954,671204540,70782,218305012,1.34,0.42
2024/05/24 星期五 00:43:53.681,1716482633681,NH-DC-NM129-D04-ROCE-Leaf-6.GPU.S9825,FourHundredGigE1/0/61,132556,467261992,151708,584406996,0.85,1.07
2024/05/24 星期五 00:43:54.218,1716482634218,NH-DC-NM129-D04-ROCE-Leaf-6.GPU.S9825,FourHundredGigE1/0/61,0,0,0,0,0,0
2024/05/24 星期五 00:43:54.906,1716482634906,NH-DC-NM129-D04-ROCE-Leaf-6.GPU.S9825,FourHundredGigE1/0/61,85961,333229214,163191,625109134,0.60,1.13
2024/05/24 星期五 00:43:55.839,1716482635839,NH-DC-NM129-D04-ROCE-Leaf-6.GPU.S9825,FourHundredGigE1/0/61,1318060,5389786294,188409,750146838,7.21,1.00
2024/05/24 星期五 00:43:56.351,1716482636351,NH-DC-NM129-D04-ROCE-Leaf-6.GPU.S9825,FourHundredGigE1/0/61,0,0,0,0,0,0
2024/05/24 星期五 00:43:56.927,1716482636927,NH-DC-NM129-D04-ROCE-Leaf-6.GPU.S9825,FourHundredGigE1/0/61,2413892,9872481358,149727,601075896,21.42,1.30
2024/05/24 星期五 00:43:57.478,1716482637478,NH-DC-NM129-D04-ROCE-Leaf-6.GPU.S9825,FourHundredGigE1/0/61,0,0,0,0,0,0
2024/05/24 星期五 00:43:57.978,1716482637978,NH-DC-NM129-D04-ROCE-Leaf-6.GPU.S9825,FourHundredGigE1/0/61,1538081,6294648416,124100,422902938,15.72,1.05
2024/05/24 星期五 00:43:59.180,1716482639180,NH-DC-NM129-D04-ROCE-Leaf-6.GPU.S9825,FourHundredGigE1/0/61,500763,1936030234,183837,684194642,2.01,0.71
2024/05/24 星期五 00:43:59.691,1716482639691,NH-DC-NM129-D04-ROCE-Leaf-6.GPU.S9825,FourHundredGigE1/0/61,0,0,0,0,0,0
2024/05/24 星期五 00:44:00.678,1716482640678,NH-DC-NM129-D04-ROCE-Leaf-6.GPU.S9825,FourHundredGigE1/0/61,232801,939704120,527674,2004142024,1.18,2.53
2024/05/24 星期五 00:44:01.178,1716482641178,NH-DC-NM129-D04-ROCE-Leaf-6.GPU.S9825,FourHundredGigE1/0/61,0,0,0,0,0,0
2024/05/24 星期五 00:44:01.724,1716482641724,NH-DC-NM129-D04-ROCE-Leaf-6.GPU.S9825,FourHundredGigE1/0/61,98905,365038950,127315,503990438,0.82,1.14
2024/05/24 星期五 00:44:02.719,1716482642719,NH-DC-NM129-D04-ROCE-Leaf-6.GPU.S9825,FourHundredGigE1/0/61,391684,1331908956,417998,1619581776,1.67,2.02
2024/05/24 星期五 00:44:04.569,1716482644569,NH-DC-NM129-D04-ROCE-Leaf-6.GPU.S9825,FourHundredGigE1/0/61,0,0,0,0,0,0
2024/05/24 星期五 00:44:05.099,1716482645099,NH-DC-NM129-D04-ROCE-Leaf-6.GPU.S9825,FourHundredGigE1/0/61,266946,1037641888,334914,1326928488,2.43,3.11
2024/05/24 星期五 00:44:05.847,1716482645847,NH-DC-NM129-D04-ROCE-Leaf-6.GPU.S9825,FourHundredGigE1/0/61,225290,813908604,391090,1540041380,1.35,2.57
2024/05/24 星期五 00:44:06.359,1716482646359,NH-DC-NM129-D04-ROCE-Leaf-6.GPU.S9825,FourHundredGigE1/0/61,0,0,0,0,0,0
2024/05/24 星期五 00:44:06.986,1716482646986,NH-DC-NM129-D04-ROCE-Leaf-6.GPU.S9825,FourHundredGigE1/0/61,313360,1211425688,513989,2039719514,2.41,4.05
2024/05/24 星期五 00:44:07.644,1716482647644,NH-DC-NM129-D04-ROCE-Leaf-6.GPU.S9825,FourHundredGigE1/0/61,0,0,0,0,0,0
2024/05/24 星期五 00:44:08.146,1716482648146,NH-DC-NM129-D04-ROCE-Leaf-6.GPU.S9825,FourHundredGigE1/0/61,290530,1123376115,188818,648564104,2.79,1.59
2024/05/24 星期五 00:44:08.646,1716482648646,NH-DC-NM129-D04-ROCE-Leaf-6.GPU.S9825,FourHundredGigE1/0/61,0,0,0,0,0,0
2024/05/24 星期五 00:44:09.150,1716482649150,NH-DC-NM129-D04-ROCE-Leaf-6.GPU.S9825,FourHundredGigE1/0/61,198917,777751620,259236,926058836,1.91,2.28
2024/05/24 星期五 00:44:09.775,1716482649775,NH-DC-NM129-D04-ROCE-Leaf-6.GPU.S9825,FourHundredGigE1/0/61,275678,1034639246,180038,643866188,2.06,1.28
2024/05/24 星期五 00:44:10.409,1716482650409,NH-DC-NM129-D04-ROCE-Leaf-6.GPU.S9825,FourHundredGigE1/0/61,0,0,0,0,0,0
2024/05/24 星期五 00:44:11.101,1716482651101,NH-DC-NM129-D04-ROCE-Leaf-6.GPU.S9825,FourHundredGigE1/0/61,187829,732302764,212159,775105342,1.32,1.39
2024/05/24 星期五 00:44:12.222,1716482652222,NH-DC-NM129-D04-ROCE-Leaf-6.GPU.S9825,FourHundredGigE1/0/61,168080,658927342,323014,1263013796,0.72,1.40
2024/05/24 星期五 00:44:12.782,1716482652782,NH-DC-NM129-D04-ROCE-Leaf-6.GPU.S9825,FourHundredGigE1/0/61,211215,806109414,271282,1002706488,1.79,2.23
2024/05/24 星期五 00:44:13.285,1716482653285,NH-DC-NM129-D04-ROCE-Leaf-6.GPU.S9825,FourHundredGigE1/0/61,0,0,0,0,0,0
2024/05/24 星期五 00:44:14.055,1716482654055,NH-DC-NM129-D04-ROCE-Leaf-6.GPU.S9825,FourHundredGigE1/0/61,476925,1816057208,384713,1447120742,2.94,2.34
2024/05/24 星期五 00:44:14.706,1716482654706,NH-DC-NM129-D04-ROCE-Leaf-6.GPU.S9825,FourHundredGigE1/0/61,0,0,0,0,0,0
2024/05/24 星期五 00:44:15.209,1716482655209,NH-DC-NM129-D04-ROCE-Leaf-6.GPU.S9825,FourHundredGigE1/0/61,181449,643827004,325234,1313974796,1.59,3.26
2024/05/24 星期五 00:44:15.710,1716482655710,NH-DC-NM129-D04-ROCE-Leaf-6.GPU.S9825,FourHundredGigE1/0/61,138918,524969120,268073,1046846034,1.30,2.59
2024/05/24 星期五 00:44:16.232,1716482656232,NH-DC-NM129-D04-ROCE-Leaf-6.GPU.S9825,FourHundredGigE1/0/61,0,0,0,0,0,0
2024/05/24 星期五 00:44:16.834,1716482656834,NH-DC-NM129-D04-ROCE-Leaf-6.GPU.S9825,FourHundredGigE1/0/61,112709,414724580,259265,983028842,0.85,2.03
2024/05/24 星期五 00:44:17.411,1716482657411,NH-DC-NM129-D04-ROCE-Leaf-6.GPU.S9825,FourHundredGigE1/0/61,0,0,0,0,0,0
2024/05/24 星期五 00:44:17.988,1716482657988,NH-DC-NM129-D04-ROCE-Leaf-6.GPU.S9825,FourHundredGigE1/0/61,494870,1968936154,173041,626820410,4.25,1.34
2024/05/24 星期五 00:44:18.491,1716482658491,NH-DC-NM129-D04-ROCE-Leaf-6.GPU.S9825,FourHundredGigE1/0/61,0,0,0,0,0,0
2024/05/24 星期五 00:44:18.991,1716482658991,NH-DC-NM129-D04-ROCE-Leaf-6.GPU.S9825,FourHundredGigE1/0/61,114373,423424274,191451,727910858,1.05,1.8
2024/05/24 星期五 00:44:19.588,1716482659588,NH-DC-NM129-D04-ROCE-Leaf-6.GPU.S9825,FourHundredGigE1/0/61,258130,962464628,127163,427722526,2.01,0.88
2024/05/24 星期五 00:44:20.214,1716482660214,NH-DC-NM129-D04-ROCE-Leaf-6.GPU.S9825,FourHundredGigE1/0/61,0,0,0,0,0,0
2024/05/24 星期五 00:44:20.904,1716482660904,NH-DC-NM129-D04-ROCE-Leaf-6.GPU.S9825,FourHundredGigE1/0/61,108043,408764898,205219,792580994,0.72,1.43
2024/05/24 星期五 00:44:21.501,1716482661501,NH-DC-NM129-D04-ROCE-Leaf-6.GPU.S9825,FourHundredGigE1/0/61,0,0,0,0,0,0
2024/05/24 星期五 00:44:22.002,1716482662002,NH-DC-NM129-D04-ROCE-Leaf-6.GPU.S9825,FourHundredGigE1/0/61,226381,894371334,282077,1105604370,2.22,2.74
2024/05/24 星期五 00:44:22.509,1716482662509,NH-DC-NM129-D04-ROCE-Leaf-6.GPU.S9825,FourHundredGigE1/0/61,0,0,0,0,0,0
2024/05/24 星期五 00:44:23.014,1716482663014,NH-DC-NM129-D04-ROCE-Leaf-6.GPU.S9825,FourHundredGigE1/0/61,86911,339952666,114299,429519594,0.82,1.04
2024/05/24 星期五 00:44:23.645,1716482663645,NH-DC-NM129-D04-ROCE-Leaf-6.GPU.S9825,FourHundredGigE1/0/61,82693,264993154,77617,268416768,0.52,0.52
2024/05/24 星期五 00:44:24.471,1716482664471,NH-DC-NM129-D04-ROCE-Leaf-6.GPU.S9825,FourHundredGigE1/0/61,0,0,0,0,0,0
2024/05/24 星期五 00:44:25.056,1716482665056,NH-DC-NM129-D04-ROCE-Leaf-6.GPU.S9825,FourHundredGigE1/0/61,152740,420587040,470740,1813105646,0.90,3.87
2024/05/24 星期五 00:44:26.272,1716482666272,NH-DC-NM129-D04-ROCE-Leaf-6.GPU.S9825,FourHundredGigE1/0/61,87168,263931544,176236,675764368,0.27,0.69
2024/05/24 星期五 00:44:27.776,1716482667776,NH-DC-NM129-D04-ROCE-Leaf-6.GPU.S9825,FourHundredGigE1/0/61,270491,1005384274,314848,1115179444,0.83,0.92
2024/05/24 星期五 00:44:28.323,1716482668323,NH-DC-NM129-D04-ROCE-Leaf-6.GPU.S9825,FourHundredGigE1/0/61,0,0,0,0,0,0
2024/05/24 星期五 00:44:28.833,1716482668833,NH-DC-NM129-D04-ROCE-Leaf-6.GPU.S9825,FourHundredGigE1/0/61,344867,1353279276,289648,882064696,3.31,2.16
2024/05/24 星期五 00:44:29.381,1716482669381,NH-DC-NM129-D04-ROCE-Leaf-6.GPU.S9825,FourHundredGigE1/0/61,0,0,0,0,0,0
2024/05/24 星期五 00:44:30.024,1716482670024,NH-DC-NM129-D04-ROCE-Leaf-6.GPU.S9825,FourHundredGigE1/0/61,162060,619086970,182238,580708320,1.19,1.13
2024/05/24 星期五 00:44:30.793,1716482670793,NH-DC-NM129-D04-ROCE-Leaf-6.GPU.S9825,FourHundredGigE1/0/61,144082,525948128,372591,1450325898,0.85,2.36
2024/05/24 星期五 00:44:31.402,1716482671402,NH-DC-NM129-D04-ROCE-Leaf-6.GPU.S9825,FourHundredGigE1/0/61,0,0,0,0,0,0
2024/05/24 星期五 00:44:31.903,1716482671903,NH-DC-NM129-D04-ROCE-Leaf-6.GPU.S9825,FourHundredGigE1/0/61,394833,1478731378,314690,1225361744,3.67,3.04
2024/05/24 星期五 00:44:32.406,1716482672406,NH-DC-NM129-D04-ROCE-Leaf-6.GPU.S9825,FourHundredGigE1/0/61,0,0,0,0,0,0
2024/05/24 星期五 00:44:32.906,1716482672906,NH-DC-NM129-D04-ROCE-Leaf-6.GPU.S9825,FourHundredGigE1/0/61,286900,943388428,680572,2706290368,2.35,6.75
2024/05/24 星期五 00:44:33.426,1716482673426,NH-DC-NM129-D04-ROCE-Leaf-6.GPU.S9825,FourHundredGigE1/0/61,148465,545427162,297039,1173055450,1.30,2.81
2024/05/24 星期五 00:44:34.327,1716482674327,NH-DC-NM129-D04-ROCE-Leaf-6.GPU.S9825,FourHundredGigE1/0/61,0,0,0,0,0,0
2024/05/24 星期五 00:44:34.960,1716482674960,NH-DC-NM129-D04-ROCE-Leaf-6.GPU.S9825,FourHundredGigE1/0/61,131855,487896004,272601,959385486,0.95,1.88
2024/05/24 星期五 00:44:35.461,1716482675461,NH-DC-NM129-D04-ROCE-Leaf-6.GPU.S9825,FourHundredGigE1/0/61,0,0,0,0,0,0
2024/05/24 星期五 00:44:35.962,1716482675962,NH-DC-NM129-D04-ROCE-Leaf-6.GPU.S9825,FourHundredGigE1/0/61,350309,1360899528,181013,619731582,3.39,1.52
2024/05/24 星期五 00:44:36.536,1716482676536,NH-DC-NM129-D04-ROCE-Leaf-6.GPU.S9825,FourHundredGigE1/0/61,0,0,0,0,0,0
2024/05/24 星期五 00:44:37.039,1716482677039,NH-DC-NM129-D04-ROCE-Leaf-6.GPU.S9825,FourHundredGigE1/0/61,353610,1334341876,334040,1234509224,3.31,3.06
2024/05/24 星期五 00:44:37.803,1716482677803,NH-DC-NM129-D04-ROCE-Leaf-6.GPU.S9825,FourHundredGigE1/0/61,303361,1114307369,553091,2205498222,1.82,3.60
2024/05/24 星期五 00:44:38.387,1716482678387,NH-DC-NM129-D04-ROCE-Leaf-6.GPU.S9825,FourHundredGigE1/0/61,0,0,0,0,0,0
2024/05/24 星期五 00:44:38.889,1716482678889,NH-DC-NM129-D04-ROCE-Leaf-6.GPU.S9825,FourHundredGigE1/0/61,448087,1730674046,203703,798891346,4.31,1.97
2024/05/24 星期五 00:44:39.391,1716482679391,NH-DC-NM129-D04-ROCE-Leaf-6.GPU.S9825,FourHundredGigE1/0/61,0,0,0,0,0,0
2024/05/24 星期五 00:44:39.961,1716482679961,NH-DC-NM129-D04-ROCE-Leaf-6.GPU.S9825,FourHundredGigE1/0/61,393311,1441165086,383520,1571170116,3.16,3.44
2024/05/24 星期五 00:44:40.545,1716482680545,NH-DC-NM129-D04-ROCE-Leaf-6.GPU.S9825,FourHundredGigE1/0/61,61892,241766136,143185,551762558,0.51,1.18
2024/05/24 星期五 00:44:41.287,1716482681287,NH-DC-NM129-D04-ROCE-Leaf-6.GPU.S9825,FourHundredGigE1/0/61,0,0,0,0,0,0
2024/05/24 星期五 00:44:42.053,1716482682053,NH-DC-NM129-D04-ROCE-Leaf-6.GPU.S9825,FourHundredGigE1/0/61,265901,1034975362,195548,759920712,1.68,1.22
2024/05/24 星期五 00:44:42.561,1716482682561,NH-DC-NM129-D04-ROCE-Leaf-6.GPU.S9825,FourHundredGigE1/0/61,0,0,0,0,0,0
2024/05/24 星期五 00:44:43.132,1716482683132,NH-DC-NM129-D04-ROCE-Leaf-6.GPU.S9825,FourHundredGigE1/0/61,136652,503429432,111684,429668268,1.09,0.92
2024/05/24 星期五 00:44:43.755,1716482683755,NH-DC-NM129-D04-ROCE-Leaf-6.GPU.S9825,FourHundredGigE1/0/61,562383,2270648146,378524,1534983652,4.55,3.07
2024/05/24 星期五 00:44:44.627,1716482684627,NH-DC-NM129-D04-ROCE-Leaf-6.GPU.S9825,FourHundredGigE1/0/61,113543,409930226,156529,573097418,0.57,0.82
2024/05/24 星期五 00:44:45.236,1716482685236,NH-DC-NM129-D04-ROCE-Leaf-6.GPU.S9825,FourHundredGigE1/0/61,0,0,0,0,0,0
2024/05/24 星期五 00:44:45.737,1716482685737,NH-DC-NM129-D04-ROCE-Leaf-6.GPU.S9825,FourHundredGigE1/0/61,36445,126541378,85707,329412494,0.30,0.80
2024/05/24 星期五 00:44:46.241,1716482686241,NH-DC-NM129-D04-ROCE-Leaf-6.GPU.S9825,FourHundredGigE1/0/61,0,0,0,0,0,0
2024/05/24 星期五 00:44:47.094,1716482687094,NH-DC-NM129-D04-ROCE-Leaf-6.GPU.S9825,FourHundredGigE1/0/61,325247,1187815842,248050,904617632,1.73,1.32
2024/05/24 星期五 00:44:47.754,1716482687754,NH-DC-NM129-D04-ROCE-Leaf-6.GPU.S9825,FourHundredGigE1/0/61,212856,724430116,316974,1140625552,1.36,2.16
2024/05/24 星期五 00:44:48.407,1716482688407,NH-DC-NM129-D04-ROCE-Leaf-6.GPU.S9825,FourHundredGigE1/0/61,0,0,0,0,0,0
2024/05/24 星期五 00:44:48.924,1716482688924,NH-DC-NM129-D04-ROCE-Leaf-6.GPU.S9825,FourHundredGigE1/0/61,191979,779380758,71736,251348100,1.86,0.60
2024/05/24 星期五 00:44:49.425,1716482689425,NH-DC-NM129-D04-ROCE-Leaf-6.GPU.S9825,FourHundredGigE1/0/61,0,0,0,0,0,0
2024/05/24 星期五 00:44:49.926,1716482689926,NH-DC-NM129-D04-ROCE-Leaf-6.GPU.S9825,FourHundredGigE1/0/61,163817,650031350,168991,591690504,1.62,1.47
2024/05/24 星期五 00:44:50.514,1716482690514,NH-DC-NM129-D04-ROCE-Leaf-6.GPU.S9825,FourHundredGigE1/0/61,333672,1365673364,429992,1716578718,2.89,3.64
2024/05/24 星期五 00:44:51.141,1716482691141,NH-DC-NM129-D04-ROCE-Leaf-6.GPU.S9825,FourHundredGigE1/0/61,0,0,0,0,0,0
2024/05/24 星期五 00:44:51.816,1716482691816,NH-DC-NM129-D04-ROCE-Leaf-6.GPU.S9825,FourHundredGigE1/0/61,137279,507189842,170254,677788394,0.93,1.24
2024/05/24 星期五 00:44:52.353,1716482692353,NH-DC-NM129-D04-ROCE-Leaf-6.GPU.S9825,FourHundredGigE1/0/61,0,0,0,0,0,0
2024/05/24 星期五 00:44:52.855,1716482692855,NH-DC-NM129-D04-ROCE-Leaf-6.GPU.S9825,FourHundredGigE1/0/61,212616,749363602,294790,1121094350,1.84,2.79
2024/05/24 星期五 00:44:53.543,1716482693543,NH-DC-NM129-D04-ROCE-Leaf-6.GPU.S9825,FourHundredGigE1/0/61,158518,575864258,116190,405554064,1.04,0.73
2024/05/24 星期五 00:44:55.402,1716482695402,NH-DC-NM129-D04-ROCE-Leaf-6.GPU.S9825,FourHundredGigE1/0/61,155586,574483616,547007,2179016230,0.38,1.46
2024/05/24 星期五 00:44:55.986,1716482695986,NH-DC-NM129-D04-ROCE-Leaf-6.GPU.S9825,FourHundredGigE1/0/61,119441,444249758,127725,471976178,0.94,1.01
2024/05/24 星期五 00:44:56.486,1716482696486,NH-DC-NM129-D04-ROCE-Leaf-6.GPU.S9825,FourHundredGigE1/0/61,0,0,0,0,0,0
2024/05/24 星期五 00:44:57.048,1716482697048,NH-DC-NM129-D04-ROCE-Leaf-6.GPU.S9825,FourHundredGigE1/0/61,275942,1056207864,464706,1871662612,2.34,4.16
2024/05/24 星期五 00:44:57.671,1716482697671,NH-DC-NM129-D04-ROCE-Leaf-6.GPU.S9825,FourHundredGigE1/0/61,184396,685654440,601523,2354545648,1.36,4.72
2024/05/24 星期五 00:44:58.418,1716482698418,NH-DC-NM129-D04-ROCE-Leaf-6.GPU.S9825,FourHundredGigE1/0/61,0,0,0,0,0,0
2024/05/24 星期五 00:44:58.997,1716482698997,NH-DC-NM129-D04-ROCE-Leaf-6.GPU.S9825,FourHundredGigE1/0/61,121108,412147040,533752,2094109904,0.89,4.51
2024/05/24 星期五 00:44:59.527,1716482699527,NH-DC-NM129-D04-ROCE-Leaf-6.GPU.S9825,FourHundredGigE1/0/61,0,0,0,0,0,0
2024/05/24 星期五 00:45:00.036,1716482700036,NH-DC-NM129-D04-ROCE-Leaf-6.GPU.S9825,FourHundredGigE1/0/61,135297,505551810,421434,1657177846,1.23,4.05
2024/05/24 星期五 00:45:00.616,1716482700616,NH-DC-NM129-D04-ROCE-Leaf-6.GPU.S9825,FourHundredGigE1/0/61,0,0,0,0,0,0
2024/05/24 星期五 00:45:01.120,1716482701120,NH-DC-NM129-D04-ROCE-Leaf-6.GPU.S9825,FourHundredGigE1/0/61,107941,368320178,225583,860144600,0.89,2.13
2024/05/24 星期五 00:45:01.895,1716482701895,NH-DC-NM129-D04-ROCE-Leaf-6.GPU.S9825,FourHundredGigE1/0/61,603760,2427828708,555263,2200960678,3.90,3.55
2024/05/24 星期五 00:45:02.956,1716482702956,NH-DC-NM129-D04-ROCE-Leaf-6.GPU.S9825,FourHundredGigE1/0/61,328203,1147708086,398128,1508970264,1.34,1.77
2024/05/24 星期五 00:45:04.398,1716482704398,NH-DC-NM129-D04-ROCE-Leaf-6.GPU.S9825,FourHundredGigE1/0/61,132348,470941448,140380,491512756,0.41,0.42
2024/05/24 星期五 00:45:05.242,1716482705242,NH-DC-NM129-D04-ROCE-Leaf-6.GPU.S9825,FourHundredGigE1/0/61,0,0,0,0,0,0
2024/05/24 星期五 00:45:05.839,1716482705839,NH-DC-NM129-D04-ROCE-Leaf-6.GPU.S9825,FourHundredGigE1/0/61,383727,1522652707,210259,737994774,3.18,1.53
2024/05/24 星期五 00:45:06.351,1716482706351,NH-DC-NM129-D04-ROCE-Leaf-6.GPU.S9825,FourHundredGigE1/0/61,0,0,0,0,0,0
2024/05/24 星期五 00:45:06.856,1716482706856,NH-DC-NM129-D04-ROCE-Leaf-6.GPU.S9825,FourHundredGigE1/0/61,113422,405614088,101194,368992852,0.99,0.89
2024/05/24 星期五 00:45:07.361,1716482707361,NH-DC-NM129-D04-ROCE-Leaf-6.GPU.S9825,FourHundredGigE1/0/61,0,0,0,0,0,0
2024/05/24 星期五 00:45:07.895,1716482707895,NH-DC-NM129-D04-ROCE-Leaf-6.GPU.S9825,FourHundredGigE1/0/61,237414,922888319,214890,837724576,2.15,1.94
2024/05/24 星期五 00:45:08.727,1716482708727,NH-DC-NM129-D04-ROCE-Leaf-6.GPU.S9825,FourHundredGigE1/0/61,384217,1551596236,496706,2004561914,2.33,3.00
2024/05/24 星期五 00:45:09.307,1716482709307,NH-DC-NM129-D04-ROCE-Leaf-6.GPU.S9825,FourHundredGigE1/0/61,0,0,0,0,0,0
2024/05/24 星期五 00:45:09.813,1716482709813,NH-DC-NM129-D04-ROCE-Leaf-6.GPU.S9825,FourHundredGigE1/0/61,200086,801897032,210106,615285650,1.98,1.51
2024/05/24 星期五 00:45:10.315,1716482710315,NH-DC-NM129-D04-ROCE-Leaf-6.GPU.S9825,FourHundredGigE1/0/61,0,0,0,0,0,0
2024/05/24 星期五 00:45:10.905,1716482710905,NH-DC-NM129-D04-ROCE-Leaf-6.GPU.S9825,FourHundredGigE1/0/61,111135,432869580,147501,518241250,0.91,1.08
2024/05/24 星期五 00:45:11.648,1716482711648,NH-DC-NM129-D04-ROCE-Leaf-6.GPU.S9825,FourHundredGigE1/0/61,87521,325184822,117479,414343798,0.54,0.69
2024/05/24 星期五 00:45:12.386,1716482712386,NH-DC-NM129-D04-ROCE-Leaf-6.GPU.S9825,FourHundredGigE1/0/61,0,0,0,0,0,0
2024/05/24 星期五 00:45:12.943,1716482712943,NH-DC-NM129-D04-ROCE-Leaf-6.GPU.S9825,FourHundredGigE1/0/61,339101,1323585402,269532,1036187614,2.96,2.31
2024/05/24 星期五 00:45:13.445,1716482713445,NH-DC-NM129-D04-ROCE-Leaf-6.GPU.S9825,FourHundredGigE1/0/61,0,0,0,0,0,0
2024/05/24 星期五 00:45:14.110,1716482714110,NH-DC-NM129-D04-ROCE-Leaf-6.GPU.S9825,FourHundredGigE1/0/61,69753,247595222,152330,594279946,0.45,1.11
2024/05/24 星期五 00:45:14.705,1716482714705,NH-DC-NM129-D04-ROCE-Leaf-6.GPU.S9825,FourHundredGigE1/0/61,80594,289496952,87420,274943584,0.59,0.57
2024/05/24 星期五 00:45:15.499,1716482715499,NH-DC-NM129-D04-ROCE-Leaf-6.GPU.S9825,FourHundredGigE1/0/61,0,0,0,0,0,0
2024/05/24 星期五 00:45:16.064,1716482716064,NH-DC-NM129-D04-ROCE-Leaf-6.GPU.S9825,FourHundredGigE1/0/61,166591,644198758,84126,328254680,1.42,0.71
2024/05/24 星期五 00:45:16.587,1716482716587,NH-DC-NM129-D04-ROCE-Leaf-6.GPU.S9825,FourHundredGigE1/0/61,0,0,0,0,0,0
2024/05/24 星期五 00:45:17.088,1716482717088,NH-DC-NM129-D04-ROCE-Leaf-6.GPU.S9825,FourHundredGigE1/0/61,418378,1652209688,443202,1763429580,4.12,4.39
2024/05/24 星期五 00:45:17.662,1716482717662,NH-DC-NM129-D04-ROCE-Leaf-6.GPU.S9825,FourHundredGigE1/0/61,0,0,0,0,0,0
2024/05/24 星期五 00:45:18.165,1716482718165,NH-DC-NM129-D04-ROCE-Leaf-6.GPU.S9825,FourHundredGigE1/0/61,229043,907719170,259365,982018994,2.24,2.44
2024/05/24 星期五 00:45:19.064,1716482719064,NH-DC-NM129-D04-ROCE-Leaf-6.GPU.S9825,FourHundredGigE1/0/61,172391,680326714,454295,1683658510,0.95,2.34
2024/05/24 星期五 00:45:19.654,1716482719654,NH-DC-NM129-D04-ROCE-Leaf-6.GPU.S9825,FourHundredGigE1/0/61,0,0,0,0,0,0
2024/05/24 星期五 00:45:20.154,1716482720154,NH-DC-NM129-D04-ROCE-Leaf-6.GPU.S9825,FourHundredGigE1/0/61,59359,218391016,200271,735338318,0.52,1.82
2024/05/24 星期五 00:45:20.668,1716482720668,NH-DC-NM129-D04-ROCE-Leaf-6.GPU.S9825,FourHundredGigE1/0/61,662116,2665568780,142551,579772946,6.47,1.39
2024/05/24 星期五 00:45:21.169,1716482721169,NH-DC-NM129-D04-ROCE-Leaf-6.GPU.S9825,FourHundredGigE1/0/61,0,0,0,0,0,0
2024/05/24 星期五 00:45:21.669,1716482721669,NH-DC-NM129-D04-ROCE-Leaf-6.GPU.S9825,FourHundredGigE1/0/61,1361735,5554664196,83883,299126642,13.88,0.72
2024/05/24 星期五 00:45:22.323,1716482722323,NH-DC-NM129-D04-ROCE-Leaf-6.GPU.S9825,FourHundredGigE1/0/61,0,0,0,0,0,0
2024/05/24 星期五 00:45:22.990,1716482722990,NH-DC-NM129-D04-ROCE-Leaf-6.GPU.S9825,FourHundredGigE1/0/61,154416,609578292,159492,614776636,1.12,1.14
2024/05/24 星期五 00:45:23.494,1716482723494,NH-DC-NM129-D04-ROCE-Leaf-6.GPU.S9825,FourHundredGigE1/0/61,0,0,0,0,0,0
2024/05/24 星期五 00:45:23.995,1716482723995,NH-DC-NM129-D04-ROCE-Leaf-6.GPU.S9825,FourHundredGigE1/0/61,363234,1445738156,350803,1430468180,3.59,3.57
2024/05/24 星期五 00:45:24.564,1716482724564,NH-DC-NM129-D04-ROCE-Leaf-6.GPU.S9825,FourHundredGigE1/0/61,0,0,0,0,0,0
2024/05/24 星期五 00:45:25.064,1716482725064,NH-DC-NM129-D04-ROCE-Leaf-6.GPU.S9825,FourHundredGigE1/0/61,253267,798945462,206257,807902528,1.98,2
2024/05/24 星期五 00:45:25.958,1716482725958,NH-DC-NM129-D04-ROCE-Leaf-6.GPU.S9825,FourHundredGigE1/0/61,127711,463056629,301113,1200705838,0.64,1.68
2024/05/24 星期五 00:45:26.579,1716482726579,NH-DC-NM129-D04-ROCE-Leaf-6.GPU.S9825,FourHundredGigE1/0/61,0,0,0,0,0,0
2024/05/24 星期五 00:45:27.341,1716482727341,NH-DC-NM129-D04-ROCE-Leaf-6.GPU.S9825,FourHundredGigE1/0/61,360248,1426512338,393527,1567701422,2.33,2.56
2024/05/24 星期五 00:45:27.862,1716482727862,NH-DC-NM129-D04-ROCE-Leaf-6.GPU.S9825,FourHundredGigE1/0/61,209389,822735152,123231,415785094,1.97,0.98
2024/05/24 星期五 00:45:28.365,1716482728365,NH-DC-NM129-D04-ROCE-Leaf-6.GPU.S9825,FourHundredGigE1/0/61,0,0,0,0,0,0
2024/05/24 星期五 00:45:28.865,1716482728865,NH-DC-NM129-D04-ROCE-Leaf-6.GPU.S9825,FourHundredGigE1/0/61,184551,594955652,282595,1063499614,1.48,2.65
2024/05/24 星期五 00:45:29.761,1716482729761,NH-DC-NM129-D04-ROCE-Leaf-6.GPU.S9825,FourHundredGigE1/0/61,283562,1063997788,244598,943640968,1.48,1.31
2024/05/24 星期五 00:45:30.262,1716482730262,NH-DC-NM129-D04-ROCE-Leaf-6.GPU.S9825,FourHundredGigE1/0/61,0,0,0,0,0,0
2024/05/24 星期五 00:45:30.771,1716482730771,NH-DC-NM129-D04-ROCE-Leaf-6.GPU.S9825,FourHundredGigE1/0/61,301448,1212856244,347579,1389954620,2.97,3.39
2024/05/24 星期五 00:45:31.274,1716482731274,NH-DC-NM129-D04-ROCE-Leaf-6.GPU.S9825,FourHundredGigE1/0/61,0,0,0,0,0,0
2024/05/24 星期五 00:45:31.789,1716482731789,NH-DC-NM129-D04-ROCE-Leaf-6.GPU.S9825,FourHundredGigE1/0/61,124260,459407396,109951,415175748,1.09,1.00
2024/05/24 星期五 00:45:32.289,1716482732289,NH-DC-NM129-D04-ROCE-Leaf-6.GPU.S9825,FourHundredGigE1/0/61,0,0,0,0,0,0
2024/05/24 星期五 00:45:33.127,1716482733127,NH-DC-NM129-D04-ROCE-Leaf-6.GPU.S9825,FourHundredGigE1/0/61,515056,1991647272,169874,678551140,2.97,1.00
2024/05/24 星期五 00:45:33.642,1716482733642,NH-DC-NM129-D04-ROCE-Leaf-6.GPU.S9825,FourHundredGigE1/0/61,0,0,0,0,0,0
2024/05/24 星期五 00:45:34.145,1716482734145,NH-DC-NM129-D04-ROCE-Leaf-6.GPU.S9825,FourHundredGigE1/0/61,213301,823834540,182370,734046818,2.04,1.81
2024/05/24 星期五 00:45:34.743,1716482734743,NH-DC-NM129-D04-ROCE-Leaf-6.GPU.S9825,FourHundredGigE1/0/61,0,0,0,0,0,0
2024/05/24 星期五 00:45:35.254,1716482735254,NH-DC-NM129-D04-ROCE-Leaf-6.GPU.S9825,FourHundredGigE1/0/61,303326,1192577802,219868,814400250,2.91,1.98
2024/05/24 星期五 00:45:35.796,1716482735796,NH-DC-NM129-D04-ROCE-Leaf-6.GPU.S9825,FourHundredGigE1/0/61,115299,397443030,158061,612909590,0.90,1.41
2024/05/24 星期五 00:45:36.439,1716482736439,NH-DC-NM129-D04-ROCE-Leaf-6.GPU.S9825,FourHundredGigE1/0/61,0,0,0,0,0,0
2024/05/24 星期五 00:45:36.987,1716482736987,NH-DC-NM129-D04-ROCE-Leaf-6.GPU.S9825,FourHundredGigE1/0/61,98376,367037848,120937,475343982,0.82,1.07
2024/05/24 星期五 00:45:37.484,1716482737484,NH-DC-NM129-D04-ROCE-Leaf-6.GPU.S9825,FourHundredGigE1/0/61,0,0,0,0,0,0
2024/05/24 星期五 00:45:38.007,1716482738007,NH-DC-NM129-D04-ROCE-Leaf-6.GPU.S9825,FourHundredGigE1/0/61,358930,1437540603,106430,352027088,3.42,0.84
2024/05/24 星期五 00:45:38.544,1716482738544,NH-DC-NM129-D04-ROCE-Leaf-6.GPU.S9825,FourHundredGigE1/0/61,0,0,0,0,0,0
2024/05/24 星期五 00:45:39.045,1716482739045,NH-DC-NM129-D04-ROCE-Leaf-6.GPU.S9825,FourHundredGigE1/0/61,115781,421660706,154943,585459006,1.05,1.45
2024/05/24 星期五 00:45:39.822,1716482739822,NH-DC-NM129-D04-ROCE-Leaf-6.GPU.S9825,FourHundredGigE1/0/61,187085,731861174,147045,524981306,1.17,0.84
2024/05/24 星期五 00:45:40.453,1716482740453,NH-DC-NM129-D04-ROCE-Leaf-6.GPU.S9825,FourHundredGigE1/0/61,0,0,0,0,0,0
2024/05/24 星期五 00:45:40.954,1716482740954,NH-DC-NM129-D04-ROCE-Leaf-6.GPU.S9825,FourHundredGigE1/0/61,151117,564595262,156297,583879486,1.40,1.45
2024/05/24 星期五 00:45:41.649,1716482741649,NH-DC-NM129-D04-ROCE-Leaf-6.GPU.S9825,FourHundredGigE1/0/61,462057,1836389446,203500,696562100,3.29,1.24
2024/05/24 星期五 00:45:42.290,1716482742290,NH-DC-NM129-D04-ROCE-Leaf-6.GPU.S9825,FourHundredGigE1/0/61,0,0,0,0,0,0
2024/05/24 星期五 00:45:43.071,1716482743071,NH-DC-NM129-D04-ROCE-Leaf-6.GPU.S9825,FourHundredGigE1/0/61,180269,692653674,92546,296582088,1.10,0.46
2024/05/24 星期五 00:45:43.752,1716482743752,NH-DC-NM129-D04-ROCE-Leaf-6.GPU.S9825,FourHundredGigE1/0/61,107155,413805594,138634,529091108,0.75,0.95
2024/05/24 星期五 00:45:44.273,1716482744273,NH-DC-NM129-D04-ROCE-Leaf-6.GPU.S9825,FourHundredGigE1/0/61,0,0,0,0,0,0
2024/05/24 星期五 00:45:44.851,1716482744851,NH-DC-NM129-D04-ROCE-Leaf-6.GPU.S9825,FourHundredGigE1/0/61,162812,550435984,249935,986349984,1.19,2.12
2024/05/24 星期五 00:45:45.395,1716482745395,NH-DC-NM129-D04-ROCE-Leaf-6.GPU.S9825,FourHundredGigE1/0/61,0,0,0,0,0,0
2024/05/24 星期五 00:45:45.905,1716482745905,NH-DC-NM129-D04-ROCE-Leaf-6.GPU.S9825,FourHundredGigE1/0/61,58394,136550826,1612485,6582591256,0.32,16.13
2024/05/24 星期五 00:45:49.503,1716482749503,NH-DC-NM129-D04-ROCE-Leaf-6.GPU.S9825,FourHundredGigE1/0/61,808284,3186154794,3259303,13254263738,1.10,4.60
2024/05/24 星期五 00:45:50.138,1716482750138,NH-DC-NM129-D04-ROCE-Leaf-6.GPU.S9825,FourHundredGigE1/0/61,152495,479091230,137235,498443510,0.93,0.96
2024/05/24 星期五 00:45:50.757,1716482750757,NH-DC-NM129-D04-ROCE-Leaf-6.GPU.S9825,FourHundredGigE1/0/61,0,0,0,0,0,0
2024/05/24 星期五 00:45:51.269,1716482751269,NH-DC-NM129-D04-ROCE-Leaf-6.GPU.S9825,FourHundredGigE1/0/61,201424,778079608,163143,612124734,1.88,1.49
2024/05/24 星期五 00:45:51.852,1716482751852,NH-DC-NM129-D04-ROCE-Leaf-6.GPU.S9825,FourHundredGigE1/0/61,286823,1141124854,186164,720260180,2.44,1.54
2024/05/24 星期五 00:45:52.366,1716482752366,NH-DC-NM129-D04-ROCE-Leaf-6.GPU.S9825,FourHundredGigE1/0/61,0,0,0,0,0,0
2024/05/24 星期五 00:45:52.865,1716482752865,NH-DC-NM129-D04-ROCE-Leaf-6.GPU.S9825,FourHundredGigE1/0/61,525957,2096469966,165288,601317156,5.24,1.50
2024/05/24 星期五 00:45:53.582,1716482753582,NH-DC-NM129-D04-ROCE-Leaf-6.GPU.S9825,FourHundredGigE1/0/61,209285,777168378,301883,1172089514,1.34,2.04
2024/05/24 星期五 00:45:54.333,1716482754333,NH-DC-NM129-D04-ROCE-Leaf-6.GPU.S9825,FourHundredGigE1/0/61,0,0,0,0,0,0
2024/05/24 星期五 00:45:54.964,1716482754964,NH-DC-NM129-D04-ROCE-Leaf-6.GPU.S9825,FourHundredGigE1/0/61,180236,673009116,342117,1335334430,1.33,2.63
2024/05/24 星期五 00:45:55.734,1716482755734,NH-DC-NM129-D04-ROCE-Leaf-6.GPU.S9825,FourHundredGigE1/0/61,180384,690710856,192874,713131264,1.12,1.15
2024/05/24 星期五 00:45:56.500,1716482756500,NH-DC-NM129-D04-ROCE-Leaf-6.GPU.S9825,FourHundredGigE1/0/61,0,0,0,0,0,0
2024/05/24 星期五 00:45:57.133,1716482757133,NH-DC-NM129-D04-ROCE-Leaf-6.GPU.S9825,FourHundredGigE1/0/61,629235,2468883162,183534,728306292,4.86,1.42
2024/05/24 星期五 00:45:57.859,1716482757859,NH-DC-NM129-D04-ROCE-Leaf-6.GPU.S9825,FourHundredGigE1/0/61,498357,1871405658,132313,510658446,3.22,0.88
2024/05/24 星期五 00:45:58.368,1716482758368,NH-DC-NM129-D04-ROCE-Leaf-6.GPU.S9825,FourHundredGigE1/0/61,0,0,0,0,0,0
2024/05/24 星期五 00:45:58.923,1716482758923,NH-DC-NM129-D04-ROCE-Leaf-6.GPU.S9825,FourHundredGigE1/0/61,504891,1895999618,101152,378267060,4.26,0.83
2024/05/24 星期五 00:45:59.646,1716482759646,NH-DC-NM129-D04-ROCE-Leaf-6.GPU.S9825,FourHundredGigE1/0/61,0,0,0,0,0,0
2024/05/24 星期五 00:46:00.150,1716482760150,NH-DC-NM129-D04-ROCE-Leaf-6.GPU.S9825,FourHundredGigE1/0/61,521726,1990118624,154345,588803786,4.94,1.44
2024/05/24 星期五 00:46:00.717,1716482760717,NH-DC-NM129-D04-ROCE-Leaf-6.GPU.S9825,FourHundredGigE1/0/61,321059,998858450,78105,294019582,2.18,0.64
2024/05/24 星期五 00:46:01.459,1716482761459,NH-DC-NM129-D04-ROCE-Leaf-6.GPU.S9825,FourHundredGigE1/0/61,0,0,0,0,0,0
2024/05/24 星期五 00:46:01.962,1716482761962,NH-DC-NM129-D04-ROCE-Leaf-6.GPU.S9825,FourHundredGigE1/0/61,219588,841715112,608485,2275138914,2.09,5.64
2024/05/24 星期五 00:46:03.594,1716482763594,NH-DC-NM129-D04-ROCE-Leaf-6.GPU.S9825,FourHundredGigE1/0/61,57766,212513180,341630,1266015160,0.16,0.97
2024/05/24 星期五 00:46:04.929,1716482764929,NH-DC-NM129-D04-ROCE-Leaf-6.GPU.S9825,FourHundredGigE1/0/61,81188,320809328,102808,378445172,0.30,0.35
2024/05/24 星期五 00:46:05.429,1716482765429,NH-DC-NM129-D04-ROCE-Leaf-6.GPU.S9825,FourHundredGigE1/0/61,0,0,0,0,0,0
2024/05/24 星期五 00:46:05.966,1716482765966,NH-DC-NM129-D04-ROCE-Leaf-6.GPU.S9825,FourHundredGigE1/0/61,145424,591027144,146034,544266212,1.37,1.26
2024/05/24 星期五 00:46:06.500,1716482766500,NH-DC-NM129-D04-ROCE-Leaf-6.GPU.S9825,FourHundredGigE1/0/61,0,0,0,0,0,0
2024/05/24 星期五 00:46:07.597,1716482767597,NH-DC-NM129-D04-ROCE-Leaf-6.GPU.S9825,FourHundredGigE1/0/61,320477,1298167594,357052,1468777785,1.47,1.66
2024/05/24 星期五 00:46:08.169,1716482768169,NH-DC-NM129-D04-ROCE-Leaf-6.GPU.S9825,FourHundredGigE1/0/61,483017,1829693917,223642,765457180,3.98,1.66
2024/05/24 星期五 00:46:08.673,1716482768673,NH-DC-NM129-D04-ROCE-Leaf-6.GPU.S9825,FourHundredGigE1/0/61,0,0,0,0,0,0
2024/05/24 星期五 00:46:09.174,1716482769174,NH-DC-NM129-D04-ROCE-Leaf-6.GPU.S9825,FourHundredGigE1/0/61,243407,952957600,233773,789905542,2.37,1.95
2024/05/24 星期五 00:46:09.781,1716482769781,NH-DC-NM129-D04-ROCE-Leaf-6.GPU.S9825,FourHundredGigE1/0/61,0,0,0,0,0,0
2024/05/24 星期五 00:46:10.290,1716482770290,NH-DC-NM129-D04-ROCE-Leaf-6.GPU.S9825,FourHundredGigE1/0/61,176553,696830124,139730,500141588,1.69,1.23
2024/05/24 星期五 00:46:11.114,1716482771114,NH-DC-NM129-D04-ROCE-Leaf-6.GPU.S9825,FourHundredGigE1/0/61,487485,1989352274,252273,951715330,3.00,1.44
2024/05/24 星期五 00:46:11.918,1716482771918,NH-DC-NM129-D04-ROCE-Leaf-6.GPU.S9825,FourHundredGigE1/0/61,161798,630370736,144905,466065278,0.98,0.72
2024/05/24 星期五 00:46:12.418,1716482772418,NH-DC-NM129-D04-ROCE-Leaf-6.GPU.S9825,FourHundredGigE1/0/61,0,0,0,0,0,0
2024/05/24 星期五 00:46:12.962,1716482772962,NH-DC-NM129-D04-ROCE-Leaf-6.GPU.S9825,FourHundredGigE1/0/61,151522,532059912,177233,651248362,1.22,1.49
2024/05/24 星期五 00:46:13.516,1716482773516,NH-DC-NM129-D04-ROCE-Leaf-6.GPU.S9825,FourHundredGigE1/0/61,0,0,0,0,0,0
2024/05/24 星期五 00:46:14.018,1716482774018,NH-DC-NM129-D04-ROCE-Leaf-6.GPU.S9825,FourHundredGigE1/0/61,296288,1152199698,261188,1014078282,2.86,2.51
2024/05/24 星期五 00:46:14.769,1716482774769,NH-DC-NM129-D04-ROCE-Leaf-6.GPU.S9825,FourHundredGigE1/0/61,787280,3210055042,368189,1446251060,5.34,2.40
2024/05/24 星期五 00:46:15.485,1716482775485,NH-DC-NM129-D04-ROCE-Leaf-6.GPU.S9825,FourHundredGigE1/0/61,0,0,0,0,0,0
2024/05/24 星期五 00:46:15.986,1716482775986,NH-DC-NM129-D04-ROCE-Leaf-6.GPU.S9825,FourHundredGigE1/0/61,259881,987180590,204482,768053080,2.45,1.90
2024/05/24 星期五 00:46:16.611,1716482776611,NH-DC-NM129-D04-ROCE-Leaf-6.GPU.S9825,FourHundredGigE1/0/61,254310,984215528,269365,1052800102,1.96,2.1
2024/05/24 星期五 00:46:17.175,1716482777175,NH-DC-NM129-D04-ROCE-Leaf-6.GPU.S9825,FourHundredGigE1/0/61,0,0,0,0,0,0
2024/05/24 星期五 00:46:17.779,1716482777779,NH-DC-NM129-D04-ROCE-Leaf-6.GPU.S9825,FourHundredGigE1/0/61,162688,630299392,285362,1071638110,1.30,2.21
2024/05/24 星期五 00:46:18.363,1716482778363,NH-DC-NM129-D04-ROCE-Leaf-6.GPU.S9825,FourHundredGigE1/0/61,0,0,0,0,0,0
2024/05/24 星期五 00:46:19.044,1716482779044,NH-DC-NM129-D04-ROCE-Leaf-6.GPU.S9825,FourHundredGigE1/0/61,214183,851046634,235969,920143480,1.56,1.69
2024/05/24 星期五 00:46:19.548,1716482779548,NH-DC-NM129-D04-ROCE-Leaf-6.GPU.S9825,FourHundredGigE1/0/61,0,0,0,0,0,0
2024/05/24 星期五 00:46:20.059,1716482780059,NH-DC-NM129-D04-ROCE-Leaf-6.GPU.S9825,FourHundredGigE1/0/61,181075,699997230,241114,963155168,1.69,2.35
2024/05/24 星期五 00:46:20.589,1716482780589,NH-DC-NM129-D04-ROCE-Leaf-6.GPU.S9825,FourHundredGigE1/0/61,0,0,0,0,0,0
2024/05/24 星期五 00:46:21.101,1716482781101,NH-DC-NM129-D04-ROCE-Leaf-6.GPU.S9825,FourHundredGigE1/0/61,171199,653425608,140480,526190588,1.59,1.27
2024/05/24 星期五 00:46:21.779,1716482781779,NH-DC-NM129-D04-ROCE-Leaf-6.GPU.S9825,FourHundredGigE1/0/61,184999,711536116,356501,1435886214,1.31,2.64
2024/05/24 星期五 00:46:22.407,1716482782407,NH-DC-NM129-D04-ROCE-Leaf-6.GPU.S9825,FourHundredGigE1/0/61,0,0,0,0,0,0
2024/05/24 星期五 00:46:22.915,1716482782915,NH-DC-NM129-D04-ROCE-Leaf-6.GPU.S9825,FourHundredGigE1/0/61,145171,562720266,133200,490094656,1.38,1.21
2024/05/24 星期五 00:46:23.490,1716482783490,NH-DC-NM129-D04-ROCE-Leaf-6.GPU.S9825,FourHundredGigE1/0/61,0,0,0,0,0,0
2024/05/24 星期五 00:46:23.996,1716482783996,NH-DC-NM129-D04-ROCE-Leaf-6.GPU.S9825,FourHundredGigE1/0/61,381445,1508011758,238365,935611758,3.71,2.30
2024/05/24 星期五 00:46:25.237,1716482785237,NH-DC-NM129-D04-ROCE-Leaf-6.GPU.S9825,FourHundredGigE1/0/61,308342,1184510760,135253,489692790,1.19,0.48
2024/05/24 星期五 00:46:25.823,1716482785823,NH-DC-NM129-D04-ROCE-Leaf-6.GPU.S9825,FourHundredGigE1/0/61,452408,1845748628,41606,119393196,3.92,0.23
2024/05/24 星期五 00:46:26.327,1716482786327,NH-DC-NM129-D04-ROCE-Leaf-6.GPU.S9825,FourHundredGigE1/0/61,0,0,0,0,0,0
2024/05/24 星期五 00:46:26.915,1716482786915,NH-DC-NM129-D04-ROCE-Leaf-6.GPU.S9825,FourHundredGigE1/0/61,195001,739288540,147723,535385234,1.55,1.13
2024/05/24 星期五 00:46:27.417,1716482787417,NH-DC-NM129-D04-ROCE-Leaf-6.GPU.S9825,FourHundredGigE1/0/61,0,0,0,0,0,0
2024/05/24 星期五 00:46:27.929,1716482787929,NH-DC-NM129-D04-ROCE-Leaf-6.GPU.S9825,FourHundredGigE1/0/61,179821,717567616,211712,828916312,1.73,2.00
2024/05/24 星期五 00:46:28.668,1716482788668,NH-DC-NM129-D04-ROCE-Leaf-6.GPU.S9825,FourHundredGigE1/0/61,330675,1303744318,681674,2769495444,2.20,4.67
2024/05/24 星期五 00:46:29.287,1716482789287,NH-DC-NM129-D04-ROCE-Leaf-6.GPU.S9825,FourHundredGigE1/0/61,0,0,0,0,0,0
2024/05/24 星期五 00:46:29.874,1716482789874,NH-DC-NM129-D04-ROCE-Leaf-6.GPU.S9825,FourHundredGigE1/0/61,109969,335998638,306050,1175906312,0.70,2.49
2024/05/24 星期五 00:46:31.232,1716482791232,NH-DC-NM129-D04-ROCE-Leaf-6.GPU.S9825,FourHundredGigE1/0/61,160225,623629890,570526,2216044008,0.57,2.03
2024/05/24 星期五 00:46:31.895,1716482791895,NH-DC-NM129-D04-ROCE-Leaf-6.GPU.S9825,FourHundredGigE1/0/61,105880,391440036,117034,444067036,0.74,0.83
2024/05/24 星期五 00:46:32.455,1716482792455,NH-DC-NM129-D04-ROCE-Leaf-6.GPU.S9825,FourHundredGigE1/0/61,0,0,0,0,0,0
2024/05/24 星期五 00:46:33.009,1716482793009,NH-DC-NM129-D04-ROCE-Leaf-6.GPU.S9825,FourHundredGigE1/0/61,326458,1291031722,243075,941423806,2.91,2.12
2024/05/24 星期五 00:46:33.588,1716482793588,NH-DC-NM129-D04-ROCE-Leaf-6.GPU.S9825,FourHundredGigE1/0/61,0,0,0,0,0,0
2024/05/24 星期五 00:46:34.090,1716482794090,NH-DC-NM129-D04-ROCE-Leaf-6.GPU.S9825,FourHundredGigE1/0/61,142618,545878824,159475,563425954,1.34,1.39
2024/05/24 星期五 00:46:34.762,1716482794762,NH-DC-NM129-D04-ROCE-Leaf-6.GPU.S9825,FourHundredGigE1/0/61,185396,705946394,164184,624466208,1.30,1.15
2024/05/24 星期五 00:46:35.431,1716482795431,NH-DC-NM129-D04-ROCE-Leaf-6.GPU.S9825,FourHundredGigE1/0/61,0,0,0,0,0,0
2024/05/24 星期五 00:46:35.935,1716482795935,NH-DC-NM129-D04-ROCE-Leaf-6.GPU.S9825,FourHundredGigE1/0/61,191738,679292388,113675,412188274,1.66,1.02
2024/05/24 星期五 00:46:36.436,1716482796436,NH-DC-NM129-D04-ROCE-Leaf-6.GPU.S9825,FourHundredGigE1/0/61,0,0,0,0,0,0
2024/05/24 星期五 00:46:36.974,1716482796974,NH-DC-NM129-D04-ROCE-Leaf-6.GPU.S9825,FourHundredGigE1/0/61,189722,613172648,374466,1302625904,1.42,3.02
2024/05/24 星期五 00:46:37.487,1716482797487,NH-DC-NM129-D04-ROCE-Leaf-6.GPU.S9825,FourHundredGigE1/0/61,0,0,0,0,0,0
2024/05/24 星期五 00:46:37.986,1716482797986,NH-DC-NM129-D04-ROCE-Leaf-6.GPU.S9825,FourHundredGigE1/0/61,219977,715354215,214271,750302650,1.78,1.88
2024/05/24 星期五 00:46:38.666,1716482798666,NH-DC-NM129-D04-ROCE-Leaf-6.GPU.S9825,FourHundredGigE1/0/61,140885,529499100,117327,423641042,0.96,0.77
2024/05/24 星期五 00:46:39.229,1716482799229,NH-DC-NM129-D04-ROCE-Leaf-6.GPU.S9825,FourHundredGigE1/0/61,0,0,0,0,0,0
2024/05/24 星期五 00:46:39.777,1716482799777,NH-DC-NM129-D04-ROCE-Leaf-6.GPU.S9825,FourHundredGigE1/0/61,220883,684372943,155684,590965908,1.55,1.35
2024/05/24 星期五 00:46:40.281,1716482800281,NH-DC-NM129-D04-ROCE-Leaf-6.GPU.S9825,FourHundredGigE1/0/61,0,0,0,0,0,0
2024/05/24 星期五 00:46:40.805,1716482800805,NH-DC-NM129-D04-ROCE-Leaf-6.GPU.S9825,FourHundredGigE1/0/61,146006,350075600,150490,600953056,0.83,1.43
2024/05/24 星期五 00:46:41.305,1716482801305,NH-DC-NM129-D04-ROCE-Leaf-6.GPU.S9825,FourHundredGigE1/0/61,356876,1417226440,267954,1044637368,3.52,2.6
2024/05/24 星期五 00:46:42.306,1716482802306,NH-DC-NM129-D04-ROCE-Leaf-6.GPU.S9825,FourHundredGigE1/0/61,0,0,0,0,0,0
2024/05/24 星期五 00:46:42.981,1716482802981,NH-DC-NM129-D04-ROCE-Leaf-6.GPU.S9825,FourHundredGigE1/0/61,101921,401938046,257553,1028320234,0.74,1.89
2024/05/24 星期五 00:46:43.513,1716482803513,NH-DC-NM129-D04-ROCE-Leaf-6.GPU.S9825,FourHundredGigE1/0/61,295929,0,359994,0,0,0
2024/05/24 星期五 00:46:44.183,1716482804183,NH-DC-NM129-D04-ROCE-Leaf-6.GPU.S9825,FourHundredGigE1/0/61,0,1148015926,0,1378270072,2.13,2.56
2024/05/24 星期五 00:46:44.685,1716482804685,NH-DC-NM129-D04-ROCE-Leaf-6.GPU.S9825,FourHundredGigE1/0/61,256453,1002101328,237645,924065918,2.49,2.29
2024/05/24 星期五 00:46:46.310,1716482806310,NH-DC-NM129-D04-ROCE-Leaf-6.GPU.S9825,FourHundredGigE1/0/61,222435,876723672,267804,1035173444,0.67,0.79
2024/05/24 星期五 00:46:47.840,1716482807840,NH-DC-NM129-D04-ROCE-Leaf-6.GPU.S9825,FourHundredGigE1/0/61,648977,2564373714,656791,2601844614,2.09,2.12
2024/05/24 星期五 00:46:48.341,1716482808341,NH-DC-NM129-D04-ROCE-Leaf-6.GPU.S9825,FourHundredGigE1/0/61,0,0,0,0,0,0
2024/05/24 星期五 00:46:49.098,1716482809098,NH-DC-NM129-D04-ROCE-Leaf-6.GPU.S9825,FourHundredGigE1/0/61,183800,709318852,315552,1252542676,1.16,2.06
2024/05/24 星期五 00:46:49.697,1716482809697,NH-DC-NM129-D04-ROCE-Leaf-6.GPU.S9825,FourHundredGigE1/0/61,199198,765475364,179637,688779124,1.59,1.42
2024/05/24 星期五 00:46:50.251,1716482810251,NH-DC-NM129-D04-ROCE-Leaf-6.GPU.S9825,FourHundredGigE1/0/61,0,0,0,0,0,0
2024/05/24 星期五 00:46:50.824,1716482810824,NH-DC-NM129-D04-ROCE-Leaf-6.GPU.S9825,FourHundredGigE1/0/61,460287,1877860660,299201,1187408880,4.08,2.57
2024/05/24 星期五 00:46:51.327,1716482811327,NH-DC-NM129-D04-ROCE-Leaf-6.GPU.S9825,FourHundredGigE1/0/61,0,0,0,0,0,0
2024/05/24 星期五 00:46:51.855,1716482811855,NH-DC-NM129-D04-ROCE-Leaf-6.GPU.S9825,FourHundredGigE1/0/61,168009,645295772,301265,1165348110,1.52,2.75
2024/05/24 星期五 00:46:52.485,1716482812485,NH-DC-NM129-D04-ROCE-Leaf-6.GPU.S9825,FourHundredGigE1/0/61,0,0,0,0,0,0
2024/05/24 星期五 00:46:53.095,1716482813095,NH-DC-NM129-D04-ROCE-Leaf-6.GPU.S9825,FourHundredGigE1/0/61,359274,1346995112,91299,304448034,2.75,0.61
2024/05/24 星期五 00:46:53.779,1716482813779,NH-DC-NM129-D04-ROCE-Leaf-6.GPU.S9825,FourHundredGigE1/0/61,88455,328664886,123020,479544000,0.58,0.86
2024/05/24 星期五 00:46:54.420,1716482814420,NH-DC-NM129-D04-ROCE-Leaf-6.GPU.S9825,FourHundredGigE1/0/61,0,0,0,0,0,0
2024/05/24 星期五 00:46:54.967,1716482814967,NH-DC-NM129-D04-ROCE-Leaf-6.GPU.S9825,FourHundredGigE1/0/61,134101,475755446,171090,582441612,1.07,1.33
2024/05/24 星期五 00:46:55.891,1716482815891,NH-DC-NM129-D04-ROCE-Leaf-6.GPU.S9825,FourHundredGigE1/0/61,100621,371570638,146310,528387224,0.50,0.70
2024/05/24 星期五 00:46:56.557,1716482816557,NH-DC-NM129-D04-ROCE-Leaf-6.GPU.S9825,FourHundredGigE1/0/61,0,0,0,0,0,0
2024/05/24 星期五 00:46:57.073,1716482817073,NH-DC-NM129-D04-ROCE-Leaf-6.GPU.S9825,FourHundredGigE1/0/61,85496,331739588,211953,809572614,0.80,1.94
2024/05/24 星期五 00:46:57.632,1716482817632,NH-DC-NM129-D04-ROCE-Leaf-6.GPU.S9825,FourHundredGigE1/0/61,0,0,0,0,0,0
2024/05/24 星期五 00:46:58.138,1716482818138,NH-DC-NM129-D04-ROCE-Leaf-6.GPU.S9825,FourHundredGigE1/0/61,307717,1211338630,270899,1068543758,2.99,2.62
2024/05/24 星期五 00:46:58.638,1716482818638,NH-DC-NM129-D04-ROCE-Leaf-6.GPU.S9825,FourHundredGigE1/0/61,142371,535812928,268700,1057881276,1.32,2.62
2024/05/24 星期五 00:46:59.313,1716482819313,NH-DC-NM129-D04-ROCE-Leaf-6.GPU.S9825,FourHundredGigE1/0/61,0,0,0,0,0,0
2024/05/24 星期五 00:47:01.879,1716482821879,NH-DC-NM129-D04-ROCE-Leaf-6.GPU.S9825,FourHundredGigE1/0/61,946501,3639576702,1207955,4754732430,1.77,2.31
2024/05/24 星期五 00:47:03.552,1716482823552,NH-DC-NM129-D04-ROCE-Leaf-6.GPU.S9825,FourHundredGigE1/0/61,295307,1204517296,126826,501199724,0.90,0.37
2024/05/24 星期五 00:47:04.822,1716482824822,NH-DC-NM129-D04-ROCE-Leaf-6.GPU.S9825,FourHundredGigE1/0/61,130392,500754556,127725,479720102,0.49,0.46
2024/05/24 星期五 00:47:05.322,1716482825322,NH-DC-NM129-D04-ROCE-Leaf-6.GPU.S9825,FourHundredGigE1/0/61,0,0,0,0,0,0
2024/05/24 星期五 00:47:05.886,1716482825886,NH-DC-NM129-D04-ROCE-Leaf-6.GPU.S9825,FourHundredGigE1/0/61,198021,797388714,160153,601004878,1.75,1.33
2024/05/24 星期五 00:47:06.477,1716482826477,NH-DC-NM129-D04-ROCE-Leaf-6.GPU.S9825,FourHundredGigE1/0/61,235897,910536570,170917,632797678,1.92,1.33
2024/05/24 星期五 00:47:07.182,1716482827182,NH-DC-NM129-D04-ROCE-Leaf-6.GPU.S9825,FourHundredGigE1/0/61,0,0,0,0,0,0
2024/05/24 星期五 00:47:07.799,1716482827799,NH-DC-NM129-D04-ROCE-Leaf-6.GPU.S9825,FourHundredGigE1/0/61,157856,593231863,146788,528224712,1.20,1.05
2024/05/24 星期五 00:47:08.361,1716482828361,NH-DC-NM129-D04-ROCE-Leaf-6.GPU.S9825,FourHundredGigE1/0/61,0,0,0,0,0,0
2024/05/24 星期五 00:47:08.862,1716482828862,NH-DC-NM129-D04-ROCE-Leaf-6.GPU.S9825,FourHundredGigE1/0/61,125436,446477052,99502,355959504,1.10,0.87
2024/05/24 星期五 00:47:09.464,1716482829464,NH-DC-NM129-D04-ROCE-Leaf-6.GPU.S9825,FourHundredGigE1/0/61,269085,1051914774,264719,1025797770,2.18,2.12
2024/05/24 星期五 00:47:10.239,1716482830239,NH-DC-NM129-D04-ROCE-Leaf-6.GPU.S9825,FourHundredGigE1/0/61,0,0,0,0,0,0
2024/05/24 星期五 00:47:11.442,1716482831442,NH-DC-NM129-D04-ROCE-Leaf-6.GPU.S9825,FourHundredGigE1/0/61,87039,295775900,159026,585149788,0.30,0.60
2024/05/24 星期五 00:47:11.943,1716482831943,NH-DC-NM129-D04-ROCE-Leaf-6.GPU.S9825,FourHundredGigE1/0/61,339498,1343255738,271686,1045221656,3.34,2.59
2024/05/24 星期五 00:47:12.445,1716482832445,NH-DC-NM129-D04-ROCE-Leaf-6.GPU.S9825,FourHundredGigE1/0/61,0,0,0,0,0,0
2024/05/24 星期五 00:47:13.004,1716482833004,NH-DC-NM129-D04-ROCE-Leaf-6.GPU.S9825,FourHundredGigE1/0/61,183809,704795850,188414,704069862,1.57,1.57
2024/05/24 星期五 00:47:13.765,1716482833765,NH-DC-NM129-D04-ROCE-Leaf-6.GPU.S9825,FourHundredGigE1/0/61,325990,1286204044,143535,514057782,2.10,0.84
2024/05/24 星期五 00:47:14.478,1716482834478,NH-DC-NM129-D04-ROCE-Leaf-6.GPU.S9825,FourHundredGigE1/0/61,0,0,0,0,0,0
2024/05/24 星期五 00:47:15.042,1716482835042,NH-DC-NM129-D04-ROCE-Leaf-6.GPU.S9825,FourHundredGigE1/0/61,266489,991185418,165760,660310800,2.19,1.46
2024/05/24 星期五 00:47:15.542,1716482835542,NH-DC-NM129-D04-ROCE-Leaf-6.GPU.S9825,FourHundredGigE1/0/61,0,0,0,0,0,0
2024/05/24 星期五 00:47:16.042,1716482836042,NH-DC-NM129-D04-ROCE-Leaf-6.GPU.S9825,FourHundredGigE1/0/61,95965,362702466,76693,298509474,0.9,0.72
2024/05/24 星期五 00:47:16.803,1716482836803,NH-DC-NM129-D04-ROCE-Leaf-6.GPU.S9825,FourHundredGigE1/0/61,161303,562638408,43703,110415658,0.92,0.18
2024/05/24 星期五 00:47:17.450,1716482837450,NH-DC-NM129-D04-ROCE-Leaf-6.GPU.S9825,FourHundredGigE1/0/61,0,0,0,0,0,0
2024/05/24 星期五 00:47:18.024,1716482838024,NH-DC-NM129-D04-ROCE-Leaf-6.GPU.S9825,FourHundredGigE1/0/61,147359,573384450,211030,801892816,1.24,1.74
2024/05/24 星期五 00:47:18.541,1716482838541,NH-DC-NM129-D04-ROCE-Leaf-6.GPU.S9825,FourHundredGigE1/0/61,0,0,0,0,0,0
2024/05/24 星期五 00:47:19.043,1716482839043,NH-DC-NM129-D04-ROCE-Leaf-6.GPU.S9825,FourHundredGigE1/0/61,124134,436353526,208243,818798226,1.07,2.02
2024/05/24 星期五 00:47:19.631,1716482839631,NH-DC-NM129-D04-ROCE-Leaf-6.GPU.S9825,FourHundredGigE1/0/61,295648,1154684392,142960,554864472,2.44,1.17
2024/05/24 星期五 00:47:20.250,1716482840250,NH-DC-NM129-D04-ROCE-Leaf-6.GPU.S9825,FourHundredGigE1/0/61,0,0,0,0,0,0
2024/05/24 星期五 00:47:20.894,1716482840894,NH-DC-NM129-D04-ROCE-Leaf-6.GPU.S9825,FourHundredGigE1/0/61,58439,223611374,142591,568484854,0.43,1.09
2024/05/24 星期五 00:47:21.491,1716482841491,NH-DC-NM129-D04-ROCE-Leaf-6.GPU.S9825,FourHundredGigE1/0/61,0,0,0,0,0,0
2024/05/24 星期五 00:47:21.994,1716482841994,NH-DC-NM129-D04-ROCE-Leaf-6.GPU.S9825,FourHundredGigE1/0/61,136125,535906588,258234,1011199604,1.32,2.51
2024/05/24 星期五 00:47:22.493,1716482842493,NH-DC-NM129-D04-ROCE-Leaf-6.GPU.S9825,FourHundredGigE1/0/61,0,0,0,0,0,0
2024/05/24 星期五 00:47:23.019,1716482843019,NH-DC-NM129-D04-ROCE-Leaf-6.GPU.S9825,FourHundredGigE1/0/61,142945,554498264,112278,440872340,1.31,1.05
2024/05/24 星期五 00:47:23.742,1716482843742,NH-DC-NM129-D04-ROCE-Leaf-6.GPU.S9825,FourHundredGigE1/0/61,722842,2945566268,261391,1010696042,5.08,1.75
2024/05/24 星期五 00:47:24.485,1716482844485,NH-DC-NM129-D04-ROCE-Leaf-6.GPU.S9825,FourHundredGigE1/0/61,0,0,0,0,0,0
2024/05/24 星期五 00:47:25.087,1716482845087,NH-DC-NM129-D04-ROCE-Leaf-6.GPU.S9825,FourHundredGigE1/0/61,2374298,9715931756,123004,456064264,20.16,0.93
2024/05/24 星期五 00:47:25.589,1716482845589,NH-DC-NM129-D04-ROCE-Leaf-6.GPU.S9825,FourHundredGigE1/0/61,0,0,0,0,0,0
2024/05/24 星期五 00:47:26.107,1716482846107,NH-DC-NM129-D04-ROCE-Leaf-6.GPU.S9825,FourHundredGigE1/0/61,1691306,6833065064,489876,1871367052,16.48,4.51
2024/05/24 星期五 00:47:26.749,1716482846749,NH-DC-NM129-D04-ROCE-Leaf-6.GPU.S9825,FourHundredGigE1/0/61,364553,1400741548,584497,2254960144,2.73,4.38
2024/05/24 星期五 00:47:27.346,1716482847346,NH-DC-NM129-D04-ROCE-Leaf-6.GPU.S9825,FourHundredGigE1/0/61,0,0,0,0,0,0
2024/05/24 星期五 00:47:28.137,1716482848137,NH-DC-NM129-D04-ROCE-Leaf-6.GPU.S9825,FourHundredGigE1/0/61,159759,474828352,450516,1618414830,0.74,2.54
2024/05/24 星期五 00:47:28.697,1716482848697,NH-DC-NM129-D04-ROCE-Leaf-6.GPU.S9825,FourHundredGigE1/0/61,0,0,0,0,0,0
2024/05/24 星期五 00:47:29.198,1716482849198,NH-DC-NM129-D04-ROCE-Leaf-6.GPU.S9825,FourHundredGigE1/0/61,319988,1168455552,290028,1140567624,2.89,2.84
2024/05/24 星期五 00:47:29.705,1716482849705,NH-DC-NM129-D04-ROCE-Leaf-6.GPU.S9825,FourHundredGigE1/0/61,283292,1142386572,113332,425427988,2.81,1.04
2024/05/24 星期五 00:47:30.299,1716482850299,NH-DC-NM129-D04-ROCE-Leaf-6.GPU.S9825,FourHundredGigE1/0/61,0,0,0,0,0,0
2024/05/24 星期五 00:47:30.834,1716482850834,NH-DC-NM129-D04-ROCE-Leaf-6.GPU.S9825,FourHundredGigE1/0/61,298847,1201484206,134689,489893338,2.80,1.12
2024/05/24 星期五 00:47:31.593,1716482851593,NH-DC-NM129-D04-ROCE-Leaf-6.GPU.S9825,FourHundredGigE1/0/61,0,0,0,0,0,0
2024/05/24 星期五 00:47:32.127,1716482852127,NH-DC-NM129-D04-ROCE-Leaf-6.GPU.S9825,FourHundredGigE1/0/61,187437,731050626,68369,183599342,1.71,0.42
2024/05/24 星期五 00:47:32.626,1716482852626,NH-DC-NM129-D04-ROCE-Leaf-6.GPU.S9825,FourHundredGigE1/0/61,0,0,0,0,0,0
2024/05/24 星期五 00:47:33.127,1716482853127,NH-DC-NM129-D04-ROCE-Leaf-6.GPU.S9825,FourHundredGigE1/0/61,388263,1475656486,182447,679677374,3.67,1.67
2024/05/24 星期五 00:47:33.824,1716482853824,NH-DC-NM129-D04-ROCE-Leaf-6.GPU.S9825,FourHundredGigE1/0/61,165130,629667812,228270,890608312,1.11,1.60
2024/05/24 星期五 00:47:34.333,1716482854333,NH-DC-NM129-D04-ROCE-Leaf-6.GPU.S9825,FourHundredGigE1/0/61,0,0,0,0,0,0
2024/05/24 星期五 00:47:35.061,1716482855061,NH-DC-NM129-D04-ROCE-Leaf-6.GPU.S9825,FourHundredGigE1/0/61,76448,273731616,728561,2940588202,0.46,5.05
2024/05/24 星期五 00:47:35.587,1716482855587,NH-DC-NM129-D04-ROCE-Leaf-6.GPU.S9825,FourHundredGigE1/0/61,0,0,0,0,0,0
2024/05/24 星期五 00:47:36.089,1716482856089,NH-DC-NM129-D04-ROCE-Leaf-6.GPU.S9825,FourHundredGigE1/0/61,151581,585859494,105828,377938960,1.44,0.92
2024/05/24 星期五 00:47:36.656,1716482856656,NH-DC-NM129-D04-ROCE-Leaf-6.GPU.S9825,FourHundredGigE1/0/61,333040,1368921688,227978,879904864,3.00,1.92
2024/05/24 星期五 00:47:37.401,1716482857401,NH-DC-NM129-D04-ROCE-Leaf-6.GPU.S9825,FourHundredGigE1/0/61,0,0,0,0,0,0
2024/05/24 星期五 00:47:37.902,1716482857902,NH-DC-NM129-D04-ROCE-Leaf-6.GPU.S9825,FourHundredGigE1/0/61,316966,1220690455,182750,658538908,3.04,1.62
2024/05/24 星期五 00:47:39.043,1716482859043,NH-DC-NM129-D04-ROCE-Leaf-6.GPU.S9825,FourHundredGigE1/0/61,244812,941896380,636079,2528484026,1.03,2.76
2024/05/24 星期五 00:47:39.558,1716482859558,NH-DC-NM129-D04-ROCE-Leaf-6.GPU.S9825,FourHundredGigE1/0/61,0,0,0,0,0,0
2024/05/24 星期五 00:47:40.075,1716482860075,NH-DC-NM129-D04-ROCE-Leaf-6.GPU.S9825,FourHundredGigE1/0/61,138189,507926986,225192,844701992,1.21,2.03
2024/05/24 星期五 00:47:40.766,1716482860766,NH-DC-NM129-D04-ROCE-Leaf-6.GPU.S9825,FourHundredGigE1/0/61,101957,380755110,144979,553470518,0.69,0.99
2024/05/24 星期五 00:47:41.321,1716482861321,NH-DC-NM129-D04-ROCE-Leaf-6.GPU.S9825,FourHundredGigE1/0/61,285507,1075563040,281826,1117480284,2.41,2.5
2024/05/24 星期五 00:47:42.281,1716482862281,NH-DC-NM129-D04-ROCE-Leaf-6.GPU.S9825,FourHundredGigE1/0/61,0,0,0,0,0,0
2024/05/24 星期五 00:47:42.802,1716482862802,NH-DC-NM129-D04-ROCE-Leaf-6.GPU.S9825,FourHundredGigE1/0/61,191723,772562413,100538,344600061,1.85,0.82
2024/05/24 星期五 00:47:43.347,1716482863347,NH-DC-NM129-D04-ROCE-Leaf-6.GPU.S9825,FourHundredGigE1/0/61,119503,414319190,163435,648595946,0.94,1.47
2024/05/24 星期五 00:47:44.214,1716482864214,NH-DC-NM129-D04-ROCE-Leaf-6.GPU.S9825,FourHundredGigE1/0/61,0,0,0,0,0,0
2024/05/24 星期五 00:47:44.723,1716482864723,NH-DC-NM129-D04-ROCE-Leaf-6.GPU.S9825,FourHundredGigE1/0/61,133004,495458996,139432,507921976,1.20,1.23
2024/05/24 星期五 00:47:45.345,1716482865345,NH-DC-NM129-D04-ROCE-Leaf-6.GPU.S9825,FourHundredGigE1/0/61,0,0,0,0,0,0
2024/05/24 星期五 00:47:45.965,1716482865965,NH-DC-NM129-D04-ROCE-Leaf-6.GPU.S9825,FourHundredGigE1/0/61,144693,550148982,175428,635561272,1.11,1.27
2024/05/24 星期五 00:47:46.570,1716482866570,NH-DC-NM129-D04-ROCE-Leaf-6.GPU.S9825,FourHundredGigE1/0/61,147018,530643060,141393,527129950,1.10,1.07
2024/05/24 星期五 00:47:48.065,1716482868065,NH-DC-NM129-D04-ROCE-Leaf-6.GPU.S9825,FourHundredGigE1/0/61,233636,929105752,268914,1086744468,0.77,0.90
2024/05/24 星期五 00:47:48.662,1716482868662,NH-DC-NM129-D04-ROCE-Leaf-6.GPU.S9825,FourHundredGigE1/0/61,303480,1217405536,109405,405573678,2.53,0.84
2024/05/24 星期五 00:47:49.348,1716482869348,NH-DC-NM129-D04-ROCE-Leaf-6.GPU.S9825,FourHundredGigE1/0/61,0,0,0,0,0,0
2024/05/24 星期五 00:47:49.851,1716482869851,NH-DC-NM129-D04-ROCE-Leaf-6.GPU.S9825,FourHundredGigE1/0/61,101281,357400746,43352,146910400,0.87,0.35
2024/05/24 星期五 00:47:50.391,1716482870391,NH-DC-NM129-D04-ROCE-Leaf-6.GPU.S9825,FourHundredGigE1/0/61,137898,482198744,170055,634845066,1.11,1.46
2024/05/24 星期五 00:47:51.136,1716482871136,NH-DC-NM129-D04-ROCE-Leaf-6.GPU.S9825,FourHundredGigE1/0/61,0,0,0,0,0,0
2024/05/24 星期五 00:47:51.638,1716482871638,NH-DC-NM129-D04-ROCE-Leaf-6.GPU.S9825,FourHundredGigE1/0/61,0,0,0,0,0,0
2024/05/24 星期五 00:47:52.140,1716482872140,NH-DC-NM129-D04-ROCE-Leaf-6.GPU.S9825,FourHundredGigE1/0/61,141043,514742180,425834,1664931280,1.27,4.13
2024/05/24 星期五 00:47:52.795,1716482872795,NH-DC-NM129-D04-ROCE-Leaf-6.GPU.S9825,FourHundredGigE1/0/61,635468,2567220710,1056555,4271143506,4.89,8.15
2024/05/24 星期五 00:47:53.300,1716482873300,NH-DC-NM129-D04-ROCE-Leaf-6.GPU.S9825,FourHundredGigE1/0/61,0,0,0,0,0,0
2024/05/24 星期五 00:47:54.181,1716482874181,NH-DC-NM129-D04-ROCE-Leaf-6.GPU.S9825,FourHundredGigE1/0/61,99663,329124158,1078177,4314433190,0.45,6.12
2024/05/24 星期五 00:47:54.843,1716482874843,NH-DC-NM129-D04-ROCE-Leaf-6.GPU.S9825,FourHundredGigE1/0/61,414063,1668002434,1168990,4715484608,3.13,8.89
2024/05/24 星期五 00:47:55.544,1716482875544,NH-DC-NM129-D04-ROCE-Leaf-6.GPU.S9825,FourHundredGigE1/0/61,188957,705844642,994703,4036896450,1.25,7.19
2024/05/24 星期五 00:47:56.247,1716482876247,NH-DC-NM129-D04-ROCE-Leaf-6.GPU.S9825,FourHundredGigE1/0/61,0,0,0,0,0,0
2024/05/24 星期五 00:47:56.749,1716482876749,NH-DC-NM129-D04-ROCE-Leaf-6.GPU.S9825,FourHundredGigE1/0/61,433441,1510570060,121027,415758762,3.76,1.02
2024/05/24 星期五 00:47:57.288,1716482877288,NH-DC-NM129-D04-ROCE-Leaf-6.GPU.S9825,FourHundredGigE1/0/61,0,0,0,0,0,0
2024/05/24 星期五 00:47:58.089,1716482878089,NH-DC-NM129-D04-ROCE-Leaf-6.GPU.S9825,FourHundredGigE1/0/61,254531,766468944,144393,520445102,1.19,0.81
2024/05/24 星期五 00:47:58.589,1716482878589,NH-DC-NM129-D04-ROCE-Leaf-6.GPU.S9825,FourHundredGigE1/0/61,0,0,0,0,0,0
2024/05/24 星期五 00:47:59.098,1716482879098,NH-DC-NM129-D04-ROCE-Leaf-6.GPU.S9825,FourHundredGigE1/0/61,154609,614562962,118585,447979306,1.50,1.08
2024/05/24 星期五 00:47:59.834,1716482879834,NH-DC-NM129-D04-ROCE-Leaf-6.GPU.S9825,FourHundredGigE1/0/61,180282,693223672,170566,662898372,1.17,1.12
2024/05/24 星期五 00:48:00.334,1716482880334,NH-DC-NM129-D04-ROCE-Leaf-6.GPU.S9825,FourHundredGigE1/0/61,0,0,0,0,0,0
2024/05/24 星期五 00:48:00.962,1716482880962,NH-DC-NM129-D04-ROCE-Leaf-6.GPU.S9825,FourHundredGigE1/0/61,331873,1308788626,266759,1038124618,2.59,2.05
2024/05/24 星期五 00:48:01.661,1716482881661,NH-DC-NM129-D04-ROCE-Leaf-6.GPU.S9825,FourHundredGigE1/0/61,0,0,0,0,0,0
2024/05/24 星期五 00:48:02.159,1716482882159,NH-DC-NM129-D04-ROCE-Leaf-6.GPU.S9825,FourHundredGigE1/0/61,931398,3508053894,377678,1343693841,8.79,3.36
2024/05/24 星期五 00:48:06.587,1716482886587,NH-DC-NM129-D04-ROCE-Leaf-6.GPU.S9825,FourHundredGigE1/0/61,1028801,3942360924,658838,2488276596,1.11,0.70
2024/05/24 星期五 00:48:07.089,1716482887089,NH-DC-NM129-D04-ROCE-Leaf-6.GPU.S9825,FourHundredGigE1/0/61,245262,981264620,300033,1205258102,2.44,2.99
2024/05/24 星期五 00:48:07.590,1716482887590,NH-DC-NM129-D04-ROCE-Leaf-6.GPU.S9825,FourHundredGigE1/0/61,170420,675339111,160339,614330442,1.67,1.52
2024/05/24 星期五 00:48:08.220,1716482888220,NH-DC-NM129-D04-ROCE-Leaf-6.GPU.S9825,FourHundredGigE1/0/61,0,0,0,0,0,0
2024/05/24 星期五 00:48:08.722,1716482888722,NH-DC-NM129-D04-ROCE-Leaf-6.GPU.S9825,FourHundredGigE1/0/61,0,0,0,0,0,0
2024/05/24 星期五 00:48:09.614,1716482889614,NH-DC-NM129-D04-ROCE-Leaf-6.GPU.S9825,FourHundredGigE1/0/61,163525,616438918,80400,306441792,0.85,0.42
2024/05/24 星期五 00:48:10.115,1716482890115,NH-DC-NM129-D04-ROCE-Leaf-6.GPU.S9825,FourHundredGigE1/0/61,242663,910823046,157706,520368156,2.27,1.30
2024/05/24 星期五 00:48:10.629,1716482890629,NH-DC-NM129-D04-ROCE-Leaf-6.GPU.S9825,FourHundredGigE1/0/61,162944,629386980,207743,800913758,1.51,1.95
2024/05/24 星期五 00:48:11.380,1716482891380,NH-DC-NM129-D04-ROCE-Leaf-6.GPU.S9825,FourHundredGigE1/0/61,0,0,0,0,0,0
2024/05/24 星期五 00:48:12.081,1716482892081,NH-DC-NM129-D04-ROCE-Leaf-6.GPU.S9825,FourHundredGigE1/0/61,69423,248237214,127034,499714068,0.43,0.87
2024/05/24 星期五 00:48:12.582,1716482892582,NH-DC-NM129-D04-ROCE-Leaf-6.GPU.S9825,FourHundredGigE1/0/61,0,0,0,0,0,0
2024/05/24 星期五 00:48:13.085,1716482893085,NH-DC-NM129-D04-ROCE-Leaf-6.GPU.S9825,FourHundredGigE1/0/61,320308,1224532960,63888,194750804,3.03,0.47
2024/05/24 星期五 00:48:13.779,1716482893779,NH-DC-NM129-D04-ROCE-Leaf-6.GPU.S9825,FourHundredGigE1/0/61,264881,1006933164,355004,1436218728,1.80,2.58
2024/05/24 星期五 00:48:14.291,1716482894291,NH-DC-NM129-D04-ROCE-Leaf-6.GPU.S9825,FourHundredGigE1/0/61,0,0,0,0,0,0
2024/05/24 星期五 00:48:15.042,1716482895042,NH-DC-NM129-D04-ROCE-Leaf-6.GPU.S9825,FourHundredGigE1/0/61,886211,3571798174,115021,384161754,5.94,0.63
2024/05/24 星期五 00:48:15.656,1716482895656,NH-DC-NM129-D04-ROCE-Leaf-6.GPU.S9825,FourHundredGigE1/0/61,0,0,0,0,0,0
2024/05/24 星期五 00:48:16.159,1716482896159,NH-DC-NM129-D04-ROCE-Leaf-6.GPU.S9825,FourHundredGigE1/0/61,2225952,9092826476,187364,719798348,22.59,1.76
2024/05/24 星期五 00:48:16.863,1716482896863,NH-DC-NM129-D04-ROCE-Leaf-6.GPU.S9825,FourHundredGigE1/0/61,1927337,7835628632,142767,540428898,13.90,0.96
2024/05/24 星期五 00:48:17.427,1716482897427,NH-DC-NM129-D04-ROCE-Leaf-6.GPU.S9825,FourHundredGigE1/0/61,0,0,0,0,0,0
2024/05/24 星期五 00:48:17.929,1716482897929,NH-DC-NM129-D04-ROCE-Leaf-6.GPU.S9825,FourHundredGigE1/0/61,598192,2289519278,343069,1364090538,5.68,3.39
2024/05/24 星期五 00:48:18.689,1716482898689,NH-DC-NM129-D04-ROCE-Leaf-6.GPU.S9825,FourHundredGigE1/0/61,196361,637035320,166642,621564510,1.04,1.02
2024/05/24 星期五 00:48:19.205,1716482899205,NH-DC-NM129-D04-ROCE-Leaf-6.GPU.S9825,FourHundredGigE1/0/61,0,0,0,0,0,0
2024/05/24 星期五 00:48:19.729,1716482899729,NH-DC-NM129-D04-ROCE-Leaf-6.GPU.S9825,FourHundredGigE1/0/61,328494,1216374564,127967,423887512,2.89,1.00
2024/05/24 星期五 00:48:20.344,1716482900344,NH-DC-NM129-D04-ROCE-Leaf-6.GPU.S9825,FourHundredGigE1/0/61,0,0,0,0,0,0
2024/05/24 星期五 00:48:20.978,1716482900978,NH-DC-NM129-D04-ROCE-Leaf-6.GPU.S9825,FourHundredGigE1/0/61,114932,346724024,136175,505866014,0.67,0.99
2024/05/24 星期五 00:48:21.501,1716482901501,NH-DC-NM129-D04-ROCE-Leaf-6.GPU.S9825,FourHundredGigE1/0/61,450422,1811181316,980915,4010748718,4.33,9.58
2024/05/24 星期五 00:48:22.294,1716482902294,NH-DC-NM129-D04-ROCE-Leaf-6.GPU.S9825,FourHundredGigE1/0/61,0,0,0,0,0,0
2024/05/24 星期五 00:48:22.795,1716482902795,NH-DC-NM129-D04-ROCE-Leaf-6.GPU.S9825,FourHundredGigE1/0/61,113251,435214734,162428,646828700,1.07,1.60
2024/05/24 星期五 00:48:23.298,1716482903298,NH-DC-NM129-D04-ROCE-Leaf-6.GPU.S9825,FourHundredGigE1/0/61,0,0,0,0,0,0
2024/05/24 星期五 00:48:23.798,1716482903798,NH-DC-NM129-D04-ROCE-Leaf-6.GPU.S9825,FourHundredGigE1/0/61,234930,889552346,236164,905505964,2.2,2.25
2024/05/24 星期五 00:48:24.460,1716482904460,NH-DC-NM129-D04-ROCE-Leaf-6.GPU.S9825,FourHundredGigE1/0/61,0,0,0,0,0,0
2024/05/24 星期五 00:48:24.958,1716482904958,NH-DC-NM129-D04-ROCE-Leaf-6.GPU.S9825,FourHundredGigE1/0/61,155618,594336722,377455,1448957078,1.48,3.61
2024/05/24 星期五 00:48:25.759,1716482905759,NH-DC-NM129-D04-ROCE-Leaf-6.GPU.S9825,FourHundredGigE1/0/61,190443,740104648,255762,998451860,1.15,1.54
2024/05/24 星期五 00:48:26.262,1716482906262,NH-DC-NM129-D04-ROCE-Leaf-6.GPU.S9825,FourHundredGigE1/0/61,0,0,0,0,0,0
2024/05/24 星期五 00:48:26.763,1716482906763,NH-DC-NM129-D04-ROCE-Leaf-6.GPU.S9825,FourHundredGigE1/0/61,252021,997182638,151123,587065382,2.47,1.45
2024/05/24 星期五 00:48:27.264,1716482907264,NH-DC-NM129-D04-ROCE-Leaf-6.GPU.S9825,FourHundredGigE1/0/61,0,0,0,0,0,0
2024/05/24 星期五 00:48:29.148,1716482909148,NH-DC-NM129-D04-ROCE-Leaf-6.GPU.S9825,FourHundredGigE1/0/61,523998,2024851218,527240,2069455012,1.34,1.37
2024/05/24 星期五 00:48:29.649,1716482909649,NH-DC-NM129-D04-ROCE-Leaf-6.GPU.S9825,FourHundredGigE1/0/61,0,0,0,0,0,0
2024/05/24 星期五 00:48:30.150,1716482910150,NH-DC-NM129-D04-ROCE-Leaf-6.GPU.S9825,FourHundredGigE1/0/61,158526,486452988,268048,1014085632,1.20,2.52
2024/05/24 星期五 00:48:30.720,1716482910720,NH-DC-NM129-D04-ROCE-Leaf-6.GPU.S9825,FourHundredGigE1/0/61,218038,845406492,113778,410565668,1.84,0.90
2024/05/24 星期五 00:48:31.374,1716482911374,NH-DC-NM129-D04-ROCE-Leaf-6.GPU.S9825,FourHundredGigE1/0/61,0,0,0,0,0,0
2024/05/24 星期五 00:48:31.878,1716482911878,NH-DC-NM129-D04-ROCE-Leaf-6.GPU.S9825,FourHundredGigE1/0/61,134731,532597862,130401,449025986,1.31,1.09
2024/05/24 星期五 00:48:32.624,1716482912624,NH-DC-NM129-D04-ROCE-Leaf-6.GPU.S9825,FourHundredGigE1/0/61,0,0,0,0,0,0
2024/05/24 星期五 00:48:33.138,1716482913138,NH-DC-NM129-D04-ROCE-Leaf-6.GPU.S9825,FourHundredGigE1/0/61,106760,366056824,66813,225176610,0.88,0.54
2024/05/24 星期五 00:48:33.641,1716482913641,NH-DC-NM129-D04-ROCE-Leaf-6.GPU.S9825,FourHundredGigE1/0/61,0,0,0,0,0,0
2024/05/24 星期五 00:48:34.141,1716482914141,NH-DC-NM129-D04-ROCE-Leaf-6.GPU.S9825,FourHundredGigE1/0/61,107214,396890560,79778,287272260,0.98,0.7
2024/05/24 星期五 00:48:34.723,1716482914723,NH-DC-NM129-D04-ROCE-Leaf-6.GPU.S9825,FourHundredGigE1/0/61,61651,213802646,230269,908496618,0.45,1.93
2024/05/24 星期五 00:48:35.268,1716482915268,NH-DC-NM129-D04-ROCE-Leaf-6.GPU.S9825,FourHundredGigE1/0/61,0,0,0,0,0,0
2024/05/24 星期五 00:48:36.065,1716482916065,NH-DC-NM129-D04-ROCE-Leaf-6.GPU.S9825,FourHundredGigE1/0/61,311700,1226761072,218566,848803308,1.91,1.32
2024/05/24 星期五 00:48:36.566,1716482916566,NH-DC-NM129-D04-ROCE-Leaf-6.GPU.S9825,FourHundredGigE1/0/61,0,0,0,0,0,0
2024/05/24 星期五 00:48:37.067,1716482917067,NH-DC-NM129-D04-ROCE-Leaf-6.GPU.S9825,FourHundredGigE1/0/61,515282,2062517356,160705,622704714,5.14,1.55
2024/05/24 星期五 00:48:37.624,1716482917624,NH-DC-NM129-D04-ROCE-Leaf-6.GPU.S9825,FourHundredGigE1/0/61,0,0,0,0,0,0
2024/05/24 星期五 00:48:38.669,1716482918669,NH-DC-NM129-D04-ROCE-Leaf-6.GPU.S9825,FourHundredGigE1/0/61,296111,1140709585,229346,847615964,1.36,1.00
2024/05/24 星期五 00:48:39.268,1716482919268,NH-DC-NM129-D04-ROCE-Leaf-6.GPU.S9825,FourHundredGigE1/0/61,0,0,0,0,0,0
2024/05/24 星期五 00:48:39.769,1716482919769,NH-DC-NM129-D04-ROCE-Leaf-6.GPU.S9825,FourHundredGigE1/0/61,427694,0,398814,0,0,0
2024/05/24 星期五 00:48:40.269,1716482920269,NH-DC-NM129-D04-ROCE-Leaf-6.GPU.S9825,FourHundredGigE1/0/61,0,1693521240,0,1340300176,4.22,3.35
2024/05/24 星期五 00:48:40.846,1716482920846,NH-DC-NM129-D04-ROCE-Leaf-6.GPU.S9825,FourHundredGigE1/0/61,2151499,8795813860,214754,773690414,19.04,1.67
2024/05/24 星期五 00:48:41.517,1716482921517,NH-DC-NM129-D04-ROCE-Leaf-6.GPU.S9825,FourHundredGigE1/0/61,2201113,9008758632,105426,399986046,16.77,0.73
2024/05/24 星期五 00:48:42.518,1716482922518,NH-DC-NM129-D04-ROCE-Leaf-6.GPU.S9825,FourHundredGigE1/0/61,0,0,0,0,0,0
2024/05/24 星期五 00:48:43.077,1716482923077,NH-DC-NM129-D04-ROCE-Leaf-6.GPU.S9825,FourHundredGigE1/0/61,517072,2097518216,107380,382392036,4.67,0.85
2024/05/24 星期五 00:48:43.587,1716482923587,NH-DC-NM129-D04-ROCE-Leaf-6.GPU.S9825,FourHundredGigE1/0/61,454717,1855402482,460791,1833888286,4.53,4.49
2024/05/24 星期五 00:48:44.279,1716482924279,NH-DC-NM129-D04-ROCE-Leaf-6.GPU.S9825,FourHundredGigE1/0/61,0,0,0,0,0,0
2024/05/24 星期五 00:48:44.919,1716482924919,NH-DC-NM129-D04-ROCE-Leaf-6.GPU.S9825,FourHundredGigE1/0/61,1038289,4241445904,241202,974166980,8.28,1.89
2024/05/24 星期五 00:48:45.450,1716482925450,NH-DC-NM129-D04-ROCE-Leaf-6.GPU.S9825,FourHundredGigE1/0/61,356030,1450237922,41909,150709926,3.41,0.35
2024/05/24 星期五 00:48:46.246,1716482926246,NH-DC-NM129-D04-ROCE-Leaf-6.GPU.S9825,FourHundredGigE1/0/61,0,0,0,0,0,0
2024/05/24 星期五 00:48:47.160,1716482927160,NH-DC-NM129-D04-ROCE-Leaf-6.GPU.S9825,FourHundredGigE1/0/61,234435,930280054,1485738,6071691720,1.27,8.30
2024/05/24 星期五 00:48:47.742,1716482927742,NH-DC-NM129-D04-ROCE-Leaf-6.GPU.S9825,FourHundredGigE1/0/61,163006,609256728,2424442,9917117832,1.29,21.28
2024/05/24 星期五 00:48:48.369,1716482928369,NH-DC-NM129-D04-ROCE-Leaf-6.GPU.S9825,FourHundredGigE1/0/61,0,0,0,0,0,0
2024/05/24 星期五 00:48:48.916,1716482928916,NH-DC-NM129-D04-ROCE-Leaf-6.GPU.S9825,FourHundredGigE1/0/61,99632,378530540,645063,2606842182,0.85,5.94
2024/05/24 星期五 00:48:50.194,1716482930194,NH-DC-NM129-D04-ROCE-Leaf-6.GPU.S9825,FourHundredGigE1/0/61,151099,582518514,184733,689993650,0.57,0.67
2024/05/24 星期五 00:48:50.753,1716482930753,NH-DC-NM129-D04-ROCE-Leaf-6.GPU.S9825,FourHundredGigE1/0/61,367898,1477244090,332685,1257677286,3.29,2.80
2024/05/24 星期五 00:48:51.256,1716482931256,NH-DC-NM129-D04-ROCE-Leaf-6.GPU.S9825,FourHundredGigE1/0/61,0,0,0,0,0,0
2024/05/24 星期五 00:48:51.819,1716482931819,NH-DC-NM129-D04-ROCE-Leaf-6.GPU.S9825,FourHundredGigE1/0/61,284499,1122597064,178670,639922684,2.49,1.40
2024/05/24 星期五 00:48:52.378,1716482932378,NH-DC-NM129-D04-ROCE-Leaf-6.GPU.S9825,FourHundredGigE1/0/61,0,0,0,0,0,0
2024/05/24 星期五 00:48:53.087,1716482933087,NH-DC-NM129-D04-ROCE-Leaf-6.GPU.S9825,FourHundredGigE1/0/61,249274,963517036,132680,446396060,1.69,0.78
2024/05/24 星期五 00:48:53.636,1716482933636,NH-DC-NM129-D04-ROCE-Leaf-6.GPU.S9825,FourHundredGigE1/0/61,434395,1738531658,125934,414533982,3.94,0.93
2024/05/24 星期五 00:48:54.256,1716482934256,NH-DC-NM129-D04-ROCE-Leaf-6.GPU.S9825,FourHundredGigE1/0/61,0,0,0,0,0,0
2024/05/24 星期五 00:48:54.970,1716482934970,NH-DC-NM129-D04-ROCE-Leaf-6.GPU.S9825,FourHundredGigE1/0/61,393934,1588651348,273666,1097251290,2.77,1.91
2024/05/24 星期五 00:48:55.690,1716482935690,NH-DC-NM129-D04-ROCE-Leaf-6.GPU.S9825,FourHundredGigE1/0/61,191751,730353288,150381,558413982,1.27,0.95
2024/05/24 星期五 00:48:56.397,1716482936397,NH-DC-NM129-D04-ROCE-Leaf-6.GPU.S9825,FourHundredGigE1/0/61,0,0,0,0,0,0
2024/05/24 星期五 00:48:56.965,1716482936965,NH-DC-NM129-D04-ROCE-Leaf-6.GPU.S9825,FourHundredGigE1/0/61,129498,528411654,81399,292257686,1.14,0.64
2024/05/24 星期五 00:48:57.466,1716482937466,NH-DC-NM129-D04-ROCE-Leaf-6.GPU.S9825,FourHundredGigE1/0/61,0,0,0,0,0,0
2024/05/24 星期五 00:48:58.047,1716482938047,NH-DC-NM129-D04-ROCE-Leaf-6.GPU.S9825,FourHundredGigE1/0/61,187318,720444776,204948,814820480,1.55,1.74
2024/05/24 星期五 00:48:58.673,1716482938673,NH-DC-NM129-D04-ROCE-Leaf-6.GPU.S9825,FourHundredGigE1/0/61,134040,483741956,140644,524440008,0.96,1.04
2024/05/24 星期五 00:48:59.275,1716482939275,NH-DC-NM129-D04-ROCE-Leaf-6.GPU.S9825,FourHundredGigE1/0/61,0,0,0,0,0,0
2024/05/24 星期五 00:48:59.977,1716482939977,NH-DC-NM129-D04-ROCE-Leaf-6.GPU.S9825,FourHundredGigE1/0/61,207711,795673158,263911,1033723098,1.41,1.83
2024/05/24 星期五 00:49:00.489,1716482940489,NH-DC-NM129-D04-ROCE-Leaf-6.GPU.S9825,FourHundredGigE1/0/61,0,0,0,0,0,0
2024/05/24 星期五 00:49:00.991,1716482940991,NH-DC-NM129-D04-ROCE-Leaf-6.GPU.S9825,FourHundredGigE1/0/61,131359,480802850,110294,419455860,1.20,1.02
2024/05/24 星期五 00:49:01.546,1716482941546,NH-DC-NM129-D04-ROCE-Leaf-6.GPU.S9825,FourHundredGigE1/0/61,0,0,0,0,0,0
2024/05/24 星期五 00:49:02.082,1716482942082,NH-DC-NM129-D04-ROCE-Leaf-6.GPU.S9825,FourHundredGigE1/0/61,620659,2483472700,584418,2314374608,5.78,5.39
2024/05/24 星期五 00:49:03.793,1716482943793,NH-DC-NM129-D04-ROCE-Leaf-6.GPU.S9825,FourHundredGigE1/0/61,52395,144198816,280276,1132194972,0.10,0.83
2024/05/24 星期五 00:49:04.744,1716482944744,NH-DC-NM129-D04-ROCE-Leaf-6.GPU.S9825,FourHundredGigE1/0/61,307738,1231506892,481165,1924057210,1.62,2.52
2024/05/24 星期五 00:49:05.398,1716482945398,NH-DC-NM129-D04-ROCE-Leaf-6.GPU.S9825,FourHundredGigE1/0/61,0,0,0,0,0,0
2024/05/24 星期五 00:49:05.912,1716482945912,NH-DC-NM129-D04-ROCE-Leaf-6.GPU.S9825,FourHundredGigE1/0/61,231371,913192530,312281,1236539766,2.21,2.99
2024/05/24 星期五 00:49:06.412,1716482946412,NH-DC-NM129-D04-ROCE-Leaf-6.GPU.S9825,FourHundredGigE1/0/61,0,0,0,0,0,0
2024/05/24 星期五 00:49:07.139,1716482947139,NH-DC-NM129-D04-ROCE-Leaf-6.GPU.S9825,FourHundredGigE1/0/61,157414,603471122,180873,703202998,1.03,1.20
2024/05/24 星期五 00:49:07.691,1716482947691,NH-DC-NM129-D04-ROCE-Leaf-6.GPU.S9825,FourHundredGigE1/0/61,0,0,0,0,0,0
2024/05/24 星期五 00:49:08.196,1716482948196,NH-DC-NM129-D04-ROCE-Leaf-6.GPU.S9825,FourHundredGigE1/0/61,219999,754698031,156230,606511072,1.86,1.49
2024/05/24 星期五 00:49:08.819,1716482948819,NH-DC-NM129-D04-ROCE-Leaf-6.GPU.S9825,FourHundredGigE1/0/61,423209,1668159128,422936,1657642592,3.33,3.31
2024/05/24 星期五 00:49:09.359,1716482949359,NH-DC-NM129-D04-ROCE-Leaf-6.GPU.S9825,FourHundredGigE1/0/61,0,0,0,0,0,0
2024/05/24 星期五 00:49:09.882,1716482949882,NH-DC-NM129-D04-ROCE-Leaf-6.GPU.S9825,FourHundredGigE1/0/61,258170,976875984,401881,1593013310,2.32,3.80
2024/05/24 星期五 00:49:10.515,1716482950515,NH-DC-NM129-D04-ROCE-Leaf-6.GPU.S9825,FourHundredGigE1/0/61,88625,281049608,104331,376865026,0.55,0.73
2024/05/24 星期五 00:49:11.143,1716482951143,NH-DC-NM129-D04-ROCE-Leaf-6.GPU.S9825,FourHundredGigE1/0/61,0,0,0,0,0,0
2024/05/24 星期五 00:49:11.744,1716482951744,NH-DC-NM129-D04-ROCE-Leaf-6.GPU.S9825,FourHundredGigE1/0/61,160013,571256862,131098,471622436,1.19,0.98
2024/05/24 星期五 00:49:12.353,1716482952353,NH-DC-NM129-D04-ROCE-Leaf-6.GPU.S9825,FourHundredGigE1/0/61,0,0,0,0,0,0
2024/05/24 星期五 00:49:12.855,1716482952855,NH-DC-NM129-D04-ROCE-Leaf-6.GPU.S9825,FourHundredGigE1/0/61,556221,2218929188,300847,1155791234,5.50,2.86
2024/05/24 星期五 00:49:13.422,1716482953422,NH-DC-NM129-D04-ROCE-Leaf-6.GPU.S9825,FourHundredGigE1/0/61,152918,581474414,111026,403863568,1.28,0.88
2024/05/24 星期五 00:49:14.222,1716482954222,NH-DC-NM129-D04-ROCE-Leaf-6.GPU.S9825,FourHundredGigE1/0/61,0,0,0,0,0,0
2024/05/24 星期五 00:49:14.759,1716482954759,NH-DC-NM129-D04-ROCE-Leaf-6.GPU.S9825,FourHundredGigE1/0/61,124647,441031006,197248,755686854,1.02,1.75
2024/05/24 星期五 00:49:15.317,1716482955317,NH-DC-NM129-D04-ROCE-Leaf-6.GPU.S9825,FourHundredGigE1/0/61,0,0,0,0,0,0
2024/05/24 星期五 00:49:15.929,1716482955929,NH-DC-NM129-D04-ROCE-Leaf-6.GPU.S9825,FourHundredGigE1/0/61,179061,685680370,481858,1958814408,1.39,3.98
2024/05/24 星期五 00:49:16.430,1716482956430,NH-DC-NM129-D04-ROCE-Leaf-6.GPU.S9825,FourHundredGigE1/0/61,0,0,0,0,0,0
2024/05/24 星期五 00:49:17.070,1716482957070,NH-DC-NM129-D04-ROCE-Leaf-6.GPU.S9825,FourHundredGigE1/0/61,96021,366643086,280520,1100742506,0.70,2.15
2024/05/24 星期五 00:49:17.673,1716482957673,NH-DC-NM129-D04-ROCE-Leaf-6.GPU.S9825,FourHundredGigE1/0/61,0,0,0,0,0,0
2024/05/24 星期五 00:49:18.833,1716482958833,NH-DC-NM129-D04-ROCE-Leaf-6.GPU.S9825,FourHundredGigE1/0/61,464507,1759254530,290373,1097693882,1.89,1.17
2024/05/24 星期五 00:49:19.350,1716482959350,NH-DC-NM129-D04-ROCE-Leaf-6.GPU.S9825,FourHundredGigE1/0/61,0,0,0,0,0,0
2024/05/24 星期五 00:49:19.888,1716482959888,NH-DC-NM129-D04-ROCE-Leaf-6.GPU.S9825,FourHundredGigE1/0/61,125946,438302192,414384,1627483260,1.00,3.76
2024/05/24 星期五 00:49:20.861,1716482960861,NH-DC-NM129-D04-ROCE-Leaf-6.GPU.S9825,FourHundredGigE1/0/61,163822,636690802,237723,945607370,0.81,1.21
2024/05/24 星期五 00:49:21.362,1716482961362,NH-DC-NM129-D04-ROCE-Leaf-6.GPU.S9825,FourHundredGigE1/0/61,0,0,0,0,0,0
2024/05/24 星期五 00:49:21.877,1716482961877,NH-DC-NM129-D04-ROCE-Leaf-6.GPU.S9825,FourHundredGigE1/0/61,123209,474389492,215451,798520478,1.14,1.92
2024/05/24 星期五 00:49:22.378,1716482962378,NH-DC-NM129-D04-ROCE-Leaf-6.GPU.S9825,FourHundredGigE1/0/61,0,0,0,0,0,0
2024/05/24 星期五 00:49:23.003,1716482963003,NH-DC-NM129-D04-ROCE-Leaf-6.GPU.S9825,FourHundredGigE1/0/61,69726,232909568,155536,613406336,0.46,1.22
2024/05/24 星期五 00:49:23.600,1716482963600,NH-DC-NM129-D04-ROCE-Leaf-6.GPU.S9825,FourHundredGigE1/0/61,186766,679229560,300612,1230226264,1.40,2.58
2024/05/24 星期五 00:49:24.194,1716482964194,NH-DC-NM129-D04-ROCE-Leaf-6.GPU.S9825,FourHundredGigE1/0/61,0,0,0,0,0,0
2024/05/24 星期五 00:49:24.749,1716482964749,NH-DC-NM129-D04-ROCE-Leaf-6.GPU.S9825,FourHundredGigE1/0/61,112410,422244946,105745,367797256,0.95,0.81
2024/05/24 星期五 00:49:25.300,1716482965300,NH-DC-NM129-D04-ROCE-Leaf-6.GPU.S9825,FourHundredGigE1/0/61,0,0,0,0,0,0
2024/05/24 星期五 00:49:25.801,1716482965801,NH-DC-NM129-D04-ROCE-Leaf-6.GPU.S9825,FourHundredGigE1/0/61,62205,237466500,79451,292462740,0.57,0.72
2024/05/24 星期五 00:49:26.352,1716482966352,NH-DC-NM129-D04-ROCE-Leaf-6.GPU.S9825,FourHundredGigE1/0/61,0,0,0,0,0,0
2024/05/24 星期五 00:49:26.932,1716482966932,NH-DC-NM129-D04-ROCE-Leaf-6.GPU.S9825,FourHundredGigE1/0/61,426624,1609233728,450206,1824798724,3.45,3.92
2024/05/24 星期五 00:49:27.552,1716482967552,NH-DC-NM129-D04-ROCE-Leaf-6.GPU.S9825,FourHundredGigE1/0/61,0,0,0,0,0,0
2024/05/24 星期五 00:49:28.059,1716482968059,NH-DC-NM129-D04-ROCE-Leaf-6.GPU.S9825,FourHundredGigE1/0/61,174382,656977848,412725,1554436746,1.60,3.82
2024/05/24 星期五 00:49:28.632,1716482968632,NH-DC-NM129-D04-ROCE-Leaf-6.GPU.S9825,FourHundredGigE1/0/61,0,0,0,0,0,0
2024/05/24 星期五 00:49:29.153,1716482969153,NH-DC-NM129-D04-ROCE-Leaf-6.GPU.S9825,FourHundredGigE1/0/61,220338,792629932,76773,249264818,1.90,0.58
2024/05/24 星期五 00:49:29.829,1716482969829,NH-DC-NM129-D04-ROCE-Leaf-6.GPU.S9825,FourHundredGigE1/0/61,142802,454961324,93170,344215296,0.83,0.63
2024/05/24 星期五 00:49:30.330,1716482970330,NH-DC-NM129-D04-ROCE-Leaf-6.GPU.S9825,FourHundredGigE1/0/61,0,0,0,0,0,0
2024/05/24 星期五 00:49:31.049,1716482971049,NH-DC-NM129-D04-ROCE-Leaf-6.GPU.S9825,FourHundredGigE1/0/61,414017,1414912500,400989,1652721854,2.45,2.87
2024/05/24 星期五 00:49:31.636,1716482971636,NH-DC-NM129-D04-ROCE-Leaf-6.GPU.S9825,FourHundredGigE1/0/61,0,0,0,0,0,0
2024/05/24 星期五 00:49:32.160,1716482972160,NH-DC-NM129-D04-ROCE-Leaf-6.GPU.S9825,FourHundredGigE1/0/61,132539,491978356,123371,409841198,1.17,0.95
2024/05/24 星期五 00:49:32.688,1716482972688,NH-DC-NM129-D04-ROCE-Leaf-6.GPU.S9825,FourHundredGigE1/0/61,314703,1277039046,154674,617689232,3.01,1.44
2024/05/24 星期五 00:49:33.212,1716482973212,NH-DC-NM129-D04-ROCE-Leaf-6.GPU.S9825,FourHundredGigE1/0/61,0,0,0,0,0,0
2024/05/24 星期五 00:49:33.737,1716482973737,NH-DC-NM129-D04-ROCE-Leaf-6.GPU.S9825,FourHundredGigE1/0/61,936944,3828205882,329607,1349723900,9.10,3.19
2024/05/24 星期五 00:49:34.408,1716482974408,NH-DC-NM129-D04-ROCE-Leaf-6.GPU.S9825,FourHundredGigE1/0/61,0,0,0,0,0,0
2024/05/24 星期五 00:49:34.988,1716482974988,NH-DC-NM129-D04-ROCE-Leaf-6.GPU.S9825,FourHundredGigE1/0/61,1060553,4210553424,348861,1413327892,9.07,3.04
2024/05/24 星期五 00:49:35.489,1716482975489,NH-DC-NM129-D04-ROCE-Leaf-6.GPU.S9825,FourHundredGigE1/0/61,0,0,0,0,0,0
2024/05/24 星期五 00:49:35.992,1716482975992,NH-DC-NM129-D04-ROCE-Leaf-6.GPU.S9825,FourHundredGigE1/0/61,1016839,4061994862,149943,568630462,10.09,1.39
2024/05/24 星期五 00:49:36.723,1716482976723,NH-DC-NM129-D04-ROCE-Leaf-6.GPU.S9825,FourHundredGigE1/0/61,1053492,4295472292,164698,554561240,7.34,0.94
2024/05/24 星期五 00:49:37.248,1716482977248,NH-DC-NM129-D04-ROCE-Leaf-6.GPU.S9825,FourHundredGigE1/0/61,0,0,0,0,0,0
2024/05/24 星期五 00:49:37.905,1716482977905,NH-DC-NM129-D04-ROCE-Leaf-6.GPU.S9825,FourHundredGigE1/0/61,1131324,4532441395,246190,949461896,8.62,1.79
2024/05/24 星期五 00:49:38.466,1716482978466,NH-DC-NM129-D04-ROCE-Leaf-6.GPU.S9825,FourHundredGigE1/0/61,0,0,0,0,0,0
2024/05/24 星期五 00:49:38.969,1716482978969,NH-DC-NM129-D04-ROCE-Leaf-6.GPU.S9825,FourHundredGigE1/0/61,179784,437590492,153459,601868306,1.07,1.49
2024/05/24 星期五 00:49:39.493,1716482979493,NH-DC-NM129-D04-ROCE-Leaf-6.GPU.S9825,FourHundredGigE1/0/61,0,0,0,0,0,0
2024/05/24 星期五 00:49:40.140,1716482980140,NH-DC-NM129-D04-ROCE-Leaf-6.GPU.S9825,FourHundredGigE1/0/61,124150,236186472,142121,479322922,0.44,0.91
2024/05/24 星期五 00:49:40.681,1716482980681,NH-DC-NM129-D04-ROCE-Leaf-6.GPU.S9825,FourHundredGigE1/0/61,340975,1360063358,294117,1134907654,3.14,2.61
2024/05/24 星期五 00:49:41.438,1716482981438,NH-DC-NM129-D04-ROCE-Leaf-6.GPU.S9825,FourHundredGigE1/0/61,190078,747658844,311337,1217157130,1.22,2.00
2024/05/24 星期五 00:49:42.242,1716482982242,NH-DC-NM129-D04-ROCE-Leaf-6.GPU.S9825,FourHundredGigE1/0/61,0,0,0,0,0,0
2024/05/24 星期五 00:49:42.753,1716482982753,NH-DC-NM129-D04-ROCE-Leaf-6.GPU.S9825,FourHundredGigE1/0/61,190313,745160928,234588,912399924,1.81,2.23
2024/05/24 星期五 00:49:43.371,1716482983371,NH-DC-NM129-D04-ROCE-Leaf-6.GPU.S9825,FourHundredGigE1/0/61,0,0,0,0,0,0
2024/05/24 星期五 00:49:44.047,1716482984047,NH-DC-NM129-D04-ROCE-Leaf-6.GPU.S9825,FourHundredGigE1/0/61,296580,1174356022,139995,542714482,2.16,1.00
2024/05/24 星期五 00:49:44.740,1716482984740,NH-DC-NM129-D04-ROCE-Leaf-6.GPU.S9825,FourHundredGigE1/0/61,348765,1378414996,687155,2778521326,2.47,5.00
2024/05/24 星期五 00:49:45.314,1716482985314,NH-DC-NM129-D04-ROCE-Leaf-6.GPU.S9825,FourHundredGigE1/0/61,0,0,0,0,0,0
2024/05/24 星期五 00:49:45.836,1716482985836,NH-DC-NM129-D04-ROCE-Leaf-6.GPU.S9825,FourHundredGigE1/0/61,134268,505206598,157466,577664076,1.20,1.36
2024/05/24 星期五 00:49:46.338,1716482986338,NH-DC-NM129-D04-ROCE-Leaf-6.GPU.S9825,FourHundredGigE1/0/61,217812,805832172,129001,426406678,1.99,1.05
2024/05/24 星期五 00:49:47.395,1716482987395,NH-DC-NM129-D04-ROCE-Leaf-6.GPU.S9825,FourHundredGigE1/0/61,0,0,0,0,0,0
2024/05/24 星期五 00:49:47.990,1716482987990,NH-DC-NM129-D04-ROCE-Leaf-6.GPU.S9825,FourHundredGigE1/0/61,309102,1189791264,298601,1139495088,2.48,2.37
2024/05/24 星期五 00:49:48.497,1716482988497,NH-DC-NM129-D04-ROCE-Leaf-6.GPU.S9825,FourHundredGigE1/0/61,0,0,0,0,0,0
2024/05/24 星期五 00:49:49.009,1716482989009,NH-DC-NM129-D04-ROCE-Leaf-6.GPU.S9825,FourHundredGigE1/0/61,243124,972284634,176230,641895174,2.37,1.56
2024/05/24 星期五 00:49:49.511,1716482989511,NH-DC-NM129-D04-ROCE-Leaf-6.GPU.S9825,FourHundredGigE1/0/61,0,0,0,0,0,0
2024/05/24 星期五 00:49:50.013,1716482990013,NH-DC-NM129-D04-ROCE-Leaf-6.GPU.S9825,FourHundredGigE1/0/61,131154,503080120,106591,334883466,1.25,0.82
2024/05/24 星期五 00:49:50.792,1716482990792,NH-DC-NM129-D04-ROCE-Leaf-6.GPU.S9825,FourHundredGigE1/0/61,156857,615499698,109949,411455042,0.98,0.66
2024/05/24 星期五 00:49:51.449,1716482991449,NH-DC-NM129-D04-ROCE-Leaf-6.GPU.S9825,FourHundredGigE1/0/61,0,0,0,0,0,0
2024/05/24 星期五 00:49:52.014,1716482992014,NH-DC-NM129-D04-ROCE-Leaf-6.GPU.S9825,FourHundredGigE1/0/61,500418,1996446930,411008,1628921560,4.40,3.58
2024/05/24 星期五 00:49:52.666,1716482992666,NH-DC-NM129-D04-ROCE-Leaf-6.GPU.S9825,FourHundredGigE1/0/61,0,0,0,0,0,0
2024/05/24 星期五 00:49:53.166,1716482993166,NH-DC-NM129-D04-ROCE-Leaf-6.GPU.S9825,FourHundredGigE1/0/61,175032,617557316,155315,605436914,1.52,1.5
2024/05/24 星期五 00:49:53.938,1716482993938,NH-DC-NM129-D04-ROCE-Leaf-6.GPU.S9825,FourHundredGigE1/0/61,181521,716813238,54724,204503660,1.15,0.32
2024/05/24 星期五 00:49:54.945,1716482994945,NH-DC-NM129-D04-ROCE-Leaf-6.GPU.S9825,FourHundredGigE1/0/61,178262,705068536,141397,522077058,0.87,0.65
2024/05/24 星期五 00:49:55.674,1716482995674,NH-DC-NM129-D04-ROCE-Leaf-6.GPU.S9825,FourHundredGigE1/0/61,232300,922268160,308959,1207656282,1.58,2.06
2024/05/24 星期五 00:49:56.207,1716482996207,NH-DC-NM129-D04-ROCE-Leaf-6.GPU.S9825,FourHundredGigE1/0/61,0,0,0,0,0,0
2024/05/24 星期五 00:49:56.705,1716482996705,NH-DC-NM129-D04-ROCE-Leaf-6.GPU.S9825,FourHundredGigE1/0/61,239152,916059388,210180,793173336,2.28,1.98
2024/05/24 星期五 00:49:57.309,1716482997309,NH-DC-NM129-D04-ROCE-Leaf-6.GPU.S9825,FourHundredGigE1/0/61,0,0,0,0,0,0
2024/05/24 星期五 00:49:58.013,1716482998013,NH-DC-NM129-D04-ROCE-Leaf-6.GPU.S9825,FourHundredGigE1/0/61,128854,503577388,183238,625683912,0.89,1.10
2024/05/24 星期五 00:49:58.635,1716482998635,NH-DC-NM129-D04-ROCE-Leaf-6.GPU.S9825,FourHundredGigE1/0/61,99768,346276276,340361,1371534154,0.68,2.75
2024/05/24 星期五 00:49:59.239,1716482999239,NH-DC-NM129-D04-ROCE-Leaf-6.GPU.S9825,FourHundredGigE1/0/61,0,0,0,0,0,0
2024/05/24 星期五 00:50:01.475,1716483001475,NH-DC-NM129-D04-ROCE-Leaf-6.GPU.S9825,FourHundredGigE1/0/61,195763,662094094,411125,1552663466,0.37,0.87
2024/05/24 星期五 00:50:01.978,1716483001978,NH-DC-NM129-D04-ROCE-Leaf-6.GPU.S9825,FourHundredGigE1/0/61,188770,568551612,234007,848836998,1.39,2.09
2024/05/24 星期五 00:50:03.110,1716483003110,NH-DC-NM129-D04-ROCE-Leaf-6.GPU.S9825,FourHundredGigE1/0/61,630630,2192948664,489032,1902287120,2.42,2.10
2024/05/24 星期五 00:50:04.562,1716483004562,NH-DC-NM129-D04-ROCE-Leaf-6.GPU.S9825,FourHundredGigE1/0/61,164365,575905754,46084,162541260,0.49,0.14
2024/05/24 星期五 00:50:05.215,1716483005215,NH-DC-NM129-D04-ROCE-Leaf-6.GPU.S9825,FourHundredGigE1/0/61,0,0,0,0,0,0
2024/05/24 星期五 00:50:05.801,1716483005801,NH-DC-NM129-D04-ROCE-Leaf-6.GPU.S9825,FourHundredGigE1/0/61,433176,1644991884,137528,521820192,3.50,1.11
2024/05/24 星期五 00:50:06.302,1716483006302,NH-DC-NM129-D04-ROCE-Leaf-6.GPU.S9825,FourHundredGigE1/0/61,0,0,0,0,0,0
2024/05/24 星期五 00:50:06.801,1716483006801,NH-DC-NM129-D04-ROCE-Leaf-6.GPU.S9825,FourHundredGigE1/0/61,188251,716520774,187587,696807942,1.78,1.73
2024/05/24 星期五 00:50:07.306,1716483007306,NH-DC-NM129-D04-ROCE-Leaf-6.GPU.S9825,FourHundredGigE1/0/61,0,0,0,0,0,0
2024/05/24 星期五 00:50:07.962,1716483007962,NH-DC-NM129-D04-ROCE-Leaf-6.GPU.S9825,FourHundredGigE1/0/61,152717,613103449,220285,886923882,1.16,1.68
2024/05/24 星期五 00:50:08.617,1716483008617,NH-DC-NM129-D04-ROCE-Leaf-6.GPU.S9825,FourHundredGigE1/0/61,154744,611706176,245204,971669412,1.16,1.85
2024/05/24 星期五 00:50:09.223,1716483009223,NH-DC-NM129-D04-ROCE-Leaf-6.GPU.S9825,FourHundredGigE1/0/61,0,0,0,0,0,0
2024/05/24 星期五 00:50:09.747,1716483009747,NH-DC-NM129-D04-ROCE-Leaf-6.GPU.S9825,FourHundredGigE1/0/61,0,0,0,0,0,0
2024/05/24 星期五 00:50:10.250,1716483010250,NH-DC-NM129-D04-ROCE-Leaf-6.GPU.S9825,FourHundredGigE1/0/61,503680,2025242476,138218,527553484,5.02,1.29
2024/05/24 星期五 00:50:10.929,1716483010929,NH-DC-NM129-D04-ROCE-Leaf-6.GPU.S9825,FourHundredGigE1/0/61,285647,1141362686,257951,1026866314,2.10,1.88
2024/05/24 星期五 00:50:11.817,1716483011817,NH-DC-NM129-D04-ROCE-Leaf-6.GPU.S9825,FourHundredGigE1/0/61,293804,1160541472,260734,1053188184,1.63,1.48
2024/05/24 星期五 00:50:12.328,1716483012328,NH-DC-NM129-D04-ROCE-Leaf-6.GPU.S9825,FourHundredGigE1/0/61,0,0,0,0,0,0
2024/05/24 星期五 00:50:12.915,1716483012915,NH-DC-NM129-D04-ROCE-Leaf-6.GPU.S9825,FourHundredGigE1/0/61,295382,1186629264,189847,744293070,2.51,1.58
2024/05/24 星期五 00:50:13.436,1716483013436,NH-DC-NM129-D04-ROCE-Leaf-6.GPU.S9825,FourHundredGigE1/0/61,0,0,0,0,0,0
2024/05/24 星期五 00:50:13.935,1716483013935,NH-DC-NM129-D04-ROCE-Leaf-6.GPU.S9825,FourHundredGigE1/0/61,258280,1002539168,438233,1720072322,2.51,4.31
2024/05/24 星期五 00:50:14.551,1716483014551,NH-DC-NM129-D04-ROCE-Leaf-6.GPU.S9825,FourHundredGigE1/0/61,174201,625413114,229565,876923494,1.26,1.77
2024/05/24 星期五 00:50:15.398,1716483015398,NH-DC-NM129-D04-ROCE-Leaf-6.GPU.S9825,FourHundredGigE1/0/61,0,0,0,0,0,0
2024/05/24 星期五 00:50:15.957,1716483015957,NH-DC-NM129-D04-ROCE-Leaf-6.GPU.S9825,FourHundredGigE1/0/61,246906,956813956,154319,614029274,2.12,1.36
2024/05/24 星期五 00:50:16.517,1716483016517,NH-DC-NM129-D04-ROCE-Leaf-6.GPU.S9825,FourHundredGigE1/0/61,0,0,0,0,0,0
2024/05/24 星期五 00:50:17.018,1716483017018,NH-DC-NM129-D04-ROCE-Leaf-6.GPU.S9825,FourHundredGigE1/0/61,447860,1823000504,271302,1099357112,4.54,2.72
2024/05/24 星期五 00:50:17.522,1716483017522,NH-DC-NM129-D04-ROCE-Leaf-6.GPU.S9825,FourHundredGigE1/0/61,0,0,0,0,0,0
2024/05/24 星期五 00:50:18.025,1716483018025,NH-DC-NM129-D04-ROCE-Leaf-6.GPU.S9825,FourHundredGigE1/0/61,226753,837685684,80615,255973514,2.06,0.62
2024/05/24 星期五 00:50:18.648,1716483018648,NH-DC-NM129-D04-ROCE-Leaf-6.GPU.S9825,FourHundredGigE1/0/61,238502,914244942,280936,1145032604,1.83,2.29
2024/05/24 星期五 00:50:19.399,1716483019399,NH-DC-NM129-D04-ROCE-Leaf-6.GPU.S9825,FourHundredGigE1/0/61,0,0,0,0,0,0
2024/05/24 星期五 00:50:19.951,1716483019951,NH-DC-NM129-D04-ROCE-Leaf-6.GPU.S9825,FourHundredGigE1/0/61,117689,452887530,105767,364993630,1.02,0.82
2024/05/24 星期五 00:50:20.455,1716483020455,NH-DC-NM129-D04-ROCE-Leaf-6.GPU.S9825,FourHundredGigE1/0/61,0,0,0,0,0,0
2024/05/24 星期五 00:50:20.957,1716483020957,NH-DC-NM129-D04-ROCE-Leaf-6.GPU.S9825,FourHundredGigE1/0/61,261881,1029900102,360540,1431310484,2.54,3.56
2024/05/24 星期五 00:50:21.508,1716483021508,NH-DC-NM129-D04-ROCE-Leaf-6.GPU.S9825,FourHundredGigE1/0/61,0,0,0,0,0,0
2024/05/24 星期五 00:50:22.009,1716483022009,NH-DC-NM129-D04-ROCE-Leaf-6.GPU.S9825,FourHundredGigE1/0/61,176658,670770960,101135,390232122,1.67,0.97
2024/05/24 星期五 00:50:22.880,1716483022880,NH-DC-NM129-D04-ROCE-Leaf-6.GPU.S9825,FourHundredGigE1/0/61,107834,382512876,184727,697615978,0.55,0.99
2024/05/24 星期五 00:50:23.416,1716483023416,NH-DC-NM129-D04-ROCE-Leaf-6.GPU.S9825,FourHundredGigE1/0/61,0,0,0,0,0,0
2024/05/24 星期五 00:50:23.919,1716483023919,NH-DC-NM129-D04-ROCE-Leaf-6.GPU.S9825,FourHundredGigE1/0/61,360073,1464344330,291989,1132696198,3.63,2.81
2024/05/24 星期五 00:50:24.491,1716483024491,NH-DC-NM129-D04-ROCE-Leaf-6.GPU.S9825,FourHundredGigE1/0/61,0,0,0,0,0,0
2024/05/24 星期五 00:50:25.014,1716483025014,NH-DC-NM129-D04-ROCE-Leaf-6.GPU.S9825,FourHundredGigE1/0/61,270874,998529024,138651,539740114,2.37,1.27
2024/05/24 星期五 00:50:25.517,1716483025517,NH-DC-NM129-D04-ROCE-Leaf-6.GPU.S9825,FourHundredGigE1/0/61,104065,262526794,102548,325746644,0.65,0.80
2024/05/24 星期五 00:50:26.353,1716483026353,NH-DC-NM129-D04-ROCE-Leaf-6.GPU.S9825,FourHundredGigE1/0/61,0,0,0,0,0,0
2024/05/24 星期五 00:50:26.860,1716483026860,NH-DC-NM129-D04-ROCE-Leaf-6.GPU.S9825,FourHundredGigE1/0/61,136993,414961556,127856,384794380,1.01,0.94
2024/05/24 星期五 00:50:27.379,1716483027379,NH-DC-NM129-D04-ROCE-Leaf-6.GPU.S9825,FourHundredGigE1/0/61,0,0,0,0,0,0
2024/05/24 星期五 00:50:28.089,1716483028089,NH-DC-NM129-D04-ROCE-Leaf-6.GPU.S9825,FourHundredGigE1/0/61,324583,1199466892,389211,1369414426,2.10,2.39
2024/05/24 星期五 00:50:28.618,1716483028618,NH-DC-NM129-D04-ROCE-Leaf-6.GPU.S9825,FourHundredGigE1/0/61,0,0,0,0,0,0
2024/05/24 星期五 00:50:29.121,1716483029121,NH-DC-NM129-D04-ROCE-Leaf-6.GPU.S9825,FourHundredGigE1/0/61,471034,1816278776,115249,315686814,4.50,0.77
2024/05/24 星期五 00:50:30.093,1716483030093,NH-DC-NM129-D04-ROCE-Leaf-6.GPU.S9825,FourHundredGigE1/0/61,2264860,9200543502,239870,880034816,11.83,1.13
2024/05/24 星期五 00:50:30.603,1716483030603,NH-DC-NM129-D04-ROCE-Leaf-6.GPU.S9825,FourHundredGigE1/0/61,1939806,7905855010,262614,1064133296,19.36,2.60
2024/05/24 星期五 00:50:31.150,1716483031150,NH-DC-NM129-D04-ROCE-Leaf-6.GPU.S9825,FourHundredGigE1/0/61,0,0,0,0,0,0
2024/05/24 星期五 00:50:31.741,1716483031741,NH-DC-NM129-D04-ROCE-Leaf-6.GPU.S9825,FourHundredGigE1/0/61,168213,571911096,126440,427210662,1.21,0.89
2024/05/24 星期五 00:50:32.242,1716483032242,NH-DC-NM129-D04-ROCE-Leaf-6.GPU.S9825,FourHundredGigE1/0/61,0,0,0,0,0,0
2024/05/24 星期五 00:50:32.743,1716483032743,NH-DC-NM129-D04-ROCE-Leaf-6.GPU.S9825,FourHundredGigE1/0/61,193328,720843486,125278,474078694,1.80,1.17
2024/05/24 星期五 00:50:33.652,1716483033652,NH-DC-NM129-D04-ROCE-Leaf-6.GPU.S9825,FourHundredGigE1/0/61,168346,638290776,334296,1272387036,0.87,1.75
2024/05/24 星期五 00:50:34.199,1716483034199,NH-DC-NM129-D04-ROCE-Leaf-6.GPU.S9825,FourHundredGigE1/0/61,0,0,0,0,0,0
2024/05/24 星期五 00:50:34.731,1716483034731,NH-DC-NM129-D04-ROCE-Leaf-6.GPU.S9825,FourHundredGigE1/0/61,0,0,0,0,0,0
2024/05/24 星期五 00:50:35.239,1716483035239,NH-DC-NM129-D04-ROCE-Leaf-6.GPU.S9825,FourHundredGigE1/0/61,308304,1224225216,231725,834857950,3.00,2.04
2024/05/24 星期五 00:50:35.763,1716483035763,NH-DC-NM129-D04-ROCE-Leaf-6.GPU.S9825,FourHundredGigE1/0/61,0,0,0,0,0,0
2024/05/24 星期五 00:50:36.266,1716483036266,NH-DC-NM129-D04-ROCE-Leaf-6.GPU.S9825,FourHundredGigE1/0/61,413400,1567162788,314100,1100480588,3.88,2.73
2024/05/24 星期五 00:50:37.289,1716483037289,NH-DC-NM129-D04-ROCE-Leaf-6.GPU.S9825,FourHundredGigE1/0/61,0,0,0,0,0,0
2024/05/24 星期五 00:50:37.791,1716483037791,NH-DC-NM129-D04-ROCE-Leaf-6.GPU.S9825,FourHundredGigE1/0/61,108582,400394103,351366,1417596444,1.00,3.51
2024/05/24 星期五 00:50:38.294,1716483038294,NH-DC-NM129-D04-ROCE-Leaf-6.GPU.S9825,FourHundredGigE1/0/61,0,0,0,0,0,0
2024/05/24 星期五 00:50:38.854,1716483038854,NH-DC-NM129-D04-ROCE-Leaf-6.GPU.S9825,FourHundredGigE1/0/61,320313,1261269874,419905,1674335074,2.81,3.73
2024/05/24 星期五 00:50:39.369,1716483039369,NH-DC-NM129-D04-ROCE-Leaf-6.GPU.S9825,FourHundredGigE1/0/61,0,0,0,0,0,0
2024/05/24 星期五 00:50:39.869,1716483039869,NH-DC-NM129-D04-ROCE-Leaf-6.GPU.S9825,FourHundredGigE1/0/61,318386,1262183498,150704,548933360,3.15,1.35
2024/05/24 星期五 00:50:40.826,1716483040826,NH-DC-NM129-D04-ROCE-Leaf-6.GPU.S9825,FourHundredGigE1/0/61,235844,934079038,130895,530472822,1.21,0.69
2024/05/24 星期五 00:50:41.327,1716483041327,NH-DC-NM129-D04-ROCE-Leaf-6.GPU.S9825,FourHundredGigE1/0/61,0,0,0,0,0,0
2024/05/24 星期五 00:50:42.095,1716483042095,NH-DC-NM129-D04-ROCE-Leaf-6.GPU.S9825,FourHundredGigE1/0/61,361122,1421449848,288957,1158131322,2.31,1.87
2024/05/24 星期五 00:50:42.721,1716483042721,NH-DC-NM129-D04-ROCE-Leaf-6.GPU.S9825,FourHundredGigE1/0/61,164197,667685902,173228,653067556,1.32,1.30
2024/05/24 星期五 00:50:43.221,1716483043221,NH-DC-NM129-D04-ROCE-Leaf-6.GPU.S9825,FourHundredGigE1/0/61,0,0,0,0,0,0
2024/05/24 星期五 00:50:44.012,1716483044012,NH-DC-NM129-D04-ROCE-Leaf-6.GPU.S9825,FourHundredGigE1/0/61,149608,569703698,172374,652702908,0.88,1.03
2024/05/24 星期五 00:50:44.869,1716483044869,NH-DC-NM129-D04-ROCE-Leaf-6.GPU.S9825,FourHundredGigE1/0/61,156427,322935156,458012,1719315380,0.47,2.49
2024/05/24 星期五 00:50:45.383,1716483045383,NH-DC-NM129-D04-ROCE-Leaf-6.GPU.S9825,FourHundredGigE1/0/61,0,0,0,0,0,0
2024/05/24 星期五 00:50:45.972,1716483045972,NH-DC-NM129-D04-ROCE-Leaf-6.GPU.S9825,FourHundredGigE1/0/61,77066,200257200,293053,1174739226,0.42,2.48
2024/05/24 星期五 00:50:46.609,1716483046609,NH-DC-NM129-D04-ROCE-Leaf-6.GPU.S9825,FourHundredGigE1/0/61,0,0,0,0,0,0
2024/05/24 星期五 00:50:47.110,1716483047110,NH-DC-NM129-D04-ROCE-Leaf-6.GPU.S9825,FourHundredGigE1/0/61,135219,527016374,114118,447772016,1.30,1.10
2024/05/24 星期五 00:50:48.183,1716483048183,NH-DC-NM129-D04-ROCE-Leaf-6.GPU.S9825,FourHundredGigE1/0/61,86845,234963176,121447,453110362,0.27,0.52
2024/05/24 星期五 00:50:48.686,1716483048686,NH-DC-NM129-D04-ROCE-Leaf-6.GPU.S9825,FourHundredGigE1/0/61,207502,548194590,117046,434311144,1.34,1.07
2024/05/24 星期五 00:50:50.148,1716483050148,NH-DC-NM129-D04-ROCE-Leaf-6.GPU.S9825,FourHundredGigE1/0/61,362086,1185371214,545727,2238257258,1.01,1.91
2024/05/24 星期五 00:50:50.681,1716483050681,NH-DC-NM129-D04-ROCE-Leaf-6.GPU.S9825,FourHundredGigE1/0/61,83903,279972616,200688,672419876,0.63,1.57
2024/05/24 星期五 00:50:51.288,1716483051288,NH-DC-NM129-D04-ROCE-Leaf-6.GPU.S9825,FourHundredGigE1/0/61,0,0,0,0,0,0
2024/05/24 星期五 00:50:51.964,1716483051964,NH-DC-NM129-D04-ROCE-Leaf-6.GPU.S9825,FourHundredGigE1/0/61,49836,188641276,864616,3347550334,0.33,6.18
2024/05/24 星期五 00:50:52.571,1716483052571,NH-DC-NM129-D04-ROCE-Leaf-6.GPU.S9825,FourHundredGigE1/0/61,270598,1078116654,461220,1851048780,2.20,3.81
2024/05/24 星期五 00:50:53.192,1716483053192,NH-DC-NM129-D04-ROCE-Leaf-6.GPU.S9825,FourHundredGigE1/0/61,0,0,0,0,0,0
2024/05/24 星期五 00:50:56.203,1716483056203,NH-DC-NM129-D04-ROCE-Leaf-6.GPU.S9825,FourHundredGigE1/0/61,507526,1832220610,616783,2405634388,0.76,1.00
2024/05/24 星期五 00:50:56.824,1716483056824,NH-DC-NM129-D04-ROCE-Leaf-6.GPU.S9825,FourHundredGigE1/0/61,413891,1611424528,493820,1953542128,3.24,3.93
2024/05/24 星期五 00:50:57.325,1716483057325,NH-DC-NM129-D04-ROCE-Leaf-6.GPU.S9825,FourHundredGigE1/0/61,0,0,0,0,0,0
2024/05/24 星期五 00:50:57.842,1716483057842,NH-DC-NM129-D04-ROCE-Leaf-6.GPU.S9825,FourHundredGigE1/0/61,145167,516045984,146796,513924336,1.23,1.23
2024/05/24 星期五 00:50:58.500,1716483058500,NH-DC-NM129-D04-ROCE-Leaf-6.GPU.S9825,FourHundredGigE1/0/61,210111,812889282,382845,1546237982,1.54,2.93
2024/05/24 星期五 00:50:59.181,1716483059181,NH-DC-NM129-D04-ROCE-Leaf-6.GPU.S9825,FourHundredGigE1/0/61,0,0,0,0,0,0
2024/05/24 星期五 00:50:59.774,1716483059774,NH-DC-NM129-D04-ROCE-Leaf-6.GPU.S9825,FourHundredGigE1/0/61,173724,593756076,254429,937712126,1.24,1.96
2024/05/24 星期五 00:51:00.312,1716483060312,NH-DC-NM129-D04-ROCE-Leaf-6.GPU.S9825,FourHundredGigE1/0/61,0,0,0,0,0,0
2024/05/24 星期五 00:51:00.813,1716483060813,NH-DC-NM129-D04-ROCE-Leaf-6.GPU.S9825,FourHundredGigE1/0/61,77869,290524382,441213,1732865434,0.72,4.32
2024/05/24 星期五 00:51:01.327,1716483061327,NH-DC-NM129-D04-ROCE-Leaf-6.GPU.S9825,FourHundredGigE1/0/61,0,0,0,0,0,0
2024/05/24 星期五 00:51:01.909,1716483061909,NH-DC-NM129-D04-ROCE-Leaf-6.GPU.S9825,FourHundredGigE1/0/61,511670,2047600356,320383,1250577246,4.38,2.68
2024/05/24 星期五 00:51:03.577,1716483063577,NH-DC-NM129-D04-ROCE-Leaf-6.GPU.S9825,FourHundredGigE1/0/61,244826,938312144,405795,1631530114,0.70,1.22
2024/05/24 星期五 00:51:04.570,1716483064570,NH-DC-NM129-D04-ROCE-Leaf-6.GPU.S9825,FourHundredGigE1/0/61,0,0,0,0,0,0
2024/05/24 星期五 00:51:05.144,1716483065144,NH-DC-NM129-D04-ROCE-Leaf-6.GPU.S9825,FourHundredGigE1/0/61,127840,486809024,309018,1219842324,1.05,2.64
2024/05/24 星期五 00:51:05.900,1716483065900,NH-DC-NM129-D04-ROCE-Leaf-6.GPU.S9825,FourHundredGigE1/0/61,30937,121919114,168329,579124262,0.20,0.94
2024/05/24 星期五 00:51:06.493,1716483066493,NH-DC-NM129-D04-ROCE-Leaf-6.GPU.S9825,FourHundredGigE1/0/61,0,0,0,0,0,0
2024/05/24 星期五 00:51:07.051,1716483067051,NH-DC-NM129-D04-ROCE-Leaf-6.GPU.S9825,FourHundredGigE1/0/61,169233,667284218,161145,573799286,1.48,1.28
2024/05/24 星期五 00:51:07.553,1716483067553,NH-DC-NM129-D04-ROCE-Leaf-6.GPU.S9825,FourHundredGigE1/0/61,0,0,0,0,0,0
2024/05/24 星期五 00:51:08.058,1716483068058,NH-DC-NM129-D04-ROCE-Leaf-6.GPU.S9825,FourHundredGigE1/0/61,308403,1250510327,350881,1432143098,3.09,3.54
2024/05/24 星期五 00:51:08.623,1716483068623,NH-DC-NM129-D04-ROCE-Leaf-6.GPU.S9825,FourHundredGigE1/0/61,186070,707148664,261918,996530316,1.55,2.19
2024/05/24 星期五 00:51:09.234,1716483069234,NH-DC-NM129-D04-ROCE-Leaf-6.GPU.S9825,FourHundredGigE1/0/61,0,0,0,0,0,0
2024/05/24 星期五 00:51:09.936,1716483069936,NH-DC-NM129-D04-ROCE-Leaf-6.GPU.S9825,FourHundredGigE1/0/61,98435,365880848,150013,566919006,0.64,1.00
2024/05/24 星期五 00:51:10.506,1716483070506,NH-DC-NM129-D04-ROCE-Leaf-6.GPU.S9825,FourHundredGigE1/0/61,0,0,0,0,0,0
2024/05/24 星期五 00:51:11.074,1716483071074,NH-DC-NM129-D04-ROCE-Leaf-6.GPU.S9825,FourHundredGigE1/0/61,283520,1115870040,202319,776160806,2.44,1.69
2024/05/24 星期五 00:51:11.670,1716483071670,NH-DC-NM129-D04-ROCE-Leaf-6.GPU.S9825,FourHundredGigE1/0/61,235108,936153828,298805,1157317530,1.95,2.41
2024/05/24 星期五 00:51:12.194,1716483072194,NH-DC-NM129-D04-ROCE-Leaf-6.GPU.S9825,FourHundredGigE1/0/61,0,0,0,0,0,0
2024/05/24 星期五 00:51:13.263,1716483073263,NH-DC-NM129-D04-ROCE-Leaf-6.GPU.S9825,FourHundredGigE1/0/61,335055,1292151534,194107,768420606,1.51,0.89
2024/05/24 星期五 00:51:13.858,1716483073858,NH-DC-NM129-D04-ROCE-Leaf-6.GPU.S9825,FourHundredGigE1/0/61,57796,230884062,100664,305771836,0.48,0.63
2024/05/24 星期五 00:51:14.371,1716483074371,NH-DC-NM129-D04-ROCE-Leaf-6.GPU.S9825,FourHundredGigE1/0/61,0,0,0,0,0,0
2024/05/24 星期五 00:51:14.890,1716483074890,NH-DC-NM129-D04-ROCE-Leaf-6.GPU.S9825,FourHundredGigE1/0/61,385387,1553745948,144432,574443968,3.73,1.37
2024/05/24 星期五 00:51:15.433,1716483075433,NH-DC-NM129-D04-ROCE-Leaf-6.GPU.S9825,FourHundredGigE1/0/61,0,0,0,0,0,0
2024/05/24 星期五 00:51:15.949,1716483075949,NH-DC-NM129-D04-ROCE-Leaf-6.GPU.S9825,FourHundredGigE1/0/61,357733,1428421442,503920,1955890920,3.44,4.72
2024/05/24 星期五 00:51:16.686,1716483076686,NH-DC-NM129-D04-ROCE-Leaf-6.GPU.S9825,FourHundredGigE1/0/61,1166843,4767995948,307916,1232383854,8.07,2.09
2024/05/24 星期五 00:51:17.259,1716483077259,NH-DC-NM129-D04-ROCE-Leaf-6.GPU.S9825,FourHundredGigE1/0/61,0,0,0,0,0,0
2024/05/24 星期五 00:51:17.762,1716483077762,NH-DC-NM129-D04-ROCE-Leaf-6.GPU.S9825,FourHundredGigE1/0/61,1020154,4162849336,507460,2028384710,10.34,5.02
2024/05/24 星期五 00:51:18.263,1716483078263,NH-DC-NM129-D04-ROCE-Leaf-6.GPU.S9825,FourHundredGigE1/0/61,0,0,0,0,0,0
2024/05/24 星期五 00:51:18.892,1716483078892,NH-DC-NM129-D04-ROCE-Leaf-6.GPU.S9825,FourHundredGigE1/0/61,1058293,4290340188,197553,769397350,8.53,1.51
2024/05/24 星期五 00:51:19.516,1716483079516,NH-DC-NM129-D04-ROCE-Leaf-6.GPU.S9825,FourHundredGigE1/0/61,0,0,0,0,0,0
2024/05/24 星期五 00:51:20.233,1716483080233,NH-DC-NM129-D04-ROCE-Leaf-6.GPU.S9825,FourHundredGigE1/0/61,978612,3971856728,174071,673465170,6.92,1.17
2024/05/24 星期五 00:51:20.749,1716483080749,NH-DC-NM129-D04-ROCE-Leaf-6.GPU.S9825,FourHundredGigE1/0/61,176491,667601914,110889,417390162,1.60,0.99
2024/05/24 星期五 00:51:21.250,1716483081250,NH-DC-NM129-D04-ROCE-Leaf-6.GPU.S9825,FourHundredGigE1/0/61,0,0,0,0,0,0
2024/05/24 星期五 00:51:21.764,1716483081764,NH-DC-NM129-D04-ROCE-Leaf-6.GPU.S9825,FourHundredGigE1/0/61,371345,1454610482,785821,3210364794,3.53,7.81
2024/05/24 星期五 00:51:22.265,1716483082265,NH-DC-NM129-D04-ROCE-Leaf-6.GPU.S9825,FourHundredGigE1/0/61,0,0,0,0,0,0
2024/05/24 星期五 00:51:22.873,1716483082873,NH-DC-NM129-D04-ROCE-Leaf-6.GPU.S9825,FourHundredGigE1/0/61,218258,830385564,184942,698769596,1.71,1.42
2024/05/24 星期五 00:51:23.546,1716483083546,NH-DC-NM129-D04-ROCE-Leaf-6.GPU.S9825,FourHundredGigE1/0/61,0,0,0,0,0,0
2024/05/24 星期五 00:51:24.170,1716483084170,NH-DC-NM129-D04-ROCE-Leaf-6.GPU.S9825,FourHundredGigE1/0/61,333389,1332025928,169483,619517706,2.66,1.22
2024/05/24 星期五 00:51:24.672,1716483084672,NH-DC-NM129-D04-ROCE-Leaf-6.GPU.S9825,FourHundredGigE1/0/61,0,0,0,0,0,0
2024/05/24 星期五 00:51:25.181,1716483085181,NH-DC-NM129-D04-ROCE-Leaf-6.GPU.S9825,FourHundredGigE1/0/61,295201,1122947218,155454,604894472,2.75,1.47
2024/05/24 星期五 00:51:25.769,1716483085769,NH-DC-NM129-D04-ROCE-Leaf-6.GPU.S9825,FourHundredGigE1/0/61,380175,1553656900,97239,349590202,3.30,0.72
2024/05/24 星期五 00:51:26.270,1716483086270,NH-DC-NM129-D04-ROCE-Leaf-6.GPU.S9825,FourHundredGigE1/0/61,0,0,0,0,0,0
2024/05/24 星期五 00:51:26.888,1716483086888,NH-DC-NM129-D04-ROCE-Leaf-6.GPU.S9825,FourHundredGigE1/0/61,212537,841029454,683548,2675790240,1.70,5.40
2024/05/24 星期五 00:51:27.479,1716483087479,NH-DC-NM129-D04-ROCE-Leaf-6.GPU.S9825,FourHundredGigE1/0/61,0,0,0,0,0,0
2024/05/24 星期五 00:51:27.977,1716483087977,NH-DC-NM129-D04-ROCE-Leaf-6.GPU.S9825,FourHundredGigE1/0/61,161508,597516388,652125,2448681046,1.48,6.12
2024/05/24 星期五 00:51:28.541,1716483088541,NH-DC-NM129-D04-ROCE-Leaf-6.GPU.S9825,FourHundredGigE1/0/61,391898,1531344332,406643,1555553256,3.39,3.44
2024/05/24 星期五 00:51:29.186,1716483089186,NH-DC-NM129-D04-ROCE-Leaf-6.GPU.S9825,FourHundredGigE1/0/61,0,0,0,0,0,0
2024/05/24 星期五 00:51:29.908,1716483089908,NH-DC-NM129-D04-ROCE-Leaf-6.GPU.S9825,FourHundredGigE1/0/61,245183,972467250,236161,932277156,1.68,1.61
2024/05/24 星期五 00:51:30.492,1716483090492,NH-DC-NM129-D04-ROCE-Leaf-6.GPU.S9825,FourHundredGigE1/0/61,0,0,0,0,0,0
2024/05/24 星期五 00:51:31.005,1716483091005,NH-DC-NM129-D04-ROCE-Leaf-6.GPU.S9825,FourHundredGigE1/0/61,120426,448044848,110158,402339756,1.07,0.97
2024/05/24 星期五 00:51:31.540,1716483091540,NH-DC-NM129-D04-ROCE-Leaf-6.GPU.S9825,FourHundredGigE1/0/61,0,0,0,0,0,0
2024/05/24 星期五 00:51:32.041,1716483092041,NH-DC-NM129-D04-ROCE-Leaf-6.GPU.S9825,FourHundredGigE1/0/61,94670,344245172,108060,412772880,0.85,1.02
2024/05/24 星期五 00:51:32.708,1716483092708,NH-DC-NM129-D04-ROCE-Leaf-6.GPU.S9825,FourHundredGigE1/0/61,253236,1015703768,271458,1043194288,1.89,1.95
2024/05/24 星期五 00:51:33.264,1716483093264,NH-DC-NM129-D04-ROCE-Leaf-6.GPU.S9825,FourHundredGigE1/0/61,0,0,0,0,0,0
2024/05/24 星期五 00:51:33.801,1716483093801,NH-DC-NM129-D04-ROCE-Leaf-6.GPU.S9825,FourHundredGigE1/0/61,101690,381487660,325501,1195734214,0.88,2.77
2024/05/24 星期五 00:51:34.322,1716483094322,NH-DC-NM129-D04-ROCE-Leaf-6.GPU.S9825,FourHundredGigE1/0/61,0,0,0,0,0,0
2024/05/24 星期五 00:51:34.976,1716483094976,NH-DC-NM129-D04-ROCE-Leaf-6.GPU.S9825,FourHundredGigE1/0/61,67565,250543056,275422,1110546876,0.48,2.12
2024/05/24 星期五 00:51:35.504,1716483095504,NH-DC-NM129-D04-ROCE-Leaf-6.GPU.S9825,FourHundredGigE1/0/61,0,0,0,0,0,0
2024/05/24 星期五 00:51:36.028,1716483096028,NH-DC-NM129-D04-ROCE-Leaf-6.GPU.S9825,FourHundredGigE1/0/61,230562,925499742,412635,1624475298,2.19,3.86
2024/05/24 星期五 00:51:36.617,1716483096617,NH-DC-NM129-D04-ROCE-Leaf-6.GPU.S9825,FourHundredGigE1/0/61,140741,482305686,105630,388896688,1.02,0.81
2024/05/24 星期五 00:51:37.185,1716483097185,NH-DC-NM129-D04-ROCE-Leaf-6.GPU.S9825,FourHundredGigE1/0/61,0,0,0,0,0,0
2024/05/24 星期五 00:51:37.786,1716483097786,NH-DC-NM129-D04-ROCE-Leaf-6.GPU.S9825,FourHundredGigE1/0/61,515102,2027262071,136194,554888900,4.20,1.14
2024/05/24 星期五 00:51:38.829,1716483098829,NH-DC-NM129-D04-ROCE-Leaf-6.GPU.S9825,FourHundredGigE1/0/61,237494,955282176,94156,368257580,1.14,0.43
2024/05/24 星期五 00:51:39.443,1716483099443,NH-DC-NM129-D04-ROCE-Leaf-6.GPU.S9825,FourHundredGigE1/0/61,0,0,0,0,0,0
2024/05/24 星期五 00:51:39.945,1716483099945,NH-DC-NM129-D04-ROCE-Leaf-6.GPU.S9825,FourHundredGigE1/0/61,53601,165749970,396507,1618947946,0.40,4.01
2024/05/24 星期五 00:51:40.445,1716483100445,NH-DC-NM129-D04-ROCE-Leaf-6.GPU.S9825,FourHundredGigE1/0/61,0,0,0,0,0,0
2024/05/24 星期五 00:51:41.119,1716483101119,NH-DC-NM129-D04-ROCE-Leaf-6.GPU.S9825,FourHundredGigE1/0/61,124745,468613966,107398,409230072,0.85,0.74
2024/05/24 星期五 00:51:41.875,1716483101875,NH-DC-NM129-D04-ROCE-Leaf-6.GPU.S9825,FourHundredGigE1/0/61,228849,897580978,79930,271163156,1.47,0.45
2024/05/24 星期五 00:51:42.736,1716483102736,NH-DC-NM129-D04-ROCE-Leaf-6.GPU.S9825,FourHundredGigE1/0/61,500658,1965472230,333182,1315775636,2.85,1.90
2024/05/24 星期五 00:51:43.328,1716483103328,NH-DC-NM129-D04-ROCE-Leaf-6.GPU.S9825,FourHundredGigE1/0/61,0,0,0,0,0,0
2024/05/24 星期五 00:51:43.940,1716483103940,NH-DC-NM129-D04-ROCE-Leaf-6.GPU.S9825,FourHundredGigE1/0/61,536841,2179901738,242501,856327116,4.43,1.74
2024/05/24 星期五 00:51:44.684,1716483104684,NH-DC-NM129-D04-ROCE-Leaf-6.GPU.S9825,FourHundredGigE1/0/61,163350,601886386,200181,766238748,1.01,1.28
2024/05/24 星期五 00:51:45.266,1716483105266,NH-DC-NM129-D04-ROCE-Leaf-6.GPU.S9825,FourHundredGigE1/0/61,0,0,0,0,0,0
2024/05/24 星期五 00:51:45.921,1716483105921,NH-DC-NM129-D04-ROCE-Leaf-6.GPU.S9825,FourHundredGigE1/0/61,303539,1173306498,149809,556248634,2.23,1.05
2024/05/24 星期五 00:51:46.622,1716483106622,NH-DC-NM129-D04-ROCE-Leaf-6.GPU.S9825,FourHundredGigE1/0/61,358992,1417161428,601848,2428518008,2.51,4.32
2024/05/24 星期五 00:51:47.288,1716483107288,NH-DC-NM129-D04-ROCE-Leaf-6.GPU.S9825,FourHundredGigE1/0/61,0,0,0,0,0,0
2024/05/24 星期五 00:51:47.870,1716483107870,NH-DC-NM129-D04-ROCE-Leaf-6.GPU.S9825,FourHundredGigE1/0/61,61125,226285042,186207,741543542,0.47,1.59
2024/05/24 星期五 00:51:48.435,1716483108435,NH-DC-NM129-D04-ROCE-Leaf-6.GPU.S9825,FourHundredGigE1/0/61,0,0,0,0,0,0
2024/05/24 星期五 00:51:49.052,1716483109052,NH-DC-NM129-D04-ROCE-Leaf-6.GPU.S9825,FourHundredGigE1/0/61,212930,806729016,285632,1122915872,1.62,2.27
2024/05/24 星期五 00:51:49.647,1716483109647,NH-DC-NM129-D04-ROCE-Leaf-6.GPU.S9825,FourHundredGigE1/0/61,194940,633513524,363162,1407269328,1.32,2.94
2024/05/24 星期五 00:51:50.207,1716483110207,NH-DC-NM129-D04-ROCE-Leaf-6.GPU.S9825,FourHundredGigE1/0/61,0,0,0,0,0,0
2024/05/24 星期五 00:51:50.777,1716483110777,NH-DC-NM129-D04-ROCE-Leaf-6.GPU.S9825,FourHundredGigE1/0/61,187836,671781808,281776,1094104152,1.47,2.39
2024/05/24 星期五 00:51:51.585,1716483111585,NH-DC-NM129-D04-ROCE-Leaf-6.GPU.S9825,FourHundredGigE1/0/61,303344,1202533250,238834,910538820,1.86,1.41
2024/05/24 星期五 00:51:52.157,1716483112157,NH-DC-NM129-D04-ROCE-Leaf-6.GPU.S9825,FourHundredGigE1/0/61,0,0,0,0,0,0
2024/05/24 星期五 00:51:52.789,1716483112789,NH-DC-NM129-D04-ROCE-Leaf-6.GPU.S9825,FourHundredGigE1/0/61,508323,2010722476,265505,1005102922,3.98,1.98
2024/05/24 星期五 00:51:53.402,1716483113402,NH-DC-NM129-D04-ROCE-Leaf-6.GPU.S9825,FourHundredGigE1/0/61,0,0,0,0,0,0
2024/05/24 星期五 00:51:54.080,1716483114080,NH-DC-NM129-D04-ROCE-Leaf-6.GPU.S9825,FourHundredGigE1/0/61,441079,1717148602,309571,1183611962,3.15,2.18
2024/05/24 星期五 00:51:54.651,1716483114651,NH-DC-NM129-D04-ROCE-Leaf-6.GPU.S9825,FourHundredGigE1/0/61,239358,911339816,195238,712677404,1.99,1.55
2024/05/24 星期五 00:51:55.586,1716483115586,NH-DC-NM129-D04-ROCE-Leaf-6.GPU.S9825,FourHundredGigE1/0/61,173193,675185954,192623,741004618,0.90,0.99
2024/05/24 星期五 00:51:56.294,1716483116294,NH-DC-NM129-D04-ROCE-Leaf-6.GPU.S9825,FourHundredGigE1/0/61,0,0,0,0,0,0
2024/05/24 星期五 00:51:56.794,1716483116794,NH-DC-NM129-D04-ROCE-Leaf-6.GPU.S9825,FourHundredGigE1/0/61,382327,1514021114,133146,500376128,3.78,1.25
2024/05/24 星期五 00:51:57.382,1716483117382,NH-DC-NM129-D04-ROCE-Leaf-6.GPU.S9825,FourHundredGigE1/0/61,0,0,0,0,0,0
2024/05/24 星期五 00:51:57.885,1716483117885,NH-DC-NM129-D04-ROCE-Leaf-6.GPU.S9825,FourHundredGigE1/0/61,244501,907554762,350331,1424306146,2.24,3.53
2024/05/24 星期五 00:51:58.385,1716483118385,NH-DC-NM129-D04-ROCE-Leaf-6.GPU.S9825,FourHundredGigE1/0/61,0,0,0,0,0,0
2024/05/24 星期五 00:51:59.198,1716483119198,NH-DC-NM129-D04-ROCE-Leaf-6.GPU.S9825,FourHundredGigE1/0/61,160578,602599092,124190,483125330,0.92,0.74
2024/05/24 星期五 00:51:59.837,1716483119837,NH-DC-NM129-D04-ROCE-Leaf-6.GPU.S9825,FourHundredGigE1/0/61,149429,577157430,169025,572382982,1.12,1.12
2024/05/24 星期五 00:52:00.337,1716483120337,NH-DC-NM129-D04-ROCE-Leaf-6.GPU.S9825,FourHundredGigE1/0/61,0,0,0,0,0,0
2024/05/24 星期五 00:52:01.015,1716483121015,NH-DC-NM129-D04-ROCE-Leaf-6.GPU.S9825,FourHundredGigE1/0/61,165515,654932256,92587,292552562,1.20,0.53
2024/05/24 星期五 00:52:01.526,1716483121526,NH-DC-NM129-D04-ROCE-Leaf-6.GPU.S9825,FourHundredGigE1/0/61,0,0,0,0,0,0
2024/05/24 星期五 00:52:02.026,1716483122026,NH-DC-NM129-D04-ROCE-Leaf-6.GPU.S9825,FourHundredGigE1/0/61,572448,2244355863,715353,2708960610,5.6,6.75
2024/05/24 星期五 00:52:03.735,1716483123735,NH-DC-NM129-D04-ROCE-Leaf-6.GPU.S9825,FourHundredGigE1/0/61,180728,666430308,213902,825736120,0.48,0.60
2024/05/24 星期五 00:52:04.852,1716483124852,NH-DC-NM129-D04-ROCE-Leaf-6.GPU.S9825,FourHundredGigE1/0/61,316019,1212433266,498038,2036374736,1.35,2.27
2024/05/24 星期五 00:52:05.369,1716483125369,NH-DC-NM129-D04-ROCE-Leaf-6.GPU.S9825,FourHundredGigE1/0/61,0,0,0,0,0,0
2024/05/24 星期五 00:52:06.039,1716483126039,NH-DC-NM129-D04-ROCE-Leaf-6.GPU.S9825,FourHundredGigE1/0/61,2255893,8985559834,168039,629043982,16.75,1.16
2024/05/24 星期五 00:52:06.563,1716483126563,NH-DC-NM129-D04-ROCE-Leaf-6.GPU.S9825,FourHundredGigE1/0/61,0,0,0,0,0,0
2024/05/24 星期五 00:52:07.061,1716483127061,NH-DC-NM129-D04-ROCE-Leaf-6.GPU.S9825,FourHundredGigE1/0/61,2311222,9180775558,134030,496219148,23.04,1.23
2024/05/24 星期五 00:52:07.805,1716483127805,NH-DC-NM129-D04-ROCE-Leaf-6.GPU.S9825,FourHundredGigE1/0/61,800376,3216426425,263903,1027854262,5.39,1.71
2024/05/24 星期五 00:52:08.319,1716483128319,NH-DC-NM129-D04-ROCE-Leaf-6.GPU.S9825,FourHundredGigE1/0/61,0,0,0,0,0,0
2024/05/24 星期五 00:52:08.873,1716483128873,NH-DC-NM129-D04-ROCE-Leaf-6.GPU.S9825,FourHundredGigE1/0/61,136459,509042190,180996,646426672,1.13,1.44
2024/05/24 星期五 00:52:09.637,1716483129637,NH-DC-NM129-D04-ROCE-Leaf-6.GPU.S9825,FourHundredGigE1/0/61,0,0,0,0,0,0
2024/05/24 星期五 00:52:10.164,1716483130164,NH-DC-NM129-D04-ROCE-Leaf-6.GPU.S9825,FourHundredGigE1/0/61,114086,394395928,363512,1369461108,0.93,3.23
2024/05/24 星期五 00:52:10.773,1716483130773,NH-DC-NM129-D04-ROCE-Leaf-6.GPU.S9825,FourHundredGigE1/0/61,449293,1693057336,272665,1018819762,3.47,2.07
2024/05/24 星期五 00:52:11.519,1716483131519,NH-DC-NM129-D04-ROCE-Leaf-6.GPU.S9825,FourHundredGigE1/0/61,0,0,0,0,0,0
2024/05/24 星期五 00:52:12.058,1716483132058,NH-DC-NM129-D04-ROCE-Leaf-6.GPU.S9825,FourHundredGigE1/0/61,36039,113262892,425759,1689920366,0.26,3.90
2024/05/24 星期五 00:52:12.562,1716483132562,NH-DC-NM129-D04-ROCE-Leaf-6.GPU.S9825,FourHundredGigE1/0/61,68771,261231742,356924,1377044912,0.64,3.40
2024/05/24 星期五 00:52:13.246,1716483133246,NH-DC-NM129-D04-ROCE-Leaf-6.GPU.S9825,FourHundredGigE1/0/61,0,0,0,0,0,0
2024/05/24 星期五 00:52:13.787,1716483133787,NH-DC-NM129-D04-ROCE-Leaf-6.GPU.S9825,FourHundredGigE1/0/61,212296,794760950,219836,752800988,1.83,1.73
2024/05/24 星期五 00:52:15.004,1716483135004,NH-DC-NM129-D04-ROCE-Leaf-6.GPU.S9825,FourHundredGigE1/0/61,339600,1361725446,239031,897034412,1.40,0.91
2024/05/24 星期五 00:52:15.539,1716483135539,NH-DC-NM129-D04-ROCE-Leaf-6.GPU.S9825,FourHundredGigE1/0/61,0,0,0,0,0,0
2024/05/24 星期五 00:52:16.054,1716483136054,NH-DC-NM129-D04-ROCE-Leaf-6.GPU.S9825,FourHundredGigE1/0/61,263198,996561868,267754,1076877066,2.40,2.60
2024/05/24 星期五 00:52:16.808,1716483136808,NH-DC-NM129-D04-ROCE-Leaf-6.GPU.S9825,FourHundredGigE1/0/61,337085,1329856846,156963,596998622,2.19,0.98
2024/05/24 星期五 00:52:17.333,1716483137333,NH-DC-NM129-D04-ROCE-Leaf-6.GPU.S9825,FourHundredGigE1/0/61,0,0,0,0,0,0
2024/05/24 星期五 00:52:17.995,1716483137995,NH-DC-NM129-D04-ROCE-Leaf-6.GPU.S9825,FourHundredGigE1/0/61,341457,1336672450,337917,1315393614,2.51,2.47
2024/05/24 星期五 00:52:18.578,1716483138578,NH-DC-NM129-D04-ROCE-Leaf-6.GPU.S9825,FourHundredGigE1/0/61,0,0,0,0,0,0
2024/05/24 星期五 00:52:19.080,1716483139080,NH-DC-NM129-D04-ROCE-Leaf-6.GPU.S9825,FourHundredGigE1/0/61,302199,1184252898,281245,1089264082,2.94,2.69
2024/05/24 星期五 00:52:19.579,1716483139579,NH-DC-NM129-D04-ROCE-Leaf-6.GPU.S9825,FourHundredGigE1/0/61,0,0,0,0,0,0
2024/05/24 星期五 00:52:20.113,1716483140113,NH-DC-NM129-D04-ROCE-Leaf-6.GPU.S9825,FourHundredGigE1/0/61,271486,1008058352,301940,1195392020,2.34,2.79
2024/05/24 星期五 00:52:20.660,1716483140660,NH-DC-NM129-D04-ROCE-Leaf-6.GPU.S9825,FourHundredGigE1/0/61,210618,844688944,229818,863585560,1.92,1.97
2024/05/24 星期五 00:52:21.339,1716483141339,NH-DC-NM129-D04-ROCE-Leaf-6.GPU.S9825,FourHundredGigE1/0/61,0,0,0,0,0,0
2024/05/24 星期五 00:52:21.917,1716483141917,NH-DC-NM129-D04-ROCE-Leaf-6.GPU.S9825,FourHundredGigE1/0/61,95518,343613780,226017,897570062,0.74,1.92
2024/05/24 星期五 00:52:22.417,1716483142417,NH-DC-NM129-D04-ROCE-Leaf-6.GPU.S9825,FourHundredGigE1/0/61,0,0,0,0,0,0
2024/05/24 星期五 00:52:22.917,1716483142917,NH-DC-NM129-D04-ROCE-Leaf-6.GPU.S9825,FourHundredGigE1/0/61,141126,538886152,271413,1035688598,1.32,2.58
2024/05/24 星期五 00:52:23.629,1716483143629,NH-DC-NM129-D04-ROCE-Leaf-6.GPU.S9825,FourHundredGigE1/0/61,0,0,0,0,0,0
2024/05/24 星期五 00:52:24.129,1716483144129,NH-DC-NM129-D04-ROCE-Leaf-6.GPU.S9825,FourHundredGigE1/0/61,155984,612924032,169885,637169774,1.52,1.58
2024/05/24 星期五 00:52:24.867,1716483144867,NH-DC-NM129-D04-ROCE-Leaf-6.GPU.S9825,FourHundredGigE1/0/61,167686,657991642,258069,1010328238,1.10,1.71
2024/05/24 星期五 00:52:25.441,1716483145441,NH-DC-NM129-D04-ROCE-Leaf-6.GPU.S9825,FourHundredGigE1/0/61,0,0,0,0,0,0
2024/05/24 星期五 00:52:25.942,1716483145942,NH-DC-NM129-D04-ROCE-Leaf-6.GPU.S9825,FourHundredGigE1/0/61,94571,353282196,271877,1085524442,0.87,2.69
2024/05/24 星期五 00:52:26.447,1716483146447,NH-DC-NM129-D04-ROCE-Leaf-6.GPU.S9825,FourHundredGigE1/0/61,84732,297058552,99225,330246698,0.72,0.82
2024/05/24 星期五 00:52:27.192,1716483147192,NH-DC-NM129-D04-ROCE-Leaf-6.GPU.S9825,FourHundredGigE1/0/61,0,0,0,0,0,0
2024/05/24 星期五 00:52:27.717,1716483147717,NH-DC-NM129-D04-ROCE-Leaf-6.GPU.S9825,FourHundredGigE1/0/61,453706,1811960286,249065,982204238,4.31,2.33
2024/05/24 星期五 00:52:28.368,1716483148368,NH-DC-NM129-D04-ROCE-Leaf-6.GPU.S9825,FourHundredGigE1/0/61,0,0,0,0,0,0
2024/05/24 星期五 00:52:28.984,1716483148984,NH-DC-NM129-D04-ROCE-Leaf-6.GPU.S9825,FourHundredGigE1/0/61,301213,1197130054,201720,794715716,2.41,1.60
2024/05/24 星期五 00:52:29.492,1716483149492,NH-DC-NM129-D04-ROCE-Leaf-6.GPU.S9825,FourHundredGigE1/0/61,0,0,0,0,0,0
2024/05/24 星期五 00:52:30.012,1716483150012,NH-DC-NM129-D04-ROCE-Leaf-6.GPU.S9825,FourHundredGigE1/0/61,142936,541229612,344577,1351865430,1.30,3.25
2024/05/24 星期五 00:52:30.752,1716483150752,NH-DC-NM129-D04-ROCE-Leaf-6.GPU.S9825,FourHundredGigE1/0/61,172367,665901192,306754,1194370408,1.11,2.01
2024/05/24 星期五 00:52:31.382,1716483151382,NH-DC-NM129-D04-ROCE-Leaf-6.GPU.S9825,FourHundredGigE1/0/61,0,0,0,0,0,0
2024/05/24 星期五 00:52:32.010,1716483152010,NH-DC-NM129-D04-ROCE-Leaf-6.GPU.S9825,FourHundredGigE1/0/61,60714,217774962,184002,642458180,0.42,1.27
2024/05/24 星期五 00:52:32.535,1716483152535,NH-DC-NM129-D04-ROCE-Leaf-6.GPU.S9825,FourHundredGigE1/0/61,0,0,0,0,0,0
2024/05/24 星期五 00:52:33.036,1716483153036,NH-DC-NM129-D04-ROCE-Leaf-6.GPU.S9825,FourHundredGigE1/0/61,230925,923338936,296993,1093224268,2.30,2.72
2024/05/24 星期五 00:52:33.648,1716483153648,NH-DC-NM129-D04-ROCE-Leaf-6.GPU.S9825,FourHundredGigE1/0/61,422662,1699306384,272621,1070266676,3.45,2.19
2024/05/24 星期五 00:52:34.342,1716483154342,NH-DC-NM129-D04-ROCE-Leaf-6.GPU.S9825,FourHundredGigE1/0/61,0,0,0,0,0,0
2024/05/24 星期五 00:52:35.025,1716483155025,NH-DC-NM129-D04-ROCE-Leaf-6.GPU.S9825,FourHundredGigE1/0/61,346500,1334624504,243687,954978234,2.43,1.74
2024/05/24 星期五 00:52:38.088,1716483158088,NH-DC-NM129-D04-ROCE-Leaf-6.GPU.S9825,FourHundredGigE1/0/61,817456,3182664691,619509,2435510642,1.30,0.99
2024/05/24 星期五 00:52:38.727,1716483158727,NH-DC-NM129-D04-ROCE-Leaf-6.GPU.S9825,FourHundredGigE1/0/61,216617,812298378,183588,726858828,1.58,1.41
2024/05/24 星期五 00:52:39.249,1716483159249,NH-DC-NM129-D04-ROCE-Leaf-6.GPU.S9825,FourHundredGigE1/0/61,0,0,0,0,0,0
2024/05/24 星期五 00:52:40.052,1716483160052,NH-DC-NM129-D04-ROCE-Leaf-6.GPU.S9825,FourHundredGigE1/0/61,245736,946817416,167749,607425022,1.46,0.93
2024/05/24 星期五 00:52:40.683,1716483160683,NH-DC-NM129-D04-ROCE-Leaf-6.GPU.S9825,FourHundredGigE1/0/61,253672,963412942,195696,717397476,1.90,1.41
2024/05/24 星期五 00:52:41.430,1716483161430,NH-DC-NM129-D04-ROCE-Leaf-6.GPU.S9825,FourHundredGigE1/0/61,268507,986639284,168794,630639008,1.64,1.05
2024/05/24 星期五 00:52:42.296,1716483162296,NH-DC-NM129-D04-ROCE-Leaf-6.GPU.S9825,FourHundredGigE1/0/61,0,0,0,0,0,0
2024/05/24 星期五 00:52:42.843,1716483162843,NH-DC-NM129-D04-ROCE-Leaf-6.GPU.S9825,FourHundredGigE1/0/61,291106,1071363296,282565,1114564774,2.45,2.54
2024/05/24 星期五 00:52:43.346,1716483163346,NH-DC-NM129-D04-ROCE-Leaf-6.GPU.S9825,FourHundredGigE1/0/61,0,0,0,0,0,0
2024/05/24 星期五 00:52:43.955,1716483163955,NH-DC-NM129-D04-ROCE-Leaf-6.GPU.S9825,FourHundredGigE1/0/61,423915,1684930078,300475,1188941954,3.45,2.42
2024/05/24 星期五 00:52:44.751,1716483164751,NH-DC-NM129-D04-ROCE-Leaf-6.GPU.S9825,FourHundredGigE1/0/61,191159,770489982,575799,2256439514,1.21,3.53
2024/05/24 星期五 00:52:45.413,1716483165413,NH-DC-NM129-D04-ROCE-Leaf-6.GPU.S9825,FourHundredGigE1/0/61,0,0,0,0,0,0
2024/05/24 星期五 00:52:45.983,1716483165983,NH-DC-NM129-D04-ROCE-Leaf-6.GPU.S9825,FourHundredGigE1/0/61,266514,1073873240,216371,783329554,2.35,1.71
2024/05/24 星期五 00:52:46.532,1716483166532,NH-DC-NM129-D04-ROCE-Leaf-6.GPU.S9825,FourHundredGigE1/0/61,285364,1107725036,206743,773878730,2.50,1.75
2024/05/24 星期五 00:52:47.247,1716483167247,NH-DC-NM129-D04-ROCE-Leaf-6.GPU.S9825,FourHundredGigE1/0/61,0,0,0,0,0,0
2024/05/24 星期五 00:52:47.884,1716483167884,NH-DC-NM129-D04-ROCE-Leaf-6.GPU.S9825,FourHundredGigE1/0/61,554029,2239146538,504242,2057875676,4.38,4.02
2024/05/24 星期五 00:52:48.559,1716483168559,NH-DC-NM129-D04-ROCE-Leaf-6.GPU.S9825,FourHundredGigE1/0/61,0,0,0,0,0,0
2024/05/24 星期五 00:52:49.166,1716483169166,NH-DC-NM129-D04-ROCE-Leaf-6.GPU.S9825,FourHundredGigE1/0/61,72707,245040898,112647,316038626,0.49,0.64
2024/05/24 星期五 00:52:49.667,1716483169667,NH-DC-NM129-D04-ROCE-Leaf-6.GPU.S9825,FourHundredGigE1/0/61,0,0,0,0,0,0
2024/05/24 星期五 00:52:50.165,1716483170165,NH-DC-NM129-D04-ROCE-Leaf-6.GPU.S9825,FourHundredGigE1/0/61,162479,650973234,115125,355075999,1.63,0.88
2024/05/24 星期五 00:52:50.750,1716483170750,NH-DC-NM129-D04-ROCE-Leaf-6.GPU.S9825,FourHundredGigE1/0/61,129064,485760816,168919,628091494,1.03,1.32
2024/05/24 星期五 00:52:51.448,1716483171448,NH-DC-NM129-D04-ROCE-Leaf-6.GPU.S9825,FourHundredGigE1/0/61,161514,607630124,323154,1312276584,1.07,2.35
2024/05/24 星期五 00:52:52.168,1716483172168,NH-DC-NM129-D04-ROCE-Leaf-6.GPU.S9825,FourHundredGigE1/0/61,0,0,0,0,0,0
2024/05/24 星期五 00:52:52.718,1716483172718,NH-DC-NM129-D04-ROCE-Leaf-6.GPU.S9825,FourHundredGigE1/0/61,0,0,0,0,0,0
2024/05/24 星期五 00:52:53.218,1716483173218,NH-DC-NM129-D04-ROCE-Leaf-6.GPU.S9825,FourHundredGigE1/0/61,313386,1157455016,383091,1424588598,2.88,3.55
2024/05/24 星期五 00:52:53.847,1716483173847,NH-DC-NM129-D04-ROCE-Leaf-6.GPU.S9825,FourHundredGigE1/0/61,414320,1583455300,189382,717033796,3.14,1.41
2024/05/24 星期五 00:52:55.089,1716483175089,NH-DC-NM129-D04-ROCE-Leaf-6.GPU.S9825,FourHundredGigE1/0/61,132707,490751292,218297,867408302,0.49,0.87
2024/05/24 星期五 00:52:55.905,1716483175905,NH-DC-NM129-D04-ROCE-Leaf-6.GPU.S9825,FourHundredGigE1/0/61,110526,446922342,151905,621569798,0.67,0.95
2024/05/24 星期五 00:52:56.406,1716483176406,NH-DC-NM129-D04-ROCE-Leaf-6.GPU.S9825,FourHundredGigE1/0/61,0,0,0,0,0,0
2024/05/24 星期五 00:52:56.906,1716483176906,NH-DC-NM129-D04-ROCE-Leaf-6.GPU.S9825,FourHundredGigE1/0/61,393870,1557230692,51226,202491004,3.88,0.5
2024/05/24 星期五 00:52:57.454,1716483177454,NH-DC-NM129-D04-ROCE-Leaf-6.GPU.S9825,FourHundredGigE1/0/61,0,0,0,0,0,0
2024/05/24 星期五 00:52:58.596,1716483178596,NH-DC-NM129-D04-ROCE-Leaf-6.GPU.S9825,FourHundredGigE1/0/61,288466,1033710312,473909,1844034542,1.13,2.01
2024/05/24 星期五 00:52:59.265,1716483179265,NH-DC-NM129-D04-ROCE-Leaf-6.GPU.S9825,FourHundredGigE1/0/61,0,0,0,0,0,0
2024/05/24 星期五 00:52:59.849,1716483179849,NH-DC-NM129-D04-ROCE-Leaf-6.GPU.S9825,FourHundredGigE1/0/61,62528,238427940,130190,498457488,0.49,1.05
2024/05/24 星期五 00:53:00.349,1716483180349,NH-DC-NM129-D04-ROCE-Leaf-6.GPU.S9825,FourHundredGigE1/0/61,0,0,0,0,0,0
2024/05/24 星期五 00:53:00.972,1716483180972,NH-DC-NM129-D04-ROCE-Leaf-6.GPU.S9825,FourHundredGigE1/0/61,104271,385179314,190672,763506912,0.76,1.52
2024/05/24 星期五 00:53:01.699,1716483181699,NH-DC-NM129-D04-ROCE-Leaf-6.GPU.S9825,FourHundredGigE1/0/61,743002,2994615896,513768,2059415428,5.14,3.52
2024/05/24 星期五 00:53:02.455,1716483182455,NH-DC-NM129-D04-ROCE-Leaf-6.GPU.S9825,FourHundredGigE1/0/61,336754,1334672748,412761,1512784818,2.20,2.50
2024/05/24 星期五 00:53:05.076,1716483185076,NH-DC-NM129-D04-ROCE-Leaf-6.GPU.S9825,FourHundredGigE1/0/61,180850,687668248,164013,579961786,0.32,0.27
2024/05/24 星期五 00:53:05.705,1716483185705,NH-DC-NM129-D04-ROCE-Leaf-6.GPU.S9825,FourHundredGigE1/0/61,170953,632200842,537818,2163898958,1.25,4.29
2024/05/24 星期五 00:53:06.235,1716483186235,NH-DC-NM129-D04-ROCE-Leaf-6.GPU.S9825,FourHundredGigE1/0/61,0,0,0,0,0,0
2024/05/24 星期五 00:53:06.748,1716483186748,NH-DC-NM129-D04-ROCE-Leaf-6.GPU.S9825,FourHundredGigE1/0/61,0,0,0,0,0,0
2024/05/24 星期五 00:53:07.249,1716483187249,NH-DC-NM129-D04-ROCE-Leaf-6.GPU.S9825,FourHundredGigE1/0/61,251872,970985536,140180,524727498,2.42,1.30
2024/05/24 星期五 00:53:07.763,1716483187763,NH-DC-NM129-D04-ROCE-Leaf-6.GPU.S9825,FourHundredGigE1/0/61,170653,598144525,157142,531683436,1.43,1.29
2024/05/24 星期五 00:53:08.312,1716483188312,NH-DC-NM129-D04-ROCE-Leaf-6.GPU.S9825,FourHundredGigE1/0/61,0,0,0,0,0,0
2024/05/24 星期五 00:53:09.024,1716483189024,NH-DC-NM129-D04-ROCE-Leaf-6.GPU.S9825,FourHundredGigE1/0/61,223303,854678912,411421,1622996964,1.49,2.84
2024/05/24 星期五 00:53:09.684,1716483189684,NH-DC-NM129-D04-ROCE-Leaf-6.GPU.S9825,FourHundredGigE1/0/61,0,0,0,0,0,0
2024/05/24 星期五 00:53:10.184,1716483190184,NH-DC-NM129-D04-ROCE-Leaf-6.GPU.S9825,FourHundredGigE1/0/61,299106,1186956778,381382,1488310151,2.95,3.7
2024/05/24 星期五 00:53:10.688,1716483190688,NH-DC-NM129-D04-ROCE-Leaf-6.GPU.S9825,FourHundredGigE1/0/61,242716,946371784,363452,1424678854,2.33,3.52
2024/05/24 星期五 00:53:11.329,1716483191329,NH-DC-NM129-D04-ROCE-Leaf-6.GPU.S9825,FourHundredGigE1/0/61,0,0,0,0,0,0
2024/05/24 星期五 00:53:12.039,1716483192039,NH-DC-NM129-D04-ROCE-Leaf-6.GPU.S9825,FourHundredGigE1/0/61,284016,1101381080,414686,1631796790,1.94,2.87
2024/05/24 星期五 00:53:12.685,1716483192685,NH-DC-NM129-D04-ROCE-Leaf-6.GPU.S9825,FourHundredGigE1/0/61,221630,820899204,615578,2509097324,1.59,4.84
2024/05/24 星期五 00:53:13.268,1716483193268,NH-DC-NM129-D04-ROCE-Leaf-6.GPU.S9825,FourHundredGigE1/0/61,0,0,0,0,0,0
2024/05/24 星期五 00:53:13.769,1716483193769,NH-DC-NM129-D04-ROCE-Leaf-6.GPU.S9825,FourHundredGigE1/0/61,131840,508811144,161345,613422078,1.25,1.52
2024/05/24 星期五 00:53:14.269,1716483194269,NH-DC-NM129-D04-ROCE-Leaf-6.GPU.S9825,FourHundredGigE1/0/61,0,0,0,0,0,0
2024/05/24 星期五 00:53:14.842,1716483194842,NH-DC-NM129-D04-ROCE-Leaf-6.GPU.S9825,FourHundredGigE1/0/61,306534,1238776012,193363,773941854,2.68,1.68
2024/05/24 星期五 00:53:15.517,1716483195517,NH-DC-NM129-D04-ROCE-Leaf-6.GPU.S9825,FourHundredGigE1/0/61,0,0,0,0,0,0
2024/05/24 星期五 00:53:16.133,1716483196133,NH-DC-NM129-D04-ROCE-Leaf-6.GPU.S9825,FourHundredGigE1/0/61,124603,450532850,195875,751211054,0.91,1.52
2024/05/24 星期五 00:53:16.722,1716483196722,NH-DC-NM129-D04-ROCE-Leaf-6.GPU.S9825,FourHundredGigE1/0/61,636100,2572885746,232470,875221976,5.45,1.85
2024/05/24 星期五 00:53:17.222,1716483197222,NH-DC-NM129-D04-ROCE-Leaf-6.GPU.S9825,FourHundredGigE1/0/61,0,0,0,0,0,0
2024/05/24 星期五 00:53:17.721,1716483197721,NH-DC-NM129-D04-ROCE-Leaf-6.GPU.S9825,FourHundredGigE1/0/61,0,0,0,0,0,0
2024/05/24 星期五 00:53:18.222,1716483198222,NH-DC-NM129-D04-ROCE-Leaf-6.GPU.S9825,FourHundredGigE1/0/61,119202,450032270,136522,506435524,1.12,1.25
2024/05/24 星期五 00:53:18.894,1716483198894,NH-DC-NM129-D04-ROCE-Leaf-6.GPU.S9825,FourHundredGigE1/0/61,56434,221036120,60599,228594998,0.41,0.41
2024/05/24 星期五 00:53:23.622,1716483203622,NH-DC-NM129-D04-ROCE-Leaf-6.GPU.S9825,FourHundredGigE1/0/61,996384,4012782400,683907,2665803766,1.06,0.70
2024/05/24 星期五 00:53:24.123,1716483204123,NH-DC-NM129-D04-ROCE-Leaf-6.GPU.S9825,FourHundredGigE1/0/61,189293,720221710,569266,2279609870,1.80,5.66
2024/05/24 星期五 00:53:24.691,1716483204691,NH-DC-NM129-D04-ROCE-Leaf-6.GPU.S9825,FourHundredGigE1/0/61,0,0,0,0,0,0
2024/05/24 星期五 00:53:25.193,1716483205193,NH-DC-NM129-D04-ROCE-Leaf-6.GPU.S9825,FourHundredGigE1/0/61,88866,298073654,131692,478242078,0.72,1.17
2024/05/24 星期五 00:53:26.039,1716483206039,NH-DC-NM129-D04-ROCE-Leaf-6.GPU.S9825,FourHundredGigE1/0/61,124974,461235636,396488,1572692988,0.68,2.32
2024/05/24 星期五 00:53:26.612,1716483206612,NH-DC-NM129-D04-ROCE-Leaf-6.GPU.S9825,FourHundredGigE1/0/61,0,0,0,0,0,0
2024/05/24 星期五 00:53:27.114,1716483207114,NH-DC-NM129-D04-ROCE-Leaf-6.GPU.S9825,FourHundredGigE1/0/61,333868,1329770434,152408,590562384,3.29,1.47
2024/05/24 星期五 00:53:27.616,1716483207616,NH-DC-NM129-D04-ROCE-Leaf-6.GPU.S9825,FourHundredGigE1/0/61,0,0,0,0,0,0
2024/05/24 星期五 00:53:28.120,1716483208120,NH-DC-NM129-D04-ROCE-Leaf-6.GPU.S9825,FourHundredGigE1/0/61,317347,1162509336,199895,754902280,2.88,1.86
2024/05/24 星期五 00:53:28.633,1716483208633,NH-DC-NM129-D04-ROCE-Leaf-6.GPU.S9825,FourHundredGigE1/0/61,163458,612903634,1861186,7613158372,1.49,18.54
2024/05/24 星期五 00:53:29.401,1716483209401,NH-DC-NM129-D04-ROCE-Leaf-6.GPU.S9825,FourHundredGigE1/0/61,0,0,0,0,0,0
2024/05/24 星期五 00:53:29.968,1716483209968,NH-DC-NM129-D04-ROCE-Leaf-6.GPU.S9825,FourHundredGigE1/0/61,73410,238555708,2418309,9896216348,0.51,21.80
2024/05/24 星期五 00:53:30.469,1716483210469,NH-DC-NM129-D04-ROCE-Leaf-6.GPU.S9825,FourHundredGigE1/0/61,0,0,0,0,0,0
2024/05/24 星期五 00:53:30.969,1716483210969,NH-DC-NM129-D04-ROCE-Leaf-6.GPU.S9825,FourHundredGigE1/0/61,440306,1721839100,165931,607977942,4.3,1.5
2024/05/24 星期五 00:53:31.505,1716483211505,NH-DC-NM129-D04-ROCE-Leaf-6.GPU.S9825,FourHundredGigE1/0/61,0,0,0,0,0,0
2024/05/24 星期五 00:53:32.018,1716483212018,NH-DC-NM129-D04-ROCE-Leaf-6.GPU.S9825,FourHundredGigE1/0/61,320989,1282582002,215224,823218732,3.12,2.00
2024/05/24 星期五 00:53:32.882,1716483212882,NH-DC-NM129-D04-ROCE-Leaf-6.GPU.S9825,FourHundredGigE1/0/61,194152,738546921,267949,1067380690,1.06,1.53
2024/05/24 星期五 00:53:33.425,1716483213425,NH-DC-NM129-D04-ROCE-Leaf-6.GPU.S9825,FourHundredGigE1/0/61,0,0,0,0,0,0
2024/05/24 星期五 00:53:33.928,1716483213928,NH-DC-NM129-D04-ROCE-Leaf-6.GPU.S9825,FourHundredGigE1/0/61,162739,633595474,226642,889187665,1.57,2.19
2024/05/24 星期五 00:53:34.498,1716483214498,NH-DC-NM129-D04-ROCE-Leaf-6.GPU.S9825,FourHundredGigE1/0/61,0,0,0,0,0,0
2024/05/24 星期五 00:53:35.046,1716483215046,NH-DC-NM129-D04-ROCE-Leaf-6.GPU.S9825,FourHundredGigE1/0/61,154296,555001497,419213,1658648970,1.25,3.76
2024/05/24 星期五 00:53:35.549,1716483215549,NH-DC-NM129-D04-ROCE-Leaf-6.GPU.S9825,FourHundredGigE1/0/61,139417,519160682,207171,788808498,1.27,1.94
2024/05/24 星期五 00:53:36.177,1716483216177,NH-DC-NM129-D04-ROCE-Leaf-6.GPU.S9825,FourHundredGigE1/0/61,0,0,0,0,0,0
2024/05/24 星期五 00:53:36.836,1716483216836,NH-DC-NM129-D04-ROCE-Leaf-6.GPU.S9825,FourHundredGigE1/0/61,335971,1327128894,345568,1370490698,2.50,2.60
2024/05/24 星期五 00:53:37.338,1716483217338,NH-DC-NM129-D04-ROCE-Leaf-6.GPU.S9825,FourHundredGigE1/0/61,0,0,0,0,0,0
2024/05/24 星期五 00:53:37.837,1716483217837,NH-DC-NM129-D04-ROCE-Leaf-6.GPU.S9825,FourHundredGigE1/0/61,208208,790446011,350357,1386112050,1.98,3.46
2024/05/24 星期五 00:53:38.338,1716483218338,NH-DC-NM129-D04-ROCE-Leaf-6.GPU.S9825,FourHundredGigE1/0/61,0,0,0,0,0,0
2024/05/24 星期五 00:53:38.839,1716483218839,NH-DC-NM129-D04-ROCE-Leaf-6.GPU.S9825,FourHundredGigE1/0/61,77057,241636104,183318,718375246,0.60,1.77
2024/05/24 星期五 00:53:39.586,1716483219586,NH-DC-NM129-D04-ROCE-Leaf-6.GPU.S9825,FourHundredGigE1/0/61,125436,484494798,190230,682139148,0.80,1.14
2024/05/24 星期五 00:53:40.235,1716483220235,NH-DC-NM129-D04-ROCE-Leaf-6.GPU.S9825,FourHundredGigE1/0/61,0,0,0,0,0,0
2024/05/24 星期五 00:53:40.738,1716483220738,NH-DC-NM129-D04-ROCE-Leaf-6.GPU.S9825,FourHundredGigE1/0/61,111229,418462366,128249,456244202,1.02,1.12
2024/05/24 星期五 00:53:41.237,1716483221237,NH-DC-NM129-D04-ROCE-Leaf-6.GPU.S9825,FourHundredGigE1/0/61,0,0,0,0,0,0
2024/05/24 星期五 00:53:42.033,1716483222033,NH-DC-NM129-D04-ROCE-Leaf-6.GPU.S9825,FourHundredGigE1/0/61,427118,1742738620,136104,466393676,2.73,0.72
2024/05/24 星期五 00:53:42.794,1716483222794,NH-DC-NM129-D04-ROCE-Leaf-6.GPU.S9825,FourHundredGigE1/0/61,148474,598442620,127132,500941976,0.97,0.82
2024/05/24 星期五 00:53:43.543,1716483223543,NH-DC-NM129-D04-ROCE-Leaf-6.GPU.S9825,FourHundredGigE1/0/61,0,0,0,0,0,0
2024/05/24 星期五 00:53:44.106,1716483224106,NH-DC-NM129-D04-ROCE-Leaf-6.GPU.S9825,FourHundredGigE1/0/61,379020,1474420296,60897,245021782,3.26,0.53
2024/05/24 星期五 00:53:44.911,1716483224911,NH-DC-NM129-D04-ROCE-Leaf-6.GPU.S9825,FourHundredGigE1/0/61,221079,860422838,254019,982425052,1.34,1.52
2024/05/24 星期五 00:53:45.433,1716483225433,NH-DC-NM129-D04-ROCE-Leaf-6.GPU.S9825,FourHundredGigE1/0/61,0,0,0,0,0,0
2024/05/24 星期五 00:53:45.933,1716483225933,NH-DC-NM129-D04-ROCE-Leaf-6.GPU.S9825,FourHundredGigE1/0/61,213582,831767764,211673,824289412,2.08,2.05
2024/05/24 星期五 00:53:47.000,1716483227000,NH-DC-NM129-D04-ROCE-Leaf-6.GPU.S9825,FourHundredGigE1/0/61,66596,241847000,139353,541461190,0.28,0.63
2024/05/24 星期五 00:53:47.531,1716483227531,NH-DC-NM129-D04-ROCE-Leaf-6.GPU.S9825,FourHundredGigE1/0/61,0,0,0,0,0,0
2024/05/24 星期五 00:53:48.033,1716483228033,NH-DC-NM129-D04-ROCE-Leaf-6.GPU.S9825,FourHundredGigE1/0/61,157185,574568502,143732,553011464,1.42,1.37
2024/05/24 星期五 00:53:48.614,1716483228614,NH-DC-NM129-D04-ROCE-Leaf-6.GPU.S9825,FourHundredGigE1/0/61,0,0,0,0,0,0
2024/05/24 星期五 00:53:49.116,1716483229116,NH-DC-NM129-D04-ROCE-Leaf-6.GPU.S9825,FourHundredGigE1/0/61,924004,3648253556,139026,459726240,9.06,1.12
2024/05/24 星期五 00:53:49.898,1716483229898,NH-DC-NM129-D04-ROCE-Leaf-6.GPU.S9825,FourHundredGigE1/0/61,178396,564941304,138016,397356844,0.90,0.62
2024/05/24 星期五 00:53:50.563,1716483230563,NH-DC-NM129-D04-ROCE-Leaf-6.GPU.S9825,FourHundredGigE1/0/61,0,0,0,0,0,0
2024/05/24 星期五 00:53:51.109,1716483231109,NH-DC-NM129-D04-ROCE-Leaf-6.GPU.S9825,FourHundredGigE1/0/61,166771,645562208,250658,809049136,1.47,1.83
2024/05/24 星期五 00:53:51.716,1716483231716,NH-DC-NM129-D04-ROCE-Leaf-6.GPU.S9825,FourHundredGigE1/0/61,367700,1472597214,412721,1411980670,3.03,2.90
2024/05/24 星期五 00:53:52.231,1716483232231,NH-DC-NM129-D04-ROCE-Leaf-6.GPU.S9825,FourHundredGigE1/0/61,0,0,0,0,0,0
2024/05/24 星期五 00:53:52.774,1716483232774,NH-DC-NM129-D04-ROCE-Leaf-6.GPU.S9825,FourHundredGigE1/0/61,552012,2161259620,645375,2444124562,4.97,5.62
2024/05/24 星期五 00:53:53.667,1716483233667,NH-DC-NM129-D04-ROCE-Leaf-6.GPU.S9825,FourHundredGigE1/0/61,116502,431930812,145558,498683252,0.60,0.69
2024/05/24 星期五 00:53:54.363,1716483234363,NH-DC-NM129-D04-ROCE-Leaf-6.GPU.S9825,FourHundredGigE1/0/61,0,0,0,0,0,0
2024/05/24 星期五 00:53:54.911,1716483234911,NH-DC-NM129-D04-ROCE-Leaf-6.GPU.S9825,FourHundredGigE1/0/61,293895,1163784916,230391,843400930,2.65,1.92
2024/05/24 星期五 00:53:55.635,1716483235635,NH-DC-NM129-D04-ROCE-Leaf-6.GPU.S9825,FourHundredGigE1/0/61,366964,1431658210,218212,835676952,2.47,1.43
2024/05/24 星期五 00:53:56.209,1716483236209,NH-DC-NM129-D04-ROCE-Leaf-6.GPU.S9825,FourHundredGigE1/0/61,0,0,0,0,0,0
2024/05/24 星期五 00:53:57.009,1716483237009,NH-DC-NM129-D04-ROCE-Leaf-6.GPU.S9825,FourHundredGigE1/0/61,378355,1538767270,192719,729111004,2.39,1.12
2024/05/24 星期五 00:53:57.618,1716483237618,NH-DC-NM129-D04-ROCE-Leaf-6.GPU.S9825,FourHundredGigE1/0/61,0,0,0,0,0,0
2024/05/24 星期五 00:53:58.119,1716483238119,NH-DC-NM129-D04-ROCE-Leaf-6.GPU.S9825,FourHundredGigE1/0/61,180467,688841270,198101,742138896,1.70,1.85
2024/05/24 星期五 00:53:58.700,1716483238700,NH-DC-NM129-D04-ROCE-Leaf-6.GPU.S9825,FourHundredGigE1/0/61,209311,779501946,191616,723630552,1.66,1.55
2024/05/24 星期五 00:53:59.242,1716483239242,NH-DC-NM129-D04-ROCE-Leaf-6.GPU.S9825,FourHundredGigE1/0/61,0,0,0,0,0,0
2024/05/24 星期五 00:53:59.872,1716483239872,NH-DC-NM129-D04-ROCE-Leaf-6.GPU.S9825,FourHundredGigE1/0/61,481814,1901586432,231077,909139030,3.77,1.79
2024/05/24 星期五 00:54:00.587,1716483240587,NH-DC-NM129-D04-ROCE-Leaf-6.GPU.S9825,FourHundredGigE1/0/61,162658,621273098,238603,919801930,1.08,1.59
2024/05/24 星期五 00:54:01.133,1716483241133,NH-DC-NM129-D04-ROCE-Leaf-6.GPU.S9825,FourHundredGigE1/0/61,0,0,0,0,0,0
2024/05/24 星期五 00:54:01.634,1716483241634,NH-DC-NM129-D04-ROCE-Leaf-6.GPU.S9825,FourHundredGigE1/0/61,0,0,0,0,0,0
2024/05/24 星期五 00:54:02.135,1716483242135,NH-DC-NM129-D04-ROCE-Leaf-6.GPU.S9825,FourHundredGigE1/0/61,460603,1735110306,759340,3027634104,4.32,7.53
2024/05/24 星期五 00:54:04.216,1716483244216,NH-DC-NM129-D04-ROCE-Leaf-6.GPU.S9825,FourHundredGigE1/0/61,318901,1278814116,329744,1286682656,0.76,0.77
2024/05/24 星期五 00:54:04.930,1716483244930,NH-DC-NM129-D04-ROCE-Leaf-6.GPU.S9825,FourHundredGigE1/0/61,92341,352268786,139806,548598624,0.61,0.95
2024/05/24 星期五 00:54:05.525,1716483245525,NH-DC-NM129-D04-ROCE-Leaf-6.GPU.S9825,FourHundredGigE1/0/61,0,0,0,0,0,0
2024/05/24 星期五 00:54:06.089,1716483246089,NH-DC-NM129-D04-ROCE-Leaf-6.GPU.S9825,FourHundredGigE1/0/61,177295,717140082,98683,382164614,1.57,0.84
2024/05/24 星期五 00:54:06.666,1716483246666,NH-DC-NM129-D04-ROCE-Leaf-6.GPU.S9825,FourHundredGigE1/0/61,321889,1279209738,276976,1086927980,2.75,2.34
2024/05/24 星期五 00:54:07.167,1716483247167,NH-DC-NM129-D04-ROCE-Leaf-6.GPU.S9825,FourHundredGigE1/0/61,0,0,0,0,0,0
2024/05/24 星期五 00:54:07.892,1716483247892,NH-DC-NM129-D04-ROCE-Leaf-6.GPU.S9825,FourHundredGigE1/0/61,81948,293645085,349799,1370304778,0.5,2.36
2024/05/24 星期五 00:54:08.389,1716483248389,NH-DC-NM129-D04-ROCE-Leaf-6.GPU.S9825,FourHundredGigE1/0/61,0,0,0,0,0,0
2024/05/24 星期五 00:54:08.905,1716483248905,NH-DC-NM129-D04-ROCE-Leaf-6.GPU.S9825,FourHundredGigE1/0/61,109337,396836132,74073,250467418,0.94,0.61
2024/05/24 星期五 00:54:09.448,1716483249448,NH-DC-NM129-D04-ROCE-Leaf-6.GPU.S9825,FourHundredGigE1/0/61,0,0,0,0,0,0
2024/05/24 星期五 00:54:09.946,1716483249946,NH-DC-NM129-D04-ROCE-Leaf-6.GPU.S9825,FourHundredGigE1/0/61,147832,438133060,95384,345563440,1.08,0.85
2024/05/24 星期五 00:54:10.492,1716483250492,NH-DC-NM129-D04-ROCE-Leaf-6.GPU.S9825,FourHundredGigE1/0/61,71700,229091804,328316,1336127912,0.50,3.04
2024/05/24 星期五 00:54:11.272,1716483251272,NH-DC-NM129-D04-ROCE-Leaf-6.GPU.S9825,FourHundredGigE1/0/61,0,0,0,0,0,0
2024/05/24 星期五 00:54:11.890,1716483251890,NH-DC-NM129-D04-ROCE-Leaf-6.GPU.S9825,FourHundredGigE1/0/61,158769,591650638,262118,1027071112,1.19,2.06
2024/05/24 星期五 00:54:12.402,1716483252402,NH-DC-NM129-D04-ROCE-Leaf-6.GPU.S9825,FourHundredGigE1/0/61,0,0,0,0,0,0
2024/05/24 星期五 00:54:12.996,1716483252996,NH-DC-NM129-D04-ROCE-Leaf-6.GPU.S9825,FourHundredGigE1/0/61,62912,202582192,217006,828253292,0.42,1.73
2024/05/24 星期五 00:54:13.594,1716483253594,NH-DC-NM129-D04-ROCE-Leaf-6.GPU.S9825,FourHundredGigE1/0/61,0,0,0,0,0,0
2024/05/24 星期五 00:54:14.110,1716483254110,NH-DC-NM129-D04-ROCE-Leaf-6.GPU.S9825,FourHundredGigE1/0/61,464901,1874082194,247547,932806106,4.53,2.25
2024/05/24 星期五 00:54:14.883,1716483254883,NH-DC-NM129-D04-ROCE-Leaf-6.GPU.S9825,FourHundredGigE1/0/61,84638,197738000,172071,670153234,0.31,1.08
2024/05/24 星期五 00:54:15.425,1716483255425,NH-DC-NM129-D04-ROCE-Leaf-6.GPU.S9825,FourHundredGigE1/0/61,0,0,0,0,0,0
2024/05/24 星期五 00:54:15.973,1716483255973,NH-DC-NM129-D04-ROCE-Leaf-6.GPU.S9825,FourHundredGigE1/0/61,92854,252162490,207669,844374198,0.57,1.92
2024/05/24 星期五 00:54:16.678,1716483256678,NH-DC-NM129-D04-ROCE-Leaf-6.GPU.S9825,FourHundredGigE1/0/61,85611,212690016,446625,1801518016,0.37,3.19
2024/05/24 星期五 00:54:17.230,1716483257230,NH-DC-NM129-D04-ROCE-Leaf-6.GPU.S9825,FourHundredGigE1/0/61,0,0,0,0,0,0
2024/05/24 星期五 00:54:17.730,1716483257730,NH-DC-NM129-D04-ROCE-Leaf-6.GPU.S9825,FourHundredGigE1/0/61,173852,452098568,1018504,4166505610,1.12,10.4
2024/05/24 星期五 00:54:18.438,1716483258438,NH-DC-NM129-D04-ROCE-Leaf-6.GPU.S9825,FourHundredGigE1/0/61,0,0,0,0,0,0
2024/05/24 星期五 00:54:18.950,1716483258950,NH-DC-NM129-D04-ROCE-Leaf-6.GPU.S9825,FourHundredGigE1/0/61,84691,236159438,329855,1307764102,0.56,3.17
2024/05/24 星期五 00:54:19.464,1716483259464,NH-DC-NM129-D04-ROCE-Leaf-6.GPU.S9825,FourHundredGigE1/0/61,0,0,0,0,0,0
2024/05/24 星期五 00:54:19.965,1716483259965,NH-DC-NM129-D04-ROCE-Leaf-6.GPU.S9825,FourHundredGigE1/0/61,91031,354021690,188670,748409184,0.87,1.85
2024/05/24 星期五 00:54:20.568,1716483260568,NH-DC-NM129-D04-ROCE-Leaf-6.GPU.S9825,FourHundredGigE1/0/61,0,0,0,0,0,0
2024/05/24 星期五 00:54:21.084,1716483261084,NH-DC-NM129-D04-ROCE-Leaf-6.GPU.S9825,FourHundredGigE1/0/61,285603,1066244402,145229,511597990,2.57,1.24
2024/05/24 星期五 00:54:21.944,1716483261944,NH-DC-NM129-D04-ROCE-Leaf-6.GPU.S9825,FourHundredGigE1/0/61,271019,1046738518,386688,1513107088,1.51,2.19
2024/05/24 星期五 00:54:22.463,1716483262463,NH-DC-NM129-D04-ROCE-Leaf-6.GPU.S9825,FourHundredGigE1/0/61,0,0,0,0,0,0
2024/05/24 星期五 00:54:22.965,1716483262965,NH-DC-NM129-D04-ROCE-Leaf-6.GPU.S9825,FourHundredGigE1/0/61,237349,901357446,231057,892636266,2.24,2.22
2024/05/24 星期五 00:54:23.596,1716483263596,NH-DC-NM129-D04-ROCE-Leaf-6.GPU.S9825,FourHundredGigE1/0/61,0,0,0,0,0,0
2024/05/24 星期五 00:54:24.116,1716483264116,NH-DC-NM129-D04-ROCE-Leaf-6.GPU.S9825,FourHundredGigE1/0/61,208497,779915330,219176,804342556,1.85,1.92
2024/05/24 星期五 00:54:24.702,1716483264702,NH-DC-NM129-D04-ROCE-Leaf-6.GPU.S9825,FourHundredGigE1/0/61,302363,1123121118,404670,1630764584,2.39,3.48
2024/05/24 星期五 00:54:25.470,1716483265470,NH-DC-NM129-D04-ROCE-Leaf-6.GPU.S9825,FourHundredGigE1/0/61,0,0,0,0,0,0
2024/05/24 星期五 00:54:25.974,1716483265974,NH-DC-NM129-D04-ROCE-Leaf-6.GPU.S9825,FourHundredGigE1/0/61,288141,1159551962,298060,1192319984,2.85,2.95
2024/05/24 星期五 00:54:26.495,1716483266495,NH-DC-NM129-D04-ROCE-Leaf-6.GPU.S9825,FourHundredGigE1/0/61,112988,0,295306,0,0,0
2024/05/24 星期五 00:54:27.142,1716483267142,NH-DC-NM129-D04-ROCE-Leaf-6.GPU.S9825,FourHundredGigE1/0/61,0,354209470,0,1052496028,0.68,2.03
2024/05/24 星期五 00:54:27.642,1716483267642,NH-DC-NM129-D04-ROCE-Leaf-6.GPU.S9825,FourHundredGigE1/0/61,0,0,0,0,0,0
2024/05/24 星期五 00:54:28.143,1716483268143,NH-DC-NM129-D04-ROCE-Leaf-6.GPU.S9825,FourHundredGigE1/0/61,342785,1216077660,386023,1458374886,3.02,3.62
2024/05/24 星期五 00:54:28.961,1716483268961,NH-DC-NM129-D04-ROCE-Leaf-6.GPU.S9825,FourHundredGigE1/0/61,330485,1143405258,349138,1404797582,1.74,2.14
2024/05/24 星期五 00:54:29.462,1716483269462,NH-DC-NM129-D04-ROCE-Leaf-6.GPU.S9825,FourHundredGigE1/0/61,0,0,0,0,0,0
2024/05/24 星期五 00:54:29.963,1716483269963,NH-DC-NM129-D04-ROCE-Leaf-6.GPU.S9825,FourHundredGigE1/0/61,135337,531547150,227690,887555794,1.32,2.20
2024/05/24 星期五 00:54:30.677,1716483270677,NH-DC-NM129-D04-ROCE-Leaf-6.GPU.S9825,FourHundredGigE1/0/61,221704,761044104,144131,575352922,1.33,1.00
2024/05/24 星期五 00:54:31.193,1716483271193,NH-DC-NM129-D04-ROCE-Leaf-6.GPU.S9825,FourHundredGigE1/0/61,0,0,0,0,0,0
2024/05/24 星期五 00:54:31.871,1716483271871,NH-DC-NM129-D04-ROCE-Leaf-6.GPU.S9825,FourHundredGigE1/0/61,155175,611385292,182659,719578530,1.12,1.31
2024/05/24 星期五 00:54:32.559,1716483272559,NH-DC-NM129-D04-ROCE-Leaf-6.GPU.S9825,FourHundredGigE1/0/61,0,0,0,0,0,0
2024/05/24 星期五 00:54:33.061,1716483273061,NH-DC-NM129-D04-ROCE-Leaf-6.GPU.S9825,FourHundredGigE1/0/61,242919,984183564,463368,1877463888,2.44,4.66
2024/05/24 星期五 00:54:34.407,1716483274407,NH-DC-NM129-D04-ROCE-Leaf-6.GPU.S9825,FourHundredGigE1/0/61,72804,277310372,121928,479777024,0.25,0.44
2024/05/24 星期五 00:54:34.906,1716483274906,NH-DC-NM129-D04-ROCE-Leaf-6.GPU.S9825,FourHundredGigE1/0/61,101995,389815586,157574,590734012,0.95,1.48
2024/05/24 星期五 00:54:35.726,1716483275726,NH-DC-NM129-D04-ROCE-Leaf-6.GPU.S9825,FourHundredGigE1/0/61,271444,1076844844,175282,674741152,1.63,1.02
2024/05/24 星期五 00:54:36.229,1716483276229,NH-DC-NM129-D04-ROCE-Leaf-6.GPU.S9825,FourHundredGigE1/0/61,0,0,0,0,0,0
2024/05/24 星期五 00:54:36.805,1716483276805,NH-DC-NM129-D04-ROCE-Leaf-6.GPU.S9825,FourHundredGigE1/0/61,216842,857346344,192134,772671380,1.84,1.67
2024/05/24 星期五 00:54:37.306,1716483277306,NH-DC-NM129-D04-ROCE-Leaf-6.GPU.S9825,FourHundredGigE1/0/61,0,0,0,0,0,0
2024/05/24 星期五 00:54:37.824,1716483277824,NH-DC-NM129-D04-ROCE-Leaf-6.GPU.S9825,FourHundredGigE1/0/61,66355,219001501,170272,634703360,0.51,1.52
2024/05/24 星期五 00:54:38.331,1716483278331,NH-DC-NM129-D04-ROCE-Leaf-6.GPU.S9825,FourHundredGigE1/0/61,131947,0,0,0,0,0
2024/05/24 星期五 00:54:39.167,1716483279167,NH-DC-NM129-D04-ROCE-Leaf-6.GPU.S9825,FourHundredGigE1/0/61,0,498560218,100281,390472950,0.73,0.58
2024/05/24 星期五 00:54:39.668,1716483279668,NH-DC-NM129-D04-ROCE-Leaf-6.GPU.S9825,FourHundredGigE1/0/61,0,0,0,0,0,0
2024/05/24 星期五 00:54:40.169,1716483280169,NH-DC-NM129-D04-ROCE-Leaf-6.GPU.S9825,FourHundredGigE1/0/61,451512,1814371242,469870,1916319630,4.52,4.77
2024/05/24 星期五 00:54:40.782,1716483280782,NH-DC-NM129-D04-ROCE-Leaf-6.GPU.S9825,FourHundredGigE1/0/61,176292,691424538,220282,842549742,1.41,1.71
2024/05/24 星期五 00:54:41.373,1716483281373,NH-DC-NM129-D04-ROCE-Leaf-6.GPU.S9825,FourHundredGigE1/0/61,232910,886641056,258080,1006244748,1.86,2.12
2024/05/24 星期五 00:54:42.319,1716483282319,NH-DC-NM129-D04-ROCE-Leaf-6.GPU.S9825,FourHundredGigE1/0/61,0,0,0,0,0,0
2024/05/24 星期五 00:54:42.999,1716483282999,NH-DC-NM129-D04-ROCE-Leaf-6.GPU.S9825,FourHundredGigE1/0/61,182858,704750582,175270,624964144,1.29,1.14
2024/05/24 星期五 00:54:43.501,1716483283501,NH-DC-NM129-D04-ROCE-Leaf-6.GPU.S9825,FourHundredGigE1/0/61,196402,696846430,84734,274522504,1.72,0.67
2024/05/24 星期五 00:54:44.246,1716483284246,NH-DC-NM129-D04-ROCE-Leaf-6.GPU.S9825,FourHundredGigE1/0/61,0,0,0,0,0,0
2024/05/24 星期五 00:54:44.888,1716483284888,NH-DC-NM129-D04-ROCE-Leaf-6.GPU.S9825,FourHundredGigE1/0/61,225383,878037120,166071,560376560,1.69,1.09
2024/05/24 星期五 00:54:45.396,1716483285396,NH-DC-NM129-D04-ROCE-Leaf-6.GPU.S9825,FourHundredGigE1/0/61,146752,515118690,110866,389288418,1.25,0.94
2024/05/24 星期五 00:54:46.164,1716483286164,NH-DC-NM129-D04-ROCE-Leaf-6.GPU.S9825,FourHundredGigE1/0/61,0,0,0,0,0,0
2024/05/24 星期五 00:54:47.059,1716483287059,NH-DC-NM129-D04-ROCE-Leaf-6.GPU.S9825,FourHundredGigE1/0/61,378192,1454011628,571912,2293957176,2.03,3.20
2024/05/24 星期五 00:54:47.692,1716483287692,NH-DC-NM129-D04-ROCE-Leaf-6.GPU.S9825,FourHundredGigE1/0/61,309681,1220371586,169747,611496046,2.41,1.20
2024/05/24 星期五 00:54:48.337,1716483288337,NH-DC-NM129-D04-ROCE-Leaf-6.GPU.S9825,FourHundredGigE1/0/61,0,0,0,0,0,0
2024/05/24 星期五 00:54:48.839,1716483288839,NH-DC-NM129-D04-ROCE-Leaf-6.GPU.S9825,FourHundredGigE1/0/61,169445,627906896,216333,871102510,1.54,2.17
2024/05/24 星期五 00:54:49.597,1716483289597,NH-DC-NM129-D04-ROCE-Leaf-6.GPU.S9825,FourHundredGigE1/0/61,0,0,0,0,0,0
2024/05/24 星期五 00:54:50.102,1716483290102,NH-DC-NM129-D04-ROCE-Leaf-6.GPU.S9825,FourHundredGigE1/0/61,265143,1004661816,228449,893746722,2.48,2.20
2024/05/24 星期五 00:54:50.606,1716483290606,NH-DC-NM129-D04-ROCE-Leaf-6.GPU.S9825,FourHundredGigE1/0/61,0,0,0,0,0,0
2024/05/24 星期五 00:54:51.105,1716483291105,NH-DC-NM129-D04-ROCE-Leaf-6.GPU.S9825,FourHundredGigE1/0/61,543722,2183594860,197901,770557752,5.46,1.93
2024/05/24 星期五 00:54:51.786,1716483291786,NH-DC-NM129-D04-ROCE-Leaf-6.GPU.S9825,FourHundredGigE1/0/61,140053,536829742,223680,847621908,0.97,1.54
2024/05/24 星期五 00:54:52.287,1716483292287,NH-DC-NM129-D04-ROCE-Leaf-6.GPU.S9825,FourHundredGigE1/0/61,0,0,0,0,0,0
2024/05/24 星期五 00:54:53.145,1716483293145,NH-DC-NM129-D04-ROCE-Leaf-6.GPU.S9825,FourHundredGigE1/0/61,264184,1044297020,113387,383064834,1.52,0.55
2024/05/24 星期五 00:54:53.742,1716483293742,NH-DC-NM129-D04-ROCE-Leaf-6.GPU.S9825,FourHundredGigE1/0/61,0,0,0,0,0,0
2024/05/24 星期五 00:54:54.242,1716483294242,NH-DC-NM129-D04-ROCE-Leaf-6.GPU.S9825,FourHundredGigE1/0/61,210265,794143798,370638,1467337024,1.98,3.65
2024/05/24 星期五 00:54:54.954,1716483294954,NH-DC-NM129-D04-ROCE-Leaf-6.GPU.S9825,FourHundredGigE1/0/61,193972,711438844,154825,499606766,1.25,0.86
2024/05/24 星期五 00:54:57.497,1716483297497,NH-DC-NM129-D04-ROCE-Leaf-6.GPU.S9825,FourHundredGigE1/0/61,259364,890752968,356243,1362388054,0.44,0.67
2024/05/24 星期五 00:54:57.999,1716483297999,NH-DC-NM129-D04-ROCE-Leaf-6.GPU.S9825,FourHundredGigE1/0/61,121152,416733476,340642,1380273678,1.02,3.44
2024/05/24 星期五 00:54:58.612,1716483298612,NH-DC-NM129-D04-ROCE-Leaf-6.GPU.S9825,FourHundredGigE1/0/61,246210,974381960,318007,1260118196,1.98,2.57
2024/05/24 星期五 00:54:59.699,1716483299699,NH-DC-NM129-D04-ROCE-Leaf-6.GPU.S9825,FourHundredGigE1/0/61,255075,976946690,123336,470325768,1.12,0.54
2024/05/24 星期五 00:55:00.248,1716483300248,NH-DC-NM129-D04-ROCE-Leaf-6.GPU.S9825,FourHundredGigE1/0/61,0,0,0,0,0,0
2024/05/24 星期五 00:55:00.762,1716483300762,NH-DC-NM129-D04-ROCE-Leaf-6.GPU.S9825,FourHundredGigE1/0/61,0,0,0,0,0,0
2024/05/24 星期五 00:55:01.262,1716483301262,NH-DC-NM129-D04-ROCE-Leaf-6.GPU.S9825,FourHundredGigE1/0/61,246013,953037858,162380,626210236,2.38,1.55
2024/05/24 星期五 00:55:01.771,1716483301771,NH-DC-NM129-D04-ROCE-Leaf-6.GPU.S9825,FourHundredGigE1/0/61,318684,1270485896,309074,1144545348,3.12,2.80
2024/05/24 星期五 00:55:02.417,1716483302417,NH-DC-NM129-D04-ROCE-Leaf-6.GPU.S9825,FourHundredGigE1/0/61,266483,1076708566,255081,775454986,2.07,1.49
2024/05/24 星期五 00:55:04.429,1716483304429,NH-DC-NM129-D04-ROCE-Leaf-6.GPU.S9825,FourHundredGigE1/0/61,0,0,0,0,0,0
2024/05/24 星期五 00:55:05.079,1716483305079,NH-DC-NM129-D04-ROCE-Leaf-6.GPU.S9825,FourHundredGigE1/0/61,316888,1252487556,68496,246920904,2.40,0.46
2024/05/24 星期五 00:55:05.709,1716483305709,NH-DC-NM129-D04-ROCE-Leaf-6.GPU.S9825,FourHundredGigE1/0/61,205510,750966128,168607,673750630,1.49,1.33
2024/05/24 星期五 00:55:06.210,1716483306210,NH-DC-NM129-D04-ROCE-Leaf-6.GPU.S9825,FourHundredGigE1/0/61,0,0,0,0,0,0
2024/05/24 星期五 00:55:06.815,1716483306815,NH-DC-NM129-D04-ROCE-Leaf-6.GPU.S9825,FourHundredGigE1/0/61,146304,571209004,103671,385177646,1.18,0.79
2024/05/24 星期五 00:55:07.480,1716483307480,NH-DC-NM129-D04-ROCE-Leaf-6.GPU.S9825,FourHundredGigE1/0/61,0,0,0,0,0,0
2024/05/24 星期五 00:55:07.983,1716483307983,NH-DC-NM129-D04-ROCE-Leaf-6.GPU.S9825,FourHundredGigE1/0/61,127397,485089045,111400,410337804,1.19,1.02
2024/05/24 星期五 00:55:08.542,1716483308542,NH-DC-NM129-D04-ROCE-Leaf-6.GPU.S9825,FourHundredGigE1/0/61,0,0,0,0,0,0
2024/05/24 星期五 00:55:09.123,1716483309123,NH-DC-NM129-D04-ROCE-Leaf-6.GPU.S9825,FourHundredGigE1/0/61,317938,1230245072,255395,1017954696,2.65,2.17
2024/05/24 星期五 00:55:09.681,1716483309681,NH-DC-NM129-D04-ROCE-Leaf-6.GPU.S9825,FourHundredGigE1/0/61,0,0,0,0,0,0
2024/05/24 星期五 00:55:10.184,1716483310184,NH-DC-NM129-D04-ROCE-Leaf-6.GPU.S9825,FourHundredGigE1/0/61,309542,1167134098,396874,1524369606,2.88,3.78
2024/05/24 星期五 00:55:10.885,1716483310885,NH-DC-NM129-D04-ROCE-Leaf-6.GPU.S9825,FourHundredGigE1/0/61,244497,883687040,117621,439336570,1.57,0.77
2024/05/24 星期五 00:55:11.470,1716483311470,NH-DC-NM129-D04-ROCE-Leaf-6.GPU.S9825,FourHundredGigE1/0/61,0,0,0,0,0,0
2024/05/24 星期五 00:55:12.040,1716483312040,NH-DC-NM129-D04-ROCE-Leaf-6.GPU.S9825,FourHundredGigE1/0/61,132309,505641326,116268,446370672,1.10,0.96
2024/05/24 星期五 00:55:12.634,1716483312634,NH-DC-NM129-D04-ROCE-Leaf-6.GPU.S9825,FourHundredGigE1/0/61,434479,0,638150,0,0,0
2024/05/24 星期五 00:55:13.142,1716483313142,NH-DC-NM129-D04-ROCE-Leaf-6.GPU.S9825,FourHundredGigE1/0/61,0,1688679146,0,2531139132,4.13,6.23
2024/05/24 星期五 00:55:13.856,1716483313856,NH-DC-NM129-D04-ROCE-Leaf-6.GPU.S9825,FourHundredGigE1/0/61,221218,834228052,162257,612434858,1.45,1.07
2024/05/24 星期五 00:55:14.549,1716483314549,NH-DC-NM129-D04-ROCE-Leaf-6.GPU.S9825,FourHundredGigE1/0/61,0,0,0,0,0,0
2024/05/24 星期五 00:55:15.102,1716483315102,NH-DC-NM129-D04-ROCE-Leaf-6.GPU.S9825,FourHundredGigE1/0/61,443108,1692381360,133438,494696102,3.82,1.11
2024/05/24 星期五 00:55:15.725,1716483315725,NH-DC-NM129-D04-ROCE-Leaf-6.GPU.S9825,FourHundredGigE1/0/61,335171,1354449806,211827,804598432,2.71,1.61
2024/05/24 星期五 00:55:16.248,1716483316248,NH-DC-NM129-D04-ROCE-Leaf-6.GPU.S9825,FourHundredGigE1/0/61,0,0,0,0,0,0
2024/05/24 星期五 00:55:16.798,1716483316798,NH-DC-NM129-D04-ROCE-Leaf-6.GPU.S9825,FourHundredGigE1/0/61,245611,969968030,265432,1070871060,2.18,2.43
2024/05/24 星期五 00:55:17.544,1716483317544,NH-DC-NM129-D04-ROCE-Leaf-6.GPU.S9825,FourHundredGigE1/0/61,0,0,0,0,0,0
2024/05/24 星期五 00:55:18.047,1716483318047,NH-DC-NM129-D04-ROCE-Leaf-6.GPU.S9825,FourHundredGigE1/0/61,82982,288967536,302466,1185082772,0.70,2.93
2024/05/24 星期五 00:55:18.635,1716483318635,NH-DC-NM129-D04-ROCE-Leaf-6.GPU.S9825,FourHundredGigE1/0/61,0,0,0,0,0,0
2024/05/24 星期五 00:55:19.202,1716483319202,NH-DC-NM129-D04-ROCE-Leaf-6.GPU.S9825,FourHundredGigE1/0/61,177474,676813576,184663,689422894,1.48,1.50
2024/05/24 星期五 00:55:19.711,1716483319711,NH-DC-NM129-D04-ROCE-Leaf-6.GPU.S9825,FourHundredGigE1/0/61,0,0,0,0,0,0
2024/05/24 星期五 00:55:20.594,1716483320594,NH-DC-NM129-D04-ROCE-Leaf-6.GPU.S9825,FourHundredGigE1/0/61,705500,2851730876,619659,2443876270,4.03,3.45
2024/05/24 星期五 00:55:21.185,1716483321185,NH-DC-NM129-D04-ROCE-Leaf-6.GPU.S9825,FourHundredGigE1/0/61,0,0,0,0,0,0
2024/05/24 星期五 00:55:21.744,1716483321744,NH-DC-NM129-D04-ROCE-Leaf-6.GPU.S9825,FourHundredGigE1/0/61,96410,368415888,199231,788359966,0.81,1.74
2024/05/24 星期五 00:55:22.245,1716483322245,NH-DC-NM129-D04-ROCE-Leaf-6.GPU.S9825,FourHundredGigE1/0/61,0,0,0,0,0,0
2024/05/24 星期五 00:55:22.798,1716483322798,NH-DC-NM129-D04-ROCE-Leaf-6.GPU.S9825,FourHundredGigE1/0/61,408318,1652352664,310982,1241879356,3.73,2.80
2024/05/24 星期五 00:55:23.302,1716483323302,NH-DC-NM129-D04-ROCE-Leaf-6.GPU.S9825,FourHundredGigE1/0/61,0,0,0,0,0,0
2024/05/24 星期五 00:55:24.612,1716483324612,NH-DC-NM129-D04-ROCE-Leaf-6.GPU.S9825,FourHundredGigE1/0/61,262306,1063013116,111542,416132768,1.01,0.39
2024/05/24 星期五 00:55:25.214,1716483325214,NH-DC-NM129-D04-ROCE-Leaf-6.GPU.S9825,FourHundredGigE1/0/61,83621,294053290,82898,318836044,0.60,0.64
2024/05/24 星期五 00:55:25.738,1716483325738,NH-DC-NM129-D04-ROCE-Leaf-6.GPU.S9825,FourHundredGigE1/0/61,308058,1149851240,108616,432627500,2.72,1.03
2024/05/24 星期五 00:55:27.156,1716483327156,NH-DC-NM129-D04-ROCE-Leaf-6.GPU.S9825,FourHundredGigE1/0/61,425812,1603385014,168335,629794578,1.41,0.55
2024/05/24 星期五 00:55:27.725,1716483327725,NH-DC-NM129-D04-ROCE-Leaf-6.GPU.S9825,FourHundredGigE1/0/61,182377,731983388,79801,296036814,1.60,0.64
2024/05/24 星期五 00:55:28.227,1716483328227,NH-DC-NM129-D04-ROCE-Leaf-6.GPU.S9825,FourHundredGigE1/0/61,0,0,0,0,0,0
2024/05/24 星期五 00:55:28.764,1716483328764,NH-DC-NM129-D04-ROCE-Leaf-6.GPU.S9825,FourHundredGigE1/0/61,0,0,0,0,0,0
2024/05/24 星期五 00:55:29.269,1716483329269,NH-DC-NM129-D04-ROCE-Leaf-6.GPU.S9825,FourHundredGigE1/0/61,145304,547769672,212885,846058298,1.34,2.08
2024/05/24 星期五 00:55:29.916,1716483329916,NH-DC-NM129-D04-ROCE-Leaf-6.GPU.S9825,FourHundredGigE1/0/61,118863,445827644,79857,302357222,0.85,0.58
2024/05/24 星期五 00:55:30.763,1716483330763,NH-DC-NM129-D04-ROCE-Leaf-6.GPU.S9825,FourHundredGigE1/0/61,289905,1119275460,52020,143276848,1.64,0.21
2024/05/24 星期五 00:55:31.297,1716483331297,NH-DC-NM129-D04-ROCE-Leaf-6.GPU.S9825,FourHundredGigE1/0/61,0,0,0,0,0,0
2024/05/24 星期五 00:55:31.859,1716483331859,NH-DC-NM129-D04-ROCE-Leaf-6.GPU.S9825,FourHundredGigE1/0/61,138309,538887026,107644,401776140,1.18,0.89
2024/05/24 星期五 00:55:32.367,1716483332367,NH-DC-NM129-D04-ROCE-Leaf-6.GPU.S9825,FourHundredGigE1/0/61,0,0,0,0,0,0
2024/05/24 星期五 00:55:32.879,1716483332879,NH-DC-NM129-D04-ROCE-Leaf-6.GPU.S9825,FourHundredGigE1/0/61,88155,323093414,101351,335640358,0.78,0.81
2024/05/24 星期五 00:55:33.541,1716483333541,NH-DC-NM129-D04-ROCE-Leaf-6.GPU.S9825,FourHundredGigE1/0/61,224626,839507258,104344,357525024,1.57,0.66
2024/05/24 星期五 00:55:34.203,1716483334203,NH-DC-NM129-D04-ROCE-Leaf-6.GPU.S9825,FourHundredGigE1/0/61,0,0,0,0,0,0
2024/05/24 星期五 00:55:34.780,1716483334780,NH-DC-NM129-D04-ROCE-Leaf-6.GPU.S9825,FourHundredGigE1/0/61,397299,1601175714,146857,567811990,3.47,1.21
2024/05/24 星期五 00:55:35.311,1716483335311,NH-DC-NM129-D04-ROCE-Leaf-6.GPU.S9825,FourHundredGigE1/0/61,0,0,0,0,0,0
2024/05/24 星期五 00:55:35.813,1716483335813,NH-DC-NM129-D04-ROCE-Leaf-6.GPU.S9825,FourHundredGigE1/0/61,160256,633989184,581810,2301266520,1.57,5.73
2024/05/24 星期五 00:55:36.314,1716483336314,NH-DC-NM129-D04-ROCE-Leaf-6.GPU.S9825,FourHundredGigE1/0/61,0,0,0,0,0,0
2024/05/24 星期五 00:55:37.064,1716483337064,NH-DC-NM129-D04-ROCE-Leaf-6.GPU.S9825,FourHundredGigE1/0/61,341058,1333571578,125116,480984900,2.22,0.8
2024/05/24 星期五 00:55:37.673,1716483337673,NH-DC-NM129-D04-ROCE-Leaf-6.GPU.S9825,FourHundredGigE1/0/61,328516,1273728883,307591,1131810946,2.61,2.32
2024/05/24 星期五 00:55:38.271,1716483338271,NH-DC-NM129-D04-ROCE-Leaf-6.GPU.S9825,FourHundredGigE1/0/61,0,0,0,0,0,0
2024/05/24 星期五 00:55:38.833,1716483338833,NH-DC-NM129-D04-ROCE-Leaf-6.GPU.S9825,FourHundredGigE1/0/61,190377,724712422,172419,652506790,1.60,1.45
2024/05/24 星期五 00:55:39.335,1716483339335,NH-DC-NM129-D04-ROCE-Leaf-6.GPU.S9825,FourHundredGigE1/0/61,0,0,0,0,0,0
2024/05/24 星期五 00:55:39.834,1716483339834,NH-DC-NM129-D04-ROCE-Leaf-6.GPU.S9825,FourHundredGigE1/0/61,175639,671366798,178263,674096890,1.68,1.68
2024/05/24 星期五 00:55:40.478,1716483340478,NH-DC-NM129-D04-ROCE-Leaf-6.GPU.S9825,FourHundredGigE1/0/61,303809,1225378350,303332,1206331288,2.37,2.33
2024/05/24 星期五 00:55:41.143,1716483341143,NH-DC-NM129-D04-ROCE-Leaf-6.GPU.S9825,FourHundredGigE1/0/61,0,0,0,0,0,0
2024/05/24 星期五 00:55:41.890,1716483341890,NH-DC-NM129-D04-ROCE-Leaf-6.GPU.S9825,FourHundredGigE1/0/61,193870,764848220,460983,1881730770,1.27,3.15
2024/05/24 星期五 00:55:42.481,1716483342481,NH-DC-NM129-D04-ROCE-Leaf-6.GPU.S9825,FourHundredGigE1/0/61,0,0,0,0,0,0
2024/05/24 星期五 00:55:43.702,1716483343702,NH-DC-NM129-D04-ROCE-Leaf-6.GPU.S9825,FourHundredGigE1/0/61,434649,1592634442,331502,1238397564,1.63,1.26
2024/05/24 星期五 00:55:44.418,1716483344418,NH-DC-NM129-D04-ROCE-Leaf-6.GPU.S9825,FourHundredGigE1/0/61,0,0,0,0,0,0
2024/05/24 星期五 00:55:45.020,1716483345020,NH-DC-NM129-D04-ROCE-Leaf-6.GPU.S9825,FourHundredGigE1/0/61,162718,581446796,360342,1416545364,1.20,2.93
2024/05/24 星期五 00:55:46.226,1716483346226,NH-DC-NM129-D04-ROCE-Leaf-6.GPU.S9825,FourHundredGigE1/0/61,430810,1673870092,302295,1156302370,1.73,1.19
2024/05/24 星期五 00:55:47.356,1716483347356,NH-DC-NM129-D04-ROCE-Leaf-6.GPU.S9825,FourHundredGigE1/0/61,0,0,0,0,0,0
2024/05/24 星期五 00:55:47.980,1716483347980,NH-DC-NM129-D04-ROCE-Leaf-6.GPU.S9825,FourHundredGigE1/0/61,370317,1419951954,145460,529521640,2.82,1.04
2024/05/24 星期五 00:55:48.566,1716483348566,NH-DC-NM129-D04-ROCE-Leaf-6.GPU.S9825,FourHundredGigE1/0/61,0,0,0,0,0,0
2024/05/24 星期五 00:55:49.731,1716483349731,NH-DC-NM129-D04-ROCE-Leaf-6.GPU.S9825,FourHundredGigE1/0/61,148690,558195556,150114,573403708,0.59,0.61
2024/05/24 星期五 00:55:50.233,1716483350233,NH-DC-NM129-D04-ROCE-Leaf-6.GPU.S9825,FourHundredGigE1/0/61,94878,315676176,133602,434787224,0.77,1.07
2024/05/24 星期五 00:55:50.978,1716483350978,NH-DC-NM129-D04-ROCE-Leaf-6.GPU.S9825,FourHundredGigE1/0/61,54534,176453220,105460,416874588,0.29,0.69
2024/05/24 星期五 00:55:51.632,1716483351632,NH-DC-NM129-D04-ROCE-Leaf-6.GPU.S9825,FourHundredGigE1/0/61,83638,313137016,370352,1489930864,0.59,2.83
2024/05/24 星期五 00:55:52.198,1716483352198,NH-DC-NM129-D04-ROCE-Leaf-6.GPU.S9825,FourHundredGigE1/0/61,0,0,0,0,0,0
2024/05/24 星期五 00:55:52.675,1716483352675,NH-DC-NM129-D04-ROCE-Leaf-6.GPU.S9825,FourHundredGigE1/0/61,0,0,0,0,0,0
2024/05/24 星期五 00:55:53.178,1716483353178,NH-DC-NM129-D04-ROCE-Leaf-6.GPU.S9825,FourHundredGigE1/0/61,243213,943521182,67684,245984044,2.34,0.60
2024/05/24 星期五 00:55:53.832,1716483353832,NH-DC-NM129-D04-ROCE-Leaf-6.GPU.S9825,FourHundredGigE1/0/61,189099,734386778,231710,930302172,1.40,1.78
2024/05/24 星期五 00:55:54.962,1716483354962,NH-DC-NM129-D04-ROCE-Leaf-6.GPU.S9825,FourHundredGigE1/0/61,306401,1227941734,136240,523446000,1.35,0.58
2024/05/24 星期五 00:55:55.750,1716483355750,NH-DC-NM129-D04-ROCE-Leaf-6.GPU.S9825,FourHundredGigE1/0/61,349837,1432845638,313441,1284539214,2.27,2.03
2024/05/24 星期五 00:55:56.289,1716483356289,NH-DC-NM129-D04-ROCE-Leaf-6.GPU.S9825,FourHundredGigE1/0/61,0,0,0,0,0,0
2024/05/24 星期五 00:55:56.872,1716483356872,NH-DC-NM129-D04-ROCE-Leaf-6.GPU.S9825,FourHundredGigE1/0/61,105269,387045250,84368,306939964,0.81,0.64
2024/05/24 星期五 00:55:57.633,1716483357633,NH-DC-NM129-D04-ROCE-Leaf-6.GPU.S9825,FourHundredGigE1/0/61,166102,636701084,200855,731473458,1.03,1.20
2024/05/24 星期五 00:55:58.328,1716483358328,NH-DC-NM129-D04-ROCE-Leaf-6.GPU.S9825,FourHundredGigE1/0/61,0,0,0,0,0,0
2024/05/24 星期五 00:55:58.859,1716483358859,NH-DC-NM129-D04-ROCE-Leaf-6.GPU.S9825,FourHundredGigE1/0/61,127183,520829122,546891,2247867310,1.22,5.27
2024/05/24 星期五 00:55:59.486,1716483359486,NH-DC-NM129-D04-ROCE-Leaf-6.GPU.S9825,FourHundredGigE1/0/61,0,0,0,0,0,0
2024/05/24 星期五 00:55:59.988,1716483359988,NH-DC-NM129-D04-ROCE-Leaf-6.GPU.S9825,FourHundredGigE1/0/61,47230,190708408,157546,623834172,0.47,1.54
2024/05/24 星期五 00:56:00.489,1716483360489,NH-DC-NM129-D04-ROCE-Leaf-6.GPU.S9825,FourHundredGigE1/0/61,401650,1623202070,221491,885224994,4.04,2.20
2024/05/24 星期五 00:56:01.365,1716483361365,NH-DC-NM129-D04-ROCE-Leaf-6.GPU.S9825,FourHundredGigE1/0/61,0,0,0,0,0,0
2024/05/24 星期五 00:56:01.974,1716483361974,NH-DC-NM129-D04-ROCE-Leaf-6.GPU.S9825,FourHundredGigE1/0/61,554954,2095128226,304248,1115696880,4.29,2.28
2024/05/24 星期五 00:56:03.228,1716483363228,NH-DC-NM129-D04-ROCE-Leaf-6.GPU.S9825,FourHundredGigE1/0/61,99611,354859986,188355,660296606,0.35,0.66
2024/05/24 星期五 00:56:04.440,1716483364440,NH-DC-NM129-D04-ROCE-Leaf-6.GPU.S9825,FourHundredGigE1/0/61,79651,263273316,108360,356361798,0.27,0.36
2024/05/24 星期五 00:56:05.362,1716483365362,NH-DC-NM129-D04-ROCE-Leaf-6.GPU.S9825,FourHundredGigE1/0/61,0,0,0,0,0,0
2024/05/24 星期五 00:56:06.345,1716483366345,NH-DC-NM129-D04-ROCE-Leaf-6.GPU.S9825,FourHundredGigE1/0/61,164821,620309960,373161,1477050044,0.79,1.87
2024/05/24 星期五 00:56:06.846,1716483366846,NH-DC-NM129-D04-ROCE-Leaf-6.GPU.S9825,FourHundredGigE1/0/61,888801,3606241942,458877,1838304826,8.98,4.57
2024/05/24 星期五 00:56:07.348,1716483367348,NH-DC-NM129-D04-ROCE-Leaf-6.GPU.S9825,FourHundredGigE1/0/61,0,0,0,0,0,0
2024/05/24 星期五 00:56:07.862,1716483367862,NH-DC-NM129-D04-ROCE-Leaf-6.GPU.S9825,FourHundredGigE1/0/61,257336,981240703,205425,754839250,2.38,1.82
2024/05/24 星期五 00:56:08.578,1716483368578,NH-DC-NM129-D04-ROCE-Leaf-6.GPU.S9825,FourHundredGigE1/0/61,326948,1293964428,212005,794721622,2.25,1.38
2024/05/24 星期五 00:56:09.238,1716483369238,NH-DC-NM129-D04-ROCE-Leaf-6.GPU.S9825,FourHundredGigE1/0/61,0,0,0,0,0,0
2024/05/24 星期五 00:56:09.840,1716483369840,NH-DC-NM129-D04-ROCE-Leaf-6.GPU.S9825,FourHundredGigE1/0/61,260887,1002118518,395412,1575330424,2.08,3.26
2024/05/24 星期五 00:56:10.341,1716483370341,NH-DC-NM129-D04-ROCE-Leaf-6.GPU.S9825,FourHundredGigE1/0/61,0,0,0,0,0,0
2024/05/24 星期五 00:56:10.918,1716483370918,NH-DC-NM129-D04-ROCE-Leaf-6.GPU.S9825,FourHundredGigE1/0/61,171518,657739876,179029,625126798,1.41,1.34
2024/05/24 星期五 00:56:11.607,1716483371607,NH-DC-NM129-D04-ROCE-Leaf-6.GPU.S9825,FourHundredGigE1/0/61,244123,942652552,244938,949871260,1.71,1.71
2024/05/24 星期五 00:56:16.016,1716483376016,NH-DC-NM129-D04-ROCE-Leaf-6.GPU.S9825,FourHundredGigE1/0/61,762582,2942018598,1381595,5427750334,0.83,1.54
2024/05/24 星期五 00:56:16.561,1716483376561,NH-DC-NM129-D04-ROCE-Leaf-6.GPU.S9825,FourHundredGigE1/0/61,0,0,0,0,0,0
2024/05/24 星期五 00:56:17.061,1716483377061,NH-DC-NM129-D04-ROCE-Leaf-6.GPU.S9825,FourHundredGigE1/0/61,275853,1070523514,153675,563146818,2.68,1.4
2024/05/24 星期五 00:56:17.636,1716483377636,NH-DC-NM129-D04-ROCE-Leaf-6.GPU.S9825,FourHundredGigE1/0/61,0,0,0,0,0,0
2024/05/24 星期五 00:56:18.137,1716483378137,NH-DC-NM129-D04-ROCE-Leaf-6.GPU.S9825,FourHundredGigE1/0/61,147457,565039362,175265,653447338,1.40,1.62
2024/05/24 星期五 00:56:18.638,1716483378638,NH-DC-NM129-D04-ROCE-Leaf-6.GPU.S9825,FourHundredGigE1/0/61,145151,537444330,121302,447357984,1.32,1.10
2024/05/24 星期五 00:56:19.513,1716483379513,NH-DC-NM129-D04-ROCE-Leaf-6.GPU.S9825,FourHundredGigE1/0/61,0,0,0,0,0,0
2024/05/24 星期五 00:56:20.016,1716483380016,NH-DC-NM129-D04-ROCE-Leaf-6.GPU.S9825,FourHundredGigE1/0/61,133185,474187674,115616,413670156,1.17,1.02
2024/05/24 星期五 00:56:20.519,1716483380519,NH-DC-NM129-D04-ROCE-Leaf-6.GPU.S9825,FourHundredGigE1/0/61,0,0,0,0,0,0
2024/05/24 星期五 00:56:21.021,1716483381021,NH-DC-NM129-D04-ROCE-Leaf-6.GPU.S9825,FourHundredGigE1/0/61,291846,1205755532,347737,1381365386,2.99,3.44
2024/05/24 星期五 00:56:21.550,1716483381550,NH-DC-NM129-D04-ROCE-Leaf-6.GPU.S9825,FourHundredGigE1/0/61,0,0,0,0,0,0
2024/05/24 星期五 00:56:22.053,1716483382053,NH-DC-NM129-D04-ROCE-Leaf-6.GPU.S9825,FourHundredGigE1/0/61,78693,292154414,239976,910213012,0.72,2.26
2024/05/24 星期五 00:56:23.174,1716483383174,NH-DC-NM129-D04-ROCE-Leaf-6.GPU.S9825,FourHundredGigE1/0/61,155745,618918856,159705,602015494,0.68,0.67
2024/05/24 星期五 00:56:23.677,1716483383677,NH-DC-NM129-D04-ROCE-Leaf-6.GPU.S9825,FourHundredGigE1/0/61,0,0,0,0,0,0
2024/05/24 星期五 00:56:24.178,1716483384178,NH-DC-NM129-D04-ROCE-Leaf-6.GPU.S9825,FourHundredGigE1/0/61,85852,269318042,267663,1039452592,0.65,2.57
2024/05/24 星期五 00:56:24.748,1716483384748,NH-DC-NM129-D04-ROCE-Leaf-6.GPU.S9825,FourHundredGigE1/0/61,178684,707338776,434493,1729255688,1.54,3.77
2024/05/24 星期五 00:56:25.256,1716483385256,NH-DC-NM129-D04-ROCE-Leaf-6.GPU.S9825,FourHundredGigE1/0/61,0,0,0,0,0,0
2024/05/24 星期五 00:56:25.758,1716483385758,NH-DC-NM129-D04-ROCE-Leaf-6.GPU.S9825,FourHundredGigE1/0/61,94817,348114106,215472,820589028,0.85,2.04
2024/05/24 星期五 00:56:26.592,1716483386592,NH-DC-NM129-D04-ROCE-Leaf-6.GPU.S9825,FourHundredGigE1/0/61,0,0,0,0,0,0
2024/05/24 星期五 00:56:27.093,1716483387093,NH-DC-NM129-D04-ROCE-Leaf-6.GPU.S9825,FourHundredGigE1/0/61,321398,1246342068,185229,719598066,3.09,1.77
2024/05/24 星期五 00:56:27.594,1716483387594,NH-DC-NM129-D04-ROCE-Leaf-6.GPU.S9825,FourHundredGigE1/0/61,0,0,0,0,0,0
2024/05/24 星期五 00:56:28.142,1716483388142,NH-DC-NM129-D04-ROCE-Leaf-6.GPU.S9825,FourHundredGigE1/0/61,299807,1171689570,363839,1468432602,2.67,3.33
2024/05/24 星期五 00:56:28.699,1716483388699,NH-DC-NM129-D04-ROCE-Leaf-6.GPU.S9825,FourHundredGigE1/0/61,0,0,0,0,0,0
2024/05/24 星期五 00:56:29.200,1716483389200,NH-DC-NM129-D04-ROCE-Leaf-6.GPU.S9825,FourHundredGigE1/0/61,176495,635319370,220445,839899578,1.57,2.07
2024/05/24 星期五 00:56:30.139,1716483390139,NH-DC-NM129-D04-ROCE-Leaf-6.GPU.S9825,FourHundredGigE1/0/61,218233,827781950,239188,929831448,1.09,1.22
2024/05/24 星期五 00:56:30.877,1716483390877,NH-DC-NM129-D04-ROCE-Leaf-6.GPU.S9825,FourHundredGigE1/0/61,61717,227577626,160274,620603456,0.37,1.05
2024/05/24 星期五 00:56:31.414,1716483391414,NH-DC-NM129-D04-ROCE-Leaf-6.GPU.S9825,FourHundredGigE1/0/61,0,0,0,0,0,0
2024/05/24 星期五 00:56:31.998,1716483391998,NH-DC-NM129-D04-ROCE-Leaf-6.GPU.S9825,FourHundredGigE1/0/61,457421,1759025250,251370,1011493470,3.75,2.16
2024/05/24 星期五 00:56:32.499,1716483392499,NH-DC-NM129-D04-ROCE-Leaf-6.GPU.S9825,FourHundredGigE1/0/61,0,0,0,0,0,0
2024/05/24 星期五 00:56:33.001,1716483393001,NH-DC-NM129-D04-ROCE-Leaf-6.GPU.S9825,FourHundredGigE1/0/61,183205,694403618,467889,1763208000,1.72,4.38
2024/05/24 星期五 00:56:35.427,1716483395427,NH-DC-NM129-D04-ROCE-Leaf-6.GPU.S9825,FourHundredGigE1/0/61,604277,2296613738,851959,3294132030,1.18,1.70
2024/05/24 星期五 00:56:35.931,1716483395931,NH-DC-NM129-D04-ROCE-Leaf-6.GPU.S9825,FourHundredGigE1/0/61,475626,1829239256,152110,530973866,4.51,1.31
2024/05/24 星期五 00:56:36.570,1716483396570,NH-DC-NM129-D04-ROCE-Leaf-6.GPU.S9825,FourHundredGigE1/0/61,558388,2109000380,319846,1198953694,4.11,2.33
2024/05/24 星期五 00:56:37.245,1716483397245,NH-DC-NM129-D04-ROCE-Leaf-6.GPU.S9825,FourHundredGigE1/0/61,0,0,0,0,0,0
2024/05/24 星期五 00:56:37.837,1716483397837,NH-DC-NM129-D04-ROCE-Leaf-6.GPU.S9825,FourHundredGigE1/0/61,219799,841668165,193065,695494366,1.77,1.46
2024/05/24 星期五 00:56:38.372,1716483398372,NH-DC-NM129-D04-ROCE-Leaf-6.GPU.S9825,FourHundredGigE1/0/61,0,0,0,0,0,0
2024/05/24 星期五 00:56:38.876,1716483398876,NH-DC-NM129-D04-ROCE-Leaf-6.GPU.S9825,FourHundredGigE1/0/61,556076,2253732512,239786,948843448,5.58,2.33
2024/05/24 星期五 00:56:39.414,1716483399414,NH-DC-NM129-D04-ROCE-Leaf-6.GPU.S9825,FourHundredGigE1/0/61,0,0,0,0,0,0
2024/05/24 星期五 00:56:40.041,1716483400041,NH-DC-NM129-D04-ROCE-Leaf-6.GPU.S9825,FourHundredGigE1/0/61,212279,819717070,185978,730610644,1.61,1.46
2024/05/24 星期五 00:56:40.663,1716483400663,NH-DC-NM129-D04-ROCE-Leaf-6.GPU.S9825,FourHundredGigE1/0/61,402646,1510963156,119267,207532402,3.03,0.40
2024/05/24 星期五 00:56:41.351,1716483401351,NH-DC-NM129-D04-ROCE-Leaf-6.GPU.S9825,FourHundredGigE1/0/61,0,0,0,0,0,0
2024/05/24 星期五 00:56:42.041,1716483402041,NH-DC-NM129-D04-ROCE-Leaf-6.GPU.S9825,FourHundredGigE1/0/61,203842,760142892,186476,618298472,1.38,1.11
2024/05/24 星期五 00:56:42.562,1716483402562,NH-DC-NM129-D04-ROCE-Leaf-6.GPU.S9825,FourHundredGigE1/0/61,0,0,0,0,0,0
2024/05/24 星期五 00:56:43.122,1716483403122,NH-DC-NM129-D04-ROCE-Leaf-6.GPU.S9825,FourHundredGigE1/0/61,467490,1897967836,285035,1107149554,4.22,2.46
2024/05/24 星期五 00:56:43.869,1716483403869,NH-DC-NM129-D04-ROCE-Leaf-6.GPU.S9825,FourHundredGigE1/0/61,308766,1198191218,175892,672611316,1.99,1.12
2024/05/24 星期五 00:56:44.676,1716483404676,NH-DC-NM129-D04-ROCE-Leaf-6.GPU.S9825,FourHundredGigE1/0/61,477956,1939446238,149048,586648420,2.99,0.90
2024/05/24 星期五 00:56:45.253,1716483405253,NH-DC-NM129-D04-ROCE-Leaf-6.GPU.S9825,FourHundredGigE1/0/61,0,0,0,0,0,0
2024/05/24 星期五 00:56:45.753,1716483405753,NH-DC-NM129-D04-ROCE-Leaf-6.GPU.S9825,FourHundredGigE1/0/61,109227,415196454,83721,307309370,1.02,0.75
2024/05/24 星期五 00:56:46.255,1716483406255,NH-DC-NM129-D04-ROCE-Leaf-6.GPU.S9825,FourHundredGigE1/0/61,278706,1090583208,251227,971027534,2.71,2.42
2024/05/24 星期五 00:56:47.317,1716483407317,NH-DC-NM129-D04-ROCE-Leaf-6.GPU.S9825,FourHundredGigE1/0/61,0,0,0,0,0,0
2024/05/24 星期五 00:56:47.975,1716483407975,NH-DC-NM129-D04-ROCE-Leaf-6.GPU.S9825,FourHundredGigE1/0/61,150689,546657786,1120767,4551384322,1.03,8.64
2024/05/24 星期五 00:56:48.553,1716483408553,NH-DC-NM129-D04-ROCE-Leaf-6.GPU.S9825,FourHundredGigE1/0/61,0,0,0,0,0,0
2024/05/24 星期五 00:56:49.053,1716483409053,NH-DC-NM129-D04-ROCE-Leaf-6.GPU.S9825,FourHundredGigE1/0/61,96335,308392290,2436104,9965101000,0.75,24.9
2024/05/24 星期五 00:56:49.554,1716483409554,NH-DC-NM129-D04-ROCE-Leaf-6.GPU.S9825,FourHundredGigE1/0/61,0,0,0,0,0,0
2024/05/24 星期五 00:56:50.056,1716483410056,NH-DC-NM129-D04-ROCE-Leaf-6.GPU.S9825,FourHundredGigE1/0/61,254861,939966968,1452131,5898132042,2.32,14.67
2024/05/24 星期五 00:56:50.710,1716483410710,NH-DC-NM129-D04-ROCE-Leaf-6.GPU.S9825,FourHundredGigE1/0/61,549701,2224238476,197359,769909366,4.24,1.45
2024/05/24 星期五 00:56:52.050,1716483412050,NH-DC-NM129-D04-ROCE-Leaf-6.GPU.S9825,FourHundredGigE1/0/61,547305,2161917986,122530,402210068,2.01,0.37
2024/05/24 星期五 00:56:52.554,1716483412554,NH-DC-NM129-D04-ROCE-Leaf-6.GPU.S9825,FourHundredGigE1/0/61,0,0,0,0,0,0
2024/05/24 星期五 00:56:53.055,1716483413055,NH-DC-NM129-D04-ROCE-Leaf-6.GPU.S9825,FourHundredGigE1/0/61,103775,347678318,100430,353893544,0.85,0.87
2024/05/24 星期五 00:56:53.937,1716483413937,NH-DC-NM129-D04-ROCE-Leaf-6.GPU.S9825,FourHundredGigE1/0/61,76792,164611598,396161,1554986996,0.23,2.20
2024/05/24 星期五 00:56:54.665,1716483414665,NH-DC-NM129-D04-ROCE-Leaf-6.GPU.S9825,FourHundredGigE1/0/61,382774,1003313418,158995,622787364,1.72,1.06
2024/05/24 星期五 00:56:55.438,1716483415438,NH-DC-NM129-D04-ROCE-Leaf-6.GPU.S9825,FourHundredGigE1/0/61,0,0,0,0,0,0
2024/05/24 星期五 00:56:55.986,1716483415986,NH-DC-NM129-D04-ROCE-Leaf-6.GPU.S9825,FourHundredGigE1/0/61,302998,834276416,309565,1193184910,1.89,2.71
2024/05/24 星期五 00:56:56.489,1716483416489,NH-DC-NM129-D04-ROCE-Leaf-6.GPU.S9825,FourHundredGigE1/0/61,264240,1033857432,543064,2172752224,2.56,5.39
2024/05/24 星期五 00:56:57.221,1716483417221,NH-DC-NM129-D04-ROCE-Leaf-6.GPU.S9825,FourHundredGigE1/0/61,0,0,0,0,0,0
2024/05/24 星期五 00:56:57.824,1716483417824,NH-DC-NM129-D04-ROCE-Leaf-6.GPU.S9825,FourHundredGigE1/0/61,80894,290646880,83037,225659270,0.60,0.46
2024/05/24 星期五 00:56:58.357,1716483418357,NH-DC-NM129-D04-ROCE-Leaf-6.GPU.S9825,FourHundredGigE1/0/61,0,0,0,0,0,0
2024/05/24 星期五 00:56:58.960,1716483418960,NH-DC-NM129-D04-ROCE-Leaf-6.GPU.S9825,FourHundredGigE1/0/61,282898,1101500292,197102,767313324,2.28,1.58
2024/05/24 星期五 00:56:59.527,1716483419527,NH-DC-NM129-D04-ROCE-Leaf-6.GPU.S9825,FourHundredGigE1/0/61,0,0,0,0,0,0
2024/05/24 星期五 00:57:00.030,1716483420030,NH-DC-NM129-D04-ROCE-Leaf-6.GPU.S9825,FourHundredGigE1/0/61,202816,769700684,225566,872641828,1.89,2.16
2024/05/24 星期五 00:57:00.872,1716483420872,NH-DC-NM129-D04-ROCE-Leaf-6.GPU.S9825,FourHundredGigE1/0/61,155733,558671776,342783,1368138858,0.82,2.02
2024/05/24 星期五 00:57:01.422,1716483421422,NH-DC-NM129-D04-ROCE-Leaf-6.GPU.S9825,FourHundredGigE1/0/61,0,0,0,0,0,0
2024/05/24 星期五 00:57:02.017,1716483422017,NH-DC-NM129-D04-ROCE-Leaf-6.GPU.S9825,FourHundredGigE1/0/61,556835,2107005660,605328,2375564944,4.41,4.98
2024/05/24 星期五 00:57:03.387,1716483423387,NH-DC-NM129-D04-ROCE-Leaf-6.GPU.S9825,FourHundredGigE1/0/61,254172,986171308,169685,641282362,0.89,0.58
2024/05/24 星期五 00:57:04.832,1716483424832,NH-DC-NM129-D04-ROCE-Leaf-6.GPU.S9825,FourHundredGigE1/0/61,190158,708578252,325338,1240289920,0.61,1.07
2024/05/24 星期五 00:57:05.429,1716483425429,NH-DC-NM129-D04-ROCE-Leaf-6.GPU.S9825,FourHundredGigE1/0/61,0,0,0,0,0,0
2024/05/24 星期五 00:57:06.002,1716483426002,NH-DC-NM129-D04-ROCE-Leaf-6.GPU.S9825,FourHundredGigE1/0/61,189893,739925178,78704,251381484,1.59,0.55
2024/05/24 星期五 00:57:06.511,1716483426511,NH-DC-NM129-D04-ROCE-Leaf-6.GPU.S9825,FourHundredGigE1/0/61,0,0,0,0,0,0
2024/05/24 星期五 00:57:07.019,1716483427019,NH-DC-NM129-D04-ROCE-Leaf-6.GPU.S9825,FourHundredGigE1/0/61,232186,899406880,38443,94033622,2.19,0.22
2024/05/24 星期五 00:57:07.549,1716483427549,NH-DC-NM129-D04-ROCE-Leaf-6.GPU.S9825,FourHundredGigE1/0/61,214966,637576955,359624,1365944946,1.49,3.21
2024/05/24 星期五 00:57:08.263,1716483428263,NH-DC-NM129-D04-ROCE-Leaf-6.GPU.S9825,FourHundredGigE1/0/61,0,0,0,0,0,0
2024/05/24 星期五 00:57:08.837,1716483428837,NH-DC-NM129-D04-ROCE-Leaf-6.GPU.S9825,FourHundredGigE1/0/61,107012,331753642,94070,376343652,0.72,0.81
2024/05/24 星期五 00:57:09.413,1716483429413,NH-DC-NM129-D04-ROCE-Leaf-6.GPU.S9825,FourHundredGigE1/0/61,0,0,0,0,0,0
2024/05/24 星期五 00:57:09.968,1716483429968,NH-DC-NM129-D04-ROCE-Leaf-6.GPU.S9825,FourHundredGigE1/0/61,393363,1559323950,553778,2243857490,3.49,5.05
2024/05/24 星期五 00:57:10.482,1716483430482,NH-DC-NM129-D04-ROCE-Leaf-6.GPU.S9825,FourHundredGigE1/0/61,0,0,0,0,0,0
2024/05/24 星期五 00:57:11.133,1716483431133,NH-DC-NM129-D04-ROCE-Leaf-6.GPU.S9825,FourHundredGigE1/0/61,101326,392250258,170515,648358602,0.75,1.23
2024/05/24 星期五 00:57:11.990,1716483431990,NH-DC-NM129-D04-ROCE-Leaf-6.GPU.S9825,FourHundredGigE1/0/61,375103,1439837614,96085,326724006,2.09,0.47
2024/05/24 星期五 00:57:12.515,1716483432515,NH-DC-NM129-D04-ROCE-Leaf-6.GPU.S9825,FourHundredGigE1/0/61,0,0,0,0,0,0
2024/05/24 星期五 00:57:13.022,1716483433022,NH-DC-NM129-D04-ROCE-Leaf-6.GPU.S9825,FourHundredGigE1/0/61,144927,582508818,135458,524793124,1.43,1.28
2024/05/24 星期五 00:57:13.585,1716483433585,NH-DC-NM129-D04-ROCE-Leaf-6.GPU.S9825,FourHundredGigE1/0/61,0,0,0,0,0,0
2024/05/24 星期五 00:57:14.088,1716483434088,NH-DC-NM129-D04-ROCE-Leaf-6.GPU.S9825,FourHundredGigE1/0/61,365060,1467356540,486872,1998373232,3.63,4.95
2024/05/24 星期五 00:57:14.613,1716483434613,NH-DC-NM129-D04-ROCE-Leaf-6.GPU.S9825,FourHundredGigE1/0/61,179777,696633058,174499,692779922,1.64,1.64
2024/05/24 星期五 00:57:15.431,1716483435431,NH-DC-NM129-D04-ROCE-Leaf-6.GPU.S9825,FourHundredGigE1/0/61,0,0,0,0,0,0
2024/05/24 星期五 00:57:16.083,1716483436083,NH-DC-NM129-D04-ROCE-Leaf-6.GPU.S9825,FourHundredGigE1/0/61,171203,692137466,957861,3892754024,1.32,7.46
2024/05/24 星期五 00:57:16.655,1716483436655,NH-DC-NM129-D04-ROCE-Leaf-6.GPU.S9825,FourHundredGigE1/0/61,143402,535990308,1161114,4742342974,1.16,10.36
2024/05/24 星期五 00:57:17.234,1716483437234,NH-DC-NM129-D04-ROCE-Leaf-6.GPU.S9825,FourHundredGigE1/0/61,0,0,0,0,0,0
2024/05/24 星期五 00:57:17.734,1716483437734,NH-DC-NM129-D04-ROCE-Leaf-6.GPU.S9825,FourHundredGigE1/0/61,0,0,0,0,0,0
2024/05/24 星期五 00:57:18.234,1716483438234,NH-DC-NM129-D04-ROCE-Leaf-6.GPU.S9825,FourHundredGigE1/0/61,49942,167511808,389578,1537448432,0.4,3.82
2024/05/24 星期五 00:57:18.954,1716483438954,NH-DC-NM129-D04-ROCE-Leaf-6.GPU.S9825,FourHundredGigE1/0/61,120359,474415034,137532,489045264,0.82,0.83
2024/05/24 星期五 00:57:19.549,1716483439549,NH-DC-NM129-D04-ROCE-Leaf-6.GPU.S9825,FourHundredGigE1/0/61,0,0,0,0,0,0
2024/05/24 星期五 00:57:20.067,1716483440067,NH-DC-NM129-D04-ROCE-Leaf-6.GPU.S9825,FourHundredGigE1/0/61,263342,1036942376,111703,428146286,2.49,1.01
2024/05/24 星期五 00:57:20.661,1716483440661,NH-DC-NM129-D04-ROCE-Leaf-6.GPU.S9825,FourHundredGigE1/0/61,404161,1646995818,300927,1204028890,3.45,2.53
2024/05/24 星期五 00:57:21.176,1716483441176,NH-DC-NM129-D04-ROCE-Leaf-6.GPU.S9825,FourHundredGigE1/0/61,0,0,0,0,0,0
2024/05/24 星期五 00:57:21.870,1716483441870,NH-DC-NM129-D04-ROCE-Leaf-6.GPU.S9825,FourHundredGigE1/0/61,117000,445017504,249214,962549644,0.79,1.73
2024/05/24 星期五 00:57:22.485,1716483442485,NH-DC-NM129-D04-ROCE-Leaf-6.GPU.S9825,FourHundredGigE1/0/61,0,0,0,0,0,0
2024/05/24 星期五 00:57:23.011,1716483443011,NH-DC-NM129-D04-ROCE-Leaf-6.GPU.S9825,FourHundredGigE1/0/61,167926,642482426,239844,957291606,1.52,2.26
2024/05/24 星期五 00:57:23.546,1716483443546,NH-DC-NM129-D04-ROCE-Leaf-6.GPU.S9825,FourHundredGigE1/0/61,0,0,0,0,0,0
2024/05/24 星期五 00:57:24.050,1716483444050,NH-DC-NM129-D04-ROCE-Leaf-6.GPU.S9825,FourHundredGigE1/0/61,446175,1768906330,353302,1407895082,4.37,3.47
2024/05/24 星期五 00:57:24.551,1716483444551,NH-DC-NM129-D04-ROCE-Leaf-6.GPU.S9825,FourHundredGigE1/0/61,0,0,0,0,0,0
2024/05/24 星期五 00:57:25.052,1716483445052,NH-DC-NM129-D04-ROCE-Leaf-6.GPU.S9825,FourHundredGigE1/0/61,147932,517300206,211178,749095744,1.27,1.85
2024/05/24 星期五 00:57:25.697,1716483445697,NH-DC-NM129-D04-ROCE-Leaf-6.GPU.S9825,FourHundredGigE1/0/61,242294,938922696,231239,903608746,1.80,1.74
2024/05/24 星期五 00:57:26.307,1716483446307,NH-DC-NM129-D04-ROCE-Leaf-6.GPU.S9825,FourHundredGigE1/0/61,0,0,0,0,0,0
2024/05/24 星期五 00:57:26.844,1716483446844,NH-DC-NM129-D04-ROCE-Leaf-6.GPU.S9825,FourHundredGigE1/0/61,100371,365303302,130187,464069062,0.84,1.07
2024/05/24 星期五 00:57:27.345,1716483447345,NH-DC-NM129-D04-ROCE-Leaf-6.GPU.S9825,FourHundredGigE1/0/61,0,0,0,0,0,0
2024/05/24 星期五 00:57:27.845,1716483447845,NH-DC-NM129-D04-ROCE-Leaf-6.GPU.S9825,FourHundredGigE1/0/61,315030,1242758488,615542,2455680190,3.1,6.12
2024/05/24 星期五 00:57:28.348,1716483448348,NH-DC-NM129-D04-ROCE-Leaf-6.GPU.S9825,FourHundredGigE1/0/61,0,0,0,0,0,0
2024/05/24 星期五 00:57:29.110,1716483449110,NH-DC-NM129-D04-ROCE-Leaf-6.GPU.S9825,FourHundredGigE1/0/61,84896,322291368,183174,721712498,0.52,1.18
2024/05/24 星期五 00:57:29.705,1716483449705,NH-DC-NM129-D04-ROCE-Leaf-6.GPU.S9825,FourHundredGigE1/0/61,75820,0,397551,0,0,0
2024/05/24 星期五 00:57:30.218,1716483450218,NH-DC-NM129-D04-ROCE-Leaf-6.GPU.S9825,FourHundredGigE1/0/61,0,214835820,0,1587677218,0.51,3.85
2024/05/24 星期五 00:57:30.795,1716483450795,NH-DC-NM129-D04-ROCE-Leaf-6.GPU.S9825,FourHundredGigE1/0/61,87302,313093396,185273,720513446,0.67,1.56
2024/05/24 星期五 00:57:31.312,1716483451312,NH-DC-NM129-D04-ROCE-Leaf-6.GPU.S9825,FourHundredGigE1/0/61,0,0,0,0,0,0
2024/05/24 星期五 00:57:32.211,1716483452211,NH-DC-NM129-D04-ROCE-Leaf-6.GPU.S9825,FourHundredGigE1/0/61,224294,875959520,344547,1304238970,1.21,1.81
2024/05/24 星期五 00:57:32.804,1716483452804,NH-DC-NM129-D04-ROCE-Leaf-6.GPU.S9825,FourHundredGigE1/0/61,129191,505458300,92670,352654704,1.05,0.74
2024/05/24 星期五 00:57:33.308,1716483453308,NH-DC-NM129-D04-ROCE-Leaf-6.GPU.S9825,FourHundredGigE1/0/61,0,0,0,0,0,0
2024/05/24 星期五 00:57:33.809,1716483453809,NH-DC-NM129-D04-ROCE-Leaf-6.GPU.S9825,FourHundredGigE1/0/61,139281,532899472,85784,313751896,1.32,0.77
2024/05/24 星期五 00:57:34.330,1716483454330,NH-DC-NM129-D04-ROCE-Leaf-6.GPU.S9825,FourHundredGigE1/0/61,0,0,0,0,0,0
2024/05/24 星期五 00:57:34.833,1716483454833,NH-DC-NM129-D04-ROCE-Leaf-6.GPU.S9825,FourHundredGigE1/0/61,258215,999323826,254404,1016155808,2.46,2.51
2024/05/24 星期五 00:57:35.584,1716483455584,NH-DC-NM129-D04-ROCE-Leaf-6.GPU.S9825,FourHundredGigE1/0/61,68657,228807202,88954,304886988,0.37,0.50
2024/05/24 星期五 00:57:36.195,1716483456195,NH-DC-NM129-D04-ROCE-Leaf-6.GPU.S9825,FourHundredGigE1/0/61,0,0,0,0,0,0
2024/05/24 星期五 00:57:36.705,1716483456705,NH-DC-NM129-D04-ROCE-Leaf-6.GPU.S9825,FourHundredGigE1/0/61,129542,462193272,85472,254111336,1.13,0.61
2024/05/24 星期五 00:57:37.281,1716483457281,NH-DC-NM129-D04-ROCE-Leaf-6.GPU.S9825,FourHundredGigE1/0/61,0,0,0,0,0,0
2024/05/24 星期五 00:57:37.789,1716483457789,NH-DC-NM129-D04-ROCE-Leaf-6.GPU.S9825,FourHundredGigE1/0/61,0,0,0,0,0,0
2024/05/24 星期五 00:57:38.289,1716483458289,NH-DC-NM129-D04-ROCE-Leaf-6.GPU.S9825,FourHundredGigE1/0/61,198837,724152499,102888,352244312,1.8,0.88
2024/05/24 星期五 00:57:39.142,1716483459142,NH-DC-NM129-D04-ROCE-Leaf-6.GPU.S9825,FourHundredGigE1/0/61,333422,1326699014,242267,938272360,1.93,1.36
2024/05/24 星期五 00:57:39.734,1716483459734,NH-DC-NM129-D04-ROCE-Leaf-6.GPU.S9825,FourHundredGigE1/0/61,0,0,0,0,0,0
2024/05/24 星期五 00:57:40.248,1716483460248,NH-DC-NM129-D04-ROCE-Leaf-6.GPU.S9825,FourHundredGigE1/0/61,144387,521999522,208153,825350128,1.26,1.99
2024/05/24 星期五 00:57:40.844,1716483460844,NH-DC-NM129-D04-ROCE-Leaf-6.GPU.S9825,FourHundredGigE1/0/61,122487,457021000,134654,513131540,0.94,1.07
2024/05/24 星期五 00:57:41.369,1716483461369,NH-DC-NM129-D04-ROCE-Leaf-6.GPU.S9825,FourHundredGigE1/0/61,0,0,0,0,0,0
2024/05/24 星期五 00:57:42.130,1716483462130,NH-DC-NM129-D04-ROCE-Leaf-6.GPU.S9825,FourHundredGigE1/0/61,384567,1497164121,174553,662665382,2.45,1.08
2024/05/24 星期五 00:57:43.231,1716483463231,NH-DC-NM129-D04-ROCE-Leaf-6.GPU.S9825,FourHundredGigE1/0/61,142694,547050132,103719,357768228,0.61,0.40
2024/05/24 星期五 00:57:43.733,1716483463733,NH-DC-NM129-D04-ROCE-Leaf-6.GPU.S9825,FourHundredGigE1/0/61,382068,1520946884,104636,391293442,3.78,0.97
2024/05/24 星期五 00:57:44.425,1716483464425,NH-DC-NM129-D04-ROCE-Leaf-6.GPU.S9825,FourHundredGigE1/0/61,0,0,0,0,0,0
2024/05/24 星期五 00:57:44.970,1716483464970,NH-DC-NM129-D04-ROCE-Leaf-6.GPU.S9825,FourHundredGigE1/0/61,98049,323458242,113108,417067088,0.73,0.94
2024/05/24 星期五 00:57:45.490,1716483465490,NH-DC-NM129-D04-ROCE-Leaf-6.GPU.S9825,FourHundredGigE1/0/61,329681,1311257302,264001,1020194822,3.15,2.45
2024/05/24 星期五 00:57:46.138,1716483466138,NH-DC-NM129-D04-ROCE-Leaf-6.GPU.S9825,FourHundredGigE1/0/61,0,0,0,0,0,0
2024/05/24 星期五 00:57:47.057,1716483467057,NH-DC-NM129-D04-ROCE-Leaf-6.GPU.S9825,FourHundredGigE1/0/61,77131,266107158,221107,817834738,0.35,1.10
2024/05/24 星期五 00:57:47.619,1716483467619,NH-DC-NM129-D04-ROCE-Leaf-6.GPU.S9825,FourHundredGigE1/0/61,0,0,0,0,0,0
2024/05/24 星期五 00:57:48.252,1716483468252,NH-DC-NM129-D04-ROCE-Leaf-6.GPU.S9825,FourHundredGigE1/0/61,195864,771806756,216648,828176888,1.52,1.62
2024/05/24 星期五 00:57:48.753,1716483468753,NH-DC-NM129-D04-ROCE-Leaf-6.GPU.S9825,FourHundredGigE1/0/61,197197,717820974,417947,1621266842,1.77,4.04
2024/05/24 星期五 00:57:49.494,1716483469494,NH-DC-NM129-D04-ROCE-Leaf-6.GPU.S9825,FourHundredGigE1/0/61,0,0,0,0,0,0
2024/05/24 星期五 00:57:50.128,1716483470128,NH-DC-NM129-D04-ROCE-Leaf-6.GPU.S9825,FourHundredGigE1/0/61,151542,556219780,139338,493917056,1.08,0.97
2024/05/24 星期五 00:57:50.629,1716483470629,NH-DC-NM129-D04-ROCE-Leaf-6.GPU.S9825,FourHundredGigE1/0/61,88666,326130048,165558,591349700,0.80,1.47
2024/05/24 星期五 00:57:51.130,1716483471130,NH-DC-NM129-D04-ROCE-Leaf-6.GPU.S9825,FourHundredGigE1/0/61,0,0,0,0,0,0
2024/05/24 星期五 00:57:51.651,1716483471651,NH-DC-NM129-D04-ROCE-Leaf-6.GPU.S9825,FourHundredGigE1/0/61,0,0,0,0,0,0
2024/05/24 星期五 00:57:52.815,1716483472815,NH-DC-NM129-D04-ROCE-Leaf-6.GPU.S9825,FourHundredGigE1/0/61,306280,1196071680,730949,2943761570,1.28,3.16
2024/05/24 星期五 00:57:53.432,1716483473432,NH-DC-NM129-D04-ROCE-Leaf-6.GPU.S9825,FourHundredGigE1/0/61,0,0,0,0,0,0
2024/05/24 星期五 00:57:53.976,1716483473976,NH-DC-NM129-D04-ROCE-Leaf-6.GPU.S9825,FourHundredGigE1/0/61,181470,681906638,224351,865420186,1.56,1.98
2024/05/24 星期五 00:57:54.610,1716483474610,NH-DC-NM129-D04-ROCE-Leaf-6.GPU.S9825,FourHundredGigE1/0/61,166499,649716964,342167,1360397954,1.26,2.68
2024/05/24 星期五 00:57:55.250,1716483475250,NH-DC-NM129-D04-ROCE-Leaf-6.GPU.S9825,FourHundredGigE1/0/61,0,0,0,0,0,0
2024/05/24 星期五 00:57:56.435,1716483476435,NH-DC-NM129-D04-ROCE-Leaf-6.GPU.S9825,FourHundredGigE1/0/61,545422,2079137108,306720,1135923376,2.18,1.19
2024/05/24 星期五 00:57:57.126,1716483477126,NH-DC-NM129-D04-ROCE-Leaf-6.GPU.S9825,FourHundredGigE1/0/61,0,0,0,0,0,0
2024/05/24 星期五 00:57:59.436,1716483479436,NH-DC-NM129-D04-ROCE-Leaf-6.GPU.S9825,FourHundredGigE1/0/61,242959,952325838,259541,997945810,0.51,0.54
2024/05/24 星期五 00:57:59.949,1716483479949,NH-DC-NM129-D04-ROCE-Leaf-6.GPU.S9825,FourHundredGigE1/0/61,318816,1248754168,278819,1108106018,3.02,2.68
2024/05/24 星期五 00:58:00.584,1716483480584,NH-DC-NM129-D04-ROCE-Leaf-6.GPU.S9825,FourHundredGigE1/0/61,0,0,0,0,0,0
2024/05/24 星期五 00:58:01.085,1716483481085,NH-DC-NM129-D04-ROCE-Leaf-6.GPU.S9825,FourHundredGigE1/0/61,102624,367610901,249297,1015509574,0.90,2.52
2024/05/24 星期五 00:58:01.652,1716483481652,NH-DC-NM129-D04-ROCE-Leaf-6.GPU.S9825,FourHundredGigE1/0/61,0,0,0,0,0,0
2024/05/24 星期五 00:58:02.156,1716483482156,NH-DC-NM129-D04-ROCE-Leaf-6.GPU.S9825,FourHundredGigE1/0/61,750639,3013922154,858094,3485020596,7.47,8.63
2024/05/24 星期五 00:58:04.266,1716483484266,NH-DC-NM129-D04-ROCE-Leaf-6.GPU.S9825,FourHundredGigE1/0/61,0,0,0,0,0,0
2024/05/24 星期五 00:58:05.017,1716483485017,NH-DC-NM129-D04-ROCE-Leaf-6.GPU.S9825,FourHundredGigE1/0/61,76859,298531782,178650,451091196,0.48,0.75
2024/05/24 星期五 00:58:05.745,1716483485745,NH-DC-NM129-D04-ROCE-Leaf-6.GPU.S9825,FourHundredGigE1/0/61,0,0,0,0,0,0
2024/05/24 星期五 00:58:06.255,1716483486255,NH-DC-NM129-D04-ROCE-Leaf-6.GPU.S9825,FourHundredGigE1/0/61,82490,321352776,110534,189785492,0.78,0.44
2024/05/24 星期五 00:58:06.854,1716483486854,NH-DC-NM129-D04-ROCE-Leaf-6.GPU.S9825,FourHundredGigE1/0/61,85584,329704704,1324249,5399315634,0.67,11.25
2024/05/24 星期五 00:58:07.648,1716483487648,NH-DC-NM129-D04-ROCE-Leaf-6.GPU.S9825,FourHundredGigE1/0/61,221636,860730485,1051933,4291256374,1.35,6.75
2024/05/24 星期五 00:58:08.196,1716483488196,NH-DC-NM129-D04-ROCE-Leaf-6.GPU.S9825,FourHundredGigE1/0/61,0,0,0,0,0,0
2024/05/24 星期五 00:58:08.821,1716483488821,NH-DC-NM129-D04-ROCE-Leaf-6.GPU.S9825,FourHundredGigE1/0/61,245537,955174476,1120492,4580977058,1.9,9.16
2024/05/24 星期五 00:58:09.363,1716483489363,NH-DC-NM129-D04-ROCE-Leaf-6.GPU.S9825,FourHundredGigE1/0/61,0,0,0,0,0,0
2024/05/24 星期五 00:58:09.867,1716483489867,NH-DC-NM129-D04-ROCE-Leaf-6.GPU.S9825,FourHundredGigE1/0/61,218938,838296888,1084549,4404107508,2.06,10.91
2024/05/24 星期五 00:58:10.413,1716483490413,NH-DC-NM129-D04-ROCE-Leaf-6.GPU.S9825,FourHundredGigE1/0/61,145155,561497334,503882,2000923640,1.28,4.58
2024/05/24 星期五 00:58:11.351,1716483491351,NH-DC-NM129-D04-ROCE-Leaf-6.GPU.S9825,FourHundredGigE1/0/61,0,0,0,0,0,0
2024/05/24 星期五 00:58:11.987,1716483491987,NH-DC-NM129-D04-ROCE-Leaf-6.GPU.S9825,FourHundredGigE1/0/61,110997,405683650,171241,599143974,0.79,1.16
2024/05/24 星期五 00:58:12.508,1716483492508,NH-DC-NM129-D04-ROCE-Leaf-6.GPU.S9825,FourHundredGigE1/0/61,0,0,0,0,0,0
2024/05/24 星期五 00:58:13.009,1716483493009,NH-DC-NM129-D04-ROCE-Leaf-6.GPU.S9825,FourHundredGigE1/0/61,228804,861878110,271925,1069968242,2.15,2.64
2024/05/24 星期五 00:58:13.619,1716483493619,NH-DC-NM129-D04-ROCE-Leaf-6.GPU.S9825,FourHundredGigE1/0/61,219675,865739984,143801,541255734,1.76,1.11
2024/05/24 星期五 00:58:14.324,1716483494324,NH-DC-NM129-D04-ROCE-Leaf-6.GPU.S9825,FourHundredGigE1/0/61,0,0,0,0,0,0
2024/05/24 星期五 00:58:15.060,1716483495060,NH-DC-NM129-D04-ROCE-Leaf-6.GPU.S9825,FourHundredGigE1/0/61,361873,1394570182,397543,1501736694,2.36,2.55
2024/05/24 星期五 00:58:15.657,1716483495657,NH-DC-NM129-D04-ROCE-Leaf-6.GPU.S9825,FourHundredGigE1/0/61,161952,603762096,150644,584322088,1.26,1.21
2024/05/24 星期五 00:58:16.161,1716483496161,NH-DC-NM129-D04-ROCE-Leaf-6.GPU.S9825,FourHundredGigE1/0/61,0,0,0,0,0,0
2024/05/24 星期五 00:58:16.663,1716483496663,NH-DC-NM129-D04-ROCE-Leaf-6.GPU.S9825,FourHundredGigE1/0/61,0,0,0,0,0,0
2024/05/24 星期五 00:58:17.161,1716483497161,NH-DC-NM129-D04-ROCE-Leaf-6.GPU.S9825,FourHundredGigE1/0/61,159775,590808638,183364,717955496,1.48,1.78
2024/05/24 星期五 00:58:17.817,1716483497817,NH-DC-NM129-D04-ROCE-Leaf-6.GPU.S9825,FourHundredGigE1/0/61,438291,1782613586,325783,1280707822,3.39,2.44
2024/05/24 星期五 00:58:18.317,1716483498317,NH-DC-NM129-D04-ROCE-Leaf-6.GPU.S9825,FourHundredGigE1/0/61,0,0,0,0,0,0
2024/05/24 星期五 00:58:18.958,1716483498958,NH-DC-NM129-D04-ROCE-Leaf-6.GPU.S9825,FourHundredGigE1/0/61,325669,1248557706,115895,426103942,2.42,0.82
2024/05/24 星期五 00:58:19.461,1716483499461,NH-DC-NM129-D04-ROCE-Leaf-6.GPU.S9825,FourHundredGigE1/0/61,0,0,0,0,0,0
2024/05/24 星期五 00:58:19.962,1716483499962,NH-DC-NM129-D04-ROCE-Leaf-6.GPU.S9825,FourHundredGigE1/0/61,92793,313429590,187799,700066114,0.77,1.75
2024/05/24 星期五 00:58:20.568,1716483500568,NH-DC-NM129-D04-ROCE-Leaf-6.GPU.S9825,FourHundredGigE1/0/61,119799,456787880,122559,472864674,0.93,0.97
2024/05/24 星期五 00:58:21.308,1716483501308,NH-DC-NM129-D04-ROCE-Leaf-6.GPU.S9825,FourHundredGigE1/0/61,0,0,0,0,0,0
2024/05/24 星期五 00:58:21.896,1716483501896,NH-DC-NM129-D04-ROCE-Leaf-6.GPU.S9825,FourHundredGigE1/0/61,158835,602752272,68016,186895144,1.28,0.38
2024/05/24 星期五 00:58:22.537,1716483502537,NH-DC-NM129-D04-ROCE-Leaf-6.GPU.S9825,FourHundredGigE1/0/61,0,0,0,0,0,0
2024/05/24 星期五 00:58:23.038,1716483503038,NH-DC-NM129-D04-ROCE-Leaf-6.GPU.S9825,FourHundredGigE1/0/61,144985,538696326,125423,457485426,1.32,1.12
2024/05/24 星期五 00:58:23.539,1716483503539,NH-DC-NM129-D04-ROCE-Leaf-6.GPU.S9825,FourHundredGigE1/0/61,0,0,0,0,0,0
2024/05/24 星期五 00:58:24.042,1716483504042,NH-DC-NM129-D04-ROCE-Leaf-6.GPU.S9825,FourHundredGigE1/0/61,154300,563053200,129567,461593986,1.39,1.14
2024/05/24 星期五 00:58:24.781,1716483504781,NH-DC-NM129-D04-ROCE-Leaf-6.GPU.S9825,FourHundredGigE1/0/61,266504,1069018716,181959,684686766,1.79,1.15
2024/05/24 星期五 00:58:25.343,1716483505343,NH-DC-NM129-D04-ROCE-Leaf-6.GPU.S9825,FourHundredGigE1/0/61,0,0,0,0,0,0
2024/05/24 星期五 00:58:26.024,1716483506024,NH-DC-NM129-D04-ROCE-Leaf-6.GPU.S9825,FourHundredGigE1/0/61,61209,199175558,251794,961821864,0.35,1.76
2024/05/24 星期五 00:58:26.526,1716483506526,NH-DC-NM129-D04-ROCE-Leaf-6.GPU.S9825,FourHundredGigE1/0/61,0,0,0,0,0,0
2024/05/24 星期五 00:58:29.842,1716483509842,NH-DC-NM129-D04-ROCE-Leaf-6.GPU.S9825,FourHundredGigE1/0/61,640065,2387976674,652059,2430396270,0.90,0.92
2024/05/24 星期五 00:58:30.394,1716483510394,NH-DC-NM129-D04-ROCE-Leaf-6.GPU.S9825,FourHundredGigE1/0/61,90019,308429422,272689,1111728614,0.68,2.51
2024/05/24 星期五 00:58:31.135,1716483511135,NH-DC-NM129-D04-ROCE-Leaf-6.GPU.S9825,FourHundredGigE1/0/61,0,0,0,0,0,0
2024/05/24 星期五 00:58:31.661,1716483511661,NH-DC-NM129-D04-ROCE-Leaf-6.GPU.S9825,FourHundredGigE1/0/61,138470,531544016,150620,525691444,1.26,1.24
2024/05/24 星期五 00:58:32.199,1716483512199,NH-DC-NM129-D04-ROCE-Leaf-6.GPU.S9825,FourHundredGigE1/0/61,0,0,0,0,0,0
2024/05/24 星期五 00:58:32.816,1716483512816,NH-DC-NM129-D04-ROCE-Leaf-6.GPU.S9825,FourHundredGigE1/0/61,120061,419128034,253421,991408342,0.83,2.01
2024/05/24 星期五 00:58:33.319,1716483513319,NH-DC-NM129-D04-ROCE-Leaf-6.GPU.S9825,FourHundredGigE1/0/61,0,0,0,0,0,0
2024/05/24 星期五 00:58:33.829,1716483513829,NH-DC-NM129-D04-ROCE-Leaf-6.GPU.S9825,FourHundredGigE1/0/61,180717,694107222,205491,768326614,1.69,1.86
2024/05/24 星期五 00:58:34.557,1716483514557,NH-DC-NM129-D04-ROCE-Leaf-6.GPU.S9825,FourHundredGigE1/0/61,0,0,0,0,0,0
2024/05/24 星期五 00:58:35.069,1716483515069,NH-DC-NM129-D04-ROCE-Leaf-6.GPU.S9825,FourHundredGigE1/0/61,296182,1136290196,102875,389041758,2.76,0.93
2024/05/24 星期五 00:58:35.669,1716483515669,NH-DC-NM129-D04-ROCE-Leaf-6.GPU.S9825,FourHundredGigE1/0/61,238481,907593278,118194,391383924,1.88,0.81
2024/05/24 星期五 00:58:36.289,1716483516289,NH-DC-NM129-D04-ROCE-Leaf-6.GPU.S9825,FourHundredGigE1/0/61,0,0,0,0,0,0
2024/05/24 星期五 00:58:36.803,1716483516803,NH-DC-NM129-D04-ROCE-Leaf-6.GPU.S9825,FourHundredGigE1/0/61,152147,512721460,92662,305925374,1.24,0.73
2024/05/24 星期五 00:58:37.304,1716483517304,NH-DC-NM129-D04-ROCE-Leaf-6.GPU.S9825,FourHundredGigE1/0/61,0,0,0,0,0,0
2024/05/24 星期五 00:58:37.957,1716483517957,NH-DC-NM129-D04-ROCE-Leaf-6.GPU.S9825,FourHundredGigE1/0/61,126165,417176771,273985,1061540016,0.78,2.03
2024/05/24 星期五 00:58:38.475,1716483518475,NH-DC-NM129-D04-ROCE-Leaf-6.GPU.S9825,FourHundredGigE1/0/61,0,0,0,0,0,0
2024/05/24 星期五 00:58:38.996,1716483518996,NH-DC-NM129-D04-ROCE-Leaf-6.GPU.S9825,FourHundredGigE1/0/61,85613,342953034,193024,773233656,0.82,1.85
2024/05/24 星期五 00:58:39.615,1716483519615,NH-DC-NM129-D04-ROCE-Leaf-6.GPU.S9825,FourHundredGigE1/0/61,0,0,0,0,0,0
2024/05/24 星期五 00:58:40.117,1716483520117,NH-DC-NM129-D04-ROCE-Leaf-6.GPU.S9825,FourHundredGigE1/0/61,102667,387378614,481590,1934769016,0.95,4.81
2024/05/24 星期五 00:58:40.693,1716483520693,NH-DC-NM129-D04-ROCE-Leaf-6.GPU.S9825,FourHundredGigE1/0/61,136098,541297948,205343,821287798,1.17,1.78
2024/05/24 星期五 00:58:41.465,1716483521465,NH-DC-NM129-D04-ROCE-Leaf-6.GPU.S9825,FourHundredGigE1/0/61,263728,1039049184,163097,635675438,1.67,1.02
2024/05/24 星期五 00:58:42.242,1716483522242,NH-DC-NM129-D04-ROCE-Leaf-6.GPU.S9825,FourHundredGigE1/0/61,0,0,0,0,0,0
2024/05/24 星期五 00:58:42.916,1716483522916,NH-DC-NM129-D04-ROCE-Leaf-6.GPU.S9825,FourHundredGigE1/0/61,482207,1871485362,172470,657849908,3.47,1.21
2024/05/24 星期五 00:58:43.420,1716483523420,NH-DC-NM129-D04-ROCE-Leaf-6.GPU.S9825,FourHundredGigE1/0/61,0,0,0,0,0,0
2024/05/24 星期五 00:58:44.016,1716483524016,NH-DC-NM129-D04-ROCE-Leaf-6.GPU.S9825,FourHundredGigE1/0/61,367720,1356888812,204166,790596580,2.83,1.66
2024/05/24 星期五 00:58:44.790,1716483524790,NH-DC-NM129-D04-ROCE-Leaf-6.GPU.S9825,FourHundredGigE1/0/61,162963,600534626,121719,448448071,0.97,0.71
2024/05/24 星期五 00:58:45.324,1716483525324,NH-DC-NM129-D04-ROCE-Leaf-6.GPU.S9825,FourHundredGigE1/0/61,0,0,0,0,0,0
2024/05/24 星期五 00:58:46.026,1716483526026,NH-DC-NM129-D04-ROCE-Leaf-6.GPU.S9825,FourHundredGigE1/0/61,169429,650941590,175100,664570160,1.16,1.18
2024/05/24 星期五 00:58:46.776,1716483526776,NH-DC-NM129-D04-ROCE-Leaf-6.GPU.S9825,FourHundredGigE1/0/61,144886,560801256,247133,943801350,0.93,1.57
2024/05/24 星期五 00:58:47.451,1716483527451,NH-DC-NM129-D04-ROCE-Leaf-6.GPU.S9825,FourHundredGigE1/0/61,0,0,0,0,0,0
2024/05/24 星期五 00:58:48.137,1716483528137,NH-DC-NM129-D04-ROCE-Leaf-6.GPU.S9825,FourHundredGigE1/0/61,170658,656502222,109883,398432002,1.18,0.71
2024/05/24 星期五 00:58:48.668,1716483528668,NH-DC-NM129-D04-ROCE-Leaf-6.GPU.S9825,FourHundredGigE1/0/61,163162,660051166,220109,878527022,1.55,2.05
2024/05/24 星期五 00:58:49.194,1716483529194,NH-DC-NM129-D04-ROCE-Leaf-6.GPU.S9825,FourHundredGigE1/0/61,0,0,0,0,0,0
2024/05/24 星期五 00:58:49.769,1716483529769,NH-DC-NM129-D04-ROCE-Leaf-6.GPU.S9825,FourHundredGigE1/0/61,0,0,0,0,0,0
2024/05/24 星期五 00:58:50.270,1716483530270,NH-DC-NM129-D04-ROCE-Leaf-6.GPU.S9825,FourHundredGigE1/0/61,230449,869108816,85323,319983646,2.15,0.77
2024/05/24 星期五 00:58:50.866,1716483530866,NH-DC-NM129-D04-ROCE-Leaf-6.GPU.S9825,FourHundredGigE1/0/61,221438,890775742,180279,658953570,1.87,1.36
2024/05/24 星期五 00:58:51.535,1716483531535,NH-DC-NM129-D04-ROCE-Leaf-6.GPU.S9825,FourHundredGigE1/0/61,0,0,0,0,0,0
2024/05/24 星期五 00:58:52.048,1716483532048,NH-DC-NM129-D04-ROCE-Leaf-6.GPU.S9825,FourHundredGigE1/0/61,132383,471118330,145855,505051734,1.15,1.22
2024/05/24 星期五 00:58:52.615,1716483532615,NH-DC-NM129-D04-ROCE-Leaf-6.GPU.S9825,FourHundredGigE1/0/61,0,0,0,0,0,0
2024/05/24 星期五 00:58:53.118,1716483533118,NH-DC-NM129-D04-ROCE-Leaf-6.GPU.S9825,FourHundredGigE1/0/61,183102,725257432,136322,486385024,1.79,1.19
2024/05/24 星期五 00:58:53.811,1716483533811,NH-DC-NM129-D04-ROCE-Leaf-6.GPU.S9825,FourHundredGigE1/0/61,227307,898403606,342607,1371138294,1.61,2.47
2024/05/24 星期五 00:58:54.477,1716483534477,NH-DC-NM129-D04-ROCE-Leaf-6.GPU.S9825,FourHundredGigE1/0/61,0,0,0,0,0,0
2024/05/24 星期五 00:58:55.169,1716483535169,NH-DC-NM129-D04-ROCE-Leaf-6.GPU.S9825,FourHundredGigE1/0/61,161299,613752040,139898,520023544,1.10,0.94
2024/05/24 星期五 00:58:55.901,1716483535901,NH-DC-NM129-D04-ROCE-Leaf-6.GPU.S9825,FourHundredGigE1/0/61,79416,249160038,125356,415477784,0.41,0.70
2024/05/24 星期五 00:58:56.482,1716483536482,NH-DC-NM129-D04-ROCE-Leaf-6.GPU.S9825,FourHundredGigE1/0/61,0,0,0,0,0,0
2024/05/24 星期五 00:58:56.986,1716483536986,NH-DC-NM129-D04-ROCE-Leaf-6.GPU.S9825,FourHundredGigE1/0/61,137655,484099042,225519,837309366,1.19,2.06
2024/05/24 星期五 00:58:57.543,1716483537543,NH-DC-NM129-D04-ROCE-Leaf-6.GPU.S9825,FourHundredGigE1/0/61,0,0,0,0,0,0
2024/05/24 星期五 00:58:58.110,1716483538110,NH-DC-NM129-D04-ROCE-Leaf-6.GPU.S9825,FourHundredGigE1/0/61,263380,1019458690,607408,2434261004,2.23,5.36
2024/05/24 星期五 00:58:58.746,1716483538746,NH-DC-NM129-D04-ROCE-Leaf-6.GPU.S9825,FourHundredGigE1/0/61,701900,2844036770,424821,1648815398,5.58,3.22
2024/05/24 星期五 00:58:59.979,1716483539979,NH-DC-NM129-D04-ROCE-Leaf-6.GPU.S9825,FourHundredGigE1/0/61,591252,2341905332,193144,697113076,2.37,0.70
2024/05/24 星期五 00:59:00.544,1716483540544,NH-DC-NM129-D04-ROCE-Leaf-6.GPU.S9825,FourHundredGigE1/0/61,371195,1289362734,126093,460541250,2.83,1.02
2024/05/24 星期五 00:59:01.152,1716483541152,NH-DC-NM129-D04-ROCE-Leaf-6.GPU.S9825,FourHundredGigE1/0/61,0,0,0,0,0,0
2024/05/24 星期五 00:59:01.773,1716483541773,NH-DC-NM129-D04-ROCE-Leaf-6.GPU.S9825,FourHundredGigE1/0/61,189546,715364576,167960,662985160,1.43,1.33
2024/05/24 星期五 00:59:02.277,1716483542277,NH-DC-NM129-D04-ROCE-Leaf-6.GPU.S9825,FourHundredGigE1/0/61,745147,2878562286,287615,1027087254,7.12,2.53
2024/05/24 星期五 00:59:04.364,1716483544364,NH-DC-NM129-D04-ROCE-Leaf-6.GPU.S9825,FourHundredGigE1/0/61,0,0,0,0,0,0
2024/05/24 星期五 00:59:05.178,1716483545178,NH-DC-NM129-D04-ROCE-Leaf-6.GPU.S9825,FourHundredGigE1/0/61,460304,1833432550,446386,1734995892,2.81,2.66
2024/05/24 星期五 00:59:05.686,1716483545686,NH-DC-NM129-D04-ROCE-Leaf-6.GPU.S9825,FourHundredGigE1/0/61,121178,437240246,235611,882199114,1.06,2.17
2024/05/24 星期五 00:59:06.263,1716483546263,NH-DC-NM129-D04-ROCE-Leaf-6.GPU.S9825,FourHundredGigE1/0/61,0,0,0,0,0,0
2024/05/24 星期五 00:59:06.914,1716483546914,NH-DC-NM129-D04-ROCE-Leaf-6.GPU.S9825,FourHundredGigE1/0/61,209892,803991853,276889,1067203246,1.54,2.04
2024/05/24 星期五 00:59:08.016,1716483548016,NH-DC-NM129-D04-ROCE-Leaf-6.GPU.S9825,FourHundredGigE1/0/61,122057,431371853,194128,742639668,0.49,0.84
2024/05/24 星期五 00:59:08.620,1716483548620,NH-DC-NM129-D04-ROCE-Leaf-6.GPU.S9825,FourHundredGigE1/0/61,0,0,0,0,0,0
2024/05/24 星期五 00:59:09.150,1716483549150,NH-DC-NM129-D04-ROCE-Leaf-6.GPU.S9825,FourHundredGigE1/0/61,315208,1203595124,289450,1167587912,2.83,2.74
2024/05/24 星期五 00:59:09.717,1716483549717,NH-DC-NM129-D04-ROCE-Leaf-6.GPU.S9825,FourHundredGigE1/0/61,0,0,0,0,0,0
2024/05/24 星期五 00:59:10.230,1716483550230,NH-DC-NM129-D04-ROCE-Leaf-6.GPU.S9825,FourHundredGigE1/0/61,160486,554786060,266024,1033613624,1.34,2.51
2024/05/24 星期五 00:59:10.793,1716483550793,NH-DC-NM129-D04-ROCE-Leaf-6.GPU.S9825,FourHundredGigE1/0/61,265927,1051241642,218949,823634438,2.33,1.82
2024/05/24 星期五 00:59:11.497,1716483551497,NH-DC-NM129-D04-ROCE-Leaf-6.GPU.S9825,FourHundredGigE1/0/61,0,0,0,0,0,0
2024/05/24 星期五 00:59:12.129,1716483552129,NH-DC-NM129-D04-ROCE-Leaf-6.GPU.S9825,FourHundredGigE1/0/61,191823,703265030,334213,1284954530,1.38,2.53
2024/05/24 星期五 00:59:12.629,1716483552629,NH-DC-NM129-D04-ROCE-Leaf-6.GPU.S9825,FourHundredGigE1/0/61,54554,193854724,315619,1220012610,0.48,3.05
2024/05/24 星期五 00:59:13.219,1716483553219,NH-DC-NM129-D04-ROCE-Leaf-6.GPU.S9825,FourHundredGigE1/0/61,0,0,0,0,0,0
2024/05/24 星期五 00:59:13.827,1716483553827,NH-DC-NM129-D04-ROCE-Leaf-6.GPU.S9825,FourHundredGigE1/0/61,166884,621413252,112943,408657130,1.27,0.82
2024/05/24 星期五 00:59:14.333,1716483554333,NH-DC-NM129-D04-ROCE-Leaf-6.GPU.S9825,FourHundredGigE1/0/61,0,0,0,0,0,0
2024/05/24 星期五 00:59:15.002,1716483555002,NH-DC-NM129-D04-ROCE-Leaf-6.GPU.S9825,FourHundredGigE1/0/61,125501,430693718,116939,405005838,0.80,0.75
2024/05/24 星期五 00:59:15.595,1716483555595,NH-DC-NM129-D04-ROCE-Leaf-6.GPU.S9825,FourHundredGigE1/0/61,0,0,0,0,0,0
2024/05/24 星期五 00:59:16.097,1716483556097,NH-DC-NM129-D04-ROCE-Leaf-6.GPU.S9825,FourHundredGigE1/0/61,102399,373647306,149284,571405348,0.92,1.42
2024/05/24 星期五 00:59:16.730,1716483556730,NH-DC-NM129-D04-ROCE-Leaf-6.GPU.S9825,FourHundredGigE1/0/61,105565,404248082,91881,335095470,0.79,0.65
2024/05/24 星期五 00:59:17.311,1716483557311,NH-DC-NM129-D04-ROCE-Leaf-6.GPU.S9825,FourHundredGigE1/0/61,0,0,0,0,0,0
2024/05/24 星期五 00:59:17.813,1716483557813,NH-DC-NM129-D04-ROCE-Leaf-6.GPU.S9825,FourHundredGigE1/0/61,217129,817975554,88241,273010150,2.02,0.67
2024/05/24 星期五 00:59:18.385,1716483558385,NH-DC-NM129-D04-ROCE-Leaf-6.GPU.S9825,FourHundredGigE1/0/61,0,0,0,0,0,0
2024/05/24 星期五 00:59:18.983,1716483558983,NH-DC-NM129-D04-ROCE-Leaf-6.GPU.S9825,FourHundredGigE1/0/61,254220,945095656,99724,325636276,1.96,0.67
2024/05/24 星期五 00:59:19.533,1716483559533,NH-DC-NM129-D04-ROCE-Leaf-6.GPU.S9825,FourHundredGigE1/0/61,0,0,0,0,0,0
2024/05/24 星期五 00:59:20.033,1716483560033,NH-DC-NM129-D04-ROCE-Leaf-6.GPU.S9825,FourHundredGigE1/0/61,187195,700595954,465911,1854792446,1.75,4.62
2024/05/24 星期五 00:59:20.614,1716483560614,NH-DC-NM129-D04-ROCE-Leaf-6.GPU.S9825,FourHundredGigE1/0/61,223943,842740854,103495,400658566,1.81,0.86
2024/05/24 星期五 00:59:21.152,1716483561152,NH-DC-NM129-D04-ROCE-Leaf-6.GPU.S9825,FourHundredGigE1/0/61,0,0,0,0,0,0
2024/05/24 星期五 00:59:21.783,1716483561783,NH-DC-NM129-D04-ROCE-Leaf-6.GPU.S9825,FourHundredGigE1/0/61,41970,159819426,166052,643728048,0.30,1.27
2024/05/24 星期五 00:59:22.287,1716483562287,NH-DC-NM129-D04-ROCE-Leaf-6.GPU.S9825,FourHundredGigE1/0/61,0,0,0,0,0,0
2024/05/24 星期五 00:59:22.836,1716483562836,NH-DC-NM129-D04-ROCE-Leaf-6.GPU.S9825,FourHundredGigE1/0/61,136982,523861702,144212,545936316,1.18,1.23
2024/05/24 星期五 00:59:23.340,1716483563340,NH-DC-NM129-D04-ROCE-Leaf-6.GPU.S9825,FourHundredGigE1/0/61,0,0,0,0,0,0
2024/05/24 星期五 00:59:23.843,1716483563843,NH-DC-NM129-D04-ROCE-Leaf-6.GPU.S9825,FourHundredGigE1/0/61,91585,292374734,130324,524697660,0.72,1.29
2024/05/24 星期五 00:59:24.389,1716483564389,NH-DC-NM129-D04-ROCE-Leaf-6.GPU.S9825,FourHundredGigE1/0/61,0,0,0,0,0,0
2024/05/24 星期五 00:59:24.984,1716483564984,NH-DC-NM129-D04-ROCE-Leaf-6.GPU.S9825,FourHundredGigE1/0/61,40495,149451174,746600,3050731464,0.29,6.41
2024/05/24 星期五 00:59:25.616,1716483565616,NH-DC-NM129-D04-ROCE-Leaf-6.GPU.S9825,FourHundredGigE1/0/61,0,0,0,0,0,0
2024/05/24 星期五 00:59:26.117,1716483566117,NH-DC-NM129-D04-ROCE-Leaf-6.GPU.S9825,FourHundredGigE1/0/61,331148,1142141417,61251,234634374,2.84,0.57
2024/05/24 星期五 00:59:26.701,1716483566701,NH-DC-NM129-D04-ROCE-Leaf-6.GPU.S9825,FourHundredGigE1/0/61,131156,498390484,323766,1299040388,1.05,2.76
2024/05/24 星期五 00:59:27.202,1716483567202,NH-DC-NM129-D04-ROCE-Leaf-6.GPU.S9825,FourHundredGigE1/0/61,0,0,0,0,0,0
2024/05/24 星期五 00:59:27.786,1716483567786,NH-DC-NM129-D04-ROCE-Leaf-6.GPU.S9825,FourHundredGigE1/0/61,132117,452892034,119064,462194232,0.96,0.98
2024/05/24 星期五 00:59:28.287,1716483568287,NH-DC-NM129-D04-ROCE-Leaf-6.GPU.S9825,FourHundredGigE1/0/61,0,0,0,0,0,0
2024/05/24 星期五 00:59:28.943,1716483568943,NH-DC-NM129-D04-ROCE-Leaf-6.GPU.S9825,FourHundredGigE1/0/61,256498,986114218,75579,272147262,1.87,0.51
2024/05/24 星期五 00:59:29.509,1716483569509,NH-DC-NM129-D04-ROCE-Leaf-6.GPU.S9825,FourHundredGigE1/0/61,0,0,0,0,0,0
2024/05/24 星期五 00:59:30.011,1716483570011,NH-DC-NM129-D04-ROCE-Leaf-6.GPU.S9825,FourHundredGigE1/0/61,288825,1140994488,236013,922347420,2.84,2.29
2024/05/24 星期五 00:59:30.549,1716483570549,NH-DC-NM129-D04-ROCE-Leaf-6.GPU.S9825,FourHundredGigE1/0/61,214531,856313210,546034,2225337242,1.97,5.16
2024/05/24 星期五 00:59:31.202,1716483571202,NH-DC-NM129-D04-ROCE-Leaf-6.GPU.S9825,FourHundredGigE1/0/61,0,0,0,0,0,0
2024/05/24 星期五 00:59:32.637,1716483572637,NH-DC-NM129-D04-ROCE-Leaf-6.GPU.S9825,FourHundredGigE1/0/61,136898,506306824,199636,783779212,0.44,0.68
2024/05/24 星期五 00:59:33.138,1716483573138,NH-DC-NM129-D04-ROCE-Leaf-6.GPU.S9825,FourHundredGigE1/0/61,380525,1512542602,298739,1176400154,3.77,2.92
2024/05/24 星期五 00:59:33.639,1716483573639,NH-DC-NM129-D04-ROCE-Leaf-6.GPU.S9825,FourHundredGigE1/0/61,548464,2202111514,291393,1120051530,5.49,2.79
2024/05/24 星期五 00:59:34.345,1716483574345,NH-DC-NM129-D04-ROCE-Leaf-6.GPU.S9825,FourHundredGigE1/0/61,0,0,0,0,0,0
2024/05/24 星期五 00:59:34.889,1716483574889,NH-DC-NM129-D04-ROCE-Leaf-6.GPU.S9825,FourHundredGigE1/0/61,387770,1535670252,413798,1582639376,3.52,3.63
2024/05/24 星期五 00:59:35.615,1716483575615,NH-DC-NM129-D04-ROCE-Leaf-6.GPU.S9825,FourHundredGigE1/0/61,762024,3043631078,100972,358356396,5.23,0.60
2024/05/24 星期五 00:59:36.154,1716483576154,NH-DC-NM129-D04-ROCE-Leaf-6.GPU.S9825,FourHundredGigE1/0/61,0,0,0,0,0,0
2024/05/24 星期五 00:59:36.655,1716483576655,NH-DC-NM129-D04-ROCE-Leaf-6.GPU.S9825,FourHundredGigE1/0/61,0,0,0,0,0,0
2024/05/24 星期五 00:59:37.154,1716483577154,NH-DC-NM129-D04-ROCE-Leaf-6.GPU.S9825,FourHundredGigE1/0/61,163959,652304258,196006,786869140,1.63,1.95
2024/05/24 星期五 00:59:37.941,1716483577941,NH-DC-NM129-D04-ROCE-Leaf-6.GPU.S9825,FourHundredGigE1/0/61,487851,1965142345,279416,1026603704,3.11,1.62
2024/05/24 星期五 00:59:38.480,1716483578480,NH-DC-NM129-D04-ROCE-Leaf-6.GPU.S9825,FourHundredGigE1/0/61,0,0,0,0,0,0
2024/05/24 星期五 00:59:39.129,1716483579129,NH-DC-NM129-D04-ROCE-Leaf-6.GPU.S9825,FourHundredGigE1/0/61,137692,526489509,122284,458142252,1.00,0.87
2024/05/24 星期五 00:59:39.687,1716483579687,NH-DC-NM129-D04-ROCE-Leaf-6.GPU.S9825,FourHundredGigE1/0/61,0,0,0,0,0,0
2024/05/24 星期五 00:59:40.186,1716483580186,NH-DC-NM129-D04-ROCE-Leaf-6.GPU.S9825,FourHundredGigE1/0/61,32749,66253538,105019,383173858,0.15,0.95
2024/05/24 星期五 00:59:41.375,1716483581375,NH-DC-NM129-D04-ROCE-Leaf-6.GPU.S9825,FourHundredGigE1/0/61,279598,1133198056,249708,995132360,1.19,1.04
2024/05/24 星期五 00:59:42.111,1716483582111,NH-DC-NM129-D04-ROCE-Leaf-6.GPU.S9825,FourHundredGigE1/0/61,77078,230793460,322480,1212174576,0.39,2.06
2024/05/24 星期五 00:59:42.867,1716483582867,NH-DC-NM129-D04-ROCE-Leaf-6.GPU.S9825,FourHundredGigE1/0/61,138167,528331464,205154,788146172,0.86,1.29
2024/05/24 星期五 00:59:43.413,1716483583413,NH-DC-NM129-D04-ROCE-Leaf-6.GPU.S9825,FourHundredGigE1/0/61,0,0,0,0,0,0
2024/05/24 星期五 00:59:43.913,1716483583913,NH-DC-NM129-D04-ROCE-Leaf-6.GPU.S9825,FourHundredGigE1/0/61,388184,1550016370,275968,1049282408,3.88,2.6
2024/05/24 星期五 00:59:44.599,1716483584599,NH-DC-NM129-D04-ROCE-Leaf-6.GPU.S9825,FourHundredGigE1/0/61,0,0,0,0,0,0
2024/05/24 星期五 00:59:45.172,1716483585172,NH-DC-NM129-D04-ROCE-Leaf-6.GPU.S9825,FourHundredGigE1/0/61,135859,482897386,368929,1437147648,1.05,3.12
2024/05/24 星期五 00:59:45.833,1716483585833,NH-DC-NM129-D04-ROCE-Leaf-6.GPU.S9825,FourHundredGigE1/0/61,149774,561424508,102592,388083154,1.06,0.72
2024/05/24 星期五 00:59:46.629,1716483586629,NH-DC-NM129-D04-ROCE-Leaf-6.GPU.S9825,FourHundredGigE1/0/61,67185,263039598,168251,675145142,0.41,1.05
2024/05/24 星期五 00:59:47.172,1716483587172,NH-DC-NM129-D04-ROCE-Leaf-6.GPU.S9825,FourHundredGigE1/0/61,0,0,0,0,0,0
2024/05/24 星期五 00:59:47.672,1716483587672,NH-DC-NM129-D04-ROCE-Leaf-6.GPU.S9825,FourHundredGigE1/0/61,297774,1162572180,350052,1359050060,2.9,3.38
2024/05/24 星期五 00:59:48.280,1716483588280,NH-DC-NM129-D04-ROCE-Leaf-6.GPU.S9825,FourHundredGigE1/0/61,0,0,0,0,0,0
2024/05/24 星期五 00:59:48.806,1716483588806,NH-DC-NM129-D04-ROCE-Leaf-6.GPU.S9825,FourHundredGigE1/0/61,410251,1670080554,272035,1005986924,3.97,2.38
2024/05/24 星期五 00:59:49.517,1716483589517,NH-DC-NM129-D04-ROCE-Leaf-6.GPU.S9825,FourHundredGigE1/0/61,0,0,0,0,0,0
2024/05/24 星期五 00:59:50.079,1716483590079,NH-DC-NM129-D04-ROCE-Leaf-6.GPU.S9825,FourHundredGigE1/0/61,193151,716173136,243440,829954202,1.58,1.82
2024/05/24 星期五 00:59:50.578,1716483590578,NH-DC-NM129-D04-ROCE-Leaf-6.GPU.S9825,FourHundredGigE1/0/61,0,0,0,0,0,0
2024/05/24 星期五 00:59:51.077,1716483591077,NH-DC-NM129-D04-ROCE-Leaf-6.GPU.S9825,FourHundredGigE1/0/61,210364,727022502,195686,631933648,1.80,1.58
2024/05/24 星期五 00:59:51.762,1716483591762,NH-DC-NM129-D04-ROCE-Leaf-6.GPU.S9825,FourHundredGigE1/0/61,111314,253832904,292041,1015057638,0.46,1.84
2024/05/24 星期五 00:59:52.263,1716483592263,NH-DC-NM129-D04-ROCE-Leaf-6.GPU.S9825,FourHundredGigE1/0/61,0,0,0,0,0,0
2024/05/24 星期五 00:59:52.949,1716483592949,NH-DC-NM129-D04-ROCE-Leaf-6.GPU.S9825,FourHundredGigE1/0/61,160209,520508528,713758,2832522244,0.95,5.16
2024/05/24 星期五 00:59:53.644,1716483593644,NH-DC-NM129-D04-ROCE-Leaf-6.GPU.S9825,FourHundredGigE1/0/61,0,0,0,0,0,0
2024/05/24 星期五 00:59:54.148,1716483594148,NH-DC-NM129-D04-ROCE-Leaf-6.GPU.S9825,FourHundredGigE1/0/61,197870,778971188,2296267,9392790142,1.91,23.29
2024/05/24 星期五 00:59:54.762,1716483594762,NH-DC-NM129-D04-ROCE-Leaf-6.GPU.S9825,FourHundredGigE1/0/61,162895,556183200,1586323,6496781266,1.12,13.21
2024/05/24 星期五 00:59:55.741,1716483595741,NH-DC-NM129-D04-ROCE-Leaf-6.GPU.S9825,FourHundredGigE1/0/61,359711,1454747514,260834,1030950958,1.85,1.32
2024/05/24 星期五 00:59:56.325,1716483596325,NH-DC-NM129-D04-ROCE-Leaf-6.GPU.S9825,FourHundredGigE1/0/61,0,0,0,0,0,0
2024/05/24 星期五 00:59:56.965,1716483596965,NH-DC-NM129-D04-ROCE-Leaf-6.GPU.S9825,FourHundredGigE1/0/61,150491,547620790,164693,627431684,1.05,1.21
2024/05/24 星期五 00:59:57.595,1716483597595,NH-DC-NM129-D04-ROCE-Leaf-6.GPU.S9825,FourHundredGigE1/0/61,0,0,0,0,0,0
2024/05/24 星期五 00:59:58.093,1716483598093,NH-DC-NM129-D04-ROCE-Leaf-6.GPU.S9825,FourHundredGigE1/0/61,227513,846586006,454061,1823426714,2.11,4.57
2024/05/24 星期五 00:59:58.732,1716483598732,NH-DC-NM129-D04-ROCE-Leaf-6.GPU.S9825,FourHundredGigE1/0/61,218475,809526194,485309,1978979264,1.56,3.85
2024/05/24 星期五 00:59:59.629,1716483599629,NH-DC-NM129-D04-ROCE-Leaf-6.GPU.S9825,FourHundredGigE1/0/61,0,0,0,0,0,0
