SaveTime,SaveTimeUTC,DeviceName,PortName,InPkts,InOctets,OutPkts,OutOctets,InRatio,OutRatio
2024/05/24 星期五 00:00:00.851,1716480000851,NH-DC-NM129-D04-ROCE-Leaf-6.GPU.S9825,FourHundredGigE1/0/34,241161,923770338,109230,435706940,2.29,1.07
2024/05/24 星期五 00:00:01.370,1716480001370,NH-DC-NM129-D04-ROCE-Leaf-6.GPU.S9825,FourHundredGigE1/0/34,0,0,0,0,0,0
2024/05/24 星期五 00:04:08.593,1716480248593,NH-DC-NM129-D04-ROCE-Leaf-6.GPU.S9825,FourHundredGigE1/0/34,58446917,228037729970,53419772,208672303970,1.15,1.06
2024/05/24 星期五 00:04:13.170,1716480253170,NH-DC-NM129-D04-ROCE-Leaf-6.GPU.S9825,FourHundredGigE1/0/34,1171241,4604532419,590518,2228694256,1.26,0.61
2024/05/24 星期五 00:04:13.942,1716480253942,NH-DC-NM129-D04-ROCE-Leaf-6.GPU.S9825,FourHundredGigE1/0/34,83034,284498348,430632,1730934472,0.45,2.80
2024/05/24 星期五 00:04:14.485,1716480254485,NH-DC-NM129-D04-ROCE-Leaf-6.GPU.S9825,FourHundredGigE1/0/34,0,0,0,0,0,0
2024/05/24 星期五 00:04:14.985,1716480254985,NH-DC-NM129-D04-ROCE-Leaf-6.GPU.S9825,FourHundredGigE1/0/34,161069,617719806,140729,557879718,1.52,1.38
2024/05/24 星期五 00:04:15.577,1716480255577,NH-DC-NM129-D04-ROCE-Leaf-6.GPU.S9825,FourHundredGigE1/0/34,0,0,0,0,0,0
2024/05/24 星期五 00:04:16.476,1716480256476,NH-DC-NM129-D04-ROCE-Leaf-6.GPU.S9825,FourHundredGigE1/0/34,180036,670204924,163503,614154302,0.93,0.85
2024/05/24 星期五 00:04:17.098,1716480257098,NH-DC-NM129-D04-ROCE-Leaf-6.GPU.S9825,FourHundredGigE1/0/34,137692,500195657,253024,1020196540,1.00,2.05
2024/05/24 星期五 00:04:17.634,1716480257634,NH-DC-NM129-D04-ROCE-Leaf-6.GPU.S9825,FourHundredGigE1/0/34,0,0,0,0,0,0
2024/05/24 星期五 00:04:18.135,1716480258135,NH-DC-NM129-D04-ROCE-Leaf-6.GPU.S9825,FourHundredGigE1/0/34,4724,2212626,48286,151530088,0,0.37
2024/05/24 星期五 00:04:18.750,1716480258750,NH-DC-NM129-D04-ROCE-Leaf-6.GPU.S9825,FourHundredGigE1/0/34,0,0,0,0,0,0
2024/05/24 星期五 00:04:19.267,1716480259267,NH-DC-NM129-D04-ROCE-Leaf-6.GPU.S9825,FourHundredGigE1/0/34,115961,374525014,119187,475078066,0.89,1.14
2024/05/24 星期五 00:04:19.840,1716480259840,NH-DC-NM129-D04-ROCE-Leaf-6.GPU.S9825,FourHundredGigE1/0/34,50876,179395132,281004,915269588,0.37,1.99
2024/05/24 星期五 00:04:20.618,1716480260618,NH-DC-NM129-D04-ROCE-Leaf-6.GPU.S9825,FourHundredGigE1/0/34,0,0,0,0,0,0
2024/05/24 星期五 00:04:21.134,1716480261134,NH-DC-NM129-D04-ROCE-Leaf-6.GPU.S9825,FourHundredGigE1/0/34,353853,1415513374,268274,965812568,3.42,2.33
2024/05/24 星期五 00:04:21.634,1716480261634,NH-DC-NM129-D04-ROCE-Leaf-6.GPU.S9825,FourHundredGigE1/0/34,0,0,0,0,0,0
2024/05/24 星期五 00:04:22.138,1716480262138,NH-DC-NM129-D04-ROCE-Leaf-6.GPU.S9825,FourHundredGigE1/0/34,173643,634085776,173671,602883911,1.56,1.49
2024/05/24 星期五 00:04:22.736,1716480262736,NH-DC-NM129-D04-ROCE-Leaf-6.GPU.S9825,FourHundredGigE1/0/34,0,0,0,0,0,0
2024/05/24 星期五 00:04:23.246,1716480263246,NH-DC-NM129-D04-ROCE-Leaf-6.GPU.S9825,FourHundredGigE1/0/34,104182,315899683,99828,342431259,0.76,0.83
2024/05/24 星期五 00:04:24.099,1716480264099,NH-DC-NM129-D04-ROCE-Leaf-6.GPU.S9825,FourHundredGigE1/0/34,146965,539403109,221204,798220335,0.78,1.16
2024/05/24 星期五 00:04:24.648,1716480264648,NH-DC-NM129-D04-ROCE-Leaf-6.GPU.S9825,FourHundredGigE1/0/34,0,0,0,0,0,0
2024/05/24 星期五 00:04:25.207,1716480265207,NH-DC-NM129-D04-ROCE-Leaf-6.GPU.S9825,FourHundredGigE1/0/34,224134,854362500,434297,1680564811,1.90,3.76
2024/05/24 星期五 00:04:25.818,1716480265818,NH-DC-NM129-D04-ROCE-Leaf-6.GPU.S9825,FourHundredGigE1/0/34,207222,768826845,104348,325478599,1.55,0.65
2024/05/24 星期五 00:04:26.381,1716480266381,NH-DC-NM129-D04-ROCE-Leaf-6.GPU.S9825,FourHundredGigE1/0/34,0,0,0,0,0,0
2024/05/24 星期五 00:04:27.104,1716480267104,NH-DC-NM129-D04-ROCE-Leaf-6.GPU.S9825,FourHundredGigE1/0/34,95765,327780184,311128,1209000234,0.55,2.07
2024/05/24 星期五 00:04:27.704,1716480267704,NH-DC-NM129-D04-ROCE-Leaf-6.GPU.S9825,FourHundredGigE1/0/34,0,0,0,0,0,0
2024/05/24 星期五 00:04:28.205,1716480268205,NH-DC-NM129-D04-ROCE-Leaf-6.GPU.S9825,FourHundredGigE1/0/34,177520,671202476,238379,920916878,1.67,2.30
2024/05/24 星期五 00:04:28.733,1716480268733,NH-DC-NM129-D04-ROCE-Leaf-6.GPU.S9825,FourHundredGigE1/0/34,0,0,0,0,0,0
2024/05/24 星期五 00:04:29.242,1716480269242,NH-DC-NM129-D04-ROCE-Leaf-6.GPU.S9825,FourHundredGigE1/0/34,501745,2024064315,300409,1195979725,4.96,2.92
2024/05/24 星期五 00:04:29.862,1716480269862,NH-DC-NM129-D04-ROCE-Leaf-6.GPU.S9825,FourHundredGigE1/0/34,196942,707355512,138531,487731430,1.41,0.97
2024/05/24 星期五 00:04:30.724,1716480270724,NH-DC-NM129-D04-ROCE-Leaf-6.GPU.S9825,FourHundredGigE1/0/34,80944,283004001,106726,412392264,0.41,0.59
2024/05/24 星期五 00:04:31.324,1716480271324,NH-DC-NM129-D04-ROCE-Leaf-6.GPU.S9825,FourHundredGigE1/0/34,0,0,0,0,0,0
2024/05/24 星期五 00:04:31.821,1716480271821,NH-DC-NM129-D04-ROCE-Leaf-6.GPU.S9825,FourHundredGigE1/0/34,447270,1767883396,310246,1213249424,4.43,3.04
2024/05/24 星期五 00:04:32.334,1716480272334,NH-DC-NM129-D04-ROCE-Leaf-6.GPU.S9825,FourHundredGigE1/0/34,0,0,0,0,0,0
2024/05/24 星期五 00:04:32.913,1716480272913,NH-DC-NM129-D04-ROCE-Leaf-6.GPU.S9825,FourHundredGigE1/0/34,345462,1367791090,151027,576911382,2.94,1.23
2024/05/24 星期五 00:04:33.413,1716480273413,NH-DC-NM129-D04-ROCE-Leaf-6.GPU.S9825,FourHundredGigE1/0/34,0,0,0,0,0,0
2024/05/24 星期五 00:04:34.322,1716480274322,NH-DC-NM129-D04-ROCE-Leaf-6.GPU.S9825,FourHundredGigE1/0/34,390256,1503932338,187560,728846728,2.06,0.99
2024/05/24 星期五 00:04:34.868,1716480274868,NH-DC-NM129-D04-ROCE-Leaf-6.GPU.S9825,FourHundredGigE1/0/34,0,0,0,0,0,0
2024/05/24 星期五 00:04:35.369,1716480275369,NH-DC-NM129-D04-ROCE-Leaf-6.GPU.S9825,FourHundredGigE1/0/34,102586,383446088,135065,485080415,0.95,1.20
2024/05/24 星期五 00:04:35.870,1716480275870,NH-DC-NM129-D04-ROCE-Leaf-6.GPU.S9825,FourHundredGigE1/0/34,140372,505830638,255122,998863800,1.25,2.47
2024/05/24 星期五 00:04:36.472,1716480276472,NH-DC-NM129-D04-ROCE-Leaf-6.GPU.S9825,FourHundredGigE1/0/34,0,0,0,0,0,0
2024/05/24 星期五 00:04:36.970,1716480276970,NH-DC-NM129-D04-ROCE-Leaf-6.GPU.S9825,FourHundredGigE1/0/34,147323,548667396,109680,399075984,1.36,0.98
2024/05/24 星期五 00:04:37.811,1716480277811,NH-DC-NM129-D04-ROCE-Leaf-6.GPU.S9825,FourHundredGigE1/0/34,182054,725503242,79661,272383462,1.07,0.40
2024/05/24 星期五 00:04:38.338,1716480278338,NH-DC-NM129-D04-ROCE-Leaf-6.GPU.S9825,FourHundredGigE1/0/34,0,0,0,0,0,0
2024/05/24 星期五 00:04:38.838,1716480278838,NH-DC-NM129-D04-ROCE-Leaf-6.GPU.S9825,FourHundredGigE1/0/34,113493,431973446,150366,572708028,1.08,1.42
2024/05/24 星期五 00:04:39.347,1716480279347,NH-DC-NM129-D04-ROCE-Leaf-6.GPU.S9825,FourHundredGigE1/0/34,0,0,0,0,0,0
2024/05/24 星期五 00:04:39.988,1716480279988,NH-DC-NM129-D04-ROCE-Leaf-6.GPU.S9825,FourHundredGigE1/0/34,240286,964230880,382225,1507831134,1.87,2.93
2024/05/24 星期五 00:04:40.489,1716480280489,NH-DC-NM129-D04-ROCE-Leaf-6.GPU.S9825,FourHundredGigE1/0/34,130130,495193547,143884,520449380,1.22,1.30
2024/05/24 星期五 00:04:41.388,1716480281388,NH-DC-NM129-D04-ROCE-Leaf-6.GPU.S9825,FourHundredGigE1/0/34,0,0,0,0,0,0
2024/05/24 星期五 00:04:42.071,1716480282071,NH-DC-NM129-D04-ROCE-Leaf-6.GPU.S9825,FourHundredGigE1/0/34,213272,836727774,193071,703393975,1.52,1.28
2024/05/24 星期五 00:04:42.680,1716480282680,NH-DC-NM129-D04-ROCE-Leaf-6.GPU.S9825,FourHundredGigE1/0/34,141467,536729074,430517,1698829022,1.09,3.47
2024/05/24 星期五 00:04:43.373,1716480283373,NH-DC-NM129-D04-ROCE-Leaf-6.GPU.S9825,FourHundredGigE1/0/34,0,0,0,0,0,0
2024/05/24 星期五 00:04:43.874,1716480283874,NH-DC-NM129-D04-ROCE-Leaf-6.GPU.S9825,FourHundredGigE1/0/34,173175,666389100,1025739,4193437578,1.65,10.45
2024/05/24 星期五 00:04:44.728,1716480284728,NH-DC-NM129-D04-ROCE-Leaf-6.GPU.S9825,FourHundredGigE1/0/34,319401,1264430655,1143293,4654863070,1.84,6.81
2024/05/24 星期五 00:04:45.296,1716480285296,NH-DC-NM129-D04-ROCE-Leaf-6.GPU.S9825,FourHundredGigE1/0/34,0,0,0,0,0,0
2024/05/24 星期五 00:04:48.110,1716480288110,NH-DC-NM129-D04-ROCE-Leaf-6.GPU.S9825,FourHundredGigE1/0/34,785718,2899608208,753225,2956565015,1.28,1.31
2024/05/24 星期五 00:04:48.609,1716480288609,NH-DC-NM129-D04-ROCE-Leaf-6.GPU.S9825,FourHundredGigE1/0/34,0,0,0,0,0,0
2024/05/24 星期五 00:04:49.871,1716480289871,NH-DC-NM129-D04-ROCE-Leaf-6.GPU.S9825,FourHundredGigE1/0/34,506912,1985438765,252255,956697099,1.96,0.94
2024/05/24 星期五 00:04:50.398,1716480290398,NH-DC-NM129-D04-ROCE-Leaf-6.GPU.S9825,FourHundredGigE1/0/34,0,0,0,0,0,0
2024/05/24 星期五 00:04:51.023,1716480291023,NH-DC-NM129-D04-ROCE-Leaf-6.GPU.S9825,FourHundredGigE1/0/34,286412,1149726037,398340,1553181156,2.28,3.1
2024/05/24 星期五 00:04:51.712,1716480291712,NH-DC-NM129-D04-ROCE-Leaf-6.GPU.S9825,FourHundredGigE1/0/34,0,0,0,0,0,0
2024/05/24 星期五 00:04:52.214,1716480292214,NH-DC-NM129-D04-ROCE-Leaf-6.GPU.S9825,FourHundredGigE1/0/34,206701,813940185,167604,638913119,2.02,1.57
2024/05/24 星期五 00:04:52.720,1716480292720,NH-DC-NM129-D04-ROCE-Leaf-6.GPU.S9825,FourHundredGigE1/0/34,0,0,0,0,0,0
2024/05/24 星期五 00:04:53.221,1716480293221,NH-DC-NM129-D04-ROCE-Leaf-6.GPU.S9825,FourHundredGigE1/0/34,261457,776112445,112924,396479645,1.92,0.97
2024/05/24 星期五 00:04:54.024,1716480294024,NH-DC-NM129-D04-ROCE-Leaf-6.GPU.S9825,FourHundredGigE1/0/34,159584,620600167,211404,756848574,0.97,1.17
2024/05/24 星期五 00:04:54.786,1716480294786,NH-DC-NM129-D04-ROCE-Leaf-6.GPU.S9825,FourHundredGigE1/0/34,219679,888538611,545368,1939334852,1.44,3.17
2024/05/24 星期五 00:04:55.498,1716480295498,NH-DC-NM129-D04-ROCE-Leaf-6.GPU.S9825,FourHundredGigE1/0/34,0,0,0,0,0,0
2024/05/24 星期五 00:04:55.997,1716480295997,NH-DC-NM129-D04-ROCE-Leaf-6.GPU.S9825,FourHundredGigE1/0/34,135193,527262376,135757,522465407,1.30,1.30
2024/05/24 星期五 00:04:56.538,1716480296538,NH-DC-NM129-D04-ROCE-Leaf-6.GPU.S9825,FourHundredGigE1/0/34,0,0,0,0,0,0
2024/05/24 星期五 00:04:57.220,1716480297220,NH-DC-NM129-D04-ROCE-Leaf-6.GPU.S9825,FourHundredGigE1/0/34,121001,481768773,391978,1448067076,0.88,2.64
2024/05/24 星期五 00:04:57.717,1716480297717,NH-DC-NM129-D04-ROCE-Leaf-6.GPU.S9825,FourHundredGigE1/0/34,479161,1968166624,669661,2691681839,4.93,6.77
2024/05/24 星期五 00:04:58.516,1716480298516,NH-DC-NM129-D04-ROCE-Leaf-6.GPU.S9825,FourHundredGigE1/0/34,0,0,0,0,0,0
2024/05/24 星期五 00:04:59.036,1716480299036,NH-DC-NM129-D04-ROCE-Leaf-6.GPU.S9825,FourHundredGigE1/0/34,101079,384228978,136797,534065555,0.91,1.27
2024/05/24 星期五 00:04:59.537,1716480299537,NH-DC-NM129-D04-ROCE-Leaf-6.GPU.S9825,FourHundredGigE1/0/34,0,0,0,0,0,0
2024/05/24 星期五 00:05:00.037,1716480300037,NH-DC-NM129-D04-ROCE-Leaf-6.GPU.S9825,FourHundredGigE1/0/34,198959,777196526,143326,506416806,1.92,1.25
2024/05/24 星期五 00:05:00.701,1716480300701,NH-DC-NM129-D04-ROCE-Leaf-6.GPU.S9825,FourHundredGigE1/0/34,0,0,0,0,0,0
2024/05/24 星期五 00:05:01.201,1716480301201,NH-DC-NM129-D04-ROCE-Leaf-6.GPU.S9825,FourHundredGigE1/0/34,138031,454225462,287854,1114795505,1.12,2.78
2024/05/24 星期五 00:05:01.992,1716480301992,NH-DC-NM129-D04-ROCE-Leaf-6.GPU.S9825,FourHundredGigE1/0/34,67202,219927884,204301,734701358,0.33,1.15
2024/05/24 星期五 00:05:03.220,1716480303220,NH-DC-NM129-D04-ROCE-Leaf-6.GPU.S9825,FourHundredGigE1/0/34,266100,1000652398,341329,1250100178,1.02,1.27
2024/05/24 星期五 00:05:04.450,1716480304450,NH-DC-NM129-D04-ROCE-Leaf-6.GPU.S9825,FourHundredGigE1/0/34,0,0,0,0,0,0
2024/05/24 星期五 00:05:05.206,1716480305206,NH-DC-NM129-D04-ROCE-Leaf-6.GPU.S9825,FourHundredGigE1/0/34,334625,1188551417,500071,1926963462,1.95,3.17
2024/05/24 星期五 00:05:05.785,1716480305785,NH-DC-NM129-D04-ROCE-Leaf-6.GPU.S9825,FourHundredGigE1/0/34,72047,226267976,45534,162565473,0.47,0.35
2024/05/24 星期五 00:05:06.287,1716480306287,NH-DC-NM129-D04-ROCE-Leaf-6.GPU.S9825,FourHundredGigE1/0/34,0,0,0,0,0,0
2024/05/24 星期五 00:05:06.788,1716480306788,NH-DC-NM129-D04-ROCE-Leaf-6.GPU.S9825,FourHundredGigE1/0/34,225545,867473977,176267,644789038,2.15,1.60
2024/05/24 星期五 00:05:07.307,1716480307307,NH-DC-NM129-D04-ROCE-Leaf-6.GPU.S9825,FourHundredGigE1/0/34,0,0,0,0,0,0
2024/05/24 星期五 00:05:07.906,1716480307906,NH-DC-NM129-D04-ROCE-Leaf-6.GPU.S9825,FourHundredGigE1/0/34,99416,387233108,223780,817645548,0.79,1.69
2024/05/24 星期五 00:05:08.693,1716480308693,NH-DC-NM129-D04-ROCE-Leaf-6.GPU.S9825,FourHundredGigE1/0/34,0,0,0,0,0,0
2024/05/24 星期五 00:05:09.275,1716480309275,NH-DC-NM129-D04-ROCE-Leaf-6.GPU.S9825,FourHundredGigE1/0/34,552136,2192170469,397600,1447497432,4.70,3.09
2024/05/24 星期五 00:05:09.778,1716480309778,NH-DC-NM129-D04-ROCE-Leaf-6.GPU.S9825,FourHundredGigE1/0/34,0,0,0,0,0,0
2024/05/24 星期五 00:05:10.335,1716480310335,NH-DC-NM129-D04-ROCE-Leaf-6.GPU.S9825,FourHundredGigE1/0/34,269491,1040461460,176472,544726151,2.33,1.21
2024/05/24 星期五 00:05:11.054,1716480311054,NH-DC-NM129-D04-ROCE-Leaf-6.GPU.S9825,FourHundredGigE1/0/34,177251,638044550,169456,529329954,1.10,0.90
2024/05/24 星期五 00:05:11.835,1716480311835,NH-DC-NM129-D04-ROCE-Leaf-6.GPU.S9825,FourHundredGigE1/0/34,333451,1344395718,278225,943469000,2.14,1.50
2024/05/24 星期五 00:05:12.435,1716480312435,NH-DC-NM129-D04-ROCE-Leaf-6.GPU.S9825,FourHundredGigE1/0/34,0,0,0,0,0,0
2024/05/24 星期五 00:05:13.017,1716480313017,NH-DC-NM129-D04-ROCE-Leaf-6.GPU.S9825,FourHundredGigE1/0/34,304554,1213685983,105454,356132332,2.60,0.75
2024/05/24 星期五 00:05:13.530,1716480313530,NH-DC-NM129-D04-ROCE-Leaf-6.GPU.S9825,FourHundredGigE1/0/34,0,0,0,0,0,0
2024/05/24 星期五 00:05:14.129,1716480314129,NH-DC-NM129-D04-ROCE-Leaf-6.GPU.S9825,FourHundredGigE1/0/34,89219,310217309,358753,1427725926,0.65,2.96
2024/05/24 星期五 00:05:14.935,1716480314935,NH-DC-NM129-D04-ROCE-Leaf-6.GPU.S9825,FourHundredGigE1/0/34,225412,874074348,331552,1291290020,1.35,2.00
2024/05/24 星期五 00:05:15.565,1716480315565,NH-DC-NM129-D04-ROCE-Leaf-6.GPU.S9825,FourHundredGigE1/0/34,0,0,0,0,0,0
2024/05/24 星期五 00:05:16.109,1716480316109,NH-DC-NM129-D04-ROCE-Leaf-6.GPU.S9825,FourHundredGigE1/0/34,334641,1307107214,322407,1270392022,2.99,2.92
2024/05/24 星期五 00:05:16.665,1716480316665,NH-DC-NM129-D04-ROCE-Leaf-6.GPU.S9825,FourHundredGigE1/0/34,0,0,0,0,0,0
2024/05/24 星期五 00:05:17.166,1716480317166,NH-DC-NM129-D04-ROCE-Leaf-6.GPU.S9825,FourHundredGigE1/0/34,241311,959179910,445455,1741314462,2.37,4.34
2024/05/24 星期五 00:05:17.709,1716480317709,NH-DC-NM129-D04-ROCE-Leaf-6.GPU.S9825,FourHundredGigE1/0/34,0,0,0,0,0,0
2024/05/24 星期五 00:05:18.228,1716480318228,NH-DC-NM129-D04-ROCE-Leaf-6.GPU.S9825,FourHundredGigE1/0/34,221397,872002587,120070,427535268,2.10,1.01
2024/05/24 星期五 00:05:18.961,1716480318961,NH-DC-NM129-D04-ROCE-Leaf-6.GPU.S9825,FourHundredGigE1/0/34,205299,776917582,840129,3416504776,1.31,5.82
2024/05/24 星期五 00:05:19.539,1716480319539,NH-DC-NM129-D04-ROCE-Leaf-6.GPU.S9825,FourHundredGigE1/0/34,0,0,0,0,0,0
2024/05/24 星期五 00:05:20.080,1716480320080,NH-DC-NM129-D04-ROCE-Leaf-6.GPU.S9825,FourHundredGigE1/0/34,100445,395519006,202533,804577948,0.90,1.85
2024/05/24 星期五 00:05:20.584,1716480320584,NH-DC-NM129-D04-ROCE-Leaf-6.GPU.S9825,FourHundredGigE1/0/34,0,0,0,0,0,0
2024/05/24 星期五 00:05:21.086,1716480321086,NH-DC-NM129-D04-ROCE-Leaf-6.GPU.S9825,FourHundredGigE1/0/34,249061,974131830,263639,979128694,2.42,2.42
2024/05/24 星期五 00:05:21.746,1716480321746,NH-DC-NM129-D04-ROCE-Leaf-6.GPU.S9825,FourHundredGigE1/0/34,207370,798157676,188869,733271282,1.50,1.38
2024/05/24 星期五 00:05:22.495,1716480322495,NH-DC-NM129-D04-ROCE-Leaf-6.GPU.S9825,FourHundredGigE1/0/34,0,0,0,0,0,0
2024/05/24 星期五 00:05:23.083,1716480323083,NH-DC-NM129-D04-ROCE-Leaf-6.GPU.S9825,FourHundredGigE1/0/34,275992,1083277296,450976,1764214872,2.30,3.74
2024/05/24 星期五 00:05:23.588,1716480323588,NH-DC-NM129-D04-ROCE-Leaf-6.GPU.S9825,FourHundredGigE1/0/34,0,0,0,0,0,0
2024/05/24 星期五 00:05:24.098,1716480324098,NH-DC-NM129-D04-ROCE-Leaf-6.GPU.S9825,FourHundredGigE1/0/34,74454,279418652,135659,491297986,0.66,1.20
2024/05/24 星期五 00:05:24.669,1716480324669,NH-DC-NM129-D04-ROCE-Leaf-6.GPU.S9825,FourHundredGigE1/0/34,0,0,0,0,0,0
2024/05/24 星期五 00:05:25.174,1716480325174,NH-DC-NM129-D04-ROCE-Leaf-6.GPU.S9825,FourHundredGigE1/0/34,89554,334002044,139080,496450028,0.82,1.21
2024/05/24 星期五 00:05:25.933,1716480325933,NH-DC-NM129-D04-ROCE-Leaf-6.GPU.S9825,FourHundredGigE1/0/34,54748,218273612,133278,505556224,0.35,0.82
2024/05/24 星期五 00:05:26.474,1716480326474,NH-DC-NM129-D04-ROCE-Leaf-6.GPU.S9825,FourHundredGigE1/0/34,0,0,0,0,0,0
2024/05/24 星期五 00:05:26.977,1716480326977,NH-DC-NM129-D04-ROCE-Leaf-6.GPU.S9825,FourHundredGigE1/0/34,282807,1144026198,413645,1667375622,2.83,4.13
2024/05/24 星期五 00:05:27.481,1716480327481,NH-DC-NM129-D04-ROCE-Leaf-6.GPU.S9825,FourHundredGigE1/0/34,0,0,0,0,0,0
2024/05/24 星期五 00:05:27.996,1716480327996,NH-DC-NM129-D04-ROCE-Leaf-6.GPU.S9825,FourHundredGigE1/0/34,95879,358424070,149907,597639594,0.85,1.43
2024/05/24 星期五 00:05:28.538,1716480328538,NH-DC-NM129-D04-ROCE-Leaf-6.GPU.S9825,FourHundredGigE1/0/34,0,0,0,0,0,0
2024/05/24 星期五 00:05:29.235,1716480329235,NH-DC-NM129-D04-ROCE-Leaf-6.GPU.S9825,FourHundredGigE1/0/34,98954,383183572,296322,1160485596,0.68,2.08
2024/05/24 星期五 00:05:29.795,1716480329795,NH-DC-NM129-D04-ROCE-Leaf-6.GPU.S9825,FourHundredGigE1/0/34,0,0,0,0,0,0
2024/05/24 星期五 00:05:30.313,1716480330313,NH-DC-NM129-D04-ROCE-Leaf-6.GPU.S9825,FourHundredGigE1/0/34,209426,798274680,331169,1340300754,1.91,3.23
2024/05/24 星期五 00:05:30.815,1716480330815,NH-DC-NM129-D04-ROCE-Leaf-6.GPU.S9825,FourHundredGigE1/0/34,293768,1102153876,377100,1510654672,2.74,3.76
2024/05/24 星期五 00:05:31.317,1716480331317,NH-DC-NM129-D04-ROCE-Leaf-6.GPU.S9825,FourHundredGigE1/0/34,0,0,0,0,0,0
2024/05/24 星期五 00:05:31.830,1716480331830,NH-DC-NM129-D04-ROCE-Leaf-6.GPU.S9825,FourHundredGigE1/0/34,195340,758965226,142365,501330074,1.83,1.22
2024/05/24 星期五 00:05:32.545,1716480332545,NH-DC-NM129-D04-ROCE-Leaf-6.GPU.S9825,FourHundredGigE1/0/34,0,0,0,0,0,0
2024/05/24 星期五 00:05:33.201,1716480333201,NH-DC-NM129-D04-ROCE-Leaf-6.GPU.S9825,FourHundredGigE1/0/34,69041,253575344,108489,404729574,0.48,0.76
2024/05/24 星期五 00:05:33.706,1716480333706,NH-DC-NM129-D04-ROCE-Leaf-6.GPU.S9825,FourHundredGigE1/0/34,0,0,0,0,0,0
2024/05/24 星期五 00:05:34.233,1716480334233,NH-DC-NM129-D04-ROCE-Leaf-6.GPU.S9825,FourHundredGigE1/0/34,158682,627652879,363329,1388280906,1.47,3.27
2024/05/24 星期五 00:05:34.803,1716480334803,NH-DC-NM129-D04-ROCE-Leaf-6.GPU.S9825,FourHundredGigE1/0/34,0,0,0,0,0,0
2024/05/24 星期五 00:05:35.307,1716480335307,NH-DC-NM129-D04-ROCE-Leaf-6.GPU.S9825,FourHundredGigE1/0/34,330407,1305810048,108072,387873740,3.22,0.94
2024/05/24 星期五 00:05:36.081,1716480336081,NH-DC-NM129-D04-ROCE-Leaf-6.GPU.S9825,FourHundredGigE1/0/34,157256,585992720,150869,511313726,0.94,0.82
2024/05/24 星期五 00:05:36.745,1716480336745,NH-DC-NM129-D04-ROCE-Leaf-6.GPU.S9825,FourHundredGigE1/0/34,0,0,0,0,0,0
2024/05/24 星期五 00:05:37.247,1716480337247,NH-DC-NM129-D04-ROCE-Leaf-6.GPU.S9825,FourHundredGigE1/0/34,191580,778372584,121493,445894582,1.92,1.10
2024/05/24 星期五 00:05:37.845,1716480337845,NH-DC-NM129-D04-ROCE-Leaf-6.GPU.S9825,FourHundredGigE1/0/34,344207,1354917004,163414,647965977,2.82,1.34
2024/05/24 星期五 00:05:38.355,1716480338355,NH-DC-NM129-D04-ROCE-Leaf-6.GPU.S9825,FourHundredGigE1/0/34,0,0,0,0,0,0
2024/05/24 星期五 00:05:38.857,1716480338857,NH-DC-NM129-D04-ROCE-Leaf-6.GPU.S9825,FourHundredGigE1/0/34,100939,399412699,183263,715649390,0.97,1.77
2024/05/24 星期五 00:05:39.559,1716480339559,NH-DC-NM129-D04-ROCE-Leaf-6.GPU.S9825,FourHundredGigE1/0/34,0,0,0,0,0,0
2024/05/24 星期五 00:05:40.163,1716480340163,NH-DC-NM129-D04-ROCE-Leaf-6.GPU.S9825,FourHundredGigE1/0/34,122564,492412950,137269,556739743,1.01,1.14
2024/05/24 星期五 00:05:40.672,1716480340672,NH-DC-NM129-D04-ROCE-Leaf-6.GPU.S9825,FourHundredGigE1/0/34,0,0,0,0,0,0
2024/05/24 星期五 00:05:41.173,1716480341173,NH-DC-NM129-D04-ROCE-Leaf-6.GPU.S9825,FourHundredGigE1/0/34,314663,1153736730,313283,1225201131,2.87,3.04
2024/05/24 星期五 00:05:41.989,1716480341989,NH-DC-NM129-D04-ROCE-Leaf-6.GPU.S9825,FourHundredGigE1/0/34,140687,508435930,200003,789116331,0.77,1.19
2024/05/24 星期五 00:05:42.755,1716480342755,NH-DC-NM129-D04-ROCE-Leaf-6.GPU.S9825,FourHundredGigE1/0/34,155012,593976507,188593,680865710,0.96,1.11
2024/05/24 星期五 00:05:43.495,1716480343495,NH-DC-NM129-D04-ROCE-Leaf-6.GPU.S9825,FourHundredGigE1/0/34,0,0,0,0,0,0
2024/05/24 星期五 00:05:44.015,1716480344015,NH-DC-NM129-D04-ROCE-Leaf-6.GPU.S9825,FourHundredGigE1/0/34,71693,260667740,138764,546202136,0.62,1.30
2024/05/24 星期五 00:05:44.597,1716480344597,NH-DC-NM129-D04-ROCE-Leaf-6.GPU.S9825,FourHundredGigE1/0/34,0,0,0,0,0,0
2024/05/24 星期五 00:05:45.145,1716480345145,NH-DC-NM129-D04-ROCE-Leaf-6.GPU.S9825,FourHundredGigE1/0/34,519694,2093011360,441109,1758428246,4.77,3.99
2024/05/24 星期五 00:05:45.753,1716480345753,NH-DC-NM129-D04-ROCE-Leaf-6.GPU.S9825,FourHundredGigE1/0/34,221804,715308176,193760,707010028,1.46,1.44
2024/05/24 星期五 00:05:46.420,1716480346420,NH-DC-NM129-D04-ROCE-Leaf-6.GPU.S9825,FourHundredGigE1/0/34,241345,954395366,67533,214612922,1.78,0.39
2024/05/24 星期五 00:05:47.311,1716480347311,NH-DC-NM129-D04-ROCE-Leaf-6.GPU.S9825,FourHundredGigE1/0/34,0,0,0,0,0,0
2024/05/24 星期五 00:05:47.822,1716480347822,NH-DC-NM129-D04-ROCE-Leaf-6.GPU.S9825,FourHundredGigE1/0/34,137757,538480170,268772,1083628240,1.30,2.64
2024/05/24 星期五 00:05:48.374,1716480348374,NH-DC-NM129-D04-ROCE-Leaf-6.GPU.S9825,FourHundredGigE1/0/34,0,0,0,0,0,0
2024/05/24 星期五 00:05:48.875,1716480348875,NH-DC-NM129-D04-ROCE-Leaf-6.GPU.S9825,FourHundredGigE1/0/34,231321,853606238,72074,238850540,2.12,0.57
2024/05/24 星期五 00:05:49.464,1716480349464,NH-DC-NM129-D04-ROCE-Leaf-6.GPU.S9825,FourHundredGigE1/0/34,0,0,0,0,0,0
2024/05/24 星期五 00:05:50.048,1716480350048,NH-DC-NM129-D04-ROCE-Leaf-6.GPU.S9825,FourHundredGigE1/0/34,481033,1818247409,168539,535333698,3.87,1.13
2024/05/24 星期五 00:05:50.636,1716480350636,NH-DC-NM129-D04-ROCE-Leaf-6.GPU.S9825,FourHundredGigE1/0/34,0,0,0,0,0,0
2024/05/24 星期五 00:05:51.137,1716480351137,NH-DC-NM129-D04-ROCE-Leaf-6.GPU.S9825,FourHundredGigE1/0/34,750494,2878080022,153358,595402748,7.16,1.47
2024/05/24 星期五 00:05:51.708,1716480351708,NH-DC-NM129-D04-ROCE-Leaf-6.GPU.S9825,FourHundredGigE1/0/34,416673,1660273238,124292,445179356,3.63,0.96
2024/05/24 星期五 00:05:52.298,1716480352298,NH-DC-NM129-D04-ROCE-Leaf-6.GPU.S9825,FourHundredGigE1/0/34,0,0,0,0,0,0
2024/05/24 星期五 00:05:52.814,1716480352814,NH-DC-NM129-D04-ROCE-Leaf-6.GPU.S9825,FourHundredGigE1/0/34,166953,614164492,95335,367998950,1.48,0.87
2024/05/24 星期五 00:05:53.366,1716480353366,NH-DC-NM129-D04-ROCE-Leaf-6.GPU.S9825,FourHundredGigE1/0/34,0,0,0,0,0,0
2024/05/24 星期五 00:05:54.162,1716480354162,NH-DC-NM129-D04-ROCE-Leaf-6.GPU.S9825,FourHundredGigE1/0/34,61866,203820886,96166,281364284,0.31,0.44
2024/05/24 星期五 00:05:54.831,1716480354831,NH-DC-NM129-D04-ROCE-Leaf-6.GPU.S9825,FourHundredGigE1/0/34,383052,1516708785,184116,704528234,2.82,1.31
2024/05/24 星期五 00:05:55.677,1716480355677,NH-DC-NM129-D04-ROCE-Leaf-6.GPU.S9825,FourHundredGigE1/0/34,61239,223723830,87717,292707452,0.33,0.43
2024/05/24 星期五 00:05:56.346,1716480356346,NH-DC-NM129-D04-ROCE-Leaf-6.GPU.S9825,FourHundredGigE1/0/34,0,0,0,0,0,0
2024/05/24 星期五 00:05:56.988,1716480356988,NH-DC-NM129-D04-ROCE-Leaf-6.GPU.S9825,FourHundredGigE1/0/34,189892,688825492,194307,706364918,1.32,1.36
2024/05/24 星期五 00:05:57.731,1716480357731,NH-DC-NM129-D04-ROCE-Leaf-6.GPU.S9825,FourHundredGigE1/0/34,0,0,0,0,0,0
2024/05/24 星期五 00:05:58.232,1716480358232,NH-DC-NM129-D04-ROCE-Leaf-6.GPU.S9825,FourHundredGigE1/0/34,218827,590500913,293459,872058410,1.47,2.17
2024/05/24 星期五 00:05:58.793,1716480358793,NH-DC-NM129-D04-ROCE-Leaf-6.GPU.S9825,FourHundredGigE1/0/34,333017,1111806932,474622,1689598064,2.47,3.74
2024/05/24 星期五 00:05:59.568,1716480359568,NH-DC-NM129-D04-ROCE-Leaf-6.GPU.S9825,FourHundredGigE1/0/34,0,0,0,0,0,0
2024/05/24 星期五 00:06:00.071,1716480360071,NH-DC-NM129-D04-ROCE-Leaf-6.GPU.S9825,FourHundredGigE1/0/34,214977,735179044,158225,598615406,1.81,1.47
2024/05/24 星期五 00:06:01.503,1716480361503,NH-DC-NM129-D04-ROCE-Leaf-6.GPU.S9825,FourHundredGigE1/0/34,187817,665263600,105956,370547464,0.58,0.32
2024/05/24 星期五 00:06:02.006,1716480362006,NH-DC-NM129-D04-ROCE-Leaf-6.GPU.S9825,FourHundredGigE1/0/34,588181,2235004056,907008,3609957968,5.54,8.95
2024/05/24 星期五 00:06:03.716,1716480363716,NH-DC-NM129-D04-ROCE-Leaf-6.GPU.S9825,FourHundredGigE1/0/34,148223,530180988,206260,791174952,0.39,0.58
2024/05/24 星期五 00:06:05.048,1716480365048,NH-DC-NM129-D04-ROCE-Leaf-6.GPU.S9825,FourHundredGigE1/0/34,165991,675620418,122689,445089402,0.63,0.41
2024/05/24 星期五 00:06:05.552,1716480365552,NH-DC-NM129-D04-ROCE-Leaf-6.GPU.S9825,FourHundredGigE1/0/34,0,0,0,0,0,0
2024/05/24 星期五 00:06:06.052,1716480366052,NH-DC-NM129-D04-ROCE-Leaf-6.GPU.S9825,FourHundredGigE1/0/34,230154,924362540,226510,857169178,2.3,2.12
2024/05/24 星期五 00:06:06.632,1716480366632,NH-DC-NM129-D04-ROCE-Leaf-6.GPU.S9825,FourHundredGigE1/0/34,0,0,0,0,0,0
2024/05/24 星期五 00:06:07.277,1716480367277,NH-DC-NM129-D04-ROCE-Leaf-6.GPU.S9825,FourHundredGigE1/0/34,387150,1550345492,273967,1042074336,3.00,2.02
2024/05/24 星期五 00:06:07.866,1716480367866,NH-DC-NM129-D04-ROCE-Leaf-6.GPU.S9825,FourHundredGigE1/0/34,144316,526497484,147898,518394014,1.10,1.08
2024/05/24 星期五 00:06:08.406,1716480368406,NH-DC-NM129-D04-ROCE-Leaf-6.GPU.S9825,FourHundredGigE1/0/34,0,0,0,0,0,0
2024/05/24 星期五 00:06:08.911,1716480368911,NH-DC-NM129-D04-ROCE-Leaf-6.GPU.S9825,FourHundredGigE1/0/34,310298,1180649268,172868,650526130,2.92,1.61
2024/05/24 星期五 00:06:09.517,1716480369517,NH-DC-NM129-D04-ROCE-Leaf-6.GPU.S9825,FourHundredGigE1/0/34,0,0,0,0,0,0
2024/05/24 星期五 00:06:10.018,1716480370018,NH-DC-NM129-D04-ROCE-Leaf-6.GPU.S9825,FourHundredGigE1/0/34,398228,1584858252,149301,577606850,3.94,1.42
2024/05/24 星期五 00:06:10.710,1716480370710,NH-DC-NM129-D04-ROCE-Leaf-6.GPU.S9825,FourHundredGigE1/0/34,209631,785871734,218604,848981024,1.41,1.52
2024/05/24 星期五 00:06:11.393,1716480371393,NH-DC-NM129-D04-ROCE-Leaf-6.GPU.S9825,FourHundredGigE1/0/34,0,0,0,0,0,0
2024/05/24 星期五 00:06:11.999,1716480371999,NH-DC-NM129-D04-ROCE-Leaf-6.GPU.S9825,FourHundredGigE1/0/34,274625,1035813078,211852,787972748,2.12,1.61
2024/05/24 星期五 00:06:12.501,1716480372501,NH-DC-NM129-D04-ROCE-Leaf-6.GPU.S9825,FourHundredGigE1/0/34,0,0,0,0,0,0
2024/05/24 星期五 00:06:13.099,1716480373099,NH-DC-NM129-D04-ROCE-Leaf-6.GPU.S9825,FourHundredGigE1/0/34,232013,879517091,328870,1281101644,1.82,2.68
2024/05/24 星期五 00:06:13.713,1716480373713,NH-DC-NM129-D04-ROCE-Leaf-6.GPU.S9825,FourHundredGigE1/0/34,544298,2238643368,198796,694426164,4.54,1.40
2024/05/24 星期五 00:06:14.392,1716480374392,NH-DC-NM129-D04-ROCE-Leaf-6.GPU.S9825,FourHundredGigE1/0/34,0,0,0,0,0,0
2024/05/24 星期五 00:06:15.074,1716480375074,NH-DC-NM129-D04-ROCE-Leaf-6.GPU.S9825,FourHundredGigE1/0/34,167011,505926504,139897,543703666,0.92,0.99
2024/05/24 星期五 00:06:15.582,1716480375582,NH-DC-NM129-D04-ROCE-Leaf-6.GPU.S9825,FourHundredGigE1/0/34,0,0,0,0,0,0
2024/05/24 星期五 00:06:16.085,1716480376085,NH-DC-NM129-D04-ROCE-Leaf-6.GPU.S9825,FourHundredGigE1/0/34,203669,764564033,266149,1023279050,1.89,2.53
2024/05/24 星期五 00:06:16.667,1716480376667,NH-DC-NM129-D04-ROCE-Leaf-6.GPU.S9825,FourHundredGigE1/0/34,188623,710773422,348286,1300604164,1.52,2.79
2024/05/24 星期五 00:06:17.363,1716480377363,NH-DC-NM129-D04-ROCE-Leaf-6.GPU.S9825,FourHundredGigE1/0/34,0,0,0,0,0,0
2024/05/24 星期五 00:06:17.867,1716480377867,NH-DC-NM129-D04-ROCE-Leaf-6.GPU.S9825,FourHundredGigE1/0/34,74450,234475365,132128,462972612,0.57,1.14
2024/05/24 星期五 00:06:18.430,1716480378430,NH-DC-NM129-D04-ROCE-Leaf-6.GPU.S9825,FourHundredGigE1/0/34,0,0,0,0,0,0
2024/05/24 星期五 00:06:18.965,1716480378965,NH-DC-NM129-D04-ROCE-Leaf-6.GPU.S9825,FourHundredGigE1/0/34,125156,483488192,155405,617477390,1.12,1.43
2024/05/24 星期五 00:06:19.492,1716480379492,NH-DC-NM129-D04-ROCE-Leaf-6.GPU.S9825,FourHundredGigE1/0/34,0,0,0,0,0,0
2024/05/24 星期五 00:06:19.997,1716480379997,NH-DC-NM129-D04-ROCE-Leaf-6.GPU.S9825,FourHundredGigE1/0/34,153100,587137252,433761,1722470092,1.44,4.26
2024/05/24 星期五 00:06:20.616,1716480380616,NH-DC-NM129-D04-ROCE-Leaf-6.GPU.S9825,FourHundredGigE1/0/34,163248,639979301,232865,893048250,1.27,1.80
2024/05/24 星期五 00:06:21.248,1716480381248,NH-DC-NM129-D04-ROCE-Leaf-6.GPU.S9825,FourHundredGigE1/0/34,0,0,0,0,0,0
2024/05/24 星期五 00:06:21.796,1716480381796,NH-DC-NM129-D04-ROCE-Leaf-6.GPU.S9825,FourHundredGigE1/0/34,170389,658679834,227580,857959832,1.48,1.94
2024/05/24 星期五 00:06:22.297,1716480382297,NH-DC-NM129-D04-ROCE-Leaf-6.GPU.S9825,FourHundredGigE1/0/34,0,0,0,0,0,0
2024/05/24 星期五 00:06:22.848,1716480382848,NH-DC-NM129-D04-ROCE-Leaf-6.GPU.S9825,FourHundredGigE1/0/34,63878,237752788,207663,796257118,0.52,1.79
2024/05/24 星期五 00:06:23.348,1716480383348,NH-DC-NM129-D04-ROCE-Leaf-6.GPU.S9825,FourHundredGigE1/0/34,0,0,0,0,0,0
2024/05/24 星期五 00:06:23.862,1716480383862,NH-DC-NM129-D04-ROCE-Leaf-6.GPU.S9825,FourHundredGigE1/0/34,197334,525028388,296631,1185332290,1.26,2.87
2024/05/24 星期五 00:06:24.524,1716480384524,NH-DC-NM129-D04-ROCE-Leaf-6.GPU.S9825,FourHundredGigE1/0/34,0,0,0,0,0,0
2024/05/24 星期五 00:06:25.086,1716480385086,NH-DC-NM129-D04-ROCE-Leaf-6.GPU.S9825,FourHundredGigE1/0/34,286153,1050494732,377361,1458587646,2.34,3.23
2024/05/24 星期五 00:06:25.642,1716480385642,NH-DC-NM129-D04-ROCE-Leaf-6.GPU.S9825,FourHundredGigE1/0/34,0,0,0,0,0,0
2024/05/24 星期五 00:06:26.166,1716480386166,NH-DC-NM129-D04-ROCE-Leaf-6.GPU.S9825,FourHundredGigE1/0/34,206842,673753242,148400,563685792,1.60,1.34
2024/05/24 星期五 00:06:26.738,1716480386738,NH-DC-NM129-D04-ROCE-Leaf-6.GPU.S9825,FourHundredGigE1/0/34,0,0,0,0,0,0
2024/05/24 星期五 00:06:27.242,1716480387242,NH-DC-NM129-D04-ROCE-Leaf-6.GPU.S9825,FourHundredGigE1/0/34,334735,1177521526,145142,570060608,2.90,1.41
2024/05/24 星期五 00:06:27.899,1716480387899,NH-DC-NM129-D04-ROCE-Leaf-6.GPU.S9825,FourHundredGigE1/0/34,516537,1997884010,239954,864199016,3.79,1.64
2024/05/24 星期五 00:06:28.546,1716480388546,NH-DC-NM129-D04-ROCE-Leaf-6.GPU.S9825,FourHundredGigE1/0/34,0,0,0,0,0,0
2024/05/24 星期五 00:06:29.239,1716480389239,NH-DC-NM129-D04-ROCE-Leaf-6.GPU.S9825,FourHundredGigE1/0/34,406602,1498423104,93463,352306070,2.69,0.63
2024/05/24 星期五 00:06:29.892,1716480389892,NH-DC-NM129-D04-ROCE-Leaf-6.GPU.S9825,FourHundredGigE1/0/34,118524,405396516,201269,778951398,0.77,1.47
2024/05/24 星期五 00:06:30.459,1716480390459,NH-DC-NM129-D04-ROCE-Leaf-6.GPU.S9825,FourHundredGigE1/0/34,0,0,0,0,0,0
2024/05/24 星期五 00:06:31.209,1716480391209,NH-DC-NM129-D04-ROCE-Leaf-6.GPU.S9825,FourHundredGigE1/0/34,240346,936474986,108853,391294430,1.55,0.65
2024/05/24 星期五 00:06:31.800,1716480391800,NH-DC-NM129-D04-ROCE-Leaf-6.GPU.S9825,FourHundredGigE1/0/34,396682,1590803630,365322,1449161760,3.36,3.05
2024/05/24 星期五 00:06:32.355,1716480392355,NH-DC-NM129-D04-ROCE-Leaf-6.GPU.S9825,FourHundredGigE1/0/34,0,0,0,0,0,0
2024/05/24 星期五 00:06:32.921,1716480392921,NH-DC-NM129-D04-ROCE-Leaf-6.GPU.S9825,FourHundredGigE1/0/34,180744,674288076,237956,906765428,1.48,1.99
2024/05/24 星期五 00:06:33.503,1716480393503,NH-DC-NM129-D04-ROCE-Leaf-6.GPU.S9825,FourHundredGigE1/0/34,0,0,0,0,0,0
2024/05/24 星期五 00:06:34.004,1716480394004,NH-DC-NM129-D04-ROCE-Leaf-6.GPU.S9825,FourHundredGigE1/0/34,200264,731088580,167728,632782552,1.82,1.57
2024/05/24 星期五 00:06:35.016,1716480395016,NH-DC-NM129-D04-ROCE-Leaf-6.GPU.S9825,FourHundredGigE1/0/34,372141,1487125578,397333,1590524418,1.83,1.96
2024/05/24 星期五 00:06:35.518,1716480395518,NH-DC-NM129-D04-ROCE-Leaf-6.GPU.S9825,FourHundredGigE1/0/34,0,0,0,0,0,0
2024/05/24 星期五 00:06:36.022,1716480396022,NH-DC-NM129-D04-ROCE-Leaf-6.GPU.S9825,FourHundredGigE1/0/34,119913,421346698,207530,719417248,1.04,1.76
2024/05/24 星期五 00:06:36.628,1716480396628,NH-DC-NM129-D04-ROCE-Leaf-6.GPU.S9825,FourHundredGigE1/0/34,0,0,0,0,0,0
2024/05/24 星期五 00:06:37.146,1716480397146,NH-DC-NM129-D04-ROCE-Leaf-6.GPU.S9825,FourHundredGigE1/0/34,91780,313978756,152377,531518122,0.75,1.28
2024/05/24 星期五 00:06:38.156,1716480398156,NH-DC-NM129-D04-ROCE-Leaf-6.GPU.S9825,FourHundredGigE1/0/34,130739,492038142,158299,610920262,0.61,0.75
2024/05/24 星期五 00:06:38.662,1716480398662,NH-DC-NM129-D04-ROCE-Leaf-6.GPU.S9825,FourHundredGigE1/0/34,0,0,0,0,0,0
2024/05/24 星期五 00:06:39.161,1716480399161,NH-DC-NM129-D04-ROCE-Leaf-6.GPU.S9825,FourHundredGigE1/0/34,334819,1296122762,340090,1363089312,3.23,3.41
2024/05/24 星期五 00:06:39.731,1716480399731,NH-DC-NM129-D04-ROCE-Leaf-6.GPU.S9825,FourHundredGigE1/0/34,0,0,0,0,0,0
2024/05/24 星期五 00:06:40.233,1716480400233,NH-DC-NM129-D04-ROCE-Leaf-6.GPU.S9825,FourHundredGigE1/0/34,151508,529624624,115955,416528278,1.29,1.02
2024/05/24 星期五 00:06:40.792,1716480400792,NH-DC-NM129-D04-ROCE-Leaf-6.GPU.S9825,FourHundredGigE1/0/34,78114,231289172,91173,322279934,0.51,0.72
2024/05/24 星期五 00:06:41.565,1716480401565,NH-DC-NM129-D04-ROCE-Leaf-6.GPU.S9825,FourHundredGigE1/0/34,0,0,0,0,0,0
2024/05/24 星期五 00:06:42.243,1716480402243,NH-DC-NM129-D04-ROCE-Leaf-6.GPU.S9825,FourHundredGigE1/0/34,274118,1073950680,266032,1045898024,1.97,1.92
2024/05/24 星期五 00:06:42.945,1716480402945,NH-DC-NM129-D04-ROCE-Leaf-6.GPU.S9825,FourHundredGigE1/0/34,152228,499570457,157932,576211328,0.87,1.01
2024/05/24 星期五 00:06:43.482,1716480403482,NH-DC-NM129-D04-ROCE-Leaf-6.GPU.S9825,FourHundredGigE1/0/34,0,0,0,0,0,0
2024/05/24 星期五 00:06:43.985,1716480403985,NH-DC-NM129-D04-ROCE-Leaf-6.GPU.S9825,FourHundredGigE1/0/34,148754,553451733,233577,919515542,1.37,2.26
2024/05/24 星期五 00:06:44.763,1716480404763,NH-DC-NM129-D04-ROCE-Leaf-6.GPU.S9825,FourHundredGigE1/0/34,97077,335480942,218348,817208320,0.53,1.30
2024/05/24 星期五 00:06:45.277,1716480405277,NH-DC-NM129-D04-ROCE-Leaf-6.GPU.S9825,FourHundredGigE1/0/34,0,0,0,0,0,0
2024/05/24 星期五 00:06:45.781,1716480405781,NH-DC-NM129-D04-ROCE-Leaf-6.GPU.S9825,FourHundredGigE1/0/34,214016,746472292,257884,992930704,1.84,2.46
2024/05/24 星期五 00:06:46.432,1716480406432,NH-DC-NM129-D04-ROCE-Leaf-6.GPU.S9825,FourHundredGigE1/0/34,0,0,0,0,0,0
2024/05/24 星期五 00:06:47.229,1716480407229,NH-DC-NM129-D04-ROCE-Leaf-6.GPU.S9825,FourHundredGigE1/0/34,470612,1815460452,101737,355561650,2.84,0.55
2024/05/24 星期五 00:06:47.925,1716480407925,NH-DC-NM129-D04-ROCE-Leaf-6.GPU.S9825,FourHundredGigE1/0/34,208500,839325816,256008,989073716,1.49,1.76
2024/05/24 星期五 00:06:48.482,1716480408482,NH-DC-NM129-D04-ROCE-Leaf-6.GPU.S9825,FourHundredGigE1/0/34,0,0,0,0,0,0
2024/05/24 星期五 00:06:48.981,1716480408981,NH-DC-NM129-D04-ROCE-Leaf-6.GPU.S9825,FourHundredGigE1/0/34,200946,725164792,349986,1401596248,1.80,3.51
2024/05/24 星期五 00:06:49.627,1716480409627,NH-DC-NM129-D04-ROCE-Leaf-6.GPU.S9825,FourHundredGigE1/0/34,0,0,0,0,0,0
2024/05/24 星期五 00:06:50.137,1716480410137,NH-DC-NM129-D04-ROCE-Leaf-6.GPU.S9825,FourHundredGigE1/0/34,245445,936390991,170342,620464672,2.28,1.52
2024/05/24 星期五 00:06:51.215,1716480411215,NH-DC-NM129-D04-ROCE-Leaf-6.GPU.S9825,FourHundredGigE1/0/34,151446,550061444,139858,494139462,0.64,0.57
2024/05/24 星期五 00:06:51.786,1716480411786,NH-DC-NM129-D04-ROCE-Leaf-6.GPU.S9825,FourHundredGigE1/0/34,0,0,0,0,0,0
2024/05/24 星期五 00:06:52.289,1716480412289,NH-DC-NM129-D04-ROCE-Leaf-6.GPU.S9825,FourHundredGigE1/0/34,114785,409518510,207851,798524200,0.99,1.96
2024/05/24 星期五 00:06:52.917,1716480412917,NH-DC-NM129-D04-ROCE-Leaf-6.GPU.S9825,FourHundredGigE1/0/34,82072,263070156,288006,1105639608,0.52,2.19
2024/05/24 星期五 00:06:53.585,1716480413585,NH-DC-NM129-D04-ROCE-Leaf-6.GPU.S9825,FourHundredGigE1/0/34,0,0,0,0,0,0
2024/05/24 星期五 00:06:54.088,1716480414088,NH-DC-NM129-D04-ROCE-Leaf-6.GPU.S9825,FourHundredGigE1/0/34,356255,1261755214,195858,767056884,3.13,1.89
2024/05/24 星期五 00:06:54.831,1716480414831,NH-DC-NM129-D04-ROCE-Leaf-6.GPU.S9825,FourHundredGigE1/0/34,287431,865705782,139840,542094580,1.45,0.91
2024/05/24 星期五 00:06:55.609,1716480415609,NH-DC-NM129-D04-ROCE-Leaf-6.GPU.S9825,FourHundredGigE1/0/34,0,0,0,0,0,0
2024/05/24 星期五 00:06:56.124,1716480416124,NH-DC-NM129-D04-ROCE-Leaf-6.GPU.S9825,FourHundredGigE1/0/34,174300,514215860,94313,363597534,1.24,0.87
2024/05/24 星期五 00:06:56.665,1716480416665,NH-DC-NM129-D04-ROCE-Leaf-6.GPU.S9825,FourHundredGigE1/0/34,0,0,0,0,0,0
2024/05/24 星期五 00:06:58.265,1716480418265,NH-DC-NM129-D04-ROCE-Leaf-6.GPU.S9825,FourHundredGigE1/0/34,582205,2320186078,484940,1880213568,1.81,1.47
2024/05/24 星期五 00:06:58.869,1716480418869,NH-DC-NM129-D04-ROCE-Leaf-6.GPU.S9825,FourHundredGigE1/0/34,199950,811069245,284229,1068340290,1.68,2.19
2024/05/24 星期五 00:06:59.507,1716480419507,NH-DC-NM129-D04-ROCE-Leaf-6.GPU.S9825,FourHundredGigE1/0/34,0,0,0,0,0,0
2024/05/24 星期五 00:07:00.012,1716480420012,NH-DC-NM129-D04-ROCE-Leaf-6.GPU.S9825,FourHundredGigE1/0/34,406568,1531143117,422337,1717088826,3.79,4.23
2024/05/24 星期五 00:07:00.588,1716480420588,NH-DC-NM129-D04-ROCE-Leaf-6.GPU.S9825,FourHundredGigE1/0/34,253795,908092964,182209,696974102,1.95,1.50
2024/05/24 星期五 00:07:01.350,1716480421350,NH-DC-NM129-D04-ROCE-Leaf-6.GPU.S9825,FourHundredGigE1/0/34,0,0,0,0,0,0
2024/05/24 星期五 00:07:01.860,1716480421860,NH-DC-NM129-D04-ROCE-Leaf-6.GPU.S9825,FourHundredGigE1/0/34,282398,1140719350,274834,1111050346,2.79,2.72
2024/05/24 星期五 00:07:02.908,1716480422908,NH-DC-NM129-D04-ROCE-Leaf-6.GPU.S9825,FourHundredGigE1/0/34,458804,1796823030,714256,2878321958,2.14,3.42
2024/05/24 星期五 00:07:04.621,1716480424621,NH-DC-NM129-D04-ROCE-Leaf-6.GPU.S9825,FourHundredGigE1/0/34,0,0,0,0,0,0
2024/05/24 星期五 00:07:05.202,1716480425202,NH-DC-NM129-D04-ROCE-Leaf-6.GPU.S9825,FourHundredGigE1/0/34,305030,1223178830,342363,1299626414,2.62,2.78
2024/05/24 星期五 00:07:05.798,1716480425798,NH-DC-NM129-D04-ROCE-Leaf-6.GPU.S9825,FourHundredGigE1/0/34,85671,297593801,59923,188508154,0.61,0.38
2024/05/24 星期五 00:07:06.298,1716480426298,NH-DC-NM129-D04-ROCE-Leaf-6.GPU.S9825,FourHundredGigE1/0/34,0,0,0,0,0,0
2024/05/24 星期五 00:07:06.859,1716480426859,NH-DC-NM129-D04-ROCE-Leaf-6.GPU.S9825,FourHundredGigE1/0/34,123990,467671198,79271,270552290,1.02,0.60
2024/05/24 星期五 00:07:07.398,1716480427398,NH-DC-NM129-D04-ROCE-Leaf-6.GPU.S9825,FourHundredGigE1/0/34,0,0,0,0,0,0
2024/05/24 星期五 00:07:07.948,1716480427948,NH-DC-NM129-D04-ROCE-Leaf-6.GPU.S9825,FourHundredGigE1/0/34,298427,1157358970,435513,1753979890,2.61,3.98
2024/05/24 星期五 00:07:08.536,1716480428536,NH-DC-NM129-D04-ROCE-Leaf-6.GPU.S9825,FourHundredGigE1/0/34,0,0,0,0,0,0
2024/05/24 星期五 00:07:09.148,1716480429148,NH-DC-NM129-D04-ROCE-Leaf-6.GPU.S9825,FourHundredGigE1/0/34,209602,791232480,128697,468571210,1.61,0.94
2024/05/24 星期五 00:07:09.670,1716480429670,NH-DC-NM129-D04-ROCE-Leaf-6.GPU.S9825,FourHundredGigE1/0/34,0,0,0,0,0,0
2024/05/24 星期五 00:07:10.173,1716480430173,NH-DC-NM129-D04-ROCE-Leaf-6.GPU.S9825,FourHundredGigE1/0/34,160462,505495470,77746,185573068,1.24,0.45
2024/05/24 星期五 00:07:10.781,1716480430781,NH-DC-NM129-D04-ROCE-Leaf-6.GPU.S9825,FourHundredGigE1/0/34,125429,373413682,171032,567453820,0.76,1.15
2024/05/24 星期五 00:07:11.550,1716480431550,NH-DC-NM129-D04-ROCE-Leaf-6.GPU.S9825,FourHundredGigE1/0/34,0,0,0,0,0,0
2024/05/24 星期五 00:07:12.055,1716480432055,NH-DC-NM129-D04-ROCE-Leaf-6.GPU.S9825,FourHundredGigE1/0/34,240326,907050489,143994,527704496,2.23,1.29
2024/05/24 星期五 00:07:12.634,1716480432634,NH-DC-NM129-D04-ROCE-Leaf-6.GPU.S9825,FourHundredGigE1/0/34,0,0,0,0,0,0
2024/05/24 星期五 00:07:13.285,1716480433285,NH-DC-NM129-D04-ROCE-Leaf-6.GPU.S9825,FourHundredGigE1/0/34,236168,891010319,130299,464095334,1.71,0.88
2024/05/24 星期五 00:07:13.790,1716480433790,NH-DC-NM129-D04-ROCE-Leaf-6.GPU.S9825,FourHundredGigE1/0/34,110396,348030028,159494,551539534,0.84,1.36
2024/05/24 星期五 00:07:14.416,1716480434416,NH-DC-NM129-D04-ROCE-Leaf-6.GPU.S9825,FourHundredGigE1/0/34,0,0,0,0,0,0
2024/05/24 星期五 00:07:15.163,1716480435163,NH-DC-NM129-D04-ROCE-Leaf-6.GPU.S9825,FourHundredGigE1/0/34,166844,605353520,289449,1138584420,1.00,1.89
2024/05/24 星期五 00:07:15.671,1716480435671,NH-DC-NM129-D04-ROCE-Leaf-6.GPU.S9825,FourHundredGigE1/0/34,0,0,0,0,0,0
2024/05/24 星期五 00:07:16.170,1716480436170,NH-DC-NM129-D04-ROCE-Leaf-6.GPU.S9825,FourHundredGigE1/0/34,144656,551743976,132543,512419830,1.38,1.28
2024/05/24 星期五 00:07:16.795,1716480436795,NH-DC-NM129-D04-ROCE-Leaf-6.GPU.S9825,FourHundredGigE1/0/34,313842,1201751856,155280,559038720,2.4,1.1
2024/05/24 星期五 00:07:17.298,1716480437298,NH-DC-NM129-D04-ROCE-Leaf-6.GPU.S9825,FourHundredGigE1/0/34,0,0,0,0,0,0
2024/05/24 星期五 00:07:17.823,1716480437823,NH-DC-NM129-D04-ROCE-Leaf-6.GPU.S9825,FourHundredGigE1/0/34,376823,1493599464,298921,1129451830,3.55,2.67
2024/05/24 星期五 00:07:18.459,1716480438459,NH-DC-NM129-D04-ROCE-Leaf-6.GPU.S9825,FourHundredGigE1/0/34,0,0,0,0,0,0
2024/05/24 星期五 00:07:18.987,1716480438987,NH-DC-NM129-D04-ROCE-Leaf-6.GPU.S9825,FourHundredGigE1/0/34,210022,770057234,387395,1592352390,1.82,3.76
2024/05/24 星期五 00:07:19.843,1716480439843,NH-DC-NM129-D04-ROCE-Leaf-6.GPU.S9825,FourHundredGigE1/0/34,378296,1504501137,132974,509642028,2.19,0.73
2024/05/24 星期五 00:07:20.342,1716480440342,NH-DC-NM129-D04-ROCE-Leaf-6.GPU.S9825,FourHundredGigE1/0/34,0,0,0,0,0,0
2024/05/24 星期五 00:07:20.954,1716480440954,NH-DC-NM129-D04-ROCE-Leaf-6.GPU.S9825,FourHundredGigE1/0/34,122263,465848078,144394,545235808,0.94,1.10
2024/05/24 星期五 00:07:21.834,1716480441834,NH-DC-NM129-D04-ROCE-Leaf-6.GPU.S9825,FourHundredGigE1/0/34,340048,1381503804,469396,1921628126,1.96,2.73
2024/05/24 星期五 00:07:22.350,1716480442350,NH-DC-NM129-D04-ROCE-Leaf-6.GPU.S9825,FourHundredGigE1/0/34,0,0,0,0,0,0
2024/05/24 星期五 00:07:22.965,1716480442965,NH-DC-NM129-D04-ROCE-Leaf-6.GPU.S9825,FourHundredGigE1/0/34,368222,1511279732,197989,791241252,3.07,1.61
2024/05/24 星期五 00:07:23.560,1716480443560,NH-DC-NM129-D04-ROCE-Leaf-6.GPU.S9825,FourHundredGigE1/0/34,0,0,0,0,0,0
2024/05/24 星期五 00:07:24.064,1716480444064,NH-DC-NM129-D04-ROCE-Leaf-6.GPU.S9825,FourHundredGigE1/0/34,220197,864704038,158702,622477500,2.13,1.54
2024/05/24 星期五 00:07:24.677,1716480444677,NH-DC-NM129-D04-ROCE-Leaf-6.GPU.S9825,FourHundredGigE1/0/34,0,0,0,0,0,0
2024/05/24 星期五 00:07:25.271,1716480445271,NH-DC-NM129-D04-ROCE-Leaf-6.GPU.S9825,FourHundredGigE1/0/34,273971,1034990878,197017,758666014,2.17,1.58
2024/05/24 星期五 00:07:25.872,1716480445872,NH-DC-NM129-D04-ROCE-Leaf-6.GPU.S9825,FourHundredGigE1/0/34,515746,2096696132,182481,682621646,4.35,1.41
2024/05/24 星期五 00:07:26.373,1716480446373,NH-DC-NM129-D04-ROCE-Leaf-6.GPU.S9825,FourHundredGigE1/0/34,0,0,0,0,0,0
2024/05/24 星期五 00:07:26.929,1716480446929,NH-DC-NM129-D04-ROCE-Leaf-6.GPU.S9825,FourHundredGigE1/0/34,225591,893698410,203505,777714694,2.00,1.73
2024/05/24 星期五 00:07:27.493,1716480447493,NH-DC-NM129-D04-ROCE-Leaf-6.GPU.S9825,FourHundredGigE1/0/34,0,0,0,0,0,0
2024/05/24 星期五 00:07:27.998,1716480447998,NH-DC-NM129-D04-ROCE-Leaf-6.GPU.S9825,FourHundredGigE1/0/34,139207,529802348,464285,1866482690,1.29,4.60
2024/05/24 星期五 00:07:28.671,1716480448671,NH-DC-NM129-D04-ROCE-Leaf-6.GPU.S9825,FourHundredGigE1/0/34,0,0,0,0,0,0
2024/05/24 星期五 00:07:29.254,1716480449254,NH-DC-NM129-D04-ROCE-Leaf-6.GPU.S9825,FourHundredGigE1/0/34,243369,950263760,372239,1487564118,2.04,3.17
2024/05/24 星期五 00:07:29.772,1716480449772,NH-DC-NM129-D04-ROCE-Leaf-6.GPU.S9825,FourHundredGigE1/0/34,0,0,0,0,0,0
2024/05/24 星期五 00:07:30.284,1716480450284,NH-DC-NM129-D04-ROCE-Leaf-6.GPU.S9825,FourHundredGigE1/0/34,399663,1560188675,179223,667685310,3.81,1.61
2024/05/24 星期五 00:07:30.868,1716480450868,NH-DC-NM129-D04-ROCE-Leaf-6.GPU.S9825,FourHundredGigE1/0/34,159645,603478710,133424,534613146,1.28,1.13
2024/05/24 星期五 00:07:31.431,1716480451431,NH-DC-NM129-D04-ROCE-Leaf-6.GPU.S9825,FourHundredGigE1/0/34,0,0,0,0,0,0
2024/05/24 星期五 00:07:32.026,1716480452026,NH-DC-NM129-D04-ROCE-Leaf-6.GPU.S9825,FourHundredGigE1/0/34,160441,549012970,135507,525915976,1.13,1.09
2024/05/24 星期五 00:07:32.617,1716480452617,NH-DC-NM129-D04-ROCE-Leaf-6.GPU.S9825,FourHundredGigE1/0/34,0,0,0,0,0,0
2024/05/24 星期五 00:07:33.117,1716480453117,NH-DC-NM129-D04-ROCE-Leaf-6.GPU.S9825,FourHundredGigE1/0/34,353238,1291451232,312974,1280672832,3.22,3.2
2024/05/24 星期五 00:07:33.643,1716480453643,NH-DC-NM129-D04-ROCE-Leaf-6.GPU.S9825,FourHundredGigE1/0/34,0,0,0,0,0,0
2024/05/24 星期五 00:07:34.167,1716480454167,NH-DC-NM129-D04-ROCE-Leaf-6.GPU.S9825,FourHundredGigE1/0/34,164416,632873826,136374,532444680,1.50,1.26
2024/05/24 星期五 00:07:34.689,1716480454689,NH-DC-NM129-D04-ROCE-Leaf-6.GPU.S9825,FourHundredGigE1/0/34,0,0,0,0,0,0
2024/05/24 星期五 00:07:35.353,1716480455353,NH-DC-NM129-D04-ROCE-Leaf-6.GPU.S9825,FourHundredGigE1/0/34,144143,460274832,97577,375544990,0.87,0.70
2024/05/24 星期五 00:07:35.911,1716480455911,NH-DC-NM129-D04-ROCE-Leaf-6.GPU.S9825,FourHundredGigE1/0/34,57637,208559698,73083,256380530,0.45,0.56
2024/05/24 星期五 00:07:36.413,1716480456413,NH-DC-NM129-D04-ROCE-Leaf-6.GPU.S9825,FourHundredGigE1/0/34,0,0,0,0,0,0
2024/05/24 星期五 00:07:37.375,1716480457375,NH-DC-NM129-D04-ROCE-Leaf-6.GPU.S9825,FourHundredGigE1/0/34,503431,2047392368,232753,920273310,2.65,1.20
2024/05/24 星期五 00:07:37.877,1716480457877,NH-DC-NM129-D04-ROCE-Leaf-6.GPU.S9825,FourHundredGigE1/0/34,134478,511956382,121133,448528698,1.27,1.10
2024/05/24 星期五 00:07:38.382,1716480458382,NH-DC-NM129-D04-ROCE-Leaf-6.GPU.S9825,FourHundredGigE1/0/34,0,0,0,0,0,0
2024/05/24 星期五 00:07:39.135,1716480459135,NH-DC-NM129-D04-ROCE-Leaf-6.GPU.S9825,FourHundredGigE1/0/34,144603,544454574,92671,331639438,0.90,0.55
2024/05/24 星期五 00:07:39.659,1716480459659,NH-DC-NM129-D04-ROCE-Leaf-6.GPU.S9825,FourHundredGigE1/0/34,0,0,0,0,0,0
2024/05/24 星期五 00:07:40.161,1716480460161,NH-DC-NM129-D04-ROCE-Leaf-6.GPU.S9825,FourHundredGigE1/0/34,567073,2312292774,394951,1556634382,5.75,3.86
2024/05/24 星期五 00:07:40.884,1716480460884,NH-DC-NM129-D04-ROCE-Leaf-6.GPU.S9825,FourHundredGigE1/0/34,102568,370064714,223991,875127222,0.64,1.50
2024/05/24 星期五 00:07:41.482,1716480461482,NH-DC-NM129-D04-ROCE-Leaf-6.GPU.S9825,FourHundredGigE1/0/34,306810,1241497160,116568,419350692,2.59,0.86
2024/05/24 星期五 00:07:42.465,1716480462465,NH-DC-NM129-D04-ROCE-Leaf-6.GPU.S9825,FourHundredGigE1/0/34,0,0,0,0,0,0
2024/05/24 星期五 00:07:43.026,1716480463026,NH-DC-NM129-D04-ROCE-Leaf-6.GPU.S9825,FourHundredGigE1/0/34,461297,1847409209,192176,725400013,4.10,1.60
2024/05/24 星期五 00:07:43.526,1716480463526,NH-DC-NM129-D04-ROCE-Leaf-6.GPU.S9825,FourHundredGigE1/0/34,0,0,0,0,0,0
2024/05/24 星期五 00:07:44.318,1716480464318,NH-DC-NM129-D04-ROCE-Leaf-6.GPU.S9825,FourHundredGigE1/0/34,599850,2315320704,448095,1774351058,3.65,2.79
2024/05/24 星期五 00:07:44.906,1716480464906,NH-DC-NM129-D04-ROCE-Leaf-6.GPU.S9825,FourHundredGigE1/0/34,399604,1525409596,185756,715900564,3.23,1.51
2024/05/24 星期五 00:07:45.476,1716480465476,NH-DC-NM129-D04-ROCE-Leaf-6.GPU.S9825,FourHundredGigE1/0/34,0,0,0,0,0,0
2024/05/24 星期五 00:07:46.096,1716480466096,NH-DC-NM129-D04-ROCE-Leaf-6.GPU.S9825,FourHundredGigE1/0/34,319516,1237989984,48971,132702690,2.48,0.26
2024/05/24 星期五 00:07:46.867,1716480466867,NH-DC-NM129-D04-ROCE-Leaf-6.GPU.S9825,FourHundredGigE1/0/34,370801,1495825430,250803,1007852742,2.42,1.62
2024/05/24 星期五 00:07:47.376,1716480467376,NH-DC-NM129-D04-ROCE-Leaf-6.GPU.S9825,FourHundredGigE1/0/34,0,0,0,0,0,0
2024/05/24 星期五 00:07:47.988,1716480467988,NH-DC-NM129-D04-ROCE-Leaf-6.GPU.S9825,FourHundredGigE1/0/34,120500,494133948,244450,947128880,1.00,1.92
2024/05/24 星期五 00:07:48.487,1716480468487,NH-DC-NM129-D04-ROCE-Leaf-6.GPU.S9825,FourHundredGigE1/0/34,0,0,0,0,0,0
2024/05/24 星期五 00:07:49.156,1716480469156,NH-DC-NM129-D04-ROCE-Leaf-6.GPU.S9825,FourHundredGigE1/0/34,180150,705703748,424551,1573353082,1.31,2.93
2024/05/24 星期五 00:07:49.796,1716480469796,NH-DC-NM129-D04-ROCE-Leaf-6.GPU.S9825,FourHundredGigE1/0/34,0,0,0,0,0,0
2024/05/24 星期五 00:07:50.297,1716480470297,NH-DC-NM129-D04-ROCE-Leaf-6.GPU.S9825,FourHundredGigE1/0/34,154012,584299508,135106,527585916,1.45,1.30
2024/05/24 星期五 00:07:51.395,1716480471395,NH-DC-NM129-D04-ROCE-Leaf-6.GPU.S9825,FourHundredGigE1/0/34,87625,331102378,259908,1038408396,0.38,1.17
2024/05/24 星期五 00:07:51.898,1716480471898,NH-DC-NM129-D04-ROCE-Leaf-6.GPU.S9825,FourHundredGigE1/0/34,130957,497291654,133195,499524630,1.22,1.22
2024/05/24 星期五 00:07:53.382,1716480473382,NH-DC-NM129-D04-ROCE-Leaf-6.GPU.S9825,FourHundredGigE1/0/34,119001,462603106,80455,313859606,0.39,0.26
2024/05/24 星期五 00:07:53.885,1716480473885,NH-DC-NM129-D04-ROCE-Leaf-6.GPU.S9825,FourHundredGigE1/0/34,155903,627008339,92079,359584374,1.54,0.87
2024/05/24 星期五 00:07:54.509,1716480474509,NH-DC-NM129-D04-ROCE-Leaf-6.GPU.S9825,FourHundredGigE1/0/34,0,0,0,0,0,0
2024/05/24 星期五 00:07:55.269,1716480475269,NH-DC-NM129-D04-ROCE-Leaf-6.GPU.S9825,FourHundredGigE1/0/34,154226,609708156,147922,581784580,0.99,0.95
2024/05/24 星期五 00:07:55.997,1716480475997,NH-DC-NM129-D04-ROCE-Leaf-6.GPU.S9825,FourHundredGigE1/0/34,57713,226651446,167874,507251176,0.38,0.86
2024/05/24 星期五 00:07:56.531,1716480476531,NH-DC-NM129-D04-ROCE-Leaf-6.GPU.S9825,FourHundredGigE1/0/34,0,0,0,0,0,0
2024/05/24 星期五 00:07:57.039,1716480477039,NH-DC-NM129-D04-ROCE-Leaf-6.GPU.S9825,FourHundredGigE1/0/34,447933,1704167254,198922,750314101,4.18,1.85
2024/05/24 星期五 00:07:57.551,1716480477551,NH-DC-NM129-D04-ROCE-Leaf-6.GPU.S9825,FourHundredGigE1/0/34,0,0,0,0,0,0
2024/05/24 星期五 00:07:58.071,1716480478071,NH-DC-NM129-D04-ROCE-Leaf-6.GPU.S9825,FourHundredGigE1/0/34,73627,179794830,231412,887489820,0.41,2.12
2024/05/24 星期五 00:07:58.783,1716480478783,NH-DC-NM129-D04-ROCE-Leaf-6.GPU.S9825,FourHundredGigE1/0/34,164207,596439754,166820,666853032,1.04,1.16
2024/05/24 星期五 00:07:59.453,1716480479453,NH-DC-NM129-D04-ROCE-Leaf-6.GPU.S9825,FourHundredGigE1/0/34,0,0,0,0,0,0
2024/05/24 星期五 00:08:00.020,1716480480020,NH-DC-NM129-D04-ROCE-Leaf-6.GPU.S9825,FourHundredGigE1/0/34,176584,703418328,131602,494305224,1.54,1.08
2024/05/24 星期五 00:08:00.534,1716480480534,NH-DC-NM129-D04-ROCE-Leaf-6.GPU.S9825,FourHundredGigE1/0/34,0,0,0,0,0,0
2024/05/24 星期五 00:08:01.034,1716480481034,NH-DC-NM129-D04-ROCE-Leaf-6.GPU.S9825,FourHundredGigE1/0/34,48420,165050120,50001,186652894,0.4,0.45
2024/05/24 星期五 00:08:01.600,1716480481600,NH-DC-NM129-D04-ROCE-Leaf-6.GPU.S9825,FourHundredGigE1/0/34,0,0,0,0,0,0
2024/05/24 星期五 00:08:02.192,1716480482192,NH-DC-NM129-D04-ROCE-Leaf-6.GPU.S9825,FourHundredGigE1/0/34,124125,449084710,84230,272223636,0.93,0.57
2024/05/24 星期五 00:08:04.238,1716480484238,NH-DC-NM129-D04-ROCE-Leaf-6.GPU.S9825,FourHundredGigE1/0/34,70934,238580340,59546,212185936,0.14,0.13
2024/05/24 星期五 00:08:04.812,1716480484812,NH-DC-NM129-D04-ROCE-Leaf-6.GPU.S9825,FourHundredGigE1/0/34,29941,95276986,69126,234269484,0.20,0.50
2024/05/24 星期五 00:08:05.532,1716480485532,NH-DC-NM129-D04-ROCE-Leaf-6.GPU.S9825,FourHundredGigE1/0/34,0,0,0,0,0,0
2024/05/24 星期五 00:08:06.030,1716480486030,NH-DC-NM129-D04-ROCE-Leaf-6.GPU.S9825,FourHundredGigE1/0/34,121725,402243558,185372,636339264,1.00,1.58
2024/05/24 星期五 00:08:06.926,1716480486926,NH-DC-NM129-D04-ROCE-Leaf-6.GPU.S9825,FourHundredGigE1/0/34,170704,598472928,121772,169126840,0.82,0.22
2024/05/24 星期五 00:08:07.477,1716480487477,NH-DC-NM129-D04-ROCE-Leaf-6.GPU.S9825,FourHundredGigE1/0/34,0,0,0,0,0,0
2024/05/24 星期五 00:08:07.989,1716480487989,NH-DC-NM129-D04-ROCE-Leaf-6.GPU.S9825,FourHundredGigE1/0/34,197475,602686438,166127,485734746,1.46,1.17
2024/05/24 星期五 00:08:08.598,1716480488598,NH-DC-NM129-D04-ROCE-Leaf-6.GPU.S9825,FourHundredGigE1/0/34,0,0,0,0,0,0
2024/05/24 星期五 00:08:09.220,1716480489220,NH-DC-NM129-D04-ROCE-Leaf-6.GPU.S9825,FourHundredGigE1/0/34,210629,529572446,160566,627759620,1.05,1.25
2024/05/24 星期五 00:08:09.728,1716480489728,NH-DC-NM129-D04-ROCE-Leaf-6.GPU.S9825,FourHundredGigE1/0/34,0,0,0,0,0,0
2024/05/24 星期五 00:08:10.360,1716480490360,NH-DC-NM129-D04-ROCE-Leaf-6.GPU.S9825,FourHundredGigE1/0/34,230272,664034928,129942,475397868,1.31,0.93
2024/05/24 星期五 00:08:11.067,1716480491067,NH-DC-NM129-D04-ROCE-Leaf-6.GPU.S9825,FourHundredGigE1/0/34,86701,215013474,158126,561114828,0.37,0.99
2024/05/24 星期五 00:08:11.586,1716480491586,NH-DC-NM129-D04-ROCE-Leaf-6.GPU.S9825,FourHundredGigE1/0/34,0,0,0,0,0,0
2024/05/24 星期五 00:08:12.211,1716480492211,NH-DC-NM129-D04-ROCE-Leaf-6.GPU.S9825,FourHundredGigE1/0/34,186706,624459420,71181,243825826,1.24,0.48
2024/05/24 星期五 00:08:12.817,1716480492817,NH-DC-NM129-D04-ROCE-Leaf-6.GPU.S9825,FourHundredGigE1/0/34,2305829,9432948997,33192,123885164,19.45,0.25
2024/05/24 星期五 00:08:13.317,1716480493317,NH-DC-NM129-D04-ROCE-Leaf-6.GPU.S9825,FourHundredGigE1/0/34,0,0,0,0,0,0
2024/05/24 星期五 00:08:14.133,1716480494133,NH-DC-NM129-D04-ROCE-Leaf-6.GPU.S9825,FourHundredGigE1/0/34,1894767,7718172784,157245,544387410,11.81,0.83
2024/05/24 星期五 00:08:14.736,1716480494736,NH-DC-NM129-D04-ROCE-Leaf-6.GPU.S9825,FourHundredGigE1/0/34,0,0,0,0,0,0
2024/05/24 星期五 00:08:15.250,1716480495250,NH-DC-NM129-D04-ROCE-Leaf-6.GPU.S9825,FourHundredGigE1/0/34,149995,558460940,161624,588207636,1.34,1.41
2024/05/24 星期五 00:08:15.946,1716480495946,NH-DC-NM129-D04-ROCE-Leaf-6.GPU.S9825,FourHundredGigE1/0/34,172154,645269682,68478,226222720,1.15,0.40
2024/05/24 星期五 00:08:16.746,1716480496746,NH-DC-NM129-D04-ROCE-Leaf-6.GPU.S9825,FourHundredGigE1/0/34,0,0,0,0,0,0
2024/05/24 星期五 00:08:17.259,1716480497259,NH-DC-NM129-D04-ROCE-Leaf-6.GPU.S9825,FourHundredGigE1/0/34,165003,611540782,204269,767400082,1.49,1.85
2024/05/24 星期五 00:08:18.009,1716480498009,NH-DC-NM129-D04-ROCE-Leaf-6.GPU.S9825,FourHundredGigE1/0/34,148691,569209594,126484,466551896,0.93,0.77
2024/05/24 星期五 00:08:18.510,1716480498510,NH-DC-NM129-D04-ROCE-Leaf-6.GPU.S9825,FourHundredGigE1/0/34,0,0,0,0,0,0
2024/05/24 星期五 00:08:19.010,1716480499010,NH-DC-NM129-D04-ROCE-Leaf-6.GPU.S9825,FourHundredGigE1/0/34,215651,825002994,72247,273714454,2.05,0.68
2024/05/24 星期五 00:08:19.758,1716480499758,NH-DC-NM129-D04-ROCE-Leaf-6.GPU.S9825,FourHundredGigE1/0/34,0,0,0,0,0,0
2024/05/24 星期五 00:08:20.258,1716480500258,NH-DC-NM129-D04-ROCE-Leaf-6.GPU.S9825,FourHundredGigE1/0/34,320468,1256512366,42399,127493618,3.12,0.3
2024/05/24 星期五 00:08:20.852,1716480500852,NH-DC-NM129-D04-ROCE-Leaf-6.GPU.S9825,FourHundredGigE1/0/34,460080,1713588286,381136,1451971264,3.60,3.05
2024/05/24 星期五 00:08:21.572,1716480501572,NH-DC-NM129-D04-ROCE-Leaf-6.GPU.S9825,FourHundredGigE1/0/34,0,0,0,0,0,0
2024/05/24 星期五 00:08:22.077,1716480502077,NH-DC-NM129-D04-ROCE-Leaf-6.GPU.S9825,FourHundredGigE1/0/34,202186,780825740,182077,691873540,1.93,1.71
2024/05/24 星期五 00:08:22.609,1716480502609,NH-DC-NM129-D04-ROCE-Leaf-6.GPU.S9825,FourHundredGigE1/0/34,0,0,0,0,0,0
2024/05/24 星期五 00:08:23.241,1716480503241,NH-DC-NM129-D04-ROCE-Leaf-6.GPU.S9825,FourHundredGigE1/0/34,68032,247370316,164294,649227494,0.47,1.27
2024/05/24 星期五 00:08:23.742,1716480503742,NH-DC-NM129-D04-ROCE-Leaf-6.GPU.S9825,FourHundredGigE1/0/34,0,0,0,0,0,0
2024/05/24 星期五 00:08:24.351,1716480504351,NH-DC-NM129-D04-ROCE-Leaf-6.GPU.S9825,FourHundredGigE1/0/34,328911,1311065046,109632,299153020,2.69,0.60
2024/05/24 星期五 00:08:25.041,1716480505041,NH-DC-NM129-D04-ROCE-Leaf-6.GPU.S9825,FourHundredGigE1/0/34,279188,1106930234,412709,1579458386,1.99,2.84
2024/05/24 星期五 00:08:25.543,1716480505543,NH-DC-NM129-D04-ROCE-Leaf-6.GPU.S9825,FourHundredGigE1/0/34,0,0,0,0,0,0
2024/05/24 星期五 00:08:26.046,1716480506046,NH-DC-NM129-D04-ROCE-Leaf-6.GPU.S9825,FourHundredGigE1/0/34,124749,480628840,271442,1091601248,1.19,2.71
2024/05/24 星期五 00:08:26.797,1716480506797,NH-DC-NM129-D04-ROCE-Leaf-6.GPU.S9825,FourHundredGigE1/0/34,81689,299715494,142696,566077236,0.48,0.93
2024/05/24 星期五 00:08:27.300,1716480507300,NH-DC-NM129-D04-ROCE-Leaf-6.GPU.S9825,FourHundredGigE1/0/34,0,0,0,0,0,0
2024/05/24 星期五 00:08:27.949,1716480507949,NH-DC-NM129-D04-ROCE-Leaf-6.GPU.S9825,FourHundredGigE1/0/34,350374,1392196448,16834,59481200,2.68,0.10
2024/05/24 星期五 00:08:28.583,1716480508583,NH-DC-NM129-D04-ROCE-Leaf-6.GPU.S9825,FourHundredGigE1/0/34,0,0,0,0,0,0
2024/05/24 星期五 00:08:29.085,1716480509085,NH-DC-NM129-D04-ROCE-Leaf-6.GPU.S9825,FourHundredGigE1/0/34,189989,737135774,85198,308733164,1.82,0.75
2024/05/24 星期五 00:08:29.652,1716480509652,NH-DC-NM129-D04-ROCE-Leaf-6.GPU.S9825,FourHundredGigE1/0/34,0,0,0,0,0,0
2024/05/24 星期五 00:08:30.304,1716480510304,NH-DC-NM129-D04-ROCE-Leaf-6.GPU.S9825,FourHundredGigE1/0/34,108650,358280215,293805,1104553226,0.67,2.11
2024/05/24 星期五 00:08:30.806,1716480510806,NH-DC-NM129-D04-ROCE-Leaf-6.GPU.S9825,FourHundredGigE1/0/34,95555,309254740,118949,438529034,0.75,1.07
2024/05/24 星期五 00:08:31.549,1716480511549,NH-DC-NM129-D04-ROCE-Leaf-6.GPU.S9825,FourHundredGigE1/0/34,0,0,0,0,0,0
2024/05/24 星期五 00:08:32.156,1716480512156,NH-DC-NM129-D04-ROCE-Leaf-6.GPU.S9825,FourHundredGigE1/0/34,594399,1957739343,721203,2830660150,4.02,5.83
2024/05/24 星期五 00:08:32.657,1716480512657,NH-DC-NM129-D04-ROCE-Leaf-6.GPU.S9825,FourHundredGigE1/0/34,0,0,0,0,0,0
2024/05/24 星期五 00:08:33.157,1716480513157,NH-DC-NM129-D04-ROCE-Leaf-6.GPU.S9825,FourHundredGigE1/0/34,220260,399717828,133132,499391744,0.98,1.22
2024/05/24 星期五 00:08:33.993,1716480513993,NH-DC-NM129-D04-ROCE-Leaf-6.GPU.S9825,FourHundredGigE1/0/34,134951,508560543,184724,696559372,0.75,1.03
2024/05/24 星期五 00:08:34.690,1716480514690,NH-DC-NM129-D04-ROCE-Leaf-6.GPU.S9825,FourHundredGigE1/0/34,0,0,0,0,0,0
2024/05/24 星期五 00:08:35.282,1716480515282,NH-DC-NM129-D04-ROCE-Leaf-6.GPU.S9825,FourHundredGigE1/0/34,282436,1106641180,101920,357132174,2.32,0.74
2024/05/24 星期五 00:08:35.789,1716480515789,NH-DC-NM129-D04-ROCE-Leaf-6.GPU.S9825,FourHundredGigE1/0/34,0,0,0,0,0,0
2024/05/24 星期五 00:08:36.291,1716480516291,NH-DC-NM129-D04-ROCE-Leaf-6.GPU.S9825,FourHundredGigE1/0/34,235905,921045316,166035,534089572,2.29,1.32
2024/05/24 星期五 00:08:36.890,1716480516890,NH-DC-NM129-D04-ROCE-Leaf-6.GPU.S9825,FourHundredGigE1/0/34,172480,645263354,334044,1325432110,1.34,2.75
2024/05/24 星期五 00:08:37.459,1716480517459,NH-DC-NM129-D04-ROCE-Leaf-6.GPU.S9825,FourHundredGigE1/0/34,0,0,0,0,0,0
2024/05/24 星期五 00:08:37.975,1716480517975,NH-DC-NM129-D04-ROCE-Leaf-6.GPU.S9825,FourHundredGigE1/0/34,176446,569143133,200938,763998654,1.36,1.84
2024/05/24 星期五 00:08:38.628,1716480518628,NH-DC-NM129-D04-ROCE-Leaf-6.GPU.S9825,FourHundredGigE1/0/34,0,0,0,0,0,0
2024/05/24 星期五 00:08:39.155,1716480519155,NH-DC-NM129-D04-ROCE-Leaf-6.GPU.S9825,FourHundredGigE1/0/34,54068,136356840,298986,1175332580,0.31,2.78
2024/05/24 星期五 00:08:39.656,1716480519656,NH-DC-NM129-D04-ROCE-Leaf-6.GPU.S9825,FourHundredGigE1/0/34,0,0,0,0,0,0
2024/05/24 星期五 00:08:40.153,1716480520153,NH-DC-NM129-D04-ROCE-Leaf-6.GPU.S9825,FourHundredGigE1/0/34,150497,469148822,283793,1031533682,1.16,2.59
2024/05/24 星期五 00:08:40.847,1716480520847,NH-DC-NM129-D04-ROCE-Leaf-6.GPU.S9825,FourHundredGigE1/0/34,197447,756549613,123261,439699018,1.35,0.77
2024/05/24 星期五 00:08:41.651,1716480521651,NH-DC-NM129-D04-ROCE-Leaf-6.GPU.S9825,FourHundredGigE1/0/34,282564,1109939818,181752,723686764,1.71,1.12
2024/05/24 星期五 00:08:42.471,1716480522471,NH-DC-NM129-D04-ROCE-Leaf-6.GPU.S9825,FourHundredGigE1/0/34,0,0,0,0,0,0
2024/05/24 星期五 00:08:43.003,1716480523003,NH-DC-NM129-D04-ROCE-Leaf-6.GPU.S9825,FourHundredGigE1/0/34,575200,2352953629,400501,1580360748,5.52,3.71
2024/05/24 星期五 00:08:43.605,1716480523605,NH-DC-NM129-D04-ROCE-Leaf-6.GPU.S9825,FourHundredGigE1/0/34,185686,732689404,457224,1823506694,1.52,3.78
2024/05/24 星期五 00:08:44.627,1716480524627,NH-DC-NM129-D04-ROCE-Leaf-6.GPU.S9825,FourHundredGigE1/0/34,0,0,0,0,0,0
2024/05/24 星期五 00:08:45.214,1716480525214,NH-DC-NM129-D04-ROCE-Leaf-6.GPU.S9825,FourHundredGigE1/0/34,246546,964744348,124021,444597588,2.04,0.94
2024/05/24 星期五 00:08:45.803,1716480525803,NH-DC-NM129-D04-ROCE-Leaf-6.GPU.S9825,FourHundredGigE1/0/34,427055,1727072950,242242,916168934,3.65,1.93
2024/05/24 星期五 00:08:46.315,1716480526315,NH-DC-NM129-D04-ROCE-Leaf-6.GPU.S9825,FourHundredGigE1/0/34,0,0,0,0,0,0
2024/05/24 星期五 00:08:47.097,1716480527097,NH-DC-NM129-D04-ROCE-Leaf-6.GPU.S9825,FourHundredGigE1/0/34,171227,621632186,243270,965958076,0.99,1.53
2024/05/24 星期五 00:08:47.843,1716480527843,NH-DC-NM129-D04-ROCE-Leaf-6.GPU.S9825,FourHundredGigE1/0/34,101674,368043556,206933,739514470,0.60,1.22
2024/05/24 星期五 00:08:48.461,1716480528461,NH-DC-NM129-D04-ROCE-Leaf-6.GPU.S9825,FourHundredGigE1/0/34,0,0,0,0,0,0
2024/05/24 星期五 00:08:49.065,1716480529065,NH-DC-NM129-D04-ROCE-Leaf-6.GPU.S9825,FourHundredGigE1/0/34,155874,594021392,105055,368002106,1.22,0.75
2024/05/24 星期五 00:08:49.566,1716480529566,NH-DC-NM129-D04-ROCE-Leaf-6.GPU.S9825,FourHundredGigE1/0/34,0,0,0,0,0,0
2024/05/24 星期五 00:08:50.079,1716480530079,NH-DC-NM129-D04-ROCE-Leaf-6.GPU.S9825,FourHundredGigE1/0/34,96139,290793543,133358,439468792,0.71,1.05
2024/05/24 星期五 00:08:50.658,1716480530658,NH-DC-NM129-D04-ROCE-Leaf-6.GPU.S9825,FourHundredGigE1/0/34,107364,351960292,78258,296470092,0.76,0.63
2024/05/24 星期五 00:08:51.371,1716480531371,NH-DC-NM129-D04-ROCE-Leaf-6.GPU.S9825,FourHundredGigE1/0/34,0,0,0,0,0,0
2024/05/24 星期五 00:08:52.032,1716480532032,NH-DC-NM129-D04-ROCE-Leaf-6.GPU.S9825,FourHundredGigE1/0/34,96579,323465826,109936,399525152,0.61,0.74
2024/05/24 星期五 00:08:52.606,1716480532606,NH-DC-NM129-D04-ROCE-Leaf-6.GPU.S9825,FourHundredGigE1/0/34,0,0,0,0,0,0
2024/05/24 星期五 00:08:53.109,1716480533109,NH-DC-NM129-D04-ROCE-Leaf-6.GPU.S9825,FourHundredGigE1/0/34,171305,628649618,544180,2118822244,1.54,5.24
2024/05/24 星期五 00:08:53.768,1716480533768,NH-DC-NM129-D04-ROCE-Leaf-6.GPU.S9825,FourHundredGigE1/0/34,285592,1090597816,66112,226333724,2.07,0.42
2024/05/24 星期五 00:08:54.343,1716480534343,NH-DC-NM129-D04-ROCE-Leaf-6.GPU.S9825,FourHundredGigE1/0/34,0,0,0,0,0,0
2024/05/24 星期五 00:08:55.212,1716480535212,NH-DC-NM129-D04-ROCE-Leaf-6.GPU.S9825,FourHundredGigE1/0/34,126158,498765328,178148,675550392,0.70,0.96
2024/05/24 星期五 00:08:55.979,1716480535979,NH-DC-NM129-D04-ROCE-Leaf-6.GPU.S9825,FourHundredGigE1/0/34,202709,799576162,113638,401912344,1.29,0.65
2024/05/24 星期五 00:08:56.482,1716480536482,NH-DC-NM129-D04-ROCE-Leaf-6.GPU.S9825,FourHundredGigE1/0/34,0,0,0,0,0,0
2024/05/24 星期五 00:08:56.985,1716480536985,NH-DC-NM129-D04-ROCE-Leaf-6.GPU.S9825,FourHundredGigE1/0/34,77627,259302807,249331,970724042,0.62,2.41
2024/05/24 星期五 00:08:57.567,1716480537567,NH-DC-NM129-D04-ROCE-Leaf-6.GPU.S9825,FourHundredGigE1/0/34,0,0,0,0,0,0
2024/05/24 星期五 00:08:58.077,1716480538077,NH-DC-NM129-D04-ROCE-Leaf-6.GPU.S9825,FourHundredGigE1/0/34,136741,421149218,122664,392509868,1.03,0.96
2024/05/24 星期五 00:08:58.952,1716480538952,NH-DC-NM129-D04-ROCE-Leaf-6.GPU.S9825,FourHundredGigE1/0/34,132461,498557434,463304,1853654232,0.7,2.64
2024/05/24 星期五 00:08:59.571,1716480539571,NH-DC-NM129-D04-ROCE-Leaf-6.GPU.S9825,FourHundredGigE1/0/34,0,0,0,0,0,0
2024/05/24 星期五 00:09:00.073,1716480540073,NH-DC-NM129-D04-ROCE-Leaf-6.GPU.S9825,FourHundredGigE1/0/34,143485,500641874,127534,491396296,1.25,1.22
2024/05/24 星期五 00:09:00.591,1716480540591,NH-DC-NM129-D04-ROCE-Leaf-6.GPU.S9825,FourHundredGigE1/0/34,0,0,0,0,0,0
2024/05/24 星期五 00:09:01.093,1716480541093,NH-DC-NM129-D04-ROCE-Leaf-6.GPU.S9825,FourHundredGigE1/0/34,677176,2679177016,676525,2592362192,6.65,6.45
2024/05/24 星期五 00:09:01.595,1716480541595,NH-DC-NM129-D04-ROCE-Leaf-6.GPU.S9825,FourHundredGigE1/0/34,0,0,0,0,0,0
2024/05/24 星期五 00:09:02.098,1716480542098,NH-DC-NM129-D04-ROCE-Leaf-6.GPU.S9825,FourHundredGigE1/0/34,377194,1507731622,1088413,4434421380,3.73,11.01
2024/05/24 星期五 00:09:04.158,1716480544158,NH-DC-NM129-D04-ROCE-Leaf-6.GPU.S9825,FourHundredGigE1/0/34,222076,909849922,343490,1393238128,0.55,0.84
2024/05/24 星期五 00:09:04.945,1716480544945,NH-DC-NM129-D04-ROCE-Leaf-6.GPU.S9825,FourHundredGigE1/0/34,447953,1675817112,175527,646735802,2.65,1.02
2024/05/24 星期五 00:09:05.446,1716480545446,NH-DC-NM129-D04-ROCE-Leaf-6.GPU.S9825,FourHundredGigE1/0/34,0,0,0,0,0,0
2024/05/24 星期五 00:09:06.297,1716480546297,NH-DC-NM129-D04-ROCE-Leaf-6.GPU.S9825,FourHundredGigE1/0/34,409400,1581996390,239309,960488538,2.32,1.41
2024/05/24 星期五 00:09:06.849,1716480546849,NH-DC-NM129-D04-ROCE-Leaf-6.GPU.S9825,FourHundredGigE1/0/34,220009,787127078,271828,1076263988,1.77,2.42
2024/05/24 星期五 00:09:08.023,1716480548023,NH-DC-NM129-D04-ROCE-Leaf-6.GPU.S9825,FourHundredGigE1/0/34,468583,1917465818,74138,195494448,2.03,0.20
2024/05/24 星期五 00:09:08.525,1716480548525,NH-DC-NM129-D04-ROCE-Leaf-6.GPU.S9825,FourHundredGigE1/0/34,0,0,0,0,0,0
2024/05/24 星期五 00:09:09.030,1716480549030,NH-DC-NM129-D04-ROCE-Leaf-6.GPU.S9825,FourHundredGigE1/0/34,282119,1119237750,215265,836817374,2.75,2.05
2024/05/24 星期五 00:09:09.941,1716480549941,NH-DC-NM129-D04-ROCE-Leaf-6.GPU.S9825,FourHundredGigE1/0/34,295032,1109576956,131831,489590354,1.51,0.66
2024/05/24 星期五 00:09:10.442,1716480550442,NH-DC-NM129-D04-ROCE-Leaf-6.GPU.S9825,FourHundredGigE1/0/34,0,0,0,0,0,0
2024/05/24 星期五 00:09:11.051,1716480551051,NH-DC-NM129-D04-ROCE-Leaf-6.GPU.S9825,FourHundredGigE1/0/34,126539,476561910,329475,1284377492,0.96,2.63
2024/05/24 星期五 00:09:11.659,1716480551659,NH-DC-NM129-D04-ROCE-Leaf-6.GPU.S9825,FourHundredGigE1/0/34,0,0,0,0,0,0
2024/05/24 星期五 00:09:12.172,1716480552172,NH-DC-NM129-D04-ROCE-Leaf-6.GPU.S9825,FourHundredGigE1/0/34,373357,1472163598,188358,703703074,3.58,1.71
2024/05/24 星期五 00:09:12.707,1716480552707,NH-DC-NM129-D04-ROCE-Leaf-6.GPU.S9825,FourHundredGigE1/0/34,134472,496162353,159936,620408292,1.14,1.45
2024/05/24 星期五 00:09:13.623,1716480553623,NH-DC-NM129-D04-ROCE-Leaf-6.GPU.S9825,FourHundredGigE1/0/34,0,0,0,0,0,0
2024/05/24 星期五 00:09:14.226,1716480554226,NH-DC-NM129-D04-ROCE-Leaf-6.GPU.S9825,FourHundredGigE1/0/34,190248,739337776,214303,835549098,1.51,1.72
2024/05/24 星期五 00:09:14.754,1716480554754,NH-DC-NM129-D04-ROCE-Leaf-6.GPU.S9825,FourHundredGigE1/0/34,0,0,0,0,0,0
2024/05/24 星期五 00:09:15.341,1716480555341,NH-DC-NM129-D04-ROCE-Leaf-6.GPU.S9825,FourHundredGigE1/0/34,263436,1011238748,342797,1359835690,2.15,2.87
2024/05/24 星期五 00:09:15.842,1716480555842,NH-DC-NM129-D04-ROCE-Leaf-6.GPU.S9825,FourHundredGigE1/0/34,69042,249413128,52007,184964294,0.60,0.45
2024/05/24 星期五 00:09:16.364,1716480556364,NH-DC-NM129-D04-ROCE-Leaf-6.GPU.S9825,FourHundredGigE1/0/34,0,0,0,0,0,0
2024/05/24 星期五 00:09:17.294,1716480557294,NH-DC-NM129-D04-ROCE-Leaf-6.GPU.S9825,FourHundredGigE1/0/34,146246,555393216,91674,329866340,0.74,0.43
2024/05/24 星期五 00:09:17.806,1716480557806,NH-DC-NM129-D04-ROCE-Leaf-6.GPU.S9825,FourHundredGigE1/0/34,0,0,0,0,0,0
2024/05/24 星期五 00:09:19.099,1716480559099,NH-DC-NM129-D04-ROCE-Leaf-6.GPU.S9825,FourHundredGigE1/0/34,475433,1835906198,234692,832574048,1.77,0.80
2024/05/24 星期五 00:09:19.613,1716480559613,NH-DC-NM129-D04-ROCE-Leaf-6.GPU.S9825,FourHundredGigE1/0/34,0,0,0,0,0,0
2024/05/24 星期五 00:09:21.078,1716480561078,NH-DC-NM129-D04-ROCE-Leaf-6.GPU.S9825,FourHundredGigE1/0/34,312086,1184473109,347356,1329740536,1.01,1.13
2024/05/24 星期五 00:09:21.626,1716480561626,NH-DC-NM129-D04-ROCE-Leaf-6.GPU.S9825,FourHundredGigE1/0/34,0,0,0,0,0,0
2024/05/24 星期五 00:09:22.129,1716480562129,NH-DC-NM129-D04-ROCE-Leaf-6.GPU.S9825,FourHundredGigE1/0/34,136959,498428786,337406,1323917024,1.22,3.28
2024/05/24 星期五 00:09:22.631,1716480562631,NH-DC-NM129-D04-ROCE-Leaf-6.GPU.S9825,FourHundredGigE1/0/34,0,0,0,0,0,0
2024/05/24 星期五 00:09:23.129,1716480563129,NH-DC-NM129-D04-ROCE-Leaf-6.GPU.S9825,FourHundredGigE1/0/34,163533,638005786,190908,726315104,1.58,1.81
2024/05/24 星期五 00:09:24.011,1716480564011,NH-DC-NM129-D04-ROCE-Leaf-6.GPU.S9825,FourHundredGigE1/0/34,207557,798454718,102071,372812214,1.12,0.52
2024/05/24 星期五 00:09:24.627,1716480564627,NH-DC-NM129-D04-ROCE-Leaf-6.GPU.S9825,FourHundredGigE1/0/34,0,0,0,0,0,0
2024/05/24 星期五 00:09:25.219,1716480565219,NH-DC-NM129-D04-ROCE-Leaf-6.GPU.S9825,FourHundredGigE1/0/34,162181,599269606,183230,706782480,1.25,1.48
2024/05/24 星期五 00:09:25.721,1716480565721,NH-DC-NM129-D04-ROCE-Leaf-6.GPU.S9825,FourHundredGigE1/0/34,0,0,0,0,0,0
2024/05/24 星期五 00:09:26.225,1716480566225,NH-DC-NM129-D04-ROCE-Leaf-6.GPU.S9825,FourHundredGigE1/0/34,145936,521983316,73344,231087012,1.29,0.57
2024/05/24 星期五 00:09:26.861,1716480566861,NH-DC-NM129-D04-ROCE-Leaf-6.GPU.S9825,FourHundredGigE1/0/34,201584,763627204,132926,494365160,1.49,0.96
2024/05/24 星期五 00:09:27.607,1716480567607,NH-DC-NM129-D04-ROCE-Leaf-6.GPU.S9825,FourHundredGigE1/0/34,0,0,0,0,0,0
2024/05/24 星期五 00:09:28.127,1716480568127,NH-DC-NM129-D04-ROCE-Leaf-6.GPU.S9825,FourHundredGigE1/0/34,171041,648116534,71830,239514324,1.54,0.55
2024/05/24 星期五 00:09:28.685,1716480568685,NH-DC-NM129-D04-ROCE-Leaf-6.GPU.S9825,FourHundredGigE1/0/34,0,0,0,0,0,0
2024/05/24 星期五 00:09:29.187,1716480569187,NH-DC-NM129-D04-ROCE-Leaf-6.GPU.S9825,FourHundredGigE1/0/34,165857,529326032,131015,370649670,1.29,0.92
2024/05/24 星期五 00:09:29.695,1716480569695,NH-DC-NM129-D04-ROCE-Leaf-6.GPU.S9825,FourHundredGigE1/0/34,0,0,0,0,0,0
2024/05/24 星期五 00:09:30.212,1716480570212,NH-DC-NM129-D04-ROCE-Leaf-6.GPU.S9825,FourHundredGigE1/0/34,309198,1225127970,334433,1359745730,2.95,3.26
2024/05/24 星期五 00:09:30.911,1716480570911,NH-DC-NM129-D04-ROCE-Leaf-6.GPU.S9825,FourHundredGigE1/0/34,121127,444462146,125604,455118248,0.79,0.80
2024/05/24 星期五 00:09:31.585,1716480571585,NH-DC-NM129-D04-ROCE-Leaf-6.GPU.S9825,FourHundredGigE1/0/34,0,0,0,0,0,0
2024/05/24 星期五 00:09:32.085,1716480572085,NH-DC-NM129-D04-ROCE-Leaf-6.GPU.S9825,FourHundredGigE1/0/34,251654,977072892,142243,526741938,2.42,1.3
2024/05/24 星期五 00:09:32.601,1716480572601,NH-DC-NM129-D04-ROCE-Leaf-6.GPU.S9825,FourHundredGigE1/0/34,0,0,0,0,0,0
2024/05/24 星期五 00:09:33.101,1716480573101,NH-DC-NM129-D04-ROCE-Leaf-6.GPU.S9825,FourHundredGigE1/0/34,309177,1205598766,290417,1152292514,3,2.88
2024/05/24 星期五 00:09:33.689,1716480573689,NH-DC-NM129-D04-ROCE-Leaf-6.GPU.S9825,FourHundredGigE1/0/34,0,0,0,0,0,0
2024/05/24 星期五 00:09:34.234,1716480574234,NH-DC-NM129-D04-ROCE-Leaf-6.GPU.S9825,FourHundredGigE1/0/34,180138,678724852,277256,1038876032,1.54,2.36
2024/05/24 星期五 00:09:34.993,1716480574993,NH-DC-NM129-D04-ROCE-Leaf-6.GPU.S9825,FourHundredGigE1/0/34,175075,640586466,123272,451149480,1.05,0.74
2024/05/24 星期五 00:09:35.510,1716480575510,NH-DC-NM129-D04-ROCE-Leaf-6.GPU.S9825,FourHundredGigE1/0/34,0,0,0,0,0,0
2024/05/24 星期五 00:09:36.010,1716480576010,NH-DC-NM129-D04-ROCE-Leaf-6.GPU.S9825,FourHundredGigE1/0/34,138254,545334268,138157,532921810,1.35,1.32
2024/05/24 星期五 00:09:36.625,1716480576625,NH-DC-NM129-D04-ROCE-Leaf-6.GPU.S9825,FourHundredGigE1/0/34,436020,1740519172,650071,2618430426,3.54,5.30
2024/05/24 星期五 00:09:37.325,1716480577325,NH-DC-NM129-D04-ROCE-Leaf-6.GPU.S9825,FourHundredGigE1/0/34,0,0,0,0,0,0
2024/05/24 星期五 00:09:37.826,1716480577826,NH-DC-NM129-D04-ROCE-Leaf-6.GPU.S9825,FourHundredGigE1/0/34,72656,273217256,264210,1030932990,0.67,2.57
2024/05/24 星期五 00:09:38.491,1716480578491,NH-DC-NM129-D04-ROCE-Leaf-6.GPU.S9825,FourHundredGigE1/0/34,0,0,0,0,0,0
2024/05/24 星期五 00:09:39.014,1716480579014,NH-DC-NM129-D04-ROCE-Leaf-6.GPU.S9825,FourHundredGigE1/0/34,273966,1096975368,233962,919432942,2.61,2.17
2024/05/24 星期五 00:09:39.517,1716480579517,NH-DC-NM129-D04-ROCE-Leaf-6.GPU.S9825,FourHundredGigE1/0/34,0,0,0,0,0,0
2024/05/24 星期五 00:09:40.023,1716480580023,NH-DC-NM129-D04-ROCE-Leaf-6.GPU.S9825,FourHundredGigE1/0/34,102374,401843060,125897,442408678,0.99,1.09
2024/05/24 星期五 00:09:40.705,1716480580705,NH-DC-NM129-D04-ROCE-Leaf-6.GPU.S9825,FourHundredGigE1/0/34,384016,1566380500,259114,1041787352,2.86,1.91
2024/05/24 星期五 00:09:41.311,1716480581311,NH-DC-NM129-D04-ROCE-Leaf-6.GPU.S9825,FourHundredGigE1/0/34,0,0,0,0,0,0
2024/05/24 星期五 00:09:42.200,1716480582200,NH-DC-NM129-D04-ROCE-Leaf-6.GPU.S9825,FourHundredGigE1/0/34,185801,688592726,142851,517601090,0.96,0.72
2024/05/24 星期五 00:09:42.735,1716480582735,NH-DC-NM129-D04-ROCE-Leaf-6.GPU.S9825,FourHundredGigE1/0/34,115616,402025053,150959,571653458,0.93,1.33
2024/05/24 星期五 00:09:43.297,1716480583297,NH-DC-NM129-D04-ROCE-Leaf-6.GPU.S9825,FourHundredGigE1/0/34,0,0,0,0,0,0
2024/05/24 星期五 00:09:44.053,1716480584053,NH-DC-NM129-D04-ROCE-Leaf-6.GPU.S9825,FourHundredGigE1/0/34,148387,565363678,151419,542638026,0.93,0.89
2024/05/24 星期五 00:09:45.233,1716480585233,NH-DC-NM129-D04-ROCE-Leaf-6.GPU.S9825,FourHundredGigE1/0/34,100299,368906130,108085,397306634,0.38,0.41
2024/05/24 星期五 00:09:45.795,1716480585795,NH-DC-NM129-D04-ROCE-Leaf-6.GPU.S9825,FourHundredGigE1/0/34,0,0,0,0,0,0
2024/05/24 星期五 00:09:46.294,1716480586294,NH-DC-NM129-D04-ROCE-Leaf-6.GPU.S9825,FourHundredGigE1/0/34,203703,763626962,85781,301801978,1.90,0.75
2024/05/24 星期五 00:09:47.274,1716480587274,NH-DC-NM129-D04-ROCE-Leaf-6.GPU.S9825,FourHundredGigE1/0/34,127528,446637309,107516,399455556,0.56,0.50
2024/05/24 星期五 00:09:47.796,1716480587796,NH-DC-NM129-D04-ROCE-Leaf-6.GPU.S9825,FourHundredGigE1/0/34,0,0,0,0,0,0
2024/05/24 星期五 00:09:48.296,1716480588296,NH-DC-NM129-D04-ROCE-Leaf-6.GPU.S9825,FourHundredGigE1/0/34,272046,1048802820,277584,1086330236,2.6,2.7
2024/05/24 星期五 00:09:49.025,1716480589025,NH-DC-NM129-D04-ROCE-Leaf-6.GPU.S9825,FourHundredGigE1/0/34,259191,999089298,179681,701909346,1.70,1.20
2024/05/24 星期五 00:09:49.527,1716480589527,NH-DC-NM129-D04-ROCE-Leaf-6.GPU.S9825,FourHundredGigE1/0/34,0,0,0,0,0,0
2024/05/24 星期五 00:09:50.030,1716480590030,NH-DC-NM129-D04-ROCE-Leaf-6.GPU.S9825,FourHundredGigE1/0/34,207660,808485445,29497,87011666,1.99,0.20
2024/05/24 星期五 00:09:50.693,1716480590693,NH-DC-NM129-D04-ROCE-Leaf-6.GPU.S9825,FourHundredGigE1/0/34,394161,1580417810,384276,1560469516,2.98,2.94
2024/05/24 星期五 00:09:51.269,1716480591269,NH-DC-NM129-D04-ROCE-Leaf-6.GPU.S9825,FourHundredGigE1/0/34,0,0,0,0,0,0
2024/05/24 星期五 00:09:51.903,1716480591903,NH-DC-NM129-D04-ROCE-Leaf-6.GPU.S9825,FourHundredGigE1/0/34,463184,1866179316,44492,157528896,3.67,0.30
2024/05/24 星期五 00:09:52.610,1716480592610,NH-DC-NM129-D04-ROCE-Leaf-6.GPU.S9825,FourHundredGigE1/0/34,0,0,0,0,0,0
2024/05/24 星期五 00:09:53.111,1716480593111,NH-DC-NM129-D04-ROCE-Leaf-6.GPU.S9825,FourHundredGigE1/0/34,200300,760160644,119905,426637494,1.90,1.05
2024/05/24 星期五 00:09:53.894,1716480593894,NH-DC-NM129-D04-ROCE-Leaf-6.GPU.S9825,FourHundredGigE1/0/34,88965,332895474,274197,818498130,0.53,1.29
2024/05/24 星期五 00:09:54.840,1716480594840,NH-DC-NM129-D04-ROCE-Leaf-6.GPU.S9825,FourHundredGigE1/0/34,212994,821005540,477129,1786682138,1.08,2.35
2024/05/24 星期五 00:09:55.592,1716480595592,NH-DC-NM129-D04-ROCE-Leaf-6.GPU.S9825,FourHundredGigE1/0/34,5591,11953434,425855,1597210774,0.02,2.64
2024/05/24 星期五 00:09:56.298,1716480596298,NH-DC-NM129-D04-ROCE-Leaf-6.GPU.S9825,FourHundredGigE1/0/34,0,0,0,0,0,0
2024/05/24 星期五 00:09:56.798,1716480596798,NH-DC-NM129-D04-ROCE-Leaf-6.GPU.S9825,FourHundredGigE1/0/34,391055,1581712742,511579,1918908534,3.95,4.78
2024/05/24 星期五 00:09:57.742,1716480597742,NH-DC-NM129-D04-ROCE-Leaf-6.GPU.S9825,FourHundredGigE1/0/34,0,0,0,0,0,0
2024/05/24 星期五 00:09:58.250,1716480598250,NH-DC-NM129-D04-ROCE-Leaf-6.GPU.S9825,FourHundredGigE1/0/34,364368,1444812108,514295,1932052006,3.54,4.75
2024/05/24 星期五 00:09:59.247,1716480599247,NH-DC-NM129-D04-ROCE-Leaf-6.GPU.S9825,FourHundredGigE1/0/34,264693,1013603974,946965,3546504714,1.27,4.44
2024/05/24 星期五 00:09:59.842,1716480599842,NH-DC-NM129-D04-ROCE-Leaf-6.GPU.S9825,FourHundredGigE1/0/34,0,0,0,0,0,0
2024/05/24 星期五 00:10:00.345,1716480600345,NH-DC-NM129-D04-ROCE-Leaf-6.GPU.S9825,FourHundredGigE1/0/34,213705,789029714,959728,3586643254,1.94,8.90
2024/05/24 星期五 00:10:01.088,1716480601088,NH-DC-NM129-D04-ROCE-Leaf-6.GPU.S9825,FourHundredGigE1/0/34,179092,715173818,650645,2463006472,1.19,4.14
2024/05/24 星期五 00:10:01.670,1716480601670,NH-DC-NM129-D04-ROCE-Leaf-6.GPU.S9825,FourHundredGigE1/0/34,0,0,0,0,0,0
2024/05/24 星期五 00:10:02.174,1716480602174,NH-DC-NM129-D04-ROCE-Leaf-6.GPU.S9825,FourHundredGigE1/0/34,422654,1618228674,559553,2195661942,3.99,5.43
2024/05/24 星期五 00:10:04.260,1716480604260,NH-DC-NM129-D04-ROCE-Leaf-6.GPU.S9825,FourHundredGigE1/0/34,378568,1465664148,352315,1395341678,0.87,0.83
2024/05/24 星期五 00:10:05.048,1716480605048,NH-DC-NM129-D04-ROCE-Leaf-6.GPU.S9825,FourHundredGigE1/0/34,116589,424227188,159530,569169104,0.67,0.89
2024/05/24 星期五 00:10:05.563,1716480605563,NH-DC-NM129-D04-ROCE-Leaf-6.GPU.S9825,FourHundredGigE1/0/34,0,0,0,0,0,0
2024/05/24 星期五 00:10:06.102,1716480606102,NH-DC-NM129-D04-ROCE-Leaf-6.GPU.S9825,FourHundredGigE1/0/34,111097,371533432,127734,440215200,0.86,1.02
2024/05/24 星期五 00:10:06.718,1716480606718,NH-DC-NM129-D04-ROCE-Leaf-6.GPU.S9825,FourHundredGigE1/0/34,0,0,0,0,0,0
2024/05/24 星期五 00:10:07.217,1716480607217,NH-DC-NM129-D04-ROCE-Leaf-6.GPU.S9825,FourHundredGigE1/0/34,82900,281313852,185366,692683304,0.70,1.73
2024/05/24 星期五 00:10:07.811,1716480607811,NH-DC-NM129-D04-ROCE-Leaf-6.GPU.S9825,FourHundredGigE1/0/34,144738,495072242,462480,1811912464,1.03,3.81
2024/05/24 星期五 00:10:08.413,1716480608413,NH-DC-NM129-D04-ROCE-Leaf-6.GPU.S9825,FourHundredGigE1/0/34,0,0,0,0,0,0
2024/05/24 星期五 00:10:08.909,1716480608909,NH-DC-NM129-D04-ROCE-Leaf-6.GPU.S9825,FourHundredGigE1/0/34,156487,581713688,185043,690180522,1.46,1.74
2024/05/24 星期五 00:10:09.480,1716480609480,NH-DC-NM129-D04-ROCE-Leaf-6.GPU.S9825,FourHundredGigE1/0/34,0,0,0,0,0,0
2024/05/24 星期五 00:10:10.078,1716480610078,NH-DC-NM129-D04-ROCE-Leaf-6.GPU.S9825,FourHundredGigE1/0/34,127774,486305692,137792,521526600,1.00,1.09
2024/05/24 星期五 00:10:10.581,1716480610581,NH-DC-NM129-D04-ROCE-Leaf-6.GPU.S9825,FourHundredGigE1/0/34,0,0,0,0,0,0
2024/05/24 星期五 00:10:11.252,1716480611252,NH-DC-NM129-D04-ROCE-Leaf-6.GPU.S9825,FourHundredGigE1/0/34,194283,756173506,227460,908016380,1.40,1.68
2024/05/24 星期五 00:10:11.957,1716480611957,NH-DC-NM129-D04-ROCE-Leaf-6.GPU.S9825,FourHundredGigE1/0/34,91922,339373164,173658,632921377,0.59,1.12
2024/05/24 星期五 00:10:12.468,1716480612468,NH-DC-NM129-D04-ROCE-Leaf-6.GPU.S9825,FourHundredGigE1/0/34,0,0,0,0,0,0
2024/05/24 星期五 00:10:13.020,1716480613020,NH-DC-NM129-D04-ROCE-Leaf-6.GPU.S9825,FourHundredGigE1/0/34,139836,535473974,254726,1026372960,1.20,2.31
2024/05/24 星期五 00:10:13.665,1716480613665,NH-DC-NM129-D04-ROCE-Leaf-6.GPU.S9825,FourHundredGigE1/0/34,0,0,0,0,0,0
2024/05/24 星期五 00:10:14.182,1716480614182,NH-DC-NM129-D04-ROCE-Leaf-6.GPU.S9825,FourHundredGigE1/0/34,321398,1102064936,152566,585174780,2.66,1.40
2024/05/24 星期五 00:10:14.882,1716480614882,NH-DC-NM129-D04-ROCE-Leaf-6.GPU.S9825,FourHundredGigE1/0/34,733550,2939093622,335507,1344192502,5.23,2.39
2024/05/24 星期五 00:10:16.314,1716480616314,NH-DC-NM129-D04-ROCE-Leaf-6.GPU.S9825,FourHundredGigE1/0/34,189127,677569780,304128,1214728584,0.58,1.06
2024/05/24 星期五 00:10:17.025,1716480617025,NH-DC-NM129-D04-ROCE-Leaf-6.GPU.S9825,FourHundredGigE1/0/34,132575,458021951,1069363,4341960324,0.79,7.63
2024/05/24 星期五 00:10:17.527,1716480617527,NH-DC-NM129-D04-ROCE-Leaf-6.GPU.S9825,FourHundredGigE1/0/34,0,0,0,0,0,0
2024/05/24 星期五 00:10:18.029,1716480618029,NH-DC-NM129-D04-ROCE-Leaf-6.GPU.S9825,FourHundredGigE1/0/34,139117,512679902,204238,771045326,1.27,1.92
2024/05/24 星期五 00:10:18.757,1716480618757,NH-DC-NM129-D04-ROCE-Leaf-6.GPU.S9825,FourHundredGigE1/0/34,0,0,0,0,0,0
2024/05/24 星期五 00:10:19.261,1716480619261,NH-DC-NM129-D04-ROCE-Leaf-6.GPU.S9825,FourHundredGigE1/0/34,572873,2334138442,674186,2719786196,5.78,6.72
2024/05/24 星期五 00:10:19.787,1716480619787,NH-DC-NM129-D04-ROCE-Leaf-6.GPU.S9825,FourHundredGigE1/0/34,0,0,0,0,0,0
2024/05/24 星期五 00:10:20.312,1716480620312,NH-DC-NM129-D04-ROCE-Leaf-6.GPU.S9825,FourHundredGigE1/0/34,156866,566207316,155073,587190982,1.33,1.38
2024/05/24 星期五 00:10:20.820,1716480620820,NH-DC-NM129-D04-ROCE-Leaf-6.GPU.S9825,FourHundredGigE1/0/34,220486,856483116,167563,666819074,2.09,1.62
2024/05/24 星期五 00:10:21.402,1716480621402,NH-DC-NM129-D04-ROCE-Leaf-6.GPU.S9825,FourHundredGigE1/0/34,0,0,0,0,0,0
2024/05/24 星期五 00:10:22.138,1716480622138,NH-DC-NM129-D04-ROCE-Leaf-6.GPU.S9825,FourHundredGigE1/0/34,273813,1093494346,375188,1508840520,1.85,2.55
2024/05/24 星期五 00:10:22.659,1716480622659,NH-DC-NM129-D04-ROCE-Leaf-6.GPU.S9825,FourHundredGigE1/0/34,0,0,0,0,0,0
2024/05/24 星期五 00:10:23.206,1716480623206,NH-DC-NM129-D04-ROCE-Leaf-6.GPU.S9825,FourHundredGigE1/0/34,306652,1132674068,330260,1269481548,2.58,2.88
2024/05/24 星期五 00:10:23.944,1716480623944,NH-DC-NM129-D04-ROCE-Leaf-6.GPU.S9825,FourHundredGigE1/0/34,266768,1057633340,307132,1224848128,1.78,2.07
2024/05/24 星期五 00:10:24.850,1716480624850,NH-DC-NM129-D04-ROCE-Leaf-6.GPU.S9825,FourHundredGigE1/0/34,123747,463338507,169820,653949528,0.63,0.90
2024/05/24 星期五 00:10:25.566,1716480625566,NH-DC-NM129-D04-ROCE-Leaf-6.GPU.S9825,FourHundredGigE1/0/34,0,0,0,0,0,0
2024/05/24 星期五 00:10:26.067,1716480626067,NH-DC-NM129-D04-ROCE-Leaf-6.GPU.S9825,FourHundredGigE1/0/34,276028,1071973540,259583,1034479310,2.67,2.57
2024/05/24 星期五 00:10:26.640,1716480626640,NH-DC-NM129-D04-ROCE-Leaf-6.GPU.S9825,FourHundredGigE1/0/34,0,0,0,0,0,0
2024/05/24 星期五 00:10:27.200,1716480627200,NH-DC-NM129-D04-ROCE-Leaf-6.GPU.S9825,FourHundredGigE1/0/34,170395,642484962,150100,575819048,1.43,1.27
2024/05/24 星期五 00:10:27.729,1716480627729,NH-DC-NM129-D04-ROCE-Leaf-6.GPU.S9825,FourHundredGigE1/0/34,0,0,0,0,0,0
2024/05/24 星期五 00:10:28.231,1716480628231,NH-DC-NM129-D04-ROCE-Leaf-6.GPU.S9825,FourHundredGigE1/0/34,62024,233350144,178802,688670220,0.57,1.69
2024/05/24 星期五 00:10:29.353,1716480629353,NH-DC-NM129-D04-ROCE-Leaf-6.GPU.S9825,FourHundredGigE1/0/34,188040,729328114,226138,885365599,0.80,0.98
2024/05/24 星期五 00:10:29.859,1716480629859,NH-DC-NM129-D04-ROCE-Leaf-6.GPU.S9825,FourHundredGigE1/0/34,218626,879829362,265918,1049170634,2.15,2.57
2024/05/24 星期五 00:10:30.419,1716480630419,NH-DC-NM129-D04-ROCE-Leaf-6.GPU.S9825,FourHundredGigE1/0/34,0,0,0,0,0,0
2024/05/24 星期五 00:10:31.144,1716480631144,NH-DC-NM129-D04-ROCE-Leaf-6.GPU.S9825,FourHundredGigE1/0/34,122606,437885820,125215,487169930,0.74,0.83
2024/05/24 星期五 00:10:31.645,1716480631645,NH-DC-NM129-D04-ROCE-Leaf-6.GPU.S9825,FourHundredGigE1/0/34,270383,1055819050,92238,352083884,2.62,0.87
2024/05/24 星期五 00:10:32.352,1716480632352,NH-DC-NM129-D04-ROCE-Leaf-6.GPU.S9825,FourHundredGigE1/0/34,0,0,0,0,0,0
2024/05/24 星期五 00:10:32.861,1716480632861,NH-DC-NM129-D04-ROCE-Leaf-6.GPU.S9825,FourHundredGigE1/0/34,273976,1101390440,305612,1228148736,2.70,3.00
2024/05/24 星期五 00:10:33.367,1716480633367,NH-DC-NM129-D04-ROCE-Leaf-6.GPU.S9825,FourHundredGigE1/0/34,0,0,0,0,0,0
2024/05/24 星期五 00:10:33.867,1716480633867,NH-DC-NM129-D04-ROCE-Leaf-6.GPU.S9825,FourHundredGigE1/0/34,208224,704196788,236162,960871048,1.75,2.4
2024/05/24 星期五 00:10:34.524,1716480634524,NH-DC-NM129-D04-ROCE-Leaf-6.GPU.S9825,FourHundredGigE1/0/34,0,0,0,0,0,0
2024/05/24 星期五 00:10:35.025,1716480635025,NH-DC-NM129-D04-ROCE-Leaf-6.GPU.S9825,FourHundredGigE1/0/34,122056,204010272,54036,182964200,0.50,0.45
2024/05/24 星期五 00:10:35.851,1716480635851,NH-DC-NM129-D04-ROCE-Leaf-6.GPU.S9825,FourHundredGigE1/0/34,144036,315589152,83078,320221812,0.47,0.48
2024/05/24 星期五 00:10:36.352,1716480636352,NH-DC-NM129-D04-ROCE-Leaf-6.GPU.S9825,FourHundredGigE1/0/34,0,0,0,0,0,0
2024/05/24 星期五 00:10:36.864,1716480636864,NH-DC-NM129-D04-ROCE-Leaf-6.GPU.S9825,FourHundredGigE1/0/34,441214,1615849264,323528,1184851636,3.93,2.88
2024/05/24 星期五 00:10:37.365,1716480637365,NH-DC-NM129-D04-ROCE-Leaf-6.GPU.S9825,FourHundredGigE1/0/34,0,0,0,0,0,0
2024/05/24 星期五 00:10:37.985,1716480637985,NH-DC-NM129-D04-ROCE-Leaf-6.GPU.S9825,FourHundredGigE1/0/34,90520,351311946,424223,1584943978,0.71,3.19
2024/05/24 星期五 00:10:38.486,1716480638486,NH-DC-NM129-D04-ROCE-Leaf-6.GPU.S9825,FourHundredGigE1/0/34,0,0,0,0,0,0
2024/05/24 星期五 00:10:39.319,1716480639319,NH-DC-NM129-D04-ROCE-Leaf-6.GPU.S9825,FourHundredGigE1/0/34,231751,927038368,187396,701424132,1.38,1.05
2024/05/24 星期五 00:10:39.822,1716480639822,NH-DC-NM129-D04-ROCE-Leaf-6.GPU.S9825,FourHundredGigE1/0/34,0,0,0,0,0,0
2024/05/24 星期五 00:10:40.321,1716480640321,NH-DC-NM129-D04-ROCE-Leaf-6.GPU.S9825,FourHundredGigE1/0/34,263324,1006003834,179714,672474010,2.51,1.68
2024/05/24 星期五 00:10:40.903,1716480640903,NH-DC-NM129-D04-ROCE-Leaf-6.GPU.S9825,FourHundredGigE1/0/34,167107,650521872,187457,739768660,1.40,1.57
2024/05/24 星期五 00:10:41.618,1716480641618,NH-DC-NM129-D04-ROCE-Leaf-6.GPU.S9825,FourHundredGigE1/0/34,340748,1330201798,178267,687814058,2.33,1.19
2024/05/24 星期五 00:10:42.443,1716480642443,NH-DC-NM129-D04-ROCE-Leaf-6.GPU.S9825,FourHundredGigE1/0/34,0,0,0,0,0,0
2024/05/24 星期五 00:10:43.161,1716480643161,NH-DC-NM129-D04-ROCE-Leaf-6.GPU.S9825,FourHundredGigE1/0/34,358098,1377604943,119114,427656964,2.39,0.73
2024/05/24 星期五 00:10:43.662,1716480643662,NH-DC-NM129-D04-ROCE-Leaf-6.GPU.S9825,FourHundredGigE1/0/34,303297,1124561522,140154,427994400,2.79,1.05
2024/05/24 星期五 00:10:44.444,1716480644444,NH-DC-NM129-D04-ROCE-Leaf-6.GPU.S9825,FourHundredGigE1/0/34,0,0,0,0,0,0
2024/05/24 星期五 00:10:45.134,1716480645134,NH-DC-NM129-D04-ROCE-Leaf-6.GPU.S9825,FourHundredGigE1/0/34,356569,1370842002,185564,659681752,2.48,1.18
2024/05/24 星期五 00:10:45.636,1716480645636,NH-DC-NM129-D04-ROCE-Leaf-6.GPU.S9825,FourHundredGigE1/0/34,212563,846298982,149564,538650580,2.09,1.32
2024/05/24 星期五 00:10:46.626,1716480646626,NH-DC-NM129-D04-ROCE-Leaf-6.GPU.S9825,FourHundredGigE1/0/34,0,0,0,0,0,0
2024/05/24 星期五 00:10:47.235,1716480647235,NH-DC-NM129-D04-ROCE-Leaf-6.GPU.S9825,FourHundredGigE1/0/34,165955,621698839,204334,792857572,1.27,1.62
2024/05/24 星期五 00:10:47.790,1716480647790,NH-DC-NM129-D04-ROCE-Leaf-6.GPU.S9825,FourHundredGigE1/0/34,303687,1205515370,260045,975744914,2.70,2.18
2024/05/24 星期五 00:10:48.457,1716480648457,NH-DC-NM129-D04-ROCE-Leaf-6.GPU.S9825,FourHundredGigE1/0/34,0,0,0,0,0,0
2024/05/24 星期五 00:10:48.959,1716480648959,NH-DC-NM129-D04-ROCE-Leaf-6.GPU.S9825,FourHundredGigE1/0/34,203435,780904970,137130,519816720,1.94,1.27
2024/05/24 星期五 00:10:49.614,1716480649614,NH-DC-NM129-D04-ROCE-Leaf-6.GPU.S9825,FourHundredGigE1/0/34,0,0,0,0,0,0
2024/05/24 星期五 00:10:50.296,1716480650296,NH-DC-NM129-D04-ROCE-Leaf-6.GPU.S9825,FourHundredGigE1/0/34,289165,1076002103,382597,1500252430,1.96,2.75
2024/05/24 星期五 00:10:50.794,1716480650794,NH-DC-NM129-D04-ROCE-Leaf-6.GPU.S9825,FourHundredGigE1/0/34,0,0,0,0,0,0
2024/05/24 星期五 00:10:51.294,1716480651294,NH-DC-NM129-D04-ROCE-Leaf-6.GPU.S9825,FourHundredGigE1/0/34,210978,791656912,443161,1768474642,1.98,4.4
2024/05/24 星期五 00:10:51.974,1716480651974,NH-DC-NM129-D04-ROCE-Leaf-6.GPU.S9825,FourHundredGigE1/0/34,240706,882352952,362885,1408389506,1.62,2.57
2024/05/24 星期五 00:10:52.478,1716480652478,NH-DC-NM129-D04-ROCE-Leaf-6.GPU.S9825,FourHundredGigE1/0/34,0,0,0,0,0,0
2024/05/24 星期五 00:10:52.978,1716480652978,NH-DC-NM129-D04-ROCE-Leaf-6.GPU.S9825,FourHundredGigE1/0/34,160616,589624764,239030,930787072,1.45,2.32
2024/05/24 星期五 00:10:53.784,1716480653784,NH-DC-NM129-D04-ROCE-Leaf-6.GPU.S9825,FourHundredGigE1/0/34,0,0,0,0,0,0
2024/05/24 星期五 00:10:54.281,1716480654281,NH-DC-NM129-D04-ROCE-Leaf-6.GPU.S9825,FourHundredGigE1/0/34,164760,624615140,244905,954132590,1.56,2.39
2024/05/24 星期五 00:10:54.887,1716480654887,NH-DC-NM129-D04-ROCE-Leaf-6.GPU.S9825,FourHundredGigE1/0/34,511986,2032135169,382683,1503557268,4.19,3.09
2024/05/24 星期五 00:10:55.830,1716480655830,NH-DC-NM129-D04-ROCE-Leaf-6.GPU.S9825,FourHundredGigE1/0/34,173785,671999500,128393,492473056,0.89,0.65
2024/05/24 星期五 00:10:56.411,1716480656411,NH-DC-NM129-D04-ROCE-Leaf-6.GPU.S9825,FourHundredGigE1/0/34,0,0,0,0,0,0
2024/05/24 星期五 00:10:57.151,1716480657151,NH-DC-NM129-D04-ROCE-Leaf-6.GPU.S9825,FourHundredGigE1/0/34,48623,174776636,138718,455091728,0.29,0.76
2024/05/24 星期五 00:10:57.765,1716480657765,NH-DC-NM129-D04-ROCE-Leaf-6.GPU.S9825,FourHundredGigE1/0/34,228701,882706058,286735,1101903426,1.79,2.24
2024/05/24 星期五 00:10:58.397,1716480658397,NH-DC-NM129-D04-ROCE-Leaf-6.GPU.S9825,FourHundredGigE1/0/34,0,0,0,0,0,0
2024/05/24 星期五 00:10:58.904,1716480658904,NH-DC-NM129-D04-ROCE-Leaf-6.GPU.S9825,FourHundredGigE1/0/34,495409,2019492448,224681,914508726,4.96,2.24
2024/05/24 星期五 00:10:59.627,1716480659627,NH-DC-NM129-D04-ROCE-Leaf-6.GPU.S9825,FourHundredGigE1/0/34,0,0,0,0,0,0
2024/05/24 星期五 00:11:00.478,1716480660478,NH-DC-NM129-D04-ROCE-Leaf-6.GPU.S9825,FourHundredGigE1/0/34,172647,566138724,124823,444206802,0.82,0.65
2024/05/24 星期五 00:11:00.986,1716480660986,NH-DC-NM129-D04-ROCE-Leaf-6.GPU.S9825,FourHundredGigE1/0/34,127353,445605330,64023,215636882,1.08,0.52
2024/05/24 星期五 00:11:01.515,1716480661515,NH-DC-NM129-D04-ROCE-Leaf-6.GPU.S9825,FourHundredGigE1/0/34,0,0,0,0,0,0
2024/05/24 星期五 00:11:02.018,1716480662018,NH-DC-NM129-D04-ROCE-Leaf-6.GPU.S9825,FourHundredGigE1/0/34,272644,446165468,619324,1781691310,1.09,4.42
2024/05/24 星期五 00:11:03.720,1716480663720,NH-DC-NM129-D04-ROCE-Leaf-6.GPU.S9825,FourHundredGigE1/0/34,154715,1108879218,95548,1012958759,0.81,0.74
2024/05/24 星期五 00:11:05.023,1716480665023,NH-DC-NM129-D04-ROCE-Leaf-6.GPU.S9825,FourHundredGigE1/0/34,1287562,5263660386,252350,955380364,5.05,0.91
2024/05/24 星期五 00:11:05.522,1716480665522,NH-DC-NM129-D04-ROCE-Leaf-6.GPU.S9825,FourHundredGigE1/0/34,0,0,0,0,0,0
2024/05/24 星期五 00:11:06.021,1716480666021,NH-DC-NM129-D04-ROCE-Leaf-6.GPU.S9825,FourHundredGigE1/0/34,2170431,8867334150,58893,196906534,22.19,0.48
2024/05/24 星期五 00:11:07.020,1716480667020,NH-DC-NM129-D04-ROCE-Leaf-6.GPU.S9825,FourHundredGigE1/0/34,1549063,6333534112,146801,570730426,7.92,0.71
2024/05/24 星期五 00:11:07.613,1716480667613,NH-DC-NM129-D04-ROCE-Leaf-6.GPU.S9825,FourHundredGigE1/0/34,475404,1849138076,149150,586626448,3.88,1.22
2024/05/24 星期五 00:11:09.012,1716480669012,NH-DC-NM129-D04-ROCE-Leaf-6.GPU.S9825,FourHundredGigE1/0/34,446011,1828908386,333590,1350331468,1.63,1.21
2024/05/24 星期五 00:11:09.704,1716480669704,NH-DC-NM129-D04-ROCE-Leaf-6.GPU.S9825,FourHundredGigE1/0/34,0,0,0,0,0,0
2024/05/24 星期五 00:11:10.296,1716480670296,NH-DC-NM129-D04-ROCE-Leaf-6.GPU.S9825,FourHundredGigE1/0/34,214891,711445142,206946,821591228,1.50,1.73
2024/05/24 星期五 00:11:10.797,1716480670797,NH-DC-NM129-D04-ROCE-Leaf-6.GPU.S9825,FourHundredGigE1/0/34,178007,651952186,225923,875296998,1.62,2.17
2024/05/24 星期五 00:11:11.602,1716480671602,NH-DC-NM129-D04-ROCE-Leaf-6.GPU.S9825,FourHundredGigE1/0/34,0,0,0,0,0,0
2024/05/24 星期五 00:11:12.167,1716480672167,NH-DC-NM129-D04-ROCE-Leaf-6.GPU.S9825,FourHundredGigE1/0/34,184133,491230830,186455,370787254,1.08,0.82
2024/05/24 星期五 00:11:12.669,1716480672669,NH-DC-NM129-D04-ROCE-Leaf-6.GPU.S9825,FourHundredGigE1/0/34,0,0,0,0,0,0
2024/05/24 星期五 00:11:13.212,1716480673212,NH-DC-NM129-D04-ROCE-Leaf-6.GPU.S9825,FourHundredGigE1/0/34,400935,1377355235,495865,1807697362,3.15,4.14
2024/05/24 星期五 00:11:13.831,1716480673831,NH-DC-NM129-D04-ROCE-Leaf-6.GPU.S9825,FourHundredGigE1/0/34,193153,712687658,402826,1613068656,1.43,3.25
2024/05/24 星期五 00:11:14.394,1716480674394,NH-DC-NM129-D04-ROCE-Leaf-6.GPU.S9825,FourHundredGigE1/0/34,0,0,0,0,0,0
2024/05/24 星期五 00:11:15.112,1716480675112,NH-DC-NM129-D04-ROCE-Leaf-6.GPU.S9825,FourHundredGigE1/0/34,151616,566879842,283602,1130046676,0.97,1.97
2024/05/24 星期五 00:11:15.736,1716480675736,NH-DC-NM129-D04-ROCE-Leaf-6.GPU.S9825,FourHundredGigE1/0/34,340799,1334780760,312404,1237944232,2.66,2.46
2024/05/24 星期五 00:11:16.246,1716480676246,NH-DC-NM129-D04-ROCE-Leaf-6.GPU.S9825,FourHundredGigE1/0/34,0,0,0,0,0,0
2024/05/24 星期五 00:11:16.954,1716480676954,NH-DC-NM129-D04-ROCE-Leaf-6.GPU.S9825,FourHundredGigE1/0/34,271967,1094999658,276994,1087814932,1.92,1.91
2024/05/24 星期五 00:11:17.514,1716480677514,NH-DC-NM129-D04-ROCE-Leaf-6.GPU.S9825,FourHundredGigE1/0/34,0,0,0,0,0,0
2024/05/24 星期五 00:11:18.016,1716480678016,NH-DC-NM129-D04-ROCE-Leaf-6.GPU.S9825,FourHundredGigE1/0/34,210620,838989792,175787,661305098,2.07,1.64
2024/05/24 星期五 00:11:18.706,1716480678706,NH-DC-NM129-D04-ROCE-Leaf-6.GPU.S9825,FourHundredGigE1/0/34,0,0,0,0,0,0
2024/05/24 星期五 00:11:19.209,1716480679209,NH-DC-NM129-D04-ROCE-Leaf-6.GPU.S9825,FourHundredGigE1/0/34,216106,825834012,164249,620841878,2.04,1.54
2024/05/24 星期五 00:11:19.714,1716480679714,NH-DC-NM129-D04-ROCE-Leaf-6.GPU.S9825,FourHundredGigE1/0/34,0,0,0,0,0,0
2024/05/24 星期五 00:11:20.328,1716480680328,NH-DC-NM129-D04-ROCE-Leaf-6.GPU.S9825,FourHundredGigE1/0/34,64694,219628573,296659,1207638770,0.43,2.44
2024/05/24 星期五 00:11:20.889,1716480680889,NH-DC-NM129-D04-ROCE-Leaf-6.GPU.S9825,FourHundredGigE1/0/34,202077,813586770,187810,707829830,1.80,1.56
2024/05/24 星期五 00:11:21.403,1716480681403,NH-DC-NM129-D04-ROCE-Leaf-6.GPU.S9825,FourHundredGigE1/0/34,0,0,0,0,0,0
2024/05/24 星期五 00:11:22.085,1716480682085,NH-DC-NM129-D04-ROCE-Leaf-6.GPU.S9825,FourHundredGigE1/0/34,105113,423058666,324119,1262325280,0.77,2.31
2024/05/24 星期五 00:11:23.041,1716480683041,NH-DC-NM129-D04-ROCE-Leaf-6.GPU.S9825,FourHundredGigE1/0/34,477353,1946223602,144569,526072454,2.54,0.68
2024/05/24 星期五 00:11:23.689,1716480683689,NH-DC-NM129-D04-ROCE-Leaf-6.GPU.S9825,FourHundredGigE1/0/34,138313,524869485,136934,523449280,1.00,1.00
2024/05/24 星期五 00:11:24.387,1716480684387,NH-DC-NM129-D04-ROCE-Leaf-6.GPU.S9825,FourHundredGigE1/0/34,0,0,0,0,0,0
2024/05/24 星期五 00:11:24.929,1716480684929,NH-DC-NM129-D04-ROCE-Leaf-6.GPU.S9825,FourHundredGigE1/0/34,180775,675782741,164601,661453158,1.55,1.52
2024/05/24 星期五 00:11:25.559,1716480685559,NH-DC-NM129-D04-ROCE-Leaf-6.GPU.S9825,FourHundredGigE1/0/34,0,0,0,0,0,0
2024/05/24 星期五 00:11:26.071,1716480686071,NH-DC-NM129-D04-ROCE-Leaf-6.GPU.S9825,FourHundredGigE1/0/34,88972,313009398,174669,700642842,0.76,1.71
2024/05/24 星期五 00:11:26.589,1716480686589,NH-DC-NM129-D04-ROCE-Leaf-6.GPU.S9825,FourHundredGigE1/0/34,0,0,0,0,0,0
2024/05/24 星期五 00:11:27.098,1716480687098,NH-DC-NM129-D04-ROCE-Leaf-6.GPU.S9825,FourHundredGigE1/0/34,168696,655306058,190775,754506322,1.60,1.84
2024/05/24 星期五 00:11:28.537,1716480688537,NH-DC-NM129-D04-ROCE-Leaf-6.GPU.S9825,FourHundredGigE1/0/34,136713,550996234,240206,950608532,0.48,0.83
2024/05/24 星期五 00:11:29.039,1716480689039,NH-DC-NM129-D04-ROCE-Leaf-6.GPU.S9825,FourHundredGigE1/0/34,212453,821236378,229063,880955422,2.04,2.19
2024/05/24 星期五 00:11:29.538,1716480689538,NH-DC-NM129-D04-ROCE-Leaf-6.GPU.S9825,FourHundredGigE1/0/34,0,0,0,0,0,0
2024/05/24 星期五 00:11:30.037,1716480690037,NH-DC-NM129-D04-ROCE-Leaf-6.GPU.S9825,FourHundredGigE1/0/34,69953,244068166,98642,359116520,0.60,0.88
2024/05/24 星期五 00:11:30.737,1716480690737,NH-DC-NM129-D04-ROCE-Leaf-6.GPU.S9825,FourHundredGigE1/0/34,137437,530949348,211654,831145172,0.95,1.48
2024/05/24 星期五 00:11:31.298,1716480691298,NH-DC-NM129-D04-ROCE-Leaf-6.GPU.S9825,FourHundredGigE1/0/34,0,0,0,0,0,0
2024/05/24 星期五 00:11:31.985,1716480691985,NH-DC-NM129-D04-ROCE-Leaf-6.GPU.S9825,FourHundredGigE1/0/34,128117,526882360,169138,671911828,0.95,1.22
2024/05/24 星期五 00:11:32.537,1716480692537,NH-DC-NM129-D04-ROCE-Leaf-6.GPU.S9825,FourHundredGigE1/0/34,0,0,0,0,0,0
2024/05/24 星期五 00:11:33.038,1716480693038,NH-DC-NM129-D04-ROCE-Leaf-6.GPU.S9825,FourHundredGigE1/0/34,94152,383838988,62901,219125982,0.95,0.52
2024/05/24 星期五 00:11:33.576,1716480693576,NH-DC-NM129-D04-ROCE-Leaf-6.GPU.S9825,FourHundredGigE1/0/34,0,0,0,0,0,0
2024/05/24 星期五 00:11:34.312,1716480694312,NH-DC-NM129-D04-ROCE-Leaf-6.GPU.S9825,FourHundredGigE1/0/34,58377,233942691,70031,249145914,0.39,0.41
2024/05/24 星期五 00:11:34.946,1716480694946,NH-DC-NM129-D04-ROCE-Leaf-6.GPU.S9825,FourHundredGigE1/0/34,108809,338090390,209284,751210508,0.65,1.48
2024/05/24 星期五 00:11:36.083,1716480696083,NH-DC-NM129-D04-ROCE-Leaf-6.GPU.S9825,FourHundredGigE1/0/34,165011,595195198,154103,601098906,0.65,0.66
2024/05/24 星期五 00:11:36.585,1716480696585,NH-DC-NM129-D04-ROCE-Leaf-6.GPU.S9825,FourHundredGigE1/0/34,0,0,0,0,0,0
2024/05/24 星期五 00:11:37.085,1716480697085,NH-DC-NM129-D04-ROCE-Leaf-6.GPU.S9825,FourHundredGigE1/0/34,245155,918396334,341663,1365206762,2.28,3.4
2024/05/24 星期五 00:11:37.655,1716480697655,NH-DC-NM129-D04-ROCE-Leaf-6.GPU.S9825,FourHundredGigE1/0/34,0,0,0,0,0,0
2024/05/24 星期五 00:11:38.239,1716480698239,NH-DC-NM129-D04-ROCE-Leaf-6.GPU.S9825,FourHundredGigE1/0/34,328181,1324783757,226183,882637674,2.83,1.88
2024/05/24 星期五 00:11:38.919,1716480698919,NH-DC-NM129-D04-ROCE-Leaf-6.GPU.S9825,FourHundredGigE1/0/34,128058,484520770,264755,1031571070,0.88,1.89
2024/05/24 星期五 00:11:39.425,1716480699425,NH-DC-NM129-D04-ROCE-Leaf-6.GPU.S9825,FourHundredGigE1/0/34,0,0,0,0,0,0
2024/05/24 星期五 00:11:40.601,1716480700601,NH-DC-NM129-D04-ROCE-Leaf-6.GPU.S9825,FourHundredGigE1/0/34,263653,1041999138,163196,626508644,1.11,0.66
2024/05/24 星期五 00:11:41.101,1716480701101,NH-DC-NM129-D04-ROCE-Leaf-6.GPU.S9825,FourHundredGigE1/0/34,211839,805466355,242803,918523114,2,2.28
2024/05/24 星期五 00:11:42.097,1716480702097,NH-DC-NM129-D04-ROCE-Leaf-6.GPU.S9825,FourHundredGigE1/0/34,410535,1673537882,375188,1508434652,2.10,1.88
2024/05/24 星期五 00:11:42.827,1716480702827,NH-DC-NM129-D04-ROCE-Leaf-6.GPU.S9825,FourHundredGigE1/0/34,120486,452561675,150275,573289014,0.77,0.98
2024/05/24 星期五 00:11:43.331,1716480703331,NH-DC-NM129-D04-ROCE-Leaf-6.GPU.S9825,FourHundredGigE1/0/34,0,0,0,0,0,0
2024/05/24 星期五 00:11:43.937,1716480703937,NH-DC-NM129-D04-ROCE-Leaf-6.GPU.S9825,FourHundredGigE1/0/34,222580,866232734,175430,689117624,1.77,1.40
2024/05/24 星期五 00:11:44.707,1716480704707,NH-DC-NM129-D04-ROCE-Leaf-6.GPU.S9825,FourHundredGigE1/0/34,0,0,0,0,0,0
2024/05/24 星期五 00:11:45.264,1716480705264,NH-DC-NM129-D04-ROCE-Leaf-6.GPU.S9825,FourHundredGigE1/0/34,188754,674007016,335168,1323925196,1.50,2.96
2024/05/24 星期五 00:11:45.962,1716480705962,NH-DC-NM129-D04-ROCE-Leaf-6.GPU.S9825,FourHundredGigE1/0/34,107523,369714130,189616,686527148,0.64,1.22
2024/05/24 星期五 00:11:46.571,1716480706571,NH-DC-NM129-D04-ROCE-Leaf-6.GPU.S9825,FourHundredGigE1/0/34,0,0,0,0,0,0
2024/05/24 星期五 00:11:47.072,1716480707072,NH-DC-NM129-D04-ROCE-Leaf-6.GPU.S9825,FourHundredGigE1/0/34,104631,370065286,129800,483759788,0.92,1.20
2024/05/24 星期五 00:11:47.644,1716480707644,NH-DC-NM129-D04-ROCE-Leaf-6.GPU.S9825,FourHundredGigE1/0/34,170836,626259796,134839,496975622,1.35,1.07
2024/05/24 星期五 00:11:48.236,1716480708236,NH-DC-NM129-D04-ROCE-Leaf-6.GPU.S9825,FourHundredGigE1/0/34,0,0,0,0,0,0
2024/05/24 星期五 00:11:48.964,1716480708964,NH-DC-NM129-D04-ROCE-Leaf-6.GPU.S9825,FourHundredGigE1/0/34,115089,390505854,253766,988816040,0.67,1.68
2024/05/24 星期五 00:11:49.535,1716480709535,NH-DC-NM129-D04-ROCE-Leaf-6.GPU.S9825,FourHundredGigE1/0/34,0,0,0,0,0,0
2024/05/24 星期五 00:11:50.035,1716480710035,NH-DC-NM129-D04-ROCE-Leaf-6.GPU.S9825,FourHundredGigE1/0/34,106917,400792663,160068,581670396,1,1.45
2024/05/24 星期五 00:11:50.535,1716480710535,NH-DC-NM129-D04-ROCE-Leaf-6.GPU.S9825,FourHundredGigE1/0/34,0,0,0,0,0,0
2024/05/24 星期五 00:11:51.033,1716480711033,NH-DC-NM129-D04-ROCE-Leaf-6.GPU.S9825,FourHundredGigE1/0/34,97732,326572884,211760,821770064,0.80,2.06
2024/05/24 星期五 00:11:51.638,1716480711638,NH-DC-NM129-D04-ROCE-Leaf-6.GPU.S9825,FourHundredGigE1/0/34,112348,396808080,172426,670001556,0.81,1.38
2024/05/24 星期五 00:11:52.386,1716480712386,NH-DC-NM129-D04-ROCE-Leaf-6.GPU.S9825,FourHundredGigE1/0/34,0,0,0,0,0,0
2024/05/24 星期五 00:11:52.961,1716480712961,NH-DC-NM129-D04-ROCE-Leaf-6.GPU.S9825,FourHundredGigE1/0/34,431563,1757723382,782135,3211538138,3.80,6.98
2024/05/24 星期五 00:11:53.462,1716480713462,NH-DC-NM129-D04-ROCE-Leaf-6.GPU.S9825,FourHundredGigE1/0/34,0,0,0,0,0,0
2024/05/24 星期五 00:11:54.032,1716480714032,NH-DC-NM129-D04-ROCE-Leaf-6.GPU.S9825,FourHundredGigE1/0/34,264371,1045606536,186730,690966792,2.28,1.51
2024/05/24 星期五 00:11:55.141,1716480715141,NH-DC-NM129-D04-ROCE-Leaf-6.GPU.S9825,FourHundredGigE1/0/34,323833,1300118240,115292,418048260,1.47,0.46
2024/05/24 星期五 00:11:56.002,1716480716002,NH-DC-NM129-D04-ROCE-Leaf-6.GPU.S9825,FourHundredGigE1/0/34,483523,1964566730,246445,999214804,2.85,1.44
2024/05/24 星期五 00:11:56.543,1716480716543,NH-DC-NM129-D04-ROCE-Leaf-6.GPU.S9825,FourHundredGigE1/0/34,0,0,0,0,0,0
2024/05/24 星期五 00:11:57.044,1716480717044,NH-DC-NM129-D04-ROCE-Leaf-6.GPU.S9825,FourHundredGigE1/0/34,90025,352590364,149395,544762260,0.87,1.35
2024/05/24 星期五 00:11:57.589,1716480717589,NH-DC-NM129-D04-ROCE-Leaf-6.GPU.S9825,FourHundredGigE1/0/34,0,0,0,0,0,0
2024/05/24 星期五 00:11:58.094,1716480718094,NH-DC-NM129-D04-ROCE-Leaf-6.GPU.S9825,FourHundredGigE1/0/34,136647,525156800,282778,1084731268,1.29,2.67
2024/05/24 星期五 00:11:58.723,1716480718723,NH-DC-NM129-D04-ROCE-Leaf-6.GPU.S9825,FourHundredGigE1/0/34,69341,274896306,239142,706707420,0.54,1.39
2024/05/24 星期五 00:11:59.466,1716480719466,NH-DC-NM129-D04-ROCE-Leaf-6.GPU.S9825,FourHundredGigE1/0/34,0,0,0,0,0,0
2024/05/24 星期五 00:12:00.022,1716480720022,NH-DC-NM129-D04-ROCE-Leaf-6.GPU.S9825,FourHundredGigE1/0/34,335973,1363772578,367345,1291716158,3.06,2.90
2024/05/24 星期五 00:12:00.521,1716480720521,NH-DC-NM129-D04-ROCE-Leaf-6.GPU.S9825,FourHundredGigE1/0/34,0,0,0,0,0,0
2024/05/24 星期五 00:12:01.021,1716480721021,NH-DC-NM129-D04-ROCE-Leaf-6.GPU.S9825,FourHundredGigE1/0/34,245856,968715732,271013,1051553398,2.4,2.62
2024/05/24 星期五 00:12:01.589,1716480721589,NH-DC-NM129-D04-ROCE-Leaf-6.GPU.S9825,FourHundredGigE1/0/34,0,0,0,0,0,0
2024/05/24 星期五 00:12:02.344,1716480722344,NH-DC-NM129-D04-ROCE-Leaf-6.GPU.S9825,FourHundredGigE1/0/34,268421,1004893666,815270,3075602828,1.66,5.08
2024/05/24 星期五 00:12:04.316,1716480724316,NH-DC-NM129-D04-ROCE-Leaf-6.GPU.S9825,FourHundredGigE1/0/34,150641,565382871,274090,1059138232,0.35,0.67
2024/05/24 星期五 00:12:04.972,1716480724972,NH-DC-NM129-D04-ROCE-Leaf-6.GPU.S9825,FourHundredGigE1/0/34,175526,695890160,177440,685334432,1.31,1.30
2024/05/24 星期五 00:12:05.528,1716480725528,NH-DC-NM129-D04-ROCE-Leaf-6.GPU.S9825,FourHundredGigE1/0/34,0,0,0,0,0,0
2024/05/24 星期五 00:12:06.048,1716480726048,NH-DC-NM129-D04-ROCE-Leaf-6.GPU.S9825,FourHundredGigE1/0/34,425617,1716014206,322872,1303515444,4.11,3.12
2024/05/24 星期五 00:12:07.676,1716480727676,NH-DC-NM129-D04-ROCE-Leaf-6.GPU.S9825,FourHundredGigE1/0/34,260552,1035734600,353769,1417196610,0.79,1.08
2024/05/24 星期五 00:12:08.179,1716480728179,NH-DC-NM129-D04-ROCE-Leaf-6.GPU.S9825,FourHundredGigE1/0/34,259291,1058307934,80436,313712520,2.61,0.77
2024/05/24 星期五 00:12:08.719,1716480728719,NH-DC-NM129-D04-ROCE-Leaf-6.GPU.S9825,FourHundredGigE1/0/34,0,0,0,0,0,0
2024/05/24 星期五 00:12:09.218,1716480729218,NH-DC-NM129-D04-ROCE-Leaf-6.GPU.S9825,FourHundredGigE1/0/34,216285,846106506,78398,301090108,2.10,0.75
2024/05/24 星期五 00:12:09.982,1716480729982,NH-DC-NM129-D04-ROCE-Leaf-6.GPU.S9825,FourHundredGigE1/0/34,278894,1034535428,263030,1010566128,1.69,1.65
2024/05/24 星期五 00:12:10.558,1716480730558,NH-DC-NM129-D04-ROCE-Leaf-6.GPU.S9825,FourHundredGigE1/0/34,0,0,0,0,0,0
2024/05/24 星期五 00:12:11.144,1716480731144,NH-DC-NM129-D04-ROCE-Leaf-6.GPU.S9825,FourHundredGigE1/0/34,240491,893198823,189433,696097282,1.90,1.47
2024/05/24 星期五 00:12:11.726,1716480731726,NH-DC-NM129-D04-ROCE-Leaf-6.GPU.S9825,FourHundredGigE1/0/34,334660,1276611536,189362,684548432,2.73,1.46
2024/05/24 星期五 00:12:12.392,1716480732392,NH-DC-NM129-D04-ROCE-Leaf-6.GPU.S9825,FourHundredGigE1/0/34,0,0,0,0,0,0
2024/05/24 星期五 00:12:12.889,1716480732889,NH-DC-NM129-D04-ROCE-Leaf-6.GPU.S9825,FourHundredGigE1/0/34,366414,1385087846,280180,1120302392,3.47,2.82
2024/05/24 星期五 00:12:13.712,1716480733712,NH-DC-NM129-D04-ROCE-Leaf-6.GPU.S9825,FourHundredGigE1/0/34,0,0,0,0,0,0
2024/05/24 星期五 00:12:14.247,1716480734247,NH-DC-NM129-D04-ROCE-Leaf-6.GPU.S9825,FourHundredGigE1/0/34,267044,1041297106,219896,855418672,2.43,1.99
2024/05/24 星期五 00:12:14.749,1716480734749,NH-DC-NM129-D04-ROCE-Leaf-6.GPU.S9825,FourHundredGigE1/0/34,0,0,0,0,0,0
2024/05/24 星期五 00:12:15.257,1716480735257,NH-DC-NM129-D04-ROCE-Leaf-6.GPU.S9825,FourHundredGigE1/0/34,310553,1255005556,147634,598103600,3.08,1.45
2024/05/24 星期五 00:12:15.863,1716480735863,NH-DC-NM129-D04-ROCE-Leaf-6.GPU.S9825,FourHundredGigE1/0/34,147497,576239190,107549,390740282,1.18,0.80
2024/05/24 星期五 00:12:16.375,1716480736375,NH-DC-NM129-D04-ROCE-Leaf-6.GPU.S9825,FourHundredGigE1/0/34,0,0,0,0,0,0
2024/05/24 星期五 00:12:17.143,1716480737143,NH-DC-NM129-D04-ROCE-Leaf-6.GPU.S9825,FourHundredGigE1/0/34,81839,273477818,81218,287976536,0.44,0.46
2024/05/24 星期五 00:12:17.647,1716480737647,NH-DC-NM129-D04-ROCE-Leaf-6.GPU.S9825,FourHundredGigE1/0/34,0,0,0,0,0,0
2024/05/24 星期五 00:12:18.149,1716480738149,NH-DC-NM129-D04-ROCE-Leaf-6.GPU.S9825,FourHundredGigE1/0/34,359732,1430875938,217417,806537430,3.56,1.99
2024/05/24 星期五 00:12:18.697,1716480738697,NH-DC-NM129-D04-ROCE-Leaf-6.GPU.S9825,FourHundredGigE1/0/34,0,0,0,0,0,0
2024/05/24 星期五 00:12:19.245,1716480739245,NH-DC-NM129-D04-ROCE-Leaf-6.GPU.S9825,FourHundredGigE1/0/34,195815,773051232,152766,577477632,1.76,1.30
2024/05/24 星期五 00:12:19.747,1716480739747,NH-DC-NM129-D04-ROCE-Leaf-6.GPU.S9825,FourHundredGigE1/0/34,123589,467479490,144246,562795701,1.15,1.39
2024/05/24 星期五 00:12:20.721,1716480740721,NH-DC-NM129-D04-ROCE-Leaf-6.GPU.S9825,FourHundredGigE1/0/34,0,0,0,0,0,0
2024/05/24 星期五 00:12:21.222,1716480741222,NH-DC-NM129-D04-ROCE-Leaf-6.GPU.S9825,FourHundredGigE1/0/34,117300,435961936,129732,491280984,1.07,1.22
2024/05/24 星期五 00:12:21.769,1716480741769,NH-DC-NM129-D04-ROCE-Leaf-6.GPU.S9825,FourHundredGigE1/0/34,0,0,0,0,0,0
2024/05/24 星期五 00:12:22.306,1716480742306,NH-DC-NM129-D04-ROCE-Leaf-6.GPU.S9825,FourHundredGigE1/0/34,389897,1559308366,458633,1828906128,3.61,4.24
2024/05/24 星期五 00:12:22.813,1716480742813,NH-DC-NM129-D04-ROCE-Leaf-6.GPU.S9825,FourHundredGigE1/0/34,110856,375562344,127055,444841044,0.91,1.08
2024/05/24 星期五 00:12:23.399,1716480743399,NH-DC-NM129-D04-ROCE-Leaf-6.GPU.S9825,FourHundredGigE1/0/34,0,0,0,0,0,0
2024/05/24 星期五 00:12:24.201,1716480744201,NH-DC-NM129-D04-ROCE-Leaf-6.GPU.S9825,FourHundredGigE1/0/34,179641,599797326,166512,649867392,0.92,1.00
2024/05/24 星期五 00:12:24.701,1716480744701,NH-DC-NM129-D04-ROCE-Leaf-6.GPU.S9825,FourHundredGigE1/0/34,0,0,0,0,0,0
2024/05/24 星期五 00:12:25.203,1716480745203,NH-DC-NM129-D04-ROCE-Leaf-6.GPU.S9825,FourHundredGigE1/0/34,403027,1591201699,406429,1621730182,3.96,4.03
2024/05/24 星期五 00:12:25.820,1716480745820,NH-DC-NM129-D04-ROCE-Leaf-6.GPU.S9825,FourHundredGigE1/0/34,309120,1220846848,145303,524224454,2.47,1.05
2024/05/24 星期五 00:12:26.311,1716480746311,NH-DC-NM129-D04-ROCE-Leaf-6.GPU.S9825,FourHundredGigE1/0/34,0,0,0,0,0,0
2024/05/24 星期五 00:12:26.897,1716480746897,NH-DC-NM129-D04-ROCE-Leaf-6.GPU.S9825,FourHundredGigE1/0/34,161359,481171414,188369,691881026,1.02,1.47
2024/05/24 星期五 00:12:27.571,1716480747571,NH-DC-NM129-D04-ROCE-Leaf-6.GPU.S9825,FourHundredGigE1/0/34,0,0,0,0,0,0
2024/05/24 星期五 00:12:28.069,1716480748069,NH-DC-NM129-D04-ROCE-Leaf-6.GPU.S9825,FourHundredGigE1/0/34,279732,1080077548,178743,690562666,2.71,1.73
2024/05/24 星期五 00:12:28.697,1716480748697,NH-DC-NM129-D04-ROCE-Leaf-6.GPU.S9825,FourHundredGigE1/0/34,0,0,0,0,0,0
2024/05/24 星期五 00:12:29.219,1716480749219,NH-DC-NM129-D04-ROCE-Leaf-6.GPU.S9825,FourHundredGigE1/0/34,475067,1607311307,358036,1348047444,3.83,3.21
2024/05/24 星期五 00:12:29.821,1716480749821,NH-DC-NM129-D04-ROCE-Leaf-6.GPU.S9825,FourHundredGigE1/0/34,636444,2268400928,671735,2583825926,4.69,5.36
2024/05/24 星期五 00:12:30.592,1716480750592,NH-DC-NM129-D04-ROCE-Leaf-6.GPU.S9825,FourHundredGigE1/0/34,0,0,0,0,0,0
2024/05/24 星期五 00:12:31.164,1716480751164,NH-DC-NM129-D04-ROCE-Leaf-6.GPU.S9825,FourHundredGigE1/0/34,544493,2101958450,519971,2000440634,4.59,4.37
2024/05/24 星期五 00:12:31.732,1716480751732,NH-DC-NM129-D04-ROCE-Leaf-6.GPU.S9825,FourHundredGigE1/0/34,211429,819355398,224973,875435634,1.78,1.91
2024/05/24 星期五 00:12:32.390,1716480752390,NH-DC-NM129-D04-ROCE-Leaf-6.GPU.S9825,FourHundredGigE1/0/34,0,0,0,0,0,0
2024/05/24 星期五 00:12:32.996,1716480752996,NH-DC-NM129-D04-ROCE-Leaf-6.GPU.S9825,FourHundredGigE1/0/34,404662,1590766892,322137,1261648218,3.28,2.60
2024/05/24 星期五 00:12:33.622,1716480753622,NH-DC-NM129-D04-ROCE-Leaf-6.GPU.S9825,FourHundredGigE1/0/34,165674,636705976,195528,695732980,1.26,1.38
2024/05/24 星期五 00:12:34.478,1716480754478,NH-DC-NM129-D04-ROCE-Leaf-6.GPU.S9825,FourHundredGigE1/0/34,0,0,0,0,0,0
2024/05/24 星期五 00:12:34.981,1716480754981,NH-DC-NM129-D04-ROCE-Leaf-6.GPU.S9825,FourHundredGigE1/0/34,198437,698866834,183794,710654736,1.71,1.76
2024/05/24 星期五 00:12:35.586,1716480755586,NH-DC-NM129-D04-ROCE-Leaf-6.GPU.S9825,FourHundredGigE1/0/34,0,0,0,0,0,0
2024/05/24 星期五 00:12:36.162,1716480756162,NH-DC-NM129-D04-ROCE-Leaf-6.GPU.S9825,FourHundredGigE1/0/34,213313,794454406,541873,2199895218,1.71,4.75
2024/05/24 星期五 00:12:36.666,1716480756666,NH-DC-NM129-D04-ROCE-Leaf-6.GPU.S9825,FourHundredGigE1/0/34,0,0,0,0,0,0
2024/05/24 星期五 00:12:37.170,1716480757170,NH-DC-NM129-D04-ROCE-Leaf-6.GPU.S9825,FourHundredGigE1/0/34,259864,1022585464,192858,706555272,2.53,1.74
2024/05/24 星期五 00:12:37.913,1716480757913,NH-DC-NM129-D04-ROCE-Leaf-6.GPU.S9825,FourHundredGigE1/0/34,60405,203012175,224059,876468330,0.34,1.46
2024/05/24 星期五 00:12:38.418,1716480758418,NH-DC-NM129-D04-ROCE-Leaf-6.GPU.S9825,FourHundredGigE1/0/34,0,0,0,0,0,0
2024/05/24 星期五 00:12:38.928,1716480758928,NH-DC-NM129-D04-ROCE-Leaf-6.GPU.S9825,FourHundredGigE1/0/34,122389,362166318,163620,597679544,0.88,1.45
2024/05/24 星期五 00:12:39.504,1716480759504,NH-DC-NM129-D04-ROCE-Leaf-6.GPU.S9825,FourHundredGigE1/0/34,0,0,0,0,0,0
2024/05/24 星期五 00:12:40.024,1716480760024,NH-DC-NM129-D04-ROCE-Leaf-6.GPU.S9825,FourHundredGigE1/0/34,239734,813887830,371430,1493559876,1.95,3.58
2024/05/24 星期五 00:12:40.651,1716480760651,NH-DC-NM129-D04-ROCE-Leaf-6.GPU.S9825,FourHundredGigE1/0/34,55387,216107378,84807,331624998,0.42,0.66
2024/05/24 星期五 00:12:41.357,1716480761357,NH-DC-NM129-D04-ROCE-Leaf-6.GPU.S9825,FourHundredGigE1/0/34,0,0,0,0,0,0
2024/05/24 星期五 00:12:42.103,1716480762103,NH-DC-NM129-D04-ROCE-Leaf-6.GPU.S9825,FourHundredGigE1/0/34,168671,653613978,34589,138506838,1.09,0.22
2024/05/24 星期五 00:12:42.734,1716480762734,NH-DC-NM129-D04-ROCE-Leaf-6.GPU.S9825,FourHundredGigE1/0/34,360796,1469496483,123713,494451502,2.89,0.97
2024/05/24 星期五 00:12:43.275,1716480763275,NH-DC-NM129-D04-ROCE-Leaf-6.GPU.S9825,FourHundredGigE1/0/34,0,0,0,0,0,0
2024/05/24 星期五 00:12:43.910,1716480763910,NH-DC-NM129-D04-ROCE-Leaf-6.GPU.S9825,FourHundredGigE1/0/34,427323,1588478440,144518,559413438,3.11,1.08
2024/05/24 星期五 00:12:44.810,1716480764810,NH-DC-NM129-D04-ROCE-Leaf-6.GPU.S9825,FourHundredGigE1/0/34,0,0,0,0,0,0
2024/05/24 星期五 00:12:45.774,1716480765774,NH-DC-NM129-D04-ROCE-Leaf-6.GPU.S9825,FourHundredGigE1/0/34,428955,1596090294,71724,252018822,2.06,0.32
2024/05/24 星期五 00:12:46.295,1716480766295,NH-DC-NM129-D04-ROCE-Leaf-6.GPU.S9825,FourHundredGigE1/0/34,96053,358177286,141320,527018196,0.84,1.25
2024/05/24 星期五 00:12:47.765,1716480767765,NH-DC-NM129-D04-ROCE-Leaf-6.GPU.S9825,FourHundredGigE1/0/34,298851,1169762698,326890,1320519832,0.99,1.12
2024/05/24 星期五 00:12:48.290,1716480768290,NH-DC-NM129-D04-ROCE-Leaf-6.GPU.S9825,FourHundredGigE1/0/34,144065,459585170,123519,415120582,1.07,0.98
2024/05/24 星期五 00:12:48.770,1716480768770,NH-DC-NM129-D04-ROCE-Leaf-6.GPU.S9825,FourHundredGigE1/0/34,0,0,0,0,0,0
2024/05/24 星期五 00:12:49.273,1716480769273,NH-DC-NM129-D04-ROCE-Leaf-6.GPU.S9825,FourHundredGigE1/0/34,127443,483030750,131318,466184504,1.19,1.14
2024/05/24 星期五 00:12:49.786,1716480769786,NH-DC-NM129-D04-ROCE-Leaf-6.GPU.S9825,FourHundredGigE1/0/34,0,0,0,0,0,0
2024/05/24 星期五 00:12:50.283,1716480770283,NH-DC-NM129-D04-ROCE-Leaf-6.GPU.S9825,FourHundredGigE1/0/34,111170,407766324,1016394,4105412782,1.01,10.31
2024/05/24 星期五 00:12:50.914,1716480770914,NH-DC-NM129-D04-ROCE-Leaf-6.GPU.S9825,FourHundredGigE1/0/34,449888,1814118892,1082481,4415011478,3.59,8.74
2024/05/24 星期五 00:12:51.515,1716480771515,NH-DC-NM129-D04-ROCE-Leaf-6.GPU.S9825,FourHundredGigE1/0/34,0,0,0,0,0,0
2024/05/24 星期五 00:12:52.017,1716480772017,NH-DC-NM129-D04-ROCE-Leaf-6.GPU.S9825,FourHundredGigE1/0/34,132303,470049114,1018068,4124058648,1.17,10.26
2024/05/24 星期五 00:12:52.622,1716480772622,NH-DC-NM129-D04-ROCE-Leaf-6.GPU.S9825,FourHundredGigE1/0/34,0,0,0,0,0,0
2024/05/24 星期五 00:12:53.127,1716480773127,NH-DC-NM129-D04-ROCE-Leaf-6.GPU.S9825,FourHundredGigE1/0/34,131067,501361822,1056388,4304868414,1.24,10.64
2024/05/24 星期五 00:12:53.978,1716480773978,NH-DC-NM129-D04-ROCE-Leaf-6.GPU.S9825,FourHundredGigE1/0/34,206568,678937385,742844,2971765348,0.98,4.36
2024/05/24 星期五 00:12:55.778,1716480775778,NH-DC-NM129-D04-ROCE-Leaf-6.GPU.S9825,FourHundredGigE1/0/34,303608,1027820564,303782,1107749060,0.71,0.76
2024/05/24 星期五 00:12:56.338,1716480776338,NH-DC-NM129-D04-ROCE-Leaf-6.GPU.S9825,FourHundredGigE1/0/34,0,0,0,0,0,0
2024/05/24 星期五 00:12:56.897,1716480776897,NH-DC-NM129-D04-ROCE-Leaf-6.GPU.S9825,FourHundredGigE1/0/34,221040,862369256,206880,798627916,1.92,1.77
2024/05/24 星期五 00:12:57.397,1716480777397,NH-DC-NM129-D04-ROCE-Leaf-6.GPU.S9825,FourHundredGigE1/0/34,0,0,0,0,0,0
2024/05/24 星期五 00:12:58.149,1716480778149,NH-DC-NM129-D04-ROCE-Leaf-6.GPU.S9825,FourHundredGigE1/0/34,389943,1487068274,193931,731407962,2.46,1.21
2024/05/24 星期五 00:12:58.678,1716480778678,NH-DC-NM129-D04-ROCE-Leaf-6.GPU.S9825,FourHundredGigE1/0/34,0,0,0,0,0,0
2024/05/24 星期五 00:12:59.178,1716480779178,NH-DC-NM129-D04-ROCE-Leaf-6.GPU.S9825,FourHundredGigE1/0/34,206882,747335832,285058,1059185748,1.85,2.62
2024/05/24 星期五 00:12:59.800,1716480779800,NH-DC-NM129-D04-ROCE-Leaf-6.GPU.S9825,FourHundredGigE1/0/34,266760,1014679760,150997,519385290,2.03,1.02
2024/05/24 星期五 00:13:00.374,1716480780374,NH-DC-NM129-D04-ROCE-Leaf-6.GPU.S9825,FourHundredGigE1/0/34,0,0,0,0,0,0
2024/05/24 星期五 00:13:00.877,1716480780877,NH-DC-NM129-D04-ROCE-Leaf-6.GPU.S9825,FourHundredGigE1/0/34,540665,2173499970,225492,886340008,5.39,2.19
2024/05/24 星期五 00:13:01.564,1716480781564,NH-DC-NM129-D04-ROCE-Leaf-6.GPU.S9825,FourHundredGigE1/0/34,0,0,0,0,0,0
2024/05/24 星期五 00:13:02.096,1716480782096,NH-DC-NM129-D04-ROCE-Leaf-6.GPU.S9825,FourHundredGigE1/0/34,255723,1015802186,186559,683704362,2.37,1.60
2024/05/24 星期五 00:13:03.746,1716480783746,NH-DC-NM129-D04-ROCE-Leaf-6.GPU.S9825,FourHundredGigE1/0/34,438640,1708901212,443140,1668769736,1.29,1.26
2024/05/24 星期五 00:13:04.869,1716480784869,NH-DC-NM129-D04-ROCE-Leaf-6.GPU.S9825,FourHundredGigE1/0/34,397909,1620723346,299358,1229474152,1.80,1.36
2024/05/24 星期五 00:13:05.508,1716480785508,NH-DC-NM129-D04-ROCE-Leaf-6.GPU.S9825,FourHundredGigE1/0/34,0,0,0,0,0,0
2024/05/24 星期五 00:13:06.009,1716480786009,NH-DC-NM129-D04-ROCE-Leaf-6.GPU.S9825,FourHundredGigE1/0/34,116005,444103226,65320,246397664,1.10,0.60
2024/05/24 星期五 00:13:06.539,1716480786539,NH-DC-NM129-D04-ROCE-Leaf-6.GPU.S9825,FourHundredGigE1/0/34,0,0,0,0,0,0
2024/05/24 星期五 00:13:07.143,1716480787143,NH-DC-NM129-D04-ROCE-Leaf-6.GPU.S9825,FourHundredGigE1/0/34,147580,577573992,161151,608812498,1.18,1.24
2024/05/24 星期五 00:13:07.647,1716480787647,NH-DC-NM129-D04-ROCE-Leaf-6.GPU.S9825,FourHundredGigE1/0/34,0,0,0,0,0,0
2024/05/24 星期五 00:13:08.145,1716480788145,NH-DC-NM129-D04-ROCE-Leaf-6.GPU.S9825,FourHundredGigE1/0/34,160050,582650888,103555,348216006,1.46,0.85
2024/05/24 星期五 00:13:08.855,1716480788855,NH-DC-NM129-D04-ROCE-Leaf-6.GPU.S9825,FourHundredGigE1/0/34,0,0,0,0,0,0
2024/05/24 星期五 00:13:09.358,1716480789358,NH-DC-NM129-D04-ROCE-Leaf-6.GPU.S9825,FourHundredGigE1/0/34,186900,673929524,220510,856114384,1.67,2.11
2024/05/24 星期五 00:13:09.933,1716480789933,NH-DC-NM129-D04-ROCE-Leaf-6.GPU.S9825,FourHundredGigE1/0/34,128878,490685411,126967,431794130,1.07,0.93
2024/05/24 星期五 00:13:10.552,1716480790552,NH-DC-NM129-D04-ROCE-Leaf-6.GPU.S9825,FourHundredGigE1/0/34,0,0,0,0,0,0
2024/05/24 星期五 00:13:11.160,1716480791160,NH-DC-NM129-D04-ROCE-Leaf-6.GPU.S9825,FourHundredGigE1/0/34,148932,589784838,134412,468045744,1.19,0.95
2024/05/24 星期五 00:13:11.885,1716480791885,NH-DC-NM129-D04-ROCE-Leaf-6.GPU.S9825,FourHundredGigE1/0/34,638538,2571093662,84067,257850122,4.43,0.43
2024/05/24 星期五 00:13:12.452,1716480792452,NH-DC-NM129-D04-ROCE-Leaf-6.GPU.S9825,FourHundredGigE1/0/34,0,0,0,0,0,0
2024/05/24 星期五 00:13:12.953,1716480792953,NH-DC-NM129-D04-ROCE-Leaf-6.GPU.S9825,FourHundredGigE1/0/34,98249,378162777,234541,924578238,0.92,2.30
2024/05/24 星期五 00:13:13.521,1716480793521,NH-DC-NM129-D04-ROCE-Leaf-6.GPU.S9825,FourHundredGigE1/0/34,0,0,0,0,0,0
2024/05/24 星期五 00:13:14.257,1716480794257,NH-DC-NM129-D04-ROCE-Leaf-6.GPU.S9825,FourHundredGigE1/0/34,187920,675131960,54702,179141880,1.14,0.29
2024/05/24 星期五 00:13:14.803,1716480794803,NH-DC-NM129-D04-ROCE-Leaf-6.GPU.S9825,FourHundredGigE1/0/34,190464,323016115,348359,1359996242,0.73,3.09
2024/05/24 星期五 00:13:15.881,1716480795881,NH-DC-NM129-D04-ROCE-Leaf-6.GPU.S9825,FourHundredGigE1/0/34,240909,873959368,458351,1870615890,1.01,2.17
2024/05/24 星期五 00:13:16.382,1716480796382,NH-DC-NM129-D04-ROCE-Leaf-6.GPU.S9825,FourHundredGigE1/0/34,0,0,0,0,0,0
2024/05/24 星期五 00:13:17.457,1716480797457,NH-DC-NM129-D04-ROCE-Leaf-6.GPU.S9825,FourHundredGigE1/0/34,312569,1239170706,76023,298462078,1.43,0.34
2024/05/24 星期五 00:13:17.957,1716480797957,NH-DC-NM129-D04-ROCE-Leaf-6.GPU.S9825,FourHundredGigE1/0/34,167479,627954850,186463,741101438,1.55,1.85
2024/05/24 星期五 00:13:18.656,1716480798656,NH-DC-NM129-D04-ROCE-Leaf-6.GPU.S9825,FourHundredGigE1/0/34,182677,532395431,367990,1453733524,0.95,2.59
2024/05/24 星期五 00:13:19.297,1716480799297,NH-DC-NM129-D04-ROCE-Leaf-6.GPU.S9825,FourHundredGigE1/0/34,0,0,0,0,0,0
2024/05/24 星期五 00:13:19.798,1716480799798,NH-DC-NM129-D04-ROCE-Leaf-6.GPU.S9825,FourHundredGigE1/0/34,0,0,0,0,0,0
2024/05/24 星期五 00:13:20.345,1716480800345,NH-DC-NM129-D04-ROCE-Leaf-6.GPU.S9825,FourHundredGigE1/0/34,203981,793276230,212807,798706514,1.81,1.81
2024/05/24 星期五 00:13:20.912,1716480800912,NH-DC-NM129-D04-ROCE-Leaf-6.GPU.S9825,FourHundredGigE1/0/34,114363,412066650,262520,1039393270,0.90,2.27
2024/05/24 星期五 00:13:21.409,1716480801409,NH-DC-NM129-D04-ROCE-Leaf-6.GPU.S9825,FourHundredGigE1/0/34,0,0,0,0,0,0
2024/05/24 星期五 00:13:22.132,1716480802132,NH-DC-NM129-D04-ROCE-Leaf-6.GPU.S9825,FourHundredGigE1/0/34,208328,792574073,232133,892174696,1.37,1.54
2024/05/24 星期五 00:13:22.672,1716480802672,NH-DC-NM129-D04-ROCE-Leaf-6.GPU.S9825,FourHundredGigE1/0/34,0,0,0,0,0,0
2024/05/24 星期五 00:13:23.175,1716480803175,NH-DC-NM129-D04-ROCE-Leaf-6.GPU.S9825,FourHundredGigE1/0/34,384160,1417927316,277849,1117549134,3.50,2.76
2024/05/24 星期五 00:13:23.758,1716480803758,NH-DC-NM129-D04-ROCE-Leaf-6.GPU.S9825,FourHundredGigE1/0/34,188788,753694600,211751,819210326,1.61,1.74
2024/05/24 星期五 00:13:24.449,1716480804449,NH-DC-NM129-D04-ROCE-Leaf-6.GPU.S9825,FourHundredGigE1/0/34,0,0,0,0,0,0
2024/05/24 星期五 00:13:24.949,1716480804949,NH-DC-NM129-D04-ROCE-Leaf-6.GPU.S9825,FourHundredGigE1/0/34,258731,1009221178,188987,729665938,2.5,1.8
2024/05/24 星期五 00:13:25.700,1716480805700,NH-DC-NM129-D04-ROCE-Leaf-6.GPU.S9825,FourHundredGigE1/0/34,0,0,0,0,0,0
2024/05/24 星期五 00:13:26.202,1716480806202,NH-DC-NM129-D04-ROCE-Leaf-6.GPU.S9825,FourHundredGigE1/0/34,165358,656909844,325941,1290510390,1.62,3.21
2024/05/24 星期五 00:13:26.778,1716480806778,NH-DC-NM129-D04-ROCE-Leaf-6.GPU.S9825,FourHundredGigE1/0/34,135284,458842444,138822,527695164,0.98,1.13
2024/05/24 星期五 00:13:27.292,1716480807292,NH-DC-NM129-D04-ROCE-Leaf-6.GPU.S9825,FourHundredGigE1/0/34,0,0,0,0,0,0
2024/05/24 星期五 00:13:27.850,1716480807850,NH-DC-NM129-D04-ROCE-Leaf-6.GPU.S9825,FourHundredGigE1/0/34,167799,658421172,211159,782072842,1.46,1.75
2024/05/24 星期五 00:13:28.384,1716480808384,NH-DC-NM129-D04-ROCE-Leaf-6.GPU.S9825,FourHundredGigE1/0/34,0,0,0,0,0,0
2024/05/24 星期五 00:13:29.129,1716480809129,NH-DC-NM129-D04-ROCE-Leaf-6.GPU.S9825,FourHundredGigE1/0/34,204974,820028030,188786,740463772,1.38,1.24
2024/05/24 星期五 00:13:29.630,1716480809630,NH-DC-NM129-D04-ROCE-Leaf-6.GPU.S9825,FourHundredGigE1/0/34,0,0,0,0,0,0
2024/05/24 星期五 00:13:30.914,1716480810914,NH-DC-NM129-D04-ROCE-Leaf-6.GPU.S9825,FourHundredGigE1/0/34,408788,1592860025,605703,2288853586,1.55,2.22
2024/05/24 星期五 00:13:31.463,1716480811463,NH-DC-NM129-D04-ROCE-Leaf-6.GPU.S9825,FourHundredGigE1/0/34,0,0,0,0,0,0
2024/05/24 星期五 00:13:32.107,1716480812107,NH-DC-NM129-D04-ROCE-Leaf-6.GPU.S9825,FourHundredGigE1/0/34,94002,287580716,111210,412235608,0.54,0.80
2024/05/24 星期五 00:13:32.689,1716480812689,NH-DC-NM129-D04-ROCE-Leaf-6.GPU.S9825,FourHundredGigE1/0/34,0,0,0,0,0,0
2024/05/24 星期五 00:13:33.193,1716480813193,NH-DC-NM129-D04-ROCE-Leaf-6.GPU.S9825,FourHundredGigE1/0/34,131591,477909503,96216,352416628,1.17,0.87
2024/05/24 星期五 00:13:33.757,1716480813757,NH-DC-NM129-D04-ROCE-Leaf-6.GPU.S9825,FourHundredGigE1/0/34,0,0,0,0,0,0
2024/05/24 星期五 00:13:34.261,1716480814261,NH-DC-NM129-D04-ROCE-Leaf-6.GPU.S9825,FourHundredGigE1/0/34,337411,1372073376,271782,1053948340,3.40,2.60
2024/05/24 星期五 00:13:34.872,1716480814872,NH-DC-NM129-D04-ROCE-Leaf-6.GPU.S9825,FourHundredGigE1/0/34,135408,524512894,130280,481111972,1.06,0.98
2024/05/24 星期五 00:13:35.399,1716480815399,NH-DC-NM129-D04-ROCE-Leaf-6.GPU.S9825,FourHundredGigE1/0/34,0,0,0,0,0,0
2024/05/24 星期五 00:13:36.055,1716480816055,NH-DC-NM129-D04-ROCE-Leaf-6.GPU.S9825,FourHundredGigE1/0/34,117462,416837956,91622,343556564,0.78,0.65
2024/05/24 星期五 00:13:36.644,1716480816644,NH-DC-NM129-D04-ROCE-Leaf-6.GPU.S9825,FourHundredGigE1/0/34,0,0,0,0,0,0
2024/05/24 星期五 00:13:37.148,1716480817148,NH-DC-NM129-D04-ROCE-Leaf-6.GPU.S9825,FourHundredGigE1/0/34,163955,638233550,143361,516805826,1.56,1.26
2024/05/24 星期五 00:13:37.660,1716480817660,NH-DC-NM129-D04-ROCE-Leaf-6.GPU.S9825,FourHundredGigE1/0/34,0,0,0,0,0,0
2024/05/24 星期五 00:13:38.223,1716480818223,NH-DC-NM129-D04-ROCE-Leaf-6.GPU.S9825,FourHundredGigE1/0/34,23010,63733004,36566,93082906,0.13,0.20
2024/05/24 星期五 00:13:38.744,1716480818744,NH-DC-NM129-D04-ROCE-Leaf-6.GPU.S9825,FourHundredGigE1/0/34,0,0,0,0,0,0
2024/05/24 星期五 00:13:39.277,1716480819277,NH-DC-NM129-D04-ROCE-Leaf-6.GPU.S9825,FourHundredGigE1/0/34,123875,491231223,125202,479095522,1.15,1.10
2024/05/24 星期五 00:13:39.845,1716480819845,NH-DC-NM129-D04-ROCE-Leaf-6.GPU.S9825,FourHundredGigE1/0/34,98804,375430158,661850,2696939748,0.81,5.92
2024/05/24 星期五 00:13:40.945,1716480820945,NH-DC-NM129-D04-ROCE-Leaf-6.GPU.S9825,FourHundredGigE1/0/34,362624,1438343606,563899,2249461274,1.62,2.55
2024/05/24 星期五 00:13:42.471,1716480822471,NH-DC-NM129-D04-ROCE-Leaf-6.GPU.S9825,FourHundredGigE1/0/34,300439,1187117664,293485,1150584022,0.97,0.94
2024/05/24 星期五 00:13:42.974,1716480822974,NH-DC-NM129-D04-ROCE-Leaf-6.GPU.S9825,FourHundredGigE1/0/34,197491,785567993,74616,251157372,1.94,0.62
2024/05/24 星期五 00:13:43.558,1716480823558,NH-DC-NM129-D04-ROCE-Leaf-6.GPU.S9825,FourHundredGigE1/0/34,0,0,0,0,0,0
2024/05/24 星期五 00:13:44.182,1716480824182,NH-DC-NM129-D04-ROCE-Leaf-6.GPU.S9825,FourHundredGigE1/0/34,100064,379993080,186548,668399032,0.74,1.32
2024/05/24 星期五 00:13:44.798,1716480824798,NH-DC-NM129-D04-ROCE-Leaf-6.GPU.S9825,FourHundredGigE1/0/34,224900,867479137,526663,2128149994,1.75,4.30
2024/05/24 星期五 00:13:45.372,1716480825372,NH-DC-NM129-D04-ROCE-Leaf-6.GPU.S9825,FourHundredGigE1/0/34,0,0,0,0,0,0
2024/05/24 星期五 00:13:46.096,1716480826096,NH-DC-NM129-D04-ROCE-Leaf-6.GPU.S9825,FourHundredGigE1/0/34,170234,669252208,208493,811279286,1.14,1.40
2024/05/24 星期五 00:13:46.918,1716480826918,NH-DC-NM129-D04-ROCE-Leaf-6.GPU.S9825,FourHundredGigE1/0/34,223681,888578694,311169,1209707314,1.34,1.82
2024/05/24 星期五 00:13:47.490,1716480827490,NH-DC-NM129-D04-ROCE-Leaf-6.GPU.S9825,FourHundredGigE1/0/34,0,0,0,0,0,0
2024/05/24 星期五 00:13:47.994,1716480827994,NH-DC-NM129-D04-ROCE-Leaf-6.GPU.S9825,FourHundredGigE1/0/34,430545,1708750220,233424,857049968,4.22,2.11
2024/05/24 星期五 00:13:48.585,1716480828585,NH-DC-NM129-D04-ROCE-Leaf-6.GPU.S9825,FourHundredGigE1/0/34,0,0,0,0,0,0
2024/05/24 星期五 00:13:49.275,1716480829275,NH-DC-NM129-D04-ROCE-Leaf-6.GPU.S9825,FourHundredGigE1/0/34,631845,2481432000,294789,1145508850,4.49,2.07
2024/05/24 星期五 00:13:49.780,1716480829780,NH-DC-NM129-D04-ROCE-Leaf-6.GPU.S9825,FourHundredGigE1/0/34,0,0,0,0,0,0
2024/05/24 星期五 00:13:50.285,1716480830285,NH-DC-NM129-D04-ROCE-Leaf-6.GPU.S9825,FourHundredGigE1/0/34,580551,2261399906,259763,1028605954,5.59,2.52
2024/05/24 星期五 00:13:50.801,1716480830801,NH-DC-NM129-D04-ROCE-Leaf-6.GPU.S9825,FourHundredGigE1/0/34,0,0,0,0,0,0
2024/05/24 星期五 00:13:51.302,1716480831302,NH-DC-NM129-D04-ROCE-Leaf-6.GPU.S9825,FourHundredGigE1/0/34,217894,851643220,152158,584882964,2.12,1.45
2024/05/24 星期五 00:13:51.955,1716480831955,NH-DC-NM129-D04-ROCE-Leaf-6.GPU.S9825,FourHundredGigE1/0/34,324323,1227853122,353260,1414858448,2.34,2.70
2024/05/24 星期五 00:13:52.687,1716480832687,NH-DC-NM129-D04-ROCE-Leaf-6.GPU.S9825,FourHundredGigE1/0/34,0,0,0,0,0,0
2024/05/24 星期五 00:13:53.186,1716480833186,NH-DC-NM129-D04-ROCE-Leaf-6.GPU.S9825,FourHundredGigE1/0/34,266304,1042047488,198477,735472462,2.61,1.83
2024/05/24 星期五 00:13:53.989,1716480833989,NH-DC-NM129-D04-ROCE-Leaf-6.GPU.S9825,FourHundredGigE1/0/34,326857,1273196534,336375,1313128818,1.98,2.04
2024/05/24 星期五 00:13:54.591,1716480834591,NH-DC-NM129-D04-ROCE-Leaf-6.GPU.S9825,FourHundredGigE1/0/34,0,0,0,0,0,0
2024/05/24 星期五 00:13:55.353,1716480835353,NH-DC-NM129-D04-ROCE-Leaf-6.GPU.S9825,FourHundredGigE1/0/34,141580,521653076,188191,676442186,0.85,1.10
2024/05/24 星期五 00:13:56.199,1716480836199,NH-DC-NM129-D04-ROCE-Leaf-6.GPU.S9825,FourHundredGigE1/0/34,474055,1918639536,161577,585544926,2.82,0.86
2024/05/24 星期五 00:13:56.700,1716480836700,NH-DC-NM129-D04-ROCE-Leaf-6.GPU.S9825,FourHundredGigE1/0/34,0,0,0,0,0,0
2024/05/24 星期五 00:13:57.261,1716480837261,NH-DC-NM129-D04-ROCE-Leaf-6.GPU.S9825,FourHundredGigE1/0/34,144459,560553688,190297,660970030,1.25,1.47
2024/05/24 星期五 00:13:57.825,1716480837825,NH-DC-NM129-D04-ROCE-Leaf-6.GPU.S9825,FourHundredGigE1/0/34,67527,265086214,170938,645140208,0.58,1.42
2024/05/24 星期五 00:13:58.345,1716480838345,NH-DC-NM129-D04-ROCE-Leaf-6.GPU.S9825,FourHundredGigE1/0/34,0,0,0,0,0,0
2024/05/24 星期五 00:13:58.903,1716480838903,NH-DC-NM129-D04-ROCE-Leaf-6.GPU.S9825,FourHundredGigE1/0/34,127935,483948664,169823,531407608,1.08,1.19
2024/05/24 星期五 00:13:59.733,1716480839733,NH-DC-NM129-D04-ROCE-Leaf-6.GPU.S9825,FourHundredGigE1/0/34,0,0,0,0,0,0
2024/05/24 星期五 00:14:00.237,1716480840237,NH-DC-NM129-D04-ROCE-Leaf-6.GPU.S9825,FourHundredGigE1/0/34,293467,1120257360,206909,790638450,2.78,1.96
2024/05/24 星期五 00:14:00.738,1716480840738,NH-DC-NM129-D04-ROCE-Leaf-6.GPU.S9825,FourHundredGigE1/0/34,0,0,0,0,0,0
2024/05/24 星期五 00:14:01.240,1716480841240,NH-DC-NM129-D04-ROCE-Leaf-6.GPU.S9825,FourHundredGigE1/0/34,109735,227976650,111704,405790620,0.55,1.00
2024/05/24 星期五 00:14:01.741,1716480841741,NH-DC-NM129-D04-ROCE-Leaf-6.GPU.S9825,FourHundredGigE1/0/34,0,0,0,0,0,0
2024/05/24 星期五 00:14:02.285,1716480842285,NH-DC-NM129-D04-ROCE-Leaf-6.GPU.S9825,FourHundredGigE1/0/34,301744,1080969700,337069,1279864379,2.48,2.92
2024/05/24 星期五 00:14:04.383,1716480844383,NH-DC-NM129-D04-ROCE-Leaf-6.GPU.S9825,FourHundredGigE1/0/34,80081,316327482,178914,711921644,0.18,0.42
2024/05/24 星期五 00:14:04.995,1716480844995,NH-DC-NM129-D04-ROCE-Leaf-6.GPU.S9825,FourHundredGigE1/0/34,90947,348459682,320568,1309250028,0.69,2.66
2024/05/24 星期五 00:14:05.603,1716480845603,NH-DC-NM129-D04-ROCE-Leaf-6.GPU.S9825,FourHundredGigE1/0/34,0,0,0,0,0,0
2024/05/24 星期五 00:14:06.175,1716480846175,NH-DC-NM129-D04-ROCE-Leaf-6.GPU.S9825,FourHundredGigE1/0/34,534280,2080143484,311310,1250398920,4.55,2.73
2024/05/24 星期五 00:14:06.708,1716480846708,NH-DC-NM129-D04-ROCE-Leaf-6.GPU.S9825,FourHundredGigE1/0/34,0,0,0,0,0,0
2024/05/24 星期五 00:14:07.205,1716480847205,NH-DC-NM129-D04-ROCE-Leaf-6.GPU.S9825,FourHundredGigE1/0/34,80853,234404446,356246,1444856720,0.58,3.62
2024/05/24 星期五 00:14:07.899,1716480847899,NH-DC-NM129-D04-ROCE-Leaf-6.GPU.S9825,FourHundredGigE1/0/34,978904,4008653280,148841,516005462,7.20,0.92
2024/05/24 星期五 00:14:08.457,1716480848457,NH-DC-NM129-D04-ROCE-Leaf-6.GPU.S9825,FourHundredGigE1/0/34,0,0,0,0,0,0
2024/05/24 星期五 00:14:09.095,1716480849095,NH-DC-NM129-D04-ROCE-Leaf-6.GPU.S9825,FourHundredGigE1/0/34,123387,481424412,564148,1959345852,0.94,3.82
2024/05/24 星期五 00:14:09.754,1716480849754,NH-DC-NM129-D04-ROCE-Leaf-6.GPU.S9825,FourHundredGigE1/0/34,315995,0,379329,0,0,0
2024/05/24 星期五 00:14:10.306,1716480850306,NH-DC-NM129-D04-ROCE-Leaf-6.GPU.S9825,FourHundredGigE1/0/34,0,1296202608,0,1504947038,2.92,3.40
2024/05/24 星期五 00:14:11.051,1716480851051,NH-DC-NM129-D04-ROCE-Leaf-6.GPU.S9825,FourHundredGigE1/0/34,293068,1090526256,112269,246010182,1.83,0.40
2024/05/24 星期五 00:14:11.645,1716480851645,NH-DC-NM129-D04-ROCE-Leaf-6.GPU.S9825,FourHundredGigE1/0/34,0,0,0,0,0,0
2024/05/24 星期五 00:14:12.257,1716480852257,NH-DC-NM129-D04-ROCE-Leaf-6.GPU.S9825,FourHundredGigE1/0/34,229390,909061341,174743,682274610,1.84,1.39
2024/05/24 星期五 00:14:12.758,1716480852758,NH-DC-NM129-D04-ROCE-Leaf-6.GPU.S9825,FourHundredGigE1/0/34,220117,889338107,245173,949296150,2.20,2.35
2024/05/24 星期五 00:14:13.337,1716480853337,NH-DC-NM129-D04-ROCE-Leaf-6.GPU.S9825,FourHundredGigE1/0/34,0,0,0,0,0,0
2024/05/24 星期五 00:14:13.966,1716480853966,NH-DC-NM129-D04-ROCE-Leaf-6.GPU.S9825,FourHundredGigE1/0/34,192130,768988380,246048,908150220,1.51,1.79
2024/05/24 星期五 00:14:14.660,1716480854660,NH-DC-NM129-D04-ROCE-Leaf-6.GPU.S9825,FourHundredGigE1/0/34,0,0,0,0,0,0
2024/05/24 星期五 00:14:15.222,1716480855222,NH-DC-NM129-D04-ROCE-Leaf-6.GPU.S9825,FourHundredGigE1/0/34,123283,489543674,514855,1949214610,1.07,4.31
2024/05/24 星期五 00:14:15.852,1716480855852,NH-DC-NM129-D04-ROCE-Leaf-6.GPU.S9825,FourHundredGigE1/0/34,97797,384985754,179017,694002882,0.75,1.37
2024/05/24 星期五 00:14:16.358,1716480856358,NH-DC-NM129-D04-ROCE-Leaf-6.GPU.S9825,FourHundredGigE1/0/34,0,0,0,0,0,0
2024/05/24 星期五 00:14:16.861,1716480856861,NH-DC-NM129-D04-ROCE-Leaf-6.GPU.S9825,FourHundredGigE1/0/34,543726,2162616444,138101,439083519,5.37,1.07
2024/05/24 星期五 00:14:18.089,1716480858089,NH-DC-NM129-D04-ROCE-Leaf-6.GPU.S9825,FourHundredGigE1/0/34,301636,1186199772,253801,908091806,1.20,0.92
2024/05/24 星期五 00:14:18.632,1716480858632,NH-DC-NM129-D04-ROCE-Leaf-6.GPU.S9825,FourHundredGigE1/0/34,0,0,0,0,0,0
2024/05/24 星期五 00:14:19.138,1716480859138,NH-DC-NM129-D04-ROCE-Leaf-6.GPU.S9825,FourHundredGigE1/0/34,191924,739457516,340526,1324026818,1.80,3.26
2024/05/24 星期五 00:14:19.705,1716480859705,NH-DC-NM129-D04-ROCE-Leaf-6.GPU.S9825,FourHundredGigE1/0/34,0,0,0,0,0,0
2024/05/24 星期五 00:14:20.225,1716480860225,NH-DC-NM129-D04-ROCE-Leaf-6.GPU.S9825,FourHundredGigE1/0/34,126079,456199634,343790,1352151786,1.08,3.25
2024/05/24 星期五 00:14:20.810,1716480860810,NH-DC-NM129-D04-ROCE-Leaf-6.GPU.S9825,FourHundredGigE1/0/34,251331,992298610,234474,924927676,2.12,1.97
2024/05/24 星期五 00:14:21.318,1716480861318,NH-DC-NM129-D04-ROCE-Leaf-6.GPU.S9825,FourHundredGigE1/0/34,0,0,0,0,0,0
2024/05/24 星期五 00:14:21.909,1716480861909,NH-DC-NM129-D04-ROCE-Leaf-6.GPU.S9825,FourHundredGigE1/0/34,103795,317709458,195741,757227542,0.66,1.59
2024/05/24 星期五 00:14:22.434,1716480862434,NH-DC-NM129-D04-ROCE-Leaf-6.GPU.S9825,FourHundredGigE1/0/34,0,0,0,0,0,0
2024/05/24 星期五 00:14:22.949,1716480862949,NH-DC-NM129-D04-ROCE-Leaf-6.GPU.S9825,FourHundredGigE1/0/34,220950,833466084,168795,643435998,2.01,1.55
2024/05/24 星期五 00:14:23.496,1716480863496,NH-DC-NM129-D04-ROCE-Leaf-6.GPU.S9825,FourHundredGigE1/0/34,0,0,0,0,0,0
2024/05/24 星期五 00:14:24.259,1716480864259,NH-DC-NM129-D04-ROCE-Leaf-6.GPU.S9825,FourHundredGigE1/0/34,80482,309989156,204982,823781144,0.49,1.34
2024/05/24 星期五 00:14:24.822,1716480864822,NH-DC-NM129-D04-ROCE-Leaf-6.GPU.S9825,FourHundredGigE1/0/34,0,0,0,0,0,0
2024/05/24 星期五 00:14:25.329,1716480865329,NH-DC-NM129-D04-ROCE-Leaf-6.GPU.S9825,FourHundredGigE1/0/34,340073,1377673940,552885,2231926814,3.38,5.50
2024/05/24 星期五 00:14:25.844,1716480865844,NH-DC-NM129-D04-ROCE-Leaf-6.GPU.S9825,FourHundredGigE1/0/34,156240,606878170,283505,1138225458,1.46,2.74
2024/05/24 星期五 00:14:26.390,1716480866390,NH-DC-NM129-D04-ROCE-Leaf-6.GPU.S9825,FourHundredGigE1/0/34,0,0,0,0,0,0
2024/05/24 星期五 00:14:26.891,1716480866891,NH-DC-NM129-D04-ROCE-Leaf-6.GPU.S9825,FourHundredGigE1/0/34,248204,916158740,394066,1569761548,2.27,3.89
2024/05/24 星期五 00:14:27.523,1716480867523,NH-DC-NM129-D04-ROCE-Leaf-6.GPU.S9825,FourHundredGigE1/0/34,0,0,0,0,0,0
2024/05/24 星期五 00:14:28.130,1716480868130,NH-DC-NM129-D04-ROCE-Leaf-6.GPU.S9825,FourHundredGigE1/0/34,673668,2753169540,293130,1106182284,5.66,2.27
2024/05/24 星期五 00:14:29.135,1716480869135,NH-DC-NM129-D04-ROCE-Leaf-6.GPU.S9825,FourHundredGigE1/0/34,172714,670848516,118023,411587654,0.83,0.51
2024/05/24 星期五 00:14:29.796,1716480869796,NH-DC-NM129-D04-ROCE-Leaf-6.GPU.S9825,FourHundredGigE1/0/34,82570,284389092,95894,304568944,0.53,0.57
2024/05/24 星期五 00:14:30.427,1716480870427,NH-DC-NM129-D04-ROCE-Leaf-6.GPU.S9825,FourHundredGigE1/0/34,0,0,0,0,0,0
2024/05/24 星期五 00:14:31.096,1716480871096,NH-DC-NM129-D04-ROCE-Leaf-6.GPU.S9825,FourHundredGigE1/0/34,112668,414097496,114165,426378830,0.77,0.78
2024/05/24 星期五 00:14:31.670,1716480871670,NH-DC-NM129-D04-ROCE-Leaf-6.GPU.S9825,FourHundredGigE1/0/34,0,0,0,0,0,0
2024/05/24 星期五 00:14:32.170,1716480872170,NH-DC-NM129-D04-ROCE-Leaf-6.GPU.S9825,FourHundredGigE1/0/34,528290,2092067536,581283,2367908942,5.22,5.9
2024/05/24 星期五 00:14:32.754,1716480872754,NH-DC-NM129-D04-ROCE-Leaf-6.GPU.S9825,FourHundredGigE1/0/34,0,0,0,0,0,0
2024/05/24 星期五 00:14:33.254,1716480873254,NH-DC-NM129-D04-ROCE-Leaf-6.GPU.S9825,FourHundredGigE1/0/34,150368,548819184,84937,286443102,1.35,0.7
2024/05/24 星期五 00:14:33.824,1716480873824,NH-DC-NM129-D04-ROCE-Leaf-6.GPU.S9825,FourHundredGigE1/0/34,80841,283995022,134395,501647470,0.61,1.10
2024/05/24 星期五 00:14:34.581,1716480874581,NH-DC-NM129-D04-ROCE-Leaf-6.GPU.S9825,FourHundredGigE1/0/34,0,0,0,0,0,0
2024/05/24 星期五 00:14:35.106,1716480875106,NH-DC-NM129-D04-ROCE-Leaf-6.GPU.S9825,FourHundredGigE1/0/34,330304,1321622752,390805,1569553138,3.14,3.71
2024/05/24 星期五 00:14:35.607,1716480875607,NH-DC-NM129-D04-ROCE-Leaf-6.GPU.S9825,FourHundredGigE1/0/34,0,0,0,0,0,0
2024/05/24 星期五 00:14:36.110,1716480876110,NH-DC-NM129-D04-ROCE-Leaf-6.GPU.S9825,FourHundredGigE1/0/34,150950,577462513,562784,2220797566,1.42,5.52
2024/05/24 星期五 00:14:36.698,1716480876698,NH-DC-NM129-D04-ROCE-Leaf-6.GPU.S9825,FourHundredGigE1/0/34,0,0,0,0,0,0
2024/05/24 星期五 00:14:37.201,1716480877201,NH-DC-NM129-D04-ROCE-Leaf-6.GPU.S9825,FourHundredGigE1/0/34,315743,965250786,2051775,8391384778,2.39,20.85
2024/05/24 星期五 00:14:37.883,1716480877883,NH-DC-NM129-D04-ROCE-Leaf-6.GPU.S9825,FourHundredGigE1/0/34,206943,549090346,2182306,8923198416,0.99,16.35
2024/05/24 星期五 00:14:38.431,1716480878431,NH-DC-NM129-D04-ROCE-Leaf-6.GPU.S9825,FourHundredGigE1/0/34,0,0,0,0,0,0
2024/05/24 星期五 00:14:38.935,1716480878935,NH-DC-NM129-D04-ROCE-Leaf-6.GPU.S9825,FourHundredGigE1/0/34,592533,2428274570,167459,596749078,6.00,1.46
2024/05/24 星期五 00:14:39.588,1716480879588,NH-DC-NM129-D04-ROCE-Leaf-6.GPU.S9825,FourHundredGigE1/0/34,0,0,0,0,0,0
2024/05/24 星期五 00:14:40.214,1716480880214,NH-DC-NM129-D04-ROCE-Leaf-6.GPU.S9825,FourHundredGigE1/0/34,215779,839245846,172855,656582945,1.66,1.30
2024/05/24 星期五 00:14:40.753,1716480880753,NH-DC-NM129-D04-ROCE-Leaf-6.GPU.S9825,FourHundredGigE1/0/34,204516,773921996,178280,590591341,1.79,1.37
2024/05/24 星期五 00:14:41.403,1716480881403,NH-DC-NM129-D04-ROCE-Leaf-6.GPU.S9825,FourHundredGigE1/0/34,0,0,0,0,0,0
2024/05/24 星期五 00:14:42.169,1716480882169,NH-DC-NM129-D04-ROCE-Leaf-6.GPU.S9825,FourHundredGigE1/0/34,194801,697042214,311763,1180228216,1.13,1.93
2024/05/24 星期五 00:14:42.669,1716480882669,NH-DC-NM129-D04-ROCE-Leaf-6.GPU.S9825,FourHundredGigE1/0/34,240114,917846253,400535,1565795616,2.28,3.9
2024/05/24 星期五 00:14:43.413,1716480883413,NH-DC-NM129-D04-ROCE-Leaf-6.GPU.S9825,FourHundredGigE1/0/34,0,0,0,0,0,0
2024/05/24 星期五 00:14:44.047,1716480884047,NH-DC-NM129-D04-ROCE-Leaf-6.GPU.S9825,FourHundredGigE1/0/34,247234,969701036,125470,468647464,1.89,0.91
2024/05/24 星期五 00:14:44.749,1716480884749,NH-DC-NM129-D04-ROCE-Leaf-6.GPU.S9825,FourHundredGigE1/0/34,0,0,0,0,0,0
2024/05/24 星期五 00:14:47.172,1716480887172,NH-DC-NM129-D04-ROCE-Leaf-6.GPU.S9825,FourHundredGigE1/0/34,777363,3056685090,710802,2593375072,1.57,1.34
2024/05/24 星期五 00:14:47.775,1716480887775,NH-DC-NM129-D04-ROCE-Leaf-6.GPU.S9825,FourHundredGigE1/0/34,232564,881720316,173945,684353818,1.82,1.41
2024/05/24 星期五 00:14:50.155,1716480890155,NH-DC-NM129-D04-ROCE-Leaf-6.GPU.S9825,FourHundredGigE1/0/34,373448,1502158508,377535,1464071138,0.79,0.77
2024/05/24 星期五 00:14:50.656,1716480890656,NH-DC-NM129-D04-ROCE-Leaf-6.GPU.S9825,FourHundredGigE1/0/34,0,0,0,0,0,0
2024/05/24 星期五 00:14:51.248,1716480891248,NH-DC-NM129-D04-ROCE-Leaf-6.GPU.S9825,FourHundredGigE1/0/34,99997,393879918,97478,383698020,0.82,0.80
2024/05/24 星期五 00:14:53.665,1716480893665,NH-DC-NM129-D04-ROCE-Leaf-6.GPU.S9825,FourHundredGigE1/0/34,447308,1641267923,217115,814678962,0.85,0.42
2024/05/24 星期五 00:14:54.263,1716480894263,NH-DC-NM129-D04-ROCE-Leaf-6.GPU.S9825,FourHundredGigE1/0/34,294471,997456369,82185,311750450,2.07,0.65
2024/05/24 星期五 00:14:54.962,1716480894962,NH-DC-NM129-D04-ROCE-Leaf-6.GPU.S9825,FourHundredGigE1/0/34,166237,635984796,190985,749419800,1.13,1.32
2024/05/24 星期五 00:14:55.636,1716480895636,NH-DC-NM129-D04-ROCE-Leaf-6.GPU.S9825,FourHundredGigE1/0/34,0,0,0,0,0,0
2024/05/24 星期五 00:14:56.137,1716480896137,NH-DC-NM129-D04-ROCE-Leaf-6.GPU.S9825,FourHundredGigE1/0/34,76677,267572156,174460,642533758,0.65,1.60
2024/05/24 星期五 00:14:56.722,1716480896722,NH-DC-NM129-D04-ROCE-Leaf-6.GPU.S9825,FourHundredGigE1/0/34,76189,251348295,87410,275035920,0.53,0.58
2024/05/24 星期五 00:14:57.371,1716480897371,NH-DC-NM129-D04-ROCE-Leaf-6.GPU.S9825,FourHundredGigE1/0/34,0,0,0,0,0,0
2024/05/24 星期五 00:14:58.006,1716480898006,NH-DC-NM129-D04-ROCE-Leaf-6.GPU.S9825,FourHundredGigE1/0/34,871897,3444484826,34157,97024642,6.77,0.18
2024/05/24 星期五 00:14:58.631,1716480898631,NH-DC-NM129-D04-ROCE-Leaf-6.GPU.S9825,FourHundredGigE1/0/34,0,0,0,0,0,0
2024/05/24 星期五 00:14:59.135,1716480899135,NH-DC-NM129-D04-ROCE-Leaf-6.GPU.S9825,FourHundredGigE1/0/34,1084280,4294019256,113496,293072560,10.64,0.72
2024/05/24 星期五 00:14:59.652,1716480899652,NH-DC-NM129-D04-ROCE-Leaf-6.GPU.S9825,FourHundredGigE1/0/34,0,0,0,0,0,0
2024/05/24 星期五 00:15:00.153,1716480900153,NH-DC-NM129-D04-ROCE-Leaf-6.GPU.S9825,FourHundredGigE1/0/34,1025703,4169624302,152565,603715626,10.38,1.50
2024/05/24 星期五 00:15:00.849,1716480900849,NH-DC-NM129-D04-ROCE-Leaf-6.GPU.S9825,FourHundredGigE1/0/34,989334,3930001866,224817,881709008,7.06,1.58
2024/05/24 星期五 00:15:01.462,1716480901462,NH-DC-NM129-D04-ROCE-Leaf-6.GPU.S9825,FourHundredGigE1/0/34,0,0,0,0,0,0
2024/05/24 星期五 00:15:02.076,1716480902076,NH-DC-NM129-D04-ROCE-Leaf-6.GPU.S9825,FourHundredGigE1/0/34,827565,3263100278,226202,851048568,6.64,1.73
2024/05/24 星期五 00:15:03.465,1716480903465,NH-DC-NM129-D04-ROCE-Leaf-6.GPU.S9825,FourHundredGigE1/0/34,326653,1206314723,379480,1366768838,1.08,1.22
2024/05/24 星期五 00:15:04.629,1716480904629,NH-DC-NM129-D04-ROCE-Leaf-6.GPU.S9825,FourHundredGigE1/0/34,0,0,0,0,0,0
2024/05/24 星期五 00:15:06.203,1716480906203,NH-DC-NM129-D04-ROCE-Leaf-6.GPU.S9825,FourHundredGigE1/0/34,451140,1708736402,537958,2078630560,1.35,1.64
2024/05/24 星期五 00:15:06.704,1716480906704,NH-DC-NM129-D04-ROCE-Leaf-6.GPU.S9825,FourHundredGigE1/0/34,0,0,0,0,0,0
2024/05/24 星期五 00:15:07.205,1716480907205,NH-DC-NM129-D04-ROCE-Leaf-6.GPU.S9825,FourHundredGigE1/0/34,260630,1030709020,213150,813969124,2.57,2.02
2024/05/24 星期五 00:15:07.889,1716480907889,NH-DC-NM129-D04-ROCE-Leaf-6.GPU.S9825,FourHundredGigE1/0/34,145950,533038196,250933,963584354,0.97,1.75
2024/05/24 星期五 00:15:08.583,1716480908583,NH-DC-NM129-D04-ROCE-Leaf-6.GPU.S9825,FourHundredGigE1/0/34,0,0,0,0,0,0
2024/05/24 星期五 00:15:09.141,1716480909141,NH-DC-NM129-D04-ROCE-Leaf-6.GPU.S9825,FourHundredGigE1/0/34,388892,1545305133,381758,1438763482,3.45,3.20
2024/05/24 星期五 00:15:09.641,1716480909641,NH-DC-NM129-D04-ROCE-Leaf-6.GPU.S9825,FourHundredGigE1/0/34,0,0,0,0,0,0
2024/05/24 星期五 00:15:10.143,1716480910143,NH-DC-NM129-D04-ROCE-Leaf-6.GPU.S9825,FourHundredGigE1/0/34,219982,842441124,320087,1199870469,2.09,2.96
2024/05/24 星期五 00:15:10.795,1716480910795,NH-DC-NM129-D04-ROCE-Leaf-6.GPU.S9825,FourHundredGigE1/0/34,195053,648512206,197753,722090668,1.23,1.38
2024/05/24 星期五 00:15:11.662,1716480911662,NH-DC-NM129-D04-ROCE-Leaf-6.GPU.S9825,FourHundredGigE1/0/34,219708,855831528,148491,568346338,1.23,0.81
2024/05/24 星期五 00:15:12.347,1716480912347,NH-DC-NM129-D04-ROCE-Leaf-6.GPU.S9825,FourHundredGigE1/0/34,0,0,0,0,0,0
2024/05/24 星期五 00:15:12.851,1716480912851,NH-DC-NM129-D04-ROCE-Leaf-6.GPU.S9825,FourHundredGigE1/0/34,83482,272346393,54047,188612570,0.67,0.45
2024/05/24 星期五 00:15:13.351,1716480913351,NH-DC-NM129-D04-ROCE-Leaf-6.GPU.S9825,FourHundredGigE1/0/34,0,0,0,0,0,0
2024/05/24 星期五 00:15:13.944,1716480913944,NH-DC-NM129-D04-ROCE-Leaf-6.GPU.S9825,FourHundredGigE1/0/34,64083,236884894,23825,60419502,0.48,0.13
2024/05/24 星期五 00:15:14.583,1716480914583,NH-DC-NM129-D04-ROCE-Leaf-6.GPU.S9825,FourHundredGigE1/0/34,0,0,0,0,0,0
2024/05/24 星期五 00:15:15.328,1716480915328,NH-DC-NM129-D04-ROCE-Leaf-6.GPU.S9825,FourHundredGigE1/0/34,27457,55982010,62783,204166362,0.08,0.34
2024/05/24 星期五 00:15:15.920,1716480915920,NH-DC-NM129-D04-ROCE-Leaf-6.GPU.S9825,FourHundredGigE1/0/34,93426,356202920,202423,805607514,0.74,1.69
2024/05/24 星期五 00:15:16.422,1716480916422,NH-DC-NM129-D04-ROCE-Leaf-6.GPU.S9825,FourHundredGigE1/0/34,0,0,0,0,0,0
2024/05/24 星期五 00:15:16.925,1716480916925,NH-DC-NM129-D04-ROCE-Leaf-6.GPU.S9825,FourHundredGigE1/0/34,60555,209775135,241631,943899370,0.50,2.34
2024/05/24 星期五 00:15:17.510,1716480917510,NH-DC-NM129-D04-ROCE-Leaf-6.GPU.S9825,FourHundredGigE1/0/34,0,0,0,0,0,0
2024/05/24 星期五 00:15:18.009,1716480918009,NH-DC-NM129-D04-ROCE-Leaf-6.GPU.S9825,FourHundredGigE1/0/34,162199,652532498,338033,1309692162,1.63,3.26
2024/05/24 星期五 00:15:18.824,1716480918824,NH-DC-NM129-D04-ROCE-Leaf-6.GPU.S9825,FourHundredGigE1/0/34,266468,1058623705,92560,353188040,1.61,0.54
2024/05/24 星期五 00:15:19.399,1716480919399,NH-DC-NM129-D04-ROCE-Leaf-6.GPU.S9825,FourHundredGigE1/0/34,0,0,0,0,0,0
2024/05/24 星期五 00:15:19.902,1716480919902,NH-DC-NM129-D04-ROCE-Leaf-6.GPU.S9825,FourHundredGigE1/0/34,254904,896954443,59558,32925692,2.21,0.07
2024/05/24 星期五 00:15:20.408,1716480920408,NH-DC-NM129-D04-ROCE-Leaf-6.GPU.S9825,FourHundredGigE1/0/34,0,0,0,0,0,0
2024/05/24 星期五 00:15:20.909,1716480920909,NH-DC-NM129-D04-ROCE-Leaf-6.GPU.S9825,FourHundredGigE1/0/34,114147,374294054,142885,352076710,0.92,0.87
2024/05/24 星期五 00:15:21.785,1716480921785,NH-DC-NM129-D04-ROCE-Leaf-6.GPU.S9825,FourHundredGigE1/0/34,224163,823765252,61781,225287470,1.17,0.31
2024/05/24 星期五 00:15:22.484,1716480922484,NH-DC-NM129-D04-ROCE-Leaf-6.GPU.S9825,FourHundredGigE1/0/34,0,0,0,0,0,0
2024/05/24 星期五 00:15:22.986,1716480922986,NH-DC-NM129-D04-ROCE-Leaf-6.GPU.S9825,FourHundredGigE1/0/34,222485,579831154,508224,1837315727,1.42,4.56
2024/05/24 星期五 00:15:23.485,1716480923485,NH-DC-NM129-D04-ROCE-Leaf-6.GPU.S9825,FourHundredGigE1/0/34,0,0,0,0,0,0
2024/05/24 星期五 00:15:23.987,1716480923987,NH-DC-NM129-D04-ROCE-Leaf-6.GPU.S9825,FourHundredGigE1/0/34,264029,1032114621,158289,543868488,2.56,1.34
2024/05/24 星期五 00:15:24.540,1716480924540,NH-DC-NM129-D04-ROCE-Leaf-6.GPU.S9825,FourHundredGigE1/0/34,0,0,0,0,0,0
2024/05/24 星期五 00:15:25.055,1716480925055,NH-DC-NM129-D04-ROCE-Leaf-6.GPU.S9825,FourHundredGigE1/0/34,78509,267338774,212743,798814410,0.63,1.92
2024/05/24 星期五 00:15:25.862,1716480925862,NH-DC-NM129-D04-ROCE-Leaf-6.GPU.S9825,FourHundredGigE1/0/34,70629,267848866,111225,377471414,0.40,0.57
2024/05/24 星期五 00:15:26.374,1716480926374,NH-DC-NM129-D04-ROCE-Leaf-6.GPU.S9825,FourHundredGigE1/0/34,0,0,0,0,0,0
2024/05/24 星期五 00:15:26.875,1716480926875,NH-DC-NM129-D04-ROCE-Leaf-6.GPU.S9825,FourHundredGigE1/0/34,343794,1280640952,378694,1536767968,3.19,3.82
2024/05/24 星期五 00:15:27.419,1716480927419,NH-DC-NM129-D04-ROCE-Leaf-6.GPU.S9825,FourHundredGigE1/0/34,0,0,0,0,0,0
2024/05/24 星期五 00:15:27.932,1716480927932,NH-DC-NM129-D04-ROCE-Leaf-6.GPU.S9825,FourHundredGigE1/0/34,205083,538517282,136942,532342276,1.29,1.29
2024/05/24 星期五 00:15:28.561,1716480928561,NH-DC-NM129-D04-ROCE-Leaf-6.GPU.S9825,FourHundredGigE1/0/34,159536,515057474,243319,962616858,1.01,1.91
2024/05/24 星期五 00:15:29.394,1716480929394,NH-DC-NM129-D04-ROCE-Leaf-6.GPU.S9825,FourHundredGigE1/0/34,0,0,0,0,0,0
2024/05/24 星期五 00:15:29.943,1716480929943,NH-DC-NM129-D04-ROCE-Leaf-6.GPU.S9825,FourHundredGigE1/0/34,246738,858948538,511300,2072254128,1.94,4.71
2024/05/24 星期五 00:15:30.492,1716480930492,NH-DC-NM129-D04-ROCE-Leaf-6.GPU.S9825,FourHundredGigE1/0/34,0,0,0,0,0,0
2024/05/24 星期五 00:15:30.994,1716480930994,NH-DC-NM129-D04-ROCE-Leaf-6.GPU.S9825,FourHundredGigE1/0/34,225463,797646870,316957,1222929202,1.97,3.04
2024/05/24 星期五 00:15:31.505,1716480931505,NH-DC-NM129-D04-ROCE-Leaf-6.GPU.S9825,FourHundredGigE1/0/34,0,0,0,0,0,0
2024/05/24 星期五 00:15:32.019,1716480932019,NH-DC-NM129-D04-ROCE-Leaf-6.GPU.S9825,FourHundredGigE1/0/34,381742,1500140140,416017,1593850230,3.65,3.87
2024/05/24 星期五 00:15:33.334,1716480933334,NH-DC-NM129-D04-ROCE-Leaf-6.GPU.S9825,FourHundredGigE1/0/34,194462,747495930,242475,901338138,0.70,0.86
2024/05/24 星期五 00:15:33.838,1716480933838,NH-DC-NM129-D04-ROCE-Leaf-6.GPU.S9825,FourHundredGigE1/0/34,117625,453992464,446914,1709914156,1.12,4.22
2024/05/24 星期五 00:15:34.388,1716480934388,NH-DC-NM129-D04-ROCE-Leaf-6.GPU.S9825,FourHundredGigE1/0/34,0,0,0,0,0,0
2024/05/24 星期五 00:15:34.890,1716480934890,NH-DC-NM129-D04-ROCE-Leaf-6.GPU.S9825,FourHundredGigE1/0/34,338839,1330412174,205135,798256080,3.31,1.97
2024/05/24 星期五 00:15:35.392,1716480935392,NH-DC-NM129-D04-ROCE-Leaf-6.GPU.S9825,FourHundredGigE1/0/34,0,0,0,0,0,0
2024/05/24 星期五 00:15:36.276,1716480936276,NH-DC-NM129-D04-ROCE-Leaf-6.GPU.S9825,FourHundredGigE1/0/34,163493,620696106,155628,601858534,0.88,0.85
2024/05/24 星期五 00:15:36.803,1716480936803,NH-DC-NM129-D04-ROCE-Leaf-6.GPU.S9825,FourHundredGigE1/0/34,0,0,0,0,0,0
2024/05/24 星期五 00:15:37.301,1716480937301,NH-DC-NM129-D04-ROCE-Leaf-6.GPU.S9825,FourHundredGigE1/0/34,223098,839837605,171826,624676212,2.08,1.56
2024/05/24 星期五 00:15:37.833,1716480937833,NH-DC-NM129-D04-ROCE-Leaf-6.GPU.S9825,FourHundredGigE1/0/34,175109,679203462,143502,523713448,1.57,1.22
2024/05/24 星期五 00:15:38.341,1716480938341,NH-DC-NM129-D04-ROCE-Leaf-6.GPU.S9825,FourHundredGigE1/0/34,0,0,0,0,0,0
2024/05/24 星期五 00:15:38.842,1716480938842,NH-DC-NM129-D04-ROCE-Leaf-6.GPU.S9825,FourHundredGigE1/0/34,127849,484120590,108747,399604822,1.20,0.97
2024/05/24 星期五 00:15:39.642,1716480939642,NH-DC-NM129-D04-ROCE-Leaf-6.GPU.S9825,FourHundredGigE1/0/34,0,0,0,0,0,0
2024/05/24 星期五 00:15:40.276,1716480940276,NH-DC-NM129-D04-ROCE-Leaf-6.GPU.S9825,FourHundredGigE1/0/34,107361,397087403,84182,320051592,0.77,0.63
2024/05/24 星期五 00:15:40.778,1716480940778,NH-DC-NM129-D04-ROCE-Leaf-6.GPU.S9825,FourHundredGigE1/0/34,255985,1005696274,181148,696003612,2.49,1.72
2024/05/24 星期五 00:15:41.282,1716480941282,NH-DC-NM129-D04-ROCE-Leaf-6.GPU.S9825,FourHundredGigE1/0/34,0,0,0,0,0,0
2024/05/24 星期五 00:15:42.401,1716480942401,NH-DC-NM129-D04-ROCE-Leaf-6.GPU.S9825,FourHundredGigE1/0/34,157349,598393234,84989,281250702,0.66,0.31
2024/05/24 星期五 00:15:43.273,1716480943273,NH-DC-NM129-D04-ROCE-Leaf-6.GPU.S9825,FourHundredGigE1/0/34,139237,551340503,221101,867013106,0.79,1.23
2024/05/24 星期五 00:15:43.775,1716480943775,NH-DC-NM129-D04-ROCE-Leaf-6.GPU.S9825,FourHundredGigE1/0/34,137469,512722539,137350,521408496,1.27,1.29
2024/05/24 星期五 00:15:44.353,1716480944353,NH-DC-NM129-D04-ROCE-Leaf-6.GPU.S9825,FourHundredGigE1/0/34,0,0,0,0,0,0
2024/05/24 星期五 00:15:44.911,1716480944911,NH-DC-NM129-D04-ROCE-Leaf-6.GPU.S9825,FourHundredGigE1/0/34,212709,771474290,140180,523242568,1.72,1.16
2024/05/24 星期五 00:15:45.424,1716480945424,NH-DC-NM129-D04-ROCE-Leaf-6.GPU.S9825,FourHundredGigE1/0/34,0,0,0,0,0,0
2024/05/24 星期五 00:15:45.924,1716480945924,NH-DC-NM129-D04-ROCE-Leaf-6.GPU.S9825,FourHundredGigE1/0/34,76347,274260507,135921,493531570,0.68,1.22
2024/05/24 星期五 00:15:48.896,1716480948896,NH-DC-NM129-D04-ROCE-Leaf-6.GPU.S9825,FourHundredGigE1/0/34,482544,1636413368,463015,1632954930,0.69,0.69
2024/05/24 星期五 00:15:49.569,1716480949569,NH-DC-NM129-D04-ROCE-Leaf-6.GPU.S9825,FourHundredGigE1/0/34,275313,0,213535,0,0,0
2024/05/24 星期五 00:15:50.359,1716480950359,NH-DC-NM129-D04-ROCE-Leaf-6.GPU.S9825,FourHundredGigE1/0/34,0,962485120,0,783136238,1.52,1.23
2024/05/24 星期五 00:15:50.860,1716480950860,NH-DC-NM129-D04-ROCE-Leaf-6.GPU.S9825,FourHundredGigE1/0/34,130614,398000886,104274,371617768,0.97,0.92
2024/05/24 星期五 00:15:51.392,1716480951392,NH-DC-NM129-D04-ROCE-Leaf-6.GPU.S9825,FourHundredGigE1/0/34,0,0,0,0,0,0
2024/05/24 星期五 00:15:51.988,1716480951988,NH-DC-NM129-D04-ROCE-Leaf-6.GPU.S9825,FourHundredGigE1/0/34,293442,1003022284,614867,2503932234,2.10,5.24
2024/05/24 星期五 00:15:52.490,1716480952490,NH-DC-NM129-D04-ROCE-Leaf-6.GPU.S9825,FourHundredGigE1/0/34,0,0,0,0,0,0
2024/05/24 星期五 00:15:53.058,1716480953058,NH-DC-NM129-D04-ROCE-Leaf-6.GPU.S9825,FourHundredGigE1/0/34,191644,749301616,160699,567617234,1.63,1.23
2024/05/24 星期五 00:15:54.021,1716480954021,NH-DC-NM129-D04-ROCE-Leaf-6.GPU.S9825,FourHundredGigE1/0/34,156368,493039614,345701,1316191762,0.64,1.70
2024/05/24 星期五 00:15:54.581,1716480954581,NH-DC-NM129-D04-ROCE-Leaf-6.GPU.S9825,FourHundredGigE1/0/34,0,0,0,0,0,0
2024/05/24 星期五 00:15:55.202,1716480955202,NH-DC-NM129-D04-ROCE-Leaf-6.GPU.S9825,FourHundredGigE1/0/34,209799,737369448,733882,2795223762,1.47,5.62
2024/05/24 星期五 00:15:55.996,1716480955996,NH-DC-NM129-D04-ROCE-Leaf-6.GPU.S9825,FourHundredGigE1/0/34,139232,438199248,556185,2123861652,0.68,3.34
2024/05/24 星期五 00:15:56.696,1716480956696,NH-DC-NM129-D04-ROCE-Leaf-6.GPU.S9825,FourHundredGigE1/0/34,149226,568825614,268261,1020269434,1,1.82
2024/05/24 星期五 00:15:57.449,1716480957449,NH-DC-NM129-D04-ROCE-Leaf-6.GPU.S9825,FourHundredGigE1/0/34,0,0,0,0,0,0
2024/05/24 星期五 00:15:57.979,1716480957979,NH-DC-NM129-D04-ROCE-Leaf-6.GPU.S9825,FourHundredGigE1/0/34,327317,1273707124,218950,827756408,3.00,1.93
2024/05/24 星期五 00:15:58.482,1716480958482,NH-DC-NM129-D04-ROCE-Leaf-6.GPU.S9825,FourHundredGigE1/0/34,0,0,0,0,0,0
2024/05/24 星期五 00:15:58.982,1716480958982,NH-DC-NM129-D04-ROCE-Leaf-6.GPU.S9825,FourHundredGigE1/0/34,183882,713769448,350553,1396578502,1.78,3.48
2024/05/24 星期五 00:15:59.618,1716480959618,NH-DC-NM129-D04-ROCE-Leaf-6.GPU.S9825,FourHundredGigE1/0/34,0,0,0,0,0,0
2024/05/24 星期五 00:16:00.118,1716480960118,NH-DC-NM129-D04-ROCE-Leaf-6.GPU.S9825,FourHundredGigE1/0/34,51335,169034686,61268,194552260,0.4,0.48
2024/05/24 星期五 00:16:00.976,1716480960976,NH-DC-NM129-D04-ROCE-Leaf-6.GPU.S9825,FourHundredGigE1/0/34,175249,662196870,203660,776191128,0.96,1.12
2024/05/24 星期五 00:16:01.495,1716480961495,NH-DC-NM129-D04-ROCE-Leaf-6.GPU.S9825,FourHundredGigE1/0/34,0,0,0,0,0,0
2024/05/24 星期五 00:16:01.993,1716480961993,NH-DC-NM129-D04-ROCE-Leaf-6.GPU.S9825,FourHundredGigE1/0/34,310339,1251567230,138119,521705910,3.14,1.31
2024/05/24 星期五 00:16:03.638,1716480963638,NH-DC-NM129-D04-ROCE-Leaf-6.GPU.S9825,FourHundredGigE1/0/34,324851,1232456995,331102,1280357742,0.93,0.97
2024/05/24 星期五 00:16:05.041,1716480965041,NH-DC-NM129-D04-ROCE-Leaf-6.GPU.S9825,FourHundredGigE1/0/34,128338,507899416,185190,691431250,0.45,0.61
2024/05/24 星期五 00:16:05.543,1716480965543,NH-DC-NM129-D04-ROCE-Leaf-6.GPU.S9825,FourHundredGigE1/0/34,0,0,0,0,0,0
2024/05/24 星期五 00:16:06.045,1716480966045,NH-DC-NM129-D04-ROCE-Leaf-6.GPU.S9825,FourHundredGigE1/0/34,258056,1006354224,55985,214471670,2.49,0.52
2024/05/24 星期五 00:16:06.691,1716480966691,NH-DC-NM129-D04-ROCE-Leaf-6.GPU.S9825,FourHundredGigE1/0/34,0,0,0,0,0,0
2024/05/24 星期五 00:16:07.193,1716480967193,NH-DC-NM129-D04-ROCE-Leaf-6.GPU.S9825,FourHundredGigE1/0/34,398341,1488990534,54167,194567642,3.69,0.47
2024/05/24 星期五 00:16:07.828,1716480967828,NH-DC-NM129-D04-ROCE-Leaf-6.GPU.S9825,FourHundredGigE1/0/34,29328,70059084,627065,2573152824,0.14,5.06
2024/05/24 星期五 00:16:08.494,1716480968494,NH-DC-NM129-D04-ROCE-Leaf-6.GPU.S9825,FourHundredGigE1/0/34,0,0,0,0,0,0
2024/05/24 星期五 00:16:08.994,1716480968994,NH-DC-NM129-D04-ROCE-Leaf-6.GPU.S9825,FourHundredGigE1/0/34,98757,376888798,85267,326432884,0.92,0.8
2024/05/24 星期五 00:16:09.555,1716480969555,NH-DC-NM129-D04-ROCE-Leaf-6.GPU.S9825,FourHundredGigE1/0/34,0,0,0,0,0,0
2024/05/24 星期五 00:16:10.152,1716480970152,NH-DC-NM129-D04-ROCE-Leaf-6.GPU.S9825,FourHundredGigE1/0/34,97220,347512612,185428,750433024,0.71,1.57
2024/05/24 星期五 00:16:10.658,1716480970658,NH-DC-NM129-D04-ROCE-Leaf-6.GPU.S9825,FourHundredGigE1/0/34,129090,490963136,145138,397461452,1.21,0.96
2024/05/24 星期五 00:16:11.413,1716480971413,NH-DC-NM129-D04-ROCE-Leaf-6.GPU.S9825,FourHundredGigE1/0/34,0,0,0,0,0,0
2024/05/24 星期五 00:16:12.094,1716480972094,NH-DC-NM129-D04-ROCE-Leaf-6.GPU.S9825,FourHundredGigE1/0/34,284131,1143263739,262257,960526114,2.09,1.76
2024/05/24 星期五 00:16:12.597,1716480972597,NH-DC-NM129-D04-ROCE-Leaf-6.GPU.S9825,FourHundredGigE1/0/34,0,0,0,0,0,0
2024/05/24 星期五 00:16:13.112,1716480973112,NH-DC-NM129-D04-ROCE-Leaf-6.GPU.S9825,FourHundredGigE1/0/34,239206,941412221,170216,595805982,2.28,1.43
2024/05/24 星期五 00:16:13.851,1716480973851,NH-DC-NM129-D04-ROCE-Leaf-6.GPU.S9825,FourHundredGigE1/0/34,153246,593063301,138161,518023264,1.00,0.86
2024/05/24 星期五 00:16:14.407,1716480974407,NH-DC-NM129-D04-ROCE-Leaf-6.GPU.S9825,FourHundredGigE1/0/34,0,0,0,0,0,0
2024/05/24 星期五 00:16:15.205,1716480975205,NH-DC-NM129-D04-ROCE-Leaf-6.GPU.S9825,FourHundredGigE1/0/34,142657,522250827,133827,453405126,0.81,0.70
2024/05/24 星期五 00:16:15.741,1716480975741,NH-DC-NM129-D04-ROCE-Leaf-6.GPU.S9825,FourHundredGigE1/0/34,0,0,0,0,0,0
2024/05/24 星期五 00:16:16.241,1716480976241,NH-DC-NM129-D04-ROCE-Leaf-6.GPU.S9825,FourHundredGigE1/0/34,33726,123027440,56963,187127618,0.3,0.45
2024/05/24 星期五 00:16:16.805,1716480976805,NH-DC-NM129-D04-ROCE-Leaf-6.GPU.S9825,FourHundredGigE1/0/34,397951,1622071034,188992,765142064,3.59,1.68
2024/05/24 星期五 00:16:17.431,1716480977431,NH-DC-NM129-D04-ROCE-Leaf-6.GPU.S9825,FourHundredGigE1/0/34,0,0,0,0,0,0
2024/05/24 星期五 00:16:17.930,1716480977930,NH-DC-NM129-D04-ROCE-Leaf-6.GPU.S9825,FourHundredGigE1/0/34,128435,398697436,344997,1392200894,0.98,3.48
2024/05/24 星期五 00:16:18.736,1716480978736,NH-DC-NM129-D04-ROCE-Leaf-6.GPU.S9825,FourHundredGigE1/0/34,219723,776230914,156404,628711138,1.19,0.96
2024/05/24 星期五 00:16:19.298,1716480979298,NH-DC-NM129-D04-ROCE-Leaf-6.GPU.S9825,FourHundredGigE1/0/34,0,0,0,0,0,0
2024/05/24 星期五 00:16:19.813,1716480979813,NH-DC-NM129-D04-ROCE-Leaf-6.GPU.S9825,FourHundredGigE1/0/34,0,0,0,0,0,0
2024/05/24 星期五 00:16:20.317,1716480980317,NH-DC-NM129-D04-ROCE-Leaf-6.GPU.S9825,FourHundredGigE1/0/34,127178,479178082,263040,1057637270,1.17,2.60
2024/05/24 星期五 00:16:21.019,1716480981019,NH-DC-NM129-D04-ROCE-Leaf-6.GPU.S9825,FourHundredGigE1/0/34,330762,1282661761,481907,1909211802,2.28,3.38
2024/05/24 星期五 00:16:21.530,1716480981530,NH-DC-NM129-D04-ROCE-Leaf-6.GPU.S9825,FourHundredGigE1/0/34,0,0,0,0,0,0
2024/05/24 星期五 00:16:22.246,1716480982246,NH-DC-NM129-D04-ROCE-Leaf-6.GPU.S9825,FourHundredGigE1/0/34,310227,1167192990,228627,814461426,2.03,1.41
2024/05/24 星期五 00:16:22.790,1716480982790,NH-DC-NM129-D04-ROCE-Leaf-6.GPU.S9825,FourHundredGigE1/0/34,0,0,0,0,0,0
2024/05/24 星期五 00:16:23.291,1716480983291,NH-DC-NM129-D04-ROCE-Leaf-6.GPU.S9825,FourHundredGigE1/0/34,234558,918383740,119266,441784780,2.27,1.10
2024/05/24 星期五 00:16:23.793,1716480983793,NH-DC-NM129-D04-ROCE-Leaf-6.GPU.S9825,FourHundredGigE1/0/34,394244,1553171580,201183,758801790,3.86,1.87
2024/05/24 星期五 00:16:24.563,1716480984563,NH-DC-NM129-D04-ROCE-Leaf-6.GPU.S9825,FourHundredGigE1/0/34,0,0,0,0,0,0
2024/05/24 星期五 00:16:25.197,1716480985197,NH-DC-NM129-D04-ROCE-Leaf-6.GPU.S9825,FourHundredGigE1/0/34,297211,1185072374,307878,1150873972,2.33,2.27
2024/05/24 星期五 00:16:25.860,1716480985860,NH-DC-NM129-D04-ROCE-Leaf-6.GPU.S9825,FourHundredGigE1/0/34,94591,342798834,291550,1136649740,0.64,2.13
2024/05/24 星期五 00:16:26.361,1716480986361,NH-DC-NM129-D04-ROCE-Leaf-6.GPU.S9825,FourHundredGigE1/0/34,0,0,0,0,0,0
2024/05/24 星期五 00:16:26.862,1716480986862,NH-DC-NM129-D04-ROCE-Leaf-6.GPU.S9825,FourHundredGigE1/0/34,133935,484982806,175234,645442764,1.20,1.60
2024/05/24 星期五 00:16:30.517,1716480990517,NH-DC-NM129-D04-ROCE-Leaf-6.GPU.S9825,FourHundredGigE1/0/34,1030697,4060657782,441515,1606134686,1.39,0.55
2024/05/24 星期五 00:16:31.036,1716480991036,NH-DC-NM129-D04-ROCE-Leaf-6.GPU.S9825,FourHundredGigE1/0/34,68328,248251104,89345,309202442,0.58,0.72
2024/05/24 星期五 00:16:31.537,1716480991537,NH-DC-NM129-D04-ROCE-Leaf-6.GPU.S9825,FourHundredGigE1/0/34,0,0,0,0,0,0
2024/05/24 星期五 00:16:32.240,1716480992240,NH-DC-NM129-D04-ROCE-Leaf-6.GPU.S9825,FourHundredGigE1/0/34,298441,1182471658,41064,112599100,2.10,0.20
2024/05/24 星期五 00:16:32.786,1716480992786,NH-DC-NM129-D04-ROCE-Leaf-6.GPU.S9825,FourHundredGigE1/0/34,0,0,0,0,0,0
2024/05/24 星期五 00:16:33.290,1716480993290,NH-DC-NM129-D04-ROCE-Leaf-6.GPU.S9825,FourHundredGigE1/0/34,71157,249202906,106400,382622868,0.60,0.94
2024/05/24 星期五 00:16:33.791,1716480993791,NH-DC-NM129-D04-ROCE-Leaf-6.GPU.S9825,FourHundredGigE1/0/34,193694,749947838,193744,753600424,1.85,1.87
2024/05/24 星期五 00:16:34.415,1716480994415,NH-DC-NM129-D04-ROCE-Leaf-6.GPU.S9825,FourHundredGigE1/0/34,0,0,0,0,0,0
2024/05/24 星期五 00:16:34.959,1716480994959,NH-DC-NM129-D04-ROCE-Leaf-6.GPU.S9825,FourHundredGigE1/0/34,125813,462290352,149697,583663698,1.06,1.33
2024/05/24 星期五 00:16:35.782,1716480995782,NH-DC-NM129-D04-ROCE-Leaf-6.GPU.S9825,FourHundredGigE1/0/34,319861,1249545558,223818,879954572,1.88,1.32
2024/05/24 星期五 00:16:36.289,1716480996289,NH-DC-NM129-D04-ROCE-Leaf-6.GPU.S9825,FourHundredGigE1/0/34,0,0,0,0,0,0
2024/05/24 星期五 00:16:36.789,1716480996789,NH-DC-NM129-D04-ROCE-Leaf-6.GPU.S9825,FourHundredGigE1/0/34,179930,654253344,72366,216381292,1.62,0.52
2024/05/24 星期五 00:16:37.296,1716480997296,NH-DC-NM129-D04-ROCE-Leaf-6.GPU.S9825,FourHundredGigE1/0/34,0,0,0,0,0,0
2024/05/24 星期五 00:16:37.858,1716480997858,NH-DC-NM129-D04-ROCE-Leaf-6.GPU.S9825,FourHundredGigE1/0/34,167353,610129026,125987,478098286,1.36,1.05
2024/05/24 星期五 00:16:38.361,1716480998361,NH-DC-NM129-D04-ROCE-Leaf-6.GPU.S9825,FourHundredGigE1/0/34,0,0,0,0,0,0
2024/05/24 星期五 00:16:39.168,1716480999168,NH-DC-NM129-D04-ROCE-Leaf-6.GPU.S9825,FourHundredGigE1/0/34,193542,717336782,99022,337101352,1.10,0.51
2024/05/24 星期五 00:16:39.671,1716480999671,NH-DC-NM129-D04-ROCE-Leaf-6.GPU.S9825,FourHundredGigE1/0/34,0,0,0,0,0,0
2024/05/24 星期五 00:16:40.299,1716481000299,NH-DC-NM129-D04-ROCE-Leaf-6.GPU.S9825,FourHundredGigE1/0/34,264662,1032024694,119592,442802648,2.05,0.88
2024/05/24 星期五 00:16:40.834,1716481000834,NH-DC-NM129-D04-ROCE-Leaf-6.GPU.S9825,FourHundredGigE1/0/34,223018,820952524,368079,1477187506,1.92,3.43
2024/05/24 星期五 00:16:41.471,1716481001471,NH-DC-NM129-D04-ROCE-Leaf-6.GPU.S9825,FourHundredGigE1/0/34,0,0,0,0,0,0
2024/05/24 星期五 00:16:42.415,1716481002415,NH-DC-NM129-D04-ROCE-Leaf-6.GPU.S9825,FourHundredGigE1/0/34,276377,965919994,101058,373420260,1.27,0.49
2024/05/24 星期五 00:16:43.102,1716481003102,NH-DC-NM129-D04-ROCE-Leaf-6.GPU.S9825,FourHundredGigE1/0/34,327576,1275659205,66107,215268570,2.31,0.38
2024/05/24 星期五 00:16:43.605,1716481003605,NH-DC-NM129-D04-ROCE-Leaf-6.GPU.S9825,FourHundredGigE1/0/34,0,0,0,0,0,0
2024/05/24 星期五 00:16:44.340,1716481004340,NH-DC-NM129-D04-ROCE-Leaf-6.GPU.S9825,FourHundredGigE1/0/34,386870,1531962256,266927,1069313156,2.60,1.80
2024/05/24 星期五 00:16:44.986,1716481004986,NH-DC-NM129-D04-ROCE-Leaf-6.GPU.S9825,FourHundredGigE1/0/34,377439,1491876542,297727,1157792106,2.88,2.23
2024/05/24 星期五 00:16:45.557,1716481005557,NH-DC-NM129-D04-ROCE-Leaf-6.GPU.S9825,FourHundredGigE1/0/34,58341,204785582,460960,1734446746,0.44,3.79
2024/05/24 星期五 00:16:46.291,1716481006291,NH-DC-NM129-D04-ROCE-Leaf-6.GPU.S9825,FourHundredGigE1/0/34,0,0,0,0,0,0
2024/05/24 星期五 00:16:46.991,1716481006991,NH-DC-NM129-D04-ROCE-Leaf-6.GPU.S9825,FourHundredGigE1/0/34,146783,561528006,541892,2044612244,1,3.64
2024/05/24 星期五 00:16:47.498,1716481007498,NH-DC-NM129-D04-ROCE-Leaf-6.GPU.S9825,FourHundredGigE1/0/34,0,0,0,0,0,0
2024/05/24 星期五 00:16:48.001,1716481008001,NH-DC-NM129-D04-ROCE-Leaf-6.GPU.S9825,FourHundredGigE1/0/34,105045,404902558,227723,645970966,0.99,1.59
2024/05/24 星期五 00:16:48.525,1716481008525,NH-DC-NM129-D04-ROCE-Leaf-6.GPU.S9825,FourHundredGigE1/0/34,0,0,0,0,0,0
2024/05/24 星期五 00:16:49.202,1716481009202,NH-DC-NM129-D04-ROCE-Leaf-6.GPU.S9825,FourHundredGigE1/0/34,516217,1931122194,117578,458751420,3.56,0.83
2024/05/24 星期五 00:16:49.834,1716481009834,NH-DC-NM129-D04-ROCE-Leaf-6.GPU.S9825,FourHundredGigE1/0/34,0,0,0,0,0,0
2024/05/24 星期五 00:16:50.334,1716481010334,NH-DC-NM129-D04-ROCE-Leaf-6.GPU.S9825,FourHundredGigE1/0/34,410549,1563914286,246626,993850852,3.9,2.48
2024/05/24 星期五 00:16:50.849,1716481010849,NH-DC-NM129-D04-ROCE-Leaf-6.GPU.S9825,FourHundredGigE1/0/34,101184,395374739,153762,600015908,0.95,1.46
2024/05/24 星期五 00:16:51.352,1716481011352,NH-DC-NM129-D04-ROCE-Leaf-6.GPU.S9825,FourHundredGigE1/0/34,0,0,0,0,0,0
2024/05/24 星期五 00:16:51.914,1716481011914,NH-DC-NM129-D04-ROCE-Leaf-6.GPU.S9825,FourHundredGigE1/0/34,307398,1150997130,170426,653814752,2.56,1.45
2024/05/24 星期五 00:16:52.553,1716481012553,NH-DC-NM129-D04-ROCE-Leaf-6.GPU.S9825,FourHundredGigE1/0/34,0,0,0,0,0,0
2024/05/24 星期五 00:16:53.231,1716481013231,NH-DC-NM129-D04-ROCE-Leaf-6.GPU.S9825,FourHundredGigE1/0/34,384242,1469738581,180519,696096110,2.69,1.27
2024/05/24 星期五 00:16:53.819,1716481013819,NH-DC-NM129-D04-ROCE-Leaf-6.GPU.S9825,FourHundredGigE1/0/34,0,0,0,0,0,0
2024/05/24 星期五 00:16:54.322,1716481014322,NH-DC-NM129-D04-ROCE-Leaf-6.GPU.S9825,FourHundredGigE1/0/34,169885,652645694,492192,1965496148,1.62,4.87
2024/05/24 星期五 00:16:55.001,1716481015001,NH-DC-NM129-D04-ROCE-Leaf-6.GPU.S9825,FourHundredGigE1/0/34,251519,755777631,220224,795570932,1.38,1.45
2024/05/24 星期五 00:16:55.864,1716481015864,NH-DC-NM129-D04-ROCE-Leaf-6.GPU.S9825,FourHundredGigE1/0/34,163328,613040188,118369,464152690,0.88,0.67
2024/05/24 星期五 00:16:56.470,1716481016470,NH-DC-NM129-D04-ROCE-Leaf-6.GPU.S9825,FourHundredGigE1/0/34,0,0,0,0,0,0
2024/05/24 星期五 00:16:57.047,1716481017047,NH-DC-NM129-D04-ROCE-Leaf-6.GPU.S9825,FourHundredGigE1/0/34,99438,286996576,78640,270716324,0.61,0.58
2024/05/24 星期五 00:16:57.555,1716481017555,NH-DC-NM129-D04-ROCE-Leaf-6.GPU.S9825,FourHundredGigE1/0/34,0,0,0,0,0,0
2024/05/24 星期五 00:16:58.057,1716481018057,NH-DC-NM129-D04-ROCE-Leaf-6.GPU.S9825,FourHundredGigE1/0/34,149323,555612920,162053,613707518,1.37,1.52
2024/05/24 星期五 00:16:58.716,1716481018716,NH-DC-NM129-D04-ROCE-Leaf-6.GPU.S9825,FourHundredGigE1/0/34,377551,1504038148,158028,571544354,2.85,1.08
2024/05/24 星期五 00:16:59.406,1716481019406,NH-DC-NM129-D04-ROCE-Leaf-6.GPU.S9825,FourHundredGigE1/0/34,0,0,0,0,0,0
2024/05/24 星期五 00:17:00.040,1716481020040,NH-DC-NM129-D04-ROCE-Leaf-6.GPU.S9825,FourHundredGigE1/0/34,177386,637624261,162002,578485314,1.24,1.12
2024/05/24 星期五 00:17:00.590,1716481020590,NH-DC-NM129-D04-ROCE-Leaf-6.GPU.S9825,FourHundredGigE1/0/34,0,0,0,0,0,0
2024/05/24 星期五 00:17:01.090,1716481021090,NH-DC-NM129-D04-ROCE-Leaf-6.GPU.S9825,FourHundredGigE1/0/34,296515,1162121538,79401,251790570,2.9,0.62
2024/05/24 星期五 00:17:01.633,1716481021633,NH-DC-NM129-D04-ROCE-Leaf-6.GPU.S9825,FourHundredGigE1/0/34,0,0,0,0,0,0
2024/05/24 星期五 00:17:02.135,1716481022135,NH-DC-NM129-D04-ROCE-Leaf-6.GPU.S9825,FourHundredGigE1/0/34,230790,876152981,327421,1250218262,2.17,3.11
2024/05/24 星期五 00:17:04.255,1716481024255,NH-DC-NM129-D04-ROCE-Leaf-6.GPU.S9825,FourHundredGigE1/0/34,244260,955091200,88802,339864420,0.56,0.19
2024/05/24 星期五 00:17:04.868,1716481024868,NH-DC-NM129-D04-ROCE-Leaf-6.GPU.S9825,FourHundredGigE1/0/34,34997,98333614,20430,59734836,0.18,0.10
2024/05/24 星期五 00:17:05.430,1716481025430,NH-DC-NM129-D04-ROCE-Leaf-6.GPU.S9825,FourHundredGigE1/0/34,0,0,0,0,0,0
2024/05/24 星期五 00:17:06.040,1716481026040,NH-DC-NM129-D04-ROCE-Leaf-6.GPU.S9825,FourHundredGigE1/0/34,179385,629529558,377747,1524008158,1.27,3.11
2024/05/24 星期五 00:17:06.550,1716481026550,NH-DC-NM129-D04-ROCE-Leaf-6.GPU.S9825,FourHundredGigE1/0/34,0,0,0,0,0,0
2024/05/24 星期五 00:17:07.199,1716481027199,NH-DC-NM129-D04-ROCE-Leaf-6.GPU.S9825,FourHundredGigE1/0/34,468416,1823974802,166286,638251284,3.51,1.21
2024/05/24 星期五 00:17:07.777,1716481027777,NH-DC-NM129-D04-ROCE-Leaf-6.GPU.S9825,FourHundredGigE1/0/34,0,0,0,0,0,0
2024/05/24 星期五 00:17:08.280,1716481028280,NH-DC-NM129-D04-ROCE-Leaf-6.GPU.S9825,FourHundredGigE1/0/34,323949,1224076704,190428,709640296,3.03,1.74
2024/05/24 星期五 00:17:08.979,1716481028979,NH-DC-NM129-D04-ROCE-Leaf-6.GPU.S9825,FourHundredGigE1/0/34,396321,1498472066,196487,741470694,2.66,1.32
2024/05/24 星期五 00:17:09.611,1716481029611,NH-DC-NM129-D04-ROCE-Leaf-6.GPU.S9825,FourHundredGigE1/0/34,0,0,0,0,0,0
2024/05/24 星期五 00:17:10.114,1716481030114,NH-DC-NM129-D04-ROCE-Leaf-6.GPU.S9825,FourHundredGigE1/0/34,493427,1929825574,282698,1082895012,4.77,2.68
2024/05/24 星期五 00:17:10.843,1716481030843,NH-DC-NM129-D04-ROCE-Leaf-6.GPU.S9825,FourHundredGigE1/0/34,184744,719853156,200510,547265540,1.22,0.93
2024/05/24 星期五 00:17:11.460,1716481031460,NH-DC-NM129-D04-ROCE-Leaf-6.GPU.S9825,FourHundredGigE1/0/34,0,0,0,0,0,0
2024/05/24 星期五 00:17:11.974,1716481031974,NH-DC-NM129-D04-ROCE-Leaf-6.GPU.S9825,FourHundredGigE1/0/34,189769,677854940,220447,523946078,1.63,1.26
2024/05/24 星期五 00:17:12.549,1716481032549,NH-DC-NM129-D04-ROCE-Leaf-6.GPU.S9825,FourHundredGigE1/0/34,0,0,0,0,0,0
2024/05/24 星期五 00:17:13.114,1716481033114,NH-DC-NM129-D04-ROCE-Leaf-6.GPU.S9825,FourHundredGigE1/0/34,346805,1404077673,378592,1479586344,3.10,3.25
2024/05/24 星期五 00:17:13.625,1716481033625,NH-DC-NM129-D04-ROCE-Leaf-6.GPU.S9825,FourHundredGigE1/0/34,0,0,0,0,0,0
2024/05/24 星期五 00:17:14.415,1716481034415,NH-DC-NM129-D04-ROCE-Leaf-6.GPU.S9825,FourHundredGigE1/0/34,207354,722661388,100991,361492534,1.14,0.57
2024/05/24 星期五 00:17:14.976,1716481034976,NH-DC-NM129-D04-ROCE-Leaf-6.GPU.S9825,FourHundredGigE1/0/34,185940,702266292,119975,444657270,1.56,0.98
2024/05/24 星期五 00:17:15.493,1716481035493,NH-DC-NM129-D04-ROCE-Leaf-6.GPU.S9825,FourHundredGigE1/0/34,0,0,0,0,0,0
2024/05/24 星期五 00:17:16.000,1716481036000,NH-DC-NM129-D04-ROCE-Leaf-6.GPU.S9825,FourHundredGigE1/0/34,145821,565280202,184618,728147944,1.38,1.78
2024/05/24 星期五 00:17:16.571,1716481036571,NH-DC-NM129-D04-ROCE-Leaf-6.GPU.S9825,FourHundredGigE1/0/34,0,0,0,0,0,0
2024/05/24 星期五 00:17:17.121,1716481037121,NH-DC-NM129-D04-ROCE-Leaf-6.GPU.S9825,FourHundredGigE1/0/34,362155,1384279834,267151,1017330362,3.14,2.30
2024/05/24 星期五 00:17:17.777,1716481037777,NH-DC-NM129-D04-ROCE-Leaf-6.GPU.S9825,FourHundredGigE1/0/34,313408,1191111428,181883,704569954,2.27,1.33
2024/05/24 星期五 00:17:18.281,1716481038281,NH-DC-NM129-D04-ROCE-Leaf-6.GPU.S9825,FourHundredGigE1/0/34,0,0,0,0,0,0
2024/05/24 星期五 00:17:18.791,1716481038791,NH-DC-NM129-D04-ROCE-Leaf-6.GPU.S9825,FourHundredGigE1/0/34,0,0,0,0,0,0
2024/05/24 星期五 00:17:19.294,1716481039294,NH-DC-NM129-D04-ROCE-Leaf-6.GPU.S9825,FourHundredGigE1/0/34,389014,1542184060,179971,722581446,3.83,1.79
2024/05/24 星期五 00:17:19.869,1716481039869,NH-DC-NM129-D04-ROCE-Leaf-6.GPU.S9825,FourHundredGigE1/0/34,550636,2214297216,219528,844007296,4.80,1.83
2024/05/24 星期五 00:17:20.369,1716481040369,NH-DC-NM129-D04-ROCE-Leaf-6.GPU.S9825,FourHundredGigE1/0/34,0,0,0,0,0,0
2024/05/24 星期五 00:17:21.000,1716481041000,NH-DC-NM129-D04-ROCE-Leaf-6.GPU.S9825,FourHundredGigE1/0/34,29059,59195626,84060,310836776,0.10,0.61
2024/05/24 星期五 00:17:21.652,1716481041652,NH-DC-NM129-D04-ROCE-Leaf-6.GPU.S9825,FourHundredGigE1/0/34,0,0,0,0,0,0
2024/05/24 星期五 00:17:22.156,1716481042156,NH-DC-NM129-D04-ROCE-Leaf-6.GPU.S9825,FourHundredGigE1/0/34,61745,229138086,26312,98167564,0.55,0.22
2024/05/24 星期五 00:17:22.727,1716481042727,NH-DC-NM129-D04-ROCE-Leaf-6.GPU.S9825,FourHundredGigE1/0/34,0,0,0,0,0,0
2024/05/24 星期五 00:17:23.237,1716481043237,NH-DC-NM129-D04-ROCE-Leaf-6.GPU.S9825,FourHundredGigE1/0/34,54093,74445146,12870,47603160,0.17,0.10
2024/05/24 星期五 00:17:23.747,1716481043747,NH-DC-NM129-D04-ROCE-Leaf-6.GPU.S9825,FourHundredGigE1/0/34,383132,1496141908,118570,471086036,3.65,1.15
2024/05/24 星期五 00:17:24.327,1716481044327,NH-DC-NM129-D04-ROCE-Leaf-6.GPU.S9825,FourHundredGigE1/0/34,0,0,0,0,0,0
2024/05/24 星期五 00:17:24.977,1716481044977,NH-DC-NM129-D04-ROCE-Leaf-6.GPU.S9825,FourHundredGigE1/0/34,52080,192130360,76996,271357100,0.37,0.52
2024/05/24 星期五 00:17:25.549,1716481045549,NH-DC-NM129-D04-ROCE-Leaf-6.GPU.S9825,FourHundredGigE1/0/34,0,0,0,0,0,0
2024/05/24 星期五 00:17:26.051,1716481046051,NH-DC-NM129-D04-ROCE-Leaf-6.GPU.S9825,FourHundredGigE1/0/34,58944,230650656,83573,337890802,0.57,0.82
2024/05/24 星期五 00:17:26.629,1716481046629,NH-DC-NM129-D04-ROCE-Leaf-6.GPU.S9825,FourHundredGigE1/0/34,0,0,0,0,0,0
2024/05/24 星期五 00:17:27.203,1716481047203,NH-DC-NM129-D04-ROCE-Leaf-6.GPU.S9825,FourHundredGigE1/0/34,275332,1048668424,418817,1720627310,2.26,3.75
2024/05/24 星期五 00:17:27.749,1716481047749,NH-DC-NM129-D04-ROCE-Leaf-6.GPU.S9825,FourHundredGigE1/0/34,0,0,0,0,0,0
2024/05/24 星期五 00:17:28.262,1716481048262,NH-DC-NM129-D04-ROCE-Leaf-6.GPU.S9825,FourHundredGigE1/0/34,193419,756015778,204289,747179915,1.83,1.80
2024/05/24 星期五 00:17:28.830,1716481048830,NH-DC-NM129-D04-ROCE-Leaf-6.GPU.S9825,FourHundredGigE1/0/34,178926,679847242,176192,660516360,1.47,1.45
2024/05/24 星期五 00:17:29.370,1716481049370,NH-DC-NM129-D04-ROCE-Leaf-6.GPU.S9825,FourHundredGigE1/0/34,0,0,0,0,0,0
2024/05/24 星期五 00:17:29.871,1716481049871,NH-DC-NM129-D04-ROCE-Leaf-6.GPU.S9825,FourHundredGigE1/0/34,917730,3738852060,78767,299723474,9.31,0.72
2024/05/24 星期五 00:17:30.394,1716481050394,NH-DC-NM129-D04-ROCE-Leaf-6.GPU.S9825,FourHundredGigE1/0/34,0,0,0,0,0,0
2024/05/24 星期五 00:17:30.993,1716481050993,NH-DC-NM129-D04-ROCE-Leaf-6.GPU.S9825,FourHundredGigE1/0/34,2149466,8791058206,203639,798741278,18.34,1.65
2024/05/24 星期五 00:17:31.635,1716481051635,NH-DC-NM129-D04-ROCE-Leaf-6.GPU.S9825,FourHundredGigE1/0/34,0,0,0,0,0,0
2024/05/24 星期五 00:17:32.167,1716481052167,NH-DC-NM129-D04-ROCE-Leaf-6.GPU.S9825,FourHundredGigE1/0/34,1490277,6087844043,101184,360469200,14.29,0.85
2024/05/24 星期五 00:17:32.690,1716481052690,NH-DC-NM129-D04-ROCE-Leaf-6.GPU.S9825,FourHundredGigE1/0/34,0,0,0,0,0,0
2024/05/24 星期五 00:17:33.194,1716481053194,NH-DC-NM129-D04-ROCE-Leaf-6.GPU.S9825,FourHundredGigE1/0/34,345256,1279617953,254048,958498592,3.15,2.36
2024/05/24 星期五 00:17:33.759,1716481053759,NH-DC-NM129-D04-ROCE-Leaf-6.GPU.S9825,FourHundredGigE1/0/34,165212,606295456,236693,914749740,1.33,2.01
2024/05/24 星期五 00:17:34.314,1716481054314,NH-DC-NM129-D04-ROCE-Leaf-6.GPU.S9825,FourHundredGigE1/0/34,0,0,0,0,0,0
2024/05/24 星期五 00:17:34.998,1716481054998,NH-DC-NM129-D04-ROCE-Leaf-6.GPU.S9825,FourHundredGigE1/0/34,598040,2331736656,335732,1331849168,4.26,2.43
2024/05/24 星期五 00:17:35.582,1716481055582,NH-DC-NM129-D04-ROCE-Leaf-6.GPU.S9825,FourHundredGigE1/0/34,0,0,0,0,0,0
2024/05/24 星期五 00:17:36.082,1716481056082,NH-DC-NM129-D04-ROCE-Leaf-6.GPU.S9825,FourHundredGigE1/0/34,288755,1112490450,414137,1675724460,2.78,4.18
2024/05/24 星期五 00:17:36.740,1716481056740,NH-DC-NM129-D04-ROCE-Leaf-6.GPU.S9825,FourHundredGigE1/0/34,215268,768569776,248009,981911062,1.44,1.86
2024/05/24 星期五 00:17:37.295,1716481057295,NH-DC-NM129-D04-ROCE-Leaf-6.GPU.S9825,FourHundredGigE1/0/34,0,0,0,0,0,0
2024/05/24 星期五 00:17:37.797,1716481057797,NH-DC-NM129-D04-ROCE-Leaf-6.GPU.S9825,FourHundredGigE1/0/34,280174,1070736544,220465,888189826,2.66,2.19
2024/05/24 星期五 00:17:38.387,1716481058387,NH-DC-NM129-D04-ROCE-Leaf-6.GPU.S9825,FourHundredGigE1/0/34,0,0,0,0,0,0
2024/05/24 星期五 00:17:38.949,1716481058949,NH-DC-NM129-D04-ROCE-Leaf-6.GPU.S9825,FourHundredGigE1/0/34,133965,525434214,31537,89963170,1.16,0.18
2024/05/24 星期五 00:17:39.453,1716481059453,NH-DC-NM129-D04-ROCE-Leaf-6.GPU.S9825,FourHundredGigE1/0/34,0,0,0,0,0,0
2024/05/24 星期五 00:17:39.953,1716481059953,NH-DC-NM129-D04-ROCE-Leaf-6.GPU.S9825,FourHundredGigE1/0/34,171999,628717414,240198,921494730,1.55,2.3
2024/05/24 星期五 00:17:40.539,1716481060539,NH-DC-NM129-D04-ROCE-Leaf-6.GPU.S9825,FourHundredGigE1/0/34,0,0,0,0,0,0
2024/05/24 星期五 00:17:41.165,1716481061165,NH-DC-NM129-D04-ROCE-Leaf-6.GPU.S9825,FourHundredGigE1/0/34,105955,391027070,159639,601507568,0.78,1.20
2024/05/24 星期五 00:17:42.030,1716481062030,NH-DC-NM129-D04-ROCE-Leaf-6.GPU.S9825,FourHundredGigE1/0/34,197361,770234950,364263,1423406778,1.11,2.05
2024/05/24 星期五 00:17:42.706,1716481062706,NH-DC-NM129-D04-ROCE-Leaf-6.GPU.S9825,FourHundredGigE1/0/34,0,0,0,0,0,0
2024/05/24 星期五 00:17:43.246,1716481063246,NH-DC-NM129-D04-ROCE-Leaf-6.GPU.S9825,FourHundredGigE1/0/34,218759,824078501,243981,909531310,1.90,2.08
2024/05/24 星期五 00:17:43.859,1716481063859,NH-DC-NM129-D04-ROCE-Leaf-6.GPU.S9825,FourHundredGigE1/0/34,641798,2557415437,526658,2039776116,5.20,4.14
2024/05/24 星期五 00:17:44.620,1716481064620,NH-DC-NM129-D04-ROCE-Leaf-6.GPU.S9825,FourHundredGigE1/0/34,0,0,0,0,0,0
2024/05/24 星期五 00:17:45.206,1716481065206,NH-DC-NM129-D04-ROCE-Leaf-6.GPU.S9825,FourHundredGigE1/0/34,231146,891125516,126917,462583442,1.90,0.98
2024/05/24 星期五 00:17:45.771,1716481065771,NH-DC-NM129-D04-ROCE-Leaf-6.GPU.S9825,FourHundredGigE1/0/34,202834,800161818,164392,600231624,1.77,1.33
2024/05/24 星期五 00:17:46.275,1716481066275,NH-DC-NM129-D04-ROCE-Leaf-6.GPU.S9825,FourHundredGigE1/0/34,0,0,0,0,0,0
2024/05/24 星期五 00:17:47.234,1716481067234,NH-DC-NM129-D04-ROCE-Leaf-6.GPU.S9825,FourHundredGigE1/0/34,249026,942332508,361287,1431127870,1.23,1.86
2024/05/24 星期五 00:17:47.769,1716481067769,NH-DC-NM129-D04-ROCE-Leaf-6.GPU.S9825,FourHundredGigE1/0/34,333242,1333174934,119102,448083188,3.11,1.03
2024/05/24 星期五 00:17:48.402,1716481068402,NH-DC-NM129-D04-ROCE-Leaf-6.GPU.S9825,FourHundredGigE1/0/34,0,0,0,0,0,0
2024/05/24 星期五 00:17:48.998,1716481068998,NH-DC-NM129-D04-ROCE-Leaf-6.GPU.S9825,FourHundredGigE1/0/34,184336,735377176,119990,472161764,1.53,0.99
2024/05/24 星期五 00:17:49.502,1716481069502,NH-DC-NM129-D04-ROCE-Leaf-6.GPU.S9825,FourHundredGigE1/0/34,0,0,0,0,0,0
2024/05/24 星期五 00:17:50.002,1716481070002,NH-DC-NM129-D04-ROCE-Leaf-6.GPU.S9825,FourHundredGigE1/0/34,169133,672542444,139942,550348524,1.68,1.38
2024/05/24 星期五 00:17:50.650,1716481070650,NH-DC-NM129-D04-ROCE-Leaf-6.GPU.S9825,FourHundredGigE1/0/34,245536,965189612,54420,188360180,1.85,0.35
2024/05/24 星期五 00:17:51.252,1716481071252,NH-DC-NM129-D04-ROCE-Leaf-6.GPU.S9825,FourHundredGigE1/0/34,0,0,0,0,0,0
2024/05/24 星期五 00:17:51.880,1716481071880,NH-DC-NM129-D04-ROCE-Leaf-6.GPU.S9825,FourHundredGigE1/0/34,194351,765103022,223582,838230064,1.51,1.65
2024/05/24 星期五 00:17:52.447,1716481072447,NH-DC-NM129-D04-ROCE-Leaf-6.GPU.S9825,FourHundredGigE1/0/34,0,0,0,0,0,0
2024/05/24 星期五 00:17:52.948,1716481072948,NH-DC-NM129-D04-ROCE-Leaf-6.GPU.S9825,FourHundredGigE1/0/34,110062,415458500,113457,393086954,1.02,0.97
2024/05/24 星期五 00:17:53.612,1716481073612,NH-DC-NM129-D04-ROCE-Leaf-6.GPU.S9825,FourHundredGigE1/0/34,95797,365939542,112440,386080420,0.68,0.72
2024/05/24 星期五 00:17:54.448,1716481074448,NH-DC-NM129-D04-ROCE-Leaf-6.GPU.S9825,FourHundredGigE1/0/34,0,0,0,0,0,0
2024/05/24 星期五 00:17:55.117,1716481075117,NH-DC-NM129-D04-ROCE-Leaf-6.GPU.S9825,FourHundredGigE1/0/34,568336,2272794753,173572,638015778,4.24,1.18
2024/05/24 星期五 00:17:55.863,1716481075863,NH-DC-NM129-D04-ROCE-Leaf-6.GPU.S9825,FourHundredGigE1/0/34,2145752,8778391052,319010,1236465414,14.70,2.06
2024/05/24 星期五 00:17:56.366,1716481076366,NH-DC-NM129-D04-ROCE-Leaf-6.GPU.S9825,FourHundredGigE1/0/34,0,0,0,0,0,0
2024/05/24 星期五 00:17:56.867,1716481076867,NH-DC-NM129-D04-ROCE-Leaf-6.GPU.S9825,FourHundredGigE1/0/34,2005671,8206847186,247639,980543110,20.46,2.45
2024/05/24 星期五 00:17:57.641,1716481077641,NH-DC-NM129-D04-ROCE-Leaf-6.GPU.S9825,FourHundredGigE1/0/34,0,0,0,0,0,0
2024/05/24 星期五 00:17:58.191,1716481078191,NH-DC-NM129-D04-ROCE-Leaf-6.GPU.S9825,FourHundredGigE1/0/34,268721,1064230862,429369,1739538266,2.41,3.93
2024/05/24 星期五 00:17:58.889,1716481078889,NH-DC-NM129-D04-ROCE-Leaf-6.GPU.S9825,FourHundredGigE1/0/34,210949,829189074,134750,507304392,1.47,0.90
2024/05/24 星期五 00:17:59.518,1716481079518,NH-DC-NM129-D04-ROCE-Leaf-6.GPU.S9825,FourHundredGigE1/0/34,0,0,0,0,0,0
2024/05/24 星期五 00:18:00.017,1716481080017,NH-DC-NM129-D04-ROCE-Leaf-6.GPU.S9825,FourHundredGigE1/0/34,559326,2253829407,33377,105289934,5.64,0.25
2024/05/24 星期五 00:18:00.549,1716481080549,NH-DC-NM129-D04-ROCE-Leaf-6.GPU.S9825,FourHundredGigE1/0/34,0,0,0,0,0,0
2024/05/24 星期五 00:18:01.225,1716481081225,NH-DC-NM129-D04-ROCE-Leaf-6.GPU.S9825,FourHundredGigE1/0/34,100963,388504284,151256,594016366,0.70,1.09
2024/05/24 星期五 00:18:01.839,1716481081839,NH-DC-NM129-D04-ROCE-Leaf-6.GPU.S9825,FourHundredGigE1/0/34,24297,35449254,232271,927409080,0.06,1.87
2024/05/24 星期五 00:18:02.724,1716481082724,NH-DC-NM129-D04-ROCE-Leaf-6.GPU.S9825,FourHundredGigE1/0/34,114981,456713606,120666,466192148,0.64,0.65
2024/05/24 星期五 00:18:04.324,1716481084324,NH-DC-NM129-D04-ROCE-Leaf-6.GPU.S9825,FourHundredGigE1/0/34,196809,760204154,130107,496230198,0.59,0.38
2024/05/24 星期五 00:18:06.817,1716481086817,NH-DC-NM129-D04-ROCE-Leaf-6.GPU.S9825,FourHundredGigE1/0/34,517271,1863234322,340917,1183938590,0.93,0.59
2024/05/24 星期五 00:18:07.319,1716481087319,NH-DC-NM129-D04-ROCE-Leaf-6.GPU.S9825,FourHundredGigE1/0/34,211590,814514012,238565,904881210,2.02,2.24
2024/05/24 星期五 00:18:07.938,1716481087938,NH-DC-NM129-D04-ROCE-Leaf-6.GPU.S9825,FourHundredGigE1/0/34,273852,1104621236,255961,984397574,2.22,1.98
2024/05/24 星期五 00:18:08.583,1716481088583,NH-DC-NM129-D04-ROCE-Leaf-6.GPU.S9825,FourHundredGigE1/0/34,0,0,0,0,0,0
2024/05/24 星期五 00:18:09.221,1716481089221,NH-DC-NM129-D04-ROCE-Leaf-6.GPU.S9825,FourHundredGigE1/0/34,39345,153088130,74817,267429018,0.29,0.51
2024/05/24 星期五 00:18:10.330,1716481090330,NH-DC-NM129-D04-ROCE-Leaf-6.GPU.S9825,FourHundredGigE1/0/34,395264,1555904124,306262,1233819620,1.75,1.39
2024/05/24 星期五 00:18:10.831,1716481090831,NH-DC-NM129-D04-ROCE-Leaf-6.GPU.S9825,FourHundredGigE1/0/34,374553,1477727898,90160,311627772,3.67,0.77
2024/05/24 星期五 00:18:11.728,1716481091728,NH-DC-NM129-D04-ROCE-Leaf-6.GPU.S9825,FourHundredGigE1/0/34,67852,219874976,149622,597755508,0.29,0.82
2024/05/24 星期五 00:18:12.354,1716481092354,NH-DC-NM129-D04-ROCE-Leaf-6.GPU.S9825,FourHundredGigE1/0/34,0,0,0,0,0,0
2024/05/24 星期五 00:18:13.011,1716481093011,NH-DC-NM129-D04-ROCE-Leaf-6.GPU.S9825,FourHundredGigE1/0/34,129156,472154141,181607,629849690,0.89,1.18
2024/05/24 星期五 00:18:13.542,1716481093542,NH-DC-NM129-D04-ROCE-Leaf-6.GPU.S9825,FourHundredGigE1/0/34,0,0,0,0,0,0
2024/05/24 星期五 00:18:14.041,1716481094041,NH-DC-NM129-D04-ROCE-Leaf-6.GPU.S9825,FourHundredGigE1/0/34,294276,1197170734,307654,1214379598,2.98,3.03
2024/05/24 星期五 00:18:14.623,1716481094623,NH-DC-NM129-D04-ROCE-Leaf-6.GPU.S9825,FourHundredGigE1/0/34,108624,433366274,144922,555866918,0.92,1.18
2024/05/24 星期五 00:18:15.428,1716481095428,NH-DC-NM129-D04-ROCE-Leaf-6.GPU.S9825,FourHundredGigE1/0/34,0,0,0,0,0,0
2024/05/24 星期五 00:18:15.935,1716481095935,NH-DC-NM129-D04-ROCE-Leaf-6.GPU.S9825,FourHundredGigE1/0/34,37825,146782010,156622,576448600,0.35,1.41
2024/05/24 星期五 00:18:16.497,1716481096497,NH-DC-NM129-D04-ROCE-Leaf-6.GPU.S9825,FourHundredGigE1/0/34,0,0,0,0,0,0
2024/05/24 星期五 00:18:17.022,1716481097022,NH-DC-NM129-D04-ROCE-Leaf-6.GPU.S9825,FourHundredGigE1/0/34,488571,1975225840,91404,304897388,4.69,0.71
2024/05/24 星期五 00:18:17.521,1716481097521,NH-DC-NM129-D04-ROCE-Leaf-6.GPU.S9825,FourHundredGigE1/0/34,0,0,0,0,0,0
2024/05/24 星期五 00:18:18.025,1716481098025,NH-DC-NM129-D04-ROCE-Leaf-6.GPU.S9825,FourHundredGigE1/0/34,344708,1349603742,263911,1018212822,3.32,2.50
2024/05/24 星期五 00:18:18.810,1716481098810,NH-DC-NM129-D04-ROCE-Leaf-6.GPU.S9825,FourHundredGigE1/0/34,143090,560808712,117949,439658046,0.89,0.68
2024/05/24 星期五 00:18:19.451,1716481099451,NH-DC-NM129-D04-ROCE-Leaf-6.GPU.S9825,FourHundredGigE1/0/34,0,0,0,0,0,0
2024/05/24 星期五 00:18:20.032,1716481100032,NH-DC-NM129-D04-ROCE-Leaf-6.GPU.S9825,FourHundredGigE1/0/34,179811,632375304,186831,735248090,1.36,1.57
2024/05/24 星期五 00:18:20.533,1716481100533,NH-DC-NM129-D04-ROCE-Leaf-6.GPU.S9825,FourHundredGigE1/0/34,0,0,0,0,0,0
2024/05/24 星期五 00:18:21.036,1716481101036,NH-DC-NM129-D04-ROCE-Leaf-6.GPU.S9825,FourHundredGigE1/0/34,242920,968703931,175495,651660586,2.39,1.62
2024/05/24 星期五 00:18:21.877,1716481101877,NH-DC-NM129-D04-ROCE-Leaf-6.GPU.S9825,FourHundredGigE1/0/34,91034,307212508,212072,830343544,0.45,1.23
2024/05/24 星期五 00:18:22.575,1716481102575,NH-DC-NM129-D04-ROCE-Leaf-6.GPU.S9825,FourHundredGigE1/0/34,0,0,0,0,0,0
2024/05/24 星期五 00:18:23.143,1716481103143,NH-DC-NM129-D04-ROCE-Leaf-6.GPU.S9825,FourHundredGigE1/0/34,126640,306366374,135414,485581000,0.66,1.06
2024/05/24 星期五 00:18:23.645,1716481103645,NH-DC-NM129-D04-ROCE-Leaf-6.GPU.S9825,FourHundredGigE1/0/34,0,0,0,0,0,0
2024/05/24 星期五 00:18:24.147,1716481104147,NH-DC-NM129-D04-ROCE-Leaf-6.GPU.S9825,FourHundredGigE1/0/34,149423,476351488,132525,471593414,1.17,1.17
2024/05/24 星期五 00:18:24.725,1716481104725,NH-DC-NM129-D04-ROCE-Leaf-6.GPU.S9825,FourHundredGigE1/0/34,0,0,0,0,0,0
2024/05/24 星期五 00:18:25.237,1716481105237,NH-DC-NM129-D04-ROCE-Leaf-6.GPU.S9825,FourHundredGigE1/0/34,250954,986948568,412666,1637102948,2.39,3.98
2024/05/24 星期五 00:18:26.080,1716481106080,NH-DC-NM129-D04-ROCE-Leaf-6.GPU.S9825,FourHundredGigE1/0/34,156582,605426980,151035,546239206,0.89,0.80
2024/05/24 星期五 00:18:26.667,1716481106667,NH-DC-NM129-D04-ROCE-Leaf-6.GPU.S9825,FourHundredGigE1/0/34,0,0,0,0,0,0
2024/05/24 星期五 00:18:27.167,1716481107167,NH-DC-NM129-D04-ROCE-Leaf-6.GPU.S9825,FourHundredGigE1/0/34,93571,308952306,427314,1719566828,0.75,4.28
2024/05/24 星期五 00:18:27.678,1716481107678,NH-DC-NM129-D04-ROCE-Leaf-6.GPU.S9825,FourHundredGigE1/0/34,0,0,0,0,0,0
2024/05/24 星期五 00:18:28.187,1716481108187,NH-DC-NM129-D04-ROCE-Leaf-6.GPU.S9825,FourHundredGigE1/0/34,236019,907026501,143838,487958476,2.21,1.18
2024/05/24 星期五 00:18:28.689,1716481108689,NH-DC-NM129-D04-ROCE-Leaf-6.GPU.S9825,FourHundredGigE1/0/34,247015,907001644,426315,1676826738,2.24,4.16
2024/05/24 星期五 00:18:29.594,1716481109594,NH-DC-NM129-D04-ROCE-Leaf-6.GPU.S9825,FourHundredGigE1/0/34,0,0,0,0,0,0
2024/05/24 星期五 00:18:30.232,1716481110232,NH-DC-NM129-D04-ROCE-Leaf-6.GPU.S9825,FourHundredGigE1/0/34,296017,1141530562,241221,923447666,2.23,1.80
2024/05/24 星期五 00:18:30.772,1716481110772,NH-DC-NM129-D04-ROCE-Leaf-6.GPU.S9825,FourHundredGigE1/0/34,242723,954008854,156596,558733252,2.20,1.27
2024/05/24 星期五 00:18:31.913,1716481111913,NH-DC-NM129-D04-ROCE-Leaf-6.GPU.S9825,FourHundredGigE1/0/34,369861,1433855298,292397,1133663198,1.57,1.24
2024/05/24 星期五 00:18:32.413,1716481112413,NH-DC-NM129-D04-ROCE-Leaf-6.GPU.S9825,FourHundredGigE1/0/34,274271,1038135050,186335,683990364,2.58,1.7
2024/05/24 星期五 00:18:33.322,1716481113322,NH-DC-NM129-D04-ROCE-Leaf-6.GPU.S9825,FourHundredGigE1/0/34,0,0,0,0,0,0
2024/05/24 星期五 00:18:33.878,1716481113878,NH-DC-NM129-D04-ROCE-Leaf-6.GPU.S9825,FourHundredGigE1/0/34,269180,1035570168,371977,1452257044,2.32,3.26
2024/05/24 星期五 00:18:34.407,1716481114407,NH-DC-NM129-D04-ROCE-Leaf-6.GPU.S9825,FourHundredGigE1/0/34,0,0,0,0,0,0
2024/05/24 星期五 00:18:34.912,1716481114912,NH-DC-NM129-D04-ROCE-Leaf-6.GPU.S9825,FourHundredGigE1/0/34,358210,1406754354,267203,1057066358,3.47,2.60
2024/05/24 星期五 00:18:35.965,1716481115965,NH-DC-NM129-D04-ROCE-Leaf-6.GPU.S9825,FourHundredGigE1/0/34,234982,898776926,470831,1826827682,1.06,2.16
2024/05/24 星期五 00:18:36.928,1716481116928,NH-DC-NM129-D04-ROCE-Leaf-6.GPU.S9825,FourHundredGigE1/0/34,332231,1233405318,303219,1178710138,1.60,1.52
2024/05/24 星期五 00:18:37.453,1716481117453,NH-DC-NM129-D04-ROCE-Leaf-6.GPU.S9825,FourHundredGigE1/0/34,0,0,0,0,0,0
2024/05/24 星期五 00:18:37.961,1716481117961,NH-DC-NM129-D04-ROCE-Leaf-6.GPU.S9825,FourHundredGigE1/0/34,102453,360109847,117736,390528024,0.89,0.96
2024/05/24 星期五 00:18:38.514,1716481118514,NH-DC-NM129-D04-ROCE-Leaf-6.GPU.S9825,FourHundredGigE1/0/34,0,0,0,0,0,0
2024/05/24 星期五 00:18:39.020,1716481119020,NH-DC-NM129-D04-ROCE-Leaf-6.GPU.S9825,FourHundredGigE1/0/34,117485,422917310,245559,865110758,1.04,2.12
2024/05/24 星期五 00:18:39.521,1716481119521,NH-DC-NM129-D04-ROCE-Leaf-6.GPU.S9825,FourHundredGigE1/0/34,0,0,0,0,0,0
2024/05/24 星期五 00:18:40.995,1716481120995,NH-DC-NM129-D04-ROCE-Leaf-6.GPU.S9825,FourHundredGigE1/0/34,267774,1023749292,414038,1522846886,0.86,1.29
2024/05/24 星期五 00:18:41.600,1716481121600,NH-DC-NM129-D04-ROCE-Leaf-6.GPU.S9825,FourHundredGigE1/0/34,0,0,0,0,0,0
2024/05/24 星期五 00:18:42.329,1716481122329,NH-DC-NM129-D04-ROCE-Leaf-6.GPU.S9825,FourHundredGigE1/0/34,152462,597837133,156501,426706760,1.01,0.72
2024/05/24 星期五 00:18:42.830,1716481122830,NH-DC-NM129-D04-ROCE-Leaf-6.GPU.S9825,FourHundredGigE1/0/34,177972,717609035,518228,2112043720,1.77,5.26
2024/05/24 星期五 00:18:43.478,1716481123478,NH-DC-NM129-D04-ROCE-Leaf-6.GPU.S9825,FourHundredGigE1/0/34,276387,1061775721,245097,724307450,2.04,1.39
2024/05/24 星期五 00:18:44.372,1716481124372,NH-DC-NM129-D04-ROCE-Leaf-6.GPU.S9825,FourHundredGigE1/0/34,0,0,0,0,0,0
2024/05/24 星期五 00:18:44.869,1716481124869,NH-DC-NM129-D04-ROCE-Leaf-6.GPU.S9825,FourHundredGigE1/0/34,199361,764026700,238010,858113282,1.91,2.14
2024/05/24 星期五 00:18:45.375,1716481125375,NH-DC-NM129-D04-ROCE-Leaf-6.GPU.S9825,FourHundredGigE1/0/34,0,0,0,0,0,0
2024/05/24 星期五 00:18:45.886,1716481125886,NH-DC-NM129-D04-ROCE-Leaf-6.GPU.S9825,FourHundredGigE1/0/34,81348,324339174,67430,250969318,0.78,0.61
2024/05/24 星期五 00:18:46.387,1716481126387,NH-DC-NM129-D04-ROCE-Leaf-6.GPU.S9825,FourHundredGigE1/0/34,225745,925781674,8025,12141386,2.30,0.02
2024/05/24 星期五 00:18:47.527,1716481127527,NH-DC-NM129-D04-ROCE-Leaf-6.GPU.S9825,FourHundredGigE1/0/34,0,0,0,0,0,0
2024/05/24 星期五 00:18:48.035,1716481128035,NH-DC-NM129-D04-ROCE-Leaf-6.GPU.S9825,FourHundredGigE1/0/34,421187,1686246138,96655,360069190,4.13,0.89
2024/05/24 星期五 00:18:48.541,1716481128541,NH-DC-NM129-D04-ROCE-Leaf-6.GPU.S9825,FourHundredGigE1/0/34,0,0,0,0,0,0
2024/05/24 星期五 00:18:49.077,1716481129077,NH-DC-NM129-D04-ROCE-Leaf-6.GPU.S9825,FourHundredGigE1/0/34,438122,1723974256,294631,1151870348,4.01,2.68
2024/05/24 星期五 00:18:49.591,1716481129591,NH-DC-NM129-D04-ROCE-Leaf-6.GPU.S9825,FourHundredGigE1/0/34,0,0,0,0,0,0
2024/05/24 星期五 00:18:50.093,1716481130093,NH-DC-NM129-D04-ROCE-Leaf-6.GPU.S9825,FourHundredGigE1/0/34,399500,1576760720,772302,3148556802,3.91,7.82
2024/05/24 星期五 00:18:50.830,1716481130830,NH-DC-NM129-D04-ROCE-Leaf-6.GPU.S9825,FourHundredGigE1/0/34,754590,3070258880,195988,788838412,5.21,1.32
2024/05/24 星期五 00:18:51.546,1716481131546,NH-DC-NM129-D04-ROCE-Leaf-6.GPU.S9825,FourHundredGigE1/0/34,0,0,0,0,0,0
2024/05/24 星期五 00:18:52.047,1716481132047,NH-DC-NM129-D04-ROCE-Leaf-6.GPU.S9825,FourHundredGigE1/0/34,64423,240931594,292046,1139702404,0.60,2.82
2024/05/24 星期五 00:18:52.631,1716481132631,NH-DC-NM129-D04-ROCE-Leaf-6.GPU.S9825,FourHundredGigE1/0/34,0,0,0,0,0,0
2024/05/24 星期五 00:18:53.275,1716481133275,NH-DC-NM129-D04-ROCE-Leaf-6.GPU.S9825,FourHundredGigE1/0/34,143178,541769956,201514,794516948,1.05,1.53
2024/05/24 星期五 00:18:54.080,1716481134080,NH-DC-NM129-D04-ROCE-Leaf-6.GPU.S9825,FourHundredGigE1/0/34,492537,2015627724,280119,1111221236,3.12,1.72
2024/05/24 星期五 00:18:55.017,1716481135017,NH-DC-NM129-D04-ROCE-Leaf-6.GPU.S9825,FourHundredGigE1/0/34,199877,696334770,151018,589219442,0.92,0.77
2024/05/24 星期五 00:18:55.594,1716481135594,NH-DC-NM129-D04-ROCE-Leaf-6.GPU.S9825,FourHundredGigE1/0/34,0,0,0,0,0,0
2024/05/24 星期五 00:18:56.140,1716481136140,NH-DC-NM129-D04-ROCE-Leaf-6.GPU.S9825,FourHundredGigE1/0/34,328674,1270148022,175595,590276074,2.91,1.35
2024/05/24 星期五 00:18:56.860,1716481136860,NH-DC-NM129-D04-ROCE-Leaf-6.GPU.S9825,FourHundredGigE1/0/34,282333,1081895854,248325,952192078,1.88,1.65
2024/05/24 星期五 00:18:57.381,1716481137381,NH-DC-NM129-D04-ROCE-Leaf-6.GPU.S9825,FourHundredGigE1/0/34,0,0,0,0,0,0
2024/05/24 星期五 00:18:57.941,1716481137941,NH-DC-NM129-D04-ROCE-Leaf-6.GPU.S9825,FourHundredGigE1/0/34,219303,832300794,210583,822763634,1.85,1.83
2024/05/24 星期五 00:18:58.602,1716481138602,NH-DC-NM129-D04-ROCE-Leaf-6.GPU.S9825,FourHundredGigE1/0/34,0,0,0,0,0,0
2024/05/24 星期五 00:18:59.103,1716481139103,NH-DC-NM129-D04-ROCE-Leaf-6.GPU.S9825,FourHundredGigE1/0/34,357921,1417587614,90502,340004804,3.52,0.85
2024/05/24 星期五 00:18:59.696,1716481139696,NH-DC-NM129-D04-ROCE-Leaf-6.GPU.S9825,FourHundredGigE1/0/34,274362,1033528514,172727,645477482,2.17,1.35
2024/05/24 星期五 00:19:00.413,1716481140413,NH-DC-NM129-D04-ROCE-Leaf-6.GPU.S9825,FourHundredGigE1/0/34,0,0,0,0,0,0
2024/05/24 星期五 00:19:00.914,1716481140914,NH-DC-NM129-D04-ROCE-Leaf-6.GPU.S9825,FourHundredGigE1/0/34,365820,1431109850,351538,1308245468,3.57,3.24
2024/05/24 星期五 00:19:01.484,1716481141484,NH-DC-NM129-D04-ROCE-Leaf-6.GPU.S9825,FourHundredGigE1/0/34,0,0,0,0,0,0
2024/05/24 星期五 00:19:02.138,1716481142138,NH-DC-NM129-D04-ROCE-Leaf-6.GPU.S9825,FourHundredGigE1/0/34,451316,1678534325,358975,1322277290,3.19,2.52
2024/05/24 星期五 00:19:04.064,1716481144064,NH-DC-NM129-D04-ROCE-Leaf-6.GPU.S9825,FourHundredGigE1/0/34,91837,306221690,119643,417718062,0.19,0.27
2024/05/24 星期五 00:19:04.807,1716481144807,NH-DC-NM129-D04-ROCE-Leaf-6.GPU.S9825,FourHundredGigE1/0/34,163624,595714108,99656,354347284,0.99,0.59
2024/05/24 星期五 00:19:05.500,1716481145500,NH-DC-NM129-D04-ROCE-Leaf-6.GPU.S9825,FourHundredGigE1/0/34,0,0,0,0,0,0
2024/05/24 星期五 00:19:06.001,1716481146001,NH-DC-NM129-D04-ROCE-Leaf-6.GPU.S9825,FourHundredGigE1/0/34,110310,409773384,151349,548225426,1.00,1.35
2024/05/24 星期五 00:19:06.564,1716481146564,NH-DC-NM129-D04-ROCE-Leaf-6.GPU.S9825,FourHundredGigE1/0/34,0,0,0,0,0,0
2024/05/24 星期五 00:19:07.067,1716481147067,NH-DC-NM129-D04-ROCE-Leaf-6.GPU.S9825,FourHundredGigE1/0/34,205566,794432864,213041,850549118,1.96,2.11
2024/05/24 星期五 00:19:07.779,1716481147779,NH-DC-NM129-D04-ROCE-Leaf-6.GPU.S9825,FourHundredGigE1/0/34,0,0,0,0,0,0
2024/05/24 星期五 00:19:08.282,1716481148282,NH-DC-NM129-D04-ROCE-Leaf-6.GPU.S9825,FourHundredGigE1/0/34,181830,666039740,328403,1266382982,1.64,3.13
2024/05/24 星期五 00:19:08.882,1716481148882,NH-DC-NM129-D04-ROCE-Leaf-6.GPU.S9825,FourHundredGigE1/0/34,50448,168882244,273868,1105945812,0.33,2.29
2024/05/24 星期五 00:19:09.394,1716481149394,NH-DC-NM129-D04-ROCE-Leaf-6.GPU.S9825,FourHundredGigE1/0/34,0,0,0,0,0,0
2024/05/24 星期五 00:19:09.898,1716481149898,NH-DC-NM129-D04-ROCE-Leaf-6.GPU.S9825,FourHundredGigE1/0/34,240679,980590946,89438,294180980,2.43,0.72
2024/05/24 星期五 00:19:10.402,1716481150402,NH-DC-NM129-D04-ROCE-Leaf-6.GPU.S9825,FourHundredGigE1/0/34,0,0,0,0,0,0
2024/05/24 星期五 00:19:11.146,1716481151146,NH-DC-NM129-D04-ROCE-Leaf-6.GPU.S9825,FourHundredGigE1/0/34,133784,501700125,119605,443591178,0.84,0.74
2024/05/24 星期五 00:19:11.788,1716481151788,NH-DC-NM129-D04-ROCE-Leaf-6.GPU.S9825,FourHundredGigE1/0/34,155109,543307370,80587,250895818,1.05,0.49
2024/05/24 星期五 00:19:12.463,1716481152463,NH-DC-NM129-D04-ROCE-Leaf-6.GPU.S9825,FourHundredGigE1/0/34,0,0,0,0,0,0
2024/05/24 星期五 00:19:12.963,1716481152963,NH-DC-NM129-D04-ROCE-Leaf-6.GPU.S9825,FourHundredGigE1/0/34,322163,993245839,216212,830882892,2.48,2.08
2024/05/24 星期五 00:19:13.530,1716481153530,NH-DC-NM129-D04-ROCE-Leaf-6.GPU.S9825,FourHundredGigE1/0/34,0,0,0,0,0,0
2024/05/24 星期五 00:19:14.033,1716481154033,NH-DC-NM129-D04-ROCE-Leaf-6.GPU.S9825,FourHundredGigE1/0/34,240162,617622652,101964,375293576,1.52,0.92
2024/05/24 星期五 00:19:15.099,1716481155099,NH-DC-NM129-D04-ROCE-Leaf-6.GPU.S9825,FourHundredGigE1/0/34,296418,1192430128,643164,2619787918,1.40,3.06
2024/05/24 星期五 00:19:15.714,1716481155714,NH-DC-NM129-D04-ROCE-Leaf-6.GPU.S9825,FourHundredGigE1/0/34,0,0,0,0,0,0
2024/05/24 星期五 00:19:16.236,1716481156236,NH-DC-NM129-D04-ROCE-Leaf-6.GPU.S9825,FourHundredGigE1/0/34,148848,589161696,272449,1087794026,1.39,2.59
2024/05/24 星期五 00:19:16.838,1716481156838,NH-DC-NM129-D04-ROCE-Leaf-6.GPU.S9825,FourHundredGigE1/0/34,210970,747592936,182760,668471090,1.54,1.37
2024/05/24 星期五 00:19:17.340,1716481157340,NH-DC-NM129-D04-ROCE-Leaf-6.GPU.S9825,FourHundredGigE1/0/34,0,0,0,0,0,0
2024/05/24 星期五 00:19:17.864,1716481157864,NH-DC-NM129-D04-ROCE-Leaf-6.GPU.S9825,FourHundredGigE1/0/34,403714,1606944580,672145,2690811342,3.82,6.42
2024/05/24 星期五 00:19:18.503,1716481158503,NH-DC-NM129-D04-ROCE-Leaf-6.GPU.S9825,FourHundredGigE1/0/34,0,0,0,0,0,0
2024/05/24 星期五 00:19:19.087,1716481159087,NH-DC-NM129-D04-ROCE-Leaf-6.GPU.S9825,FourHundredGigE1/0/34,492753,2009989514,2172566,8410145184,4.28,18.00
2024/05/24 星期五 00:19:19.608,1716481159608,NH-DC-NM129-D04-ROCE-Leaf-6.GPU.S9825,FourHundredGigE1/0/34,0,0,0,0,0,0
2024/05/24 星期五 00:19:20.110,1716481160110,NH-DC-NM129-D04-ROCE-Leaf-6.GPU.S9825,FourHundredGigE1/0/34,60904,236866068,2350898,9134087388,0.57,22.73
2024/05/24 星期五 00:19:20.620,1716481160620,NH-DC-NM129-D04-ROCE-Leaf-6.GPU.S9825,FourHundredGigE1/0/34,0,0,0,0,0,0
2024/05/24 星期五 00:19:21.124,1716481161124,NH-DC-NM129-D04-ROCE-Leaf-6.GPU.S9825,FourHundredGigE1/0/34,295039,996067478,245347,972858310,2.46,2.41
2024/05/24 星期五 00:19:21.869,1716481161869,NH-DC-NM129-D04-ROCE-Leaf-6.GPU.S9825,FourHundredGigE1/0/34,357109,1436736714,346836,1414424096,2.40,2.37
2024/05/24 星期五 00:19:26.635,1716481166635,NH-DC-NM129-D04-ROCE-Leaf-6.GPU.S9825,FourHundredGigE1/0/34,1292625,5049006071,1039555,4059417190,1.32,1.06
2024/05/24 星期五 00:19:27.137,1716481167137,NH-DC-NM129-D04-ROCE-Leaf-6.GPU.S9825,FourHundredGigE1/0/34,268688,1085651232,188864,752548466,2.69,1.87
2024/05/24 星期五 00:19:27.657,1716481167657,NH-DC-NM129-D04-ROCE-Leaf-6.GPU.S9825,FourHundredGigE1/0/34,0,0,0,0,0,0
2024/05/24 星期五 00:19:28.289,1716481168289,NH-DC-NM129-D04-ROCE-Leaf-6.GPU.S9825,FourHundredGigE1/0/34,154206,599164100,183285,700230148,1.17,1.38
2024/05/24 星期五 00:19:28.793,1716481168793,NH-DC-NM129-D04-ROCE-Leaf-6.GPU.S9825,FourHundredGigE1/0/34,0,0,0,0,0,0
2024/05/24 星期五 00:19:29.339,1716481169339,NH-DC-NM129-D04-ROCE-Leaf-6.GPU.S9825,FourHundredGigE1/0/34,200229,781054030,113448,412356400,1.79,0.94
2024/05/24 星期五 00:19:29.909,1716481169909,NH-DC-NM129-D04-ROCE-Leaf-6.GPU.S9825,FourHundredGigE1/0/34,299710,1225984288,249924,994058048,2.68,2.17
2024/05/24 星期五 00:19:30.410,1716481170410,NH-DC-NM129-D04-ROCE-Leaf-6.GPU.S9825,FourHundredGigE1/0/34,0,0,0,0,0,0
2024/05/24 星期五 00:19:30.913,1716481170913,NH-DC-NM129-D04-ROCE-Leaf-6.GPU.S9825,FourHundredGigE1/0/34,298424,1165988660,155895,580807838,2.88,1.44
2024/05/24 星期五 00:19:31.639,1716481171639,NH-DC-NM129-D04-ROCE-Leaf-6.GPU.S9825,FourHundredGigE1/0/34,0,0,0,0,0,0
2024/05/24 星期五 00:19:32.160,1716481172160,NH-DC-NM129-D04-ROCE-Leaf-6.GPU.S9825,FourHundredGigE1/0/34,235247,872900518,289095,1166767550,2.09,2.78
2024/05/24 星期五 00:19:32.734,1716481172734,NH-DC-NM129-D04-ROCE-Leaf-6.GPU.S9825,FourHundredGigE1/0/34,206867,824830096,102807,376210134,1.79,0.81
2024/05/24 星期五 00:19:33.336,1716481173336,NH-DC-NM129-D04-ROCE-Leaf-6.GPU.S9825,FourHundredGigE1/0/34,0,0,0,0,0,0
2024/05/24 星期五 00:19:33.837,1716481173837,NH-DC-NM129-D04-ROCE-Leaf-6.GPU.S9825,FourHundredGigE1/0/34,0,0,0,0,0,0
2024/05/24 星期五 00:19:34.337,1716481174337,NH-DC-NM129-D04-ROCE-Leaf-6.GPU.S9825,FourHundredGigE1/0/34,164150,646805018,246428,964166476,1.6,2.4
2024/05/24 星期五 00:19:35.086,1716481175086,NH-DC-NM129-D04-ROCE-Leaf-6.GPU.S9825,FourHundredGigE1/0/34,193557,747226050,149984,567191252,1.23,0.93
2024/05/24 星期五 00:19:35.587,1716481175587,NH-DC-NM129-D04-ROCE-Leaf-6.GPU.S9825,FourHundredGigE1/0/34,0,0,0,0,0,0
2024/05/24 星期五 00:19:36.088,1716481176088,NH-DC-NM129-D04-ROCE-Leaf-6.GPU.S9825,FourHundredGigE1/0/34,284396,1106662632,100245,360033578,2.74,0.90
2024/05/24 星期五 00:19:36.720,1716481176720,NH-DC-NM129-D04-ROCE-Leaf-6.GPU.S9825,FourHundredGigE1/0/34,433770,1740081224,333435,1307319918,3.44,2.57
2024/05/24 星期五 00:19:37.226,1716481177226,NH-DC-NM129-D04-ROCE-Leaf-6.GPU.S9825,FourHundredGigE1/0/34,0,0,0,0,0,0
2024/05/24 星期五 00:19:37.767,1716481177767,NH-DC-NM129-D04-ROCE-Leaf-6.GPU.S9825,FourHundredGigE1/0/34,257290,1016083722,137478,449098352,2.33,1.02
2024/05/24 星期五 00:19:38.394,1716481178394,NH-DC-NM129-D04-ROCE-Leaf-6.GPU.S9825,FourHundredGigE1/0/34,0,0,0,0,0,0
2024/05/24 星期五 00:19:38.927,1716481178927,NH-DC-NM129-D04-ROCE-Leaf-6.GPU.S9825,FourHundredGigE1/0/34,133693,499966309,204139,751366046,1.15,1.76
2024/05/24 星期五 00:19:39.429,1716481179429,NH-DC-NM129-D04-ROCE-Leaf-6.GPU.S9825,FourHundredGigE1/0/34,0,0,0,0,0,0
2024/05/24 星期五 00:19:39.991,1716481179991,NH-DC-NM129-D04-ROCE-Leaf-6.GPU.S9825,FourHundredGigE1/0/34,193418,728793520,242887,901226056,1.60,2.00
2024/05/24 星期五 00:19:40.514,1716481180514,NH-DC-NM129-D04-ROCE-Leaf-6.GPU.S9825,FourHundredGigE1/0/34,0,0,0,0,0,0
2024/05/24 星期五 00:19:41.018,1716481181018,NH-DC-NM129-D04-ROCE-Leaf-6.GPU.S9825,FourHundredGigE1/0/34,967009,3933028410,214134,779232740,9.75,1.91
2024/05/24 星期五 00:19:41.945,1716481181945,NH-DC-NM129-D04-ROCE-Leaf-6.GPU.S9825,FourHundredGigE1/0/34,455226,1751989884,120682,411203368,2.36,0.55
2024/05/24 星期五 00:19:42.602,1716481182602,NH-DC-NM129-D04-ROCE-Leaf-6.GPU.S9825,FourHundredGigE1/0/34,0,0,0,0,0,0
2024/05/24 星期五 00:19:43.192,1716481183192,NH-DC-NM129-D04-ROCE-Leaf-6.GPU.S9825,FourHundredGigE1/0/34,318109,1252831007,221651,869236934,2.65,1.82
2024/05/24 星期五 00:19:43.803,1716481183803,NH-DC-NM129-D04-ROCE-Leaf-6.GPU.S9825,FourHundredGigE1/0/34,162537,492883491,251938,900622448,1.00,1.84
2024/05/24 星期五 00:19:45.211,1716481185211,NH-DC-NM129-D04-ROCE-Leaf-6.GPU.S9825,FourHundredGigE1/0/34,244007,943630526,182302,657802832,0.83,0.58
2024/05/24 星期五 00:19:45.778,1716481185778,NH-DC-NM129-D04-ROCE-Leaf-6.GPU.S9825,FourHundredGigE1/0/34,0,0,0,0,0,0
2024/05/24 星期五 00:19:46.277,1716481186277,NH-DC-NM129-D04-ROCE-Leaf-6.GPU.S9825,FourHundredGigE1/0/34,133326,504669444,210309,815934054,1.25,2.03
2024/05/24 星期五 00:19:47.710,1716481187710,NH-DC-NM129-D04-ROCE-Leaf-6.GPU.S9825,FourHundredGigE1/0/34,388345,1521621726,298556,1138700620,1.33,0.99
2024/05/24 星期五 00:19:48.221,1716481188221,NH-DC-NM129-D04-ROCE-Leaf-6.GPU.S9825,FourHundredGigE1/0/34,167591,593716293,166233,615772626,1.44,1.49
2024/05/24 星期五 00:19:48.810,1716481188810,NH-DC-NM129-D04-ROCE-Leaf-6.GPU.S9825,FourHundredGigE1/0/34,169391,604489928,153979,615621154,1.27,1.29
2024/05/24 星期五 00:19:49.353,1716481189353,NH-DC-NM129-D04-ROCE-Leaf-6.GPU.S9825,FourHundredGigE1/0/34,0,0,0,0,0,0
2024/05/24 星期五 00:19:49.857,1716481189857,NH-DC-NM129-D04-ROCE-Leaf-6.GPU.S9825,FourHundredGigE1/0/34,176988,658404394,188743,685745102,1.61,1.69
2024/05/24 星期五 00:19:50.499,1716481190499,NH-DC-NM129-D04-ROCE-Leaf-6.GPU.S9825,FourHundredGigE1/0/34,0,0,0,0,0,0
2024/05/24 星期五 00:19:51.124,1716481191124,NH-DC-NM129-D04-ROCE-Leaf-6.GPU.S9825,FourHundredGigE1/0/34,158599,596924710,119078,455383624,1.18,0.9
2024/05/24 星期五 00:19:51.801,1716481191801,NH-DC-NM129-D04-ROCE-Leaf-6.GPU.S9825,FourHundredGigE1/0/34,334699,1355480106,294706,1159531840,2.49,2.12
2024/05/24 星期五 00:19:52.681,1716481192681,NH-DC-NM129-D04-ROCE-Leaf-6.GPU.S9825,FourHundredGigE1/0/34,0,0,0,0,0,0
2024/05/24 星期五 00:19:53.182,1716481193182,NH-DC-NM129-D04-ROCE-Leaf-6.GPU.S9825,FourHundredGigE1/0/34,289933,1159950068,127370,483851348,2.87,1.20
2024/05/24 星期五 00:19:54.181,1716481194181,NH-DC-NM129-D04-ROCE-Leaf-6.GPU.S9825,FourHundredGigE1/0/34,564676,2138176032,197077,752921950,2.67,0.94
2024/05/24 星期五 00:19:54.881,1716481194881,NH-DC-NM129-D04-ROCE-Leaf-6.GPU.S9825,FourHundredGigE1/0/34,468948,1904785720,576905,2227136234,3.39,3.96
2024/05/24 星期五 00:19:55.621,1716481195621,NH-DC-NM129-D04-ROCE-Leaf-6.GPU.S9825,FourHundredGigE1/0/34,0,0,0,0,0,0
2024/05/24 星期五 00:19:56.144,1716481196144,NH-DC-NM129-D04-ROCE-Leaf-6.GPU.S9825,FourHundredGigE1/0/34,127526,498474974,234515,870733198,1.17,2.08
2024/05/24 星期五 00:19:56.645,1716481196645,NH-DC-NM129-D04-ROCE-Leaf-6.GPU.S9825,FourHundredGigE1/0/34,0,0,0,0,0,0
2024/05/24 星期五 00:19:57.309,1716481197309,NH-DC-NM129-D04-ROCE-Leaf-6.GPU.S9825,FourHundredGigE1/0/34,132016,484762050,190866,712418072,0.90,1.34
2024/05/24 星期五 00:19:57.864,1716481197864,NH-DC-NM129-D04-ROCE-Leaf-6.GPU.S9825,FourHundredGigE1/0/34,98941,336268695,113919,387352854,0.74,0.86
2024/05/24 星期五 00:19:58.533,1716481198533,NH-DC-NM129-D04-ROCE-Leaf-6.GPU.S9825,FourHundredGigE1/0/34,0,0,0,0,0,0
2024/05/24 星期五 00:19:59.105,1716481199105,NH-DC-NM129-D04-ROCE-Leaf-6.GPU.S9825,FourHundredGigE1/0/34,179312,704869496,234830,917928188,1.53,1.99
2024/05/24 星期五 00:19:59.685,1716481199685,NH-DC-NM129-D04-ROCE-Leaf-6.GPU.S9825,FourHundredGigE1/0/34,0,0,0,0,0,0
2024/05/24 星期五 00:20:00.186,1716481200186,NH-DC-NM129-D04-ROCE-Leaf-6.GPU.S9825,FourHundredGigE1/0/34,104429,394617842,162662,644087424,0.97,1.60
2024/05/24 星期五 00:20:00.940,1716481200940,NH-DC-NM129-D04-ROCE-Leaf-6.GPU.S9825,FourHundredGigE1/0/34,105529,361034634,75708,261682720,0.60,0.43
2024/05/24 星期五 00:20:01.794,1716481201794,NH-DC-NM129-D04-ROCE-Leaf-6.GPU.S9825,FourHundredGigE1/0/34,0,0,0,0,0,0
2024/05/24 星期五 00:20:02.297,1716481202297,NH-DC-NM129-D04-ROCE-Leaf-6.GPU.S9825,FourHundredGigE1/0/34,486271,1878097368,301641,1123406940,4.65,2.78
2024/05/24 星期五 00:20:04.100,1716481204100,NH-DC-NM129-D04-ROCE-Leaf-6.GPU.S9825,FourHundredGigE1/0/34,129252,466940150,135761,498101070,0.32,0.34
2024/05/24 星期五 00:20:05.091,1716481205091,NH-DC-NM129-D04-ROCE-Leaf-6.GPU.S9825,FourHundredGigE1/0/34,261969,996682958,47779,142902814,1.25,0.18
2024/05/24 星期五 00:20:05.624,1716481205624,NH-DC-NM129-D04-ROCE-Leaf-6.GPU.S9825,FourHundredGigE1/0/34,0,0,0,0,0,0
2024/05/24 星期五 00:20:06.189,1716481206189,NH-DC-NM129-D04-ROCE-Leaf-6.GPU.S9825,FourHundredGigE1/0/34,91774,362357236,92610,353044476,0.80,0.77
2024/05/24 星期五 00:20:06.711,1716481206711,NH-DC-NM129-D04-ROCE-Leaf-6.GPU.S9825,FourHundredGigE1/0/34,0,0,0,0,0,0
2024/05/24 星期五 00:20:07.211,1716481207211,NH-DC-NM129-D04-ROCE-Leaf-6.GPU.S9825,FourHundredGigE1/0/34,346900,1369224000,286333,1149483030,3.4,2.85
2024/05/24 星期五 00:20:07.881,1716481207881,NH-DC-NM129-D04-ROCE-Leaf-6.GPU.S9825,FourHundredGigE1/0/34,196851,773424664,247495,938763250,1.44,1.74
2024/05/24 星期五 00:20:08.584,1716481208584,NH-DC-NM129-D04-ROCE-Leaf-6.GPU.S9825,FourHundredGigE1/0/34,0,0,0,0,0,0
2024/05/24 星期五 00:20:09.103,1716481209103,NH-DC-NM129-D04-ROCE-Leaf-6.GPU.S9825,FourHundredGigE1/0/34,829150,3389939506,827266,3351944732,8.14,8.07
2024/05/24 星期五 00:20:09.677,1716481209677,NH-DC-NM129-D04-ROCE-Leaf-6.GPU.S9825,FourHundredGigE1/0/34,0,0,0,0,0,0
2024/05/24 星期五 00:20:10.178,1716481210178,NH-DC-NM129-D04-ROCE-Leaf-6.GPU.S9825,FourHundredGigE1/0/34,807129,3275965730,885745,3627029626,8.16,9.03
2024/05/24 星期五 00:20:10.679,1716481210679,NH-DC-NM129-D04-ROCE-Leaf-6.GPU.S9825,FourHundredGigE1/0/34,372079,1354093134,150804,590612256,3.37,1.47
2024/05/24 星期五 00:20:11.561,1716481211561,NH-DC-NM129-D04-ROCE-Leaf-6.GPU.S9825,FourHundredGigE1/0/34,478880,1763268032,163383,621743622,2.49,0.88
2024/05/24 星期五 00:20:12.292,1716481212292,NH-DC-NM129-D04-ROCE-Leaf-6.GPU.S9825,FourHundredGigE1/0/34,0,0,0,0,0,0
2024/05/24 星期五 00:20:12.794,1716481212794,NH-DC-NM129-D04-ROCE-Leaf-6.GPU.S9825,FourHundredGigE1/0/34,143712,540808721,127683,502548262,1.34,1.25
2024/05/24 星期五 00:20:13.366,1716481213366,NH-DC-NM129-D04-ROCE-Leaf-6.GPU.S9825,FourHundredGigE1/0/34,0,0,0,0,0,0
2024/05/24 星期五 00:20:13.897,1716481213897,NH-DC-NM129-D04-ROCE-Leaf-6.GPU.S9825,FourHundredGigE1/0/34,494743,2016104246,264580,1062450908,4.73,2.50
2024/05/24 星期五 00:20:14.408,1716481214408,NH-DC-NM129-D04-ROCE-Leaf-6.GPU.S9825,FourHundredGigE1/0/34,0,0,0,0,0,0
2024/05/24 星期五 00:20:15.196,1716481215196,NH-DC-NM129-D04-ROCE-Leaf-6.GPU.S9825,FourHundredGigE1/0/34,189975,712421178,149980,587158904,1.13,0.92
2024/05/24 星期五 00:20:15.873,1716481215873,NH-DC-NM129-D04-ROCE-Leaf-6.GPU.S9825,FourHundredGigE1/0/34,340295,1385368500,173766,674225366,2.55,1.24
2024/05/24 星期五 00:20:16.373,1716481216373,NH-DC-NM129-D04-ROCE-Leaf-6.GPU.S9825,FourHundredGigE1/0/34,0,0,0,0,0,0
2024/05/24 星期五 00:20:16.908,1716481216908,NH-DC-NM129-D04-ROCE-Leaf-6.GPU.S9825,FourHundredGigE1/0/34,234203,900619252,401375,1607969776,2.10,3.74
2024/05/24 星期五 00:20:17.409,1716481217409,NH-DC-NM129-D04-ROCE-Leaf-6.GPU.S9825,FourHundredGigE1/0/34,0,0,0,0,0,0
2024/05/24 星期五 00:20:17.910,1716481217910,NH-DC-NM129-D04-ROCE-Leaf-6.GPU.S9825,FourHundredGigE1/0/34,108362,398221896,195796,744023580,0.97,1.85
2024/05/24 星期五 00:20:19.331,1716481219331,NH-DC-NM129-D04-ROCE-Leaf-6.GPU.S9825,FourHundredGigE1/0/34,147318,575074194,290227,1152800128,0.50,1.01
2024/05/24 星期五 00:20:19.834,1716481219834,NH-DC-NM129-D04-ROCE-Leaf-6.GPU.S9825,FourHundredGigE1/0/34,233693,894908508,217688,841306154,2.21,2.09
2024/05/24 星期五 00:20:20.345,1716481220345,NH-DC-NM129-D04-ROCE-Leaf-6.GPU.S9825,FourHundredGigE1/0/34,0,0,0,0,0,0
2024/05/24 星期五 00:20:20.858,1716481220858,NH-DC-NM129-D04-ROCE-Leaf-6.GPU.S9825,FourHundredGigE1/0/34,282001,1116316914,123981,484176534,2.70,1.17
2024/05/24 星期五 00:20:21.357,1716481221357,NH-DC-NM129-D04-ROCE-Leaf-6.GPU.S9825,FourHundredGigE1/0/34,0,0,0,0,0,0
2024/05/24 星期五 00:20:21.858,1716481221858,NH-DC-NM129-D04-ROCE-Leaf-6.GPU.S9825,FourHundredGigE1/0/34,137842,510293416,167668,659832100,1.27,1.62
2024/05/24 星期五 00:20:22.731,1716481222731,NH-DC-NM129-D04-ROCE-Leaf-6.GPU.S9825,FourHundredGigE1/0/34,0,0,0,0,0,0
2024/05/24 星期五 00:20:23.257,1716481223257,NH-DC-NM129-D04-ROCE-Leaf-6.GPU.S9825,FourHundredGigE1/0/34,106150,372546005,74802,258079656,0.88,0.59
2024/05/24 星期五 00:20:23.834,1716481223834,NH-DC-NM129-D04-ROCE-Leaf-6.GPU.S9825,FourHundredGigE1/0/34,181251,695622162,93702,342937188,1.49,0.74
2024/05/24 星期五 00:20:24.348,1716481224348,NH-DC-NM129-D04-ROCE-Leaf-6.GPU.S9825,FourHundredGigE1/0/34,0,0,0,0,0,0
2024/05/24 星期五 00:20:24.852,1716481224852,NH-DC-NM129-D04-ROCE-Leaf-6.GPU.S9825,FourHundredGigE1/0/34,176761,712048679,81872,240804560,1.76,0.60
2024/05/24 星期五 00:20:25.360,1716481225360,NH-DC-NM129-D04-ROCE-Leaf-6.GPU.S9825,FourHundredGigE1/0/34,0,0,0,0,0,0
2024/05/24 星期五 00:20:26.383,1716481226383,NH-DC-NM129-D04-ROCE-Leaf-6.GPU.S9825,FourHundredGigE1/0/34,157724,589007996,136993,496428098,0.71,0.60
2024/05/24 星期五 00:20:26.979,1716481226979,NH-DC-NM129-D04-ROCE-Leaf-6.GPU.S9825,FourHundredGigE1/0/34,85806,283761404,143981,514950184,0.59,1.07
2024/05/24 星期五 00:20:27.482,1716481227482,NH-DC-NM129-D04-ROCE-Leaf-6.GPU.S9825,FourHundredGigE1/0/34,0,0,0,0,0,0
2024/05/24 星期五 00:20:27.984,1716481227984,NH-DC-NM129-D04-ROCE-Leaf-6.GPU.S9825,FourHundredGigE1/0/34,218753,787587284,257675,1020583332,1.94,2.54
2024/05/24 星期五 00:20:28.619,1716481228619,NH-DC-NM129-D04-ROCE-Leaf-6.GPU.S9825,FourHundredGigE1/0/34,0,0,0,0,0,0
2024/05/24 星期五 00:20:29.242,1716481229242,NH-DC-NM129-D04-ROCE-Leaf-6.GPU.S9825,FourHundredGigE1/0/34,225282,833402070,345120,1310417632,1.67,2.63
2024/05/24 星期五 00:20:30.097,1716481230097,NH-DC-NM129-D04-ROCE-Leaf-6.GPU.S9825,FourHundredGigE1/0/34,139107,542839547,167228,621727872,0.79,0.91
2024/05/24 星期五 00:20:30.677,1716481230677,NH-DC-NM129-D04-ROCE-Leaf-6.GPU.S9825,FourHundredGigE1/0/34,0,0,0,0,0,0
2024/05/24 星期五 00:20:31.177,1716481231177,NH-DC-NM129-D04-ROCE-Leaf-6.GPU.S9825,FourHundredGigE1/0/34,132208,478012416,103722,364352408,1.18,0.9
2024/05/24 星期五 00:20:31.747,1716481231747,NH-DC-NM129-D04-ROCE-Leaf-6.GPU.S9825,FourHundredGigE1/0/34,0,0,0,0,0,0
2024/05/24 星期五 00:20:32.250,1716481232250,NH-DC-NM129-D04-ROCE-Leaf-6.GPU.S9825,FourHundredGigE1/0/34,401033,1592573712,499678,2017810610,3.95,5.00
2024/05/24 星期五 00:20:32.806,1716481232806,NH-DC-NM129-D04-ROCE-Leaf-6.GPU.S9825,FourHundredGigE1/0/34,204164,801149548,154577,576944044,1.80,1.28
2024/05/24 星期五 00:20:33.625,1716481233625,NH-DC-NM129-D04-ROCE-Leaf-6.GPU.S9825,FourHundredGigE1/0/34,0,0,0,0,0,0
2024/05/24 星期五 00:20:34.223,1716481234223,NH-DC-NM129-D04-ROCE-Leaf-6.GPU.S9825,FourHundredGigE1/0/34,236138,886640830,198735,800509802,1.84,1.67
2024/05/24 星期五 00:20:34.725,1716481234725,NH-DC-NM129-D04-ROCE-Leaf-6.GPU.S9825,FourHundredGigE1/0/34,0,0,0,0,0,0
2024/05/24 星期五 00:20:35.229,1716481235229,NH-DC-NM129-D04-ROCE-Leaf-6.GPU.S9825,FourHundredGigE1/0/34,255656,888687922,290387,1037465942,2.18,2.55
2024/05/24 星期五 00:20:35.730,1716481235730,NH-DC-NM129-D04-ROCE-Leaf-6.GPU.S9825,FourHundredGigE1/0/34,0,0,0,0,0,0
2024/05/24 星期五 00:20:36.229,1716481236229,NH-DC-NM129-D04-ROCE-Leaf-6.GPU.S9825,FourHundredGigE1/0/34,280842,1110979332,141177,515475970,2.78,1.28
2024/05/24 星期五 00:20:37.189,1716481237189,NH-DC-NM129-D04-ROCE-Leaf-6.GPU.S9825,FourHundredGigE1/0/34,320412,1197360066,116514,366953780,1.55,0.47
2024/05/24 星期五 00:20:37.700,1716481237700,NH-DC-NM129-D04-ROCE-Leaf-6.GPU.S9825,FourHundredGigE1/0/34,0,0,0,0,0,0
2024/05/24 星期五 00:20:38.201,1716481238201,NH-DC-NM129-D04-ROCE-Leaf-6.GPU.S9825,FourHundredGigE1/0/34,240587,887275574,132093,465214130,2.20,1.15
2024/05/24 星期五 00:20:38.763,1716481238763,NH-DC-NM129-D04-ROCE-Leaf-6.GPU.S9825,FourHundredGigE1/0/34,0,0,0,0,0,0
2024/05/24 星期五 00:20:39.263,1716481239263,NH-DC-NM129-D04-ROCE-Leaf-6.GPU.S9825,FourHundredGigE1/0/34,190304,713959204,511203,2027264078,1.78,5.05
2024/05/24 星期五 00:20:39.765,1716481239765,NH-DC-NM129-D04-ROCE-Leaf-6.GPU.S9825,FourHundredGigE1/0/34,100394,361817538,269532,931936536,0.90,2.32
2024/05/24 星期五 00:20:40.604,1716481240604,NH-DC-NM129-D04-ROCE-Leaf-6.GPU.S9825,FourHundredGigE1/0/34,0,0,0,0,0,0
2024/05/24 星期五 00:20:41.127,1716481241127,NH-DC-NM129-D04-ROCE-Leaf-6.GPU.S9825,FourHundredGigE1/0/34,268696,1031363074,152848,482655952,2.46,1.15
2024/05/24 星期五 00:20:41.796,1716481241796,NH-DC-NM129-D04-ROCE-Leaf-6.GPU.S9825,FourHundredGigE1/0/34,153815,600877290,321026,1299082100,1.12,2.41
2024/05/24 星期五 00:20:42.525,1716481242525,NH-DC-NM129-D04-ROCE-Leaf-6.GPU.S9825,FourHundredGigE1/0/34,0,0,0,0,0,0
2024/05/24 星期五 00:20:43.025,1716481243025,NH-DC-NM129-D04-ROCE-Leaf-6.GPU.S9825,FourHundredGigE1/0/34,181161,711438883,345939,1355771314,1.78,3.38
2024/05/24 星期五 00:20:43.738,1716481243738,NH-DC-NM129-D04-ROCE-Leaf-6.GPU.S9825,FourHundredGigE1/0/34,132948,524172248,146339,580342194,0.91,1.02
2024/05/24 星期五 00:20:44.644,1716481244644,NH-DC-NM129-D04-ROCE-Leaf-6.GPU.S9825,FourHundredGigE1/0/34,0,0,0,0,0,0
2024/05/24 星期五 00:20:45.147,1716481245147,NH-DC-NM129-D04-ROCE-Leaf-6.GPU.S9825,FourHundredGigE1/0/34,186054,717572040,260163,1036044538,1.76,2.56
2024/05/24 星期五 00:20:45.694,1716481245694,NH-DC-NM129-D04-ROCE-Leaf-6.GPU.S9825,FourHundredGigE1/0/34,0,0,0,0,0,0
2024/05/24 星期五 00:20:46.195,1716481246195,NH-DC-NM129-D04-ROCE-Leaf-6.GPU.S9825,FourHundredGigE1/0/34,501243,2017365641,344874,1240167292,5.01,3.09
2024/05/24 星期五 00:20:47.162,1716481247162,NH-DC-NM129-D04-ROCE-Leaf-6.GPU.S9825,FourHundredGigE1/0/34,50582,123190898,95626,331524524,0.16,0.43
2024/05/24 星期五 00:20:47.929,1716481247929,NH-DC-NM129-D04-ROCE-Leaf-6.GPU.S9825,FourHundredGigE1/0/34,98082,358226254,141915,545966642,0.57,0.88
2024/05/24 星期五 00:20:48.432,1716481248432,NH-DC-NM129-D04-ROCE-Leaf-6.GPU.S9825,FourHundredGigE1/0/34,0,0,0,0,0,0
2024/05/24 星期五 00:20:48.935,1716481248935,NH-DC-NM129-D04-ROCE-Leaf-6.GPU.S9825,FourHundredGigE1/0/34,213433,816888060,153887,516102238,2.01,1.27
2024/05/24 星期五 00:20:49.544,1716481249544,NH-DC-NM129-D04-ROCE-Leaf-6.GPU.S9825,FourHundredGigE1/0/34,0,0,0,0,0,0
2024/05/24 星期五 00:20:50.045,1716481250045,NH-DC-NM129-D04-ROCE-Leaf-6.GPU.S9825,FourHundredGigE1/0/34,182521,666105630,150265,462694558,1.65,1.15
2024/05/24 星期五 00:20:50.779,1716481250779,NH-DC-NM129-D04-ROCE-Leaf-6.GPU.S9825,FourHundredGigE1/0/34,147204,557538760,129030,520559624,0.94,0.89
2024/05/24 星期五 00:20:51.520,1716481251520,NH-DC-NM129-D04-ROCE-Leaf-6.GPU.S9825,FourHundredGigE1/0/34,0,0,0,0,0,0
2024/05/24 星期五 00:20:52.027,1716481252027,NH-DC-NM129-D04-ROCE-Leaf-6.GPU.S9825,FourHundredGigE1/0/34,244936,969777312,157984,628247256,2.37,1.53
2024/05/24 星期五 00:20:52.614,1716481252614,NH-DC-NM129-D04-ROCE-Leaf-6.GPU.S9825,FourHundredGigE1/0/34,0,0,0,0,0,0
2024/05/24 星期五 00:20:53.124,1716481253124,NH-DC-NM129-D04-ROCE-Leaf-6.GPU.S9825,FourHundredGigE1/0/34,252015,1024769408,270193,1107114534,2.5,2.70
2024/05/24 星期五 00:20:54.023,1716481254023,NH-DC-NM129-D04-ROCE-Leaf-6.GPU.S9825,FourHundredGigE1/0/34,178164,662398322,131258,491178220,0.92,0.68
2024/05/24 星期五 00:20:54.776,1716481254776,NH-DC-NM129-D04-ROCE-Leaf-6.GPU.S9825,FourHundredGigE1/0/34,128807,472094574,152449,552773682,0.78,0.91
2024/05/24 星期五 00:20:55.503,1716481255503,NH-DC-NM129-D04-ROCE-Leaf-6.GPU.S9825,FourHundredGigE1/0/34,0,0,0,0,0,0
2024/05/24 星期五 00:20:56.179,1716481256179,NH-DC-NM129-D04-ROCE-Leaf-6.GPU.S9825,FourHundredGigE1/0/34,125552,463595926,181414,659600364,0.85,1.20
2024/05/24 星期五 00:20:56.853,1716481256853,NH-DC-NM129-D04-ROCE-Leaf-6.GPU.S9825,FourHundredGigE1/0/34,244187,979441436,239942,923079592,1.80,1.71
2024/05/24 星期五 00:20:57.650,1716481257650,NH-DC-NM129-D04-ROCE-Leaf-6.GPU.S9825,FourHundredGigE1/0/34,0,0,0,0,0,0
2024/05/24 星期五 00:20:58.171,1716481258171,NH-DC-NM129-D04-ROCE-Leaf-6.GPU.S9825,FourHundredGigE1/0/34,56435,201812438,246089,925033642,0.48,2.21
2024/05/24 星期五 00:20:58.922,1716481258922,NH-DC-NM129-D04-ROCE-Leaf-6.GPU.S9825,FourHundredGigE1/0/34,94706,333677320,116961,438900030,0.55,0.72
2024/05/24 星期五 00:20:59.489,1716481259489,NH-DC-NM129-D04-ROCE-Leaf-6.GPU.S9825,FourHundredGigE1/0/34,0,0,0,0,0,0
2024/05/24 星期五 00:20:59.990,1716481259990,NH-DC-NM129-D04-ROCE-Leaf-6.GPU.S9825,FourHundredGigE1/0/34,113060,396957364,152816,558398632,0.97,1.37
2024/05/24 星期五 00:21:00.686,1716481260686,NH-DC-NM129-D04-ROCE-Leaf-6.GPU.S9825,FourHundredGigE1/0/34,177563,694491224,353946,1427043458,1.24,2.55
2024/05/24 星期五 00:21:01.323,1716481261323,NH-DC-NM129-D04-ROCE-Leaf-6.GPU.S9825,FourHundredGigE1/0/34,0,0,0,0,0,0
2024/05/24 星期五 00:21:01.876,1716481261876,NH-DC-NM129-D04-ROCE-Leaf-6.GPU.S9825,FourHundredGigE1/0/34,291568,1102517182,1998420,8164605314,2.49,18.44
2024/05/24 星期五 00:21:03.225,1716481263225,NH-DC-NM129-D04-ROCE-Leaf-6.GPU.S9825,FourHundredGigE1/0/34,465588,1702141505,2627938,10688120968,1.58,9.90
2024/05/24 星期五 00:21:04.732,1716481264732,NH-DC-NM129-D04-ROCE-Leaf-6.GPU.S9825,FourHundredGigE1/0/34,0,0,0,0,0,0
2024/05/24 星期五 00:21:05.233,1716481265233,NH-DC-NM129-D04-ROCE-Leaf-6.GPU.S9825,FourHundredGigE1/0/34,383552,1512713666,109405,394888896,3.77,0.97
2024/05/24 星期五 00:21:05.975,1716481265975,NH-DC-NM129-D04-ROCE-Leaf-6.GPU.S9825,FourHundredGigE1/0/34,142795,535550984,308944,1207486542,0.89,2.02
2024/05/24 星期五 00:21:06.477,1716481266477,NH-DC-NM129-D04-ROCE-Leaf-6.GPU.S9825,FourHundredGigE1/0/34,0,0,0,0,0,0
2024/05/24 星期五 00:21:06.979,1716481266979,NH-DC-NM129-D04-ROCE-Leaf-6.GPU.S9825,FourHundredGigE1/0/34,146561,528748046,231881,883964834,1.29,2.19
2024/05/24 星期五 00:21:07.580,1716481267580,NH-DC-NM129-D04-ROCE-Leaf-6.GPU.S9825,FourHundredGigE1/0/34,0,0,0,0,0,0
2024/05/24 星期五 00:21:08.280,1716481268280,NH-DC-NM129-D04-ROCE-Leaf-6.GPU.S9825,FourHundredGigE1/0/34,287192,1095716284,439990,1756020120,1.95,3.12
2024/05/24 星期五 00:21:08.783,1716481268783,NH-DC-NM129-D04-ROCE-Leaf-6.GPU.S9825,FourHundredGigE1/0/34,190914,697130289,209367,798028406,1.71,1.96
2024/05/24 星期五 00:21:09.469,1716481269469,NH-DC-NM129-D04-ROCE-Leaf-6.GPU.S9825,FourHundredGigE1/0/34,0,0,0,0,0,0
2024/05/24 星期五 00:21:09.969,1716481269969,NH-DC-NM129-D04-ROCE-Leaf-6.GPU.S9825,FourHundredGigE1/0/34,72761,276616590,128804,405598788,0.68,1
2024/05/24 星期五 00:21:10.469,1716481270469,NH-DC-NM129-D04-ROCE-Leaf-6.GPU.S9825,FourHundredGigE1/0/34,0,0,0,0,0,0
2024/05/24 星期五 00:21:11.144,1716481271144,NH-DC-NM129-D04-ROCE-Leaf-6.GPU.S9825,FourHundredGigE1/0/34,194372,759238740,286102,1130924188,1.39,2.09
2024/05/24 星期五 00:21:12.604,1716481272604,NH-DC-NM129-D04-ROCE-Leaf-6.GPU.S9825,FourHundredGigE1/0/34,411214,1608092000,239105,887223214,1.37,0.75
2024/05/24 星期五 00:21:13.107,1716481273107,NH-DC-NM129-D04-ROCE-Leaf-6.GPU.S9825,FourHundredGigE1/0/34,89523,345974471,236086,914692028,0.84,2.26
2024/05/24 星期五 00:21:13.613,1716481273613,NH-DC-NM129-D04-ROCE-Leaf-6.GPU.S9825,FourHundredGigE1/0/34,0,0,0,0,0,0
2024/05/24 星期五 00:21:14.631,1716481274631,NH-DC-NM129-D04-ROCE-Leaf-6.GPU.S9825,FourHundredGigE1/0/34,104758,403254448,161830,624967416,0.49,0.76
2024/05/24 星期五 00:21:15.250,1716481275250,NH-DC-NM129-D04-ROCE-Leaf-6.GPU.S9825,FourHundredGigE1/0/34,318052,1286002514,153096,454705396,2.58,0.91
2024/05/24 星期五 00:21:15.752,1716481275752,NH-DC-NM129-D04-ROCE-Leaf-6.GPU.S9825,FourHundredGigE1/0/34,140545,554031494,112765,441394432,1.37,1.10
2024/05/24 星期五 00:21:16.401,1716481276401,NH-DC-NM129-D04-ROCE-Leaf-6.GPU.S9825,FourHundredGigE1/0/34,0,0,0,0,0,0
2024/05/24 星期五 00:21:17.619,1716481277619,NH-DC-NM129-D04-ROCE-Leaf-6.GPU.S9825,FourHundredGigE1/0/34,92252,352973746,216848,843667302,0.36,0.86
2024/05/24 星期五 00:21:18.118,1716481278118,NH-DC-NM129-D04-ROCE-Leaf-6.GPU.S9825,FourHundredGigE1/0/34,116893,400609766,151073,550563854,1.00,1.38
2024/05/24 星期五 00:21:18.812,1716481278812,NH-DC-NM129-D04-ROCE-Leaf-6.GPU.S9825,FourHundredGigE1/0/34,0,0,0,0,0,0
2024/05/24 星期五 00:21:19.313,1716481279313,NH-DC-NM129-D04-ROCE-Leaf-6.GPU.S9825,FourHundredGigE1/0/34,331340,1308061388,414792,1656041916,3.24,4.12
2024/05/24 星期五 00:21:20.092,1716481280092,NH-DC-NM129-D04-ROCE-Leaf-6.GPU.S9825,FourHundredGigE1/0/34,96076,344804232,134589,486324898,0.55,0.77
2024/05/24 星期五 00:21:20.594,1716481280594,NH-DC-NM129-D04-ROCE-Leaf-6.GPU.S9825,FourHundredGigE1/0/34,0,0,0,0,0,0
2024/05/24 星期五 00:21:21.094,1716481281094,NH-DC-NM129-D04-ROCE-Leaf-6.GPU.S9825,FourHundredGigE1/0/34,94408,350302820,188902,689031568,0.88,1.7
2024/05/24 星期五 00:21:21.805,1716481281805,NH-DC-NM129-D04-ROCE-Leaf-6.GPU.S9825,FourHundredGigE1/0/34,103208,385785488,202773,759649318,0.67,1.32
2024/05/24 星期五 00:21:22.310,1716481282310,NH-DC-NM129-D04-ROCE-Leaf-6.GPU.S9825,FourHundredGigE1/0/34,0,0,0,0,0,0
2024/05/24 星期五 00:21:23.178,1716481283178,NH-DC-NM129-D04-ROCE-Leaf-6.GPU.S9825,FourHundredGigE1/0/34,223979,773283247,132901,436452722,1.11,0.62
2024/05/24 星期五 00:21:23.679,1716481283679,NH-DC-NM129-D04-ROCE-Leaf-6.GPU.S9825,FourHundredGigE1/0/34,0,0,0,0,0,0
2024/05/24 星期五 00:21:24.179,1716481284179,NH-DC-NM129-D04-ROCE-Leaf-6.GPU.S9825,FourHundredGigE1/0/34,239770,841683052,84153,319988506,2.1,0.78
2024/05/24 星期五 00:21:24.792,1716481284792,NH-DC-NM129-D04-ROCE-Leaf-6.GPU.S9825,FourHundredGigE1/0/34,147894,588319372,314983,1122375806,1.18,2.28
2024/05/24 星期五 00:21:25.473,1716481285473,NH-DC-NM129-D04-ROCE-Leaf-6.GPU.S9825,FourHundredGigE1/0/34,0,0,0,0,0,0
2024/05/24 星期五 00:21:25.976,1716481285976,NH-DC-NM129-D04-ROCE-Leaf-6.GPU.S9825,FourHundredGigE1/0/34,475658,1918999780,71356,252999648,4.75,0.62
2024/05/24 星期五 00:21:26.671,1716481286671,NH-DC-NM129-D04-ROCE-Leaf-6.GPU.S9825,FourHundredGigE1/0/34,0,0,0,0,0,0
2024/05/24 星期五 00:21:27.184,1716481287184,NH-DC-NM129-D04-ROCE-Leaf-6.GPU.S9825,FourHundredGigE1/0/34,60367,236828150,339944,1285227420,0.56,3.12
2024/05/24 星期五 00:21:27.726,1716481287726,NH-DC-NM129-D04-ROCE-Leaf-6.GPU.S9825,FourHundredGigE1/0/34,0,0,0,0,0,0
2024/05/24 星期五 00:21:28.654,1716481288654,NH-DC-NM129-D04-ROCE-Leaf-6.GPU.S9825,FourHundredGigE1/0/34,94112,348995305,457596,1750905096,0.46,2.36
2024/05/24 星期五 00:21:29.154,1716481289154,NH-DC-NM129-D04-ROCE-Leaf-6.GPU.S9825,FourHundredGigE1/0/34,173437,675784330,118515,349786446,1.68,0.85
2024/05/24 星期五 00:21:29.722,1716481289722,NH-DC-NM129-D04-ROCE-Leaf-6.GPU.S9825,FourHundredGigE1/0/34,0,0,0,0,0,0
2024/05/24 星期五 00:21:30.222,1716481290222,NH-DC-NM129-D04-ROCE-Leaf-6.GPU.S9825,FourHundredGigE1/0/34,462381,1791795446,272751,1006335594,4.48,2.5
2024/05/24 星期五 00:21:30.723,1716481290723,NH-DC-NM129-D04-ROCE-Leaf-6.GPU.S9825,FourHundredGigE1/0/34,0,0,0,0,0,0
2024/05/24 星期五 00:21:32.261,1716481292261,NH-DC-NM129-D04-ROCE-Leaf-6.GPU.S9825,FourHundredGigE1/0/34,388804,1322635680,541536,2107958344,1.07,1.71
2024/05/24 星期五 00:21:32.832,1716481292832,NH-DC-NM129-D04-ROCE-Leaf-6.GPU.S9825,FourHundredGigE1/0/34,339687,1334528898,277332,1104653200,2.91,2.41
2024/05/24 星期五 00:21:33.335,1716481293335,NH-DC-NM129-D04-ROCE-Leaf-6.GPU.S9825,FourHundredGigE1/0/34,0,0,0,0,0,0
2024/05/24 星期五 00:21:33.840,1716481293840,NH-DC-NM129-D04-ROCE-Leaf-6.GPU.S9825,FourHundredGigE1/0/34,234174,892830160,447053,1771617562,2.20,4.38
2024/05/24 星期五 00:21:34.404,1716481294404,NH-DC-NM129-D04-ROCE-Leaf-6.GPU.S9825,FourHundredGigE1/0/34,0,0,0,0,0,0
2024/05/24 星期五 00:21:34.989,1716481294989,NH-DC-NM129-D04-ROCE-Leaf-6.GPU.S9825,FourHundredGigE1/0/34,222949,841810530,188238,739091208,1.79,1.56
2024/05/24 星期五 00:21:35.602,1716481295602,NH-DC-NM129-D04-ROCE-Leaf-6.GPU.S9825,FourHundredGigE1/0/34,0,0,0,0,0,0
2024/05/24 星期五 00:21:36.111,1716481296111,NH-DC-NM129-D04-ROCE-Leaf-6.GPU.S9825,FourHundredGigE1/0/34,149055,571518958,134724,463308376,1.40,1.13
2024/05/24 星期五 00:21:36.633,1716481296633,NH-DC-NM129-D04-ROCE-Leaf-6.GPU.S9825,FourHundredGigE1/0/34,0,0,0,0,0,0
2024/05/24 星期五 00:21:37.195,1716481297195,NH-DC-NM129-D04-ROCE-Leaf-6.GPU.S9825,FourHundredGigE1/0/34,178689,704004446,498616,1955382044,1.56,4.34
2024/05/24 星期五 00:21:37.777,1716481297777,NH-DC-NM129-D04-ROCE-Leaf-6.GPU.S9825,FourHundredGigE1/0/34,0,0,0,0,0,0
2024/05/24 星期五 00:21:38.277,1716481298277,NH-DC-NM129-D04-ROCE-Leaf-6.GPU.S9825,FourHundredGigE1/0/34,579548,2321098164,158222,619128388,5.8,1.52
2024/05/24 星期五 00:21:38.961,1716481298961,NH-DC-NM129-D04-ROCE-Leaf-6.GPU.S9825,FourHundredGigE1/0/34,253302,992972456,89122,276900256,1.81,0.49
2024/05/24 星期五 00:21:39.581,1716481299581,NH-DC-NM129-D04-ROCE-Leaf-6.GPU.S9825,FourHundredGigE1/0/34,0,0,0,0,0,0
2024/05/24 星期五 00:21:40.081,1716481300081,NH-DC-NM129-D04-ROCE-Leaf-6.GPU.S9825,FourHundredGigE1/0/34,164207,619516782,168913,627700106,1.52,1.55
2024/05/24 星期五 00:21:40.690,1716481300690,NH-DC-NM129-D04-ROCE-Leaf-6.GPU.S9825,FourHundredGigE1/0/34,289956,1179090456,438432,1774234992,2.40,3.63
2024/05/24 星期五 00:21:41.284,1716481301284,NH-DC-NM129-D04-ROCE-Leaf-6.GPU.S9825,FourHundredGigE1/0/34,0,0,0,0,0,0
2024/05/24 星期五 00:21:42.125,1716481302125,NH-DC-NM129-D04-ROCE-Leaf-6.GPU.S9825,FourHundredGigE1/0/34,161498,638659968,211984,853480096,0.94,1.26
2024/05/24 星期五 00:21:42.863,1716481302863,NH-DC-NM129-D04-ROCE-Leaf-6.GPU.S9825,FourHundredGigE1/0/34,70661,252478911,115961,378419142,0.42,0.63
2024/05/24 星期五 00:21:43.388,1716481303388,NH-DC-NM129-D04-ROCE-Leaf-6.GPU.S9825,FourHundredGigE1/0/34,0,0,0,0,0,0
2024/05/24 星期五 00:21:43.952,1716481303952,NH-DC-NM129-D04-ROCE-Leaf-6.GPU.S9825,FourHundredGigE1/0/34,178695,678452298,146158,532381392,1.48,1.17
2024/05/24 星期五 00:21:44.605,1716481304605,NH-DC-NM129-D04-ROCE-Leaf-6.GPU.S9825,FourHundredGigE1/0/34,0,0,0,0,0,0
2024/05/24 星期五 00:21:45.106,1716481305106,NH-DC-NM129-D04-ROCE-Leaf-6.GPU.S9825,FourHundredGigE1/0/34,346233,1378507582,286493,1171062122,3.42,2.92
2024/05/24 星期五 00:21:45.842,1716481305842,NH-DC-NM129-D04-ROCE-Leaf-6.GPU.S9825,FourHundredGigE1/0/34,159311,592594398,81931,321899766,1.00,0.54
2024/05/24 星期五 00:21:46.486,1716481306486,NH-DC-NM129-D04-ROCE-Leaf-6.GPU.S9825,FourHundredGigE1/0/34,0,0,0,0,0,0
2024/05/24 星期五 00:21:47.244,1716481307244,NH-DC-NM129-D04-ROCE-Leaf-6.GPU.S9825,FourHundredGigE1/0/34,170096,674883433,275400,1028594696,1.10,1.68
2024/05/24 星期五 00:21:47.818,1716481307818,NH-DC-NM129-D04-ROCE-Leaf-6.GPU.S9825,FourHundredGigE1/0/34,776531,3133259938,365810,1230903048,6.82,2.68
2024/05/24 星期五 00:21:48.320,1716481308320,NH-DC-NM129-D04-ROCE-Leaf-6.GPU.S9825,FourHundredGigE1/0/34,0,0,0,0,0,0
2024/05/24 星期五 00:21:48.856,1716481308856,NH-DC-NM129-D04-ROCE-Leaf-6.GPU.S9825,FourHundredGigE1/0/34,418315,1667405642,367443,1505876966,3.87,3.50
2024/05/24 星期五 00:21:49.506,1716481309506,NH-DC-NM129-D04-ROCE-Leaf-6.GPU.S9825,FourHundredGigE1/0/34,0,0,0,0,0,0
2024/05/24 星期五 00:21:50.010,1716481310010,NH-DC-NM129-D04-ROCE-Leaf-6.GPU.S9825,FourHundredGigE1/0/34,185243,740245766,130101,496702508,1.84,1.22
2024/05/24 星期五 00:21:50.625,1716481310625,NH-DC-NM129-D04-ROCE-Leaf-6.GPU.S9825,FourHundredGigE1/0/34,0,0,0,0,0,0
2024/05/24 星期五 00:21:51.233,1716481311233,NH-DC-NM129-D04-ROCE-Leaf-6.GPU.S9825,FourHundredGigE1/0/34,473857,1918458830,119618,447779696,3.93,0.90
2024/05/24 星期五 00:21:51.737,1716481311737,NH-DC-NM129-D04-ROCE-Leaf-6.GPU.S9825,FourHundredGigE1/0/34,0,0,0,0,0,0
2024/05/24 星期五 00:21:52.238,1716481312238,NH-DC-NM129-D04-ROCE-Leaf-6.GPU.S9825,FourHundredGigE1/0/34,242572,888953148,130324,478232360,2.20,1.17
2024/05/24 星期五 00:21:52.917,1716481312917,NH-DC-NM129-D04-ROCE-Leaf-6.GPU.S9825,FourHundredGigE1/0/34,153443,551481890,146749,554634494,1.01,1.01
2024/05/24 星期五 00:21:53.507,1716481313507,NH-DC-NM129-D04-ROCE-Leaf-6.GPU.S9825,FourHundredGigE1/0/34,0,0,0,0,0,0
2024/05/24 星期五 00:21:54.278,1716481314278,NH-DC-NM129-D04-ROCE-Leaf-6.GPU.S9825,FourHundredGigE1/0/34,173140,667096672,195158,770759776,1.07,1.25
2024/05/24 星期五 00:21:54.906,1716481314906,NH-DC-NM129-D04-ROCE-Leaf-6.GPU.S9825,FourHundredGigE1/0/34,412741,1597507566,162859,589889990,3.16,1.15
2024/05/24 星期五 00:21:55.619,1716481315619,NH-DC-NM129-D04-ROCE-Leaf-6.GPU.S9825,FourHundredGigE1/0/34,0,0,0,0,0,0
2024/05/24 星期五 00:21:56.235,1716481316235,NH-DC-NM129-D04-ROCE-Leaf-6.GPU.S9825,FourHundredGigE1/0/34,324928,1288405292,168374,655184566,2.60,1.32
2024/05/24 星期五 00:21:56.824,1716481316824,NH-DC-NM129-D04-ROCE-Leaf-6.GPU.S9825,FourHundredGigE1/0/34,220015,835514274,194241,730963284,1.76,1.55
2024/05/24 星期五 00:21:58.289,1716481318289,NH-DC-NM129-D04-ROCE-Leaf-6.GPU.S9825,FourHundredGigE1/0/34,181929,702876034,130183,487750306,0.60,0.41
2024/05/24 星期五 00:21:58.789,1716481318789,NH-DC-NM129-D04-ROCE-Leaf-6.GPU.S9825,FourHundredGigE1/0/34,391718,1541195312,359766,1428069920,3.85,3.55
2024/05/24 星期五 00:21:59.404,1716481319404,NH-DC-NM129-D04-ROCE-Leaf-6.GPU.S9825,FourHundredGigE1/0/34,0,0,0,0,0,0
2024/05/24 星期五 00:21:59.971,1716481319971,NH-DC-NM129-D04-ROCE-Leaf-6.GPU.S9825,FourHundredGigE1/0/34,240736,949373716,213559,824404422,2.07,1.81
2024/05/24 星期五 00:22:00.547,1716481320547,NH-DC-NM129-D04-ROCE-Leaf-6.GPU.S9825,FourHundredGigE1/0/34,0,0,0,0,0,0
2024/05/24 星期五 00:22:01.123,1716481321123,NH-DC-NM129-D04-ROCE-Leaf-6.GPU.S9825,FourHundredGigE1/0/34,223097,894357800,131039,504035770,1.93,1.09
2024/05/24 星期五 00:22:01.720,1716481321720,NH-DC-NM129-D04-ROCE-Leaf-6.GPU.S9825,FourHundredGigE1/0/34,0,0,0,0,0,0
2024/05/24 星期五 00:22:02.228,1716481322228,NH-DC-NM129-D04-ROCE-Leaf-6.GPU.S9825,FourHundredGigE1/0/34,306431,1146622713,511250,2040495700,2.81,5.02
2024/05/24 星期五 00:22:04.454,1716481324454,NH-DC-NM129-D04-ROCE-Leaf-6.GPU.S9825,FourHundredGigE1/0/34,174554,647017848,115564,423774724,0.36,0.24
2024/05/24 星期五 00:22:05.086,1716481325086,NH-DC-NM129-D04-ROCE-Leaf-6.GPU.S9825,FourHundredGigE1/0/34,116792,431659621,122670,458029120,0.85,0.89
2024/05/24 星期五 00:22:05.597,1716481325597,NH-DC-NM129-D04-ROCE-Leaf-6.GPU.S9825,FourHundredGigE1/0/34,0,0,0,0,0,0
2024/05/24 星期五 00:22:06.115,1716481326115,NH-DC-NM129-D04-ROCE-Leaf-6.GPU.S9825,FourHundredGigE1/0/34,249820,1010915808,236954,947970308,2.44,2.27
2024/05/24 星期五 00:22:06.887,1716481326887,NH-DC-NM129-D04-ROCE-Leaf-6.GPU.S9825,FourHundredGigE1/0/34,163529,631734218,146047,525085938,1.02,0.84
2024/05/24 星期五 00:22:07.537,1716481327537,NH-DC-NM129-D04-ROCE-Leaf-6.GPU.S9825,FourHundredGigE1/0/34,0,0,0,0,0,0
2024/05/24 星期五 00:22:08.041,1716481328041,NH-DC-NM129-D04-ROCE-Leaf-6.GPU.S9825,FourHundredGigE1/0/34,211681,799096894,341415,1343518578,1.96,3.32
2024/05/24 星期五 00:22:08.619,1716481328619,NH-DC-NM129-D04-ROCE-Leaf-6.GPU.S9825,FourHundredGigE1/0/34,0,0,0,0,0,0
2024/05/24 星期五 00:22:09.134,1716481329134,NH-DC-NM129-D04-ROCE-Leaf-6.GPU.S9825,FourHundredGigE1/0/34,110214,418588684,230250,876307960,1.00,2.11
2024/05/24 星期五 00:22:10.377,1716481330377,NH-DC-NM129-D04-ROCE-Leaf-6.GPU.S9825,FourHundredGigE1/0/34,226978,860082244,42327,158517314,0.86,0.15
2024/05/24 星期五 00:22:10.996,1716481330996,NH-DC-NM129-D04-ROCE-Leaf-6.GPU.S9825,FourHundredGigE1/0/34,124159,468666826,131477,512528942,0.93,1.03
2024/05/24 星期五 00:22:11.682,1716481331682,NH-DC-NM129-D04-ROCE-Leaf-6.GPU.S9825,FourHundredGigE1/0/34,0,0,0,0,0,0
2024/05/24 星期五 00:22:12.238,1716481332238,NH-DC-NM129-D04-ROCE-Leaf-6.GPU.S9825,FourHundredGigE1/0/34,173685,660077802,903238,3662304498,1.48,8.23
2024/05/24 星期五 00:22:12.742,1716481332742,NH-DC-NM129-D04-ROCE-Leaf-6.GPU.S9825,FourHundredGigE1/0/34,0,0,0,0,0,0
2024/05/24 星期五 00:22:13.370,1716481333370,NH-DC-NM129-D04-ROCE-Leaf-6.GPU.S9825,FourHundredGigE1/0/34,84278,312882737,2441052,9985250850,0.62,19.86
2024/05/24 星期五 00:22:14.061,1716481334061,NH-DC-NM129-D04-ROCE-Leaf-6.GPU.S9825,FourHundredGigE1/0/34,232388,922656476,1315692,5353346498,1.66,9.68
2024/05/24 星期五 00:22:14.626,1716481334626,NH-DC-NM129-D04-ROCE-Leaf-6.GPU.S9825,FourHundredGigE1/0/34,0,0,0,0,0,0
2024/05/24 星期五 00:22:15.201,1716481335201,NH-DC-NM129-D04-ROCE-Leaf-6.GPU.S9825,FourHundredGigE1/0/34,156464,591638064,368052,1388222204,1.28,3
2024/05/24 星期五 00:22:15.732,1716481335732,NH-DC-NM129-D04-ROCE-Leaf-6.GPU.S9825,FourHundredGigE1/0/34,0,0,0,0,0,0
2024/05/24 星期五 00:22:16.234,1716481336234,NH-DC-NM129-D04-ROCE-Leaf-6.GPU.S9825,FourHundredGigE1/0/34,202431,728153618,150528,577843482,1.79,1.42
2024/05/24 星期五 00:22:17.060,1716481337060,NH-DC-NM129-D04-ROCE-Leaf-6.GPU.S9825,FourHundredGigE1/0/34,310738,1227910708,77527,282479718,1.85,0.42
2024/05/24 星期五 00:22:17.580,1716481337580,NH-DC-NM129-D04-ROCE-Leaf-6.GPU.S9825,FourHundredGigE1/0/34,0,0,0,0,0,0
2024/05/24 星期五 00:22:18.084,1716481338084,NH-DC-NM129-D04-ROCE-Leaf-6.GPU.S9825,FourHundredGigE1/0/34,234183,923250270,297559,1146772154,2.28,2.83
2024/05/24 星期五 00:22:18.654,1716481338654,NH-DC-NM129-D04-ROCE-Leaf-6.GPU.S9825,FourHundredGigE1/0/34,0,0,0,0,0,0
2024/05/24 星期五 00:22:19.181,1716481339181,NH-DC-NM129-D04-ROCE-Leaf-6.GPU.S9825,FourHundredGigE1/0/34,147050,575556232,256581,977105174,1.35,2.30
2024/05/24 星期五 00:22:19.681,1716481339681,NH-DC-NM129-D04-ROCE-Leaf-6.GPU.S9825,FourHundredGigE1/0/34,0,0,0,0,0,0
2024/05/24 星期五 00:22:20.426,1716481340426,NH-DC-NM129-D04-ROCE-Leaf-6.GPU.S9825,FourHundredGigE1/0/34,208927,819648138,129597,493959674,1.36,0.82
2024/05/24 星期五 00:22:20.988,1716481340988,NH-DC-NM129-D04-ROCE-Leaf-6.GPU.S9825,FourHundredGigE1/0/34,424410,1677750492,258799,1037567078,3.71,2.29
2024/05/24 星期五 00:22:21.650,1716481341650,NH-DC-NM129-D04-ROCE-Leaf-6.GPU.S9825,FourHundredGigE1/0/34,0,0,0,0,0,0
2024/05/24 星期五 00:22:22.270,1716481342270,NH-DC-NM129-D04-ROCE-Leaf-6.GPU.S9825,FourHundredGigE1/0/34,391464,1526894106,238257,953301854,3.06,1.92
2024/05/24 星期五 00:22:22.806,1716481342806,NH-DC-NM129-D04-ROCE-Leaf-6.GPU.S9825,FourHundredGigE1/0/34,381061,0,220708,0,0,0
2024/05/24 星期五 00:22:23.306,1716481343306,NH-DC-NM129-D04-ROCE-Leaf-6.GPU.S9825,FourHundredGigE1/0/34,0,1451210626,0,749942016,3.62,1.85
2024/05/24 星期五 00:22:24.148,1716481344148,NH-DC-NM129-D04-ROCE-Leaf-6.GPU.S9825,FourHundredGigE1/0/34,244379,877395140,457051,1849708430,1.29,2.73
2024/05/24 星期五 00:22:24.732,1716481344732,NH-DC-NM129-D04-ROCE-Leaf-6.GPU.S9825,FourHundredGigE1/0/34,0,0,0,0,0,0
2024/05/24 星期五 00:22:25.265,1716481345265,NH-DC-NM129-D04-ROCE-Leaf-6.GPU.S9825,FourHundredGigE1/0/34,451470,1687978400,127461,494298058,3.94,1.15
2024/05/24 星期五 00:22:25.810,1716481345810,NH-DC-NM129-D04-ROCE-Leaf-6.GPU.S9825,FourHundredGigE1/0/34,178072,699002448,391487,1476776510,1.58,3.37
2024/05/24 星期五 00:22:26.313,1716481346313,NH-DC-NM129-D04-ROCE-Leaf-6.GPU.S9825,FourHundredGigE1/0/34,0,0,0,0,0,0
2024/05/24 星期五 00:22:26.883,1716481346883,NH-DC-NM129-D04-ROCE-Leaf-6.GPU.S9825,FourHundredGigE1/0/34,118002,455964900,555676,2096966188,0.99,4.58
2024/05/24 星期五 00:22:27.486,1716481347486,NH-DC-NM129-D04-ROCE-Leaf-6.GPU.S9825,FourHundredGigE1/0/34,0,0,0,0,0,0
2024/05/24 星期五 00:22:28.002,1716481348002,NH-DC-NM129-D04-ROCE-Leaf-6.GPU.S9825,FourHundredGigE1/0/34,215824,853130444,267226,1049737032,2.06,2.52
2024/05/24 星期五 00:22:28.671,1716481348671,NH-DC-NM129-D04-ROCE-Leaf-6.GPU.S9825,FourHundredGigE1/0/34,0,0,0,0,0,0
2024/05/24 星期五 00:22:30.928,1716481350928,NH-DC-NM129-D04-ROCE-Leaf-6.GPU.S9825,FourHundredGigE1/0/34,513057,1836216922,489048,1888787660,1.01,1.04
2024/05/24 星期五 00:22:31.930,1716481351930,NH-DC-NM129-D04-ROCE-Leaf-6.GPU.S9825,FourHundredGigE1/0/34,139807,543570730,291439,1108926990,0.67,1.37
2024/05/24 星期五 00:22:32.503,1716481352503,NH-DC-NM129-D04-ROCE-Leaf-6.GPU.S9825,FourHundredGigE1/0/34,0,0,0,0,0,0
2024/05/24 星期五 00:22:33.023,1716481353023,NH-DC-NM129-D04-ROCE-Leaf-6.GPU.S9825,FourHundredGigE1/0/34,114139,419195687,158363,563675974,0.99,1.35
2024/05/24 星期五 00:22:33.739,1716481353739,NH-DC-NM129-D04-ROCE-Leaf-6.GPU.S9825,FourHundredGigE1/0/34,388672,1502063662,225053,896586322,2.62,1.55
2024/05/24 星期五 00:22:34.418,1716481354418,NH-DC-NM129-D04-ROCE-Leaf-6.GPU.S9825,FourHundredGigE1/0/34,0,0,0,0,0,0
2024/05/24 星期五 00:22:34.943,1716481354943,NH-DC-NM129-D04-ROCE-Leaf-6.GPU.S9825,FourHundredGigE1/0/34,272020,1083175730,302777,1190049454,2.57,2.83
2024/05/24 星期五 00:22:35.478,1716481355478,NH-DC-NM129-D04-ROCE-Leaf-6.GPU.S9825,FourHundredGigE1/0/34,0,0,0,0,0,0
2024/05/24 星期五 00:22:35.978,1716481355978,NH-DC-NM129-D04-ROCE-Leaf-6.GPU.S9825,FourHundredGigE1/0/34,202070,769680672,73512,209213592,1.9,0.5
2024/05/24 星期五 00:22:36.481,1716481356481,NH-DC-NM129-D04-ROCE-Leaf-6.GPU.S9825,FourHundredGigE1/0/34,0,0,0,0,0,0
2024/05/24 星期五 00:22:37.147,1716481357147,NH-DC-NM129-D04-ROCE-Leaf-6.GPU.S9825,FourHundredGigE1/0/34,121763,454119359,151313,557563122,0.84,1.03
2024/05/24 星期五 00:22:37.708,1716481357708,NH-DC-NM129-D04-ROCE-Leaf-6.GPU.S9825,FourHundredGigE1/0/34,0,0,0,0,0,0
2024/05/24 星期五 00:22:38.211,1716481358211,NH-DC-NM129-D04-ROCE-Leaf-6.GPU.S9825,FourHundredGigE1/0/34,176488,629809224,100362,322629920,1.54,0.80
2024/05/24 星期五 00:22:38.839,1716481358839,NH-DC-NM129-D04-ROCE-Leaf-6.GPU.S9825,FourHundredGigE1/0/34,360897,1435175617,332779,1322037910,2.85,2.63
2024/05/24 星期五 00:22:39.380,1716481359380,NH-DC-NM129-D04-ROCE-Leaf-6.GPU.S9825,FourHundredGigE1/0/34,0,0,0,0,0,0
2024/05/24 星期五 00:22:39.880,1716481359880,NH-DC-NM129-D04-ROCE-Leaf-6.GPU.S9825,FourHundredGigE1/0/34,227861,844417536,86970,299522022,2.1,0.72
2024/05/24 星期五 00:22:40.647,1716481360647,NH-DC-NM129-D04-ROCE-Leaf-6.GPU.S9825,FourHundredGigE1/0/34,274421,1072736684,193824,742218132,1.74,1.21
2024/05/24 星期五 00:22:41.246,1716481361246,NH-DC-NM129-D04-ROCE-Leaf-6.GPU.S9825,FourHundredGigE1/0/34,0,0,0,0,0,0
2024/05/24 星期五 00:22:42.117,1716481362117,NH-DC-NM129-D04-ROCE-Leaf-6.GPU.S9825,FourHundredGigE1/0/34,293778,1159916264,264444,1001185540,1.65,1.44
2024/05/24 星期五 00:22:42.892,1716481362892,NH-DC-NM129-D04-ROCE-Leaf-6.GPU.S9825,FourHundredGigE1/0/34,421207,1589823571,494967,1978351146,2.55,3.18
2024/05/24 星期五 00:22:43.423,1716481363423,NH-DC-NM129-D04-ROCE-Leaf-6.GPU.S9825,FourHundredGigE1/0/34,0,0,0,0,0,0
2024/05/24 星期五 00:22:44.194,1716481364194,NH-DC-NM129-D04-ROCE-Leaf-6.GPU.S9825,FourHundredGigE1/0/34,135772,488036808,151945,581776230,0.78,0.94
2024/05/24 星期五 00:22:44.819,1716481364819,NH-DC-NM129-D04-ROCE-Leaf-6.GPU.S9825,FourHundredGigE1/0/34,0,0,0,0,0,0
2024/05/24 星期五 00:22:45.321,1716481365321,NH-DC-NM129-D04-ROCE-Leaf-6.GPU.S9825,FourHundredGigE1/0/34,29253,58026846,190840,678013236,0.12,1.67
2024/05/24 星期五 00:22:45.968,1716481365968,NH-DC-NM129-D04-ROCE-Leaf-6.GPU.S9825,FourHundredGigE1/0/34,388266,1551810313,118845,462122926,2.99,0.89
2024/05/24 星期五 00:22:46.693,1716481366693,NH-DC-NM129-D04-ROCE-Leaf-6.GPU.S9825,FourHundredGigE1/0/34,324462,1310777060,281851,1050151154,2.26,1.81
2024/05/24 星期五 00:22:47.471,1716481367471,NH-DC-NM129-D04-ROCE-Leaf-6.GPU.S9825,FourHundredGigE1/0/34,0,0,0,0,0,0
2024/05/24 星期五 00:22:48.049,1716481368049,NH-DC-NM129-D04-ROCE-Leaf-6.GPU.S9825,FourHundredGigE1/0/34,283350,1091525576,275676,1063222172,2.36,2.29
2024/05/24 星期五 00:22:48.549,1716481368549,NH-DC-NM129-D04-ROCE-Leaf-6.GPU.S9825,FourHundredGigE1/0/34,0,0,0,0,0,0
2024/05/24 星期五 00:22:49.277,1716481369277,NH-DC-NM129-D04-ROCE-Leaf-6.GPU.S9825,FourHundredGigE1/0/34,201030,752369008,251180,960822948,1.29,1.65
2024/05/24 星期五 00:22:49.881,1716481369881,NH-DC-NM129-D04-ROCE-Leaf-6.GPU.S9825,FourHundredGigE1/0/34,358795,1405848538,587210,2353305816,2.90,4.86
2024/05/24 星期五 00:22:50.429,1716481370429,NH-DC-NM129-D04-ROCE-Leaf-6.GPU.S9825,FourHundredGigE1/0/34,0,0,0,0,0,0
2024/05/24 星期五 00:22:51.086,1716481371086,NH-DC-NM129-D04-ROCE-Leaf-6.GPU.S9825,FourHundredGigE1/0/34,230250,914932577,164604,599844764,1.73,1.12
2024/05/24 星期五 00:22:51.674,1716481371674,NH-DC-NM129-D04-ROCE-Leaf-6.GPU.S9825,FourHundredGigE1/0/34,0,0,0,0,0,0
2024/05/24 星期五 00:22:52.175,1716481372175,NH-DC-NM129-D04-ROCE-Leaf-6.GPU.S9825,FourHundredGigE1/0/34,260340,1013628232,416787,1634796418,2.52,4.07
2024/05/24 星期五 00:22:52.882,1716481372882,NH-DC-NM129-D04-ROCE-Leaf-6.GPU.S9825,FourHundredGigE1/0/34,167962,661571196,221653,878894794,1.17,1.54
2024/05/24 星期五 00:22:53.561,1716481373561,NH-DC-NM129-D04-ROCE-Leaf-6.GPU.S9825,FourHundredGigE1/0/34,323459,1295369966,407183,1630800354,2.37,3.00
2024/05/24 星期五 00:22:57.520,1716481377520,NH-DC-NM129-D04-ROCE-Leaf-6.GPU.S9825,FourHundredGigE1/0/34,828333,3268928751,392637,1319187818,1.03,0.41
2024/05/24 星期五 00:22:58.022,1716481378022,NH-DC-NM129-D04-ROCE-Leaf-6.GPU.S9825,FourHundredGigE1/0/34,139443,543285698,132952,486265060,1.34,1.20
2024/05/24 星期五 00:22:58.568,1716481378568,NH-DC-NM129-D04-ROCE-Leaf-6.GPU.S9825,FourHundredGigE1/0/34,0,0,0,0,0,0
2024/05/24 星期五 00:22:59.210,1716481379210,NH-DC-NM129-D04-ROCE-Leaf-6.GPU.S9825,FourHundredGigE1/0/34,276677,1025374698,378587,1412357934,1.99,2.75
2024/05/24 星期五 00:22:59.929,1716481379929,NH-DC-NM129-D04-ROCE-Leaf-6.GPU.S9825,FourHundredGigE1/0/34,90684,343408849,129046,489512384,0.59,0.83
2024/05/24 星期五 00:23:00.582,1716481380582,NH-DC-NM129-D04-ROCE-Leaf-6.GPU.S9825,FourHundredGigE1/0/34,0,0,0,0,0,0
2024/05/24 星期五 00:23:01.154,1716481381154,NH-DC-NM129-D04-ROCE-Leaf-6.GPU.S9825,FourHundredGigE1/0/34,248780,912578948,194266,724843828,1.99,1.57
2024/05/24 星期五 00:23:01.707,1716481381707,NH-DC-NM129-D04-ROCE-Leaf-6.GPU.S9825,FourHundredGigE1/0/34,0,0,0,0,0,0
2024/05/24 星期五 00:23:02.354,1716481382354,NH-DC-NM129-D04-ROCE-Leaf-6.GPU.S9825,FourHundredGigE1/0/34,191988,720726607,384512,1427213310,1.39,2.74
2024/05/24 星期五 00:23:04.442,1716481384442,NH-DC-NM129-D04-ROCE-Leaf-6.GPU.S9825,FourHundredGigE1/0/34,104721,410761096,255796,1030710822,0.25,0.62
2024/05/24 星期五 00:23:05.158,1716481385158,NH-DC-NM129-D04-ROCE-Leaf-6.GPU.S9825,FourHundredGigE1/0/34,162493,633386207,258200,996358488,1.10,1.73
2024/05/24 星期五 00:23:05.674,1716481385674,NH-DC-NM129-D04-ROCE-Leaf-6.GPU.S9825,FourHundredGigE1/0/34,0,0,0,0,0,0
2024/05/24 星期五 00:23:06.193,1716481386193,NH-DC-NM129-D04-ROCE-Leaf-6.GPU.S9825,FourHundredGigE1/0/34,145934,564919612,109411,400353950,1.35,0.96
2024/05/24 星期五 00:23:06.937,1716481386937,NH-DC-NM129-D04-ROCE-Leaf-6.GPU.S9825,FourHundredGigE1/0/34,96660,382500784,266484,1020050688,0.64,1.71
2024/05/24 星期五 00:23:07.455,1716481387455,NH-DC-NM129-D04-ROCE-Leaf-6.GPU.S9825,FourHundredGigE1/0/34,0,0,0,0,0,0
2024/05/24 星期五 00:23:08.039,1716481388039,NH-DC-NM129-D04-ROCE-Leaf-6.GPU.S9825,FourHundredGigE1/0/34,681531,2705757314,390140,1555737360,5.78,3.32
2024/05/24 星期五 00:23:08.611,1716481388611,NH-DC-NM129-D04-ROCE-Leaf-6.GPU.S9825,FourHundredGigE1/0/34,0,0,0,0,0,0
2024/05/24 星期五 00:23:09.110,1716481389110,NH-DC-NM129-D04-ROCE-Leaf-6.GPU.S9825,FourHundredGigE1/0/34,279081,1028608218,250909,915064206,2.56,2.28
2024/05/24 星期五 00:23:09.611,1716481389611,NH-DC-NM129-D04-ROCE-Leaf-6.GPU.S9825,FourHundredGigE1/0/34,0,0,0,0,0,0
2024/05/24 星期五 00:23:10.151,1716481390151,NH-DC-NM129-D04-ROCE-Leaf-6.GPU.S9825,FourHundredGigE1/0/34,173355,696898802,265768,1073025148,1.60,2.48
2024/05/24 星期五 00:23:10.706,1716481390706,NH-DC-NM129-D04-ROCE-Leaf-6.GPU.S9825,FourHundredGigE1/0/34,197556,769223312,100538,364892036,1.71,0.81
2024/05/24 星期五 00:23:11.443,1716481391443,NH-DC-NM129-D04-ROCE-Leaf-6.GPU.S9825,FourHundredGigE1/0/34,0,0,0,0,0,0
2024/05/24 星期五 00:23:12.060,1716481392060,NH-DC-NM129-D04-ROCE-Leaf-6.GPU.S9825,FourHundredGigE1/0/34,153263,532780690,373463,1466758930,1.07,2.96
2024/05/24 星期五 00:23:12.562,1716481392562,NH-DC-NM129-D04-ROCE-Leaf-6.GPU.S9825,FourHundredGigE1/0/34,0,0,0,0,0,0
2024/05/24 星期五 00:23:13.076,1716481393076,NH-DC-NM129-D04-ROCE-Leaf-6.GPU.S9825,FourHundredGigE1/0/34,247667,933000541,204481,800935182,2.26,1.95
2024/05/24 星期五 00:23:13.795,1716481393795,NH-DC-NM129-D04-ROCE-Leaf-6.GPU.S9825,FourHundredGigE1/0/34,252377,993393920,282209,1128567490,1.72,1.95
2024/05/24 星期五 00:23:14.462,1716481394462,NH-DC-NM129-D04-ROCE-Leaf-6.GPU.S9825,FourHundredGigE1/0/34,0,0,0,0,0,0
2024/05/24 星期五 00:23:15.155,1716481395155,NH-DC-NM129-D04-ROCE-Leaf-6.GPU.S9825,FourHundredGigE1/0/34,315339,1243727200,213772,756436832,2.24,1.35
2024/05/24 星期五 00:23:15.717,1716481395717,NH-DC-NM129-D04-ROCE-Leaf-6.GPU.S9825,FourHundredGigE1/0/34,0,0,0,0,0,0
2024/05/24 星期五 00:23:16.218,1716481396218,NH-DC-NM129-D04-ROCE-Leaf-6.GPU.S9825,FourHundredGigE1/0/34,271167,1061793756,134511,479882830,2.64,1.17
2024/05/24 星期五 00:23:16.763,1716481396763,NH-DC-NM129-D04-ROCE-Leaf-6.GPU.S9825,FourHundredGigE1/0/34,270545,1033700426,346441,1367588934,2.36,3.12
2024/05/24 星期五 00:23:17.354,1716481397354,NH-DC-NM129-D04-ROCE-Leaf-6.GPU.S9825,FourHundredGigE1/0/34,0,0,0,0,0,0
2024/05/24 星期五 00:23:17.857,1716481397857,NH-DC-NM129-D04-ROCE-Leaf-6.GPU.S9825,FourHundredGigE1/0/34,182402,666463608,216241,842813446,1.64,2.09
2024/05/24 星期五 00:23:18.481,1716481398481,NH-DC-NM129-D04-ROCE-Leaf-6.GPU.S9825,FourHundredGigE1/0/34,0,0,0,0,0,0
2024/05/24 星期五 00:23:19.082,1716481399082,NH-DC-NM129-D04-ROCE-Leaf-6.GPU.S9825,FourHundredGigE1/0/34,345818,1195124974,557150,2141132144,2.48,4.45
2024/05/24 星期五 00:23:19.585,1716481399585,NH-DC-NM129-D04-ROCE-Leaf-6.GPU.S9825,FourHundredGigE1/0/34,0,0,0,0,0,0
2024/05/24 星期五 00:23:20.086,1716481400086,NH-DC-NM129-D04-ROCE-Leaf-6.GPU.S9825,FourHundredGigE1/0/34,243729,861899671,209912,755566200,2.15,1.87
2024/05/24 星期五 00:23:20.773,1716481400773,NH-DC-NM129-D04-ROCE-Leaf-6.GPU.S9825,FourHundredGigE1/0/34,587022,2266663526,81673,238554822,4.11,0.42
2024/05/24 星期五 00:23:21.369,1716481401369,NH-DC-NM129-D04-ROCE-Leaf-6.GPU.S9825,FourHundredGigE1/0/34,0,0,0,0,0,0
2024/05/24 星期五 00:23:22.083,1716481402083,NH-DC-NM129-D04-ROCE-Leaf-6.GPU.S9825,FourHundredGigE1/0/34,550521,2179629988,188784,693095636,3.80,1.21
2024/05/24 星期五 00:23:22.611,1716481402611,NH-DC-NM129-D04-ROCE-Leaf-6.GPU.S9825,FourHundredGigE1/0/34,0,0,0,0,0,0
2024/05/24 星期五 00:23:23.114,1716481403114,NH-DC-NM129-D04-ROCE-Leaf-6.GPU.S9825,FourHundredGigE1/0/34,244182,923166962,281835,1074794078,2.29,2.66
2024/05/24 星期五 00:23:23.661,1716481403661,NH-DC-NM129-D04-ROCE-Leaf-6.GPU.S9825,FourHundredGigE1/0/34,0,0,0,0,0,0
2024/05/24 星期五 00:23:24.293,1716481404293,NH-DC-NM129-D04-ROCE-Leaf-6.GPU.S9825,FourHundredGigE1/0/34,153903,590092046,165662,616447132,1.17,1.21
2024/05/24 星期五 00:23:24.942,1716481404942,NH-DC-NM129-D04-ROCE-Leaf-6.GPU.S9825,FourHundredGigE1/0/34,72204,261757496,111829,391486134,0.50,0.75
2024/05/24 星期五 00:23:25.586,1716481405586,NH-DC-NM129-D04-ROCE-Leaf-6.GPU.S9825,FourHundredGigE1/0/34,0,0,0,0,0,0
2024/05/24 星期五 00:23:26.093,1716481406093,NH-DC-NM129-D04-ROCE-Leaf-6.GPU.S9825,FourHundredGigE1/0/34,280230,1084542228,277759,1103877078,2.66,2.71
2024/05/24 星期五 00:23:26.593,1716481406593,NH-DC-NM129-D04-ROCE-Leaf-6.GPU.S9825,FourHundredGigE1/0/34,0,0,0,0,0,0
2024/05/24 星期五 00:23:27.093,1716481407093,NH-DC-NM129-D04-ROCE-Leaf-6.GPU.S9825,FourHundredGigE1/0/34,178573,671560070,199642,757172296,1.68,1.88
2024/05/24 星期五 00:23:27.680,1716481407680,NH-DC-NM129-D04-ROCE-Leaf-6.GPU.S9825,FourHundredGigE1/0/34,0,0,0,0,0,0
2024/05/24 星期五 00:23:28.170,1716481408170,NH-DC-NM129-D04-ROCE-Leaf-6.GPU.S9825,FourHundredGigE1/0/34,242336,956876721,173115,601048778,2.42,1.53
2024/05/24 星期五 00:23:28.892,1716481408892,NH-DC-NM129-D04-ROCE-Leaf-6.GPU.S9825,FourHundredGigE1/0/34,236326,896876668,172039,654213414,1.54,1.13
2024/05/24 星期五 00:23:29.394,1716481409394,NH-DC-NM129-D04-ROCE-Leaf-6.GPU.S9825,FourHundredGigE1/0/34,0,0,0,0,0,0
2024/05/24 星期五 00:23:29.897,1716481409897,NH-DC-NM129-D04-ROCE-Leaf-6.GPU.S9825,FourHundredGigE1/0/34,600988,2340601313,175961,651083588,5.82,1.62
2024/05/24 星期五 00:23:30.415,1716481410415,NH-DC-NM129-D04-ROCE-Leaf-6.GPU.S9825,FourHundredGigE1/0/34,0,0,0,0,0,0
2024/05/24 星期五 00:23:31.067,1716481411067,NH-DC-NM129-D04-ROCE-Leaf-6.GPU.S9825,FourHundredGigE1/0/34,505236,1942018046,565252,2302078990,3.72,4.41
2024/05/24 星期五 00:23:31.745,1716481411745,NH-DC-NM129-D04-ROCE-Leaf-6.GPU.S9825,FourHundredGigE1/0/34,297934,1014425106,87555,310018730,1.86,0.57
2024/05/24 星期五 00:23:32.627,1716481412627,NH-DC-NM129-D04-ROCE-Leaf-6.GPU.S9825,FourHundredGigE1/0/34,0,0,0,0,0,0
2024/05/24 星期五 00:23:33.150,1716481413150,NH-DC-NM129-D04-ROCE-Leaf-6.GPU.S9825,FourHundredGigE1/0/34,1183257,4806812756,322481,1249178854,11.47,2.96
2024/05/24 星期五 00:23:33.665,1716481413665,NH-DC-NM129-D04-ROCE-Leaf-6.GPU.S9825,FourHundredGigE1/0/34,0,0,0,0,0,0
2024/05/24 星期五 00:23:34.627,1716481414627,NH-DC-NM129-D04-ROCE-Leaf-6.GPU.S9825,FourHundredGigE1/0/34,1086549,4429154881,204045,561152442,5.74,0.73
2024/05/24 星期五 00:23:35.315,1716481415315,NH-DC-NM129-D04-ROCE-Leaf-6.GPU.S9825,FourHundredGigE1/0/34,503729,1966206030,195345,648470694,3.56,1.16
2024/05/24 星期五 00:23:35.919,1716481415919,NH-DC-NM129-D04-ROCE-Leaf-6.GPU.S9825,FourHundredGigE1/0/34,166639,632008086,131238,493763812,1.30,1.01
2024/05/24 星期五 00:23:36.423,1716481416423,NH-DC-NM129-D04-ROCE-Leaf-6.GPU.S9825,FourHundredGigE1/0/34,0,0,0,0,0,0
2024/05/24 星期五 00:23:36.925,1716481416925,NH-DC-NM129-D04-ROCE-Leaf-6.GPU.S9825,FourHundredGigE1/0/34,204966,831227572,143649,527471554,2.07,1.29
2024/05/24 星期五 00:23:37.458,1716481417458,NH-DC-NM129-D04-ROCE-Leaf-6.GPU.S9825,FourHundredGigE1/0/34,0,0,0,0,0,0
2024/05/24 星期五 00:23:37.960,1716481417960,NH-DC-NM129-D04-ROCE-Leaf-6.GPU.S9825,FourHundredGigE1/0/34,208480,618015908,250163,827000458,1.52,2.04
2024/05/24 星期五 00:23:38.665,1716481418665,NH-DC-NM129-D04-ROCE-Leaf-6.GPU.S9825,FourHundredGigE1/0/34,0,0,0,0,0,0
2024/05/24 星期五 00:23:39.282,1716481419282,NH-DC-NM129-D04-ROCE-Leaf-6.GPU.S9825,FourHundredGigE1/0/34,420172,1417158412,225546,653450801,2.86,1.32
2024/05/24 星期五 00:23:39.781,1716481419781,NH-DC-NM129-D04-ROCE-Leaf-6.GPU.S9825,FourHundredGigE1/0/34,0,0,0,0,0,0
2024/05/24 星期五 00:23:40.282,1716481420282,NH-DC-NM129-D04-ROCE-Leaf-6.GPU.S9825,FourHundredGigE1/0/34,207849,816808674,195606,756752016,2.02,1.87
2024/05/24 星期五 00:23:40.871,1716481420871,NH-DC-NM129-D04-ROCE-Leaf-6.GPU.S9825,FourHundredGigE1/0/34,361759,1432598222,477737,1939979322,3.03,4.10
2024/05/24 星期五 00:23:41.592,1716481421592,NH-DC-NM129-D04-ROCE-Leaf-6.GPU.S9825,FourHundredGigE1/0/34,241649,637732238,160071,633512194,1.09,1.09
2024/05/24 星期五 00:23:42.665,1716481422665,NH-DC-NM129-D04-ROCE-Leaf-6.GPU.S9825,FourHundredGigE1/0/34,0,0,0,0,0,0
2024/05/24 星期五 00:23:43.165,1716481423165,NH-DC-NM129-D04-ROCE-Leaf-6.GPU.S9825,FourHundredGigE1/0/34,310056,859255843,117674,435428292,2.12,1.08
2024/05/24 星期五 00:23:43.665,1716481423665,NH-DC-NM129-D04-ROCE-Leaf-6.GPU.S9825,FourHundredGigE1/0/34,194700,695747458,187130,713647048,1.72,1.78
2024/05/24 星期五 00:23:44.382,1716481424382,NH-DC-NM129-D04-ROCE-Leaf-6.GPU.S9825,FourHundredGigE1/0/34,0,0,0,0,0,0
2024/05/24 星期五 00:23:45.000,1716481425000,NH-DC-NM129-D04-ROCE-Leaf-6.GPU.S9825,FourHundredGigE1/0/34,86516,260123047,108999,372169374,0.53,0.75
2024/05/24 星期五 00:23:45.656,1716481425656,NH-DC-NM129-D04-ROCE-Leaf-6.GPU.S9825,FourHundredGigE1/0/34,127283,472808548,245652,951491916,0.90,1.81
2024/05/24 星期五 00:23:46.400,1716481426400,NH-DC-NM129-D04-ROCE-Leaf-6.GPU.S9825,FourHundredGigE1/0/34,0,0,0,0,0,0
2024/05/24 星期五 00:23:47.001,1716481427001,NH-DC-NM129-D04-ROCE-Leaf-6.GPU.S9825,FourHundredGigE1/0/34,158717,620451594,156053,594446314,1.29,1.23
2024/05/24 星期五 00:23:47.566,1716481427566,NH-DC-NM129-D04-ROCE-Leaf-6.GPU.S9825,FourHundredGigE1/0/34,0,0,0,0,0,0
2024/05/24 星期五 00:23:48.131,1716481428131,NH-DC-NM129-D04-ROCE-Leaf-6.GPU.S9825,FourHundredGigE1/0/34,273005,1052009003,432537,1718562922,2.32,3.78
2024/05/24 星期五 00:23:48.633,1716481428633,NH-DC-NM129-D04-ROCE-Leaf-6.GPU.S9825,FourHundredGigE1/0/34,130316,485274304,165781,624965222,1.20,1.54
2024/05/24 星期五 00:23:49.434,1716481429434,NH-DC-NM129-D04-ROCE-Leaf-6.GPU.S9825,FourHundredGigE1/0/34,0,0,0,0,0,0
2024/05/24 星期五 00:23:49.935,1716481429935,NH-DC-NM129-D04-ROCE-Leaf-6.GPU.S9825,FourHundredGigE1/0/34,120773,403002514,164009,582411610,1.00,1.45
2024/05/24 星期五 00:23:50.442,1716481430442,NH-DC-NM129-D04-ROCE-Leaf-6.GPU.S9825,FourHundredGigE1/0/34,0,0,0,0,0,0
2024/05/24 星期五 00:23:50.959,1716481430959,NH-DC-NM129-D04-ROCE-Leaf-6.GPU.S9825,FourHundredGigE1/0/34,248825,989657500,263796,986873874,2.37,2.37
2024/05/24 星期五 00:23:51.544,1716481431544,NH-DC-NM129-D04-ROCE-Leaf-6.GPU.S9825,FourHundredGigE1/0/34,0,0,0,0,0,0
2024/05/24 星期五 00:23:52.046,1716481432046,NH-DC-NM129-D04-ROCE-Leaf-6.GPU.S9825,FourHundredGigE1/0/34,177565,670636264,345039,1383717344,1.67,3.44
2024/05/24 星期五 00:23:52.902,1716481432902,NH-DC-NM129-D04-ROCE-Leaf-6.GPU.S9825,FourHundredGigE1/0/34,110623,437262850,164488,554871244,0.63,0.80
2024/05/24 星期五 00:23:53.481,1716481433481,NH-DC-NM129-D04-ROCE-Leaf-6.GPU.S9825,FourHundredGigE1/0/34,0,0,0,0,0,0
2024/05/24 星期五 00:23:53.983,1716481433983,NH-DC-NM129-D04-ROCE-Leaf-6.GPU.S9825,FourHundredGigE1/0/34,117860,429468192,148003,552658962,1.05,1.37
2024/05/24 星期五 00:23:54.603,1716481434603,NH-DC-NM129-D04-ROCE-Leaf-6.GPU.S9825,FourHundredGigE1/0/34,0,0,0,0,0,0
2024/05/24 星期五 00:23:55.413,1716481435413,NH-DC-NM129-D04-ROCE-Leaf-6.GPU.S9825,FourHundredGigE1/0/34,230078,913369444,736369,2928979754,1.40,4.51
2024/05/24 星期五 00:23:56.127,1716481436127,NH-DC-NM129-D04-ROCE-Leaf-6.GPU.S9825,FourHundredGigE1/0/34,223997,906263858,151540,566946724,1.58,0.98
2024/05/24 星期五 00:23:56.779,1716481436779,NH-DC-NM129-D04-ROCE-Leaf-6.GPU.S9825,FourHundredGigE1/0/34,407547,1631202791,626279,2524376062,3.12,4.83
2024/05/24 星期五 00:23:57.321,1716481437321,NH-DC-NM129-D04-ROCE-Leaf-6.GPU.S9825,FourHundredGigE1/0/34,0,0,0,0,0,0
2024/05/24 星期五 00:23:57.835,1716481437835,NH-DC-NM129-D04-ROCE-Leaf-6.GPU.S9825,FourHundredGigE1/0/34,137933,508629478,146000,557313648,1.22,1.34
2024/05/24 星期五 00:23:58.425,1716481438425,NH-DC-NM129-D04-ROCE-Leaf-6.GPU.S9825,FourHundredGigE1/0/34,0,0,0,0,0,0
2024/05/24 星期五 00:23:59.102,1716481439102,NH-DC-NM129-D04-ROCE-Leaf-6.GPU.S9825,FourHundredGigE1/0/34,93482,239160840,405935,1566038910,0.42,2.88
2024/05/24 星期五 00:23:59.827,1716481439827,NH-DC-NM129-D04-ROCE-Leaf-6.GPU.S9825,FourHundredGigE1/0/34,213238,760142858,162679,606095710,1.31,1.03
2024/05/24 星期五 00:24:00.376,1716481440376,NH-DC-NM129-D04-ROCE-Leaf-6.GPU.S9825,FourHundredGigE1/0/34,0,0,0,0,0,0
2024/05/24 星期五 00:24:00.878,1716481440878,NH-DC-NM129-D04-ROCE-Leaf-6.GPU.S9825,FourHundredGigE1/0/34,98274,335251398,160332,642232088,0.82,1.59
2024/05/24 星期五 00:24:01.398,1716481441398,NH-DC-NM129-D04-ROCE-Leaf-6.GPU.S9825,FourHundredGigE1/0/34,0,0,0,0,0,0
2024/05/24 星期五 00:24:02.015,1716481442015,NH-DC-NM129-D04-ROCE-Leaf-6.GPU.S9825,FourHundredGigE1/0/34,91409,320768515,194767,679180342,0.65,1.36
2024/05/24 星期五 00:24:03.772,1716481443772,NH-DC-NM129-D04-ROCE-Leaf-6.GPU.S9825,FourHundredGigE1/0/34,371737,1418880778,441191,1680582474,1.00,1.20
2024/05/24 星期五 00:24:04.720,1716481444720,NH-DC-NM129-D04-ROCE-Leaf-6.GPU.S9825,FourHundredGigE1/0/34,0,0,0,0,0,0
2024/05/24 星期五 00:24:05.318,1716481445318,NH-DC-NM129-D04-ROCE-Leaf-6.GPU.S9825,FourHundredGigE1/0/34,113846,426758084,202779,750073646,0.88,1.57
2024/05/24 星期五 00:24:05.942,1716481445942,NH-DC-NM129-D04-ROCE-Leaf-6.GPU.S9825,FourHundredGigE1/0/34,387192,1592542404,532214,2117729246,3.19,4.23
2024/05/24 星期五 00:24:06.440,1716481446440,NH-DC-NM129-D04-ROCE-Leaf-6.GPU.S9825,FourHundredGigE1/0/34,0,0,0,0,0,0
2024/05/24 星期五 00:24:07.187,1716481447187,NH-DC-NM129-D04-ROCE-Leaf-6.GPU.S9825,FourHundredGigE1/0/34,114137,436817490,344049,1296983290,0.72,2.16
2024/05/24 星期五 00:24:07.746,1716481447746,NH-DC-NM129-D04-ROCE-Leaf-6.GPU.S9825,FourHundredGigE1/0/34,0,0,0,0,0,0
2024/05/24 星期五 00:24:08.246,1716481448246,NH-DC-NM129-D04-ROCE-Leaf-6.GPU.S9825,FourHundredGigE1/0/34,318743,1242317434,192589,752370848,3.1,1.88
2024/05/24 星期五 00:24:08.823,1716481448823,NH-DC-NM129-D04-ROCE-Leaf-6.GPU.S9825,FourHundredGigE1/0/34,371810,1478449352,161949,625470154,3.18,1.34
2024/05/24 星期五 00:24:09.435,1716481449435,NH-DC-NM129-D04-ROCE-Leaf-6.GPU.S9825,FourHundredGigE1/0/34,0,0,0,0,0,0
2024/05/24 星期五 00:24:09.933,1716481449933,NH-DC-NM129-D04-ROCE-Leaf-6.GPU.S9825,FourHundredGigE1/0/34,113490,374101544,188080,725598396,0.93,1.81
2024/05/24 星期五 00:24:10.706,1716481450706,NH-DC-NM129-D04-ROCE-Leaf-6.GPU.S9825,FourHundredGigE1/0/34,151023,568536138,354769,1404820911,0.91,2.26
2024/05/24 星期五 00:24:11.335,1716481451335,NH-DC-NM129-D04-ROCE-Leaf-6.GPU.S9825,FourHundredGigE1/0/34,0,0,0,0,0,0
2024/05/24 星期五 00:24:11.838,1716481451838,NH-DC-NM129-D04-ROCE-Leaf-6.GPU.S9825,FourHundredGigE1/0/34,101639,344504818,124623,480352572,0.84,1.19
2024/05/24 星期五 00:24:12.433,1716481452433,NH-DC-NM129-D04-ROCE-Leaf-6.GPU.S9825,FourHundredGigE1/0/34,0,0,0,0,0,0
2024/05/24 星期五 00:24:13.040,1716481453040,NH-DC-NM129-D04-ROCE-Leaf-6.GPU.S9825,FourHundredGigE1/0/34,326185,1326401391,174337,695412668,2.72,1.42
2024/05/24 星期五 00:24:13.541,1716481453541,NH-DC-NM129-D04-ROCE-Leaf-6.GPU.S9825,FourHundredGigE1/0/34,0,0,0,0,0,0
2024/05/24 星期五 00:24:14.376,1716481454376,NH-DC-NM129-D04-ROCE-Leaf-6.GPU.S9825,FourHundredGigE1/0/34,100462,371860484,140416,549879816,0.55,0.81
2024/05/24 星期五 00:24:15.323,1716481455323,NH-DC-NM129-D04-ROCE-Leaf-6.GPU.S9825,FourHundredGigE1/0/34,50802,175814876,62026,200158636,0.22,0.26
2024/05/24 星期五 00:24:15.840,1716481455840,NH-DC-NM129-D04-ROCE-Leaf-6.GPU.S9825,FourHundredGigE1/0/34,346878,1376890216,82235,297116582,3.31,0.70
2024/05/24 星期五 00:24:16.412,1716481456412,NH-DC-NM129-D04-ROCE-Leaf-6.GPU.S9825,FourHundredGigE1/0/34,0,0,0,0,0,0
2024/05/24 星期五 00:24:16.958,1716481456958,NH-DC-NM129-D04-ROCE-Leaf-6.GPU.S9825,FourHundredGigE1/0/34,237911,893651634,182134,684588440,2.04,1.56
2024/05/24 星期五 00:24:17.634,1716481457634,NH-DC-NM129-D04-ROCE-Leaf-6.GPU.S9825,FourHundredGigE1/0/34,0,0,0,0,0,0
2024/05/24 星期五 00:24:18.184,1716481458184,NH-DC-NM129-D04-ROCE-Leaf-6.GPU.S9825,FourHundredGigE1/0/34,337131,1370570078,92471,319966690,3.11,0.70
2024/05/24 星期五 00:24:18.714,1716481458714,NH-DC-NM129-D04-ROCE-Leaf-6.GPU.S9825,FourHundredGigE1/0/34,0,0,0,0,0,0
2024/05/24 星期五 00:24:19.217,1716481459217,NH-DC-NM129-D04-ROCE-Leaf-6.GPU.S9825,FourHundredGigE1/0/34,193307,768055734,132665,490301050,1.89,1.22
2024/05/24 星期五 00:24:19.797,1716481459797,NH-DC-NM129-D04-ROCE-Leaf-6.GPU.S9825,FourHundredGigE1/0/34,0,0,0,0,0,0
2024/05/24 星期五 00:24:20.297,1716481460297,NH-DC-NM129-D04-ROCE-Leaf-6.GPU.S9825,FourHundredGigE1/0/34,197934,777158885,413618,1648378676,1.92,4.1
2024/05/24 星期五 00:24:20.989,1716481460989,NH-DC-NM129-D04-ROCE-Leaf-6.GPU.S9825,FourHundredGigE1/0/34,100862,333983194,148670,565186776,0.60,1.01
2024/05/24 星期五 00:24:21.575,1716481461575,NH-DC-NM129-D04-ROCE-Leaf-6.GPU.S9825,FourHundredGigE1/0/34,0,0,0,0,0,0
2024/05/24 星期五 00:24:22.076,1716481462076,NH-DC-NM129-D04-ROCE-Leaf-6.GPU.S9825,FourHundredGigE1/0/34,199107,771358456,237987,924150706,1.92,2.30
2024/05/24 星期五 00:24:23.357,1716481463357,NH-DC-NM129-D04-ROCE-Leaf-6.GPU.S9825,FourHundredGigE1/0/34,209750,841764804,105551,402741490,0.82,0.39
2024/05/24 星期五 00:24:23.867,1716481463867,NH-DC-NM129-D04-ROCE-Leaf-6.GPU.S9825,FourHundredGigE1/0/34,417352,1681496092,201904,795331908,4.12,1.94
2024/05/24 星期五 00:24:24.481,1716481464481,NH-DC-NM129-D04-ROCE-Leaf-6.GPU.S9825,FourHundredGigE1/0/34,0,0,0,0,0,0
2024/05/24 星期五 00:24:25.074,1716481465074,NH-DC-NM129-D04-ROCE-Leaf-6.GPU.S9825,FourHundredGigE1/0/34,507539,2044151434,273409,1087932298,4.30,2.28
2024/05/24 星期五 00:24:25.647,1716481465647,NH-DC-NM129-D04-ROCE-Leaf-6.GPU.S9825,FourHundredGigE1/0/34,0,0,0,0,0,0
2024/05/24 星期五 00:24:26.147,1716481466147,NH-DC-NM129-D04-ROCE-Leaf-6.GPU.S9825,FourHundredGigE1/0/34,228633,895608294,953912,3902749072,2.22,9.75
2024/05/24 星期五 00:24:26.687,1716481466687,NH-DC-NM129-D04-ROCE-Leaf-6.GPU.S9825,FourHundredGigE1/0/34,329284,0,436076,0,0,0
2024/05/24 星期五 00:24:27.274,1716481467274,NH-DC-NM129-D04-ROCE-Leaf-6.GPU.S9825,FourHundredGigE1/0/34,0,1349971420,0,1786730464,2.85,3.79
2024/05/24 星期五 00:24:27.880,1716481467880,NH-DC-NM129-D04-ROCE-Leaf-6.GPU.S9825,FourHundredGigE1/0/34,80557,321881242,49769,184735322,0.66,0.37
2024/05/24 星期五 00:24:28.497,1716481468497,NH-DC-NM129-D04-ROCE-Leaf-6.GPU.S9825,FourHundredGigE1/0/34,0,0,0,0,0,0
2024/05/24 星期五 00:24:29.109,1716481469109,NH-DC-NM129-D04-ROCE-Leaf-6.GPU.S9825,FourHundredGigE1/0/34,185552,760228941,208768,796597740,1.55,1.61
2024/05/24 星期五 00:24:29.694,1716481469694,NH-DC-NM129-D04-ROCE-Leaf-6.GPU.S9825,FourHundredGigE1/0/34,0,0,0,0,0,0
2024/05/24 星期五 00:24:30.218,1716481470218,NH-DC-NM129-D04-ROCE-Leaf-6.GPU.S9825,FourHundredGigE1/0/34,153551,598563874,288326,1156531984,1.41,2.74
2024/05/24 星期五 00:24:30.894,1716481470894,NH-DC-NM129-D04-ROCE-Leaf-6.GPU.S9825,FourHundredGigE1/0/34,285609,1108081386,107552,379705896,2.03,0.68
2024/05/24 星期五 00:24:31.522,1716481471522,NH-DC-NM129-D04-ROCE-Leaf-6.GPU.S9825,FourHundredGigE1/0/34,0,0,0,0,0,0
2024/05/24 星期五 00:24:32.058,1716481472058,NH-DC-NM129-D04-ROCE-Leaf-6.GPU.S9825,FourHundredGigE1/0/34,334584,1032760124,219199,857211050,2.40,1.98
2024/05/24 星期五 00:24:32.630,1716481472630,NH-DC-NM129-D04-ROCE-Leaf-6.GPU.S9825,FourHundredGigE1/0/34,0,0,0,0,0,0
2024/05/24 星期五 00:24:33.167,1716481473167,NH-DC-NM129-D04-ROCE-Leaf-6.GPU.S9825,FourHundredGigE1/0/34,157400,574052512,176952,480275044,1.33,1.12
2024/05/24 星期五 00:24:33.729,1716481473729,NH-DC-NM129-D04-ROCE-Leaf-6.GPU.S9825,FourHundredGigE1/0/34,0,0,0,0,0,0
2024/05/24 星期五 00:24:34.341,1716481474341,NH-DC-NM129-D04-ROCE-Leaf-6.GPU.S9825,FourHundredGigE1/0/34,477512,1903248952,644870,2600026792,3.88,5.31
2024/05/24 星期五 00:24:34.936,1716481474936,NH-DC-NM129-D04-ROCE-Leaf-6.GPU.S9825,FourHundredGigE1/0/34,254265,968332040,327894,1306540536,2.02,2.73
2024/05/24 星期五 00:24:35.483,1716481475483,NH-DC-NM129-D04-ROCE-Leaf-6.GPU.S9825,FourHundredGigE1/0/34,0,0,0,0,0,0
2024/05/24 星期五 00:24:36.057,1716481476057,NH-DC-NM129-D04-ROCE-Leaf-6.GPU.S9825,FourHundredGigE1/0/34,95398,293570910,220250,870931164,0.63,1.89
2024/05/24 星期五 00:24:36.668,1716481476668,NH-DC-NM129-D04-ROCE-Leaf-6.GPU.S9825,FourHundredGigE1/0/34,0,0,0,0,0,0
2024/05/24 星期五 00:24:37.208,1716481477208,NH-DC-NM129-D04-ROCE-Leaf-6.GPU.S9825,FourHundredGigE1/0/34,192499,741739079,250631,933667014,1.71,2.15
2024/05/24 星期五 00:24:37.857,1716481477857,NH-DC-NM129-D04-ROCE-Leaf-6.GPU.S9825,FourHundredGigE1/0/34,272695,1003422858,396949,1568520258,1.93,3.00
2024/05/24 星期五 00:24:38.414,1716481478414,NH-DC-NM129-D04-ROCE-Leaf-6.GPU.S9825,FourHundredGigE1/0/34,0,0,0,0,0,0
2024/05/24 星期五 00:24:38.994,1716481478994,NH-DC-NM129-D04-ROCE-Leaf-6.GPU.S9825,FourHundredGigE1/0/34,290763,1101918290,391615,1503061890,2.37,3.23
2024/05/24 星期五 00:24:39.498,1716481479498,NH-DC-NM129-D04-ROCE-Leaf-6.GPU.S9825,FourHundredGigE1/0/34,0,0,0,0,0,0
2024/05/24 星期五 00:24:39.999,1716481479999,NH-DC-NM129-D04-ROCE-Leaf-6.GPU.S9825,FourHundredGigE1/0/34,193541,776724746,172788,665114740,1.92,1.65
2024/05/24 星期五 00:24:40.556,1716481480556,NH-DC-NM129-D04-ROCE-Leaf-6.GPU.S9825,FourHundredGigE1/0/34,0,0,0,0,0,0
2024/05/24 星期五 00:24:41.096,1716481481096,NH-DC-NM129-D04-ROCE-Leaf-6.GPU.S9825,FourHundredGigE1/0/34,90988,325474500,72825,244891414,0.74,0.56
2024/05/24 星期五 00:24:41.971,1716481481971,NH-DC-NM129-D04-ROCE-Leaf-6.GPU.S9825,FourHundredGigE1/0/34,219722,710631912,196928,781150976,1.01,1.11
2024/05/24 星期五 00:24:42.915,1716481482915,NH-DC-NM129-D04-ROCE-Leaf-6.GPU.S9825,FourHundredGigE1/0/34,51456,169330097,182376,677089140,0.21,0.89
2024/05/24 星期五 00:24:43.473,1716481483473,NH-DC-NM129-D04-ROCE-Leaf-6.GPU.S9825,FourHundredGigE1/0/34,0,0,0,0,0,0
2024/05/24 星期五 00:24:44.101,1716481484101,NH-DC-NM129-D04-ROCE-Leaf-6.GPU.S9825,FourHundredGigE1/0/34,124359,426794714,127856,476852412,0.84,0.94
2024/05/24 星期五 00:24:44.791,1716481484791,NH-DC-NM129-D04-ROCE-Leaf-6.GPU.S9825,FourHundredGigE1/0/34,69115,221199710,501354,2037928304,0.40,3.68
2024/05/24 星期五 00:24:45.370,1716481485370,NH-DC-NM129-D04-ROCE-Leaf-6.GPU.S9825,FourHundredGigE1/0/34,0,0,0,0,0,0
2024/05/24 星期五 00:24:45.886,1716481485886,NH-DC-NM129-D04-ROCE-Leaf-6.GPU.S9825,FourHundredGigE1/0/34,145126,541394120,953269,3896371228,1.31,9.42
2024/05/24 星期五 00:24:46.403,1716481486403,NH-DC-NM129-D04-ROCE-Leaf-6.GPU.S9825,FourHundredGigE1/0/34,0,0,0,0,0,0
2024/05/24 星期五 00:24:47.277,1716481487277,NH-DC-NM129-D04-ROCE-Leaf-6.GPU.S9825,FourHundredGigE1/0/34,209525,821699802,2424703,9919318016,1.17,14.17
2024/05/24 星期五 00:24:49.426,1716481489426,NH-DC-NM129-D04-ROCE-Leaf-6.GPU.S9825,FourHundredGigE1/0/34,674194,2651439996,1667369,6533325762,1.54,3.80
2024/05/24 星期五 00:24:49.930,1716481489930,NH-DC-NM129-D04-ROCE-Leaf-6.GPU.S9825,FourHundredGigE1/0/34,181001,679729371,143885,449930270,1.66,1.09
2024/05/24 星期五 00:24:50.525,1716481490525,NH-DC-NM129-D04-ROCE-Leaf-6.GPU.S9825,FourHundredGigE1/0/34,0,0,0,0,0,0
2024/05/24 星期五 00:24:51.035,1716481491035,NH-DC-NM129-D04-ROCE-Leaf-6.GPU.S9825,FourHundredGigE1/0/34,977747,3980941050,120528,344956716,9.75,0.83
2024/05/24 星期五 00:24:51.769,1716481491769,NH-DC-NM129-D04-ROCE-Leaf-6.GPU.S9825,FourHundredGigE1/0/34,343132,1395757312,608188,2374638548,2.37,4.04
2024/05/24 星期五 00:24:52.302,1716481492302,NH-DC-NM129-D04-ROCE-Leaf-6.GPU.S9825,FourHundredGigE1/0/34,0,0,0,0,0,0
2024/05/24 星期五 00:24:52.817,1716481492817,NH-DC-NM129-D04-ROCE-Leaf-6.GPU.S9825,FourHundredGigE1/0/34,0,0,0,0,0,0
2024/05/24 星期五 00:24:53.354,1716481493354,NH-DC-NM129-D04-ROCE-Leaf-6.GPU.S9825,FourHundredGigE1/0/34,270588,1052493506,276810,1120011396,2.44,2.61
2024/05/24 星期五 00:24:54.256,1716481494256,NH-DC-NM129-D04-ROCE-Leaf-6.GPU.S9825,FourHundredGigE1/0/34,123573,472652208,276722,1058432460,0.65,1.46
2024/05/24 星期五 00:24:54.921,1716481494921,NH-DC-NM129-D04-ROCE-Leaf-6.GPU.S9825,FourHundredGigE1/0/34,114923,430450167,332408,1312551928,0.81,2.46
2024/05/24 星期五 00:24:55.670,1716481495670,NH-DC-NM129-D04-ROCE-Leaf-6.GPU.S9825,FourHundredGigE1/0/34,0,0,0,0,0,0
2024/05/24 星期五 00:24:56.181,1716481496181,NH-DC-NM129-D04-ROCE-Leaf-6.GPU.S9825,FourHundredGigE1/0/34,523986,2117590872,280251,1076353120,5.16,2.62
2024/05/24 星期五 00:24:56.683,1716481496683,NH-DC-NM129-D04-ROCE-Leaf-6.GPU.S9825,FourHundredGigE1/0/34,264486,1049628208,222802,832955874,2.59,2.07
2024/05/24 星期五 00:24:57.381,1716481497381,NH-DC-NM129-D04-ROCE-Leaf-6.GPU.S9825,FourHundredGigE1/0/34,0,0,0,0,0,0
2024/05/24 星期五 00:24:57.895,1716481497895,NH-DC-NM129-D04-ROCE-Leaf-6.GPU.S9825,FourHundredGigE1/0/34,242160,920055032,304394,1178795424,2.24,2.85
2024/05/24 星期五 00:24:58.577,1716481498577,NH-DC-NM129-D04-ROCE-Leaf-6.GPU.S9825,FourHundredGigE1/0/34,0,0,0,0,0,0
2024/05/24 星期五 00:24:59.209,1716481499209,NH-DC-NM129-D04-ROCE-Leaf-6.GPU.S9825,FourHundredGigE1/0/34,308970,1204462372,347026,1367730612,2.37,2.69
2024/05/24 星期五 00:25:00.433,1716481500433,NH-DC-NM129-D04-ROCE-Leaf-6.GPU.S9825,FourHundredGigE1/0/34,226485,857313311,202675,750495798,0.87,0.77
2024/05/24 星期五 00:25:01.036,1716481501036,NH-DC-NM129-D04-ROCE-Leaf-6.GPU.S9825,FourHundredGigE1/0/34,143726,539395200,154827,620787598,1.10,1.29
2024/05/24 星期五 00:25:01.621,1716481501621,NH-DC-NM129-D04-ROCE-Leaf-6.GPU.S9825,FourHundredGigE1/0/34,0,0,0,0,0,0
2024/05/24 星期五 00:25:02.122,1716481502122,NH-DC-NM129-D04-ROCE-Leaf-6.GPU.S9825,FourHundredGigE1/0/34,459506,1769788344,833436,3319884108,4.39,8.26
2024/05/24 星期五 00:25:03.789,1716481503789,NH-DC-NM129-D04-ROCE-Leaf-6.GPU.S9825,FourHundredGigE1/0/34,143614,493413340,62529,227659642,0.37,0.16
2024/05/24 星期五 00:25:04.858,1716481504858,NH-DC-NM129-D04-ROCE-Leaf-6.GPU.S9825,FourHundredGigE1/0/34,189470,754213456,153737,559360646,0.88,0.64
2024/05/24 星期五 00:25:05.395,1716481505395,NH-DC-NM129-D04-ROCE-Leaf-6.GPU.S9825,FourHundredGigE1/0/34,0,0,0,0,0,0
2024/05/24 星期五 00:25:05.968,1716481505968,NH-DC-NM129-D04-ROCE-Leaf-6.GPU.S9825,FourHundredGigE1/0/34,263578,830082074,356247,1329682206,1.81,2.88
2024/05/24 星期五 00:25:06.490,1716481506490,NH-DC-NM129-D04-ROCE-Leaf-6.GPU.S9825,FourHundredGigE1/0/34,0,0,0,0,0,0
2024/05/24 星期五 00:25:06.991,1716481506991,NH-DC-NM129-D04-ROCE-Leaf-6.GPU.S9825,FourHundredGigE1/0/34,213559,772256044,250139,968929390,1.92,2.40
2024/05/24 星期五 00:25:07.711,1716481507711,NH-DC-NM129-D04-ROCE-Leaf-6.GPU.S9825,FourHundredGigE1/0/34,160635,640971850,126069,374168114,1.11,0.64
2024/05/24 星期五 00:25:08.359,1716481508359,NH-DC-NM129-D04-ROCE-Leaf-6.GPU.S9825,FourHundredGigE1/0/34,0,0,0,0,0,0
2024/05/24 星期五 00:25:08.892,1716481508892,NH-DC-NM129-D04-ROCE-Leaf-6.GPU.S9825,FourHundredGigE1/0/34,115831,318769255,121286,455073428,0.73,1.06
2024/05/24 星期五 00:25:09.507,1716481509507,NH-DC-NM129-D04-ROCE-Leaf-6.GPU.S9825,FourHundredGigE1/0/34,0,0,0,0,0,0
2024/05/24 星期五 00:25:10.008,1716481510008,NH-DC-NM129-D04-ROCE-Leaf-6.GPU.S9825,FourHundredGigE1/0/34,88695,342256242,214203,860363382,0.85,2.15
2024/05/24 星期五 00:25:10.510,1716481510510,NH-DC-NM129-D04-ROCE-Leaf-6.GPU.S9825,FourHundredGigE1/0/34,0,0,0,0,0,0
2024/05/24 星期五 00:25:11.269,1716481511269,NH-DC-NM129-D04-ROCE-Leaf-6.GPU.S9825,FourHundredGigE1/0/34,259607,1026542230,355091,1454132078,1.68,2.39
2024/05/24 星期五 00:25:12.142,1716481512142,NH-DC-NM129-D04-ROCE-Leaf-6.GPU.S9825,FourHundredGigE1/0/34,79990,279269380,92570,306982300,0.39,0.43
2024/05/24 星期五 00:25:12.643,1716481512643,NH-DC-NM129-D04-ROCE-Leaf-6.GPU.S9825,FourHundredGigE1/0/34,0,0,0,0,0,0
2024/05/24 星期五 00:25:13.171,1716481513171,NH-DC-NM129-D04-ROCE-Leaf-6.GPU.S9825,FourHundredGigE1/0/34,40687,150500391,104516,406977480,0.36,0.95
2024/05/24 星期五 00:25:13.746,1716481513746,NH-DC-NM129-D04-ROCE-Leaf-6.GPU.S9825,FourHundredGigE1/0/34,0,0,0,0,0,0
2024/05/24 星期五 00:25:14.248,1716481514248,NH-DC-NM129-D04-ROCE-Leaf-6.GPU.S9825,FourHundredGigE1/0/34,778706,3167381242,261630,1024688744,7.87,2.54
2024/05/24 星期五 00:25:14.858,1716481514858,NH-DC-NM129-D04-ROCE-Leaf-6.GPU.S9825,FourHundredGigE1/0/34,1070029,4364175506,58485,199840766,8.93,0.39
2024/05/24 星期五 00:25:15.731,1716481515731,NH-DC-NM129-D04-ROCE-Leaf-6.GPU.S9825,FourHundredGigE1/0/34,0,0,0,0,0,0
2024/05/24 星期五 00:25:16.234,1716481516234,NH-DC-NM129-D04-ROCE-Leaf-6.GPU.S9825,FourHundredGigE1/0/34,967928,3940942458,137247,505058162,9.79,1.24
2024/05/24 星期五 00:25:16.754,1716481516754,NH-DC-NM129-D04-ROCE-Leaf-6.GPU.S9825,FourHundredGigE1/0/34,0,0,0,0,0,0
2024/05/24 星期五 00:25:17.280,1716481517280,NH-DC-NM129-D04-ROCE-Leaf-6.GPU.S9825,FourHundredGigE1/0/34,1262675,5137365816,321052,1253283432,12.19,2.97
2024/05/24 星期五 00:25:17.782,1716481517782,NH-DC-NM129-D04-ROCE-Leaf-6.GPU.S9825,FourHundredGigE1/0/34,0,0,0,0,0,0
2024/05/24 星期五 00:25:18.286,1716481518286,NH-DC-NM129-D04-ROCE-Leaf-6.GPU.S9825,FourHundredGigE1/0/34,1170014,4750125830,111921,370710326,11.78,0.92
2024/05/24 星期五 00:25:19.172,1716481519172,NH-DC-NM129-D04-ROCE-Leaf-6.GPU.S9825,FourHundredGigE1/0/34,69550,248266644,114353,404292310,0.34,0.56
2024/05/24 星期五 00:25:19.679,1716481519679,NH-DC-NM129-D04-ROCE-Leaf-6.GPU.S9825,FourHundredGigE1/0/34,0,0,0,0,0,0
2024/05/24 星期五 00:25:20.198,1716481520198,NH-DC-NM129-D04-ROCE-Leaf-6.GPU.S9825,FourHundredGigE1/0/34,104159,373735474,348555,1367933690,0.89,3.28
2024/05/24 星期五 00:25:20.781,1716481520781,NH-DC-NM129-D04-ROCE-Leaf-6.GPU.S9825,FourHundredGigE1/0/34,182127,682636270,363082,1424602766,1.46,3.04
2024/05/24 星期五 00:25:21.286,1716481521286,NH-DC-NM129-D04-ROCE-Leaf-6.GPU.S9825,FourHundredGigE1/0/34,0,0,0,0,0,0
2024/05/24 星期五 00:25:21.799,1716481521799,NH-DC-NM129-D04-ROCE-Leaf-6.GPU.S9825,FourHundredGigE1/0/34,218266,798710256,323199,1213708132,1.92,2.95
2024/05/24 星期五 00:25:22.511,1716481522511,NH-DC-NM129-D04-ROCE-Leaf-6.GPU.S9825,FourHundredGigE1/0/34,0,0,0,0,0,0
2024/05/24 星期五 00:25:23.575,1716481523575,NH-DC-NM129-D04-ROCE-Leaf-6.GPU.S9825,FourHundredGigE1/0/34,232828,888168216,191392,704967736,1.03,0.82
2024/05/24 星期五 00:25:24.091,1716481524091,NH-DC-NM129-D04-ROCE-Leaf-6.GPU.S9825,FourHundredGigE1/0/34,185434,714528804,148522,534305736,1.72,1.28
2024/05/24 星期五 00:25:24.603,1716481524603,NH-DC-NM129-D04-ROCE-Leaf-6.GPU.S9825,FourHundredGigE1/0/34,0,0,0,0,0,0
2024/05/24 星期五 00:25:25.105,1716481525105,NH-DC-NM129-D04-ROCE-Leaf-6.GPU.S9825,FourHundredGigE1/0/34,482403,1947420354,461665,1849747130,4.83,4.58
2024/05/24 星期五 00:25:25.929,1716481525929,NH-DC-NM129-D04-ROCE-Leaf-6.GPU.S9825,FourHundredGigE1/0/34,196888,758196804,255324,984173020,1.14,1.49
2024/05/24 星期五 00:25:26.466,1716481526466,NH-DC-NM129-D04-ROCE-Leaf-6.GPU.S9825,FourHundredGigE1/0/34,0,0,0,0,0,0
2024/05/24 星期五 00:25:26.967,1716481526967,NH-DC-NM129-D04-ROCE-Leaf-6.GPU.S9825,FourHundredGigE1/0/34,149512,541352812,288147,1099646454,1.35,2.72
2024/05/24 星期五 00:25:27.520,1716481527520,NH-DC-NM129-D04-ROCE-Leaf-6.GPU.S9825,FourHundredGigE1/0/34,0,0,0,0,0,0
2024/05/24 星期五 00:25:28.021,1716481528021,NH-DC-NM129-D04-ROCE-Leaf-6.GPU.S9825,FourHundredGigE1/0/34,238942,892232960,327696,1261882656,2.22,3.14
2024/05/24 星期五 00:25:28.557,1716481528557,NH-DC-NM129-D04-ROCE-Leaf-6.GPU.S9825,FourHundredGigE1/0/34,243485,938737150,187545,686116542,2.17,1.59
2024/05/24 星期五 00:25:29.469,1716481529469,NH-DC-NM129-D04-ROCE-Leaf-6.GPU.S9825,FourHundredGigE1/0/34,0,0,0,0,0,0
2024/05/24 星期五 00:25:29.971,1716481529971,NH-DC-NM129-D04-ROCE-Leaf-6.GPU.S9825,FourHundredGigE1/0/34,155736,576372425,120369,417378918,1.42,1.02
2024/05/24 星期五 00:25:30.541,1716481530541,NH-DC-NM129-D04-ROCE-Leaf-6.GPU.S9825,FourHundredGigE1/0/34,0,0,0,0,0,0
2024/05/24 星期五 00:25:31.145,1716481531145,NH-DC-NM129-D04-ROCE-Leaf-6.GPU.S9825,FourHundredGigE1/0/34,313784,1234528964,75130,250537092,2.55,0.52
2024/05/24 星期五 00:25:31.645,1716481531645,NH-DC-NM129-D04-ROCE-Leaf-6.GPU.S9825,FourHundredGigE1/0/34,0,0,0,0,0,0
2024/05/24 星期五 00:25:32.146,1716481532146,NH-DC-NM129-D04-ROCE-Leaf-6.GPU.S9825,FourHundredGigE1/0/34,226846,856218324,317856,1201455603,2.12,2.99
2024/05/24 星期五 00:25:33.069,1716481533069,NH-DC-NM129-D04-ROCE-Leaf-6.GPU.S9825,FourHundredGigE1/0/34,67664,224678288,178961,673476792,0.30,0.91
2024/05/24 星期五 00:25:33.570,1716481533570,NH-DC-NM129-D04-ROCE-Leaf-6.GPU.S9825,FourHundredGigE1/0/34,0,0,0,0,0,0
2024/05/24 星期五 00:25:34.156,1716481534156,NH-DC-NM129-D04-ROCE-Leaf-6.GPU.S9825,FourHundredGigE1/0/34,160305,605099910,262591,986128020,1.28,2.09
2024/05/24 星期五 00:25:34.691,1716481534691,NH-DC-NM129-D04-ROCE-Leaf-6.GPU.S9825,FourHundredGigE1/0/34,0,0,0,0,0,0
2024/05/24 星期五 00:25:35.193,1716481535193,NH-DC-NM129-D04-ROCE-Leaf-6.GPU.S9825,FourHundredGigE1/0/34,64631,233755116,132893,505668032,0.57,1.25
2024/05/24 星期五 00:25:35.694,1716481535694,NH-DC-NM129-D04-ROCE-Leaf-6.GPU.S9825,FourHundredGigE1/0/34,99299,398126764,70858,238193656,0.97,0.57
2024/05/24 星期五 00:25:36.482,1716481536482,NH-DC-NM129-D04-ROCE-Leaf-6.GPU.S9825,FourHundredGigE1/0/34,0,0,0,0,0,0
2024/05/24 星期五 00:25:36.983,1716481536983,NH-DC-NM129-D04-ROCE-Leaf-6.GPU.S9825,FourHundredGigE1/0/34,72228,243743840,122262,474977696,0.60,1.17
2024/05/24 星期五 00:25:37.547,1716481537547,NH-DC-NM129-D04-ROCE-Leaf-6.GPU.S9825,FourHundredGigE1/0/34,0,0,0,0,0,0
2024/05/24 星期五 00:25:38.049,1716481538049,NH-DC-NM129-D04-ROCE-Leaf-6.GPU.S9825,FourHundredGigE1/0/34,250956,1002866424,152704,578902332,2.49,1.42
2024/05/24 星期五 00:25:38.550,1716481538550,NH-DC-NM129-D04-ROCE-Leaf-6.GPU.S9825,FourHundredGigE1/0/34,0,0,0,0,0,0
2024/05/24 星期五 00:25:39.049,1716481539049,NH-DC-NM129-D04-ROCE-Leaf-6.GPU.S9825,FourHundredGigE1/0/34,172312,598946960,144903,579544418,1.48,1.43
2024/05/24 星期五 00:25:39.857,1716481539857,NH-DC-NM129-D04-ROCE-Leaf-6.GPU.S9825,FourHundredGigE1/0/34,320117,1117571314,311220,1259296624,1.72,1.93
2024/05/24 星期五 00:25:40.432,1716481540432,NH-DC-NM129-D04-ROCE-Leaf-6.GPU.S9825,FourHundredGigE1/0/34,0,0,0,0,0,0
2024/05/24 星期五 00:25:41.110,1716481541110,NH-DC-NM129-D04-ROCE-Leaf-6.GPU.S9825,FourHundredGigE1/0/34,173066,579827608,181653,676835318,1.05,1.24
2024/05/24 星期五 00:25:41.786,1716481541786,NH-DC-NM129-D04-ROCE-Leaf-6.GPU.S9825,FourHundredGigE1/0/34,74913,190290346,254589,968920492,0.35,1.78
2024/05/24 星期五 00:25:42.443,1716481542443,NH-DC-NM129-D04-ROCE-Leaf-6.GPU.S9825,FourHundredGigE1/0/34,0,0,0,0,0,0
2024/05/24 星期五 00:25:43.260,1716481543260,NH-DC-NM129-D04-ROCE-Leaf-6.GPU.S9825,FourHundredGigE1/0/34,480670,1802822825,92047,354131764,2.75,0.54
2024/05/24 星期五 00:25:43.838,1716481543838,NH-DC-NM129-D04-ROCE-Leaf-6.GPU.S9825,FourHundredGigE1/0/34,2221181,9072389370,166988,643558064,19.62,1.38
2024/05/24 星期五 00:25:44.486,1716481544486,NH-DC-NM129-D04-ROCE-Leaf-6.GPU.S9825,FourHundredGigE1/0/34,0,0,0,0,0,0
2024/05/24 星期五 00:25:45.036,1716481545036,NH-DC-NM129-D04-ROCE-Leaf-6.GPU.S9825,FourHundredGigE1/0/34,2069671,8453433770,181905,672457510,19.20,1.52
2024/05/24 星期五 00:25:45.537,1716481545537,NH-DC-NM129-D04-ROCE-Leaf-6.GPU.S9825,FourHundredGigE1/0/34,0,0,0,0,0,0
2024/05/24 星期五 00:25:46.038,1716481546038,NH-DC-NM129-D04-ROCE-Leaf-6.GPU.S9825,FourHundredGigE1/0/34,189308,737951304,261355,986601090,1.82,2.45
2024/05/24 星期五 00:25:47.229,1716481547229,NH-DC-NM129-D04-ROCE-Leaf-6.GPU.S9825,FourHundredGigE1/0/34,348968,1423170748,414515,1619329382,1.49,1.69
2024/05/24 星期五 00:25:47.796,1716481547796,NH-DC-NM129-D04-ROCE-Leaf-6.GPU.S9825,FourHundredGigE1/0/34,282520,1080026744,202260,788354030,2.38,1.72
2024/05/24 星期五 00:25:48.341,1716481548341,NH-DC-NM129-D04-ROCE-Leaf-6.GPU.S9825,FourHundredGigE1/0/34,0,0,0,0,0,0
2024/05/24 星期五 00:25:48.842,1716481548842,NH-DC-NM129-D04-ROCE-Leaf-6.GPU.S9825,FourHundredGigE1/0/34,0,0,0,0,0,0
2024/05/24 星期五 00:25:49.345,1716481549345,NH-DC-NM129-D04-ROCE-Leaf-6.GPU.S9825,FourHundredGigE1/0/34,731604,2706694292,199612,810592138,6.71,2.01
2024/05/24 星期五 00:25:49.846,1716481549846,NH-DC-NM129-D04-ROCE-Leaf-6.GPU.S9825,FourHundredGigE1/0/34,79217,294982542,196554,714504266,0.72,1.77
2024/05/24 星期五 00:25:50.595,1716481550595,NH-DC-NM129-D04-ROCE-Leaf-6.GPU.S9825,FourHundredGigE1/0/34,0,0,0,0,0,0
2024/05/24 星期五 00:25:51.236,1716481551236,NH-DC-NM129-D04-ROCE-Leaf-6.GPU.S9825,FourHundredGigE1/0/34,207695,778850586,240643,955084460,1.50,1.85
2024/05/24 星期五 00:25:51.789,1716481551789,NH-DC-NM129-D04-ROCE-Leaf-6.GPU.S9825,FourHundredGigE1/0/34,0,0,0,0,0,0
2024/05/24 星期五 00:25:52.290,1716481552290,NH-DC-NM129-D04-ROCE-Leaf-6.GPU.S9825,FourHundredGigE1/0/34,72138,240055108,218442,830367256,0.60,2.07
2024/05/24 星期五 00:25:52.834,1716481552834,NH-DC-NM129-D04-ROCE-Leaf-6.GPU.S9825,FourHundredGigE1/0/34,147724,558797196,105359,389144266,1.26,0.87
2024/05/24 星期五 00:25:53.370,1716481553370,NH-DC-NM129-D04-ROCE-Leaf-6.GPU.S9825,FourHundredGigE1/0/34,0,0,0,0,0,0
2024/05/24 星期五 00:25:54.542,1716481554542,NH-DC-NM129-D04-ROCE-Leaf-6.GPU.S9825,FourHundredGigE1/0/34,266559,1058841096,361827,1447321166,1.12,1.54
2024/05/24 星期五 00:25:55.212,1716481555212,NH-DC-NM129-D04-ROCE-Leaf-6.GPU.S9825,FourHundredGigE1/0/34,161609,608302516,254476,990475292,1.12,1.85
2024/05/24 星期五 00:25:55.938,1716481555938,NH-DC-NM129-D04-ROCE-Leaf-6.GPU.S9825,FourHundredGigE1/0/34,113359,395871422,73471,253886134,0.67,0.43
2024/05/24 星期五 00:25:56.498,1716481556498,NH-DC-NM129-D04-ROCE-Leaf-6.GPU.S9825,FourHundredGigE1/0/34,0,0,0,0,0,0
2024/05/24 星期五 00:25:57.178,1716481557178,NH-DC-NM129-D04-ROCE-Leaf-6.GPU.S9825,FourHundredGigE1/0/34,175966,674222552,135864,515575672,1.23,0.94
2024/05/24 星期五 00:25:58.038,1716481558038,NH-DC-NM129-D04-ROCE-Leaf-6.GPU.S9825,FourHundredGigE1/0/34,117258,469523624,237367,941725814,0.67,1.37
2024/05/24 星期五 00:25:58.553,1716481558553,NH-DC-NM129-D04-ROCE-Leaf-6.GPU.S9825,FourHundredGigE1/0/34,0,0,0,0,0,0
2024/05/24 星期五 00:25:59.056,1716481559056,NH-DC-NM129-D04-ROCE-Leaf-6.GPU.S9825,FourHundredGigE1/0/34,108712,427806740,429933,1657558302,1.04,4.10
2024/05/24 星期五 00:25:59.563,1716481559563,NH-DC-NM129-D04-ROCE-Leaf-6.GPU.S9825,FourHundredGigE1/0/34,0,0,0,0,0,0
2024/05/24 星期五 00:26:00.066,1716481560066,NH-DC-NM129-D04-ROCE-Leaf-6.GPU.S9825,FourHundredGigE1/0/34,118989,446212200,575331,2213823302,1.09,5.49
2024/05/24 星期五 00:26:00.697,1716481560697,NH-DC-NM129-D04-ROCE-Leaf-6.GPU.S9825,FourHundredGigE1/0/34,185916,726859410,265557,1070070918,1.43,2.12
2024/05/24 星期五 00:26:02.194,1716481562194,NH-DC-NM129-D04-ROCE-Leaf-6.GPU.S9825,FourHundredGigE1/0/34,160053,597710410,250661,972148758,0.49,0.81
2024/05/24 星期五 00:26:03.743,1716481563743,NH-DC-NM129-D04-ROCE-Leaf-6.GPU.S9825,FourHundredGigE1/0/34,394493,1499862666,234784,870294284,1.20,0.70
2024/05/24 星期五 00:26:04.859,1716481564859,NH-DC-NM129-D04-ROCE-Leaf-6.GPU.S9825,FourHundredGigE1/0/34,556454,2231181012,243813,943491238,2.50,1.05
2024/05/24 星期五 00:26:05.459,1716481565459,NH-DC-NM129-D04-ROCE-Leaf-6.GPU.S9825,FourHundredGigE1/0/34,0,0,0,0,0,0
2024/05/24 星期五 00:26:06.017,1716481566017,NH-DC-NM129-D04-ROCE-Leaf-6.GPU.S9825,FourHundredGigE1/0/34,374895,1482118774,184892,725580176,3.32,1.61
2024/05/24 星期五 00:26:06.529,1716481566529,NH-DC-NM129-D04-ROCE-Leaf-6.GPU.S9825,FourHundredGigE1/0/34,0,0,0,0,0,0
2024/05/24 星期五 00:26:07.029,1716481567029,NH-DC-NM129-D04-ROCE-Leaf-6.GPU.S9825,FourHundredGigE1/0/34,466545,1855600638,332278,1166248676,4.62,2.9
2024/05/24 星期五 00:26:07.647,1716481567647,NH-DC-NM129-D04-ROCE-Leaf-6.GPU.S9825,FourHundredGigE1/0/34,240357,941559890,365202,1439717332,1.90,2.89
2024/05/24 星期五 00:26:08.390,1716481568390,NH-DC-NM129-D04-ROCE-Leaf-6.GPU.S9825,FourHundredGigE1/0/34,0,0,0,0,0,0
2024/05/24 星期五 00:26:08.969,1716481568969,NH-DC-NM129-D04-ROCE-Leaf-6.GPU.S9825,FourHundredGigE1/0/34,220040,888897300,240450,976039684,1.90,2.09
2024/05/24 星期五 00:26:09.512,1716481569512,NH-DC-NM129-D04-ROCE-Leaf-6.GPU.S9825,FourHundredGigE1/0/34,0,0,0,0,0,0
2024/05/24 星期五 00:26:10.013,1716481570013,NH-DC-NM129-D04-ROCE-Leaf-6.GPU.S9825,FourHundredGigE1/0/34,101398,362350072,112577,373048090,0.90,0.92
2024/05/24 星期五 00:26:10.668,1716481570668,NH-DC-NM129-D04-ROCE-Leaf-6.GPU.S9825,FourHundredGigE1/0/34,169353,645857283,187373,713433678,1.22,1.35
2024/05/24 星期五 00:26:11.402,1716481571402,NH-DC-NM129-D04-ROCE-Leaf-6.GPU.S9825,FourHundredGigE1/0/34,0,0,0,0,0,0
2024/05/24 星期五 00:26:12.250,1716481572250,NH-DC-NM129-D04-ROCE-Leaf-6.GPU.S9825,FourHundredGigE1/0/34,414237,1668807298,501660,2046808280,2.45,3.01
2024/05/24 星期五 00:26:12.875,1716481572875,NH-DC-NM129-D04-ROCE-Leaf-6.GPU.S9825,FourHundredGigE1/0/34,326068,1281967413,256802,919142932,2.56,1.82
2024/05/24 星期五 00:26:13.410,1716481573410,NH-DC-NM129-D04-ROCE-Leaf-6.GPU.S9825,FourHundredGigE1/0/34,0,0,0,0,0,0
2024/05/24 星期五 00:26:13.921,1716481573921,NH-DC-NM129-D04-ROCE-Leaf-6.GPU.S9825,FourHundredGigE1/0/34,182051,681014594,179450,650206436,1.66,1.59
2024/05/24 星期五 00:26:14.647,1716481574647,NH-DC-NM129-D04-ROCE-Leaf-6.GPU.S9825,FourHundredGigE1/0/34,132192,486735892,165344,620792880,0.83,1.07
2024/05/24 星期五 00:26:15.395,1716481575395,NH-DC-NM129-D04-ROCE-Leaf-6.GPU.S9825,FourHundredGigE1/0/34,0,0,0,0,0,0
2024/05/24 星期五 00:26:16.796,1716481576796,NH-DC-NM129-D04-ROCE-Leaf-6.GPU.S9825,FourHundredGigE1/0/34,463316,1841611214,436002,1774297928,1.64,1.58
2024/05/24 星期五 00:26:17.297,1716481577297,NH-DC-NM129-D04-ROCE-Leaf-6.GPU.S9825,FourHundredGigE1/0/34,207083,754972372,286757,1133309944,1.87,2.82
2024/05/24 星期五 00:26:17.881,1716481577881,NH-DC-NM129-D04-ROCE-Leaf-6.GPU.S9825,FourHundredGigE1/0/34,150156,562506234,304586,1186101928,1.20,2.53
2024/05/24 星期五 00:26:18.801,1716481578801,NH-DC-NM129-D04-ROCE-Leaf-6.GPU.S9825,FourHundredGigE1/0/34,54726,0,0,0,0,0
2024/05/24 星期五 00:26:19.318,1716481579318,NH-DC-NM129-D04-ROCE-Leaf-6.GPU.S9825,FourHundredGigE1/0/34,0,198971470,215972,851439506,0.46,2.06
2024/05/24 星期五 00:26:19.869,1716481579869,NH-DC-NM129-D04-ROCE-Leaf-6.GPU.S9825,FourHundredGigE1/0/34,0,0,0,0,0,0
2024/05/24 星期五 00:26:20.371,1716481580371,NH-DC-NM129-D04-ROCE-Leaf-6.GPU.S9825,FourHundredGigE1/0/34,217751,860499162,397051,1626976710,2.14,4.03
2024/05/24 星期五 00:26:20.873,1716481580873,NH-DC-NM129-D04-ROCE-Leaf-6.GPU.S9825,FourHundredGigE1/0/34,186192,669223618,111162,424344976,1.64,1.05
2024/05/24 星期五 00:26:21.374,1716481581374,NH-DC-NM129-D04-ROCE-Leaf-6.GPU.S9825,FourHundredGigE1/0/34,0,0,0,0,0,0
2024/05/24 星期五 00:26:22.127,1716481582127,NH-DC-NM129-D04-ROCE-Leaf-6.GPU.S9825,FourHundredGigE1/0/34,140223,541887056,147661,551801626,0.90,0.91
2024/05/24 星期五 00:26:22.811,1716481582811,NH-DC-NM129-D04-ROCE-Leaf-6.GPU.S9825,FourHundredGigE1/0/34,280951,1124376920,421558,1709098514,2.05,3.11
2024/05/24 星期五 00:26:23.314,1716481583314,NH-DC-NM129-D04-ROCE-Leaf-6.GPU.S9825,FourHundredGigE1/0/34,0,0,0,0,0,0
2024/05/24 星期五 00:26:23.825,1716481583825,NH-DC-NM129-D04-ROCE-Leaf-6.GPU.S9825,FourHundredGigE1/0/34,316158,1250478074,223331,826829316,3.06,2.01
2024/05/24 星期五 00:26:24.379,1716481584379,NH-DC-NM129-D04-ROCE-Leaf-6.GPU.S9825,FourHundredGigE1/0/34,0,0,0,0,0,0
2024/05/24 星期五 00:26:24.881,1716481584881,NH-DC-NM129-D04-ROCE-Leaf-6.GPU.S9825,FourHundredGigE1/0/34,139877,534809881,132896,447510440,1.32,1.10
2024/05/24 星期五 00:26:25.451,1716481585451,NH-DC-NM129-D04-ROCE-Leaf-6.GPU.S9825,FourHundredGigE1/0/34,0,0,0,0,0,0
2024/05/24 星期五 00:26:26.146,1716481586146,NH-DC-NM129-D04-ROCE-Leaf-6.GPU.S9825,FourHundredGigE1/0/34,93713,335028916,110733,388986286,0.59,0.68
2024/05/24 星期五 00:26:26.649,1716481586649,NH-DC-NM129-D04-ROCE-Leaf-6.GPU.S9825,FourHundredGigE1/0/34,0,0,0,0,0,0
2024/05/24 星期五 00:26:27.149,1716481587149,NH-DC-NM129-D04-ROCE-Leaf-6.GPU.S9825,FourHundredGigE1/0/34,195603,733876370,224868,852329768,1.82,2.12
2024/05/24 星期五 00:26:27.746,1716481587746,NH-DC-NM129-D04-ROCE-Leaf-6.GPU.S9825,FourHundredGigE1/0/34,219175,856090278,219147,842709912,1.78,1.76
2024/05/24 星期五 00:26:28.437,1716481588437,NH-DC-NM129-D04-ROCE-Leaf-6.GPU.S9825,FourHundredGigE1/0/34,0,0,0,0,0,0
2024/05/24 星期五 00:26:28.961,1716481588961,NH-DC-NM129-D04-ROCE-Leaf-6.GPU.S9825,FourHundredGigE1/0/34,65578,219460260,96998,311859258,0.50,0.74
2024/05/24 星期五 00:26:29.733,1716481589733,NH-DC-NM129-D04-ROCE-Leaf-6.GPU.S9825,FourHundredGigE1/0/34,0,0,0,0,0,0
2024/05/24 星期五 00:26:32.887,1716481592887,NH-DC-NM129-D04-ROCE-Leaf-6.GPU.S9825,FourHundredGigE1/0/34,1626992,6353605532,756707,2926387538,2.52,1.16
2024/05/24 星期五 00:26:33.418,1716481593418,NH-DC-NM129-D04-ROCE-Leaf-6.GPU.S9825,FourHundredGigE1/0/34,0,0,0,0,0,0
2024/05/24 星期五 00:26:33.952,1716481593952,NH-DC-NM129-D04-ROCE-Leaf-6.GPU.S9825,FourHundredGigE1/0/34,403175,1565802182,673072,2765800214,3.65,6.46
2024/05/24 星期五 00:26:34.545,1716481594545,NH-DC-NM129-D04-ROCE-Leaf-6.GPU.S9825,FourHundredGigE1/0/34,0,0,0,0,0,0
2024/05/24 星期五 00:26:35.077,1716481595077,NH-DC-NM129-D04-ROCE-Leaf-6.GPU.S9825,FourHundredGigE1/0/34,73773,299313578,326322,1235800678,0.68,2.89
2024/05/24 星期五 00:26:35.663,1716481595663,NH-DC-NM129-D04-ROCE-Leaf-6.GPU.S9825,FourHundredGigE1/0/34,202629,799351810,242863,935950294,1.69,1.98
2024/05/24 星期五 00:26:36.340,1716481596340,NH-DC-NM129-D04-ROCE-Leaf-6.GPU.S9825,FourHundredGigE1/0/34,0,0,0,0,0,0
2024/05/24 星期五 00:26:36.842,1716481596842,NH-DC-NM129-D04-ROCE-Leaf-6.GPU.S9825,FourHundredGigE1/0/34,257460,1039743456,201187,788053514,2.56,1.94
2024/05/24 星期五 00:26:37.351,1716481597351,NH-DC-NM129-D04-ROCE-Leaf-6.GPU.S9825,FourHundredGigE1/0/34,0,0,0,0,0,0
2024/05/24 星期五 00:26:38.020,1716481598020,NH-DC-NM129-D04-ROCE-Leaf-6.GPU.S9825,FourHundredGigE1/0/34,381056,1519019414,256637,972595422,2.82,1.81
2024/05/24 星期五 00:26:38.549,1716481598549,NH-DC-NM129-D04-ROCE-Leaf-6.GPU.S9825,FourHundredGigE1/0/34,0,0,0,0,0,0
2024/05/24 星期五 00:26:39.050,1716481599050,NH-DC-NM129-D04-ROCE-Leaf-6.GPU.S9825,FourHundredGigE1/0/34,173354,560471666,201661,785496362,1.40,1.95
2024/05/24 星期五 00:26:39.689,1716481599689,NH-DC-NM129-D04-ROCE-Leaf-6.GPU.S9825,FourHundredGigE1/0/34,0,0,0,0,0,0
2024/05/24 星期五 00:26:40.190,1716481600190,NH-DC-NM129-D04-ROCE-Leaf-6.GPU.S9825,FourHundredGigE1/0/34,339165,1311896916,192919,708264846,3.27,1.75
2024/05/24 星期五 00:26:40.742,1716481600742,NH-DC-NM129-D04-ROCE-Leaf-6.GPU.S9825,FourHundredGigE1/0/34,0,0,0,0,0,0
2024/05/24 星期五 00:26:41.243,1716481601243,NH-DC-NM129-D04-ROCE-Leaf-6.GPU.S9825,FourHundredGigE1/0/34,191093,727333372,356323,1437465374,1.80,3.57
2024/05/24 星期五 00:26:42.118,1716481602118,NH-DC-NM129-D04-ROCE-Leaf-6.GPU.S9825,FourHundredGigE1/0/34,389014,1553875748,236374,937207576,2.21,1.33
2024/05/24 星期五 00:26:42.779,1716481602779,NH-DC-NM129-D04-ROCE-Leaf-6.GPU.S9825,FourHundredGigE1/0/34,241220,940926351,100682,382969768,1.78,0.72
2024/05/24 星期五 00:26:43.397,1716481603397,NH-DC-NM129-D04-ROCE-Leaf-6.GPU.S9825,FourHundredGigE1/0/34,0,0,0,0,0,0
2024/05/24 星期五 00:26:44.001,1716481604001,NH-DC-NM129-D04-ROCE-Leaf-6.GPU.S9825,FourHundredGigE1/0/34,167002,534816986,194072,768664164,1.10,1.57
2024/05/24 星期五 00:26:44.723,1716481604723,NH-DC-NM129-D04-ROCE-Leaf-6.GPU.S9825,FourHundredGigE1/0/34,180502,555726097,344672,1363069788,0.95,2.35
2024/05/24 星期五 00:26:45.301,1716481605301,NH-DC-NM129-D04-ROCE-Leaf-6.GPU.S9825,FourHundredGigE1/0/34,0,0,0,0,0,0
2024/05/24 星期五 00:26:45.849,1716481605849,NH-DC-NM129-D04-ROCE-Leaf-6.GPU.S9825,FourHundredGigE1/0/34,62526,225349548,188522,734653856,0.50,1.67
2024/05/24 星期五 00:26:46.601,1716481606601,NH-DC-NM129-D04-ROCE-Leaf-6.GPU.S9825,FourHundredGigE1/0/34,0,0,0,0,0,0
2024/05/24 星期五 00:26:47.256,1716481607256,NH-DC-NM129-D04-ROCE-Leaf-6.GPU.S9825,FourHundredGigE1/0/34,192305,728287482,97732,337923000,1.37,0.63
2024/05/24 星期五 00:26:47.818,1716481607818,NH-DC-NM129-D04-ROCE-Leaf-6.GPU.S9825,FourHundredGigE1/0/34,236315,920573959,198438,759883706,2.05,1.67
2024/05/24 星期五 00:26:48.516,1716481608516,NH-DC-NM129-D04-ROCE-Leaf-6.GPU.S9825,FourHundredGigE1/0/34,0,0,0,0,0,0
2024/05/24 星期五 00:26:49.030,1716481609030,NH-DC-NM129-D04-ROCE-Leaf-6.GPU.S9825,FourHundredGigE1/0/34,252542,1000144364,260907,1008355192,2.43,2.43
2024/05/24 星期五 00:26:49.632,1716481609632,NH-DC-NM129-D04-ROCE-Leaf-6.GPU.S9825,FourHundredGigE1/0/34,0,0,0,0,0,0
2024/05/24 星期五 00:26:50.206,1716481610206,NH-DC-NM129-D04-ROCE-Leaf-6.GPU.S9825,FourHundredGigE1/0/34,123465,431248046,151959,557920698,0.94,1.20
2024/05/24 星期五 00:26:50.730,1716481610730,NH-DC-NM129-D04-ROCE-Leaf-6.GPU.S9825,FourHundredGigE1/0/34,0,0,0,0,0,0
2024/05/24 星期五 00:26:51.235,1716481611235,NH-DC-NM129-D04-ROCE-Leaf-6.GPU.S9825,FourHundredGigE1/0/34,45953,127843018,105699,389103894,0.30,0.94
2024/05/24 星期五 00:26:51.905,1716481611905,NH-DC-NM129-D04-ROCE-Leaf-6.GPU.S9825,FourHundredGigE1/0/34,360351,1465393295,477956,1930322428,2.72,3.60
2024/05/24 星期五 00:26:52.442,1716481612442,NH-DC-NM129-D04-ROCE-Leaf-6.GPU.S9825,FourHundredGigE1/0/34,0,0,0,0,0,0
2024/05/24 星期五 00:26:52.942,1716481612942,NH-DC-NM129-D04-ROCE-Leaf-6.GPU.S9825,FourHundredGigE1/0/34,269237,1050913310,214880,837122520,2.62,2.08
2024/05/24 星期五 00:26:53.609,1716481613609,NH-DC-NM129-D04-ROCE-Leaf-6.GPU.S9825,FourHundredGigE1/0/34,250197,918479004,130747,360130382,1.71,0.67
2024/05/24 星期五 00:26:54.388,1716481614388,NH-DC-NM129-D04-ROCE-Leaf-6.GPU.S9825,FourHundredGigE1/0/34,0,0,0,0,0,0
2024/05/24 星期五 00:26:55.051,1716481615051,NH-DC-NM129-D04-ROCE-Leaf-6.GPU.S9825,FourHundredGigE1/0/34,96904,321535902,165101,379586006,0.60,0.70
2024/05/24 星期五 00:26:55.770,1716481615770,NH-DC-NM129-D04-ROCE-Leaf-6.GPU.S9825,FourHundredGigE1/0/34,324168,1073108224,242998,799605472,1.86,1.37
2024/05/24 星期五 00:26:56.387,1716481616387,NH-DC-NM129-D04-ROCE-Leaf-6.GPU.S9825,FourHundredGigE1/0/34,0,0,0,0,0,0
2024/05/24 星期五 00:26:57.026,1716481617026,NH-DC-NM129-D04-ROCE-Leaf-6.GPU.S9825,FourHundredGigE1/0/34,193223,586431559,539497,2047487994,1.13,3.99
2024/05/24 星期五 00:26:57.575,1716481617575,NH-DC-NM129-D04-ROCE-Leaf-6.GPU.S9825,FourHundredGigE1/0/34,0,0,0,0,0,0
2024/05/24 星期五 00:26:58.148,1716481618148,NH-DC-NM129-D04-ROCE-Leaf-6.GPU.S9825,FourHundredGigE1/0/34,274106,1030266392,244064,921925192,2.25,2.01
2024/05/24 星期五 00:26:58.717,1716481618717,NH-DC-NM129-D04-ROCE-Leaf-6.GPU.S9825,FourHundredGigE1/0/34,555485,2176314146,343166,1345654836,4.77,2.94
2024/05/24 星期五 00:26:59.329,1716481619329,NH-DC-NM129-D04-ROCE-Leaf-6.GPU.S9825,FourHundredGigE1/0/34,0,0,0,0,0,0
2024/05/24 星期五 00:26:59.926,1716481619926,NH-DC-NM129-D04-ROCE-Leaf-6.GPU.S9825,FourHundredGigE1/0/34,208323,791473211,224523,830259274,1.65,1.74
2024/05/24 星期五 00:27:00.493,1716481620493,NH-DC-NM129-D04-ROCE-Leaf-6.GPU.S9825,FourHundredGigE1/0/34,0,0,0,0,0,0
2024/05/24 星期五 00:27:01.007,1716481621007,NH-DC-NM129-D04-ROCE-Leaf-6.GPU.S9825,FourHundredGigE1/0/34,133742,497765796,200121,738703266,1.19,1.78
2024/05/24 星期五 00:27:01.561,1716481621561,NH-DC-NM129-D04-ROCE-Leaf-6.GPU.S9825,FourHundredGigE1/0/34,0,0,0,0,0,0
2024/05/24 星期五 00:27:02.988,1716481622988,NH-DC-NM129-D04-ROCE-Leaf-6.GPU.S9825,FourHundredGigE1/0/34,880385,3443538728,629803,2367885250,3.01,2.07
2024/05/24 星期五 00:27:04.456,1716481624456,NH-DC-NM129-D04-ROCE-Leaf-6.GPU.S9825,FourHundredGigE1/0/34,0,0,0,0,0,0
2024/05/24 星期五 00:27:05.054,1716481625054,NH-DC-NM129-D04-ROCE-Leaf-6.GPU.S9825,FourHundredGigE1/0/34,131794,449409098,101714,342546232,0.92,0.71
2024/05/24 星期五 00:27:05.749,1716481625749,NH-DC-NM129-D04-ROCE-Leaf-6.GPU.S9825,FourHundredGigE1/0/34,308921,1238798468,120292,461467132,2.21,0.83
2024/05/24 星期五 00:27:06.324,1716481626324,NH-DC-NM129-D04-ROCE-Leaf-6.GPU.S9825,FourHundredGigE1/0/34,0,0,0,0,0,0
2024/05/24 星期五 00:27:06.825,1716481626825,NH-DC-NM129-D04-ROCE-Leaf-6.GPU.S9825,FourHundredGigE1/0/34,311038,1243912554,97847,355036906,3.09,0.87
2024/05/24 星期五 00:27:07.350,1716481627350,NH-DC-NM129-D04-ROCE-Leaf-6.GPU.S9825,FourHundredGigE1/0/34,0,0,0,0,0,0
2024/05/24 星期五 00:27:07.922,1716481627922,NH-DC-NM129-D04-ROCE-Leaf-6.GPU.S9825,FourHundredGigE1/0/34,280063,1115912770,221746,869041860,2.43,1.88
2024/05/24 星期五 00:27:09.027,1716481629027,NH-DC-NM129-D04-ROCE-Leaf-6.GPU.S9825,FourHundredGigE1/0/34,189384,742210472,216425,824732362,0.84,0.93
2024/05/24 星期五 00:27:09.627,1716481629627,NH-DC-NM129-D04-ROCE-Leaf-6.GPU.S9825,FourHundredGigE1/0/34,0,0,0,0,0,0
2024/05/24 星期五 00:27:10.131,1716481630131,NH-DC-NM129-D04-ROCE-Leaf-6.GPU.S9825,FourHundredGigE1/0/34,361140,1461734974,147558,520150620,3.62,1.29
2024/05/24 星期五 00:27:10.771,1716481630771,NH-DC-NM129-D04-ROCE-Leaf-6.GPU.S9825,FourHundredGigE1/0/34,172352,657600855,127784,449716112,1.27,0.86
2024/05/24 星期五 00:27:11.395,1716481631395,NH-DC-NM129-D04-ROCE-Leaf-6.GPU.S9825,FourHundredGigE1/0/34,0,0,0,0,0,0
2024/05/24 星期五 00:27:12.045,1716481632045,NH-DC-NM129-D04-ROCE-Leaf-6.GPU.S9825,FourHundredGigE1/0/34,149641,588334158,114094,405731892,1.12,0.77
2024/05/24 星期五 00:27:12.580,1716481632580,NH-DC-NM129-D04-ROCE-Leaf-6.GPU.S9825,FourHundredGigE1/0/34,0,0,0,0,0,0
2024/05/24 星期五 00:27:13.083,1716481633083,NH-DC-NM129-D04-ROCE-Leaf-6.GPU.S9825,FourHundredGigE1/0/34,148937,554704204,107213,402444412,1.37,0.99
2024/05/24 星期五 00:27:13.628,1716481633628,NH-DC-NM129-D04-ROCE-Leaf-6.GPU.S9825,FourHundredGigE1/0/34,0,0,0,0,0,0
2024/05/24 星期五 00:27:14.375,1716481634375,NH-DC-NM129-D04-ROCE-Leaf-6.GPU.S9825,FourHundredGigE1/0/34,273612,1052195060,638214,2607165650,1.76,4.35
2024/05/24 星期五 00:27:14.935,1716481634935,NH-DC-NM129-D04-ROCE-Leaf-6.GPU.S9825,FourHundredGigE1/0/34,315486,1211849616,130913,404631926,2.70,0.89
2024/05/24 星期五 00:27:15.605,1716481635605,NH-DC-NM129-D04-ROCE-Leaf-6.GPU.S9825,FourHundredGigE1/0/34,0,0,0,0,0,0
2024/05/24 星期五 00:27:16.124,1716481636124,NH-DC-NM129-D04-ROCE-Leaf-6.GPU.S9825,FourHundredGigE1/0/34,247577,947232746,150333,524068170,2.26,1.25
2024/05/24 星期五 00:27:16.696,1716481636696,NH-DC-NM129-D04-ROCE-Leaf-6.GPU.S9825,FourHundredGigE1/0/34,0,0,0,0,0,0
2024/05/24 星期五 00:27:17.198,1716481637198,NH-DC-NM129-D04-ROCE-Leaf-6.GPU.S9825,FourHundredGigE1/0/34,105724,412376282,151906,572485812,1.02,1.42
2024/05/24 星期五 00:27:17.756,1716481637756,NH-DC-NM129-D04-ROCE-Leaf-6.GPU.S9825,FourHundredGigE1/0/34,0,0,0,0,0,0
2024/05/24 星期五 00:27:18.301,1716481638301,NH-DC-NM129-D04-ROCE-Leaf-6.GPU.S9825,FourHundredGigE1/0/34,127627,508512944,59992,214741652,1.15,0.48
2024/05/24 星期五 00:27:18.880,1716481638880,NH-DC-NM129-D04-ROCE-Leaf-6.GPU.S9825,FourHundredGigE1/0/34,158959,625666404,270970,1051357476,1.34,2.27
2024/05/24 星期五 00:27:19.401,1716481639401,NH-DC-NM129-D04-ROCE-Leaf-6.GPU.S9825,FourHundredGigE1/0/34,0,0,0,0,0,0
2024/05/24 星期五 00:27:19.973,1716481639973,NH-DC-NM129-D04-ROCE-Leaf-6.GPU.S9825,FourHundredGigE1/0/34,105251,323979468,2347662,9603587452,0.70,20.98
2024/05/24 星期五 00:27:20.474,1716481640474,NH-DC-NM129-D04-ROCE-Leaf-6.GPU.S9825,FourHundredGigE1/0/34,0,0,0,0,0,0
2024/05/24 星期五 00:27:20.974,1716481640974,NH-DC-NM129-D04-ROCE-Leaf-6.GPU.S9825,FourHundredGigE1/0/34,341929,1378368602,2049246,8388174140,3.42,20.95
2024/05/24 星期五 00:27:21.529,1716481641529,NH-DC-NM129-D04-ROCE-Leaf-6.GPU.S9825,FourHundredGigE1/0/34,0,0,0,0,0,0
2024/05/24 星期五 00:27:22.196,1716481642196,NH-DC-NM129-D04-ROCE-Leaf-6.GPU.S9825,FourHundredGigE1/0/34,290435,1134832146,1040815,4142868802,2.12,7.76
2024/05/24 星期五 00:27:22.743,1716481642743,NH-DC-NM129-D04-ROCE-Leaf-6.GPU.S9825,FourHundredGigE1/0/34,0,0,0,0,0,0
2024/05/24 星期五 00:27:23.246,1716481643246,NH-DC-NM129-D04-ROCE-Leaf-6.GPU.S9825,FourHundredGigE1/0/34,172917,626525512,854655,3360776278,1.54,8.35
2024/05/24 星期五 00:27:23.789,1716481643789,NH-DC-NM129-D04-ROCE-Leaf-6.GPU.S9825,FourHundredGigE1/0/34,244559,967964612,334225,1228096626,2.21,2.81
2024/05/24 星期五 00:27:24.650,1716481644650,NH-DC-NM129-D04-ROCE-Leaf-6.GPU.S9825,FourHundredGigE1/0/34,0,0,0,0,0,0
2024/05/24 星期五 00:27:25.240,1716481645240,NH-DC-NM129-D04-ROCE-Leaf-6.GPU.S9825,FourHundredGigE1/0/34,199921,667652358,176493,554005798,1.40,1.17
2024/05/24 星期五 00:27:25.878,1716481645878,NH-DC-NM129-D04-ROCE-Leaf-6.GPU.S9825,FourHundredGigE1/0/34,119327,445323422,125908,431593160,0.86,0.84
2024/05/24 星期五 00:27:26.433,1716481646433,NH-DC-NM129-D04-ROCE-Leaf-6.GPU.S9825,FourHundredGigE1/0/34,0,0,0,0,0,0
2024/05/24 星期五 00:27:26.945,1716481646945,NH-DC-NM129-D04-ROCE-Leaf-6.GPU.S9825,FourHundredGigE1/0/34,103599,353876202,187818,678585644,0.85,1.64
2024/05/24 星期五 00:27:27.445,1716481647445,NH-DC-NM129-D04-ROCE-Leaf-6.GPU.S9825,FourHundredGigE1/0/34,0,0,0,0,0,0
2024/05/24 星期五 00:27:28.089,1716481648089,NH-DC-NM129-D04-ROCE-Leaf-6.GPU.S9825,FourHundredGigE1/0/34,314042,1193496220,109707,372400034,2.31,0.72
2024/05/24 星期五 00:27:28.708,1716481648708,NH-DC-NM129-D04-ROCE-Leaf-6.GPU.S9825,FourHundredGigE1/0/34,0,0,0,0,0,0
2024/05/24 星期五 00:27:29.210,1716481649210,NH-DC-NM129-D04-ROCE-Leaf-6.GPU.S9825,FourHundredGigE1/0/34,296906,1122820240,283449,1085534010,2.79,2.69
2024/05/24 星期五 00:27:29.771,1716481649771,NH-DC-NM129-D04-ROCE-Leaf-6.GPU.S9825,FourHundredGigE1/0/34,0,0,0,0,0,0
2024/05/24 星期五 00:27:30.298,1716481650298,NH-DC-NM129-D04-ROCE-Leaf-6.GPU.S9825,FourHundredGigE1/0/34,354234,1407340300,513030,2024111380,3.32,4.79
2024/05/24 星期五 00:27:30.801,1716481650801,NH-DC-NM129-D04-ROCE-Leaf-6.GPU.S9825,FourHundredGigE1/0/34,200941,762904306,499542,1936628176,1.89,4.80
2024/05/24 星期五 00:27:31.475,1716481651475,NH-DC-NM129-D04-ROCE-Leaf-6.GPU.S9825,FourHundredGigE1/0/34,0,0,0,0,0,0
2024/05/24 星期五 00:27:32.088,1716481652088,NH-DC-NM129-D04-ROCE-Leaf-6.GPU.S9825,FourHundredGigE1/0/34,148933,511101854,422530,1602208916,1.04,3.26
2024/05/24 星期五 00:27:32.726,1716481652726,NH-DC-NM129-D04-ROCE-Leaf-6.GPU.S9825,FourHundredGigE1/0/34,0,0,0,0,0,0
2024/05/24 星期五 00:27:33.282,1716481653282,NH-DC-NM129-D04-ROCE-Leaf-6.GPU.S9825,FourHundredGigE1/0/34,190082,685779200,228767,834057130,1.53,1.87
2024/05/24 星期五 00:27:33.794,1716481653794,NH-DC-NM129-D04-ROCE-Leaf-6.GPU.S9825,FourHundredGigE1/0/34,0,0,0,0,0,0
2024/05/24 星期五 00:27:34.297,1716481654297,NH-DC-NM129-D04-ROCE-Leaf-6.GPU.S9825,FourHundredGigE1/0/34,197774,733683396,152242,544008204,1.81,1.34
2024/05/24 星期五 00:27:34.921,1716481654921,NH-DC-NM129-D04-ROCE-Leaf-6.GPU.S9825,FourHundredGigE1/0/34,318025,1195929778,416991,1656471938,2.38,3.31
2024/05/24 星期五 00:27:35.523,1716481655523,NH-DC-NM129-D04-ROCE-Leaf-6.GPU.S9825,FourHundredGigE1/0/34,0,0,0,0,0,0
2024/05/24 星期五 00:27:36.138,1716481656138,NH-DC-NM129-D04-ROCE-Leaf-6.GPU.S9825,FourHundredGigE1/0/34,134901,512884538,252099,949506574,1.04,1.91
2024/05/24 星期五 00:27:36.748,1716481656748,NH-DC-NM129-D04-ROCE-Leaf-6.GPU.S9825,FourHundredGigE1/0/34,0,0,0,0,0,0
2024/05/24 星期五 00:27:37.267,1716481657267,NH-DC-NM129-D04-ROCE-Leaf-6.GPU.S9825,FourHundredGigE1/0/34,275140,1035111132,297022,1169911528,2.48,2.79
2024/05/24 星期五 00:27:37.780,1716481657780,NH-DC-NM129-D04-ROCE-Leaf-6.GPU.S9825,FourHundredGigE1/0/34,142599,511156686,169617,659618942,1.24,1.58
2024/05/24 星期五 00:27:38.439,1716481658439,NH-DC-NM129-D04-ROCE-Leaf-6.GPU.S9825,FourHundredGigE1/0/34,0,0,0,0,0,0
2024/05/24 星期五 00:27:38.943,1716481658943,NH-DC-NM129-D04-ROCE-Leaf-6.GPU.S9825,FourHundredGigE1/0/34,316233,1222398214,339916,1372902876,3.03,3.40
2024/05/24 星期五 00:27:39.639,1716481659639,NH-DC-NM129-D04-ROCE-Leaf-6.GPU.S9825,FourHundredGigE1/0/34,0,0,0,0,0,0
2024/05/24 星期五 00:27:40.211,1716481660211,NH-DC-NM129-D04-ROCE-Leaf-6.GPU.S9825,FourHundredGigE1/0/34,191452,758771216,223325,887008290,1.64,1.92
2024/05/24 星期五 00:27:40.714,1716481660714,NH-DC-NM129-D04-ROCE-Leaf-6.GPU.S9825,FourHundredGigE1/0/34,0,0,0,0,0,0
2024/05/24 星期五 00:27:41.213,1716481661213,NH-DC-NM129-D04-ROCE-Leaf-6.GPU.S9825,FourHundredGigE1/0/34,148184,595466204,38711,123055226,1.48,0.30
2024/05/24 星期五 00:27:42.155,1716481662155,NH-DC-NM129-D04-ROCE-Leaf-6.GPU.S9825,FourHundredGigE1/0/34,132798,498456812,161569,600033570,0.65,0.80
2024/05/24 星期五 00:27:43.039,1716481663039,NH-DC-NM129-D04-ROCE-Leaf-6.GPU.S9825,FourHundredGigE1/0/34,451059,1818516923,201973,730436350,2.56,1.03
2024/05/24 星期五 00:27:43.609,1716481663609,NH-DC-NM129-D04-ROCE-Leaf-6.GPU.S9825,FourHundredGigE1/0/34,0,0,0,0,0,0
2024/05/24 星期五 00:27:44.148,1716481664148,NH-DC-NM129-D04-ROCE-Leaf-6.GPU.S9825,FourHundredGigE1/0/34,156498,567946848,148174,560913472,1.30,1.30
2024/05/24 星期五 00:27:44.674,1716481664674,NH-DC-NM129-D04-ROCE-Leaf-6.GPU.S9825,FourHundredGigE1/0/34,0,0,0,0,0,0
2024/05/24 星期五 00:27:45.439,1716481665439,NH-DC-NM129-D04-ROCE-Leaf-6.GPU.S9825,FourHundredGigE1/0/34,209422,789018140,77861,259353582,1.27,0.41
2024/05/24 星期五 00:27:46.121,1716481666121,NH-DC-NM129-D04-ROCE-Leaf-6.GPU.S9825,FourHundredGigE1/0/34,298587,1180521288,331040,1302549944,2.16,2.38
2024/05/24 星期五 00:27:47.059,1716481667059,NH-DC-NM129-D04-ROCE-Leaf-6.GPU.S9825,FourHundredGigE1/0/34,202550,786557350,85581,291625166,1.04,0.39
2024/05/24 星期五 00:27:47.569,1716481667569,NH-DC-NM129-D04-ROCE-Leaf-6.GPU.S9825,FourHundredGigE1/0/34,0,0,0,0,0,0
2024/05/24 星期五 00:27:48.070,1716481668070,NH-DC-NM129-D04-ROCE-Leaf-6.GPU.S9825,FourHundredGigE1/0/34,258582,995941264,181537,631308002,2.47,1.57
2024/05/24 星期五 00:27:48.650,1716481668650,NH-DC-NM129-D04-ROCE-Leaf-6.GPU.S9825,FourHundredGigE1/0/34,152368,563838776,127456,476809536,1.21,1.01
2024/05/24 星期五 00:27:49.355,1716481669355,NH-DC-NM129-D04-ROCE-Leaf-6.GPU.S9825,FourHundredGigE1/0/34,0,0,0,0,0,0
2024/05/24 星期五 00:27:49.942,1716481669942,NH-DC-NM129-D04-ROCE-Leaf-6.GPU.S9825,FourHundredGigE1/0/34,253107,1013789143,467181,1799690986,2.15,3.81
2024/05/24 星期五 00:27:50.516,1716481670516,NH-DC-NM129-D04-ROCE-Leaf-6.GPU.S9825,FourHundredGigE1/0/34,0,0,0,0,0,0
2024/05/24 星期五 00:27:51.018,1716481671018,NH-DC-NM129-D04-ROCE-Leaf-6.GPU.S9825,FourHundredGigE1/0/34,126864,461682332,387008,1459314920,1.15,3.61
2024/05/24 星期五 00:27:51.519,1716481671519,NH-DC-NM129-D04-ROCE-Leaf-6.GPU.S9825,FourHundredGigE1/0/34,0,0,0,0,0,0
2024/05/24 星期五 00:27:52.026,1716481672026,NH-DC-NM129-D04-ROCE-Leaf-6.GPU.S9825,FourHundredGigE1/0/34,61475,229178030,162699,662558640,0.54,1.63
2024/05/24 星期五 00:27:52.785,1716481672785,NH-DC-NM129-D04-ROCE-Leaf-6.GPU.S9825,FourHundredGigE1/0/34,119669,478448782,83372,327247490,0.77,0.53
2024/05/24 星期五 00:27:53.469,1716481673469,NH-DC-NM129-D04-ROCE-Leaf-6.GPU.S9825,FourHundredGigE1/0/34,0,0,0,0,0,0
2024/05/24 星期五 00:27:54.171,1716481674171,NH-DC-NM129-D04-ROCE-Leaf-6.GPU.S9825,FourHundredGigE1/0/34,523576,2141751712,348625,1389950762,3.81,2.46
2024/05/24 星期五 00:27:54.728,1716481674728,NH-DC-NM129-D04-ROCE-Leaf-6.GPU.S9825,FourHundredGigE1/0/34,0,0,0,0,0,0
2024/05/24 星期五 00:27:55.425,1716481675425,NH-DC-NM129-D04-ROCE-Leaf-6.GPU.S9825,FourHundredGigE1/0/34,215538,865941476,225244,902741214,1.54,1.61
2024/05/24 星期五 00:27:56.255,1716481676255,NH-DC-NM129-D04-ROCE-Leaf-6.GPU.S9825,FourHundredGigE1/0/34,114654,445328896,153898,584103318,0.66,0.87
2024/05/24 星期五 00:27:56.812,1716481676812,NH-DC-NM129-D04-ROCE-Leaf-6.GPU.S9825,FourHundredGigE1/0/34,630513,2444739862,542635,2181186446,5.48,4.89
2024/05/24 星期五 00:27:57.392,1716481677392,NH-DC-NM129-D04-ROCE-Leaf-6.GPU.S9825,FourHundredGigE1/0/34,0,0,0,0,0,0
2024/05/24 星期五 00:27:57.889,1716481677889,NH-DC-NM129-D04-ROCE-Leaf-6.GPU.S9825,FourHundredGigE1/0/34,179736,666939240,314205,1135265524,1.66,2.84
2024/05/24 星期五 00:27:58.395,1716481678395,NH-DC-NM129-D04-ROCE-Leaf-6.GPU.S9825,FourHundredGigE1/0/34,0,0,0,0,0,0
2024/05/24 星期五 00:27:58.899,1716481678899,NH-DC-NM129-D04-ROCE-Leaf-6.GPU.S9825,FourHundredGigE1/0/34,83320,292729388,302667,1211943464,0.72,3.00
2024/05/24 星期五 00:27:59.681,1716481679681,NH-DC-NM129-D04-ROCE-Leaf-6.GPU.S9825,FourHundredGigE1/0/34,0,0,0,0,0,0
2024/05/24 星期五 00:28:00.314,1716481680314,NH-DC-NM129-D04-ROCE-Leaf-6.GPU.S9825,FourHundredGigE1/0/34,212834,781598201,133731,509773574,1.54,0.99
2024/05/24 星期五 00:28:00.900,1716481680900,NH-DC-NM129-D04-ROCE-Leaf-6.GPU.S9825,FourHundredGigE1/0/34,499946,2020557520,376910,1511064400,4.31,3.22
2024/05/24 星期五 00:28:01.404,1716481681404,NH-DC-NM129-D04-ROCE-Leaf-6.GPU.S9825,FourHundredGigE1/0/34,0,0,0,0,0,0
2024/05/24 星期五 00:28:01.912,1716481681912,NH-DC-NM129-D04-ROCE-Leaf-6.GPU.S9825,FourHundredGigE1/0/34,123622,414635746,98881,338089374,1.01,0.81
2024/05/24 星期五 00:28:03.028,1716481683028,NH-DC-NM129-D04-ROCE-Leaf-6.GPU.S9825,FourHundredGigE1/0/34,454866,1771522207,371324,1377165896,1.98,1.53
2024/05/24 星期五 00:28:04.734,1716481684734,NH-DC-NM129-D04-ROCE-Leaf-6.GPU.S9825,FourHundredGigE1/0/34,0,0,0,0,0,0
2024/05/24 星期五 00:28:05.238,1716481685238,NH-DC-NM129-D04-ROCE-Leaf-6.GPU.S9825,FourHundredGigE1/0/34,334360,1287938192,280203,1071106758,3.17,2.65
2024/05/24 星期五 00:28:05.812,1716481685812,NH-DC-NM129-D04-ROCE-Leaf-6.GPU.S9825,FourHundredGigE1/0/34,120564,406435016,128881,491884730,0.87,1.07
2024/05/24 星期五 00:28:06.311,1716481686311,NH-DC-NM129-D04-ROCE-Leaf-6.GPU.S9825,FourHundredGigE1/0/34,0,0,0,0,0,0
2024/05/24 星期五 00:28:06.865,1716481686865,NH-DC-NM129-D04-ROCE-Leaf-6.GPU.S9825,FourHundredGigE1/0/34,129863,484017936,72142,237756480,1.08,0.52
2024/05/24 星期五 00:28:07.542,1716481687542,NH-DC-NM129-D04-ROCE-Leaf-6.GPU.S9825,FourHundredGigE1/0/34,0,0,0,0,0,0
2024/05/24 星期五 00:28:08.113,1716481688113,NH-DC-NM129-D04-ROCE-Leaf-6.GPU.S9825,FourHundredGigE1/0/34,306163,1179422476,147624,557668688,2.56,1.20
2024/05/24 星期五 00:28:08.614,1716481688614,NH-DC-NM129-D04-ROCE-Leaf-6.GPU.S9825,FourHundredGigE1/0/34,0,0,0,0,0,0
2024/05/24 星期五 00:28:09.113,1716481689113,NH-DC-NM129-D04-ROCE-Leaf-6.GPU.S9825,FourHundredGigE1/0/34,77747,269294887,294162,1192050148,0.65,2.98
2024/05/24 星期五 00:28:09.639,1716481689639,NH-DC-NM129-D04-ROCE-Leaf-6.GPU.S9825,FourHundredGigE1/0/34,0,0,0,0,0,0
2024/05/24 星期五 00:28:10.197,1716481690197,NH-DC-NM129-D04-ROCE-Leaf-6.GPU.S9825,FourHundredGigE1/0/34,93007,357267714,101613,359478906,0.78,0.78
2024/05/24 星期五 00:28:10.860,1716481690860,NH-DC-NM129-D04-ROCE-Leaf-6.GPU.S9825,FourHundredGigE1/0/34,156463,570769298,104128,396211884,1.07,0.74
2024/05/24 星期五 00:28:11.614,1716481691614,NH-DC-NM129-D04-ROCE-Leaf-6.GPU.S9825,FourHundredGigE1/0/34,0,0,0,0,0,0
2024/05/24 星期五 00:28:12.115,1716481692115,NH-DC-NM129-D04-ROCE-Leaf-6.GPU.S9825,FourHundredGigE1/0/34,229928,881380348,348712,1375213874,2.20,3.42
2024/05/24 星期五 00:28:12.662,1716481692662,NH-DC-NM129-D04-ROCE-Leaf-6.GPU.S9825,FourHundredGigE1/0/34,0,0,0,0,0,0
2024/05/24 星期五 00:28:13.165,1716481693165,NH-DC-NM129-D04-ROCE-Leaf-6.GPU.S9825,FourHundredGigE1/0/34,93003,254117355,116494,408142616,0.62,0.99
2024/05/24 星期五 00:28:13.704,1716481693704,NH-DC-NM129-D04-ROCE-Leaf-6.GPU.S9825,FourHundredGigE1/0/34,193266,701905698,169059,652292884,1.62,1.51
2024/05/24 星期五 00:28:14.424,1716481694424,NH-DC-NM129-D04-ROCE-Leaf-6.GPU.S9825,FourHundredGigE1/0/34,0,0,0,0,0,0
2024/05/24 星期五 00:28:15.153,1716481695153,NH-DC-NM129-D04-ROCE-Leaf-6.GPU.S9825,FourHundredGigE1/0/34,110600,401200174,248404,981151982,0.69,1.68
2024/05/24 星期五 00:28:15.654,1716481695654,NH-DC-NM129-D04-ROCE-Leaf-6.GPU.S9825,FourHundredGigE1/0/34,0,0,0,0,0,0
2024/05/24 星期五 00:28:16.154,1716481696154,NH-DC-NM129-D04-ROCE-Leaf-6.GPU.S9825,FourHundredGigE1/0/34,127532,502641996,309784,1241935296,1.25,3.1
2024/05/24 星期五 00:28:16.781,1716481696781,NH-DC-NM129-D04-ROCE-Leaf-6.GPU.S9825,FourHundredGigE1/0/34,0,0,0,0,0,0
2024/05/24 星期五 00:28:17.281,1716481697281,NH-DC-NM129-D04-ROCE-Leaf-6.GPU.S9825,FourHundredGigE1/0/34,109364,407260516,99190,373818196,1,0.92
2024/05/24 星期五 00:28:17.963,1716481697963,NH-DC-NM129-D04-ROCE-Leaf-6.GPU.S9825,FourHundredGigE1/0/34,169030,667283588,254325,983694682,1.21,1.80
2024/05/24 星期五 00:28:18.619,1716481698619,NH-DC-NM129-D04-ROCE-Leaf-6.GPU.S9825,FourHundredGigE1/0/34,0,0,0,0,0,0
2024/05/24 星期五 00:28:19.120,1716481699120,NH-DC-NM129-D04-ROCE-Leaf-6.GPU.S9825,FourHundredGigE1/0/34,224621,865683170,144322,527153396,2.15,1.30
2024/05/24 星期五 00:28:19.697,1716481699697,NH-DC-NM129-D04-ROCE-Leaf-6.GPU.S9825,FourHundredGigE1/0/34,0,0,0,0,0,0
2024/05/24 星期五 00:28:20.304,1716481700304,NH-DC-NM129-D04-ROCE-Leaf-6.GPU.S9825,FourHundredGigE1/0/34,137844,498118518,249920,976377524,1.01,2.00
2024/05/24 星期五 00:28:20.805,1716481700805,NH-DC-NM129-D04-ROCE-Leaf-6.GPU.S9825,FourHundredGigE1/0/34,159884,606996798,234165,890727718,1.50,2.22
2024/05/24 星期五 00:28:21.409,1716481701409,NH-DC-NM129-D04-ROCE-Leaf-6.GPU.S9825,FourHundredGigE1/0/34,0,0,0,0,0,0
2024/05/24 星期五 00:28:21.987,1716481701987,NH-DC-NM129-D04-ROCE-Leaf-6.GPU.S9825,FourHundredGigE1/0/34,142009,523379314,140934,517988848,1.12,1.10
2024/05/24 星期五 00:28:22.502,1716481702502,NH-DC-NM129-D04-ROCE-Leaf-6.GPU.S9825,FourHundredGigE1/0/34,0,0,0,0,0,0
2024/05/24 星期五 00:28:23.007,1716481703007,NH-DC-NM129-D04-ROCE-Leaf-6.GPU.S9825,FourHundredGigE1/0/34,209546,765257772,253408,981766264,1.88,2.43
2024/05/24 星期五 00:28:23.552,1716481703552,NH-DC-NM129-D04-ROCE-Leaf-6.GPU.S9825,FourHundredGigE1/0/34,0,0,0,0,0,0
2024/05/24 星期五 00:28:24.138,1716481704138,NH-DC-NM129-D04-ROCE-Leaf-6.GPU.S9825,FourHundredGigE1/0/34,237788,913726644,291294,1133601784,1.94,2.41
2024/05/24 星期五 00:28:24.796,1716481704796,NH-DC-NM129-D04-ROCE-Leaf-6.GPU.S9825,FourHundredGigE1/0/34,137527,470441578,273427,1037271258,0.89,1.96
2024/05/24 星期五 00:28:25.358,1716481705358,NH-DC-NM129-D04-ROCE-Leaf-6.GPU.S9825,FourHundredGigE1/0/34,0,0,0,0,0,0
2024/05/24 星期五 00:28:25.879,1716481705879,NH-DC-NM129-D04-ROCE-Leaf-6.GPU.S9825,FourHundredGigE1/0/34,116282,389722832,221145,864182898,0.91,2.06
2024/05/24 星期五 00:28:26.384,1716481706384,NH-DC-NM129-D04-ROCE-Leaf-6.GPU.S9825,FourHundredGigE1/0/34,0,0,0,0,0,0
2024/05/24 星期五 00:28:26.886,1716481706886,NH-DC-NM129-D04-ROCE-Leaf-6.GPU.S9825,FourHundredGigE1/0/34,261950,1048991337,195868,733535752,2.59,1.82
2024/05/24 星期五 00:28:27.387,1716481707387,NH-DC-NM129-D04-ROCE-Leaf-6.GPU.S9825,FourHundredGigE1/0/34,0,0,0,0,0,0
2024/05/24 星期五 00:28:28.015,1716481708015,NH-DC-NM129-D04-ROCE-Leaf-6.GPU.S9825,FourHundredGigE1/0/34,120544,473656924,178460,678852520,0.94,1.33
2024/05/24 星期五 00:28:28.715,1716481708715,NH-DC-NM129-D04-ROCE-Leaf-6.GPU.S9825,FourHundredGigE1/0/34,0,0,0,0,0,0
2024/05/24 星期五 00:28:29.267,1716481709267,NH-DC-NM129-D04-ROCE-Leaf-6.GPU.S9825,FourHundredGigE1/0/34,44255,142527978,75225,273651638,0.32,0.61
2024/05/24 星期五 00:28:29.864,1716481709864,NH-DC-NM129-D04-ROCE-Leaf-6.GPU.S9825,FourHundredGigE1/0/34,330917,1330305415,336641,1361408070,2.78,2.85
2024/05/24 星期五 00:28:30.461,1716481710461,NH-DC-NM129-D04-ROCE-Leaf-6.GPU.S9825,FourHundredGigE1/0/34,0,0,0,0,0,0
2024/05/24 星期五 00:28:30.987,1716481710987,NH-DC-NM129-D04-ROCE-Leaf-6.GPU.S9825,FourHundredGigE1/0/34,100136,369294188,123705,445474278,0.86,1.05
2024/05/24 星期五 00:28:31.635,1716481711635,NH-DC-NM129-D04-ROCE-Leaf-6.GPU.S9825,FourHundredGigE1/0/34,0,0,0,0,0,0
2024/05/24 星期五 00:28:32.199,1716481712199,NH-DC-NM129-D04-ROCE-Leaf-6.GPU.S9825,FourHundredGigE1/0/34,199477,721570110,138139,492692150,1.60,1.09
2024/05/24 星期五 00:28:32.774,1716481712774,NH-DC-NM129-D04-ROCE-Leaf-6.GPU.S9825,FourHundredGigE1/0/34,0,0,0,0,0,0
2024/05/24 星期五 00:28:33.277,1716481713277,NH-DC-NM129-D04-ROCE-Leaf-6.GPU.S9825,FourHundredGigE1/0/34,173274,673708460,114972,415083512,1.67,1.02
2024/05/24 星期五 00:28:33.868,1716481713868,NH-DC-NM129-D04-ROCE-Leaf-6.GPU.S9825,FourHundredGigE1/0/34,197246,720493324,559836,2277510480,1.52,4.80
2024/05/24 星期五 00:28:34.499,1716481714499,NH-DC-NM129-D04-ROCE-Leaf-6.GPU.S9825,FourHundredGigE1/0/34,0,0,0,0,0,0
2024/05/24 星期五 00:28:35.072,1716481715072,NH-DC-NM129-D04-ROCE-Leaf-6.GPU.S9825,FourHundredGigE1/0/34,171430,638106096,142884,548774536,1.37,1.18
2024/05/24 星期五 00:28:35.608,1716481715608,NH-DC-NM129-D04-ROCE-Leaf-6.GPU.S9825,FourHundredGigE1/0/34,0,0,0,0,0,0
2024/05/24 星期五 00:28:36.123,1716481716123,NH-DC-NM129-D04-ROCE-Leaf-6.GPU.S9825,FourHundredGigE1/0/34,84062,315702476,228226,886078897,0.75,2.14
2024/05/24 星期五 00:28:36.630,1716481716630,NH-DC-NM129-D04-ROCE-Leaf-6.GPU.S9825,FourHundredGigE1/0/34,0,0,0,0,0,0
2024/05/24 星期五 00:28:37.132,1716481717132,NH-DC-NM129-D04-ROCE-Leaf-6.GPU.S9825,FourHundredGigE1/0/34,138719,512837586,174247,649710134,1.27,1.59
2024/05/24 星期五 00:28:37.719,1716481717719,NH-DC-NM129-D04-ROCE-Leaf-6.GPU.S9825,FourHundredGigE1/0/34,0,0,0,0,0,0
2024/05/24 星期五 00:28:38.315,1716481718315,NH-DC-NM129-D04-ROCE-Leaf-6.GPU.S9825,FourHundredGigE1/0/34,139458,537579796,595948,2298047948,1.11,4.80
2024/05/24 星期五 00:28:38.910,1716481718910,NH-DC-NM129-D04-ROCE-Leaf-6.GPU.S9825,FourHundredGigE1/0/34,114395,449158568,547108,2107618132,0.92,4.41
2024/05/24 星期五 00:28:39.816,1716481719816,NH-DC-NM129-D04-ROCE-Leaf-6.GPU.S9825,FourHundredGigE1/0/34,0,0,0,0,0,0
2024/05/24 星期五 00:28:40.314,1716481720314,NH-DC-NM129-D04-ROCE-Leaf-6.GPU.S9825,FourHundredGigE1/0/34,160676,632166694,633531,2504561042,1.58,6.28
2024/05/24 星期五 00:28:40.861,1716481720861,NH-DC-NM129-D04-ROCE-Leaf-6.GPU.S9825,FourHundredGigE1/0/34,325466,1327244404,919653,3742900200,3.02,8.55
2024/05/24 星期五 00:28:41.463,1716481721463,NH-DC-NM129-D04-ROCE-Leaf-6.GPU.S9825,FourHundredGigE1/0/34,0,0,0,0,0,0
2024/05/24 星期五 00:28:42.821,1716481722821,NH-DC-NM129-D04-ROCE-Leaf-6.GPU.S9825,FourHundredGigE1/0/34,275565,1057179080,1167627,4721169182,0.97,4.34
2024/05/24 星期五 00:28:43.336,1716481723336,NH-DC-NM129-D04-ROCE-Leaf-6.GPU.S9825,FourHundredGigE1/0/34,0,0,0,0,0,0
2024/05/24 星期五 00:28:43.958,1716481723958,NH-DC-NM129-D04-ROCE-Leaf-6.GPU.S9825,FourHundredGigE1/0/34,134951,507321958,194034,758561614,1.00,1.51
2024/05/24 星期五 00:28:44.661,1716481724661,NH-DC-NM129-D04-ROCE-Leaf-6.GPU.S9825,FourHundredGigE1/0/34,0,0,0,0,0,0
2024/05/24 星期五 00:28:45.164,1716481725164,NH-DC-NM129-D04-ROCE-Leaf-6.GPU.S9825,FourHundredGigE1/0/34,510871,2090539390,307369,1162212102,5.19,2.88
2024/05/24 星期五 00:28:45.881,1716481725881,NH-DC-NM129-D04-ROCE-Leaf-6.GPU.S9825,FourHundredGigE1/0/34,89700,353796069,358362,1425040904,0.61,2.48
2024/05/24 星期五 00:28:46.614,1716481726614,NH-DC-NM129-D04-ROCE-Leaf-6.GPU.S9825,FourHundredGigE1/0/34,0,0,0,0,0,0
2024/05/24 星期五 00:28:47.257,1716481727257,NH-DC-NM129-D04-ROCE-Leaf-6.GPU.S9825,FourHundredGigE1/0/34,369614,1467972068,296687,1178643994,2.84,2.27
2024/05/24 星期五 00:28:47.928,1716481727928,NH-DC-NM129-D04-ROCE-Leaf-6.GPU.S9825,FourHundredGigE1/0/34,363956,1377314656,368667,1481084918,2.55,2.76
2024/05/24 星期五 00:28:48.450,1716481728450,NH-DC-NM129-D04-ROCE-Leaf-6.GPU.S9825,FourHundredGigE1/0/34,0,0,0,0,0,0
2024/05/24 星期五 00:28:49.119,1716481729119,NH-DC-NM129-D04-ROCE-Leaf-6.GPU.S9825,FourHundredGigE1/0/34,235499,739392778,439460,1792380188,1.36,3.34
2024/05/24 星期五 00:28:49.751,1716481729751,NH-DC-NM129-D04-ROCE-Leaf-6.GPU.S9825,FourHundredGigE1/0/34,0,0,0,0,0,0
2024/05/24 星期五 00:28:50.279,1716481730279,NH-DC-NM129-D04-ROCE-Leaf-6.GPU.S9825,FourHundredGigE1/0/34,203683,789684567,193276,753345398,1.85,1.78
2024/05/24 星期五 00:28:50.780,1716481730780,NH-DC-NM129-D04-ROCE-Leaf-6.GPU.S9825,FourHundredGigE1/0/34,109207,403717810,141487,486657964,1.00,1.20
2024/05/24 星期五 00:28:51.400,1716481731400,NH-DC-NM129-D04-ROCE-Leaf-6.GPU.S9825,FourHundredGigE1/0/34,0,0,0,0,0,0
2024/05/24 星期五 00:28:51.911,1716481731911,NH-DC-NM129-D04-ROCE-Leaf-6.GPU.S9825,FourHundredGigE1/0/34,139122,524496588,639408,2559284792,1.27,6.24
2024/05/24 星期五 00:28:52.583,1716481732583,NH-DC-NM129-D04-ROCE-Leaf-6.GPU.S9825,FourHundredGigE1/0/34,0,0,0,0,0,0
2024/05/24 星期五 00:28:53.091,1716481733091,NH-DC-NM129-D04-ROCE-Leaf-6.GPU.S9825,FourHundredGigE1/0/34,162275,577587290,174434,623776356,1.40,1.53
2024/05/24 星期五 00:28:53.741,1716481733741,NH-DC-NM129-D04-ROCE-Leaf-6.GPU.S9825,FourHundredGigE1/0/34,0,0,0,0,0,0
2024/05/24 星期五 00:28:54.261,1716481734261,NH-DC-NM129-D04-ROCE-Leaf-6.GPU.S9825,FourHundredGigE1/0/34,526893,2133552714,60251,195558506,5.12,0.46
2024/05/24 星期五 00:28:55.874,1716481735874,NH-DC-NM129-D04-ROCE-Leaf-6.GPU.S9825,FourHundredGigE1/0/34,553480,2142722200,234110,849807972,1.66,0.65
2024/05/24 星期五 00:28:56.374,1716481736374,NH-DC-NM129-D04-ROCE-Leaf-6.GPU.S9825,FourHundredGigE1/0/34,0,0,0,0,0,0
2024/05/24 星期五 00:28:56.902,1716481736902,NH-DC-NM129-D04-ROCE-Leaf-6.GPU.S9825,FourHundredGigE1/0/34,102725,383423731,204345,762049294,0.90,1.80
2024/05/24 星期五 00:28:57.414,1716481737414,NH-DC-NM129-D04-ROCE-Leaf-6.GPU.S9825,FourHundredGigE1/0/34,0,0,0,0,0,0
2024/05/24 星期五 00:28:57.915,1716481737915,NH-DC-NM129-D04-ROCE-Leaf-6.GPU.S9825,FourHundredGigE1/0/34,82400,302851696,170929,655181194,0.75,1.62
2024/05/24 星期五 00:28:58.474,1716481738474,NH-DC-NM129-D04-ROCE-Leaf-6.GPU.S9825,FourHundredGigE1/0/34,0,0,0,0,0,0
2024/05/24 星期五 00:28:59.069,1716481739069,NH-DC-NM129-D04-ROCE-Leaf-6.GPU.S9825,FourHundredGigE1/0/34,464866,1867913735,404022,1609019576,3.91,3.36
2024/05/24 星期五 00:28:59.645,1716481739645,NH-DC-NM129-D04-ROCE-Leaf-6.GPU.S9825,FourHundredGigE1/0/34,0,0,0,0,0,0
2024/05/24 星期五 00:29:00.246,1716481740246,NH-DC-NM129-D04-ROCE-Leaf-6.GPU.S9825,FourHundredGigE1/0/34,147451,467667064,108527,409177034,0.96,0.83
2024/05/24 星期五 00:29:00.759,1716481740759,NH-DC-NM129-D04-ROCE-Leaf-6.GPU.S9825,FourHundredGigE1/0/34,0,0,0,0,0,0
2024/05/24 星期五 00:29:01.258,1716481741258,NH-DC-NM129-D04-ROCE-Leaf-6.GPU.S9825,FourHundredGigE1/0/34,265856,1007989194,105132,334688784,2.51,0.83
2024/05/24 星期五 00:29:01.881,1716481741881,NH-DC-NM129-D04-ROCE-Leaf-6.GPU.S9825,FourHundredGigE1/0/34,1010764,4119315172,338330,1368590284,8.25,2.73
2024/05/24 星期五 00:29:03.019,1716481743019,NH-DC-NM129-D04-ROCE-Leaf-6.GPU.S9825,FourHundredGigE1/0/34,3972112,16224528570,248639,885080346,17.82,0.97
2024/05/24 星期五 00:29:04.495,1716481744495,NH-DC-NM129-D04-ROCE-Leaf-6.GPU.S9825,FourHundredGigE1/0/34,0,0,0,0,0,0
2024/05/24 星期五 00:29:05.095,1716481745095,NH-DC-NM129-D04-ROCE-Leaf-6.GPU.S9825,FourHundredGigE1/0/34,133697,476490482,176857,647537462,0.98,1.33
2024/05/24 星期五 00:29:05.717,1716481745717,NH-DC-NM129-D04-ROCE-Leaf-6.GPU.S9825,FourHundredGigE1/0/34,0,0,0,0,0,0
2024/05/24 星期五 00:29:06.217,1716481746217,NH-DC-NM129-D04-ROCE-Leaf-6.GPU.S9825,FourHundredGigE1/0/34,350782,1386036920,369252,1466038256,3.45,3.65
2024/05/24 星期五 00:29:06.903,1716481746903,NH-DC-NM129-D04-ROCE-Leaf-6.GPU.S9825,FourHundredGigE1/0/34,276187,1070975282,108025,389224806,1.95,0.69
2024/05/24 星期五 00:29:07.442,1716481747442,NH-DC-NM129-D04-ROCE-Leaf-6.GPU.S9825,FourHundredGigE1/0/34,0,0,0,0,0,0
2024/05/24 星期五 00:29:08.405,1716481748405,NH-DC-NM129-D04-ROCE-Leaf-6.GPU.S9825,FourHundredGigE1/0/34,469483,1866597314,169621,596312910,2.41,0.77
2024/05/24 星期五 00:29:08.906,1716481748906,NH-DC-NM129-D04-ROCE-Leaf-6.GPU.S9825,FourHundredGigE1/0/34,140763,554322518,120383,439372112,1.37,1.07
2024/05/24 星期五 00:29:09.417,1716481749417,NH-DC-NM129-D04-ROCE-Leaf-6.GPU.S9825,FourHundredGigE1/0/34,0,0,0,0,0,0
2024/05/24 星期五 00:29:09.961,1716481749961,NH-DC-NM129-D04-ROCE-Leaf-6.GPU.S9825,FourHundredGigE1/0/34,395689,1588466450,1033939,4246698944,3.63,9.74
2024/05/24 星期五 00:29:10.721,1716481750721,NH-DC-NM129-D04-ROCE-Leaf-6.GPU.S9825,FourHundredGigE1/0/34,127686,474319076,135541,519790222,0.77,0.84
2024/05/24 星期五 00:29:11.361,1716481751361,NH-DC-NM129-D04-ROCE-Leaf-6.GPU.S9825,FourHundredGigE1/0/34,0,0,0,0,0,0
2024/05/24 星期五 00:29:12.046,1716481752046,NH-DC-NM129-D04-ROCE-Leaf-6.GPU.S9825,FourHundredGigE1/0/34,228330,868048912,228871,831605690,1.57,1.51
2024/05/24 星期五 00:29:12.658,1716481752658,NH-DC-NM129-D04-ROCE-Leaf-6.GPU.S9825,FourHundredGigE1/0/34,0,0,0,0,0,0
2024/05/24 星期五 00:29:13.158,1716481753158,NH-DC-NM129-D04-ROCE-Leaf-6.GPU.S9825,FourHundredGigE1/0/34,294554,1131887969,391109,1561437670,2.82,3.9
2024/05/24 星期五 00:29:13.922,1716481753922,NH-DC-NM129-D04-ROCE-Leaf-6.GPU.S9825,FourHundredGigE1/0/34,100603,372769926,171241,648892668,0.61,1.05
2024/05/24 星期五 00:29:14.598,1716481754598,NH-DC-NM129-D04-ROCE-Leaf-6.GPU.S9825,FourHundredGigE1/0/34,0,0,0,0,0,0
2024/05/24 星期五 00:29:15.163,1716481755163,NH-DC-NM129-D04-ROCE-Leaf-6.GPU.S9825,FourHundredGigE1/0/34,219666,771296201,134160,450542710,1.70,1.00
2024/05/24 星期五 00:29:15.768,1716481755768,NH-DC-NM129-D04-ROCE-Leaf-6.GPU.S9825,FourHundredGigE1/0/34,160661,614648638,166082,590403848,1.26,1.22
2024/05/24 星期五 00:29:16.286,1716481756286,NH-DC-NM129-D04-ROCE-Leaf-6.GPU.S9825,FourHundredGigE1/0/34,0,0,0,0,0,0
2024/05/24 星期五 00:29:16.815,1716481756815,NH-DC-NM129-D04-ROCE-Leaf-6.GPU.S9825,FourHundredGigE1/0/34,466867,1869649606,197583,749894774,4.40,1.75
2024/05/24 星期五 00:29:17.451,1716481757451,NH-DC-NM129-D04-ROCE-Leaf-6.GPU.S9825,FourHundredGigE1/0/34,0,0,0,0,0,0
2024/05/24 星期五 00:29:17.981,1716481757981,NH-DC-NM129-D04-ROCE-Leaf-6.GPU.S9825,FourHundredGigE1/0/34,238246,935613816,265222,1030083321,2.19,2.43
2024/05/24 星期五 00:29:18.632,1716481758632,NH-DC-NM129-D04-ROCE-Leaf-6.GPU.S9825,FourHundredGigE1/0/34,0,0,0,0,0,0
2024/05/24 星期五 00:29:19.133,1716481759133,NH-DC-NM129-D04-ROCE-Leaf-6.GPU.S9825,FourHundredGigE1/0/34,186853,728035598,102153,342901814,1.80,0.85
2024/05/24 星期五 00:29:19.634,1716481759634,NH-DC-NM129-D04-ROCE-Leaf-6.GPU.S9825,FourHundredGigE1/0/34,0,0,0,0,0,0
2024/05/24 星期五 00:29:20.154,1716481760154,NH-DC-NM129-D04-ROCE-Leaf-6.GPU.S9825,FourHundredGigE1/0/34,137635,530189699,480190,1802306272,1.27,4.33
2024/05/24 星期五 00:29:21.468,1716481761468,NH-DC-NM129-D04-ROCE-Leaf-6.GPU.S9825,FourHundredGigE1/0/34,222057,802143226,182501,689680054,0.76,0.65
2024/05/24 星期五 00:29:21.977,1716481761977,NH-DC-NM129-D04-ROCE-Leaf-6.GPU.S9825,FourHundredGigE1/0/34,109755,424672190,144557,570404626,1.03,1.40
2024/05/24 星期五 00:29:22.537,1716481762537,NH-DC-NM129-D04-ROCE-Leaf-6.GPU.S9825,FourHundredGigE1/0/34,0,0,0,0,0,0
2024/05/24 星期五 00:29:23.547,1716481763547,NH-DC-NM129-D04-ROCE-Leaf-6.GPU.S9825,FourHundredGigE1/0/34,104587,438825702,157534,641602528,0.53,0.79
2024/05/24 星期五 00:29:25.011,1716481765011,NH-DC-NM129-D04-ROCE-Leaf-6.GPU.S9825,FourHundredGigE1/0/34,358261,1395574662,569323,2161785946,1.19,1.84
2024/05/24 星期五 00:29:25.568,1716481765568,NH-DC-NM129-D04-ROCE-Leaf-6.GPU.S9825,FourHundredGigE1/0/34,0,0,0,0,0,0
2024/05/24 星期五 00:29:27.008,1716481767008,NH-DC-NM129-D04-ROCE-Leaf-6.GPU.S9825,FourHundredGigE1/0/34,445648,1627620976,370428,1465474764,1.41,1.27
2024/05/24 星期五 00:29:27.599,1716481767599,NH-DC-NM129-D04-ROCE-Leaf-6.GPU.S9825,FourHundredGigE1/0/34,0,0,0,0,0,0
2024/05/24 星期五 00:29:28.098,1716481768098,NH-DC-NM129-D04-ROCE-Leaf-6.GPU.S9825,FourHundredGigE1/0/34,419675,1588597750,453323,1836490778,3.96,4.58
2024/05/24 星期五 00:29:28.721,1716481768721,NH-DC-NM129-D04-ROCE-Leaf-6.GPU.S9825,FourHundredGigE1/0/34,0,0,0,0,0,0
2024/05/24 星期五 00:29:29.222,1716481769222,NH-DC-NM129-D04-ROCE-Leaf-6.GPU.S9825,FourHundredGigE1/0/34,99619,368396690,118993,470097650,0.90,1.17
2024/05/24 星期五 00:29:29.725,1716481769725,NH-DC-NM129-D04-ROCE-Leaf-6.GPU.S9825,FourHundredGigE1/0/34,0,0,0,0,0,0
2024/05/24 星期五 00:29:30.341,1716481770341,NH-DC-NM129-D04-ROCE-Leaf-6.GPU.S9825,FourHundredGigE1/0/34,149254,536194236,253018,990317200,1.08,2.01
2024/05/24 星期五 00:29:30.931,1716481770931,NH-DC-NM129-D04-ROCE-Leaf-6.GPU.S9825,FourHundredGigE1/0/34,350058,1337203572,120075,448713310,2.82,0.93
2024/05/24 星期五 00:29:31.433,1716481771433,NH-DC-NM129-D04-ROCE-Leaf-6.GPU.S9825,FourHundredGigE1/0/34,0,0,0,0,0,0
2024/05/24 星期五 00:29:32.145,1716481772145,NH-DC-NM129-D04-ROCE-Leaf-6.GPU.S9825,FourHundredGigE1/0/34,301638,1174964000,328742,1218712828,2.05,2.12
2024/05/24 星期五 00:29:32.711,1716481772711,NH-DC-NM129-D04-ROCE-Leaf-6.GPU.S9825,FourHundredGigE1/0/34,0,0,0,0,0,0
2024/05/24 星期五 00:29:33.213,1716481773213,NH-DC-NM129-D04-ROCE-Leaf-6.GPU.S9825,FourHundredGigE1/0/34,188472,681952618,86479,320443162,1.69,0.80
2024/05/24 星期五 00:29:34.031,1716481774031,NH-DC-NM129-D04-ROCE-Leaf-6.GPU.S9825,FourHundredGigE1/0/34,104584,346024374,157629,549836838,0.52,0.83
2024/05/24 星期五 00:29:34.616,1716481774616,NH-DC-NM129-D04-ROCE-Leaf-6.GPU.S9825,FourHundredGigE1/0/34,0,0,0,0,0,0
2024/05/24 星期五 00:29:35.120,1716481775120,NH-DC-NM129-D04-ROCE-Leaf-6.GPU.S9825,FourHundredGigE1/0/34,139263,516299474,101687,388574752,1.26,0.94
2024/05/24 星期五 00:29:35.795,1716481775795,NH-DC-NM129-D04-ROCE-Leaf-6.GPU.S9825,FourHundredGigE1/0/34,278012,1084559180,198603,756865334,2,1.39
2024/05/24 星期五 00:29:37.022,1716481777022,NH-DC-NM129-D04-ROCE-Leaf-6.GPU.S9825,FourHundredGigE1/0/34,232798,905134988,215269,862031354,0.92,0.88
2024/05/24 星期五 00:29:37.593,1716481777593,NH-DC-NM129-D04-ROCE-Leaf-6.GPU.S9825,FourHundredGigE1/0/34,0,0,0,0,0,0
2024/05/24 星期五 00:29:38.093,1716481778093,NH-DC-NM129-D04-ROCE-Leaf-6.GPU.S9825,FourHundredGigE1/0/34,205364,779193566,182145,703024538,1.92,1.75
2024/05/24 星期五 00:29:38.661,1716481778661,NH-DC-NM129-D04-ROCE-Leaf-6.GPU.S9825,FourHundredGigE1/0/34,0,0,0,0,0,0
2024/05/24 星期五 00:29:39.163,1716481779163,NH-DC-NM129-D04-ROCE-Leaf-6.GPU.S9825,FourHundredGigE1/0/34,607711,2406910846,674193,2679396490,5.98,6.65
2024/05/24 星期五 00:29:39.668,1716481779668,NH-DC-NM129-D04-ROCE-Leaf-6.GPU.S9825,FourHundredGigE1/0/34,0,0,0,0,0,0
2024/05/24 星期五 00:29:40.268,1716481780268,NH-DC-NM129-D04-ROCE-Leaf-6.GPU.S9825,FourHundredGigE1/0/34,254408,955519522,170497,636837146,1.98,1.31
2024/05/24 星期五 00:29:40.849,1716481780849,NH-DC-NM129-D04-ROCE-Leaf-6.GPU.S9825,FourHundredGigE1/0/34,408258,1585992484,168741,601094862,3.40,1.29
2024/05/24 星期五 00:29:41.366,1716481781366,NH-DC-NM129-D04-ROCE-Leaf-6.GPU.S9825,FourHundredGigE1/0/34,0,0,0,0,0,0
2024/05/24 星期五 00:29:42.148,1716481782148,NH-DC-NM129-D04-ROCE-Leaf-6.GPU.S9825,FourHundredGigE1/0/34,212702,822233612,319194,1248423594,1.31,1.98
2024/05/24 星期五 00:29:42.904,1716481782904,NH-DC-NM129-D04-ROCE-Leaf-6.GPU.S9825,FourHundredGigE1/0/34,324226,1301787917,258298,999497762,2.15,1.64
2024/05/24 星期五 00:29:43.481,1716481783481,NH-DC-NM129-D04-ROCE-Leaf-6.GPU.S9825,FourHundredGigE1/0/34,0,0,0,0,0,0
2024/05/24 星期五 00:29:44.248,1716481784248,NH-DC-NM129-D04-ROCE-Leaf-6.GPU.S9825,FourHundredGigE1/0/34,241398,910623448,180055,625019694,1.48,1.01
2024/05/24 星期五 00:29:44.791,1716481784791,NH-DC-NM129-D04-ROCE-Leaf-6.GPU.S9825,FourHundredGigE1/0/34,0,0,0,0,0,0
2024/05/24 星期五 00:29:45.294,1716481785294,NH-DC-NM129-D04-ROCE-Leaf-6.GPU.S9825,FourHundredGigE1/0/34,122943,461835966,137190,538693656,1.14,1.32
2024/05/24 星期五 00:29:45.964,1716481785964,NH-DC-NM129-D04-ROCE-Leaf-6.GPU.S9825,FourHundredGigE1/0/34,247441,995365786,305802,1186996692,1.85,2.20
2024/05/24 星期五 00:29:46.754,1716481786754,NH-DC-NM129-D04-ROCE-Leaf-6.GPU.S9825,FourHundredGigE1/0/34,140285,532646536,136570,527504016,0.84,0.82
2024/05/24 星期五 00:29:47.477,1716481787477,NH-DC-NM129-D04-ROCE-Leaf-6.GPU.S9825,FourHundredGigE1/0/34,0,0,0,0,0,0
2024/05/24 星期五 00:29:48.054,1716481788054,NH-DC-NM129-D04-ROCE-Leaf-6.GPU.S9825,FourHundredGigE1/0/34,225967,816620900,320045,1250779594,1.75,2.71
2024/05/24 星期五 00:29:48.554,1716481788554,NH-DC-NM129-D04-ROCE-Leaf-6.GPU.S9825,FourHundredGigE1/0/34,0,0,0,0,0,0
2024/05/24 星期五 00:29:49.058,1716481789058,NH-DC-NM129-D04-ROCE-Leaf-6.GPU.S9825,FourHundredGigE1/0/34,152660,581366400,114112,421390704,1.44,1.04
2024/05/24 星期五 00:29:49.798,1716481789798,NH-DC-NM129-D04-ROCE-Leaf-6.GPU.S9825,FourHundredGigE1/0/34,178742,690541405,166291,624813746,1.17,1.05
2024/05/24 星期五 00:29:50.376,1716481790376,NH-DC-NM129-D04-ROCE-Leaf-6.GPU.S9825,FourHundredGigE1/0/34,0,0,0,0,0,0
2024/05/24 星期五 00:29:51.017,1716481791017,NH-DC-NM129-D04-ROCE-Leaf-6.GPU.S9825,FourHundredGigE1/0/34,153506,546440820,95561,348438374,1.05,0.66
2024/05/24 星期五 00:29:51.567,1716481791567,NH-DC-NM129-D04-ROCE-Leaf-6.GPU.S9825,FourHundredGigE1/0/34,0,0,0,0,0,0
2024/05/24 星期五 00:29:52.081,1716481792081,NH-DC-NM129-D04-ROCE-Leaf-6.GPU.S9825,FourHundredGigE1/0/34,125533,425454559,102055,371109770,1.02,0.90
2024/05/24 星期五 00:29:52.637,1716481792637,NH-DC-NM129-D04-ROCE-Leaf-6.GPU.S9825,FourHundredGigE1/0/34,0,0,0,0,0,0
2024/05/24 星期五 00:29:53.270,1716481793270,NH-DC-NM129-D04-ROCE-Leaf-6.GPU.S9825,FourHundredGigE1/0/34,230525,845284608,248323,929339942,1.66,1.82
2024/05/24 星期五 00:29:54.159,1716481794159,NH-DC-NM129-D04-ROCE-Leaf-6.GPU.S9825,FourHundredGigE1/0/34,195235,704360240,192936,685797828,0.98,0.96
2024/05/24 星期五 00:29:54.845,1716481794845,NH-DC-NM129-D04-ROCE-Leaf-6.GPU.S9825,FourHundredGigE1/0/34,159297,540548438,156321,562202946,0.98,1.02
2024/05/24 星期五 00:29:55.492,1716481795492,NH-DC-NM129-D04-ROCE-Leaf-6.GPU.S9825,FourHundredGigE1/0/34,0,0,0,0,0,0
2024/05/24 星期五 00:29:57.584,1716481797584,NH-DC-NM129-D04-ROCE-Leaf-6.GPU.S9825,FourHundredGigE1/0/34,486106,1813203069,1035901,4211067498,1.08,2.52
2024/05/24 星期五 00:29:58.097,1716481798097,NH-DC-NM129-D04-ROCE-Leaf-6.GPU.S9825,FourHundredGigE1/0/34,238813,731315618,526921,2145302750,1.78,5.21
2024/05/24 星期五 00:29:58.611,1716481798611,NH-DC-NM129-D04-ROCE-Leaf-6.GPU.S9825,FourHundredGigE1/0/34,0,0,0,0,0,0
2024/05/24 星期五 00:29:59.120,1716481799120,NH-DC-NM129-D04-ROCE-Leaf-6.GPU.S9825,FourHundredGigE1/0/34,145009,596543494,161382,660255616,1.45,1.62
2024/05/24 星期五 00:29:59.801,1716481799801,NH-DC-NM129-D04-ROCE-Leaf-6.GPU.S9825,FourHundredGigE1/0/34,245121,957831878,327582,1311923796,1.74,2.40
2024/05/24 星期五 00:30:00.571,1716481800571,NH-DC-NM129-D04-ROCE-Leaf-6.GPU.S9825,FourHundredGigE1/0/34,0,0,0,0,0,0
2024/05/24 星期五 00:30:01.132,1716481801132,NH-DC-NM129-D04-ROCE-Leaf-6.GPU.S9825,FourHundredGigE1/0/34,41153,138726206,64571,244429454,0.29,0.53
2024/05/24 星期五 00:30:01.708,1716481801708,NH-DC-NM129-D04-ROCE-Leaf-6.GPU.S9825,FourHundredGigE1/0/34,0,0,0,0,0,0
2024/05/24 星期五 00:30:02.210,1716481802210,NH-DC-NM129-D04-ROCE-Leaf-6.GPU.S9825,FourHundredGigE1/0/34,508423,1967928735,483311,1771988118,4.88,4.41
2024/05/24 星期五 00:30:04.064,1716481804064,NH-DC-NM129-D04-ROCE-Leaf-6.GPU.S9825,FourHundredGigE1/0/34,356883,1438260938,371365,1206835206,0.96,0.81
2024/05/24 星期五 00:30:04.926,1716481804926,NH-DC-NM129-D04-ROCE-Leaf-6.GPU.S9825,FourHundredGigE1/0/34,406515,1633013538,236726,942443708,2.36,1.36
2024/05/24 星期五 00:30:05.448,1716481805448,NH-DC-NM129-D04-ROCE-Leaf-6.GPU.S9825,FourHundredGigE1/0/34,0,0,0,0,0,0
2024/05/24 星期五 00:30:05.950,1716481805950,NH-DC-NM129-D04-ROCE-Leaf-6.GPU.S9825,FourHundredGigE1/0/34,303581,1223396746,198331,759831454,3.04,1.87
2024/05/24 星期五 00:30:06.501,1716481806501,NH-DC-NM129-D04-ROCE-Leaf-6.GPU.S9825,FourHundredGigE1/0/34,0,0,0,0,0,0
2024/05/24 星期五 00:30:07.088,1716481807088,NH-DC-NM129-D04-ROCE-Leaf-6.GPU.S9825,FourHundredGigE1/0/34,176226,670582468,157670,561175796,1.43,1.19
2024/05/24 星期五 00:30:07.691,1716481807691,NH-DC-NM129-D04-ROCE-Leaf-6.GPU.S9825,FourHundredGigE1/0/34,287464,1059800992,165171,640458142,2.18,1.33
2024/05/24 星期五 00:30:08.324,1716481808324,NH-DC-NM129-D04-ROCE-Leaf-6.GPU.S9825,FourHundredGigE1/0/34,0,0,0,0,0,0
2024/05/24 星期五 00:30:08.847,1716481808847,NH-DC-NM129-D04-ROCE-Leaf-6.GPU.S9825,FourHundredGigE1/0/34,0,0,0,0,0,0
2024/05/24 星期五 00:30:09.346,1716481809346,NH-DC-NM129-D04-ROCE-Leaf-6.GPU.S9825,FourHundredGigE1/0/34,119769,441399606,212418,842775488,1.10,2.10
2024/05/24 星期五 00:30:09.867,1716481809867,NH-DC-NM129-D04-ROCE-Leaf-6.GPU.S9825,FourHundredGigE1/0/34,131496,504332478,144714,542013684,1.20,1.30
2024/05/24 星期五 00:30:10.460,1716481810460,NH-DC-NM129-D04-ROCE-Leaf-6.GPU.S9825,FourHundredGigE1/0/34,0,0,0,0,0,0
2024/05/24 星期五 00:30:11.195,1716481811195,NH-DC-NM129-D04-ROCE-Leaf-6.GPU.S9825,FourHundredGigE1/0/34,423675,1733534717,255938,1024969072,2.94,1.73
2024/05/24 星期五 00:30:11.890,1716481811890,NH-DC-NM129-D04-ROCE-Leaf-6.GPU.S9825,FourHundredGigE1/0/34,208524,825764460,81763,279822194,1.47,0.49
2024/05/24 星期五 00:30:12.415,1716481812415,NH-DC-NM129-D04-ROCE-Leaf-6.GPU.S9825,FourHundredGigE1/0/34,0,0,0,0,0,0
2024/05/24 星期五 00:30:12.915,1716481812915,NH-DC-NM129-D04-ROCE-Leaf-6.GPU.S9825,FourHundredGigE1/0/34,92901,316218945,68391,224980294,0.78,0.55
2024/05/24 星期五 00:30:13.520,1716481813520,NH-DC-NM129-D04-ROCE-Leaf-6.GPU.S9825,FourHundredGigE1/0/34,132517,496362428,132438,462458237,1.01,0.95
2024/05/24 星期五 00:30:14.369,1716481814369,NH-DC-NM129-D04-ROCE-Leaf-6.GPU.S9825,FourHundredGigE1/0/34,0,0,0,0,0,0
2024/05/24 星期五 00:30:15.100,1716481815100,NH-DC-NM129-D04-ROCE-Leaf-6.GPU.S9825,FourHundredGigE1/0/34,302290,1182137753,257483,1005979670,2.02,1.71
2024/05/24 星期五 00:30:15.663,1716481815663,NH-DC-NM129-D04-ROCE-Leaf-6.GPU.S9825,FourHundredGigE1/0/34,0,0,0,0,0,0
2024/05/24 星期五 00:30:16.167,1716481816167,NH-DC-NM129-D04-ROCE-Leaf-6.GPU.S9825,FourHundredGigE1/0/34,125710,479774428,108155,418242350,1.17,1.02
2024/05/24 星期五 00:30:16.673,1716481816673,NH-DC-NM129-D04-ROCE-Leaf-6.GPU.S9825,FourHundredGigE1/0/34,0,0,0,0,0,0
2024/05/24 星期五 00:30:17.173,1716481817173,NH-DC-NM129-D04-ROCE-Leaf-6.GPU.S9825,FourHundredGigE1/0/34,174129,625426914,153295,553930018,1.55,1.38
2024/05/24 星期五 00:30:17.797,1716481817797,NH-DC-NM129-D04-ROCE-Leaf-6.GPU.S9825,FourHundredGigE1/0/34,388829,1513211306,292637,1172376566,3.02,2.34
2024/05/24 星期五 00:30:18.512,1716481818512,NH-DC-NM129-D04-ROCE-Leaf-6.GPU.S9825,FourHundredGigE1/0/34,0,0,0,0,0,0
2024/05/24 星期五 00:30:19.080,1716481819080,NH-DC-NM129-D04-ROCE-Leaf-6.GPU.S9825,FourHundredGigE1/0/34,210758,847442240,100861,359423942,1.85,0.77
2024/05/24 星期五 00:30:19.581,1716481819581,NH-DC-NM129-D04-ROCE-Leaf-6.GPU.S9825,FourHundredGigE1/0/34,0,0,0,0,0,0
2024/05/24 星期五 00:30:20.084,1716481820084,NH-DC-NM129-D04-ROCE-Leaf-6.GPU.S9825,FourHundredGigE1/0/34,195939,723662727,225771,875482022,1.79,2.16
2024/05/24 星期五 00:30:20.648,1716481820648,NH-DC-NM129-D04-ROCE-Leaf-6.GPU.S9825,FourHundredGigE1/0/34,0,0,0,0,0,0
2024/05/24 星期五 00:30:21.150,1716481821150,NH-DC-NM129-D04-ROCE-Leaf-6.GPU.S9825,FourHundredGigE1/0/34,169279,657794028,599943,2443176014,1.62,6.08
2024/05/24 星期五 00:30:21.939,1716481821939,NH-DC-NM129-D04-ROCE-Leaf-6.GPU.S9825,FourHundredGigE1/0/34,427918,1682806038,1116028,4558031164,2.66,7.21
2024/05/24 星期五 00:30:22.481,1716481822481,NH-DC-NM129-D04-ROCE-Leaf-6.GPU.S9825,FourHundredGigE1/0/34,0,0,0,0,0,0
2024/05/24 星期五 00:30:22.983,1716481822983,NH-DC-NM129-D04-ROCE-Leaf-6.GPU.S9825,FourHundredGigE1/0/34,289182,1123859714,1207328,4902304898,2.79,12.20
2024/05/24 星期五 00:30:23.618,1716481823618,NH-DC-NM129-D04-ROCE-Leaf-6.GPU.S9825,FourHundredGigE1/0/34,136054,479356990,1131225,4606487718,0.93,9.06
2024/05/24 星期五 00:30:25.175,1716481825175,NH-DC-NM129-D04-ROCE-Leaf-6.GPU.S9825,FourHundredGigE1/0/34,444373,1756833694,164144,570182104,1.40,0.46
2024/05/24 星期五 00:30:25.765,1716481825765,NH-DC-NM129-D04-ROCE-Leaf-6.GPU.S9825,FourHundredGigE1/0/34,0,0,0,0,0,0
2024/05/24 星期五 00:30:26.266,1716481826266,NH-DC-NM129-D04-ROCE-Leaf-6.GPU.S9825,FourHundredGigE1/0/34,190506,684119048,148979,532106326,1.70,1.32
2024/05/24 星期五 00:30:27.205,1716481827205,NH-DC-NM129-D04-ROCE-Leaf-6.GPU.S9825,FourHundredGigE1/0/34,184528,686660397,264807,1051285946,0.91,1.40
2024/05/24 星期五 00:30:27.815,1716481827815,NH-DC-NM129-D04-ROCE-Leaf-6.GPU.S9825,FourHundredGigE1/0/34,317428,1248450244,209652,794879828,2.54,1.62
2024/05/24 星期五 00:30:28.613,1716481828613,NH-DC-NM129-D04-ROCE-Leaf-6.GPU.S9825,FourHundredGigE1/0/34,0,0,0,0,0,0
2024/05/24 星期五 00:30:29.213,1716481829213,NH-DC-NM129-D04-ROCE-Leaf-6.GPU.S9825,FourHundredGigE1/0/34,347708,1351104720,374439,1453720234,2.81,3.02
2024/05/24 星期五 00:30:29.715,1716481829715,NH-DC-NM129-D04-ROCE-Leaf-6.GPU.S9825,FourHundredGigE1/0/34,0,0,0,0,0,0
2024/05/24 星期五 00:30:30.219,1716481830219,NH-DC-NM129-D04-ROCE-Leaf-6.GPU.S9825,FourHundredGigE1/0/34,258224,991681172,181881,648786886,2.46,1.59
2024/05/24 星期五 00:30:30.753,1716481830753,NH-DC-NM129-D04-ROCE-Leaf-6.GPU.S9825,FourHundredGigE1/0/34,0,0,0,0,0,0
2024/05/24 星期五 00:30:31.280,1716481831280,NH-DC-NM129-D04-ROCE-Leaf-6.GPU.S9825,FourHundredGigE1/0/34,153849,610671894,268338,1035530384,1.45,2.44
2024/05/24 星期五 00:30:32.081,1716481832081,NH-DC-NM129-D04-ROCE-Leaf-6.GPU.S9825,FourHundredGigE1/0/34,190124,703468626,165049,651817262,1.09,1.01
2024/05/24 星期五 00:30:32.602,1716481832602,NH-DC-NM129-D04-ROCE-Leaf-6.GPU.S9825,FourHundredGigE1/0/34,0,0,0,0,0,0
2024/05/24 星期五 00:30:33.105,1716481833105,NH-DC-NM129-D04-ROCE-Leaf-6.GPU.S9825,FourHundredGigE1/0/34,300305,1196335826,262848,1050999296,2.96,2.61
2024/05/24 星期五 00:30:33.684,1716481833684,NH-DC-NM129-D04-ROCE-Leaf-6.GPU.S9825,FourHundredGigE1/0/34,0,0,0,0,0,0
2024/05/24 星期五 00:30:34.247,1716481834247,NH-DC-NM129-D04-ROCE-Leaf-6.GPU.S9825,FourHundredGigE1/0/34,170537,641335097,115186,426877980,1.42,0.93
2024/05/24 星期五 00:30:35.042,1716481835042,NH-DC-NM129-D04-ROCE-Leaf-6.GPU.S9825,FourHundredGigE1/0/34,228655,895697974,347579,1314826426,1.40,2.06
2024/05/24 星期五 00:30:35.709,1716481835709,NH-DC-NM129-D04-ROCE-Leaf-6.GPU.S9825,FourHundredGigE1/0/34,0,0,0,0,0,0
2024/05/24 星期五 00:30:36.210,1716481836210,NH-DC-NM129-D04-ROCE-Leaf-6.GPU.S9825,FourHundredGigE1/0/34,284564,1099306581,50042,171035520,2.72,0.42
2024/05/24 星期五 00:30:36.710,1716481836710,NH-DC-NM129-D04-ROCE-Leaf-6.GPU.S9825,FourHundredGigE1/0/34,0,0,0,0,0,0
2024/05/24 星期五 00:30:37.213,1716481837213,NH-DC-NM129-D04-ROCE-Leaf-6.GPU.S9825,FourHundredGigE1/0/34,139276,513545260,124702,434159276,1.27,1.07
2024/05/24 星期五 00:30:37.714,1716481837714,NH-DC-NM129-D04-ROCE-Leaf-6.GPU.S9825,FourHundredGigE1/0/34,0,0,0,0,0,0
2024/05/24 星期五 00:30:38.296,1716481838296,NH-DC-NM129-D04-ROCE-Leaf-6.GPU.S9825,FourHundredGigE1/0/34,267659,1069170534,187705,744708614,2.28,1.59
2024/05/24 星期五 00:30:39.086,1716481839086,NH-DC-NM129-D04-ROCE-Leaf-6.GPU.S9825,FourHundredGigE1/0/34,148258,510858920,127343,501191554,0.81,0.79
2024/05/24 星期五 00:30:39.586,1716481839586,NH-DC-NM129-D04-ROCE-Leaf-6.GPU.S9825,FourHundredGigE1/0/34,0,0,0,0,0,0
2024/05/24 星期五 00:30:40.089,1716481840089,NH-DC-NM129-D04-ROCE-Leaf-6.GPU.S9825,FourHundredGigE1/0/34,317103,1279196510,537287,2169534946,3.16,5.37
2024/05/24 星期五 00:30:40.650,1716481840650,NH-DC-NM129-D04-ROCE-Leaf-6.GPU.S9825,FourHundredGigE1/0/34,0,0,0,0,0,0
2024/05/24 星期五 00:30:41.151,1716481841151,NH-DC-NM129-D04-ROCE-Leaf-6.GPU.S9825,FourHundredGigE1/0/34,135347,463758743,108060,422878820,1.15,1.05
2024/05/24 星期五 00:30:42.118,1716481842118,NH-DC-NM129-D04-ROCE-Leaf-6.GPU.S9825,FourHundredGigE1/0/34,167309,678687910,157308,582362552,0.87,0.75
2024/05/24 星期五 00:30:42.979,1716481842979,NH-DC-NM129-D04-ROCE-Leaf-6.GPU.S9825,FourHundredGigE1/0/34,292926,1064262681,84197,299126010,1.54,0.42
2024/05/24 星期五 00:30:43.477,1716481843477,NH-DC-NM129-D04-ROCE-Leaf-6.GPU.S9825,FourHundredGigE1/0/34,0,0,0,0,0,0
2024/05/24 星期五 00:30:44.124,1716481844124,NH-DC-NM129-D04-ROCE-Leaf-6.GPU.S9825,FourHundredGigE1/0/34,333664,1376621224,63491,218364434,2.65,0.41
2024/05/24 星期五 00:30:44.702,1716481844702,NH-DC-NM129-D04-ROCE-Leaf-6.GPU.S9825,FourHundredGigE1/0/34,0,0,0,0,0,0
2024/05/24 星期五 00:30:45.203,1716481845203,NH-DC-NM129-D04-ROCE-Leaf-6.GPU.S9825,FourHundredGigE1/0/34,77121,300698748,162937,644903106,0.75,1.60
2024/05/24 星期五 00:30:45.955,1716481845955,NH-DC-NM129-D04-ROCE-Leaf-6.GPU.S9825,FourHundredGigE1/0/34,134537,521466916,247637,964910320,0.86,1.60
2024/05/24 星期五 00:30:48.271,1716481848271,NH-DC-NM129-D04-ROCE-Leaf-6.GPU.S9825,FourHundredGigE1/0/34,221945,798228126,266627,960527728,0.43,0.52
2024/05/24 星期五 00:30:48.779,1716481848779,NH-DC-NM129-D04-ROCE-Leaf-6.GPU.S9825,FourHundredGigE1/0/34,0,0,0,0,0,0
2024/05/24 星期五 00:30:49.345,1716481849345,NH-DC-NM129-D04-ROCE-Leaf-6.GPU.S9825,FourHundredGigE1/0/34,211361,821961362,253361,940252434,1.81,2.08
2024/05/24 星期五 00:30:50.025,1716481850025,NH-DC-NM129-D04-ROCE-Leaf-6.GPU.S9825,FourHundredGigE1/0/34,324062,1279631084,266643,1052529830,2.33,1.93
2024/05/24 星期五 00:30:50.552,1716481850552,NH-DC-NM129-D04-ROCE-Leaf-6.GPU.S9825,FourHundredGigE1/0/34,0,0,0,0,0,0
2024/05/24 星期五 00:30:51.049,1716481851049,NH-DC-NM129-D04-ROCE-Leaf-6.GPU.S9825,FourHundredGigE1/0/34,256151,1008219370,238044,911838432,2.52,2.29
2024/05/24 星期五 00:30:51.550,1716481851550,NH-DC-NM129-D04-ROCE-Leaf-6.GPU.S9825,FourHundredGigE1/0/34,0,0,0,0,0,0
2024/05/24 星期五 00:30:52.051,1716481852051,NH-DC-NM129-D04-ROCE-Leaf-6.GPU.S9825,FourHundredGigE1/0/34,63455,227879282,124889,442108638,0.55,1.10
2024/05/24 星期五 00:30:52.687,1716481852687,NH-DC-NM129-D04-ROCE-Leaf-6.GPU.S9825,FourHundredGigE1/0/34,233972,903123464,201010,751454584,1.77,1.47
2024/05/24 星期五 00:30:53.351,1716481853351,NH-DC-NM129-D04-ROCE-Leaf-6.GPU.S9825,FourHundredGigE1/0/34,0,0,0,0,0,0
2024/05/24 星期五 00:30:53.994,1716481853994,NH-DC-NM129-D04-ROCE-Leaf-6.GPU.S9825,FourHundredGigE1/0/34,221156,861701080,336647,1336340324,1.67,2.59
2024/05/24 星期五 00:30:54.673,1716481854673,NH-DC-NM129-D04-ROCE-Leaf-6.GPU.S9825,FourHundredGigE1/0/34,0,0,0,0,0,0
2024/05/24 星期五 00:30:55.510,1716481855510,NH-DC-NM129-D04-ROCE-Leaf-6.GPU.S9825,FourHundredGigE1/0/34,551131,2154663466,408359,1539143294,3.21,2.28
2024/05/24 星期五 00:30:56.478,1716481856478,NH-DC-NM129-D04-ROCE-Leaf-6.GPU.S9825,FourHundredGigE1/0/34,0,0,0,0,0,0
2024/05/24 星期五 00:30:57.156,1716481857156,NH-DC-NM129-D04-ROCE-Leaf-6.GPU.S9825,FourHundredGigE1/0/34,209738,837135244,372561,1464909948,1.53,2.69
2024/05/24 星期五 00:30:57.666,1716481857666,NH-DC-NM129-D04-ROCE-Leaf-6.GPU.S9825,FourHundredGigE1/0/34,0,0,0,0,0,0
2024/05/24 星期五 00:30:58.176,1716481858176,NH-DC-NM129-D04-ROCE-Leaf-6.GPU.S9825,FourHundredGigE1/0/34,368833,1447940490,291874,1097955062,3.53,2.67
2024/05/24 星期五 00:30:58.764,1716481858764,NH-DC-NM129-D04-ROCE-Leaf-6.GPU.S9825,FourHundredGigE1/0/34,170159,639532662,170764,621779394,1.34,1.32
2024/05/24 星期五 00:30:59.325,1716481859325,NH-DC-NM129-D04-ROCE-Leaf-6.GPU.S9825,FourHundredGigE1/0/34,0,0,0,0,0,0
2024/05/24 星期五 00:31:00.094,1716481860094,NH-DC-NM129-D04-ROCE-Leaf-6.GPU.S9825,FourHundredGigE1/0/34,247489,988517974,180077,705775330,1.59,1.14
2024/05/24 星期五 00:31:00.654,1716481860654,NH-DC-NM129-D04-ROCE-Leaf-6.GPU.S9825,FourHundredGigE1/0/34,0,0,0,0,0,0
2024/05/24 星期五 00:31:01.155,1716481861155,NH-DC-NM129-D04-ROCE-Leaf-6.GPU.S9825,FourHundredGigE1/0/34,68247,238966391,128067,470286150,0.57,1.17
2024/05/24 星期五 00:31:01.708,1716481861708,NH-DC-NM129-D04-ROCE-Leaf-6.GPU.S9825,FourHundredGigE1/0/34,0,0,0,0,0,0
2024/05/24 星期五 00:31:02.205,1716481862205,NH-DC-NM129-D04-ROCE-Leaf-6.GPU.S9825,FourHundredGigE1/0/34,439738,1569934132,286939,1091697882,3.92,2.74
2024/05/24 星期五 00:31:04.337,1716481864337,NH-DC-NM129-D04-ROCE-Leaf-6.GPU.S9825,FourHundredGigE1/0/34,120186,447420188,122478,461917216,0.26,0.27
2024/05/24 星期五 00:31:04.990,1716481864990,NH-DC-NM129-D04-ROCE-Leaf-6.GPU.S9825,FourHundredGigE1/0/34,345688,1362533148,341942,1283677944,2.60,2.45
2024/05/24 星期五 00:31:05.559,1716481865559,NH-DC-NM129-D04-ROCE-Leaf-6.GPU.S9825,FourHundredGigE1/0/34,0,0,0,0,0,0
2024/05/24 星期五 00:31:06.064,1716481866064,NH-DC-NM129-D04-ROCE-Leaf-6.GPU.S9825,FourHundredGigE1/0/34,116914,412881460,145430,330736704,1.01,0.82
2024/05/24 星期五 00:31:06.674,1716481866674,NH-DC-NM129-D04-ROCE-Leaf-6.GPU.S9825,FourHundredGigE1/0/34,0,0,0,0,0,0
2024/05/24 星期五 00:31:07.240,1716481867240,NH-DC-NM129-D04-ROCE-Leaf-6.GPU.S9825,FourHundredGigE1/0/34,95650,275401300,169447,649216422,0.60,1.41
2024/05/24 星期五 00:31:07.829,1716481867829,NH-DC-NM129-D04-ROCE-Leaf-6.GPU.S9825,FourHundredGigE1/0/34,139539,542324036,86330,321243724,1.15,0.68
2024/05/24 星期五 00:31:08.329,1716481868329,NH-DC-NM129-D04-ROCE-Leaf-6.GPU.S9825,FourHundredGigE1/0/34,0,0,0,0,0,0
2024/05/24 星期五 00:31:08.857,1716481868857,NH-DC-NM129-D04-ROCE-Leaf-6.GPU.S9825,FourHundredGigE1/0/34,181362,645267335,226677,874306670,1.52,2.06
2024/05/24 星期五 00:31:09.425,1716481869425,NH-DC-NM129-D04-ROCE-Leaf-6.GPU.S9825,FourHundredGigE1/0/34,0,0,0,0,0,0
2024/05/24 星期五 00:31:09.939,1716481869939,NH-DC-NM129-D04-ROCE-Leaf-6.GPU.S9825,FourHundredGigE1/0/34,249229,972623302,207650,803794436,2.36,1.95
2024/05/24 星期五 00:31:10.440,1716481870440,NH-DC-NM129-D04-ROCE-Leaf-6.GPU.S9825,FourHundredGigE1/0/34,0,0,0,0,0,0
2024/05/24 星期五 00:31:11.158,1716481871158,NH-DC-NM129-D04-ROCE-Leaf-6.GPU.S9825,FourHundredGigE1/0/34,222112,808666049,149144,584646160,1.39,1.01
2024/05/24 星期五 00:31:11.797,1716481871797,NH-DC-NM129-D04-ROCE-Leaf-6.GPU.S9825,FourHundredGigE1/0/34,220067,845520070,290841,1069991126,1.64,2.07
2024/05/24 星期五 00:31:12.374,1716481872374,NH-DC-NM129-D04-ROCE-Leaf-6.GPU.S9825,FourHundredGigE1/0/34,0,0,0,0,0,0
2024/05/24 星期五 00:31:12.875,1716481872875,NH-DC-NM129-D04-ROCE-Leaf-6.GPU.S9825,FourHundredGigE1/0/34,114913,398626507,216082,851144888,0.97,2.12
2024/05/24 星期五 00:31:13.461,1716481873461,NH-DC-NM129-D04-ROCE-Leaf-6.GPU.S9825,FourHundredGigE1/0/34,0,0,0,0,0,0
2024/05/24 星期五 00:31:14.001,1716481874001,NH-DC-NM129-D04-ROCE-Leaf-6.GPU.S9825,FourHundredGigE1/0/34,321066,1206489424,354307,1414504942,2.78,3.26
2024/05/24 星期五 00:31:14.710,1716481874710,NH-DC-NM129-D04-ROCE-Leaf-6.GPU.S9825,FourHundredGigE1/0/34,0,0,0,0,0,0
2024/05/24 星期五 00:31:15.314,1716481875314,NH-DC-NM129-D04-ROCE-Leaf-6.GPU.S9825,FourHundredGigE1/0/34,124867,342548698,277310,1080150270,0.70,2.24
2024/05/24 星期五 00:31:15.860,1716481875860,NH-DC-NM129-D04-ROCE-Leaf-6.GPU.S9825,FourHundredGigE1/0/34,95240,328465400,153249,591760868,0.73,1.35
2024/05/24 星期五 00:31:16.361,1716481876361,NH-DC-NM129-D04-ROCE-Leaf-6.GPU.S9825,FourHundredGigE1/0/34,0,0,0,0,0,0
2024/05/24 星期五 00:31:16.981,1716481876981,NH-DC-NM129-D04-ROCE-Leaf-6.GPU.S9825,FourHundredGigE1/0/34,199278,725372920,177937,695522722,1.45,1.39
2024/05/24 星期五 00:31:17.482,1716481877482,NH-DC-NM129-D04-ROCE-Leaf-6.GPU.S9825,FourHundredGigE1/0/34,0,0,0,0,0,0
2024/05/24 星期五 00:31:17.983,1716481877983,NH-DC-NM129-D04-ROCE-Leaf-6.GPU.S9825,FourHundredGigE1/0/34,154470,586415897,211037,760282194,1.45,1.90
2024/05/24 星期五 00:31:18.577,1716481878577,NH-DC-NM129-D04-ROCE-Leaf-6.GPU.S9825,FourHundredGigE1/0/34,0,0,0,0,0,0
2024/05/24 星期五 00:31:19.179,1716481879179,NH-DC-NM129-D04-ROCE-Leaf-6.GPU.S9825,FourHundredGigE1/0/34,178334,719839588,419856,1721133938,1.47,3.57
2024/05/24 星期五 00:31:19.710,1716481879710,NH-DC-NM129-D04-ROCE-Leaf-6.GPU.S9825,FourHundredGigE1/0/34,0,0,0,0,0,0
2024/05/24 星期五 00:31:20.220,1716481880220,NH-DC-NM129-D04-ROCE-Leaf-6.GPU.S9825,FourHundredGigE1/0/34,130480,469397057,235364,926651746,1.13,2.25
2024/05/24 星期五 00:31:20.746,1716481880746,NH-DC-NM129-D04-ROCE-Leaf-6.GPU.S9825,FourHundredGigE1/0/34,408234,1528581780,163312,650339664,3.61,1.54
2024/05/24 星期五 00:31:21.384,1716481881384,NH-DC-NM129-D04-ROCE-Leaf-6.GPU.S9825,FourHundredGigE1/0/34,0,0,0,0,0,0
2024/05/24 星期五 00:31:21.917,1716481881917,NH-DC-NM129-D04-ROCE-Leaf-6.GPU.S9825,FourHundredGigE1/0/34,126324,438084689,198135,738810242,1.01,1.71
2024/05/24 星期五 00:31:22.417,1716481882417,NH-DC-NM129-D04-ROCE-Leaf-6.GPU.S9825,FourHundredGigE1/0/34,0,0,0,0,0,0
2024/05/24 星期五 00:31:22.981,1716481882981,NH-DC-NM129-D04-ROCE-Leaf-6.GPU.S9825,FourHundredGigE1/0/34,175258,660444812,294152,1106442160,1.46,2.44
2024/05/24 星期五 00:31:23.551,1716481883551,NH-DC-NM129-D04-ROCE-Leaf-6.GPU.S9825,FourHundredGigE1/0/34,0,0,0,0,0,0
2024/05/24 星期五 00:31:24.053,1716481884053,NH-DC-NM129-D04-ROCE-Leaf-6.GPU.S9825,FourHundredGigE1/0/34,359408,1376044464,227862,885824396,3.41,2.19
2024/05/24 星期五 00:31:24.772,1716481884772,NH-DC-NM129-D04-ROCE-Leaf-6.GPU.S9825,FourHundredGigE1/0/34,491609,1831463732,188489,700957378,3.18,1.22
2024/05/24 星期五 00:31:25.349,1716481885349,NH-DC-NM129-D04-ROCE-Leaf-6.GPU.S9825,FourHundredGigE1/0/34,0,0,0,0,0,0
2024/05/24 星期五 00:31:25.862,1716481885862,NH-DC-NM129-D04-ROCE-Leaf-6.GPU.S9825,FourHundredGigE1/0/34,432817,1615052540,287966,1150916004,3.92,2.80
2024/05/24 星期五 00:31:26.361,1716481886361,NH-DC-NM129-D04-ROCE-Leaf-6.GPU.S9825,FourHundredGigE1/0/34,0,0,0,0,0,0
2024/05/24 星期五 00:31:26.961,1716481886961,NH-DC-NM129-D04-ROCE-Leaf-6.GPU.S9825,FourHundredGigE1/0/34,484934,1817329896,59438,231134252,3.77,0.48
2024/05/24 星期五 00:31:27.465,1716481887465,NH-DC-NM129-D04-ROCE-Leaf-6.GPU.S9825,FourHundredGigE1/0/34,0,0,0,0,0,0
2024/05/24 星期五 00:31:27.966,1716481887966,NH-DC-NM129-D04-ROCE-Leaf-6.GPU.S9825,FourHundredGigE1/0/34,484848,1818529038,118291,439793314,4.52,1.07
2024/05/24 星期五 00:31:28.572,1716481888572,NH-DC-NM129-D04-ROCE-Leaf-6.GPU.S9825,FourHundredGigE1/0/34,0,0,0,0,0,0
2024/05/24 星期五 00:31:29.095,1716481889095,NH-DC-NM129-D04-ROCE-Leaf-6.GPU.S9825,FourHundredGigE1/0/34,551377,2112128956,94184,374198532,5.04,0.88
2024/05/24 星期五 00:31:29.683,1716481889683,NH-DC-NM129-D04-ROCE-Leaf-6.GPU.S9825,FourHundredGigE1/0/34,0,0,0,0,0,0
2024/05/24 星期五 00:31:30.186,1716481890186,NH-DC-NM129-D04-ROCE-Leaf-6.GPU.S9825,FourHundredGigE1/0/34,303330,1214379182,192704,750479356,3.01,1.86
2024/05/24 星期五 00:31:30.717,1716481890717,NH-DC-NM129-D04-ROCE-Leaf-6.GPU.S9825,FourHundredGigE1/0/34,169075,657629280,98011,365384830,1.53,0.85
2024/05/24 星期五 00:31:31.307,1716481891307,NH-DC-NM129-D04-ROCE-Leaf-6.GPU.S9825,FourHundredGigE1/0/34,0,0,0,0,0,0
2024/05/24 星期五 00:31:31.888,1716481891888,NH-DC-NM129-D04-ROCE-Leaf-6.GPU.S9825,FourHundredGigE1/0/34,87975,311841182,67095,200829270,0.67,0.43
2024/05/24 星期五 00:31:32.389,1716481892389,NH-DC-NM129-D04-ROCE-Leaf-6.GPU.S9825,FourHundredGigE1/0/34,0,0,0,0,0,0
2024/05/24 星期五 00:31:32.945,1716481892945,NH-DC-NM129-D04-ROCE-Leaf-6.GPU.S9825,FourHundredGigE1/0/34,129152,435950488,97778,331900184,0.97,0.74
2024/05/24 星期五 00:31:33.517,1716481893517,NH-DC-NM129-D04-ROCE-Leaf-6.GPU.S9825,FourHundredGigE1/0/34,0,0,0,0,0,0
2024/05/24 星期五 00:31:34.437,1716481894437,NH-DC-NM129-D04-ROCE-Leaf-6.GPU.S9825,FourHundredGigE1/0/34,53795,154723882,90475,305206718,0.20,0.41
2024/05/24 星期五 00:31:35.056,1716481895056,NH-DC-NM129-D04-ROCE-Leaf-6.GPU.S9825,FourHundredGigE1/0/34,98060,351410256,203205,764372738,0.71,1.53
2024/05/24 星期五 00:31:35.589,1716481895589,NH-DC-NM129-D04-ROCE-Leaf-6.GPU.S9825,FourHundredGigE1/0/34,0,0,0,0,0,0
2024/05/24 星期五 00:31:36.112,1716481896112,NH-DC-NM129-D04-ROCE-Leaf-6.GPU.S9825,FourHundredGigE1/0/34,95156,336559254,135471,515970246,0.79,1.22
2024/05/24 星期五 00:31:36.762,1716481896762,NH-DC-NM129-D04-ROCE-Leaf-6.GPU.S9825,FourHundredGigE1/0/34,142459,491290084,347115,1362097854,0.94,2.62
2024/05/24 星期五 00:31:37.295,1716481897295,NH-DC-NM129-D04-ROCE-Leaf-6.GPU.S9825,FourHundredGigE1/0/34,0,0,0,0,0,0
2024/05/24 星期五 00:31:37.807,1716481897807,NH-DC-NM129-D04-ROCE-Leaf-6.GPU.S9825,FourHundredGigE1/0/34,205193,673390504,139537,529049810,1.64,1.27
2024/05/24 星期五 00:31:38.462,1716481898462,NH-DC-NM129-D04-ROCE-Leaf-6.GPU.S9825,FourHundredGigE1/0/34,0,0,0,0,0,0
2024/05/24 星期五 00:31:39.015,1716481899015,NH-DC-NM129-D04-ROCE-Leaf-6.GPU.S9825,FourHundredGigE1/0/34,144120,437421442,87880,309745908,0.97,0.68
2024/05/24 星期五 00:31:39.515,1716481899515,NH-DC-NM129-D04-ROCE-Leaf-6.GPU.S9825,FourHundredGigE1/0/34,0,0,0,0,0,0
2024/05/24 星期五 00:31:40.017,1716481900017,NH-DC-NM129-D04-ROCE-Leaf-6.GPU.S9825,FourHundredGigE1/0/34,413283,1534851522,138442,494789648,3.81,1.22
2024/05/24 星期五 00:31:40.590,1716481900590,NH-DC-NM129-D04-ROCE-Leaf-6.GPU.S9825,FourHundredGigE1/0/34,0,0,0,0,0,0
2024/05/24 星期五 00:31:41.103,1716481901103,NH-DC-NM129-D04-ROCE-Leaf-6.GPU.S9825,FourHundredGigE1/0/34,125104,412503856,207590,708937200,1.00,1.71
2024/05/24 星期五 00:31:42.059,1716481902059,NH-DC-NM129-D04-ROCE-Leaf-6.GPU.S9825,FourHundredGigE1/0/34,1350796,5519228962,169836,617835848,7.20,0.80
2024/05/24 星期五 00:31:42.688,1716481902688,NH-DC-NM129-D04-ROCE-Leaf-6.GPU.S9825,FourHundredGigE1/0/34,2372995,0,303435,0,0,0
2024/05/24 星期五 00:31:43.336,1716481903336,NH-DC-NM129-D04-ROCE-Leaf-6.GPU.S9825,FourHundredGigE1/0/34,0,9699529423,0,1138721510,18.69,2.18
2024/05/24 星期五 00:31:43.943,1716481903943,NH-DC-NM129-D04-ROCE-Leaf-6.GPU.S9825,FourHundredGigE1/0/34,1309372,5332060662,405856,1611403260,10.98,3.32
2024/05/24 星期五 00:31:44.508,1716481904508,NH-DC-NM129-D04-ROCE-Leaf-6.GPU.S9825,FourHundredGigE1/0/34,0,0,0,0,0,0
2024/05/24 星期五 00:31:45.308,1716481905308,NH-DC-NM129-D04-ROCE-Leaf-6.GPU.S9825,FourHundredGigE1/0/34,293180,1122484264,110925,395792414,1.75,0.61
2024/05/24 星期五 00:31:45.862,1716481905862,NH-DC-NM129-D04-ROCE-Leaf-6.GPU.S9825,FourHundredGigE1/0/34,276340,1066214788,436868,1771264564,2.39,3.99
2024/05/24 星期五 00:31:46.363,1716481906363,NH-DC-NM129-D04-ROCE-Leaf-6.GPU.S9825,FourHundredGigE1/0/34,189724,714508716,255537,1008185410,1.77,2.50
2024/05/24 星期五 00:31:47.328,1716481907328,NH-DC-NM129-D04-ROCE-Leaf-6.GPU.S9825,FourHundredGigE1/0/34,0,0,0,0,0,0
2024/05/24 星期五 00:31:47.830,1716481907830,NH-DC-NM129-D04-ROCE-Leaf-6.GPU.S9825,FourHundredGigE1/0/34,507523,2016605162,399699,1613105890,5.00,4.01
2024/05/24 星期五 00:31:48.471,1716481908471,NH-DC-NM129-D04-ROCE-Leaf-6.GPU.S9825,FourHundredGigE1/0/34,0,0,0,0,0,0
2024/05/24 星期五 00:31:49.133,1716481909133,NH-DC-NM129-D04-ROCE-Leaf-6.GPU.S9825,FourHundredGigE1/0/34,156369,590805702,176453,669292246,1.11,1.25
2024/05/24 星期五 00:31:49.633,1716481909633,NH-DC-NM129-D04-ROCE-Leaf-6.GPU.S9825,FourHundredGigE1/0/34,0,0,0,0,0,0
2024/05/24 星期五 00:31:50.144,1716481910144,NH-DC-NM129-D04-ROCE-Leaf-6.GPU.S9825,FourHundredGigE1/0/34,104863,397875290,165171,612508718,0.95,1.49
2024/05/24 星期五 00:31:50.711,1716481910711,NH-DC-NM129-D04-ROCE-Leaf-6.GPU.S9825,FourHundredGigE1/0/34,206191,764097962,188127,731259264,1.68,1.61
2024/05/24 星期五 00:31:51.219,1716481911219,NH-DC-NM129-D04-ROCE-Leaf-6.GPU.S9825,FourHundredGigE1/0/34,0,0,0,0,0,0
2024/05/24 星期五 00:31:51.899,1716481911899,NH-DC-NM129-D04-ROCE-Leaf-6.GPU.S9825,FourHundredGigE1/0/34,152757,557429658,147772,555265810,1.01,1.01
2024/05/24 星期五 00:31:52.453,1716481912453,NH-DC-NM129-D04-ROCE-Leaf-6.GPU.S9825,FourHundredGigE1/0/34,0,0,0,0,0,0
2024/05/24 星期五 00:31:52.954,1716481912954,NH-DC-NM129-D04-ROCE-Leaf-6.GPU.S9825,FourHundredGigE1/0/34,201740,783403630,83403,259467198,1.95,0.62
2024/05/24 星期五 00:31:53.757,1716481913757,NH-DC-NM129-D04-ROCE-Leaf-6.GPU.S9825,FourHundredGigE1/0/34,109273,384672018,99539,354982600,0.59,0.54
2024/05/24 星期五 00:31:54.522,1716481914522,NH-DC-NM129-D04-ROCE-Leaf-6.GPU.S9825,FourHundredGigE1/0/34,0,0,0,0,0,0
2024/05/24 星期五 00:31:55.119,1716481915119,NH-DC-NM129-D04-ROCE-Leaf-6.GPU.S9825,FourHundredGigE1/0/34,491676,1986369738,58371,135342532,4.15,0.27
2024/05/24 星期五 00:31:55.926,1716481915926,NH-DC-NM129-D04-ROCE-Leaf-6.GPU.S9825,FourHundredGigE1/0/34,131522,497331380,72033,269025406,0.76,0.40
2024/05/24 星期五 00:31:56.443,1716481916443,NH-DC-NM129-D04-ROCE-Leaf-6.GPU.S9825,FourHundredGigE1/0/34,0,0,0,0,0,0
2024/05/24 星期五 00:31:56.963,1716481916963,NH-DC-NM129-D04-ROCE-Leaf-6.GPU.S9825,FourHundredGigE1/0/34,161153,660232898,66336,238892760,1.59,0.55
2024/05/24 星期五 00:31:57.590,1716481917590,NH-DC-NM129-D04-ROCE-Leaf-6.GPU.S9825,FourHundredGigE1/0/34,0,0,0,0,0,0
2024/05/24 星期五 00:31:58.136,1716481918136,NH-DC-NM129-D04-ROCE-Leaf-6.GPU.S9825,FourHundredGigE1/0/34,258655,1039403106,498562,1868371064,2.36,4.26
2024/05/24 星期五 00:31:58.770,1716481918770,NH-DC-NM129-D04-ROCE-Leaf-6.GPU.S9825,FourHundredGigE1/0/34,201508,803701725,174060,666039472,1.58,1.30
2024/05/24 星期五 00:31:59.476,1716481919476,NH-DC-NM129-D04-ROCE-Leaf-6.GPU.S9825,FourHundredGigE1/0/34,0,0,0,0,0,0
2024/05/24 星期五 00:31:59.977,1716481919977,NH-DC-NM129-D04-ROCE-Leaf-6.GPU.S9825,FourHundredGigE1/0/34,197397,660225378,113003,403999730,1.65,1.00
2024/05/24 星期五 00:32:00.537,1716481920537,NH-DC-NM129-D04-ROCE-Leaf-6.GPU.S9825,FourHundredGigE1/0/34,0,0,0,0,0,0
2024/05/24 星期五 00:32:01.146,1716481921146,NH-DC-NM129-D04-ROCE-Leaf-6.GPU.S9825,FourHundredGigE1/0/34,140715,544432114,90170,319957344,1.11,0.64
2024/05/24 星期五 00:32:01.661,1716481921661,NH-DC-NM129-D04-ROCE-Leaf-6.GPU.S9825,FourHundredGigE1/0/34,0,0,0,0,0,0
2024/05/24 星期五 00:32:02.161,1716481922161,NH-DC-NM129-D04-ROCE-Leaf-6.GPU.S9825,FourHundredGigE1/0/34,270777,1046121476,358830,1372551370,2.6,3.42
2024/05/24 星期五 00:32:04.238,1716481924238,NH-DC-NM129-D04-ROCE-Leaf-6.GPU.S9825,FourHundredGigE1/0/34,209685,850235516,144661,513421702,0.51,0.31
2024/05/24 星期五 00:32:04.975,1716481924975,NH-DC-NM129-D04-ROCE-Leaf-6.GPU.S9825,FourHundredGigE1/0/34,256141,1017272350,144905,566042244,1.71,0.95
2024/05/24 星期五 00:32:05.576,1716481925576,NH-DC-NM129-D04-ROCE-Leaf-6.GPU.S9825,FourHundredGigE1/0/34,0,0,0,0,0,0
2024/05/24 星期五 00:32:06.207,1716481926207,NH-DC-NM129-D04-ROCE-Leaf-6.GPU.S9825,FourHundredGigE1/0/34,410601,1667353010,364332,1149482976,3.29,2.26
2024/05/24 星期五 00:32:06.785,1716481926785,NH-DC-NM129-D04-ROCE-Leaf-6.GPU.S9825,FourHundredGigE1/0/34,114364,433318782,748791,2782694218,0.93,6.01
2024/05/24 星期五 00:32:07.362,1716481927362,NH-DC-NM129-D04-ROCE-Leaf-6.GPU.S9825,FourHundredGigE1/0/34,0,0,0,0,0,0
2024/05/24 星期五 00:32:08.028,1716481928028,NH-DC-NM129-D04-ROCE-Leaf-6.GPU.S9825,FourHundredGigE1/0/34,179153,562940516,106719,360763646,1.05,0.68
2024/05/24 星期五 00:32:08.588,1716481928588,NH-DC-NM129-D04-ROCE-Leaf-6.GPU.S9825,FourHundredGigE1/0/34,0,0,0,0,0,0
2024/05/24 星期五 00:32:10.568,1716481930568,NH-DC-NM129-D04-ROCE-Leaf-6.GPU.S9825,FourHundredGigE1/0/34,620869,2474594534,360680,1375494516,1.56,0.86
2024/05/24 星期五 00:32:11.333,1716481931333,NH-DC-NM129-D04-ROCE-Leaf-6.GPU.S9825,FourHundredGigE1/0/34,167505,655097142,185856,703224684,1.06,1.14
2024/05/24 星期五 00:32:11.932,1716481931932,NH-DC-NM129-D04-ROCE-Leaf-6.GPU.S9825,FourHundredGigE1/0/34,185266,725362992,217601,822602986,1.50,1.71
2024/05/24 星期五 00:32:12.581,1716481932581,NH-DC-NM129-D04-ROCE-Leaf-6.GPU.S9825,FourHundredGigE1/0/34,0,0,0,0,0,0
2024/05/24 星期五 00:32:13.156,1716481933156,NH-DC-NM129-D04-ROCE-Leaf-6.GPU.S9825,FourHundredGigE1/0/34,455642,1746656601,253503,978196910,3.78,2.11
2024/05/24 星期五 00:32:13.693,1716481933693,NH-DC-NM129-D04-ROCE-Leaf-6.GPU.S9825,FourHundredGigE1/0/34,0,0,0,0,0,0
2024/05/24 星期五 00:32:14.195,1716481934195,NH-DC-NM129-D04-ROCE-Leaf-6.GPU.S9825,FourHundredGigE1/0/34,158907,612752364,230519,878747750,1.52,2.17
2024/05/24 星期五 00:32:14.914,1716481934914,NH-DC-NM129-D04-ROCE-Leaf-6.GPU.S9825,FourHundredGigE1/0/34,208308,777527910,116990,414779838,1.34,0.71
2024/05/24 星期五 00:32:15.504,1716481935504,NH-DC-NM129-D04-ROCE-Leaf-6.GPU.S9825,FourHundredGigE1/0/34,0,0,0,0,0,0
2024/05/24 星期五 00:32:16.094,1716481936094,NH-DC-NM129-D04-ROCE-Leaf-6.GPU.S9825,FourHundredGigE1/0/34,167544,644525912,224865,867949312,1.36,1.82
2024/05/24 星期五 00:32:16.674,1716481936674,NH-DC-NM129-D04-ROCE-Leaf-6.GPU.S9825,FourHundredGigE1/0/34,0,0,0,0,0,0
2024/05/24 星期五 00:32:17.175,1716481937175,NH-DC-NM129-D04-ROCE-Leaf-6.GPU.S9825,FourHundredGigE1/0/34,476394,1896056756,153293,571140866,4.72,1.42
2024/05/24 星期五 00:32:17.677,1716481937677,NH-DC-NM129-D04-ROCE-Leaf-6.GPU.S9825,FourHundredGigE1/0/34,0,0,0,0,0,0
2024/05/24 星期五 00:32:18.178,1716481938178,NH-DC-NM129-D04-ROCE-Leaf-6.GPU.S9825,FourHundredGigE1/0/34,218327,880731414,138430,466309820,2.20,1.15
2024/05/24 星期五 00:32:18.835,1716481938835,NH-DC-NM129-D04-ROCE-Leaf-6.GPU.S9825,FourHundredGigE1/0/34,143073,563959662,161111,649795118,1.07,1.22
2024/05/24 星期五 00:32:19.488,1716481939488,NH-DC-NM129-D04-ROCE-Leaf-6.GPU.S9825,FourHundredGigE1/0/34,0,0,0,0,0,0
2024/05/24 星期五 00:32:20.091,1716481940091,NH-DC-NM129-D04-ROCE-Leaf-6.GPU.S9825,FourHundredGigE1/0/34,156365,554449627,226669,873483578,1.14,1.80
2024/05/24 星期五 00:32:20.591,1716481940591,NH-DC-NM129-D04-ROCE-Leaf-6.GPU.S9825,FourHundredGigE1/0/34,0,0,0,0,0,0
2024/05/24 星期五 00:32:21.092,1716481941092,NH-DC-NM129-D04-ROCE-Leaf-6.GPU.S9825,FourHundredGigE1/0/34,195754,746790388,217107,847646204,1.85,2.10
2024/05/24 星期五 00:32:21.734,1716481941734,NH-DC-NM129-D04-ROCE-Leaf-6.GPU.S9825,FourHundredGigE1/0/34,139849,514980006,353542,1402833018,0.99,2.73
2024/05/24 星期五 00:32:22.301,1716481942301,NH-DC-NM129-D04-ROCE-Leaf-6.GPU.S9825,FourHundredGigE1/0/34,0,0,0,0,0,0
2024/05/24 星期五 00:32:22.904,1716481942904,NH-DC-NM129-D04-ROCE-Leaf-6.GPU.S9825,FourHundredGigE1/0/34,128271,458393970,187162,711541416,0.93,1.47
2024/05/24 星期五 00:32:23.475,1716481943475,NH-DC-NM129-D04-ROCE-Leaf-6.GPU.S9825,FourHundredGigE1/0/34,0,0,0,0,0,0
2024/05/24 星期五 00:32:23.979,1716481943979,NH-DC-NM129-D04-ROCE-Leaf-6.GPU.S9825,FourHundredGigE1/0/34,282140,1132806371,183850,621077268,2.80,1.54
2024/05/24 星期五 00:32:24.503,1716481944503,NH-DC-NM129-D04-ROCE-Leaf-6.GPU.S9825,FourHundredGigE1/0/34,0,0,0,0,0,0
2024/05/24 星期五 00:32:25.117,1716481945117,NH-DC-NM129-D04-ROCE-Leaf-6.GPU.S9825,FourHundredGigE1/0/34,204408,788447670,143158,532298916,1.59,1.08
2024/05/24 星期五 00:32:25.780,1716481945780,NH-DC-NM129-D04-ROCE-Leaf-6.GPU.S9825,FourHundredGigE1/0/34,131138,474959964,146496,570154444,0.89,1.07
2024/05/24 星期五 00:32:26.422,1716481946422,NH-DC-NM129-D04-ROCE-Leaf-6.GPU.S9825,FourHundredGigE1/0/34,0,0,0,0,0,0
2024/05/24 星期五 00:32:26.966,1716481946966,NH-DC-NM129-D04-ROCE-Leaf-6.GPU.S9825,FourHundredGigE1/0/34,2136620,8705544014,297642,1171493884,19.99,2.69
2024/05/24 星期五 00:32:27.470,1716481947470,NH-DC-NM129-D04-ROCE-Leaf-6.GPU.S9825,FourHundredGigE1/0/34,0,0,0,0,0,0
2024/05/24 星期五 00:32:27.973,1716481947973,NH-DC-NM129-D04-ROCE-Leaf-6.GPU.S9825,FourHundredGigE1/0/34,2345473,9592626492,213881,800857430,23.83,1.99
2024/05/24 星期五 00:32:29.195,1716481949195,NH-DC-NM129-D04-ROCE-Leaf-6.GPU.S9825,FourHundredGigE1/0/34,299910,1208404364,145311,533973850,1.23,0.54
2024/05/24 星期五 00:32:30.221,1716481950221,NH-DC-NM129-D04-ROCE-Leaf-6.GPU.S9825,FourHundredGigE1/0/34,159802,628908290,766415,3089251942,0.76,3.75
2024/05/24 星期五 00:32:30.721,1716481950721,NH-DC-NM129-D04-ROCE-Leaf-6.GPU.S9825,FourHundredGigE1/0/34,0,0,0,0,0,0
2024/05/24 星期五 00:32:31.223,1716481951223,NH-DC-NM129-D04-ROCE-Leaf-6.GPU.S9825,FourHundredGigE1/0/34,384319,1526302200,368870,1481042976,3.78,3.69
2024/05/24 星期五 00:32:31.827,1716481951827,NH-DC-NM129-D04-ROCE-Leaf-6.GPU.S9825,FourHundredGigE1/0/34,74848,267073848,265116,957222852,0.54,1.97
2024/05/24 星期五 00:32:32.503,1716481952503,NH-DC-NM129-D04-ROCE-Leaf-6.GPU.S9825,FourHundredGigE1/0/34,0,0,0,0,0,0
2024/05/24 星期五 00:32:33.160,1716481953160,NH-DC-NM129-D04-ROCE-Leaf-6.GPU.S9825,FourHundredGigE1/0/34,184835,675568726,237187,911347126,1.27,1.73
2024/05/24 星期五 00:32:33.725,1716481953725,NH-DC-NM129-D04-ROCE-Leaf-6.GPU.S9825,FourHundredGigE1/0/34,0,0,0,0,0,0
2024/05/24 星期五 00:32:34.714,1716481954714,NH-DC-NM129-D04-ROCE-Leaf-6.GPU.S9825,FourHundredGigE1/0/34,202845,786006658,132634,504298744,0.99,0.63
2024/05/24 星期五 00:32:35.214,1716481955214,NH-DC-NM129-D04-ROCE-Leaf-6.GPU.S9825,FourHundredGigE1/0/34,273920,1064249296,188424,725442620,2.65,1.8
2024/05/24 星期五 00:32:35.870,1716481955870,NH-DC-NM129-D04-ROCE-Leaf-6.GPU.S9825,FourHundredGigE1/0/34,128388,476475200,88255,315490426,0.90,0.59
2024/05/24 星期五 00:32:36.515,1716481956515,NH-DC-NM129-D04-ROCE-Leaf-6.GPU.S9825,FourHundredGigE1/0/34,0,0,0,0,0,0
2024/05/24 星期五 00:32:37.049,1716481957049,NH-DC-NM129-D04-ROCE-Leaf-6.GPU.S9825,FourHundredGigE1/0/34,126935,423596342,204779,797955014,0.98,1.85
2024/05/24 星期五 00:32:37.549,1716481957549,NH-DC-NM129-D04-ROCE-Leaf-6.GPU.S9825,FourHundredGigE1/0/34,0,0,0,0,0,0
2024/05/24 星期五 00:32:38.049,1716481958049,NH-DC-NM129-D04-ROCE-Leaf-6.GPU.S9825,FourHundredGigE1/0/34,273344,1080649896,257450,987275548,2.7,2.45
2024/05/24 星期五 00:32:38.582,1716481958582,NH-DC-NM129-D04-ROCE-Leaf-6.GPU.S9825,FourHundredGigE1/0/34,0,0,0,0,0,0
2024/05/24 星期五 00:32:39.202,1716481959202,NH-DC-NM129-D04-ROCE-Leaf-6.GPU.S9825,FourHundredGigE1/0/34,382063,1473565264,154067,576676842,2.96,1.15
2024/05/24 星期五 00:32:39.943,1716481959943,NH-DC-NM129-D04-ROCE-Leaf-6.GPU.S9825,FourHundredGigE1/0/34,212519,839403380,408463,1564811602,1.40,2.63
2024/05/24 星期五 00:32:40.460,1716481960460,NH-DC-NM129-D04-ROCE-Leaf-6.GPU.S9825,FourHundredGigE1/0/34,0,0,0,0,0,0
2024/05/24 星期五 00:32:40.961,1716481960961,NH-DC-NM129-D04-ROCE-Leaf-6.GPU.S9825,FourHundredGigE1/0/34,125229,472746434,170459,680278430,1.17,1.70
2024/05/24 星期五 00:32:41.636,1716481961636,NH-DC-NM129-D04-ROCE-Leaf-6.GPU.S9825,FourHundredGigE1/0/34,226440,865490910,482269,1962857790,1.59,3.63
2024/05/24 星期五 00:32:42.736,1716481962736,NH-DC-NM129-D04-ROCE-Leaf-6.GPU.S9825,FourHundredGigE1/0/34,129086,507990860,191430,766663376,0.57,0.86
2024/05/24 星期五 00:32:43.411,1716481963411,NH-DC-NM129-D04-ROCE-Leaf-6.GPU.S9825,FourHundredGigE1/0/34,0,0,0,0,0,0
2024/05/24 星期五 00:32:43.912,1716481963912,NH-DC-NM129-D04-ROCE-Leaf-6.GPU.S9825,FourHundredGigE1/0/34,150515,612267054,90898,353243544,1.52,0.87
2024/05/24 星期五 00:32:44.464,1716481964464,NH-DC-NM129-D04-ROCE-Leaf-6.GPU.S9825,FourHundredGigE1/0/34,0,0,0,0,0,0
2024/05/24 星期五 00:32:45.039,1716481965039,NH-DC-NM129-D04-ROCE-Leaf-6.GPU.S9825,FourHundredGigE1/0/34,69794,146250280,208448,844592904,0.30,1.83
2024/05/24 星期五 00:32:45.545,1716481965545,NH-DC-NM129-D04-ROCE-Leaf-6.GPU.S9825,FourHundredGigE1/0/34,0,0,0,0,0,0
2024/05/24 星期五 00:32:46.137,1716481966137,NH-DC-NM129-D04-ROCE-Leaf-6.GPU.S9825,FourHundredGigE1/0/34,81881,113227714,107258,427753256,0.23,0.89
2024/05/24 星期五 00:32:47.177,1716481967177,NH-DC-NM129-D04-ROCE-Leaf-6.GPU.S9825,FourHundredGigE1/0/34,78919,310268406,110029,447329330,0.37,0.53
2024/05/24 星期五 00:32:47.677,1716481967677,NH-DC-NM129-D04-ROCE-Leaf-6.GPU.S9825,FourHundredGigE1/0/34,0,0,0,0,0,0
2024/05/24 星期五 00:32:48.178,1716481968178,NH-DC-NM129-D04-ROCE-Leaf-6.GPU.S9825,FourHundredGigE1/0/34,63207,246291030,74433,288952346,0.60,0.70
2024/05/24 星期五 00:32:48.713,1716481968713,NH-DC-NM129-D04-ROCE-Leaf-6.GPU.S9825,FourHundredGigE1/0/34,0,0,0,0,0,0
2024/05/24 星期五 00:32:49.217,1716481969217,NH-DC-NM129-D04-ROCE-Leaf-6.GPU.S9825,FourHundredGigE1/0/34,232769,951438806,174210,703830520,2.36,1.74
2024/05/24 星期五 00:32:50.116,1716481970116,NH-DC-NM129-D04-ROCE-Leaf-6.GPU.S9825,FourHundredGigE1/0/34,238496,892908788,275431,1052663258,1.24,1.46
2024/05/24 星期五 00:32:50.670,1716481970670,NH-DC-NM129-D04-ROCE-Leaf-6.GPU.S9825,FourHundredGigE1/0/34,0,0,0,0,0,0
2024/05/24 星期五 00:32:51.171,1716481971171,NH-DC-NM129-D04-ROCE-Leaf-6.GPU.S9825,FourHundredGigE1/0/34,163496,618771924,30063,98545510,1.52,0.22
2024/05/24 星期五 00:32:51.733,1716481971733,NH-DC-NM129-D04-ROCE-Leaf-6.GPU.S9825,FourHundredGigE1/0/34,0,0,0,0,0,0
2024/05/24 星期五 00:32:52.234,1716481972234,NH-DC-NM129-D04-ROCE-Leaf-6.GPU.S9825,FourHundredGigE1/0/34,163881,661984450,50659,181562238,1.65,0.45
2024/05/24 星期五 00:32:52.734,1716481972734,NH-DC-NM129-D04-ROCE-Leaf-6.GPU.S9825,FourHundredGigE1/0/34,0,0,0,0,0,0
2024/05/24 星期五 00:32:53.513,1716481973513,NH-DC-NM129-D04-ROCE-Leaf-6.GPU.S9825,FourHundredGigE1/0/34,524266,2045861188,734096,2336259284,3.27,3.74
2024/05/24 星期五 00:32:54.466,1716481974466,NH-DC-NM129-D04-ROCE-Leaf-6.GPU.S9825,FourHundredGigE1/0/34,0,0,0,0,0,0
2024/05/24 星期五 00:32:55.066,1716481975066,NH-DC-NM129-D04-ROCE-Leaf-6.GPU.S9825,FourHundredGigE1/0/34,1120411,4564688214,111502,334629852,9.5,0.69
2024/05/24 星期五 00:32:55.771,1716481975771,NH-DC-NM129-D04-ROCE-Leaf-6.GPU.S9825,FourHundredGigE1/0/34,1057478,4323006008,164786,605358240,7.66,1.06
2024/05/24 星期五 00:32:56.272,1716481976272,NH-DC-NM129-D04-ROCE-Leaf-6.GPU.S9825,FourHundredGigE1/0/34,0,0,0,0,0,0
2024/05/24 星期五 00:32:56.946,1716481976946,NH-DC-NM129-D04-ROCE-Leaf-6.GPU.S9825,FourHundredGigE1/0/34,1057345,4266526753,164697,633080982,7.90,1.17
2024/05/24 星期五 00:32:57.760,1716481977760,NH-DC-NM129-D04-ROCE-Leaf-6.GPU.S9825,FourHundredGigE1/0/34,0,0,0,0,0,0
2024/05/24 星期五 00:32:59.773,1716481979773,NH-DC-NM129-D04-ROCE-Leaf-6.GPU.S9825,FourHundredGigE1/0/34,1317137,5280094464,341544,1294488932,3.28,0.80
2024/05/24 星期五 00:33:00.274,1716481980274,NH-DC-NM129-D04-ROCE-Leaf-6.GPU.S9825,FourHundredGigE1/0/34,225337,809327982,305891,1204409050,2.00,2.99
2024/05/24 星期五 00:33:01.285,1716481981285,NH-DC-NM129-D04-ROCE-Leaf-6.GPU.S9825,FourHundredGigE1/0/34,334086,1332939849,104747,391394690,1.64,0.48
2024/05/24 星期五 00:33:01.800,1716481981800,NH-DC-NM129-D04-ROCE-Leaf-6.GPU.S9825,FourHundredGigE1/0/34,310445,1229301443,226386,855990052,2.96,2.06
2024/05/24 星期五 00:33:02.846,1716481982846,NH-DC-NM129-D04-ROCE-Leaf-6.GPU.S9825,FourHundredGigE1/0/34,451480,1764902266,620608,2444448596,2.10,2.92
2024/05/24 星期五 00:33:04.758,1716481984758,NH-DC-NM129-D04-ROCE-Leaf-6.GPU.S9825,FourHundredGigE1/0/34,175249,664843470,285796,1116438156,0.43,0.73
2024/05/24 星期五 00:33:05.329,1716481985329,NH-DC-NM129-D04-ROCE-Leaf-6.GPU.S9825,FourHundredGigE1/0/34,0,0,0,0,0,0
2024/05/24 星期五 00:33:05.831,1716481985831,NH-DC-NM129-D04-ROCE-Leaf-6.GPU.S9825,FourHundredGigE1/0/34,234221,920190774,176548,622289466,2.29,1.54
2024/05/24 星期五 00:33:06.379,1716481986379,NH-DC-NM129-D04-ROCE-Leaf-6.GPU.S9825,FourHundredGigE1/0/34,0,0,0,0,0,0
2024/05/24 星期五 00:33:06.883,1716481986883,NH-DC-NM129-D04-ROCE-Leaf-6.GPU.S9825,FourHundredGigE1/0/34,232335,900593974,437529,1742434904,2.23,4.32
2024/05/24 星期五 00:33:07.384,1716481987384,NH-DC-NM129-D04-ROCE-Leaf-6.GPU.S9825,FourHundredGigE1/0/34,0,0,0,0,0,0
2024/05/24 星期五 00:33:07.962,1716481987962,NH-DC-NM129-D04-ROCE-Leaf-6.GPU.S9825,FourHundredGigE1/0/34,241140,934671804,258026,990476856,2.01,2.14
2024/05/24 星期五 00:33:08.704,1716481988704,NH-DC-NM129-D04-ROCE-Leaf-6.GPU.S9825,FourHundredGigE1/0/34,0,0,0,0,0,0
2024/05/24 星期五 00:33:09.221,1716481989221,NH-DC-NM129-D04-ROCE-Leaf-6.GPU.S9825,FourHundredGigE1/0/34,78710,252415840,205759,787352810,0.60,1.89
2024/05/24 星期五 00:33:09.792,1716481989792,NH-DC-NM129-D04-ROCE-Leaf-6.GPU.S9825,FourHundredGigE1/0/34,0,0,0,0,0,0
2024/05/24 星期五 00:33:10.295,1716481990295,NH-DC-NM129-D04-ROCE-Leaf-6.GPU.S9825,FourHundredGigE1/0/34,139323,514911236,154494,552059728,1.27,1.37
2024/05/24 星期五 00:33:10.805,1716481990805,NH-DC-NM129-D04-ROCE-Leaf-6.GPU.S9825,FourHundredGigE1/0/34,311797,1151459916,343406,1387803288,2.82,3.38
2024/05/24 星期五 00:33:11.418,1716481991418,NH-DC-NM129-D04-ROCE-Leaf-6.GPU.S9825,FourHundredGigE1/0/34,232339,891468938,126948,444697704,1.81,0.90
2024/05/24 星期五 00:33:12.360,1716481992360,NH-DC-NM129-D04-ROCE-Leaf-6.GPU.S9825,FourHundredGigE1/0/34,0,0,0,0,0,0
2024/05/24 星期五 00:33:12.857,1716481992857,NH-DC-NM129-D04-ROCE-Leaf-6.GPU.S9825,FourHundredGigE1/0/34,842636,3240044157,78335,235286090,8.15,0.58
2024/05/24 星期五 00:33:14.345,1716481994345,NH-DC-NM129-D04-ROCE-Leaf-6.GPU.S9825,FourHundredGigE1/0/34,611018,2337392456,383393,1538233586,1.96,1.29
2024/05/24 星期五 00:33:14.846,1716481994846,NH-DC-NM129-D04-ROCE-Leaf-6.GPU.S9825,FourHundredGigE1/0/34,450146,1748400020,109544,423914004,4.34,1.05
2024/05/24 星期五 00:33:15.685,1716481995685,NH-DC-NM129-D04-ROCE-Leaf-6.GPU.S9825,FourHundredGigE1/0/34,0,0,0,0,0,0
2024/05/24 星期五 00:33:16.185,1716481996185,NH-DC-NM129-D04-ROCE-Leaf-6.GPU.S9825,FourHundredGigE1/0/34,64813,204232170,105812,380734060,0.5,0.95
2024/05/24 星期五 00:33:16.774,1716481996774,NH-DC-NM129-D04-ROCE-Leaf-6.GPU.S9825,FourHundredGigE1/0/34,131711,484248410,254888,981259240,1.02,2.08
2024/05/24 星期五 00:33:17.275,1716481997275,NH-DC-NM129-D04-ROCE-Leaf-6.GPU.S9825,FourHundredGigE1/0/34,0,0,0,0,0,0
2024/05/24 星期五 00:33:18.362,1716481998362,NH-DC-NM129-D04-ROCE-Leaf-6.GPU.S9825,FourHundredGigE1/0/34,439004,1734400080,265191,774153918,1.99,0.89
2024/05/24 星期五 00:33:19.032,1716481999032,NH-DC-NM129-D04-ROCE-Leaf-6.GPU.S9825,FourHundredGigE1/0/34,337400,1353060140,284305,882427810,2.52,1.64
2024/05/24 星期五 00:33:19.691,1716481999691,NH-DC-NM129-D04-ROCE-Leaf-6.GPU.S9825,FourHundredGigE1/0/34,0,0,0,0,0,0
2024/05/24 星期五 00:33:20.222,1716482000222,NH-DC-NM129-D04-ROCE-Leaf-6.GPU.S9825,FourHundredGigE1/0/34,122341,490246482,324190,1237080684,1.15,2.90
2024/05/24 星期五 00:33:20.722,1716482000722,NH-DC-NM129-D04-ROCE-Leaf-6.GPU.S9825,FourHundredGigE1/0/34,0,0,0,0,0,0
2024/05/24 星期五 00:33:21.226,1716482001226,NH-DC-NM129-D04-ROCE-Leaf-6.GPU.S9825,FourHundredGigE1/0/34,294308,1203952440,356462,1344775940,2.98,3.32
2024/05/24 星期五 00:33:21.802,1716482001802,NH-DC-NM129-D04-ROCE-Leaf-6.GPU.S9825,FourHundredGigE1/0/34,0,0,0,0,0,0
2024/05/24 星期五 00:33:22.308,1716482002308,NH-DC-NM129-D04-ROCE-Leaf-6.GPU.S9825,FourHundredGigE1/0/34,209312,849784826,178723,676754158,2.08,1.66
2024/05/24 星期五 00:33:23.125,1716482003125,NH-DC-NM129-D04-ROCE-Leaf-6.GPU.S9825,FourHundredGigE1/0/34,91060,368556126,90885,347922618,0.55,0.52
2024/05/24 星期五 00:33:23.683,1716482003683,NH-DC-NM129-D04-ROCE-Leaf-6.GPU.S9825,FourHundredGigE1/0/34,0,0,0,0,0,0
2024/05/24 星期五 00:33:24.227,1716482004227,NH-DC-NM129-D04-ROCE-Leaf-6.GPU.S9825,FourHundredGigE1/0/34,239801,948638994,101466,396606242,2.16,0.90
2024/05/24 星期五 00:33:24.800,1716482004800,NH-DC-NM129-D04-ROCE-Leaf-6.GPU.S9825,FourHundredGigE1/0/34,21271,22587114,26185,67003628,0.04,0.13
2024/05/24 星期五 00:33:25.315,1716482005315,NH-DC-NM129-D04-ROCE-Leaf-6.GPU.S9825,FourHundredGigE1/0/34,0,0,0,0,0,0
2024/05/24 星期五 00:33:25.882,1716482005882,NH-DC-NM129-D04-ROCE-Leaf-6.GPU.S9825,FourHundredGigE1/0/34,21008,76229188,34868,132247676,0.15,0.29
2024/05/24 星期五 00:33:26.588,1716482006588,NH-DC-NM129-D04-ROCE-Leaf-6.GPU.S9825,FourHundredGigE1/0/34,0,0,0,0,0,0
2024/05/24 星期五 00:33:27.103,1716482007103,NH-DC-NM129-D04-ROCE-Leaf-6.GPU.S9825,FourHundredGigE1/0/34,142582,541365936,261950,1040374580,1.31,2.52
2024/05/24 星期五 00:33:27.605,1716482007605,NH-DC-NM129-D04-ROCE-Leaf-6.GPU.S9825,FourHundredGigE1/0/34,0,0,0,0,0,0
2024/05/24 星期五 00:33:28.109,1716482008109,NH-DC-NM129-D04-ROCE-Leaf-6.GPU.S9825,FourHundredGigE1/0/34,296845,1124047040,126299,444511038,2.78,1.09
2024/05/24 星期五 00:33:28.647,1716482008647,NH-DC-NM129-D04-ROCE-Leaf-6.GPU.S9825,FourHundredGigE1/0/34,0,0,0,0,0,0
2024/05/24 星期五 00:33:29.277,1716482009277,NH-DC-NM129-D04-ROCE-Leaf-6.GPU.S9825,FourHundredGigE1/0/34,185403,732871592,275718,1065029576,1.45,2.10
2024/05/24 星期五 00:33:30.888,1716482010888,NH-DC-NM129-D04-ROCE-Leaf-6.GPU.S9825,FourHundredGigE1/0/34,337414,1253860186,662662,2548089196,0.97,1.97
2024/05/24 星期五 00:33:31.402,1716482011402,NH-DC-NM129-D04-ROCE-Leaf-6.GPU.S9825,FourHundredGigE1/0/34,0,0,0,0,0,0
2024/05/24 星期五 00:33:31.906,1716482011906,NH-DC-NM129-D04-ROCE-Leaf-6.GPU.S9825,FourHundredGigE1/0/34,153432,574356830,238275,895727630,1.41,2.21
2024/05/24 星期五 00:33:32.565,1716482012565,NH-DC-NM129-D04-ROCE-Leaf-6.GPU.S9825,FourHundredGigE1/0/34,0,0,0,0,0,0
2024/05/24 星期五 00:33:33.240,1716482013240,NH-DC-NM129-D04-ROCE-Leaf-6.GPU.S9825,FourHundredGigE1/0/34,193260,719000020,215054,826306680,1.31,1.52
2024/05/24 星期五 00:33:33.815,1716482013815,NH-DC-NM129-D04-ROCE-Leaf-6.GPU.S9825,FourHundredGigE1/0/34,395549,1583788458,283746,1111079030,3.43,2.41
2024/05/24 星期五 00:33:34.335,1716482014335,NH-DC-NM129-D04-ROCE-Leaf-6.GPU.S9825,FourHundredGigE1/0/34,0,0,0,0,0,0
2024/05/24 星期五 00:33:34.910,1716482014910,NH-DC-NM129-D04-ROCE-Leaf-6.GPU.S9825,FourHundredGigE1/0/34,89123,328861794,140742,497941664,0.70,1.07
2024/05/24 星期五 00:33:35.410,1716482015410,NH-DC-NM129-D04-ROCE-Leaf-6.GPU.S9825,FourHundredGigE1/0/34,0,0,0,0,0,0
2024/05/24 星期五 00:33:35.949,1716482015949,NH-DC-NM129-D04-ROCE-Leaf-6.GPU.S9825,FourHundredGigE1/0/34,54102,153308796,52725,171310270,0.35,0.39
2024/05/24 星期五 00:33:36.505,1716482016505,NH-DC-NM129-D04-ROCE-Leaf-6.GPU.S9825,FourHundredGigE1/0/34,0,0,0,0,0,0
2024/05/24 星期五 00:33:37.151,1716482017151,NH-DC-NM129-D04-ROCE-Leaf-6.GPU.S9825,FourHundredGigE1/0/34,169710,612166816,255883,971534110,1.18,1.88
2024/05/24 星期五 00:33:37.655,1716482017655,NH-DC-NM129-D04-ROCE-Leaf-6.GPU.S9825,FourHundredGigE1/0/34,0,0,0,0,0,0
2024/05/24 星期五 00:33:38.156,1716482018156,NH-DC-NM129-D04-ROCE-Leaf-6.GPU.S9825,FourHundredGigE1/0/34,105404,401868431,200494,754771680,1.00,1.87
2024/05/24 星期五 00:33:38.696,1716482018696,NH-DC-NM129-D04-ROCE-Leaf-6.GPU.S9825,FourHundredGigE1/0/34,186800,0,95689,317303950,0,0.72
2024/05/24 星期五 00:33:39.313,1716482019313,NH-DC-NM129-D04-ROCE-Leaf-6.GPU.S9825,FourHundredGigE1/0/34,0,695293994,0,0,1.40,0
2024/05/24 星期五 00:33:39.861,1716482019861,NH-DC-NM129-D04-ROCE-Leaf-6.GPU.S9825,FourHundredGigE1/0/34,114929,413201483,156444,571160716,0.94,1.30
2024/05/24 星期五 00:33:40.408,1716482020408,NH-DC-NM129-D04-ROCE-Leaf-6.GPU.S9825,FourHundredGigE1/0/34,0,0,0,0,0,0
2024/05/24 星期五 00:33:40.955,1716482020955,NH-DC-NM129-D04-ROCE-Leaf-6.GPU.S9825,FourHundredGigE1/0/34,305383,1228125846,338626,1339045600,2.79,3.04
2024/05/24 星期五 00:33:41.622,1716482021622,NH-DC-NM129-D04-ROCE-Leaf-6.GPU.S9825,FourHundredGigE1/0/34,124652,478234776,168218,622331832,0.88,1.16
2024/05/24 星期五 00:33:42.400,1716482022400,NH-DC-NM129-D04-ROCE-Leaf-6.GPU.S9825,FourHundredGigE1/0/34,0,0,0,0,0,0
2024/05/24 星期五 00:33:43.078,1716482023078,NH-DC-NM129-D04-ROCE-Leaf-6.GPU.S9825,FourHundredGigE1/0/34,128429,457992111,133926,482660100,0.83,0.88
2024/05/24 星期五 00:33:43.700,1716482023700,NH-DC-NM129-D04-ROCE-Leaf-6.GPU.S9825,FourHundredGigE1/0/34,276726,1083048008,212165,804509380,2.17,1.61
2024/05/24 星期五 00:33:44.374,1716482024374,NH-DC-NM129-D04-ROCE-Leaf-6.GPU.S9825,FourHundredGigE1/0/34,0,0,0,0,0,0
2024/05/24 星期五 00:33:44.949,1716482024949,NH-DC-NM129-D04-ROCE-Leaf-6.GPU.S9825,FourHundredGigE1/0/34,183433,721921810,237681,901663224,1.57,1.96
2024/05/24 星期五 00:33:45.466,1716482025466,NH-DC-NM129-D04-ROCE-Leaf-6.GPU.S9825,FourHundredGigE1/0/34,0,0,0,0,0,0
2024/05/24 星期五 00:33:46.139,1716482026139,NH-DC-NM129-D04-ROCE-Leaf-6.GPU.S9825,FourHundredGigE1/0/34,229983,862359040,221128,859846044,1.60,1.58
2024/05/24 星期五 00:33:47.006,1716482027006,NH-DC-NM129-D04-ROCE-Leaf-6.GPU.S9825,FourHundredGigE1/0/34,379800,1411600910,193369,753947598,2.03,1.08
2024/05/24 星期五 00:33:47.522,1716482027522,NH-DC-NM129-D04-ROCE-Leaf-6.GPU.S9825,FourHundredGigE1/0/34,0,0,0,0,0,0
2024/05/24 星期五 00:33:48.105,1716482028105,NH-DC-NM129-D04-ROCE-Leaf-6.GPU.S9825,FourHundredGigE1/0/34,400687,1621631326,445987,1798548242,3.47,3.84
2024/05/24 星期五 00:33:48.659,1716482028659,NH-DC-NM129-D04-ROCE-Leaf-6.GPU.S9825,FourHundredGigE1/0/34,0,0,0,0,0,0
2024/05/24 星期五 00:33:49.159,1716482029159,NH-DC-NM129-D04-ROCE-Leaf-6.GPU.S9825,FourHundredGigE1/0/34,192671,777513710,93151,339474058,1.92,0.82
2024/05/24 星期五 00:33:49.858,1716482029858,NH-DC-NM129-D04-ROCE-Leaf-6.GPU.S9825,FourHundredGigE1/0/34,41527,124281078,193420,697905072,0.21,1.23
2024/05/24 星期五 00:33:50.358,1716482030358,NH-DC-NM129-D04-ROCE-Leaf-6.GPU.S9825,FourHundredGigE1/0/34,0,0,0,0,0,0
2024/05/24 星期五 00:33:50.933,1716482030933,NH-DC-NM129-D04-ROCE-Leaf-6.GPU.S9825,FourHundredGigE1/0/34,123909,467994618,104408,382961172,1,0.83
2024/05/24 星期五 00:33:51.489,1716482031489,NH-DC-NM129-D04-ROCE-Leaf-6.GPU.S9825,FourHundredGigE1/0/34,0,0,0,0,0,0
2024/05/24 星期五 00:33:51.989,1716482031989,NH-DC-NM129-D04-ROCE-Leaf-6.GPU.S9825,FourHundredGigE1/0/34,430910,1713366876,424847,1714355470,4.28,4.28
2024/05/24 星期五 00:33:52.509,1716482032509,NH-DC-NM129-D04-ROCE-Leaf-6.GPU.S9825,FourHundredGigE1/0/34,0,0,0,0,0,0
2024/05/24 星期五 00:33:53.280,1716482033280,NH-DC-NM129-D04-ROCE-Leaf-6.GPU.S9825,FourHundredGigE1/0/34,180969,697785746,418007,1655398710,1.12,2.68
2024/05/24 星期五 00:33:54.039,1716482034039,NH-DC-NM129-D04-ROCE-Leaf-6.GPU.S9825,FourHundredGigE1/0/34,344017,1362633294,236276,925341588,2.24,1.52
2024/05/24 星期五 00:33:54.683,1716482034683,NH-DC-NM129-D04-ROCE-Leaf-6.GPU.S9825,FourHundredGigE1/0/34,0,0,0,0,0,0
2024/05/24 星期五 00:33:55.383,1716482035383,NH-DC-NM129-D04-ROCE-Leaf-6.GPU.S9825,FourHundredGigE1/0/34,465404,1881467160,235583,890096494,3.36,1.59
2024/05/24 星期五 00:33:55.980,1716482035980,NH-DC-NM129-D04-ROCE-Leaf-6.GPU.S9825,FourHundredGigE1/0/34,69945,246415274,127910,464582792,0.50,0.96
2024/05/24 星期五 00:33:56.587,1716482036587,NH-DC-NM129-D04-ROCE-Leaf-6.GPU.S9825,FourHundredGigE1/0/34,0,0,0,0,0,0
2024/05/24 星期五 00:33:57.158,1716482037158,NH-DC-NM129-D04-ROCE-Leaf-6.GPU.S9825,FourHundredGigE1/0/34,142986,507124340,93881,328648054,1.09,0.70
2024/05/24 星期五 00:33:57.747,1716482037747,NH-DC-NM129-D04-ROCE-Leaf-6.GPU.S9825,FourHundredGigE1/0/34,0,0,0,0,0,0
2024/05/24 星期五 00:33:58.261,1716482038261,NH-DC-NM129-D04-ROCE-Leaf-6.GPU.S9825,FourHundredGigE1/0/34,227753,861453778,1057337,4074442662,2.09,9.90
2024/05/24 星期五 00:33:58.836,1716482038836,NH-DC-NM129-D04-ROCE-Leaf-6.GPU.S9825,FourHundredGigE1/0/34,504978,1825357018,387707,1527545270,3.96,3.30
2024/05/24 星期五 00:33:59.419,1716482039419,NH-DC-NM129-D04-ROCE-Leaf-6.GPU.S9825,FourHundredGigE1/0/34,0,0,0,0,0,0
2024/05/24 星期五 00:34:00.089,1716482040089,NH-DC-NM129-D04-ROCE-Leaf-6.GPU.S9825,FourHundredGigE1/0/34,150920,418905114,161999,651414790,0.76,1.21
2024/05/24 星期五 00:34:01.472,1716482041472,NH-DC-NM129-D04-ROCE-Leaf-6.GPU.S9825,FourHundredGigE1/0/34,149319,604447022,413823,1695487606,0.54,1.53
2024/05/24 星期五 00:34:01.985,1716482041985,NH-DC-NM129-D04-ROCE-Leaf-6.GPU.S9825,FourHundredGigE1/0/34,240478,982832828,118071,441144354,2.39,1.07
2024/05/24 星期五 00:34:03.361,1716482043361,NH-DC-NM129-D04-ROCE-Leaf-6.GPU.S9825,FourHundredGigE1/0/34,706085,2694338914,241587,899392238,2.44,0.81
2024/05/24 星期五 00:34:04.767,1716482044767,NH-DC-NM129-D04-ROCE-Leaf-6.GPU.S9825,FourHundredGigE1/0/34,69512,252819780,123173,477685058,0.22,0.42
2024/05/24 星期五 00:34:05.562,1716482045562,NH-DC-NM129-D04-ROCE-Leaf-6.GPU.S9825,FourHundredGigE1/0/34,0,0,0,0,0,0
2024/05/24 星期五 00:34:06.061,1716482046061,NH-DC-NM129-D04-ROCE-Leaf-6.GPU.S9825,FourHundredGigE1/0/34,153519,573222078,290333,1096837858,1.43,2.73
2024/05/24 星期五 00:34:06.989,1716482046989,NH-DC-NM129-D04-ROCE-Leaf-6.GPU.S9825,FourHundredGigE1/0/34,88361,316710510,113853,402660646,0.42,0.54
2024/05/24 星期五 00:34:07.708,1716482047708,NH-DC-NM129-D04-ROCE-Leaf-6.GPU.S9825,FourHundredGigE1/0/34,0,0,0,0,0,0
2024/05/24 星期五 00:34:08.261,1716482048261,NH-DC-NM129-D04-ROCE-Leaf-6.GPU.S9825,FourHundredGigE1/0/34,114074,449557524,415614,1471450068,0.99,3.32
2024/05/24 星期五 00:34:08.837,1716482048837,NH-DC-NM129-D04-ROCE-Leaf-6.GPU.S9825,FourHundredGigE1/0/34,350978,1439366784,491773,1844645150,3.10,3.99
2024/05/24 星期五 00:34:09.343,1716482049343,NH-DC-NM129-D04-ROCE-Leaf-6.GPU.S9825,FourHundredGigE1/0/34,0,0,0,0,0,0
2024/05/24 星期五 00:34:09.848,1716482049848,NH-DC-NM129-D04-ROCE-Leaf-6.GPU.S9825,FourHundredGigE1/0/34,141887,580729862,85322,285783888,1.44,0.69
2024/05/24 星期五 00:34:10.391,1716482050391,NH-DC-NM129-D04-ROCE-Leaf-6.GPU.S9825,FourHundredGigE1/0/34,0,0,0,0,0,0
2024/05/24 星期五 00:34:11.174,1716482051174,NH-DC-NM129-D04-ROCE-Leaf-6.GPU.S9825,FourHundredGigE1/0/34,210139,823134852,129131,422101774,1.31,0.67
2024/05/24 星期五 00:34:11.877,1716482051877,NH-DC-NM129-D04-ROCE-Leaf-6.GPU.S9825,FourHundredGigE1/0/34,380400,1520382458,138494,497836712,2.70,0.87
2024/05/24 星期五 00:34:12.421,1716482052421,NH-DC-NM129-D04-ROCE-Leaf-6.GPU.S9825,FourHundredGigE1/0/34,0,0,0,0,0,0
2024/05/24 星期五 00:34:12.922,1716482052922,NH-DC-NM129-D04-ROCE-Leaf-6.GPU.S9825,FourHundredGigE1/0/34,813092,3252416580,484088,1965785968,8.11,4.89
2024/05/24 星期五 00:34:13.478,1716482053478,NH-DC-NM129-D04-ROCE-Leaf-6.GPU.S9825,FourHundredGigE1/0/34,0,0,0,0,0,0
2024/05/24 星期五 00:34:14.113,1716482054113,NH-DC-NM129-D04-ROCE-Leaf-6.GPU.S9825,FourHundredGigE1/0/34,157250,585832026,172483,672249118,1.14,1.32
2024/05/24 星期五 00:34:14.853,1716482054853,NH-DC-NM129-D04-ROCE-Leaf-6.GPU.S9825,FourHundredGigE1/0/34,293946,1180187172,84882,249164752,1.99,0.41
2024/05/24 星期五 00:34:15.534,1716482055534,NH-DC-NM129-D04-ROCE-Leaf-6.GPU.S9825,FourHundredGigE1/0/34,0,0,0,0,0,0
2024/05/24 星期五 00:34:16.058,1716482056058,NH-DC-NM129-D04-ROCE-Leaf-6.GPU.S9825,FourHundredGigE1/0/34,141654,520061656,223465,795997444,1.24,1.88
2024/05/24 星期五 00:34:16.562,1716482056562,NH-DC-NM129-D04-ROCE-Leaf-6.GPU.S9825,FourHundredGigE1/0/34,0,0,0,0,0,0
2024/05/24 星期五 00:34:17.064,1716482057064,NH-DC-NM129-D04-ROCE-Leaf-6.GPU.S9825,FourHundredGigE1/0/34,110059,360221802,181207,682300968,0.90,1.69
2024/05/24 星期五 00:34:17.672,1716482057672,NH-DC-NM129-D04-ROCE-Leaf-6.GPU.S9825,FourHundredGigE1/0/34,0,0,0,0,0,0
2024/05/24 星期五 00:34:18.177,1716482058177,NH-DC-NM129-D04-ROCE-Leaf-6.GPU.S9825,FourHundredGigE1/0/34,241555,955212610,198055,762683718,2.35,1.88
2024/05/24 星期五 00:34:18.957,1716482058957,NH-DC-NM129-D04-ROCE-Leaf-6.GPU.S9825,FourHundredGigE1/0/34,296671,1151590322,157410,604830844,1.84,0.96
2024/05/24 星期五 00:34:19.539,1716482059539,NH-DC-NM129-D04-ROCE-Leaf-6.GPU.S9825,FourHundredGigE1/0/34,0,0,0,0,0,0
2024/05/24 星期五 00:34:20.041,1716482060041,NH-DC-NM129-D04-ROCE-Leaf-6.GPU.S9825,FourHundredGigE1/0/34,336620,1328205617,244465,946933058,3.29,2.34
2024/05/24 星期五 00:34:20.685,1716482060685,NH-DC-NM129-D04-ROCE-Leaf-6.GPU.S9825,FourHundredGigE1/0/34,193722,688540516,197402,784831032,1.32,1.51
2024/05/24 星期五 00:34:21.349,1716482061349,NH-DC-NM129-D04-ROCE-Leaf-6.GPU.S9825,FourHundredGigE1/0/34,0,0,0,0,0,0
2024/05/24 星期五 00:34:21.863,1716482061863,NH-DC-NM129-D04-ROCE-Leaf-6.GPU.S9825,FourHundredGigE1/0/34,321433,1200753432,183944,722593602,2.92,1.75
2024/05/24 星期五 00:34:22.513,1716482062513,NH-DC-NM129-D04-ROCE-Leaf-6.GPU.S9825,FourHundredGigE1/0/34,0,0,0,0,0,0
2024/05/24 星期五 00:34:23.013,1716482063013,NH-DC-NM129-D04-ROCE-Leaf-6.GPU.S9825,FourHundredGigE1/0/34,332823,1336389860,182437,693996452,3.32,1.72
2024/05/24 星期五 00:34:23.528,1716482063528,NH-DC-NM129-D04-ROCE-Leaf-6.GPU.S9825,FourHundredGigE1/0/34,0,0,0,0,0,0
2024/05/24 星期五 00:34:24.030,1716482064030,NH-DC-NM129-D04-ROCE-Leaf-6.GPU.S9825,FourHundredGigE1/0/34,326819,1300790718,332305,1280707508,3.24,3.19
2024/05/24 星期五 00:34:24.742,1716482064742,NH-DC-NM129-D04-ROCE-Leaf-6.GPU.S9825,FourHundredGigE1/0/34,0,0,0,0,0,0
2024/05/24 星期五 00:34:25.242,1716482065242,NH-DC-NM129-D04-ROCE-Leaf-6.GPU.S9825,FourHundredGigE1/0/34,309981,1232948094,124588,458967982,3.08,1.12
2024/05/24 星期五 00:34:25.982,1716482065982,NH-DC-NM129-D04-ROCE-Leaf-6.GPU.S9825,FourHundredGigE1/0/34,179204,663283648,139156,504708028,1.11,0.84
2024/05/24 星期五 00:34:26.484,1716482066484,NH-DC-NM129-D04-ROCE-Leaf-6.GPU.S9825,FourHundredGigE1/0/34,0,0,0,0,0,0
2024/05/24 星期五 00:34:26.986,1716482066986,NH-DC-NM129-D04-ROCE-Leaf-6.GPU.S9825,FourHundredGigE1/0/34,330096,1330151412,270859,1064549430,3.31,2.64
2024/05/24 星期五 00:34:27.686,1716482067686,NH-DC-NM129-D04-ROCE-Leaf-6.GPU.S9825,FourHundredGigE1/0/34,235229,919749288,136464,526461352,1.62,0.93
2024/05/24 星期五 00:34:28.310,1716482068310,NH-DC-NM129-D04-ROCE-Leaf-6.GPU.S9825,FourHundredGigE1/0/34,0,0,0,0,0,0
2024/05/24 星期五 00:34:28.865,1716482068865,NH-DC-NM129-D04-ROCE-Leaf-6.GPU.S9825,FourHundredGigE1/0/34,96004,331887072,67048,212615528,0.74,0.47
2024/05/24 星期五 00:34:29.598,1716482069598,NH-DC-NM129-D04-ROCE-Leaf-6.GPU.S9825,FourHundredGigE1/0/34,0,0,0,0,0,0
2024/05/24 星期五 00:34:30.552,1716482070552,NH-DC-NM129-D04-ROCE-Leaf-6.GPU.S9825,FourHundredGigE1/0/34,113586,429313204,84524,305719470,0.55,0.39
2024/05/24 星期五 00:34:31.124,1716482071124,NH-DC-NM129-D04-ROCE-Leaf-6.GPU.S9825,FourHundredGigE1/0/34,293120,1130739884,311971,1241757452,2.47,2.71
2024/05/24 星期五 00:34:31.696,1716482071696,NH-DC-NM129-D04-ROCE-Leaf-6.GPU.S9825,FourHundredGigE1/0/34,0,0,0,0,0,0
2024/05/24 星期五 00:34:32.207,1716482072207,NH-DC-NM129-D04-ROCE-Leaf-6.GPU.S9825,FourHundredGigE1/0/34,209051,784426878,132559,444255110,1.91,1.08
2024/05/24 星期五 00:34:33.562,1716482073562,NH-DC-NM129-D04-ROCE-Leaf-6.GPU.S9825,FourHundredGigE1/0/34,131836,498379552,111545,411336046,0.45,0.38
2024/05/24 星期五 00:34:34.076,1716482074076,NH-DC-NM129-D04-ROCE-Leaf-6.GPU.S9825,FourHundredGigE1/0/34,521406,2115771100,278759,1076674238,5.13,2.60
2024/05/24 星期五 00:34:35.556,1716482075556,NH-DC-NM129-D04-ROCE-Leaf-6.GPU.S9825,FourHundredGigE1/0/34,2462228,10071079286,153749,587754138,8.51,0.49
2024/05/24 星期五 00:34:36.054,1716482076054,NH-DC-NM129-D04-ROCE-Leaf-6.GPU.S9825,FourHundredGigE1/0/34,1855323,7578687485,200762,755423444,19.00,1.88
2024/05/24 星期五 00:34:36.653,1716482076653,NH-DC-NM129-D04-ROCE-Leaf-6.GPU.S9825,FourHundredGigE1/0/34,0,0,0,0,0,0
2024/05/24 星期五 00:34:37.154,1716482077154,NH-DC-NM129-D04-ROCE-Leaf-6.GPU.S9825,FourHundredGigE1/0/34,323909,1248310198,155745,576167830,3.09,1.42
2024/05/24 星期五 00:34:37.832,1716482077832,NH-DC-NM129-D04-ROCE-Leaf-6.GPU.S9825,FourHundredGigE1/0/34,296100,1163037632,193918,692624348,2.14,1.27
2024/05/24 星期五 00:34:38.397,1716482078397,NH-DC-NM129-D04-ROCE-Leaf-6.GPU.S9825,FourHundredGigE1/0/34,0,0,0,0,0,0
2024/05/24 星期五 00:34:38.909,1716482078909,NH-DC-NM129-D04-ROCE-Leaf-6.GPU.S9825,FourHundredGigE1/0/34,514415,2063012526,140006,502171500,5.03,1.22
2024/05/24 星期五 00:34:39.489,1716482079489,NH-DC-NM129-D04-ROCE-Leaf-6.GPU.S9825,FourHundredGigE1/0/34,0,0,0,0,0,0
2024/05/24 星期五 00:34:40.020,1716482080020,NH-DC-NM129-D04-ROCE-Leaf-6.GPU.S9825,FourHundredGigE1/0/34,489706,1954415273,297504,1156074228,4.59,2.71
2024/05/24 星期五 00:34:40.521,1716482080521,NH-DC-NM129-D04-ROCE-Leaf-6.GPU.S9825,FourHundredGigE1/0/34,0,0,0,0,0,0
2024/05/24 星期五 00:34:41.093,1716482081093,NH-DC-NM129-D04-ROCE-Leaf-6.GPU.S9825,FourHundredGigE1/0/34,163480,604709468,134140,501869384,1.31,1.09
2024/05/24 星期五 00:34:41.907,1716482081907,NH-DC-NM129-D04-ROCE-Leaf-6.GPU.S9825,FourHundredGigE1/0/34,224137,870312470,98127,327252630,1.34,0.49
2024/05/24 星期五 00:34:42.614,1716482082614,NH-DC-NM129-D04-ROCE-Leaf-6.GPU.S9825,FourHundredGigE1/0/34,0,0,0,0,0,0
2024/05/24 星期五 00:34:43.267,1716482083267,NH-DC-NM129-D04-ROCE-Leaf-6.GPU.S9825,FourHundredGigE1/0/34,299520,1100577485,226383,859989942,2.11,1.63
2024/05/24 星期五 00:34:43.769,1716482083769,NH-DC-NM129-D04-ROCE-Leaf-6.GPU.S9825,FourHundredGigE1/0/34,273941,1099535706,244347,946292070,2.71,2.34
2024/05/24 星期五 00:34:44.488,1716482084488,NH-DC-NM129-D04-ROCE-Leaf-6.GPU.S9825,FourHundredGigE1/0/34,0,0,0,0,0,0
2024/05/24 星期五 00:34:45.233,1716482085233,NH-DC-NM129-D04-ROCE-Leaf-6.GPU.S9825,FourHundredGigE1/0/34,170497,668970996,248295,997303198,1.11,1.66
2024/05/24 星期五 00:34:45.734,1716482085734,NH-DC-NM129-D04-ROCE-Leaf-6.GPU.S9825,FourHundredGigE1/0/34,0,0,0,0,0,0
2024/05/24 星期五 00:34:46.275,1716482086275,NH-DC-NM129-D04-ROCE-Leaf-6.GPU.S9825,FourHundredGigE1/0/34,232517,835310692,433745,1718601974,1.92,3.95
2024/05/24 星期五 00:34:47.179,1716482087179,NH-DC-NM129-D04-ROCE-Leaf-6.GPU.S9825,FourHundredGigE1/0/34,211650,770746320,187591,739818614,1.06,1.01
2024/05/24 星期五 00:34:47.708,1716482087708,NH-DC-NM129-D04-ROCE-Leaf-6.GPU.S9825,FourHundredGigE1/0/34,225525,821378566,333551,1279726958,1.94,3.00
2024/05/24 星期五 00:34:50.077,1716482090077,NH-DC-NM129-D04-ROCE-Leaf-6.GPU.S9825,FourHundredGigE1/0/34,478075,1855277560,436546,1519411204,0.98,0.80
2024/05/24 星期五 00:34:50.669,1716482090669,NH-DC-NM129-D04-ROCE-Leaf-6.GPU.S9825,FourHundredGigE1/0/34,0,0,0,0,0,0
2024/05/24 星期五 00:34:51.203,1716482091203,NH-DC-NM129-D04-ROCE-Leaf-6.GPU.S9825,FourHundredGigE1/0/34,36136,115555648,390279,1590186370,0.26,3.72
2024/05/24 星期五 00:34:51.853,1716482091853,NH-DC-NM129-D04-ROCE-Leaf-6.GPU.S9825,FourHundredGigE1/0/34,128162,468387212,139360,511087656,0.88,0.98
2024/05/24 星期五 00:34:52.357,1716482092357,NH-DC-NM129-D04-ROCE-Leaf-6.GPU.S9825,FourHundredGigE1/0/34,0,0,0,0,0,0
2024/05/24 星期五 00:34:52.955,1716482092955,NH-DC-NM129-D04-ROCE-Leaf-6.GPU.S9825,FourHundredGigE1/0/34,265443,953600902,220908,806997088,1.99,1.67
2024/05/24 星期五 00:34:53.610,1716482093610,NH-DC-NM129-D04-ROCE-Leaf-6.GPU.S9825,FourHundredGigE1/0/34,0,0,0,0,0,0
2024/05/24 星期五 00:34:54.261,1716482094261,NH-DC-NM129-D04-ROCE-Leaf-6.GPU.S9825,FourHundredGigE1/0/34,100062,365175132,135311,317026758,0.69,0.60
2024/05/24 星期五 00:34:54.995,1716482094995,NH-DC-NM129-D04-ROCE-Leaf-6.GPU.S9825,FourHundredGigE1/0/34,211435,796479808,121039,320026682,1.35,0.54
2024/05/24 星期五 00:34:55.678,1716482095678,NH-DC-NM129-D04-ROCE-Leaf-6.GPU.S9825,FourHundredGigE1/0/34,0,0,0,0,0,0
2024/05/24 星期五 00:34:56.177,1716482096177,NH-DC-NM129-D04-ROCE-Leaf-6.GPU.S9825,FourHundredGigE1/0/34,193772,724564258,240174,859242974,1.80,2.13
2024/05/24 星期五 00:34:56.777,1716482096777,NH-DC-NM129-D04-ROCE-Leaf-6.GPU.S9825,FourHundredGigE1/0/34,234369,906611990,288547,1151014556,1.88,2.40
2024/05/24 星期五 00:34:57.377,1716482097377,NH-DC-NM129-D04-ROCE-Leaf-6.GPU.S9825,FourHundredGigE1/0/34,0,0,0,0,0,0
2024/05/24 星期五 00:34:57.901,1716482097901,NH-DC-NM129-D04-ROCE-Leaf-6.GPU.S9825,FourHundredGigE1/0/34,231733,895650756,172145,627858230,2.12,1.48
2024/05/24 星期五 00:34:59.129,1716482099129,NH-DC-NM129-D04-ROCE-Leaf-6.GPU.S9825,FourHundredGigE1/0/34,155658,586300186,106750,354081724,0.59,0.36
2024/05/24 星期五 00:34:59.666,1716482099666,NH-DC-NM129-D04-ROCE-Leaf-6.GPU.S9825,FourHundredGigE1/0/34,0,0,0,0,0,0
2024/05/24 星期五 00:35:00.168,1716482100168,NH-DC-NM129-D04-ROCE-Leaf-6.GPU.S9825,FourHundredGigE1/0/34,129753,473614808,345830,1342744486,1.17,3.34
2024/05/24 星期五 00:35:00.730,1716482100730,NH-DC-NM129-D04-ROCE-Leaf-6.GPU.S9825,FourHundredGigE1/0/34,0,0,0,0,0,0
2024/05/24 星期五 00:35:01.243,1716482101243,NH-DC-NM129-D04-ROCE-Leaf-6.GPU.S9825,FourHundredGigE1/0/34,169084,647334914,216242,811468074,1.56,1.97
2024/05/24 星期五 00:35:01.988,1716482101988,NH-DC-NM129-D04-ROCE-Leaf-6.GPU.S9825,FourHundredGigE1/0/34,315324,1222415796,407939,1576150254,2.05,2.63
2024/05/24 星期五 00:35:03.397,1716482103397,NH-DC-NM129-D04-ROCE-Leaf-6.GPU.S9825,FourHundredGigE1/0/34,658710,2518285396,454409,1662928358,2.23,1.47
2024/05/24 星期五 00:35:04.664,1716482104664,NH-DC-NM129-D04-ROCE-Leaf-6.GPU.S9825,FourHundredGigE1/0/34,154530,0,229043,0,0,0
2024/05/24 星期五 00:35:05.423,1716482105423,NH-DC-NM129-D04-ROCE-Leaf-6.GPU.S9825,FourHundredGigE1/0/34,0,597589646,0,841968194,0.97,1.38
2024/05/24 星期五 00:35:05.978,1716482105978,NH-DC-NM129-D04-ROCE-Leaf-6.GPU.S9825,FourHundredGigE1/0/34,184357,715370752,529342,2074368156,1.60,4.66
2024/05/24 星期五 00:35:06.482,1716482106482,NH-DC-NM129-D04-ROCE-Leaf-6.GPU.S9825,FourHundredGigE1/0/34,0,0,0,0,0,0
2024/05/24 星期五 00:35:07.057,1716482107057,NH-DC-NM129-D04-ROCE-Leaf-6.GPU.S9825,FourHundredGigE1/0/34,215406,870192540,489981,1968836438,1.89,4.26
2024/05/24 星期五 00:35:07.688,1716482107688,NH-DC-NM129-D04-ROCE-Leaf-6.GPU.S9825,FourHundredGigE1/0/34,0,0,0,0,0,0
2024/05/24 星期五 00:35:08.189,1716482108189,NH-DC-NM129-D04-ROCE-Leaf-6.GPU.S9825,FourHundredGigE1/0/34,398436,1550391460,495934,1995711016,3.87,4.97
2024/05/24 星期五 00:35:08.998,1716482108998,NH-DC-NM129-D04-ROCE-Leaf-6.GPU.S9825,FourHundredGigE1/0/34,238732,872728564,201474,746634664,1.34,1.14
2024/05/24 星期五 00:35:09.499,1716482109499,NH-DC-NM129-D04-ROCE-Leaf-6.GPU.S9825,FourHundredGigE1/0/34,0,0,0,0,0,0
2024/05/24 星期五 00:35:10.000,1716482110000,NH-DC-NM129-D04-ROCE-Leaf-6.GPU.S9825,FourHundredGigE1/0/34,333224,1282766348,197465,762124842,3.19,1.90
2024/05/24 星期五 00:35:10.576,1716482110576,NH-DC-NM129-D04-ROCE-Leaf-6.GPU.S9825,FourHundredGigE1/0/34,412623,1601856690,559850,2264945082,3.47,4.90
2024/05/24 星期五 00:35:11.659,1716482111659,NH-DC-NM129-D04-ROCE-Leaf-6.GPU.S9825,FourHundredGigE1/0/34,268049,993382256,163905,634049648,1.14,0.73
2024/05/24 星期五 00:35:12.457,1716482112457,NH-DC-NM129-D04-ROCE-Leaf-6.GPU.S9825,FourHundredGigE1/0/34,0,0,0,0,0,0
2024/05/24 星期五 00:35:12.958,1716482112958,NH-DC-NM129-D04-ROCE-Leaf-6.GPU.S9825,FourHundredGigE1/0/34,247604,936342751,307368,1207298873,2.32,2.99
2024/05/24 星期五 00:35:13.464,1716482113464,NH-DC-NM129-D04-ROCE-Leaf-6.GPU.S9825,FourHundredGigE1/0/34,0,0,0,0,0,0
2024/05/24 星期五 00:35:13.998,1716482113998,NH-DC-NM129-D04-ROCE-Leaf-6.GPU.S9825,FourHundredGigE1/0/34,181332,702933792,355748,1415223932,1.64,3.30
2024/05/24 星期五 00:35:14.664,1716482114664,NH-DC-NM129-D04-ROCE-Leaf-6.GPU.S9825,FourHundredGigE1/0/34,0,0,0,0,0,0
2024/05/24 星期五 00:35:15.165,1716482115165,NH-DC-NM129-D04-ROCE-Leaf-6.GPU.S9825,FourHundredGigE1/0/34,286606,1158525888,444179,1745234362,2.87,4.34
2024/05/24 星期五 00:35:15.964,1716482115964,NH-DC-NM129-D04-ROCE-Leaf-6.GPU.S9825,FourHundredGigE1/0/34,228986,891022662,160393,589146170,1.39,0.91
2024/05/24 星期五 00:35:16.465,1716482116465,NH-DC-NM129-D04-ROCE-Leaf-6.GPU.S9825,FourHundredGigE1/0/34,0,0,0,0,0,0
2024/05/24 星期五 00:35:16.965,1716482116965,NH-DC-NM129-D04-ROCE-Leaf-6.GPU.S9825,FourHundredGigE1/0/34,208685,795014820,136223,536220210,1.98,1.32
2024/05/24 星期五 00:35:17.526,1716482117526,NH-DC-NM129-D04-ROCE-Leaf-6.GPU.S9825,FourHundredGigE1/0/34,0,0,0,0,0,0
2024/05/24 星期五 00:35:18.106,1716482118106,NH-DC-NM129-D04-ROCE-Leaf-6.GPU.S9825,FourHundredGigE1/0/34,468867,1851922932,135538,503880768,3.99,1.08
2024/05/24 星期五 00:35:18.617,1716482118617,NH-DC-NM129-D04-ROCE-Leaf-6.GPU.S9825,FourHundredGigE1/0/34,140381,533543654,116811,434249514,1.30,1.05
2024/05/24 星期五 00:35:19.434,1716482119434,NH-DC-NM129-D04-ROCE-Leaf-6.GPU.S9825,FourHundredGigE1/0/34,0,0,0,0,0,0
2024/05/24 星期五 00:35:19.953,1716482119953,NH-DC-NM129-D04-ROCE-Leaf-6.GPU.S9825,FourHundredGigE1/0/34,178012,689960730,111777,368037730,1.64,0.87
2024/05/24 星期五 00:35:20.456,1716482120456,NH-DC-NM129-D04-ROCE-Leaf-6.GPU.S9825,FourHundredGigE1/0/34,0,0,0,0,0,0
2024/05/24 星期五 00:35:20.985,1716482120985,NH-DC-NM129-D04-ROCE-Leaf-6.GPU.S9825,FourHundredGigE1/0/34,143192,538304288,181128,691028884,1.25,1.63
2024/05/24 星期五 00:35:21.601,1716482121601,NH-DC-NM129-D04-ROCE-Leaf-6.GPU.S9825,FourHundredGigE1/0/34,0,0,0,0,0,0
2024/05/24 星期五 00:35:22.103,1716482122103,NH-DC-NM129-D04-ROCE-Leaf-6.GPU.S9825,FourHundredGigE1/0/34,265973,1044820826,227131,829030230,2.59,2.04
2024/05/24 星期五 00:35:22.938,1716482122938,NH-DC-NM129-D04-ROCE-Leaf-6.GPU.S9825,FourHundredGigE1/0/34,84117,282170250,180457,664881366,0.42,0.99
2024/05/24 星期五 00:35:23.439,1716482123439,NH-DC-NM129-D04-ROCE-Leaf-6.GPU.S9825,FourHundredGigE1/0/34,0,0,0,0,0,0
2024/05/24 星期五 00:35:23.941,1716482123941,NH-DC-NM129-D04-ROCE-Leaf-6.GPU.S9825,FourHundredGigE1/0/34,249552,947185264,66700,240029636,2.34,0.60
2024/05/24 星期五 00:35:24.534,1716482124534,NH-DC-NM129-D04-ROCE-Leaf-6.GPU.S9825,FourHundredGigE1/0/34,0,0,0,0,0,0
2024/05/24 星期五 00:35:25.143,1716482125143,NH-DC-NM129-D04-ROCE-Leaf-6.GPU.S9825,FourHundredGigE1/0/34,487082,1809077012,246447,968431190,3.69,1.97
2024/05/24 星期五 00:35:27.242,1716482127242,NH-DC-NM129-D04-ROCE-Leaf-6.GPU.S9825,FourHundredGigE1/0/34,776354,3017722139,388239,1363209826,1.79,0.81
2024/05/24 星期五 00:35:27.752,1716482127752,NH-DC-NM129-D04-ROCE-Leaf-6.GPU.S9825,FourHundredGigE1/0/34,0,0,0,0,0,0
2024/05/24 星期五 00:35:28.254,1716482128254,NH-DC-NM129-D04-ROCE-Leaf-6.GPU.S9825,FourHundredGigE1/0/34,243521,972937836,95966,344406624,2.42,0.85
2024/05/24 星期五 00:35:29.251,1716482129251,NH-DC-NM129-D04-ROCE-Leaf-6.GPU.S9825,FourHundredGigE1/0/34,327567,1336742852,365601,1398954230,1.67,1.74
2024/05/24 星期五 00:35:29.884,1716482129884,NH-DC-NM129-D04-ROCE-Leaf-6.GPU.S9825,FourHundredGigE1/0/34,0,0,0,0,0,0
2024/05/24 星期五 00:35:30.385,1716482130385,NH-DC-NM129-D04-ROCE-Leaf-6.GPU.S9825,FourHundredGigE1/0/34,187033,747554826,157343,578441718,1.85,1.42
2024/05/24 星期五 00:35:31.742,1716482131742,NH-DC-NM129-D04-ROCE-Leaf-6.GPU.S9825,FourHundredGigE1/0/34,1037616,4224156232,149559,587166714,3.89,0.53
2024/05/24 星期五 00:35:32.243,1716482132243,NH-DC-NM129-D04-ROCE-Leaf-6.GPU.S9825,FourHundredGigE1/0/34,2386246,9757815798,94141,362811734,24.33,0.90
2024/05/24 星期五 00:35:33.072,1716482133072,NH-DC-NM129-D04-ROCE-Leaf-6.GPU.S9825,FourHundredGigE1/0/34,1123528,4541377590,481243,1956800114,6.85,2.94
2024/05/24 星期五 00:35:33.573,1716482133573,NH-DC-NM129-D04-ROCE-Leaf-6.GPU.S9825,FourHundredGigE1/0/34,0,0,0,0,0,0
2024/05/24 星期五 00:35:34.143,1716482134143,NH-DC-NM129-D04-ROCE-Leaf-6.GPU.S9825,FourHundredGigE1/0/34,277427,1079559683,165498,596225832,2.35,1.29
2024/05/24 星期五 00:35:34.821,1716482134821,NH-DC-NM129-D04-ROCE-Leaf-6.GPU.S9825,FourHundredGigE1/0/34,143119,507953618,195559,738580658,0.92,1.35
2024/05/24 星期五 00:35:35.366,1716482135366,NH-DC-NM129-D04-ROCE-Leaf-6.GPU.S9825,FourHundredGigE1/0/34,0,0,0,0,0,0
2024/05/24 星期五 00:35:35.948,1716482135948,NH-DC-NM129-D04-ROCE-Leaf-6.GPU.S9825,FourHundredGigE1/0/34,492158,1969866104,202236,773829160,4.21,1.65
2024/05/24 星期五 00:35:36.667,1716482136667,NH-DC-NM129-D04-ROCE-Leaf-6.GPU.S9825,FourHundredGigE1/0/34,0,0,0,0,0,0
2024/05/24 星期五 00:35:37.165,1716482137165,NH-DC-NM129-D04-ROCE-Leaf-6.GPU.S9825,FourHundredGigE1/0/34,273163,1089518158,222804,841635660,2.71,2.11
2024/05/24 星期五 00:35:37.666,1716482137666,NH-DC-NM129-D04-ROCE-Leaf-6.GPU.S9825,FourHundredGigE1/0/34,0,0,0,0,0,0
2024/05/24 星期五 00:35:38.166,1716482138166,NH-DC-NM129-D04-ROCE-Leaf-6.GPU.S9825,FourHundredGigE1/0/34,308683,1221938090,212184,741083404,3.05,1.85
2024/05/24 星期五 00:35:38.734,1716482138734,NH-DC-NM129-D04-ROCE-Leaf-6.GPU.S9825,FourHundredGigE1/0/34,0,0,0,0,0,0
2024/05/24 星期五 00:35:39.299,1716482139299,NH-DC-NM129-D04-ROCE-Leaf-6.GPU.S9825,FourHundredGigE1/0/34,232329,910166922,176444,617729984,2.01,1.35
2024/05/24 星期五 00:35:40.169,1716482140169,NH-DC-NM129-D04-ROCE-Leaf-6.GPU.S9825,FourHundredGigE1/0/34,553055,2199263098,243515,937706230,3.15,1.34
2024/05/24 星期五 00:35:40.898,1716482140898,NH-DC-NM129-D04-ROCE-Leaf-6.GPU.S9825,FourHundredGigE1/0/34,190540,736192296,140714,517610716,1.25,0.87
2024/05/24 星期五 00:35:41.502,1716482141502,NH-DC-NM129-D04-ROCE-Leaf-6.GPU.S9825,FourHundredGigE1/0/34,74130,217793660,83326,269098932,0.43,0.54
2024/05/24 星期五 00:35:42.345,1716482142345,NH-DC-NM129-D04-ROCE-Leaf-6.GPU.S9825,FourHundredGigE1/0/34,0,0,0,0,0,0
2024/05/24 星期五 00:35:43.132,1716482143132,NH-DC-NM129-D04-ROCE-Leaf-6.GPU.S9825,FourHundredGigE1/0/34,241566,966704827,284112,1110149176,1.52,1.76
2024/05/24 星期五 00:35:43.742,1716482143742,NH-DC-NM129-D04-ROCE-Leaf-6.GPU.S9825,FourHundredGigE1/0/34,281034,0,98805,0,0,0
2024/05/24 星期五 00:35:44.290,1716482144290,NH-DC-NM129-D04-ROCE-Leaf-6.GPU.S9825,FourHundredGigE1/0/34,0,1085868362,0,342961598,2.46,0.78
2024/05/24 星期五 00:35:44.870,1716482144870,NH-DC-NM129-D04-ROCE-Leaf-6.GPU.S9825,FourHundredGigE1/0/34,110740,403737793,132749,487001022,0.86,1.03
2024/05/24 星期五 00:35:45.492,1716482145492,NH-DC-NM129-D04-ROCE-Leaf-6.GPU.S9825,FourHundredGigE1/0/34,0,0,0,0,0,0
2024/05/24 星期五 00:35:45.993,1716482145993,NH-DC-NM129-D04-ROCE-Leaf-6.GPU.S9825,FourHundredGigE1/0/34,112145,389263158,83284,310299032,0.95,0.77
2024/05/24 星期五 00:35:47.059,1716482147059,NH-DC-NM129-D04-ROCE-Leaf-6.GPU.S9825,FourHundredGigE1/0/34,227900,893482164,391338,1557613948,1.04,1.82
2024/05/24 星期五 00:35:47.571,1716482147571,NH-DC-NM129-D04-ROCE-Leaf-6.GPU.S9825,FourHundredGigE1/0/34,0,0,0,0,0,0
2024/05/24 星期五 00:35:48.077,1716482148077,NH-DC-NM129-D04-ROCE-Leaf-6.GPU.S9825,FourHundredGigE1/0/34,147570,564791228,219454,854365284,1.38,2.10
2024/05/24 星期五 00:35:48.686,1716482148686,NH-DC-NM129-D04-ROCE-Leaf-6.GPU.S9825,FourHundredGigE1/0/34,0,0,0,0,0,0
2024/05/24 星期五 00:35:49.231,1716482149231,NH-DC-NM129-D04-ROCE-Leaf-6.GPU.S9825,FourHundredGigE1/0/34,246718,992093373,124204,423890764,2.27,0.96
2024/05/24 星期五 00:35:50.357,1716482150357,NH-DC-NM129-D04-ROCE-Leaf-6.GPU.S9825,FourHundredGigE1/0/34,225163,864066918,175594,648285384,0.95,0.71
2024/05/24 星期五 00:35:50.863,1716482150863,NH-DC-NM129-D04-ROCE-Leaf-6.GPU.S9825,FourHundredGigE1/0/34,370682,1485263932,213110,817345668,3.66,2.00
2024/05/24 星期五 00:35:51.378,1716482151378,NH-DC-NM129-D04-ROCE-Leaf-6.GPU.S9825,FourHundredGigE1/0/34,0,0,0,0,0,0
2024/05/24 星期五 00:35:51.875,1716482151875,NH-DC-NM129-D04-ROCE-Leaf-6.GPU.S9825,FourHundredGigE1/0/34,105535,359808746,168359,622493430,0.88,1.56
2024/05/24 星期五 00:35:52.442,1716482152442,NH-DC-NM129-D04-ROCE-Leaf-6.GPU.S9825,FourHundredGigE1/0/34,0,0,0,0,0,0
2024/05/24 星期五 00:35:53.063,1716482153063,NH-DC-NM129-D04-ROCE-Leaf-6.GPU.S9825,FourHundredGigE1/0/34,184781,604400454,232307,812326858,1.21,1.63
2024/05/24 星期五 00:35:53.927,1716482153927,NH-DC-NM129-D04-ROCE-Leaf-6.GPU.S9825,FourHundredGigE1/0/34,150847,456068246,413801,1657145788,0.65,2.39
2024/05/24 星期五 00:35:54.512,1716482154512,NH-DC-NM129-D04-ROCE-Leaf-6.GPU.S9825,FourHundredGigE1/0/34,0,0,0,0,0,0
2024/05/24 星期五 00:35:55.157,1716482155157,NH-DC-NM129-D04-ROCE-Leaf-6.GPU.S9825,FourHundredGigE1/0/34,220555,730265135,158740,563148642,1.41,1.09
2024/05/24 星期五 00:35:56.167,1716482156167,NH-DC-NM129-D04-ROCE-Leaf-6.GPU.S9825,FourHundredGigE1/0/34,168388,554352448,200839,702325526,0.68,0.87
2024/05/24 星期五 00:35:57.367,1716482157367,NH-DC-NM129-D04-ROCE-Leaf-6.GPU.S9825,FourHundredGigE1/0/34,402017,1395844494,187373,663614354,1.45,0.69
2024/05/24 星期五 00:35:58.001,1716482158001,NH-DC-NM129-D04-ROCE-Leaf-6.GPU.S9825,FourHundredGigE1/0/34,189327,480256886,203527,782841664,0.95,1.54
2024/05/24 星期五 00:35:58.501,1716482158501,NH-DC-NM129-D04-ROCE-Leaf-6.GPU.S9825,FourHundredGigE1/0/34,0,0,0,0,0,0
2024/05/24 星期五 00:35:59.012,1716482159012,NH-DC-NM129-D04-ROCE-Leaf-6.GPU.S9825,FourHundredGigE1/0/34,216101,826991708,142267,518265768,2.01,1.25
2024/05/24 星期五 00:35:59.886,1716482159886,NH-DC-NM129-D04-ROCE-Leaf-6.GPU.S9825,FourHundredGigE1/0/34,252976,981221384,248244,964705476,1.40,1.37
2024/05/24 星期五 00:36:00.509,1716482160509,NH-DC-NM129-D04-ROCE-Leaf-6.GPU.S9825,FourHundredGigE1/0/34,0,0,0,0,0,0
2024/05/24 星期五 00:36:01.143,1716482161143,NH-DC-NM129-D04-ROCE-Leaf-6.GPU.S9825,FourHundredGigE1/0/34,261692,1046767566,232746,915045290,2.05,1.79
2024/05/24 星期五 00:36:01.641,1716482161641,NH-DC-NM129-D04-ROCE-Leaf-6.GPU.S9825,FourHundredGigE1/0/34,0,0,0,0,0,0
2024/05/24 星期五 00:36:02.142,1716482162142,NH-DC-NM129-D04-ROCE-Leaf-6.GPU.S9825,FourHundredGigE1/0/34,465580,1785662856,547213,2094440444,4.44,5.21
2024/05/24 星期五 00:36:04.229,1716482164229,NH-DC-NM129-D04-ROCE-Leaf-6.GPU.S9825,FourHundredGigE1/0/34,212588,844059388,169153,667393142,0.50,0.40
2024/05/24 星期五 00:36:05.049,1716482165049,NH-DC-NM129-D04-ROCE-Leaf-6.GPU.S9825,FourHundredGigE1/0/34,375964,1515732148,411139,1659093630,2.30,2.52
2024/05/24 星期五 00:36:05.550,1716482165550,NH-DC-NM129-D04-ROCE-Leaf-6.GPU.S9825,FourHundredGigE1/0/34,0,0,0,0,0,0
2024/05/24 星期五 00:36:06.071,1716482166071,NH-DC-NM129-D04-ROCE-Leaf-6.GPU.S9825,FourHundredGigE1/0/34,145003,558818379,443442,1701566040,1.32,4.08
2024/05/24 星期五 00:36:06.726,1716482166726,NH-DC-NM129-D04-ROCE-Leaf-6.GPU.S9825,FourHundredGigE1/0/34,0,0,0,0,0,0
2024/05/24 星期五 00:36:07.226,1716482167226,NH-DC-NM129-D04-ROCE-Leaf-6.GPU.S9825,FourHundredGigE1/0/34,180261,712514798,197653,783515896,1.78,1.95
2024/05/24 星期五 00:36:08.064,1716482168064,NH-DC-NM129-D04-ROCE-Leaf-6.GPU.S9825,FourHundredGigE1/0/34,167844,644967247,137560,521581146,0.95,0.78
2024/05/24 星期五 00:36:08.570,1716482168570,NH-DC-NM129-D04-ROCE-Leaf-6.GPU.S9825,FourHundredGigE1/0/34,0,0,0,0,0,0
2024/05/24 星期五 00:36:09.079,1716482169079,NH-DC-NM129-D04-ROCE-Leaf-6.GPU.S9825,FourHundredGigE1/0/34,238045,928814760,230989,930959366,2.26,2.28
2024/05/24 星期五 00:36:09.666,1716482169666,NH-DC-NM129-D04-ROCE-Leaf-6.GPU.S9825,FourHundredGigE1/0/34,195834,790313652,169963,663474850,1.68,1.41
2024/05/24 星期五 00:36:10.351,1716482170351,NH-DC-NM129-D04-ROCE-Leaf-6.GPU.S9825,FourHundredGigE1/0/34,0,0,0,0,0,0
2024/05/24 星期五 00:36:10.972,1716482170972,NH-DC-NM129-D04-ROCE-Leaf-6.GPU.S9825,FourHundredGigE1/0/34,111516,439035856,98033,387715446,0.87,0.76
2024/05/24 星期五 00:36:11.765,1716482171765,NH-DC-NM129-D04-ROCE-Leaf-6.GPU.S9825,FourHundredGigE1/0/34,67977,236913778,393035,1609166531,0.36,2.52
2024/05/24 星期五 00:36:12.285,1716482172285,NH-DC-NM129-D04-ROCE-Leaf-6.GPU.S9825,FourHundredGigE1/0/34,0,0,0,0,0,0
2024/05/24 星期五 00:36:12.785,1716482172785,NH-DC-NM129-D04-ROCE-Leaf-6.GPU.S9825,FourHundredGigE1/0/34,0,0,0,0,0,0
2024/05/24 星期五 00:36:13.303,1716482173303,NH-DC-NM129-D04-ROCE-Leaf-6.GPU.S9825,FourHundredGigE1/0/34,87386,311443461,165331,414581694,0.75,0.99
2024/05/24 星期五 00:36:13.950,1716482173950,NH-DC-NM129-D04-ROCE-Leaf-6.GPU.S9825,FourHundredGigE1/0/34,188592,764736320,159633,499593714,1.47,0.95
2024/05/24 星期五 00:36:14.622,1716482174622,NH-DC-NM129-D04-ROCE-Leaf-6.GPU.S9825,FourHundredGigE1/0/34,0,0,0,0,0,0
2024/05/24 星期五 00:36:15.346,1716482175346,NH-DC-NM129-D04-ROCE-Leaf-6.GPU.S9825,FourHundredGigE1/0/34,128815,453432034,108292,405447400,0.78,0.69
2024/05/24 星期五 00:36:15.848,1716482175848,NH-DC-NM129-D04-ROCE-Leaf-6.GPU.S9825,FourHundredGigE1/0/34,293427,1049034970,193201,594928288,2.59,1.47
2024/05/24 星期五 00:36:16.352,1716482176352,NH-DC-NM129-D04-ROCE-Leaf-6.GPU.S9825,FourHundredGigE1/0/34,0,0,0,0,0,0
2024/05/24 星期五 00:36:16.857,1716482176857,NH-DC-NM129-D04-ROCE-Leaf-6.GPU.S9825,FourHundredGigE1/0/34,149760,545310076,183723,375570888,1.34,0.92
2024/05/24 星期五 00:36:17.981,1716482177981,NH-DC-NM129-D04-ROCE-Leaf-6.GPU.S9825,FourHundredGigE1/0/34,110804,435054704,105285,256650794,0.48,0.28
2024/05/24 星期五 00:36:18.627,1716482178627,NH-DC-NM129-D04-ROCE-Leaf-6.GPU.S9825,FourHundredGigE1/0/34,0,0,0,0,0,0
2024/05/24 星期五 00:36:19.133,1716482179133,NH-DC-NM129-D04-ROCE-Leaf-6.GPU.S9825,FourHundredGigE1/0/34,355750,1397032432,357344,1344274928,3.43,3.31
2024/05/24 星期五 00:36:19.632,1716482179632,NH-DC-NM129-D04-ROCE-Leaf-6.GPU.S9825,FourHundredGigE1/0/34,0,0,0,0,0,0
2024/05/24 星期五 00:36:20.136,1716482180136,NH-DC-NM129-D04-ROCE-Leaf-6.GPU.S9825,FourHundredGigE1/0/34,215233,818462846,224385,858428358,2.01,2.11
2024/05/24 星期五 00:36:20.788,1716482180788,NH-DC-NM129-D04-ROCE-Leaf-6.GPU.S9825,FourHundredGigE1/0/34,291154,1035056220,82511,257844014,1.97,0.48
2024/05/24 星期五 00:36:21.302,1716482181302,NH-DC-NM129-D04-ROCE-Leaf-6.GPU.S9825,FourHundredGigE1/0/34,0,0,0,0,0,0
2024/05/24 星期五 00:36:21.974,1716482181974,NH-DC-NM129-D04-ROCE-Leaf-6.GPU.S9825,FourHundredGigE1/0/34,323709,1278680150,810847,3284427388,2.36,6.10
2024/05/24 星期五 00:36:22.486,1716482182486,NH-DC-NM129-D04-ROCE-Leaf-6.GPU.S9825,FourHundredGigE1/0/34,0,0,0,0,0,0
2024/05/24 星期五 00:36:22.989,1716482182989,NH-DC-NM129-D04-ROCE-Leaf-6.GPU.S9825,FourHundredGigE1/0/34,122677,417945952,2457799,10052871176,1.02,24.98
2024/05/24 星期五 00:36:23.561,1716482183561,NH-DC-NM129-D04-ROCE-Leaf-6.GPU.S9825,FourHundredGigE1/0/34,259892,1003686114,1448424,5913509948,2.19,12.92
2024/05/24 星期五 00:36:24.985,1716482184985,NH-DC-NM129-D04-ROCE-Leaf-6.GPU.S9825,FourHundredGigE1/0/34,144973,522120628,218002,852078232,0.46,0.75
2024/05/24 星期五 00:36:25.593,1716482185593,NH-DC-NM129-D04-ROCE-Leaf-6.GPU.S9825,FourHundredGigE1/0/34,0,0,0,0,0,0
2024/05/24 星期五 00:36:26.131,1716482186131,NH-DC-NM129-D04-ROCE-Leaf-6.GPU.S9825,FourHundredGigE1/0/34,213750,790039374,268167,1077188976,1.84,2.49
2024/05/24 星期五 00:36:26.666,1716482186666,NH-DC-NM129-D04-ROCE-Leaf-6.GPU.S9825,FourHundredGigE1/0/34,0,0,0,0,0,0
2024/05/24 星期五 00:36:27.174,1716482187174,NH-DC-NM129-D04-ROCE-Leaf-6.GPU.S9825,FourHundredGigE1/0/34,401217,1583800272,85841,290587780,3.89,0.71
2024/05/24 星期五 00:36:27.874,1716482187874,NH-DC-NM129-D04-ROCE-Leaf-6.GPU.S9825,FourHundredGigE1/0/34,196155,774813008,391593,1535052526,1.38,2.73
2024/05/24 星期五 00:36:28.605,1716482188605,NH-DC-NM129-D04-ROCE-Leaf-6.GPU.S9825,FourHundredGigE1/0/34,0,0,0,0,0,0
2024/05/24 星期五 00:36:29.199,1716482189199,NH-DC-NM129-D04-ROCE-Leaf-6.GPU.S9825,FourHundredGigE1/0/34,204896,819086137,174596,661844024,1.70,1.39
2024/05/24 星期五 00:36:29.707,1716482189707,NH-DC-NM129-D04-ROCE-Leaf-6.GPU.S9825,FourHundredGigE1/0/34,0,0,0,0,0,0
2024/05/24 星期五 00:36:30.222,1716482190222,NH-DC-NM129-D04-ROCE-Leaf-6.GPU.S9825,FourHundredGigE1/0/34,521760,2095515304,377255,1454453742,5.07,3.52
2024/05/24 星期五 00:36:30.839,1716482190839,NH-DC-NM129-D04-ROCE-Leaf-6.GPU.S9825,FourHundredGigE1/0/34,251639,958709206,140672,529564516,1.92,1.05
2024/05/24 星期五 00:36:31.516,1716482191516,NH-DC-NM129-D04-ROCE-Leaf-6.GPU.S9825,FourHundredGigE1/0/34,0,0,0,0,0,0
2024/05/24 星期五 00:36:32.162,1716482192162,NH-DC-NM129-D04-ROCE-Leaf-6.GPU.S9825,FourHundredGigE1/0/34,259878,1018958092,203430,778778816,1.95,1.49
2024/05/24 星期五 00:36:32.678,1716482192678,NH-DC-NM129-D04-ROCE-Leaf-6.GPU.S9825,FourHundredGigE1/0/34,0,0,0,0,0,0
2024/05/24 星期五 00:36:33.181,1716482193181,NH-DC-NM129-D04-ROCE-Leaf-6.GPU.S9825,FourHundredGigE1/0/34,128454,468375197,127030,483614480,1.14,1.19
2024/05/24 星期五 00:36:33.764,1716482193764,NH-DC-NM129-D04-ROCE-Leaf-6.GPU.S9825,FourHundredGigE1/0/34,587893,2373031806,478232,1957334720,5.08,4.18
2024/05/24 星期五 00:36:34.340,1716482194340,NH-DC-NM129-D04-ROCE-Leaf-6.GPU.S9825,FourHundredGigE1/0/34,0,0,0,0,0,0
2024/05/24 星期五 00:36:35.153,1716482195153,NH-DC-NM129-D04-ROCE-Leaf-6.GPU.S9825,FourHundredGigE1/0/34,205049,788502754,119715,412427322,1.20,0.63
2024/05/24 星期五 00:36:35.740,1716482195740,NH-DC-NM129-D04-ROCE-Leaf-6.GPU.S9825,FourHundredGigE1/0/34,0,0,0,0,0,0
2024/05/24 星期五 00:36:36.244,1716482196244,NH-DC-NM129-D04-ROCE-Leaf-6.GPU.S9825,FourHundredGigE1/0/34,199259,756661441,97391,345036994,1.86,0.84
2024/05/24 星期五 00:36:36.770,1716482196770,NH-DC-NM129-D04-ROCE-Leaf-6.GPU.S9825,FourHundredGigE1/0/34,0,0,0,0,0,0
2024/05/24 星期五 00:36:37.269,1716482197269,NH-DC-NM129-D04-ROCE-Leaf-6.GPU.S9825,FourHundredGigE1/0/34,189452,743938734,291461,1160678670,1.85,2.91
2024/05/24 星期五 00:36:37.774,1716482197774,NH-DC-NM129-D04-ROCE-Leaf-6.GPU.S9825,FourHundredGigE1/0/34,250551,1009953451,217342,858415572,2.48,2.10
2024/05/24 星期五 00:36:38.585,1716482198585,NH-DC-NM129-D04-ROCE-Leaf-6.GPU.S9825,FourHundredGigE1/0/34,0,0,0,0,0,0
2024/05/24 星期五 00:36:39.170,1716482199170,NH-DC-NM129-D04-ROCE-Leaf-6.GPU.S9825,FourHundredGigE1/0/34,49283,188639634,345001,1390585194,0.38,2.97
2024/05/24 星期五 00:36:39.674,1716482199674,NH-DC-NM129-D04-ROCE-Leaf-6.GPU.S9825,FourHundredGigE1/0/34,0,0,0,0,0,0
2024/05/24 星期五 00:36:40.183,1716482200183,NH-DC-NM129-D04-ROCE-Leaf-6.GPU.S9825,FourHundredGigE1/0/34,184127,693651414,144017,567508706,1.69,1.38
2024/05/24 星期五 00:36:40.739,1716482200739,NH-DC-NM129-D04-ROCE-Leaf-6.GPU.S9825,FourHundredGigE1/0/34,0,0,0,0,0,0
2024/05/24 星期五 00:36:41.243,1716482201243,NH-DC-NM129-D04-ROCE-Leaf-6.GPU.S9825,FourHundredGigE1/0/34,208981,857535870,631692,2504079426,2.11,6.20
2024/05/24 星期五 00:36:42.445,1716482202445,NH-DC-NM129-D04-ROCE-Leaf-6.GPU.S9825,FourHundredGigE1/0/34,287957,1123768950,2439181,9979624826,1.16,10.37
2024/05/24 星期五 00:36:43.053,1716482203053,NH-DC-NM129-D04-ROCE-Leaf-6.GPU.S9825,FourHundredGigE1/0/34,210764,771527154,2006258,8211061008,1.58,16.88
2024/05/24 星期五 00:36:43.551,1716482203551,NH-DC-NM129-D04-ROCE-Leaf-6.GPU.S9825,FourHundredGigE1/0/34,0,0,0,0,0,0
2024/05/24 星期五 00:36:44.242,1716482204242,NH-DC-NM129-D04-ROCE-Leaf-6.GPU.S9825,FourHundredGigE1/0/34,354902,1435679654,644823,2622752584,2.59,4.74
2024/05/24 星期五 00:36:45.653,1716482205653,NH-DC-NM129-D04-ROCE-Leaf-6.GPU.S9825,FourHundredGigE1/0/34,229942,879145422,249376,958927818,0.77,0.84
2024/05/24 星期五 00:36:46.250,1716482206250,NH-DC-NM129-D04-ROCE-Leaf-6.GPU.S9825,FourHundredGigE1/0/34,187505,698600142,102367,342266180,1.44,0.71
2024/05/24 星期五 00:36:46.867,1716482206867,NH-DC-NM129-D04-ROCE-Leaf-6.GPU.S9825,FourHundredGigE1/0/34,146469,518057399,126454,446744208,1.03,0.89
2024/05/24 星期五 00:36:47.379,1716482207379,NH-DC-NM129-D04-ROCE-Leaf-6.GPU.S9825,FourHundredGigE1/0/34,0,0,0,0,0,0
2024/05/24 星期五 00:36:47.929,1716482207929,NH-DC-NM129-D04-ROCE-Leaf-6.GPU.S9825,FourHundredGigE1/0/34,296746,1194053360,297509,1141899094,2.70,2.59
2024/05/24 星期五 00:36:48.455,1716482208455,NH-DC-NM129-D04-ROCE-Leaf-6.GPU.S9825,FourHundredGigE1/0/34,0,0,0,0,0,0
2024/05/24 星期五 00:36:49.303,1716482209303,NH-DC-NM129-D04-ROCE-Leaf-6.GPU.S9825,FourHundredGigE1/0/34,142040,523678628,101972,377254260,0.77,0.55
2024/05/24 星期五 00:36:49.831,1716482209831,NH-DC-NM129-D04-ROCE-Leaf-6.GPU.S9825,FourHundredGigE1/0/34,0,0,0,0,0,0
2024/05/24 星期五 00:36:50.334,1716482210334,NH-DC-NM129-D04-ROCE-Leaf-6.GPU.S9825,FourHundredGigE1/0/34,186878,715940172,167527,637812806,1.76,1.57
2024/05/24 星期五 00:36:50.834,1716482210834,NH-DC-NM129-D04-ROCE-Leaf-6.GPU.S9825,FourHundredGigE1/0/34,336576,1342155493,238224,889211106,3.35,2.2
2024/05/24 星期五 00:36:51.338,1716482211338,NH-DC-NM129-D04-ROCE-Leaf-6.GPU.S9825,FourHundredGigE1/0/34,0,0,0,0,0,0
2024/05/24 星期五 00:36:51.838,1716482211838,NH-DC-NM129-D04-ROCE-Leaf-6.GPU.S9825,FourHundredGigE1/0/34,144292,545710368,285382,1111819038,1.35,2.78
2024/05/24 星期五 00:36:52.528,1716482212528,NH-DC-NM129-D04-ROCE-Leaf-6.GPU.S9825,FourHundredGigE1/0/34,0,0,0,0,0,0
2024/05/24 星期五 00:36:53.195,1716482213195,NH-DC-NM129-D04-ROCE-Leaf-6.GPU.S9825,FourHundredGigE1/0/34,227192,905228470,249878,951037504,1.69,1.78
2024/05/24 星期五 00:36:53.771,1716482213771,NH-DC-NM129-D04-ROCE-Leaf-6.GPU.S9825,FourHundredGigE1/0/34,186285,731925736,144802,553003168,1.58,1.19
2024/05/24 星期五 00:36:54.353,1716482214353,NH-DC-NM129-D04-ROCE-Leaf-6.GPU.S9825,FourHundredGigE1/0/34,0,0,0,0,0,0
2024/05/24 星期五 00:36:55.001,1716482215001,NH-DC-NM129-D04-ROCE-Leaf-6.GPU.S9825,FourHundredGigE1/0/34,241650,889616648,250383,941538002,1.70,1.81
2024/05/24 星期五 00:36:55.735,1716482215735,NH-DC-NM129-D04-ROCE-Leaf-6.GPU.S9825,FourHundredGigE1/0/34,137571,493461734,271152,1033865784,0.83,1.75
2024/05/24 星期五 00:36:56.534,1716482216534,NH-DC-NM129-D04-ROCE-Leaf-6.GPU.S9825,FourHundredGigE1/0/34,0,0,0,0,0,0
2024/05/24 星期五 00:36:57.069,1716482217069,NH-DC-NM129-D04-ROCE-Leaf-6.GPU.S9825,FourHundredGigE1/0/34,118484,439001672,293398,1140474902,1.00,2.66
2024/05/24 星期五 00:36:57.569,1716482217569,NH-DC-NM129-D04-ROCE-Leaf-6.GPU.S9825,FourHundredGigE1/0/34,0,0,0,0,0,0
2024/05/24 星期五 00:36:58.082,1716482218082,NH-DC-NM129-D04-ROCE-Leaf-6.GPU.S9825,FourHundredGigE1/0/34,186866,739983240,173417,659383404,1.78,1.58
2024/05/24 星期五 00:36:58.678,1716482218678,NH-DC-NM129-D04-ROCE-Leaf-6.GPU.S9825,FourHundredGigE1/0/34,0,0,0,0,0,0
2024/05/24 星期五 00:36:59.181,1716482219181,NH-DC-NM129-D04-ROCE-Leaf-6.GPU.S9825,FourHundredGigE1/0/34,296394,1077623900,81980,126231768,2.66,0.30
2024/05/24 星期五 00:36:59.979,1716482219979,NH-DC-NM129-D04-ROCE-Leaf-6.GPU.S9825,FourHundredGigE1/0/34,165952,664510908,218319,571275202,1.03,0.89
2024/05/24 星期五 00:37:00.483,1716482220483,NH-DC-NM129-D04-ROCE-Leaf-6.GPU.S9825,FourHundredGigE1/0/34,0,0,0,0,0,0
2024/05/24 星期五 00:37:00.987,1716482220987,NH-DC-NM129-D04-ROCE-Leaf-6.GPU.S9825,FourHundredGigE1/0/34,52196,198487796,104594,400696272,0.47,0.99
2024/05/24 星期五 00:37:01.540,1716482221540,NH-DC-NM129-D04-ROCE-Leaf-6.GPU.S9825,FourHundredGigE1/0/34,0,0,0,0,0,0
2024/05/24 星期五 00:37:02.156,1716482222156,NH-DC-NM129-D04-ROCE-Leaf-6.GPU.S9825,FourHundredGigE1/0/34,470018,1932884948,361542,1454164724,3.92,2.94
2024/05/24 星期五 00:37:04.117,1716482224117,NH-DC-NM129-D04-ROCE-Leaf-6.GPU.S9825,FourHundredGigE1/0/34,232496,843366049,166595,672310834,0.54,0.43
2024/05/24 星期五 00:37:04.799,1716482224799,NH-DC-NM129-D04-ROCE-Leaf-6.GPU.S9825,FourHundredGigE1/0/34,122513,445292550,320062,1182897352,0.81,2.16
2024/05/24 星期五 00:37:05.364,1716482225364,NH-DC-NM129-D04-ROCE-Leaf-6.GPU.S9825,FourHundredGigE1/0/34,0,0,0,0,0,0
2024/05/24 星期五 00:37:05.936,1716482225936,NH-DC-NM129-D04-ROCE-Leaf-6.GPU.S9825,FourHundredGigE1/0/34,145302,560350632,458530,1712013972,1.22,3.74
2024/05/24 星期五 00:37:06.437,1716482226437,NH-DC-NM129-D04-ROCE-Leaf-6.GPU.S9825,FourHundredGigE1/0/34,0,0,0,0,0,0
2024/05/24 星期五 00:37:06.938,1716482226938,NH-DC-NM129-D04-ROCE-Leaf-6.GPU.S9825,FourHundredGigE1/0/34,110949,401627082,253711,988834158,1.00,2.45
2024/05/24 星期五 00:37:07.572,1716482227572,NH-DC-NM129-D04-ROCE-Leaf-6.GPU.S9825,FourHundredGigE1/0/34,0,0,0,0,0,0
2024/05/24 星期五 00:37:08.159,1716482228159,NH-DC-NM129-D04-ROCE-Leaf-6.GPU.S9825,FourHundredGigE1/0/34,94037,270850114,113846,398755724,0.57,0.83
2024/05/24 星期五 00:37:08.723,1716482228723,NH-DC-NM129-D04-ROCE-Leaf-6.GPU.S9825,FourHundredGigE1/0/34,0,0,0,0,0,0
2024/05/24 星期五 00:37:09.227,1716482229227,NH-DC-NM129-D04-ROCE-Leaf-6.GPU.S9825,FourHundredGigE1/0/34,238469,902440818,184954,718922028,2.23,1.76
2024/05/24 星期五 00:37:09.803,1716482229803,NH-DC-NM129-D04-ROCE-Leaf-6.GPU.S9825,FourHundredGigE1/0/34,83015,161444210,461348,1878253088,0.35,4.06
2024/05/24 星期五 00:37:10.366,1716482230366,NH-DC-NM129-D04-ROCE-Leaf-6.GPU.S9825,FourHundredGigE1/0/34,0,0,0,0,0,0
2024/05/24 星期五 00:37:11.791,1716482231791,NH-DC-NM129-D04-ROCE-Leaf-6.GPU.S9825,FourHundredGigE1/0/34,257425,1019264332,405506,1599906036,0.89,1.39
2024/05/24 星期五 00:37:12.293,1716482232293,NH-DC-NM129-D04-ROCE-Leaf-6.GPU.S9825,FourHundredGigE1/0/34,169237,663493244,202279,814059086,1.64,2.02
2024/05/24 星期五 00:37:12.828,1716482232828,NH-DC-NM129-D04-ROCE-Leaf-6.GPU.S9825,FourHundredGigE1/0/34,81493,297784633,277344,1041640496,0.68,2.43
2024/05/24 星期五 00:37:13.388,1716482233388,NH-DC-NM129-D04-ROCE-Leaf-6.GPU.S9825,FourHundredGigE1/0/34,0,0,0,0,0,0
2024/05/24 星期五 00:37:14.077,1716482234077,NH-DC-NM129-D04-ROCE-Leaf-6.GPU.S9825,FourHundredGigE1/0/34,510529,1950140314,265388,764200568,3.54,1.38
2024/05/24 星期五 00:37:14.964,1716482234964,NH-DC-NM129-D04-ROCE-Leaf-6.GPU.S9825,FourHundredGigE1/0/34,285238,1105204458,228630,672043600,1.55,0.94
2024/05/24 星期五 00:37:16.068,1716482236068,NH-DC-NM129-D04-ROCE-Leaf-6.GPU.S9825,FourHundredGigE1/0/34,141720,536428704,242906,969508336,0.60,1.09
2024/05/24 星期五 00:37:16.609,1716482236609,NH-DC-NM129-D04-ROCE-Leaf-6.GPU.S9825,FourHundredGigE1/0/34,0,0,0,0,0,0
2024/05/24 星期五 00:37:17.117,1716482237117,NH-DC-NM129-D04-ROCE-Leaf-6.GPU.S9825,FourHundredGigE1/0/34,421066,1676601424,340354,1237873380,4.11,3.03
2024/05/24 星期五 00:37:17.671,1716482237671,NH-DC-NM129-D04-ROCE-Leaf-6.GPU.S9825,FourHundredGigE1/0/34,0,0,0,0,0,0
2024/05/24 星期五 00:37:18.251,1716482238251,NH-DC-NM129-D04-ROCE-Leaf-6.GPU.S9825,FourHundredGigE1/0/34,264105,1016749340,413807,1566710054,2.18,3.36
2024/05/24 星期五 00:37:18.813,1716482238813,NH-DC-NM129-D04-ROCE-Leaf-6.GPU.S9825,FourHundredGigE1/0/34,254563,972753400,219271,797513668,2.16,1.76
2024/05/24 星期五 00:37:19.321,1716482239321,NH-DC-NM129-D04-ROCE-Leaf-6.GPU.S9825,FourHundredGigE1/0/34,0,0,0,0,0,0
2024/05/24 星期五 00:37:19.903,1716482239903,NH-DC-NM129-D04-ROCE-Leaf-6.GPU.S9825,FourHundredGigE1/0/34,190247,652256050,224704,816548634,1.40,1.74
2024/05/24 星期五 00:37:20.468,1716482240468,NH-DC-NM129-D04-ROCE-Leaf-6.GPU.S9825,FourHundredGigE1/0/34,0,0,0,0,0,0
2024/05/24 星期五 00:37:20.966,1716482240966,NH-DC-NM129-D04-ROCE-Leaf-6.GPU.S9825,FourHundredGigE1/0/34,200338,752155928,334058,1339374000,1.88,3.34
2024/05/24 星期五 00:37:21.609,1716482241609,NH-DC-NM129-D04-ROCE-Leaf-6.GPU.S9825,FourHundredGigE1/0/34,0,0,0,0,0,0
2024/05/24 星期五 00:37:22.159,1716482242159,NH-DC-NM129-D04-ROCE-Leaf-6.GPU.S9825,FourHundredGigE1/0/34,292751,1142275974,240061,940267650,2.59,2.14
2024/05/24 星期五 00:37:22.730,1716482242730,NH-DC-NM129-D04-ROCE-Leaf-6.GPU.S9825,FourHundredGigE1/0/34,0,0,0,0,0,0
2024/05/24 星期五 00:37:23.230,1716482243230,NH-DC-NM129-D04-ROCE-Leaf-6.GPU.S9825,FourHundredGigE1/0/34,174806,667042186,228995,872947082,1.65,2.18
2024/05/24 星期五 00:37:23.795,1716482243795,NH-DC-NM129-D04-ROCE-Leaf-6.GPU.S9825,FourHundredGigE1/0/34,368637,1422038604,336980,1333551840,3.14,2.94
2024/05/24 星期五 00:37:24.378,1716482244378,NH-DC-NM129-D04-ROCE-Leaf-6.GPU.S9825,FourHundredGigE1/0/34,0,0,0,0,0,0
2024/05/24 星期五 00:37:25.292,1716482245292,NH-DC-NM129-D04-ROCE-Leaf-6.GPU.S9825,FourHundredGigE1/0/34,259432,981308448,223151,866405678,1.34,1.18
2024/05/24 星期五 00:37:25.840,1716482245840,NH-DC-NM129-D04-ROCE-Leaf-6.GPU.S9825,FourHundredGigE1/0/34,129197,453210083,306780,1112867940,1.03,2.53
2024/05/24 星期五 00:37:26.347,1716482246347,NH-DC-NM129-D04-ROCE-Leaf-6.GPU.S9825,FourHundredGigE1/0/34,0,0,0,0,0,0
2024/05/24 星期五 00:37:26.849,1716482246849,NH-DC-NM129-D04-ROCE-Leaf-6.GPU.S9825,FourHundredGigE1/0/34,119803,451273870,96438,357957400,1.12,0.87
2024/05/24 星期五 00:37:27.356,1716482247356,NH-DC-NM129-D04-ROCE-Leaf-6.GPU.S9825,FourHundredGigE1/0/34,0,0,0,0,0,0
2024/05/24 星期五 00:37:27.889,1716482247889,NH-DC-NM129-D04-ROCE-Leaf-6.GPU.S9825,FourHundredGigE1/0/34,31918,87003732,443558,1753023360,0.19,4.10
2024/05/24 星期五 00:37:28.513,1716482248513,NH-DC-NM129-D04-ROCE-Leaf-6.GPU.S9825,FourHundredGigE1/0/34,0,0,0,0,0,0
2024/05/24 星期五 00:37:29.014,1716482249014,NH-DC-NM129-D04-ROCE-Leaf-6.GPU.S9825,FourHundredGigE1/0/34,155278,586335837,131971,466091454,1.45,1.15
2024/05/24 星期五 00:37:29.607,1716482249607,NH-DC-NM129-D04-ROCE-Leaf-6.GPU.S9825,FourHundredGigE1/0/34,0,0,0,0,0,0
2024/05/24 星期五 00:37:30.188,1716482250188,NH-DC-NM129-D04-ROCE-Leaf-6.GPU.S9825,FourHundredGigE1/0/34,253861,1014974814,262311,981442094,2.17,2.11
2024/05/24 星期五 00:37:30.710,1716482250710,NH-DC-NM129-D04-ROCE-Leaf-6.GPU.S9825,FourHundredGigE1/0/34,0,0,0,0,0,0
2024/05/24 星期五 00:37:31.209,1716482251209,NH-DC-NM129-D04-ROCE-Leaf-6.GPU.S9825,FourHundredGigE1/0/34,66901,241994966,69118,246267040,0.60,0.60
2024/05/24 星期五 00:37:31.938,1716482251938,NH-DC-NM129-D04-ROCE-Leaf-6.GPU.S9825,FourHundredGigE1/0/34,575636,2294557256,178375,701811550,3.93,1.20
2024/05/24 星期五 00:37:32.438,1716482252438,NH-DC-NM129-D04-ROCE-Leaf-6.GPU.S9825,FourHundredGigE1/0/34,0,0,0,0,0,0
2024/05/24 星期五 00:37:32.970,1716482252970,NH-DC-NM129-D04-ROCE-Leaf-6.GPU.S9825,FourHundredGigE1/0/34,2450771,10022377066,309767,1223333170,23.54,2.87
2024/05/24 星期五 00:37:33.536,1716482253536,NH-DC-NM129-D04-ROCE-Leaf-6.GPU.S9825,FourHundredGigE1/0/34,0,0,0,0,0,0
2024/05/24 星期五 00:37:34.080,1716482254080,NH-DC-NM129-D04-ROCE-Leaf-6.GPU.S9825,FourHundredGigE1/0/34,1871916,7658236024,176551,686941734,17.58,1.56
2024/05/24 星期五 00:37:34.700,1716482254700,NH-DC-NM129-D04-ROCE-Leaf-6.GPU.S9825,FourHundredGigE1/0/34,433402,1766533852,57114,157777312,3.55,0.30
2024/05/24 星期五 00:37:35.401,1716482255401,NH-DC-NM129-D04-ROCE-Leaf-6.GPU.S9825,FourHundredGigE1/0/34,0,0,0,0,0,0
2024/05/24 星期五 00:37:36.022,1716482256022,NH-DC-NM129-D04-ROCE-Leaf-6.GPU.S9825,FourHundredGigE1/0/34,138578,443711636,131292,513897300,0.89,1.03
2024/05/24 星期五 00:37:36.657,1716482256657,NH-DC-NM129-D04-ROCE-Leaf-6.GPU.S9825,FourHundredGigE1/0/34,0,0,0,0,0,0
2024/05/24 星期五 00:37:37.242,1716482257242,NH-DC-NM129-D04-ROCE-Leaf-6.GPU.S9825,FourHundredGigE1/0/34,647215,2336556518,208360,825423448,4.98,1.75
2024/05/24 星期五 00:37:37.745,1716482257745,NH-DC-NM129-D04-ROCE-Leaf-6.GPU.S9825,FourHundredGigE1/0/34,1024069,3585608230,102298,402177516,8.90,0.99
2024/05/24 星期五 00:37:38.370,1716482258370,NH-DC-NM129-D04-ROCE-Leaf-6.GPU.S9825,FourHundredGigE1/0/34,0,0,0,0,0,0
2024/05/24 星期五 00:37:38.954,1716482258954,NH-DC-NM129-D04-ROCE-Leaf-6.GPU.S9825,FourHundredGigE1/0/34,403648,1500565384,220968,909182496,3.21,1.93
2024/05/24 星期五 00:37:39.458,1716482259458,NH-DC-NM129-D04-ROCE-Leaf-6.GPU.S9825,FourHundredGigE1/0/34,0,0,0,0,0,0
2024/05/24 星期五 00:37:40.075,1716482260075,NH-DC-NM129-D04-ROCE-Leaf-6.GPU.S9825,FourHundredGigE1/0/34,203743,802803556,97040,305359476,1.62,0.61
2024/05/24 星期五 00:37:40.629,1716482260629,NH-DC-NM129-D04-ROCE-Leaf-6.GPU.S9825,FourHundredGigE1/0/34,0,0,0,0,0,0
2024/05/24 星期五 00:37:41.142,1716482261142,NH-DC-NM129-D04-ROCE-Leaf-6.GPU.S9825,FourHundredGigE1/0/34,255229,1020349288,269557,1040929418,2.49,2.53
2024/05/24 星期五 00:37:42.343,1716482262343,NH-DC-NM129-D04-ROCE-Leaf-6.GPU.S9825,FourHundredGigE1/0/34,261367,1029095308,216730,817117528,1.06,0.84
2024/05/24 星期五 00:37:42.955,1716482262955,NH-DC-NM129-D04-ROCE-Leaf-6.GPU.S9825,FourHundredGigE1/0/34,294735,1136331854,248021,921542842,2.31,1.88
2024/05/24 星期五 00:37:45.339,1716482265339,NH-DC-NM129-D04-ROCE-Leaf-6.GPU.S9825,FourHundredGigE1/0/34,381898,1434053329,423306,1616782132,0.75,0.84
2024/05/24 星期五 00:37:45.925,1716482265925,NH-DC-NM129-D04-ROCE-Leaf-6.GPU.S9825,FourHundredGigE1/0/34,248238,943760440,207704,828155572,2.01,1.75
2024/05/24 星期五 00:37:46.619,1716482266619,NH-DC-NM129-D04-ROCE-Leaf-6.GPU.S9825,FourHundredGigE1/0/34,0,0,0,0,0,0
2024/05/24 星期五 00:37:47.273,1716482267273,NH-DC-NM129-D04-ROCE-Leaf-6.GPU.S9825,FourHundredGigE1/0/34,149328,562513028,265239,1010744230,1.07,1.93
2024/05/24 星期五 00:37:49.357,1716482269357,NH-DC-NM129-D04-ROCE-Leaf-6.GPU.S9825,FourHundredGigE1/0/34,382303,1515117134,385045,1480930814,0.91,0.89
2024/05/24 星期五 00:37:49.871,1716482269871,NH-DC-NM129-D04-ROCE-Leaf-6.GPU.S9825,FourHundredGigE1/0/34,188597,751586411,109361,352515678,1.82,0.85
2024/05/24 星期五 00:37:50.405,1716482270405,NH-DC-NM129-D04-ROCE-Leaf-6.GPU.S9825,FourHundredGigE1/0/34,0,0,0,0,0,0
2024/05/24 星期五 00:37:50.906,1716482270906,NH-DC-NM129-D04-ROCE-Leaf-6.GPU.S9825,FourHundredGigE1/0/34,128094,487938948,214684,859072108,1.20,2.12
2024/05/24 星期五 00:37:51.459,1716482271459,NH-DC-NM129-D04-ROCE-Leaf-6.GPU.S9825,FourHundredGigE1/0/34,0,0,0,0,0,0
2024/05/24 星期五 00:37:52.150,1716482272150,NH-DC-NM129-D04-ROCE-Leaf-6.GPU.S9825,FourHundredGigE1/0/34,154978,591367629,137416,518892308,1.07,0.92
2024/05/24 星期五 00:37:52.651,1716482272651,NH-DC-NM129-D04-ROCE-Leaf-6.GPU.S9825,FourHundredGigE1/0/34,0,0,0,0,0,0
2024/05/24 星期五 00:37:53.152,1716482273152,NH-DC-NM129-D04-ROCE-Leaf-6.GPU.S9825,FourHundredGigE1/0/34,132636,475238170,464657,1871182116,1.17,4.67
2024/05/24 星期五 00:37:53.949,1716482273949,NH-DC-NM129-D04-ROCE-Leaf-6.GPU.S9825,FourHundredGigE1/0/34,182130,698538607,211080,812372174,1.08,1.27
2024/05/24 星期五 00:37:54.515,1716482274515,NH-DC-NM129-D04-ROCE-Leaf-6.GPU.S9825,FourHundredGigE1/0/34,0,0,0,0,0,0
2024/05/24 星期五 00:37:55.240,1716482275240,NH-DC-NM129-D04-ROCE-Leaf-6.GPU.S9825,FourHundredGigE1/0/34,135183,511168126,118189,394317030,0.88,0.67
2024/05/24 星期五 00:37:56.007,1716482276007,NH-DC-NM129-D04-ROCE-Leaf-6.GPU.S9825,FourHundredGigE1/0/34,213266,800547180,97407,333930722,1.30,0.54
2024/05/24 星期五 00:37:56.528,1716482276528,NH-DC-NM129-D04-ROCE-Leaf-6.GPU.S9825,FourHundredGigE1/0/34,0,0,0,0,0,0
2024/05/24 星期五 00:37:57.103,1716482277103,NH-DC-NM129-D04-ROCE-Leaf-6.GPU.S9825,FourHundredGigE1/0/34,305671,1229017094,314421,1179131766,2.65,2.54
2024/05/24 星期五 00:37:57.681,1716482277681,NH-DC-NM129-D04-ROCE-Leaf-6.GPU.S9825,FourHundredGigE1/0/34,0,0,0,0,0,0
2024/05/24 星期五 00:37:58.185,1716482278185,NH-DC-NM129-D04-ROCE-Leaf-6.GPU.S9825,FourHundredGigE1/0/34,232314,734665235,1659081,6755309990,1.81,16.74
2024/05/24 星期五 00:37:58.932,1716482278932,NH-DC-NM129-D04-ROCE-Leaf-6.GPU.S9825,FourHundredGigE1/0/34,136300,242469662,2420069,9899511034,0.40,16.55
2024/05/24 星期五 00:37:59.538,1716482279538,NH-DC-NM129-D04-ROCE-Leaf-6.GPU.S9825,FourHundredGigE1/0/34,0,0,0,0,0,0
2024/05/24 星期五 00:38:00.105,1716482280105,NH-DC-NM129-D04-ROCE-Leaf-6.GPU.S9825,FourHundredGigE1/0/34,309900,1111350668,1003953,4018199954,2.45,8.84
2024/05/24 星期五 00:38:00.672,1716482280672,NH-DC-NM129-D04-ROCE-Leaf-6.GPU.S9825,FourHundredGigE1/0/34,87853,245284835,99084,191251644,0.53,0.42
2024/05/24 星期五 00:38:01.286,1716482281286,NH-DC-NM129-D04-ROCE-Leaf-6.GPU.S9825,FourHundredGigE1/0/34,0,0,0,0,0,0
2024/05/24 星期五 00:38:01.856,1716482281856,NH-DC-NM129-D04-ROCE-Leaf-6.GPU.S9825,FourHundredGigE1/0/34,321293,1058575886,282053,922117782,2.30,2.02
2024/05/24 星期五 00:38:03.187,1716482283187,NH-DC-NM129-D04-ROCE-Leaf-6.GPU.S9825,FourHundredGigE1/0/34,415830,1432591340,582176,1957199692,1.34,1.83
2024/05/24 星期五 00:38:04.736,1716482284736,NH-DC-NM129-D04-ROCE-Leaf-6.GPU.S9825,FourHundredGigE1/0/34,0,0,0,0,0,0
2024/05/24 星期五 00:38:05.328,1716482285328,NH-DC-NM129-D04-ROCE-Leaf-6.GPU.S9825,FourHundredGigE1/0/34,142968,513173324,201415,736359402,1.08,1.54
2024/05/24 星期五 00:38:05.985,1716482285985,NH-DC-NM129-D04-ROCE-Leaf-6.GPU.S9825,FourHundredGigE1/0/34,150606,541079620,133614,434087664,1.03,0.82
2024/05/24 星期五 00:38:06.546,1716482286546,NH-DC-NM129-D04-ROCE-Leaf-6.GPU.S9825,FourHundredGigE1/0/34,0,0,0,0,0,0
2024/05/24 星期五 00:38:07.098,1716482287098,NH-DC-NM129-D04-ROCE-Leaf-6.GPU.S9825,FourHundredGigE1/0/34,163908,635281692,391099,1530604582,1.43,3.46
2024/05/24 星期五 00:38:07.688,1716482287688,NH-DC-NM129-D04-ROCE-Leaf-6.GPU.S9825,FourHundredGigE1/0/34,0,0,0,0,0,0
2024/05/24 星期五 00:38:08.231,1716482288231,NH-DC-NM129-D04-ROCE-Leaf-6.GPU.S9825,FourHundredGigE1/0/34,186740,718547804,250181,985523706,1.63,2.26
2024/05/24 星期五 00:38:08.900,1716482288900,NH-DC-NM129-D04-ROCE-Leaf-6.GPU.S9825,FourHundredGigE1/0/34,370339,1428731076,328137,1230516048,2.65,2.30
2024/05/24 星期五 00:38:09.513,1716482289513,NH-DC-NM129-D04-ROCE-Leaf-6.GPU.S9825,FourHundredGigE1/0/34,0,0,0,0,0,0
2024/05/24 星期五 00:38:10.043,1716482290043,NH-DC-NM129-D04-ROCE-Leaf-6.GPU.S9825,FourHundredGigE1/0/34,359960,1382747254,202604,787457370,3.25,1.84
2024/05/24 星期五 00:38:10.629,1716482290629,NH-DC-NM129-D04-ROCE-Leaf-6.GPU.S9825,FourHundredGigE1/0/34,0,0,0,0,0,0
2024/05/24 星期五 00:38:11.301,1716482291301,NH-DC-NM129-D04-ROCE-Leaf-6.GPU.S9825,FourHundredGigE1/0/34,145642,563186560,80544,308962632,1.04,0.56
2024/05/24 星期五 00:38:11.863,1716482291863,NH-DC-NM129-D04-ROCE-Leaf-6.GPU.S9825,FourHundredGigE1/0/34,91318,370085804,153533,601858974,0.82,1.33
2024/05/24 星期五 00:38:12.490,1716482292490,NH-DC-NM129-D04-ROCE-Leaf-6.GPU.S9825,FourHundredGigE1/0/34,0,0,0,0,0,0
2024/05/24 星期五 00:38:13.048,1716482293048,NH-DC-NM129-D04-ROCE-Leaf-6.GPU.S9825,FourHundredGigE1/0/34,436419,1727888435,242600,990893536,3.85,2.22
2024/05/24 星期五 00:38:13.595,1716482293595,NH-DC-NM129-D04-ROCE-Leaf-6.GPU.S9825,FourHundredGigE1/0/34,0,0,0,0,0,0
2024/05/24 星期五 00:38:14.229,1716482294229,NH-DC-NM129-D04-ROCE-Leaf-6.GPU.S9825,FourHundredGigE1/0/34,175684,642139280,214945,840681026,1.26,1.66
2024/05/24 星期五 00:38:14.816,1716482294816,NH-DC-NM129-D04-ROCE-Leaf-6.GPU.S9825,FourHundredGigE1/0/34,0,0,0,0,0,0
2024/05/24 星期五 00:38:15.317,1716482295317,NH-DC-NM129-D04-ROCE-Leaf-6.GPU.S9825,FourHundredGigE1/0/34,166198,670539234,242352,963891316,1.67,2.40
2024/05/24 星期五 00:38:15.986,1716482295986,NH-DC-NM129-D04-ROCE-Leaf-6.GPU.S9825,FourHundredGigE1/0/34,313065,1284792700,307392,1231788544,2.39,2.30
2024/05/24 星期五 00:38:16.570,1716482296570,NH-DC-NM129-D04-ROCE-Leaf-6.GPU.S9825,FourHundredGigE1/0/34,0,0,0,0,0,0
2024/05/24 星期五 00:38:17.097,1716482297097,NH-DC-NM129-D04-ROCE-Leaf-6.GPU.S9825,FourHundredGigE1/0/34,144186,551385448,406518,1593914756,1.30,3.77
2024/05/24 星期五 00:38:17.604,1716482297604,NH-DC-NM129-D04-ROCE-Leaf-6.GPU.S9825,FourHundredGigE1/0/34,0,0,0,0,0,0
2024/05/24 星期五 00:38:18.105,1716482298105,NH-DC-NM129-D04-ROCE-Leaf-6.GPU.S9825,FourHundredGigE1/0/34,148789,589099256,438167,1601413578,1.45,3.99
2024/05/24 星期五 00:38:18.615,1716482298615,NH-DC-NM129-D04-ROCE-Leaf-6.GPU.S9825,FourHundredGigE1/0/34,0,0,0,0,0,0
2024/05/24 星期五 00:38:19.117,1716482299117,NH-DC-NM129-D04-ROCE-Leaf-6.GPU.S9825,FourHundredGigE1/0/34,138731,538106414,154770,590916500,1.32,1.47
2024/05/24 星期五 00:38:19.706,1716482299706,NH-DC-NM129-D04-ROCE-Leaf-6.GPU.S9825,FourHundredGigE1/0/34,0,0,0,0,0,0
2024/05/24 星期五 00:38:20.259,1716482300259,NH-DC-NM129-D04-ROCE-Leaf-6.GPU.S9825,FourHundredGigE1/0/34,134343,449541093,419301,1679776634,0.99,3.77
2024/05/24 星期五 00:38:20.768,1716482300768,NH-DC-NM129-D04-ROCE-Leaf-6.GPU.S9825,FourHundredGigE1/0/34,0,0,0,0,0,0
2024/05/24 星期五 00:38:21.271,1716482301271,NH-DC-NM129-D04-ROCE-Leaf-6.GPU.S9825,FourHundredGigE1/0/34,88435,347365042,87918,341899168,0.84,0.84
2024/05/24 星期五 00:38:21.847,1716482301847,NH-DC-NM129-D04-ROCE-Leaf-6.GPU.S9825,FourHundredGigE1/0/34,160936,640816696,252952,987591776,1.39,2.13
2024/05/24 星期五 00:38:22.472,1716482302472,NH-DC-NM129-D04-ROCE-Leaf-6.GPU.S9825,FourHundredGigE1/0/34,0,0,0,0,0,0
2024/05/24 星期五 00:38:22.973,1716482302973,NH-DC-NM129-D04-ROCE-Leaf-6.GPU.S9825,FourHundredGigE1/0/34,297250,1169505980,118729,436867502,2.89,1.07
2024/05/24 星期五 00:38:23.474,1716482303474,NH-DC-NM129-D04-ROCE-Leaf-6.GPU.S9825,FourHundredGigE1/0/34,0,0,0,0,0,0
2024/05/24 星期五 00:38:24.147,1716482304147,NH-DC-NM129-D04-ROCE-Leaf-6.GPU.S9825,FourHundredGigE1/0/34,210174,818242090,293626,1102947060,1.50,2.04
2024/05/24 星期五 00:38:24.744,1716482304744,NH-DC-NM129-D04-ROCE-Leaf-6.GPU.S9825,FourHundredGigE1/0/34,0,0,0,0,0,0
2024/05/24 星期五 00:38:25.245,1716482305245,NH-DC-NM129-D04-ROCE-Leaf-6.GPU.S9825,FourHundredGigE1/0/34,178100,710749822,318697,1182949504,1.77,2.94
2024/05/24 星期五 00:38:26.514,1716482306514,NH-DC-NM129-D04-ROCE-Leaf-6.GPU.S9825,FourHundredGigE1/0/34,272999,1077470666,633533,2496019168,1.05,2.45
2024/05/24 星期五 00:38:27.029,1716482307029,NH-DC-NM129-D04-ROCE-Leaf-6.GPU.S9825,FourHundredGigE1/0/34,310018,1144527892,1181213,4831502452,2.77,11.72
2024/05/24 星期五 00:38:27.665,1716482307665,NH-DC-NM129-D04-ROCE-Leaf-6.GPU.S9825,FourHundredGigE1/0/34,0,0,0,0,0,0
2024/05/24 星期五 00:38:28.297,1716482308297,NH-DC-NM129-D04-ROCE-Leaf-6.GPU.S9825,FourHundredGigE1/0/34,62792,205207504,1033678,4216768362,0.40,8.33
2024/05/24 星期五 00:38:28.845,1716482308845,NH-DC-NM129-D04-ROCE-Leaf-6.GPU.S9825,FourHundredGigE1/0/34,70509,234762359,1021462,4142441128,0.52,9.44
2024/05/24 星期五 00:38:29.504,1716482309504,NH-DC-NM129-D04-ROCE-Leaf-6.GPU.S9825,FourHundredGigE1/0/34,0,0,0,0,0,0
2024/05/24 星期五 00:38:30.100,1716482310100,NH-DC-NM129-D04-ROCE-Leaf-6.GPU.S9825,FourHundredGigE1/0/34,62202,173413036,666866,2691985548,0.36,5.64
2024/05/24 星期五 00:38:30.650,1716482310650,NH-DC-NM129-D04-ROCE-Leaf-6.GPU.S9825,FourHundredGigE1/0/34,0,0,0,0,0,0
2024/05/24 星期五 00:38:31.252,1716482311252,NH-DC-NM129-D04-ROCE-Leaf-6.GPU.S9825,FourHundredGigE1/0/34,41672,134815981,12426,35988700,0.27,0.06
2024/05/24 星期五 00:38:31.816,1716482311816,NH-DC-NM129-D04-ROCE-Leaf-6.GPU.S9825,FourHundredGigE1/0/34,45871,163956458,66204,197159084,0.35,0.42
2024/05/24 星期五 00:38:32.367,1716482312367,NH-DC-NM129-D04-ROCE-Leaf-6.GPU.S9825,FourHundredGigE1/0/34,0,0,0,0,0,0
2024/05/24 星期五 00:38:32.938,1716482312938,NH-DC-NM129-D04-ROCE-Leaf-6.GPU.S9825,FourHundredGigE1/0/34,80431,299203840,174196,627207424,0.63,1.36
2024/05/24 星期五 00:38:33.455,1716482313455,NH-DC-NM129-D04-ROCE-Leaf-6.GPU.S9825,FourHundredGigE1/0/34,0,0,0,0,0,0
2024/05/24 星期五 00:38:33.958,1716482313958,NH-DC-NM129-D04-ROCE-Leaf-6.GPU.S9825,FourHundredGigE1/0/34,205799,792840864,241517,918573502,1.96,2.26
2024/05/24 星期五 00:38:34.649,1716482314649,NH-DC-NM129-D04-ROCE-Leaf-6.GPU.S9825,FourHundredGigE1/0/34,0,0,0,0,0,0
2024/05/24 星期五 00:38:35.149,1716482315149,NH-DC-NM129-D04-ROCE-Leaf-6.GPU.S9825,FourHundredGigE1/0/34,232138,915662318,173959,681542646,2.28,1.7
2024/05/24 星期五 00:38:35.765,1716482315765,NH-DC-NM129-D04-ROCE-Leaf-6.GPU.S9825,FourHundredGigE1/0/34,333882,1346276972,334130,1134849024,2.72,2.29
2024/05/24 星期五 00:38:36.372,1716482316372,NH-DC-NM129-D04-ROCE-Leaf-6.GPU.S9825,FourHundredGigE1/0/34,0,0,0,0,0,0
2024/05/24 星期五 00:38:36.874,1716482316874,NH-DC-NM129-D04-ROCE-Leaf-6.GPU.S9825,FourHundredGigE1/0/34,159563,613382478,389795,1544001104,1.52,3.83
2024/05/24 星期五 00:38:37.387,1716482317387,NH-DC-NM129-D04-ROCE-Leaf-6.GPU.S9825,FourHundredGigE1/0/34,0,0,0,0,0,0
2024/05/24 星期五 00:38:38.052,1716482318052,NH-DC-NM129-D04-ROCE-Leaf-6.GPU.S9825,FourHundredGigE1/0/34,432717,1744614706,364209,1466091260,3.27,2.74
2024/05/24 星期五 00:38:38.579,1716482318579,NH-DC-NM129-D04-ROCE-Leaf-6.GPU.S9825,FourHundredGigE1/0/34,0,0,0,0,0,0
2024/05/24 星期五 00:38:39.082,1716482319082,NH-DC-NM129-D04-ROCE-Leaf-6.GPU.S9825,FourHundredGigE1/0/34,551801,2176156238,363904,1460996428,5.39,3.63
2024/05/24 星期五 00:38:39.709,1716482319709,NH-DC-NM129-D04-ROCE-Leaf-6.GPU.S9825,FourHundredGigE1/0/34,0,0,0,0,0,0
2024/05/24 星期五 00:38:40.250,1716482320250,NH-DC-NM129-D04-ROCE-Leaf-6.GPU.S9825,FourHundredGigE1/0/34,163588,584064260,407138,1609952044,1.34,3.70
2024/05/24 星期五 00:38:40.751,1716482320751,NH-DC-NM129-D04-ROCE-Leaf-6.GPU.S9825,FourHundredGigE1/0/34,166828,647285910,76450,284269104,1.60,0.70
2024/05/24 星期五 00:38:41.412,1716482321412,NH-DC-NM129-D04-ROCE-Leaf-6.GPU.S9825,FourHundredGigE1/0/34,0,0,0,0,0,0
2024/05/24 星期五 00:38:42.121,1716482322121,NH-DC-NM129-D04-ROCE-Leaf-6.GPU.S9825,FourHundredGigE1/0/34,132831,475325764,104895,374413882,0.83,0.65
2024/05/24 星期五 00:38:43.118,1716482323118,NH-DC-NM129-D04-ROCE-Leaf-6.GPU.S9825,FourHundredGigE1/0/34,110043,369243979,185722,686314540,0.45,0.85
2024/05/24 星期五 00:38:43.660,1716482323660,NH-DC-NM129-D04-ROCE-Leaf-6.GPU.S9825,FourHundredGigE1/0/34,0,0,0,0,0,0
2024/05/24 星期五 00:38:44.340,1716482324340,NH-DC-NM129-D04-ROCE-Leaf-6.GPU.S9825,FourHundredGigE1/0/34,115589,424694832,93255,336329886,0.77,0.61
2024/05/24 星期五 00:38:44.951,1716482324951,NH-DC-NM129-D04-ROCE-Leaf-6.GPU.S9825,FourHundredGigE1/0/34,433974,1771826559,301958,1218141564,3.62,2.48
2024/05/24 星期五 00:38:45.453,1716482325453,NH-DC-NM129-D04-ROCE-Leaf-6.GPU.S9825,FourHundredGigE1/0/34,0,0,0,0,0,0
2024/05/24 星期五 00:38:46.123,1716482326123,NH-DC-NM129-D04-ROCE-Leaf-6.GPU.S9825,FourHundredGigE1/0/34,263338,1068356452,247834,1014782828,1.98,1.88
2024/05/24 星期五 00:38:47.607,1716482327607,NH-DC-NM129-D04-ROCE-Leaf-6.GPU.S9825,FourHundredGigE1/0/34,200726,775638924,91882,309870053,0.65,0.25
2024/05/24 星期五 00:38:48.105,1716482328105,NH-DC-NM129-D04-ROCE-Leaf-6.GPU.S9825,FourHundredGigE1/0/34,220470,899654684,166310,616581388,2.23,1.53
2024/05/24 星期五 00:38:48.658,1716482328658,NH-DC-NM129-D04-ROCE-Leaf-6.GPU.S9825,FourHundredGigE1/0/34,0,0,0,0,0,0
2024/05/24 星期五 00:38:49.157,1716482329157,NH-DC-NM129-D04-ROCE-Leaf-6.GPU.S9825,FourHundredGigE1/0/34,176622,716683892,156898,573367296,1.78,1.43
2024/05/24 星期五 00:38:49.902,1716482329902,NH-DC-NM129-D04-ROCE-Leaf-6.GPU.S9825,FourHundredGigE1/0/34,186011,773340359,455162,1825343844,1.29,3.05
2024/05/24 星期五 00:38:50.448,1716482330448,NH-DC-NM129-D04-ROCE-Leaf-6.GPU.S9825,FourHundredGigE1/0/34,0,0,0,0,0,0
2024/05/24 星期五 00:38:50.947,1716482330947,NH-DC-NM129-D04-ROCE-Leaf-6.GPU.S9825,FourHundredGigE1/0/34,163870,642902736,115818,410426100,1.60,1.03
2024/05/24 星期五 00:38:51.545,1716482331545,NH-DC-NM129-D04-ROCE-Leaf-6.GPU.S9825,FourHundredGigE1/0/34,0,0,0,0,0,0
2024/05/24 星期五 00:38:52.105,1716482332105,NH-DC-NM129-D04-ROCE-Leaf-6.GPU.S9825,FourHundredGigE1/0/34,86101,245794142,134216,498917640,0.54,1.09
2024/05/24 星期五 00:38:52.897,1716482332897,NH-DC-NM129-D04-ROCE-Leaf-6.GPU.S9825,FourHundredGigE1/0/34,156355,573576904,153568,565551572,0.90,0.88
2024/05/24 星期五 00:38:53.524,1716482333524,NH-DC-NM129-D04-ROCE-Leaf-6.GPU.S9825,FourHundredGigE1/0/34,0,0,0,0,0,0
2024/05/24 星期五 00:38:54.220,1716482334220,NH-DC-NM129-D04-ROCE-Leaf-6.GPU.S9825,FourHundredGigE1/0/34,358420,1392734650,285364,1137318594,2.50,2.03
2024/05/24 星期五 00:38:54.950,1716482334950,NH-DC-NM129-D04-ROCE-Leaf-6.GPU.S9825,FourHundredGigE1/0/34,135102,509370048,164035,638398380,0.86,1.08
2024/05/24 星期五 00:38:55.768,1716482335768,NH-DC-NM129-D04-ROCE-Leaf-6.GPU.S9825,FourHundredGigE1/0/34,225747,858053836,132135,512043607,1.30,0.78
2024/05/24 星期五 00:38:56.327,1716482336327,NH-DC-NM129-D04-ROCE-Leaf-6.GPU.S9825,FourHundredGigE1/0/34,0,0,0,0,0,0
2024/05/24 星期五 00:38:56.859,1716482336859,NH-DC-NM129-D04-ROCE-Leaf-6.GPU.S9825,FourHundredGigE1/0/34,70945,232728512,485767,1917826646,0.54,4.49
2024/05/24 星期五 00:38:57.463,1716482337463,NH-DC-NM129-D04-ROCE-Leaf-6.GPU.S9825,FourHundredGigE1/0/34,0,0,0,0,0,0
2024/05/24 星期五 00:38:57.967,1716482337967,NH-DC-NM129-D04-ROCE-Leaf-6.GPU.S9825,FourHundredGigE1/0/34,268201,1016591194,336781,1318915368,2.50,3.25
2024/05/24 星期五 00:38:58.603,1716482338603,NH-DC-NM129-D04-ROCE-Leaf-6.GPU.S9825,FourHundredGigE1/0/34,0,0,0,0,0,0
2024/05/24 星期五 00:38:59.305,1716482339305,NH-DC-NM129-D04-ROCE-Leaf-6.GPU.S9825,FourHundredGigE1/0/34,143281,539124002,117913,442222808,0.94,0.78
2024/05/24 星期五 00:38:59.853,1716482339853,NH-DC-NM129-D04-ROCE-Leaf-6.GPU.S9825,FourHundredGigE1/0/34,145198,569402798,110952,421147668,1.28,0.96
2024/05/24 星期五 00:39:00.396,1716482340396,NH-DC-NM129-D04-ROCE-Leaf-6.GPU.S9825,FourHundredGigE1/0/34,0,0,0,0,0,0
2024/05/24 星期五 00:39:00.992,1716482340992,NH-DC-NM129-D04-ROCE-Leaf-6.GPU.S9825,FourHundredGigE1/0/34,293277,1149223929,209705,838812930,2.39,1.74
2024/05/24 星期五 00:39:01.490,1716482341490,NH-DC-NM129-D04-ROCE-Leaf-6.GPU.S9825,FourHundredGigE1/0/34,0,0,0,0,0,0
2024/05/24 星期五 00:39:02.086,1716482342086,NH-DC-NM129-D04-ROCE-Leaf-6.GPU.S9825,FourHundredGigE1/0/34,318874,1074454644,631239,2547437206,2.24,5.33
2024/05/24 星期五 00:39:03.865,1716482343865,NH-DC-NM129-D04-ROCE-Leaf-6.GPU.S9825,FourHundredGigE1/0/34,452549,1659535422,211409,821712102,1.16,0.58
2024/05/24 星期五 00:39:04.881,1716482344881,NH-DC-NM129-D04-ROCE-Leaf-6.GPU.S9825,FourHundredGigE1/0/34,316183,970308682,216926,563165976,1.19,0.69
2024/05/24 星期五 00:39:05.437,1716482345437,NH-DC-NM129-D04-ROCE-Leaf-6.GPU.S9825,FourHundredGigE1/0/34,0,0,0,0,0,0
2024/05/24 星期五 00:39:06.160,1716482346160,NH-DC-NM129-D04-ROCE-Leaf-6.GPU.S9825,FourHundredGigE1/0/34,285226,959605433,159118,460132096,1.64,0.80
2024/05/24 星期五 00:39:07.154,1716482347154,NH-DC-NM129-D04-ROCE-Leaf-6.GPU.S9825,FourHundredGigE1/0/34,108700,406042072,151555,600275770,0.50,0.75
2024/05/24 星期五 00:39:07.758,1716482347758,NH-DC-NM129-D04-ROCE-Leaf-6.GPU.S9825,FourHundredGigE1/0/34,0,0,0,0,0,0
2024/05/24 星期五 00:39:08.279,1716482348279,NH-DC-NM129-D04-ROCE-Leaf-6.GPU.S9825,FourHundredGigE1/0/34,398355,1537758829,156018,613718204,3.67,1.46
2024/05/24 星期五 00:39:08.809,1716482348809,NH-DC-NM129-D04-ROCE-Leaf-6.GPU.S9825,FourHundredGigE1/0/34,254334,732887254,146306,575164536,1.72,1.34
2024/05/24 星期五 00:39:09.362,1716482349362,NH-DC-NM129-D04-ROCE-Leaf-6.GPU.S9825,FourHundredGigE1/0/34,0,0,0,0,0,0
2024/05/24 星期五 00:39:09.879,1716482349879,NH-DC-NM129-D04-ROCE-Leaf-6.GPU.S9825,FourHundredGigE1/0/34,195967,709559603,174121,663608258,1.69,1.60
2024/05/24 星期五 00:39:10.548,1716482350548,NH-DC-NM129-D04-ROCE-Leaf-6.GPU.S9825,FourHundredGigE1/0/34,0,0,0,0,0,0
2024/05/24 星期五 00:39:11.170,1716482351170,NH-DC-NM129-D04-ROCE-Leaf-6.GPU.S9825,FourHundredGigE1/0/34,189299,768153974,231185,854799652,1.53,1.71
2024/05/24 星期五 00:39:11.825,1716482351825,NH-DC-NM129-D04-ROCE-Leaf-6.GPU.S9825,FourHundredGigE1/0/34,333672,1285333176,251205,1008401956,2.44,1.91
2024/05/24 星期五 00:39:12.334,1716482352334,NH-DC-NM129-D04-ROCE-Leaf-6.GPU.S9825,FourHundredGigE1/0/34,0,0,0,0,0,0
2024/05/24 星期五 00:39:12.902,1716482352902,NH-DC-NM129-D04-ROCE-Leaf-6.GPU.S9825,FourHundredGigE1/0/34,190252,725564569,177412,652192792,1.58,1.43
2024/05/24 星期五 00:39:13.430,1716482353430,NH-DC-NM129-D04-ROCE-Leaf-6.GPU.S9825,FourHundredGigE1/0/34,0,0,0,0,0,0
2024/05/24 星期五 00:39:14.202,1716482354202,NH-DC-NM129-D04-ROCE-Leaf-6.GPU.S9825,FourHundredGigE1/0/34,213453,812997986,220473,781594642,1.31,1.26
2024/05/24 星期五 00:39:14.797,1716482354797,NH-DC-NM129-D04-ROCE-Leaf-6.GPU.S9825,FourHundredGigE1/0/34,81170,284203844,304136,1186207505,0.59,2.48
2024/05/24 星期五 00:39:15.381,1716482355381,NH-DC-NM129-D04-ROCE-Leaf-6.GPU.S9825,FourHundredGigE1/0/34,0,0,0,0,0,0
2024/05/24 星期五 00:39:15.896,1716482355896,NH-DC-NM129-D04-ROCE-Leaf-6.GPU.S9825,FourHundredGigE1/0/34,107809,388066198,74541,240209366,0.92,0.58
2024/05/24 星期五 00:39:16.422,1716482356422,NH-DC-NM129-D04-ROCE-Leaf-6.GPU.S9825,FourHundredGigE1/0/34,0,0,0,0,0,0
2024/05/24 星期五 00:39:16.926,1716482356926,NH-DC-NM129-D04-ROCE-Leaf-6.GPU.S9825,FourHundredGigE1/0/34,306851,1223945306,304681,1224537666,3.03,3.03
2024/05/24 星期五 00:39:17.554,1716482357554,NH-DC-NM129-D04-ROCE-Leaf-6.GPU.S9825,FourHundredGigE1/0/34,0,0,0,0,0,0
2024/05/24 星期五 00:39:18.122,1716482358122,NH-DC-NM129-D04-ROCE-Leaf-6.GPU.S9825,FourHundredGigE1/0/34,324719,1262009394,171829,668764182,2.77,1.45
2024/05/24 星期五 00:39:18.673,1716482358673,NH-DC-NM129-D04-ROCE-Leaf-6.GPU.S9825,FourHundredGigE1/0/34,0,0,0,0,0,0
2024/05/24 星期五 00:39:19.174,1716482359174,NH-DC-NM129-D04-ROCE-Leaf-6.GPU.S9825,FourHundredGigE1/0/34,155697,545164734,117897,373500710,1.35,0.92
2024/05/24 星期五 00:39:23.691,1716482363691,NH-DC-NM129-D04-ROCE-Leaf-6.GPU.S9825,FourHundredGigE1/0/34,5317507,21579181592,4859381,19512602330,5.97,5.40
2024/05/24 星期五 00:39:24.249,1716482364249,NH-DC-NM129-D04-ROCE-Leaf-6.GPU.S9825,FourHundredGigE1/0/34,605529,2367937072,826484,3385454164,5.29,7.57
2024/05/24 星期五 00:39:24.754,1716482364754,NH-DC-NM129-D04-ROCE-Leaf-6.GPU.S9825,FourHundredGigE1/0/34,0,0,0,0,0,0
2024/05/24 星期五 00:39:25.253,1716482365253,NH-DC-NM129-D04-ROCE-Leaf-6.GPU.S9825,FourHundredGigE1/0/34,377882,1499603676,190712,664895704,3.73,1.65
2024/05/24 星期五 00:39:25.860,1716482365860,NH-DC-NM129-D04-ROCE-Leaf-6.GPU.S9825,FourHundredGigE1/0/34,313034,1249166244,181136,687711080,2.55,1.40
2024/05/24 星期五 00:39:26.378,1716482366378,NH-DC-NM129-D04-ROCE-Leaf-6.GPU.S9825,FourHundredGigE1/0/34,0,0,0,0,0,0
2024/05/24 星期五 00:39:26.947,1716482366947,NH-DC-NM129-D04-ROCE-Leaf-6.GPU.S9825,FourHundredGigE1/0/34,263756,1001600292,212141,790718022,2.20,1.74
2024/05/24 星期五 00:39:27.516,1716482367516,NH-DC-NM129-D04-ROCE-Leaf-6.GPU.S9825,FourHundredGigE1/0/34,0,0,0,0,0,0
2024/05/24 星期五 00:39:28.033,1716482368033,NH-DC-NM129-D04-ROCE-Leaf-6.GPU.S9825,FourHundredGigE1/0/34,377437,1475702538,377937,1485709494,3.55,3.58
2024/05/24 星期五 00:39:29.190,1716482369190,NH-DC-NM129-D04-ROCE-Leaf-6.GPU.S9825,FourHundredGigE1/0/34,118081,441896031,223019,781624178,0.48,0.84
2024/05/24 星期五 00:39:29.745,1716482369745,NH-DC-NM129-D04-ROCE-Leaf-6.GPU.S9825,FourHundredGigE1/0/34,0,0,0,0,0,0
2024/05/24 星期五 00:39:30.324,1716482370324,NH-DC-NM129-D04-ROCE-Leaf-6.GPU.S9825,FourHundredGigE1/0/34,262524,991842288,276182,1067659216,2.14,2.29
2024/05/24 星期五 00:39:30.909,1716482370909,NH-DC-NM129-D04-ROCE-Leaf-6.GPU.S9825,FourHundredGigE1/0/34,178008,683259905,249911,944191302,1.45,2.01
2024/05/24 星期五 00:39:31.425,1716482371425,NH-DC-NM129-D04-ROCE-Leaf-6.GPU.S9825,FourHundredGigE1/0/34,0,0,0,0,0,0
2024/05/24 星期五 00:39:31.927,1716482371927,NH-DC-NM129-D04-ROCE-Leaf-6.GPU.S9825,FourHundredGigE1/0/34,76183,282553482,72850,225159828,0.70,0.55
2024/05/24 星期五 00:39:32.537,1716482372537,NH-DC-NM129-D04-ROCE-Leaf-6.GPU.S9825,FourHundredGigE1/0/34,0,0,0,0,0,0
2024/05/24 星期五 00:39:33.058,1716482373058,NH-DC-NM129-D04-ROCE-Leaf-6.GPU.S9825,FourHundredGigE1/0/34,300208,1206932394,283425,1091700678,2.88,2.62
2024/05/24 星期五 00:39:33.714,1716482373714,NH-DC-NM129-D04-ROCE-Leaf-6.GPU.S9825,FourHundredGigE1/0/34,280567,1124162192,49815,140177710,2.13,0.27
2024/05/24 星期五 00:39:34.417,1716482374417,NH-DC-NM129-D04-ROCE-Leaf-6.GPU.S9825,FourHundredGigE1/0/34,0,0,0,0,0,0
2024/05/24 星期五 00:39:34.919,1716482374919,NH-DC-NM129-D04-ROCE-Leaf-6.GPU.S9825,FourHundredGigE1/0/34,216414,777568390,324687,1279081674,1.92,3.16
2024/05/24 星期五 00:39:35.572,1716482375572,NH-DC-NM129-D04-ROCE-Leaf-6.GPU.S9825,FourHundredGigE1/0/34,0,0,0,0,0,0
2024/05/24 星期五 00:39:36.130,1716482376130,NH-DC-NM129-D04-ROCE-Leaf-6.GPU.S9825,FourHundredGigE1/0/34,152551,612884356,100520,388873960,1.37,0.85
2024/05/24 星期五 00:39:37.211,1716482377211,NH-DC-NM129-D04-ROCE-Leaf-6.GPU.S9825,FourHundredGigE1/0/34,254405,1017441122,255843,1010799914,1.17,1.17
2024/05/24 星期五 00:39:37.814,1716482377814,NH-DC-NM129-D04-ROCE-Leaf-6.GPU.S9825,FourHundredGigE1/0/34,0,0,0,0,0,0
2024/05/24 星期五 00:39:38.315,1716482378315,NH-DC-NM129-D04-ROCE-Leaf-6.GPU.S9825,FourHundredGigE1/0/34,199235,782890810,124901,342663762,1.95,0.85
2024/05/24 星期五 00:39:38.818,1716482378818,NH-DC-NM129-D04-ROCE-Leaf-6.GPU.S9825,FourHundredGigE1/0/34,85011,305823166,152504,567004956,0.75,1.39
2024/05/24 星期五 00:39:39.438,1716482379438,NH-DC-NM129-D04-ROCE-Leaf-6.GPU.S9825,FourHundredGigE1/0/34,0,0,0,0,0,0
2024/05/24 星期五 00:39:40.074,1716482380074,NH-DC-NM129-D04-ROCE-Leaf-6.GPU.S9825,FourHundredGigE1/0/34,146197,559868594,134020,508926740,1.08,0.98
2024/05/24 星期五 00:39:40.695,1716482380695,NH-DC-NM129-D04-ROCE-Leaf-6.GPU.S9825,FourHundredGigE1/0/34,1998286,8158445908,1818411,7419312948,16.40,14.92
2024/05/24 星期五 00:39:41.265,1716482381265,NH-DC-NM129-D04-ROCE-Leaf-6.GPU.S9825,FourHundredGigE1/0/34,0,0,0,0,0,0
2024/05/24 星期五 00:39:41.927,1716482381927,NH-DC-NM129-D04-ROCE-Leaf-6.GPU.S9825,FourHundredGigE1/0/34,2447521,10010841402,2436444,9969445446,18.90,18.81
2024/05/24 星期五 00:39:42.755,1716482382755,NH-DC-NM129-D04-ROCE-Leaf-6.GPU.S9825,FourHundredGigE1/0/34,305365,1167402843,315747,1260086076,1.75,1.90
2024/05/24 星期五 00:39:43.388,1716482383388,NH-DC-NM129-D04-ROCE-Leaf-6.GPU.S9825,FourHundredGigE1/0/34,0,0,0,0,0,0
2024/05/24 星期五 00:39:44.029,1716482384029,NH-DC-NM129-D04-ROCE-Leaf-6.GPU.S9825,FourHundredGigE1/0/34,456160,1834323354,355293,1438750614,3.57,2.79
2024/05/24 星期五 00:39:44.661,1716482384661,NH-DC-NM129-D04-ROCE-Leaf-6.GPU.S9825,FourHundredGigE1/0/34,0,0,0,0,0,0
2024/05/24 星期五 00:39:45.182,1716482385182,NH-DC-NM129-D04-ROCE-Leaf-6.GPU.S9825,FourHundredGigE1/0/34,480309,1867821344,237004,952353066,4.46,2.28
2024/05/24 星期五 00:39:45.726,1716482385726,NH-DC-NM129-D04-ROCE-Leaf-6.GPU.S9825,FourHundredGigE1/0/34,346366,1371847720,457523,1753638354,3.15,4.02
2024/05/24 星期五 00:39:46.480,1716482386480,NH-DC-NM129-D04-ROCE-Leaf-6.GPU.S9825,FourHundredGigE1/0/34,190741,719604599,147917,533601390,1.18,0.88
2024/05/24 星期五 00:39:47.295,1716482387295,NH-DC-NM129-D04-ROCE-Leaf-6.GPU.S9825,FourHundredGigE1/0/34,0,0,0,0,0,0
2024/05/24 星期五 00:39:47.879,1716482387879,NH-DC-NM129-D04-ROCE-Leaf-6.GPU.S9825,FourHundredGigE1/0/34,196382,771577260,192644,790951812,1.65,1.69
2024/05/24 星期五 00:39:48.382,1716482388382,NH-DC-NM129-D04-ROCE-Leaf-6.GPU.S9825,FourHundredGigE1/0/34,0,0,0,0,0,0
2024/05/24 星期五 00:39:48.885,1716482388885,NH-DC-NM129-D04-ROCE-Leaf-6.GPU.S9825,FourHundredGigE1/0/34,155166,587093644,91626,319759300,1.44,0.77
2024/05/24 星期五 00:39:49.531,1716482389531,NH-DC-NM129-D04-ROCE-Leaf-6.GPU.S9825,FourHundredGigE1/0/34,0,0,0,0,0,0
2024/05/24 星期五 00:39:50.205,1716482390205,NH-DC-NM129-D04-ROCE-Leaf-6.GPU.S9825,FourHundredGigE1/0/34,299445,1171377786,340081,1292700686,2.17,2.39
2024/05/24 星期五 00:39:50.794,1716482390794,NH-DC-NM129-D04-ROCE-Leaf-6.GPU.S9825,FourHundredGigE1/0/34,169183,629012190,217479,834493134,1.32,1.76
2024/05/24 星期五 00:39:51.398,1716482391398,NH-DC-NM129-D04-ROCE-Leaf-6.GPU.S9825,FourHundredGigE1/0/34,0,0,0,0,0,0
2024/05/24 星期五 00:39:51.899,1716482391899,NH-DC-NM129-D04-ROCE-Leaf-6.GPU.S9825,FourHundredGigE1/0/34,191229,756944970,208958,779458272,1.87,1.92
2024/05/24 星期五 00:39:52.399,1716482392399,NH-DC-NM129-D04-ROCE-Leaf-6.GPU.S9825,FourHundredGigE1/0/34,0,0,0,0,0,0
2024/05/24 星期五 00:39:52.974,1716482392974,NH-DC-NM129-D04-ROCE-Leaf-6.GPU.S9825,FourHundredGigE1/0/34,381715,1522086966,232833,881592734,3.30,1.91
2024/05/24 星期五 00:39:53.774,1716482393774,NH-DC-NM129-D04-ROCE-Leaf-6.GPU.S9825,FourHundredGigE1/0/34,204977,747999362,189485,718610578,1.16,1.11
2024/05/24 星期五 00:39:54.567,1716482394567,NH-DC-NM129-D04-ROCE-Leaf-6.GPU.S9825,FourHundredGigE1/0/34,0,0,0,0,0,0
2024/05/24 星期五 00:39:55.138,1716482395138,NH-DC-NM129-D04-ROCE-Leaf-6.GPU.S9825,FourHundredGigE1/0/34,122572,452806948,232646,904820402,0.99,1.97
2024/05/24 星期五 00:39:55.691,1716482395691,NH-DC-NM129-D04-ROCE-Leaf-6.GPU.S9825,FourHundredGigE1/0/34,0,0,0,0,0,0
2024/05/24 星期五 00:39:56.260,1716482396260,NH-DC-NM129-D04-ROCE-Leaf-6.GPU.S9825,FourHundredGigE1/0/34,175525,688304427,174146,646586190,1.49,1.41
2024/05/24 星期五 00:39:57.053,1716482397053,NH-DC-NM129-D04-ROCE-Leaf-6.GPU.S9825,FourHundredGigE1/0/34,220850,876578556,641377,2560183114,1.37,4.04
2024/05/24 星期五 00:39:57.588,1716482397588,NH-DC-NM129-D04-ROCE-Leaf-6.GPU.S9825,FourHundredGigE1/0/34,0,0,0,0,0,0
2024/05/24 星期五 00:39:58.150,1716482398150,NH-DC-NM129-D04-ROCE-Leaf-6.GPU.S9825,FourHundredGigE1/0/34,99478,372852625,216014,801546448,0.82,1.78
2024/05/24 星期五 00:39:58.654,1716482398654,NH-DC-NM129-D04-ROCE-Leaf-6.GPU.S9825,FourHundredGigE1/0/34,0,0,0,0,0,0
2024/05/24 星期五 00:39:59.157,1716482399157,NH-DC-NM129-D04-ROCE-Leaf-6.GPU.S9825,FourHundredGigE1/0/34,113180,407546824,68643,247692108,0.99,0.60
2024/05/24 星期五 00:39:59.752,1716482399752,NH-DC-NM129-D04-ROCE-Leaf-6.GPU.S9825,FourHundredGigE1/0/34,392134,1561388910,306401,1226181764,3.28,2.56
2024/05/24 星期五 00:40:00.646,1716482400646,NH-DC-NM129-D04-ROCE-Leaf-6.GPU.S9825,FourHundredGigE1/0/34,0,0,0,0,0,0
2024/05/24 星期五 00:40:01.147,1716482401147,NH-DC-NM129-D04-ROCE-Leaf-6.GPU.S9825,FourHundredGigE1/0/34,157070,570870858,92259,284169822,1.42,0.70
2024/05/24 星期五 00:40:01.746,1716482401746,NH-DC-NM129-D04-ROCE-Leaf-6.GPU.S9825,FourHundredGigE1/0/34,238836,934561748,274974,1095577892,1.94,2.27
2024/05/24 星期五 00:40:02.418,1716482402418,NH-DC-NM129-D04-ROCE-Leaf-6.GPU.S9825,FourHundredGigE1/0/34,182335,698090738,122922,443647120,1.28,0.82
2024/05/24 星期五 00:40:04.180,1716482404180,NH-DC-NM129-D04-ROCE-Leaf-6.GPU.S9825,FourHundredGigE1/0/34,246806,939039584,262302,1028582484,0.66,0.72
2024/05/24 星期五 00:40:04.899,1716482404899,NH-DC-NM129-D04-ROCE-Leaf-6.GPU.S9825,FourHundredGigE1/0/34,97292,340901760,122956,444497258,0.59,0.76
2024/05/24 星期五 00:40:05.459,1716482405459,NH-DC-NM129-D04-ROCE-Leaf-6.GPU.S9825,FourHundredGigE1/0/34,0,0,0,0,0,0
2024/05/24 星期五 00:40:05.963,1716482405963,NH-DC-NM129-D04-ROCE-Leaf-6.GPU.S9825,FourHundredGigE1/0/34,193801,756933350,111491,391599070,1.86,0.97
2024/05/24 星期五 00:40:06.465,1716482406465,NH-DC-NM129-D04-ROCE-Leaf-6.GPU.S9825,FourHundredGigE1/0/34,0,0,0,0,0,0
2024/05/24 星期五 00:40:06.966,1716482406966,NH-DC-NM129-D04-ROCE-Leaf-6.GPU.S9825,FourHundredGigE1/0/34,167036,647387044,167380,610767592,1.60,1.52
2024/05/24 星期五 00:40:07.707,1716482407707,NH-DC-NM129-D04-ROCE-Leaf-6.GPU.S9825,FourHundredGigE1/0/34,165599,630232134,144780,546266812,1.06,0.91
2024/05/24 星期五 00:40:08.862,1716482408862,NH-DC-NM129-D04-ROCE-Leaf-6.GPU.S9825,FourHundredGigE1/0/34,0,0,0,0,0,0
2024/05/24 星期五 00:40:09.363,1716482409363,NH-DC-NM129-D04-ROCE-Leaf-6.GPU.S9825,FourHundredGigE1/0/34,355944,1287412704,230607,918909738,3.19,2.27
2024/05/24 星期五 00:40:09.884,1716482409884,NH-DC-NM129-D04-ROCE-Leaf-6.GPU.S9825,FourHundredGigE1/0/34,394780,1521735950,229479,859499278,3.65,2.04
2024/05/24 星期五 00:40:10.402,1716482410402,NH-DC-NM129-D04-ROCE-Leaf-6.GPU.S9825,FourHundredGigE1/0/34,0,0,0,0,0,0
2024/05/24 星期五 00:40:11.146,1716482411146,NH-DC-NM129-D04-ROCE-Leaf-6.GPU.S9825,FourHundredGigE1/0/34,64729,185568388,30181,57919766,0.30,0.08
2024/05/24 星期五 00:40:11.913,1716482411913,NH-DC-NM129-D04-ROCE-Leaf-6.GPU.S9825,FourHundredGigE1/0/34,185952,700051588,123502,405115084,1.14,0.65
2024/05/24 星期五 00:40:12.492,1716482412492,NH-DC-NM129-D04-ROCE-Leaf-6.GPU.S9825,FourHundredGigE1/0/34,0,0,0,0,0,0
2024/05/24 星期五 00:40:12.993,1716482412993,NH-DC-NM129-D04-ROCE-Leaf-6.GPU.S9825,FourHundredGigE1/0/34,200864,701753041,104445,352122974,1.75,0.87
2024/05/24 星期五 00:40:14.369,1716482414369,NH-DC-NM129-D04-ROCE-Leaf-6.GPU.S9825,FourHundredGigE1/0/34,208902,686901665,203913,780501114,0.62,0.71
2024/05/24 星期五 00:40:15.002,1716482415002,NH-DC-NM129-D04-ROCE-Leaf-6.GPU.S9825,FourHundredGigE1/0/34,283619,1046592699,296156,1167040216,2.05,2.29
2024/05/24 星期五 00:40:16.385,1716482416385,NH-DC-NM129-D04-ROCE-Leaf-6.GPU.S9825,FourHundredGigE1/0/34,62800,223691468,257905,1019585986,0.20,0.91
2024/05/24 星期五 00:40:16.885,1716482416885,NH-DC-NM129-D04-ROCE-Leaf-6.GPU.S9825,FourHundredGigE1/0/34,159928,624622788,170879,636763698,1.55,1.58
2024/05/24 星期五 00:40:17.884,1716482417884,NH-DC-NM129-D04-ROCE-Leaf-6.GPU.S9825,FourHundredGigE1/0/34,242925,904801970,202622,791097344,1.13,0.99
2024/05/24 星期五 00:40:20.386,1716482420386,NH-DC-NM129-D04-ROCE-Leaf-6.GPU.S9825,FourHundredGigE1/0/34,221491,752220579,497309,1734452830,0.37,0.86
2024/05/24 星期五 00:40:20.889,1716482420889,NH-DC-NM129-D04-ROCE-Leaf-6.GPU.S9825,FourHundredGigE1/0/34,91907,366154190,242207,916257802,0.89,2.26
2024/05/24 星期五 00:40:21.988,1716482421988,NH-DC-NM129-D04-ROCE-Leaf-6.GPU.S9825,FourHundredGigE1/0/34,534371,2166017202,508633,2037938036,2.46,2.31
2024/05/24 星期五 00:40:22.497,1716482422497,NH-DC-NM129-D04-ROCE-Leaf-6.GPU.S9825,FourHundredGigE1/0/34,0,0,0,0,0,0
2024/05/24 星期五 00:40:22.998,1716482422998,NH-DC-NM129-D04-ROCE-Leaf-6.GPU.S9825,FourHundredGigE1/0/34,132758,472759793,154131,598494360,1.17,1.47
2024/05/24 星期五 00:40:23.577,1716482423577,NH-DC-NM129-D04-ROCE-Leaf-6.GPU.S9825,FourHundredGigE1/0/34,0,0,0,0,0,0
2024/05/24 星期五 00:40:24.100,1716482424100,NH-DC-NM129-D04-ROCE-Leaf-6.GPU.S9825,FourHundredGigE1/0/34,135243,521959223,118143,425981490,1.24,1.00
2024/05/24 星期五 00:40:24.782,1716482424782,NH-DC-NM129-D04-ROCE-Leaf-6.GPU.S9825,FourHundredGigE1/0/34,191125,741102182,177244,669372308,1.36,1.21
2024/05/24 星期五 00:40:25.569,1716482425569,NH-DC-NM129-D04-ROCE-Leaf-6.GPU.S9825,FourHundredGigE1/0/34,0,0,0,0,0,0
2024/05/24 星期五 00:40:26.071,1716482426071,NH-DC-NM129-D04-ROCE-Leaf-6.GPU.S9825,FourHundredGigE1/0/34,134488,486611220,499983,2027492194,1.20,5.03
2024/05/24 星期五 00:40:26.597,1716482426597,NH-DC-NM129-D04-ROCE-Leaf-6.GPU.S9825,FourHundredGigE1/0/34,0,0,0,0,0,0
2024/05/24 星期五 00:40:27.099,1716482427099,NH-DC-NM129-D04-ROCE-Leaf-6.GPU.S9825,FourHundredGigE1/0/34,96380,356643512,116726,442682244,0.87,1.10
2024/05/24 星期五 00:40:27.602,1716482427602,NH-DC-NM129-D04-ROCE-Leaf-6.GPU.S9825,FourHundredGigE1/0/34,0,0,0,0,0,0
2024/05/24 星期五 00:40:28.211,1716482428211,NH-DC-NM129-D04-ROCE-Leaf-6.GPU.S9825,FourHundredGigE1/0/34,175758,670009321,172006,636667868,1.38,1.29
2024/05/24 星期五 00:40:29.048,1716482429048,NH-DC-NM129-D04-ROCE-Leaf-6.GPU.S9825,FourHundredGigE1/0/34,190995,736292467,105126,357067020,1.09,0.52
2024/05/24 星期五 00:40:29.545,1716482429545,NH-DC-NM129-D04-ROCE-Leaf-6.GPU.S9825,FourHundredGigE1/0/34,0,0,0,0,0,0
2024/05/24 星期五 00:40:30.098,1716482430098,NH-DC-NM129-D04-ROCE-Leaf-6.GPU.S9825,FourHundredGigE1/0/34,61701,235166134,150740,570668728,0.52,1.29
2024/05/24 星期五 00:40:30.671,1716482430671,NH-DC-NM129-D04-ROCE-Leaf-6.GPU.S9825,FourHundredGigE1/0/34,0,0,0,0,0,0
2024/05/24 星期五 00:40:31.169,1716482431169,NH-DC-NM129-D04-ROCE-Leaf-6.GPU.S9825,FourHundredGigE1/0/34,286934,1133760288,68340,155834968,2.84,0.38
2024/05/24 星期五 00:40:31.958,1716482431958,NH-DC-NM129-D04-ROCE-Leaf-6.GPU.S9825,FourHundredGigE1/0/34,138688,543028372,379430,1473814728,0.86,2.33
2024/05/24 星期五 00:40:32.975,1716482432975,NH-DC-NM129-D04-ROCE-Leaf-6.GPU.S9825,FourHundredGigE1/0/34,149106,497941557,256983,1002953570,0.60,1.23
2024/05/24 星期五 00:40:33.943,1716482433943,NH-DC-NM129-D04-ROCE-Leaf-6.GPU.S9825,FourHundredGigE1/0/34,119134,439694138,129503,498154898,0.56,0.63
2024/05/24 星期五 00:40:34.446,1716482434446,NH-DC-NM129-D04-ROCE-Leaf-6.GPU.S9825,FourHundredGigE1/0/34,0,0,0,0,0,0
2024/05/24 星期五 00:40:34.949,1716482434949,NH-DC-NM129-D04-ROCE-Leaf-6.GPU.S9825,FourHundredGigE1/0/34,213473,814135012,106475,357285678,2.01,0.87
2024/05/24 星期五 00:40:36.948,1716482436948,NH-DC-NM129-D04-ROCE-Leaf-6.GPU.S9825,FourHundredGigE1/0/34,471193,1836617142,216776,794357768,1.14,0.49
2024/05/24 星期五 00:40:37.490,1716482437490,NH-DC-NM129-D04-ROCE-Leaf-6.GPU.S9825,FourHundredGigE1/0/34,0,0,0,0,0,0
2024/05/24 星期五 00:40:37.989,1716482437989,NH-DC-NM129-D04-ROCE-Leaf-6.GPU.S9825,FourHundredGigE1/0/34,126393,467849014,250632,978351652,1.15,2.43
2024/05/24 星期五 00:40:38.768,1716482438768,NH-DC-NM129-D04-ROCE-Leaf-6.GPU.S9825,FourHundredGigE1/0/34,186878,733753220,192439,556612814,1.17,0.88
2024/05/24 星期五 00:40:40.432,1716482440432,NH-DC-NM129-D04-ROCE-Leaf-6.GPU.S9825,FourHundredGigE1/0/34,200963,775146330,150116,299684956,0.58,0.22
2024/05/24 星期五 00:40:40.929,1716482440929,NH-DC-NM129-D04-ROCE-Leaf-6.GPU.S9825,FourHundredGigE1/0/34,161629,630021434,151195,550168518,1.58,1.38
2024/05/24 星期五 00:40:41.433,1716482441433,NH-DC-NM129-D04-ROCE-Leaf-6.GPU.S9825,FourHundredGigE1/0/34,569528,2277081796,283709,1067501770,5.63,2.63
2024/05/24 星期五 00:40:42.536,1716482442536,NH-DC-NM129-D04-ROCE-Leaf-6.GPU.S9825,FourHundredGigE1/0/34,0,0,0,0,0,0
2024/05/24 星期五 00:40:43.207,1716482443207,NH-DC-NM129-D04-ROCE-Leaf-6.GPU.S9825,FourHundredGigE1/0/34,214210,695174351,105043,388720366,1.29,0.71
2024/05/24 星期五 00:40:43.729,1716482443729,NH-DC-NM129-D04-ROCE-Leaf-6.GPU.S9825,FourHundredGigE1/0/34,472970,1865853526,280486,1097680972,4.45,2.61
2024/05/24 星期五 00:40:44.460,1716482444460,NH-DC-NM129-D04-ROCE-Leaf-6.GPU.S9825,FourHundredGigE1/0/34,0,0,0,0,0,0
2024/05/24 星期五 00:40:44.963,1716482444963,NH-DC-NM129-D04-ROCE-Leaf-6.GPU.S9825,FourHundredGigE1/0/34,235521,931280642,183560,707421200,2.31,1.74
2024/05/24 星期五 00:40:45.576,1716482445576,NH-DC-NM129-D04-ROCE-Leaf-6.GPU.S9825,FourHundredGigE1/0/34,201772,759882972,177061,669363258,1.53,1.35
2024/05/24 星期五 00:40:46.476,1716482446476,NH-DC-NM129-D04-ROCE-Leaf-6.GPU.S9825,FourHundredGigE1/0/34,0,0,0,0,0,0
2024/05/24 星期五 00:40:47.110,1716482447110,NH-DC-NM129-D04-ROCE-Leaf-6.GPU.S9825,FourHundredGigE1/0/34,212760,843250224,153909,582891950,1.66,1.14
2024/05/24 星期五 00:40:47.658,1716482447658,NH-DC-NM129-D04-ROCE-Leaf-6.GPU.S9825,FourHundredGigE1/0/34,0,0,0,0,0,0
2024/05/24 星期五 00:40:48.204,1716482448204,NH-DC-NM129-D04-ROCE-Leaf-6.GPU.S9825,FourHundredGigE1/0/34,329373,1342294402,128783,482782562,3.07,1.10
2024/05/24 星期五 00:40:48.706,1716482448706,NH-DC-NM129-D04-ROCE-Leaf-6.GPU.S9825,FourHundredGigE1/0/34,0,0,0,0,0,0
2024/05/24 星期五 00:40:49.371,1716482449371,NH-DC-NM129-D04-ROCE-Leaf-6.GPU.S9825,FourHundredGigE1/0/34,226330,908768136,183003,680565390,1.69,1.28
2024/05/24 星期五 00:40:50.067,1716482450067,NH-DC-NM129-D04-ROCE-Leaf-6.GPU.S9825,FourHundredGigE1/0/34,124922,432950424,281027,1115907410,0.77,1.99
2024/05/24 星期五 00:40:50.569,1716482450569,NH-DC-NM129-D04-ROCE-Leaf-6.GPU.S9825,FourHundredGigE1/0/34,0,0,0,0,0,0
2024/05/24 星期五 00:40:51.070,1716482451070,NH-DC-NM129-D04-ROCE-Leaf-6.GPU.S9825,FourHundredGigE1/0/34,414039,1643925506,122461,430303506,4.09,1.07
2024/05/24 星期五 00:40:51.619,1716482451619,NH-DC-NM129-D04-ROCE-Leaf-6.GPU.S9825,FourHundredGigE1/0/34,0,0,0,0,0,0
2024/05/24 星期五 00:40:52.117,1716482452117,NH-DC-NM129-D04-ROCE-Leaf-6.GPU.S9825,FourHundredGigE1/0/34,104323,392566842,75584,260529972,0.98,0.65
2024/05/24 星期五 00:40:52.938,1716482452938,NH-DC-NM129-D04-ROCE-Leaf-6.GPU.S9825,FourHundredGigE1/0/34,24087,72248228,106649,389606970,0.11,0.58
2024/05/24 星期五 00:40:53.672,1716482453672,NH-DC-NM129-D04-ROCE-Leaf-6.GPU.S9825,FourHundredGigE1/0/34,0,0,0,0,0,0
2024/05/24 星期五 00:40:54.294,1716482454294,NH-DC-NM129-D04-ROCE-Leaf-6.GPU.S9825,FourHundredGigE1/0/34,38991,108029825,99269,351506770,0.20,0.70
2024/05/24 星期五 00:40:55.000,1716482455000,NH-DC-NM129-D04-ROCE-Leaf-6.GPU.S9825,FourHundredGigE1/0/34,244282,943888144,224132,884290776,1.66,1.56
2024/05/24 星期五 00:40:55.664,1716482455664,NH-DC-NM129-D04-ROCE-Leaf-6.GPU.S9825,FourHundredGigE1/0/34,239237,879453293,159140,609246704,1.64,1.13
2024/05/24 星期五 00:40:56.622,1716482456622,NH-DC-NM129-D04-ROCE-Leaf-6.GPU.S9825,FourHundredGigE1/0/34,129017,475524396,142762,492818204,0.61,0.64
2024/05/24 星期五 00:40:57.309,1716482457309,NH-DC-NM129-D04-ROCE-Leaf-6.GPU.S9825,FourHundredGigE1/0/34,0,0,0,0,0,0
2024/05/24 星期五 00:40:57.821,1716482457821,NH-DC-NM129-D04-ROCE-Leaf-6.GPU.S9825,FourHundredGigE1/0/34,395150,1569168448,552001,2173054694,3.81,5.30
2024/05/24 星期五 00:40:58.395,1716482458395,NH-DC-NM129-D04-ROCE-Leaf-6.GPU.S9825,FourHundredGigE1/0/34,0,0,0,0,0,0
2024/05/24 星期五 00:40:59.529,1716482459529,NH-DC-NM129-D04-ROCE-Leaf-6.GPU.S9825,FourHundredGigE1/0/34,132086,477171649,213467,822015138,0.52,0.90
2024/05/24 星期五 00:41:00.299,1716482460299,NH-DC-NM129-D04-ROCE-Leaf-6.GPU.S9825,FourHundredGigE1/0/34,174488,649267064,625668,2496044824,1.04,4.04
2024/05/24 星期五 00:41:00.950,1716482460950,NH-DC-NM129-D04-ROCE-Leaf-6.GPU.S9825,FourHundredGigE1/0/34,119440,451313901,356693,1407963066,0.86,2.69
2024/05/24 星期五 00:41:01.451,1716482461451,NH-DC-NM129-D04-ROCE-Leaf-6.GPU.S9825,FourHundredGigE1/0/34,0,0,0,0,0,0
2024/05/24 星期五 00:41:02.037,1716482462037,NH-DC-NM129-D04-ROCE-Leaf-6.GPU.S9825,FourHundredGigE1/0/34,201497,725181200,396428,1575724416,1.54,3.35
2024/05/24 星期五 00:41:03.722,1716482463722,NH-DC-NM129-D04-ROCE-Leaf-6.GPU.S9825,FourHundredGigE1/0/34,267118,903999094,491105,1859628336,0.67,1.37
2024/05/24 星期五 00:41:04.904,1716482464904,NH-DC-NM129-D04-ROCE-Leaf-6.GPU.S9825,FourHundredGigE1/0/34,170712,411356233,90249,346389420,0.43,0.36
2024/05/24 星期五 00:41:05.435,1716482465435,NH-DC-NM129-D04-ROCE-Leaf-6.GPU.S9825,FourHundredGigE1/0/34,0,0,0,0,0,0
2024/05/24 星期五 00:41:06.030,1716482466030,NH-DC-NM129-D04-ROCE-Leaf-6.GPU.S9825,FourHundredGigE1/0/34,447925,1684003830,264385,1044416290,3.53,2.18
2024/05/24 星期五 00:41:06.551,1716482466551,NH-DC-NM129-D04-ROCE-Leaf-6.GPU.S9825,FourHundredGigE1/0/34,0,0,0,0,0,0
2024/05/24 星期五 00:41:07.080,1716482467080,NH-DC-NM129-D04-ROCE-Leaf-6.GPU.S9825,FourHundredGigE1/0/34,195705,774518381,273977,1090966578,1.82,2.58
2024/05/24 星期五 00:41:07.818,1716482467818,NH-DC-NM129-D04-ROCE-Leaf-6.GPU.S9825,FourHundredGigE1/0/34,182840,730037723,246608,933506342,1.24,1.58
2024/05/24 星期五 00:41:08.333,1716482468333,NH-DC-NM129-D04-ROCE-Leaf-6.GPU.S9825,FourHundredGigE1/0/34,0,0,0,0,0,0
2024/05/24 星期五 00:41:08.888,1716482468888,NH-DC-NM129-D04-ROCE-Leaf-6.GPU.S9825,FourHundredGigE1/0/34,951802,3865572488,191529,758832348,8.69,1.69
2024/05/24 星期五 00:41:09.514,1716482469514,NH-DC-NM129-D04-ROCE-Leaf-6.GPU.S9825,FourHundredGigE1/0/34,0,0,0,0,0,0
2024/05/24 星期五 00:41:10.028,1716482470028,NH-DC-NM129-D04-ROCE-Leaf-6.GPU.S9825,FourHundredGigE1/0/34,126790,486892163,174609,709424474,1.17,1.70
2024/05/24 星期五 00:41:10.578,1716482470578,NH-DC-NM129-D04-ROCE-Leaf-6.GPU.S9825,FourHundredGigE1/0/34,167460,603305970,154209,500527678,1.36,1.14
2024/05/24 星期五 00:41:11.358,1716482471358,NH-DC-NM129-D04-ROCE-Leaf-6.GPU.S9825,FourHundredGigE1/0/34,0,0,0,0,0,0
2024/05/24 星期五 00:41:11.906,1716482471906,NH-DC-NM129-D04-ROCE-Leaf-6.GPU.S9825,FourHundredGigE1/0/34,224063,904194983,257597,732850866,2.05,1.67
2024/05/24 星期五 00:41:12.406,1716482472406,NH-DC-NM129-D04-ROCE-Leaf-6.GPU.S9825,FourHundredGigE1/0/34,0,0,0,0,0,0
2024/05/24 星期五 00:41:13.053,1716482473053,NH-DC-NM129-D04-ROCE-Leaf-6.GPU.S9825,FourHundredGigE1/0/34,254574,959658401,416818,1602215804,1.84,3.09
2024/05/24 星期五 00:41:13.605,1716482473605,NH-DC-NM129-D04-ROCE-Leaf-6.GPU.S9825,FourHundredGigE1/0/34,0,0,0,0,0,0
2024/05/24 星期五 00:41:14.202,1716482474202,NH-DC-NM129-D04-ROCE-Leaf-6.GPU.S9825,FourHundredGigE1/0/34,617142,2307701884,150384,596224128,4.82,1.24
2024/05/24 星期五 00:41:15.012,1716482475012,NH-DC-NM129-D04-ROCE-Leaf-6.GPU.S9825,FourHundredGigE1/0/34,544492,1884780530,151202,593194592,2.90,0.91
2024/05/24 星期五 00:41:19.068,1716482479068,NH-DC-NM129-D04-ROCE-Leaf-6.GPU.S9825,FourHundredGigE1/0/34,918309,3396308784,797346,3026643260,1.04,0.93
2024/05/24 星期五 00:41:19.625,1716482479625,NH-DC-NM129-D04-ROCE-Leaf-6.GPU.S9825,FourHundredGigE1/0/34,0,0,0,0,0,0
2024/05/24 星期五 00:41:20.207,1716482480207,NH-DC-NM129-D04-ROCE-Leaf-6.GPU.S9825,FourHundredGigE1/0/34,275258,1099858444,170098,633589844,2.34,1.35
2024/05/24 星期五 00:41:20.768,1716482480768,NH-DC-NM129-D04-ROCE-Leaf-6.GPU.S9825,FourHundredGigE1/0/34,92467,324762454,112649,419349206,0.71,0.91
2024/05/24 星期五 00:41:21.417,1716482481417,NH-DC-NM129-D04-ROCE-Leaf-6.GPU.S9825,FourHundredGigE1/0/34,0,0,0,0,0,0
2024/05/24 星期五 00:41:21.921,1716482481921,NH-DC-NM129-D04-ROCE-Leaf-6.GPU.S9825,FourHundredGigE1/0/34,159752,596959056,152680,590363772,1.46,1.46
2024/05/24 星期五 00:41:22.465,1716482482465,NH-DC-NM129-D04-ROCE-Leaf-6.GPU.S9825,FourHundredGigE1/0/34,0,0,0,0,0,0
2024/05/24 星期五 00:41:22.967,1716482482967,NH-DC-NM129-D04-ROCE-Leaf-6.GPU.S9825,FourHundredGigE1/0/34,207532,651025264,174945,681447850,1.62,1.69
2024/05/24 星期五 00:41:23.561,1716482483561,NH-DC-NM129-D04-ROCE-Leaf-6.GPU.S9825,FourHundredGigE1/0/34,0,0,0,0,0,0
2024/05/24 星期五 00:41:24.261,1716482484261,NH-DC-NM129-D04-ROCE-Leaf-6.GPU.S9825,FourHundredGigE1/0/34,135308,248757252,94862,303935696,0.43,0.54
2024/05/24 星期五 00:41:25.016,1716482485016,NH-DC-NM129-D04-ROCE-Leaf-6.GPU.S9825,FourHundredGigE1/0/34,187060,477803596,86784,286133340,0.78,0.46
2024/05/24 星期五 00:41:25.571,1716482485571,NH-DC-NM129-D04-ROCE-Leaf-6.GPU.S9825,FourHundredGigE1/0/34,0,0,0,0,0,0
2024/05/24 星期五 00:41:26.158,1716482486158,NH-DC-NM129-D04-ROCE-Leaf-6.GPU.S9825,FourHundredGigE1/0/34,176343,527517466,214582,741453932,1.11,1.58
2024/05/24 星期五 00:41:26.661,1716482486661,NH-DC-NM129-D04-ROCE-Leaf-6.GPU.S9825,FourHundredGigE1/0/34,0,0,0,0,0,0
2024/05/24 星期五 00:41:27.171,1716482487171,NH-DC-NM129-D04-ROCE-Leaf-6.GPU.S9825,FourHundredGigE1/0/34,306345,1206278362,212867,658699894,2.94,1.59
2024/05/24 星期五 00:41:27.745,1716482487745,NH-DC-NM129-D04-ROCE-Leaf-6.GPU.S9825,FourHundredGigE1/0/34,146986,559907848,207235,664521028,1.20,1.44
2024/05/24 星期五 00:41:28.400,1716482488400,NH-DC-NM129-D04-ROCE-Leaf-6.GPU.S9825,FourHundredGigE1/0/34,0,0,0,0,0,0
2024/05/24 星期五 00:41:28.906,1716482488906,NH-DC-NM129-D04-ROCE-Leaf-6.GPU.S9825,FourHundredGigE1/0/34,490805,1997484336,369082,1317762448,4.92,3.24
2024/05/24 星期五 00:41:29.462,1716482489462,NH-DC-NM129-D04-ROCE-Leaf-6.GPU.S9825,FourHundredGigE1/0/34,0,0,0,0,0,0
2024/05/24 星期五 00:41:29.962,1716482489962,NH-DC-NM129-D04-ROCE-Leaf-6.GPU.S9825,FourHundredGigE1/0/34,142822,548283842,1530778,6228595682,1.35,15.55
2024/05/24 星期五 00:41:30.530,1716482490530,NH-DC-NM129-D04-ROCE-Leaf-6.GPU.S9825,FourHundredGigE1/0/34,0,0,0,0,0,0
2024/05/24 星期五 00:41:31.048,1716482491048,NH-DC-NM129-D04-ROCE-Leaf-6.GPU.S9825,FourHundredGigE1/0/34,354890,1425431392,2126366,8698226930,3.43,20.97
2024/05/24 星期五 00:41:31.679,1716482491679,NH-DC-NM129-D04-ROCE-Leaf-6.GPU.S9825,FourHundredGigE1/0/34,0,0,0,0,0,0
2024/05/24 星期五 00:41:32.201,1716482492201,NH-DC-NM129-D04-ROCE-Leaf-6.GPU.S9825,FourHundredGigE1/0/34,161993,585784242,987093,4005130820,1.39,9.58
2024/05/24 星期五 00:41:32.764,1716482492764,NH-DC-NM129-D04-ROCE-Leaf-6.GPU.S9825,FourHundredGigE1/0/34,0,0,0,0,0,0
2024/05/24 星期五 00:41:33.267,1716482493267,NH-DC-NM129-D04-ROCE-Leaf-6.GPU.S9825,FourHundredGigE1/0/34,98079,347493286,182944,675638452,0.84,1.67
2024/05/24 星期五 00:41:33.885,1716482493885,NH-DC-NM129-D04-ROCE-Leaf-6.GPU.S9825,FourHundredGigE1/0/34,348394,1323546164,159348,629020538,2.67,1.25
2024/05/24 星期五 00:41:34.526,1716482494526,NH-DC-NM129-D04-ROCE-Leaf-6.GPU.S9825,FourHundredGigE1/0/34,0,0,0,0,0,0
2024/05/24 星期五 00:41:35.095,1716482495095,NH-DC-NM129-D04-ROCE-Leaf-6.GPU.S9825,FourHundredGigE1/0/34,177852,658712982,313097,1188993060,1.43,2.59
2024/05/24 星期五 00:41:35.679,1716482495679,NH-DC-NM129-D04-ROCE-Leaf-6.GPU.S9825,FourHundredGigE1/0/34,0,0,0,0,0,0
2024/05/24 星期五 00:41:36.260,1716482496260,NH-DC-NM129-D04-ROCE-Leaf-6.GPU.S9825,FourHundredGigE1/0/34,154146,556681088,246712,983586536,1.18,2.11
2024/05/24 星期五 00:41:36.762,1716482496762,NH-DC-NM129-D04-ROCE-Leaf-6.GPU.S9825,FourHundredGigE1/0/34,0,0,0,0,0,0
2024/05/24 星期五 00:41:37.262,1716482497262,NH-DC-NM129-D04-ROCE-Leaf-6.GPU.S9825,FourHundredGigE1/0/34,200870,747945238,247209,990631678,1.85,2.48
2024/05/24 星期五 00:41:37.878,1716482497878,NH-DC-NM129-D04-ROCE-Leaf-6.GPU.S9825,FourHundredGigE1/0/34,248275,967137718,209975,783487806,1.95,1.58
2024/05/24 星期五 00:41:38.464,1716482498464,NH-DC-NM129-D04-ROCE-Leaf-6.GPU.S9825,FourHundredGigE1/0/34,0,0,0,0,0,0
2024/05/24 星期五 00:41:38.965,1716482498965,NH-DC-NM129-D04-ROCE-Leaf-6.GPU.S9825,FourHundredGigE1/0/34,89962,310477364,127453,476875398,0.77,1.17
2024/05/24 星期五 00:41:39.561,1716482499561,NH-DC-NM129-D04-ROCE-Leaf-6.GPU.S9825,FourHundredGigE1/0/34,0,0,0,0,0,0
2024/05/24 星期五 00:41:40.062,1716482500062,NH-DC-NM129-D04-ROCE-Leaf-6.GPU.S9825,FourHundredGigE1/0/34,214419,852459278,255559,1037859810,2.12,2.57
2024/05/24 星期五 00:41:40.630,1716482500630,NH-DC-NM129-D04-ROCE-Leaf-6.GPU.S9825,FourHundredGigE1/0/34,0,0,0,0,0,0
2024/05/24 星期五 00:41:41.134,1716482501134,NH-DC-NM129-D04-ROCE-Leaf-6.GPU.S9825,FourHundredGigE1/0/34,130799,475221618,62309,222810706,1.17,0.55
2024/05/24 星期五 00:41:42.030,1716482502030,NH-DC-NM129-D04-ROCE-Leaf-6.GPU.S9825,FourHundredGigE1/0/34,123171,419351883,107565,360322426,0.57,0.50
2024/05/24 星期五 00:41:42.712,1716482502712,NH-DC-NM129-D04-ROCE-Leaf-6.GPU.S9825,FourHundredGigE1/0/34,0,0,0,0,0,0
2024/05/24 星期五 00:41:43.213,1716482503213,NH-DC-NM129-D04-ROCE-Leaf-6.GPU.S9825,FourHundredGigE1/0/34,156833,602753063,125144,469493236,1.50,1.15
2024/05/24 星期五 00:41:43.821,1716482503821,NH-DC-NM129-D04-ROCE-Leaf-6.GPU.S9825,FourHundredGigE1/0/34,271272,1051389112,129463,486023714,2.16,0.99
2024/05/24 星期五 00:41:44.541,1716482504541,NH-DC-NM129-D04-ROCE-Leaf-6.GPU.S9825,FourHundredGigE1/0/34,0,0,0,0,0,0
2024/05/24 星期五 00:41:45.208,1716482505208,NH-DC-NM129-D04-ROCE-Leaf-6.GPU.S9825,FourHundredGigE1/0/34,317367,1288341502,407912,1671493272,2.40,3.13
2024/05/24 星期五 00:41:45.753,1716482505753,NH-DC-NM129-D04-ROCE-Leaf-6.GPU.S9825,FourHundredGigE1/0/34,241583,967030480,289590,983123156,2.20,2.25
2024/05/24 星期五 00:41:46.370,1716482506370,NH-DC-NM129-D04-ROCE-Leaf-6.GPU.S9825,FourHundredGigE1/0/34,0,0,0,0,0,0
2024/05/24 星期五 00:41:47.198,1716482507198,NH-DC-NM129-D04-ROCE-Leaf-6.GPU.S9825,FourHundredGigE1/0/34,116976,462920710,134719,506455562,0.69,0.75
2024/05/24 星期五 00:41:47.779,1716482507779,NH-DC-NM129-D04-ROCE-Leaf-6.GPU.S9825,FourHundredGigE1/0/34,97696,369072544,110767,411694798,0.77,0.88
2024/05/24 星期五 00:41:48.460,1716482508460,NH-DC-NM129-D04-ROCE-Leaf-6.GPU.S9825,FourHundredGigE1/0/34,0,0,0,0,0,0
2024/05/24 星期五 00:41:48.964,1716482508964,NH-DC-NM129-D04-ROCE-Leaf-6.GPU.S9825,FourHundredGigE1/0/34,612928,2513937180,442483,1791923634,6.23,4.44
2024/05/24 星期五 00:41:49.549,1716482509549,NH-DC-NM129-D04-ROCE-Leaf-6.GPU.S9825,FourHundredGigE1/0/34,0,0,0,0,0,0
2024/05/24 星期五 00:41:50.050,1716482510050,NH-DC-NM129-D04-ROCE-Leaf-6.GPU.S9825,FourHundredGigE1/0/34,176082,706647640,273749,833250082,1.75,2.07
2024/05/24 星期五 00:41:50.649,1716482510649,NH-DC-NM129-D04-ROCE-Leaf-6.GPU.S9825,FourHundredGigE1/0/34,0,0,0,0,0,0
2024/05/24 星期五 00:41:51.155,1716482511155,NH-DC-NM129-D04-ROCE-Leaf-6.GPU.S9825,FourHundredGigE1/0/34,117864,471196796,187589,520920158,1.16,1.28
2024/05/24 星期五 00:41:51.790,1716482511790,NH-DC-NM129-D04-ROCE-Leaf-6.GPU.S9825,FourHundredGigE1/0/34,331065,1310950058,523560,1812102320,2.58,3.56
2024/05/24 星期五 00:41:52.355,1716482512355,NH-DC-NM129-D04-ROCE-Leaf-6.GPU.S9825,FourHundredGigE1/0/34,0,0,0,0,0,0
2024/05/24 星期五 00:41:52.971,1716482512971,NH-DC-NM129-D04-ROCE-Leaf-6.GPU.S9825,FourHundredGigE1/0/34,326292,1123092836,242981,778732694,2.27,1.56
2024/05/24 星期五 00:41:53.626,1716482513626,NH-DC-NM129-D04-ROCE-Leaf-6.GPU.S9825,FourHundredGigE1/0/34,639906,2559291928,414095,1553733782,4.87,2.96
2024/05/24 星期五 00:41:54.465,1716482514465,NH-DC-NM129-D04-ROCE-Leaf-6.GPU.S9825,FourHundredGigE1/0/34,0,0,0,0,0,0
2024/05/24 星期五 00:41:55.166,1716482515166,NH-DC-NM129-D04-ROCE-Leaf-6.GPU.S9825,FourHundredGigE1/0/34,164485,628976998,330013,1256444690,1.11,2.23
2024/05/24 星期五 00:41:55.802,1716482515802,NH-DC-NM129-D04-ROCE-Leaf-6.GPU.S9825,FourHundredGigE1/0/34,315042,1261896849,286436,1151240828,2.48,2.26
2024/05/24 星期五 00:41:56.385,1716482516385,NH-DC-NM129-D04-ROCE-Leaf-6.GPU.S9825,FourHundredGigE1/0/34,0,0,0,0,0,0
2024/05/24 星期五 00:41:56.934,1716482516934,NH-DC-NM129-D04-ROCE-Leaf-6.GPU.S9825,FourHundredGigE1/0/34,142693,525197092,204175,784307494,1.18,1.78
2024/05/24 星期五 00:41:57.541,1716482517541,NH-DC-NM129-D04-ROCE-Leaf-6.GPU.S9825,FourHundredGigE1/0/34,0,0,0,0,0,0
2024/05/24 星期五 00:41:58.120,1716482518120,NH-DC-NM129-D04-ROCE-Leaf-6.GPU.S9825,FourHundredGigE1/0/34,231487,921870344,296197,1170007778,1.99,2.53
2024/05/24 星期五 00:41:58.936,1716482518936,NH-DC-NM129-D04-ROCE-Leaf-6.GPU.S9825,FourHundredGigE1/0/34,335875,1285223868,528030,2097943180,1.96,3.20
2024/05/24 星期五 00:41:59.772,1716482519772,NH-DC-NM129-D04-ROCE-Leaf-6.GPU.S9825,FourHundredGigE1/0/34,164351,657161322,136557,478427586,0.97,0.70
2024/05/24 星期五 00:42:00.340,1716482520340,NH-DC-NM129-D04-ROCE-Leaf-6.GPU.S9825,FourHundredGigE1/0/34,0,0,0,0,0,0
2024/05/24 星期五 00:42:00.844,1716482520844,NH-DC-NM129-D04-ROCE-Leaf-6.GPU.S9825,FourHundredGigE1/0/34,92998,320669010,115519,440211922,0.79,1.09
2024/05/24 星期五 00:42:01.347,1716482521347,NH-DC-NM129-D04-ROCE-Leaf-6.GPU.S9825,FourHundredGigE1/0/34,0,0,0,0,0,0
2024/05/24 星期五 00:42:01.992,1716482521992,NH-DC-NM129-D04-ROCE-Leaf-6.GPU.S9825,FourHundredGigE1/0/34,248017,972071610,267141,988249486,1.88,1.90
2024/05/24 星期五 00:42:03.374,1716482523374,NH-DC-NM129-D04-ROCE-Leaf-6.GPU.S9825,FourHundredGigE1/0/34,667464,2603474064,787218,3172031932,2.35,2.87
2024/05/24 星期五 00:42:04.623,1716482524623,NH-DC-NM129-D04-ROCE-Leaf-6.GPU.S9825,FourHundredGigE1/0/34,0,0,0,0,0,0
2024/05/24 星期五 00:42:05.185,1716482525185,NH-DC-NM129-D04-ROCE-Leaf-6.GPU.S9825,FourHundredGigE1/0/34,193912,755872428,181642,715623280,1.67,1.58
2024/05/24 星期五 00:42:05.820,1716482525820,NH-DC-NM129-D04-ROCE-Leaf-6.GPU.S9825,FourHundredGigE1/0/34,65827,220307090,113410,397591772,0.43,0.77
2024/05/24 星期五 00:42:06.393,1716482526393,NH-DC-NM129-D04-ROCE-Leaf-6.GPU.S9825,FourHundredGigE1/0/34,0,0,0,0,0,0
2024/05/24 星期五 00:42:06.927,1716482526927,NH-DC-NM129-D04-ROCE-Leaf-6.GPU.S9825,FourHundredGigE1/0/34,515976,2098706236,327423,1264165974,4.89,2.95
2024/05/24 星期五 00:42:07.427,1716482527427,NH-DC-NM129-D04-ROCE-Leaf-6.GPU.S9825,FourHundredGigE1/0/34,0,0,0,0,0,0
2024/05/24 星期五 00:42:08.051,1716482528051,NH-DC-NM129-D04-ROCE-Leaf-6.GPU.S9825,FourHundredGigE1/0/34,209020,821478177,167743,650254494,1.64,1.30
2024/05/24 星期五 00:42:08.607,1716482528607,NH-DC-NM129-D04-ROCE-Leaf-6.GPU.S9825,FourHundredGigE1/0/34,0,0,0,0,0,0
2024/05/24 星期五 00:42:09.108,1716482529108,NH-DC-NM129-D04-ROCE-Leaf-6.GPU.S9825,FourHundredGigE1/0/34,210167,837007350,151650,541198216,2.07,1.35
2024/05/24 星期五 00:42:09.732,1716482529732,NH-DC-NM129-D04-ROCE-Leaf-6.GPU.S9825,FourHundredGigE1/0/34,0,0,0,0,0,0
2024/05/24 星期五 00:42:10.822,1716482530822,NH-DC-NM129-D04-ROCE-Leaf-6.GPU.S9825,FourHundredGigE1/0/34,425920,1659082406,451614,1653180196,1.89,1.89
2024/05/24 星期五 00:42:11.415,1716482531415,NH-DC-NM129-D04-ROCE-Leaf-6.GPU.S9825,FourHundredGigE1/0/34,0,0,0,0,0,0
2024/05/24 星期五 00:42:12.031,1716482532031,NH-DC-NM129-D04-ROCE-Leaf-6.GPU.S9825,FourHundredGigE1/0/34,140677,476141040,182669,611569182,0.95,1.24
2024/05/24 星期五 00:42:13.121,1716482533121,NH-DC-NM129-D04-ROCE-Leaf-6.GPU.S9825,FourHundredGigE1/0/34,107681,386291111,114354,421798476,0.44,0.48
2024/05/24 星期五 00:42:13.683,1716482533683,NH-DC-NM129-D04-ROCE-Leaf-6.GPU.S9825,FourHundredGigE1/0/34,0,0,0,0,0,0
2024/05/24 星期五 00:42:14.324,1716482534324,NH-DC-NM129-D04-ROCE-Leaf-6.GPU.S9825,FourHundredGigE1/0/34,169039,629730206,306387,1204662298,1.21,2.34
2024/05/24 星期五 00:42:14.903,1716482534903,NH-DC-NM129-D04-ROCE-Leaf-6.GPU.S9825,FourHundredGigE1/0/34,192020,757316308,252988,929733468,1.62,1.99
2024/05/24 星期五 00:42:15.475,1716482535475,NH-DC-NM129-D04-ROCE-Leaf-6.GPU.S9825,FourHundredGigE1/0/34,0,0,0,0,0,0
2024/05/24 星期五 00:42:16.081,1716482536081,NH-DC-NM129-D04-ROCE-Leaf-6.GPU.S9825,FourHundredGigE1/0/34,147087,547543250,243218,978374098,1.11,2.00
2024/05/24 星期五 00:42:16.666,1716482536666,NH-DC-NM129-D04-ROCE-Leaf-6.GPU.S9825,FourHundredGigE1/0/34,0,0,0,0,0,0
2024/05/24 星期五 00:42:17.169,1716482537169,NH-DC-NM129-D04-ROCE-Leaf-6.GPU.S9825,FourHundredGigE1/0/34,205204,787697810,321414,1283906646,1.94,3.18
2024/05/24 星期五 00:42:17.670,1716482537670,NH-DC-NM129-D04-ROCE-Leaf-6.GPU.S9825,FourHundredGigE1/0/34,0,0,0,0,0,0
2024/05/24 星期五 00:42:18.299,1716482538299,NH-DC-NM129-D04-ROCE-Leaf-6.GPU.S9825,FourHundredGigE1/0/34,532282,2034605900,342181,1301133558,4.03,2.58
2024/05/24 星期五 00:42:18.874,1716482538874,NH-DC-NM129-D04-ROCE-Leaf-6.GPU.S9825,FourHundredGigE1/0/34,57267,191586241,80369,288516754,0.41,0.61
2024/05/24 星期五 00:42:19.439,1716482539439,NH-DC-NM129-D04-ROCE-Leaf-6.GPU.S9825,FourHundredGigE1/0/34,0,0,0,0,0,0
2024/05/24 星期五 00:42:20.029,1716482540029,NH-DC-NM129-D04-ROCE-Leaf-6.GPU.S9825,FourHundredGigE1/0/34,163851,637828548,95391,317992178,1.33,0.66
2024/05/24 星期五 00:42:20.551,1716482540551,NH-DC-NM129-D04-ROCE-Leaf-6.GPU.S9825,FourHundredGigE1/0/34,0,0,0,0,0,0
2024/05/24 星期五 00:42:21.050,1716482541050,NH-DC-NM129-D04-ROCE-Leaf-6.GPU.S9825,FourHundredGigE1/0/34,1810298,7395811284,415095,1687970642,18.51,4.21
2024/05/24 星期五 00:42:21.695,1716482541695,NH-DC-NM129-D04-ROCE-Leaf-6.GPU.S9825,FourHundredGigE1/0/34,2398469,9812739738,104842,355100440,19.01,0.68
2024/05/24 星期五 00:42:22.324,1716482542324,NH-DC-NM129-D04-ROCE-Leaf-6.GPU.S9825,FourHundredGigE1/0/34,0,0,0,0,0,0
2024/05/24 星期五 00:42:22.882,1716482542882,NH-DC-NM129-D04-ROCE-Leaf-6.GPU.S9825,FourHundredGigE1/0/34,448440,1811558386,201880,768504664,4.05,1.70
2024/05/24 星期五 00:42:23.431,1716482543431,NH-DC-NM129-D04-ROCE-Leaf-6.GPU.S9825,FourHundredGigE1/0/34,0,0,0,0,0,0
2024/05/24 星期五 00:42:23.962,1716482543962,NH-DC-NM129-D04-ROCE-Leaf-6.GPU.S9825,FourHundredGigE1/0/34,152040,593169158,156737,609369178,1.39,1.41
2024/05/24 星期五 00:42:24.505,1716482544505,NH-DC-NM129-D04-ROCE-Leaf-6.GPU.S9825,FourHundredGigE1/0/34,0,0,0,0,0,0
2024/05/24 星期五 00:42:25.135,1716482545135,NH-DC-NM129-D04-ROCE-Leaf-6.GPU.S9825,FourHundredGigE1/0/34,991219,4081762300,205987,782525394,8.10,1.55
2024/05/24 星期五 00:42:25.769,1716482545769,NH-DC-NM129-D04-ROCE-Leaf-6.GPU.S9825,FourHundredGigE1/0/34,218368,864675516,269981,952385282,1.70,1.87
2024/05/24 星期五 00:42:26.319,1716482546319,NH-DC-NM129-D04-ROCE-Leaf-6.GPU.S9825,FourHundredGigE1/0/34,0,0,0,0,0,0
2024/05/24 星期五 00:42:26.852,1716482546852,NH-DC-NM129-D04-ROCE-Leaf-6.GPU.S9825,FourHundredGigE1/0/34,276142,1102642416,248311,884949682,2.58,2.06
2024/05/24 星期五 00:42:27.354,1716482547354,NH-DC-NM129-D04-ROCE-Leaf-6.GPU.S9825,FourHundredGigE1/0/34,0,0,0,0,0,0
2024/05/24 星期五 00:42:27.857,1716482547857,NH-DC-NM129-D04-ROCE-Leaf-6.GPU.S9825,FourHundredGigE1/0/34,214033,843218446,261299,1032131104,2.09,2.56
2024/05/24 星期五 00:42:28.666,1716482548666,NH-DC-NM129-D04-ROCE-Leaf-6.GPU.S9825,FourHundredGigE1/0/34,549831,0,363417,0,0,0
2024/05/24 星期五 00:42:29.363,1716482549363,NH-DC-NM129-D04-ROCE-Leaf-6.GPU.S9825,FourHundredGigE1/0/34,0,2168557974,0,1494020060,3.87,2.67
2024/05/24 星期五 00:42:29.993,1716482549993,NH-DC-NM129-D04-ROCE-Leaf-6.GPU.S9825,FourHundredGigE1/0/34,93376,346115076,194137,605264374,0.67,1.19
2024/05/24 星期五 00:42:30.524,1716482550524,NH-DC-NM129-D04-ROCE-Leaf-6.GPU.S9825,FourHundredGigE1/0/34,0,0,0,0,0,0
2024/05/24 星期五 00:42:31.026,1716482551026,NH-DC-NM129-D04-ROCE-Leaf-6.GPU.S9825,FourHundredGigE1/0/34,60941,222106298,148207,584009490,0.55,1.44
2024/05/24 星期五 00:42:31.694,1716482551694,NH-DC-NM129-D04-ROCE-Leaf-6.GPU.S9825,FourHundredGigE1/0/34,245430,984703164,260664,1017041532,1.83,1.89
2024/05/24 星期五 00:42:32.338,1716482552338,NH-DC-NM129-D04-ROCE-Leaf-6.GPU.S9825,FourHundredGigE1/0/34,0,0,0,0,0,0
2024/05/24 星期五 00:42:32.983,1716482552983,NH-DC-NM129-D04-ROCE-Leaf-6.GPU.S9825,FourHundredGigE1/0/34,205436,793736491,57479,198126990,1.53,0.37
2024/05/24 星期五 00:42:33.544,1716482553544,NH-DC-NM129-D04-ROCE-Leaf-6.GPU.S9825,FourHundredGigE1/0/34,0,0,0,0,0,0
2024/05/24 星期五 00:42:34.054,1716482554054,NH-DC-NM129-D04-ROCE-Leaf-6.GPU.S9825,FourHundredGigE1/0/34,77551,279170412,151628,576687368,0.66,1.40
2024/05/24 星期五 00:42:34.554,1716482554554,NH-DC-NM129-D04-ROCE-Leaf-6.GPU.S9825,FourHundredGigE1/0/34,0,0,0,0,0,0
2024/05/24 星期五 00:42:35.058,1716482555058,NH-DC-NM129-D04-ROCE-Leaf-6.GPU.S9825,FourHundredGigE1/0/34,110445,402081482,207190,809050940,0.99,1.98
2024/05/24 星期五 00:42:35.703,1716482555703,NH-DC-NM129-D04-ROCE-Leaf-6.GPU.S9825,FourHundredGigE1/0/34,285033,1130786154,338907,1378450422,2.19,2.66
2024/05/24 星期五 00:42:36.388,1716482556388,NH-DC-NM129-D04-ROCE-Leaf-6.GPU.S9825,FourHundredGigE1/0/34,0,0,0,0,0,0
2024/05/24 星期五 00:42:36.961,1716482556961,NH-DC-NM129-D04-ROCE-Leaf-6.GPU.S9825,FourHundredGigE1/0/34,114826,419420760,131636,504693424,0.89,1.09
2024/05/24 星期五 00:42:37.461,1716482557461,NH-DC-NM129-D04-ROCE-Leaf-6.GPU.S9825,FourHundredGigE1/0/34,0,0,0,0,0,0
2024/05/24 星期五 00:42:37.961,1716482557961,NH-DC-NM129-D04-ROCE-Leaf-6.GPU.S9825,FourHundredGigE1/0/34,80000,249904720,106889,364734174,0.6,0.9
2024/05/24 星期五 00:42:38.607,1716482558607,NH-DC-NM129-D04-ROCE-Leaf-6.GPU.S9825,FourHundredGigE1/0/34,0,0,0,0,0,0
2024/05/24 星期五 00:42:39.163,1716482559163,NH-DC-NM129-D04-ROCE-Leaf-6.GPU.S9825,FourHundredGigE1/0/34,112857,404394126,105821,411895008,0.90,0.92
2024/05/24 星期五 00:42:39.889,1716482559889,NH-DC-NM129-D04-ROCE-Leaf-6.GPU.S9825,FourHundredGigE1/0/34,289817,1134804570,191103,726142124,1.95,1.24
2024/05/24 星期五 00:42:40.445,1716482560445,NH-DC-NM129-D04-ROCE-Leaf-6.GPU.S9825,FourHundredGigE1/0/34,0,0,0,0,0,0
2024/05/24 星期五 00:42:41.423,1716482561423,NH-DC-NM129-D04-ROCE-Leaf-6.GPU.S9825,FourHundredGigE1/0/34,66197,246879630,127112,491127572,0.31,0.63
2024/05/24 星期五 00:42:42.284,1716482562284,NH-DC-NM129-D04-ROCE-Leaf-6.GPU.S9825,FourHundredGigE1/0/34,113168,424807524,174241,580717506,0.61,0.84
2024/05/24 星期五 00:42:43.111,1716482563111,NH-DC-NM129-D04-ROCE-Leaf-6.GPU.S9825,FourHundredGigE1/0/34,421528,1670834361,185727,500050298,2.52,0.76
2024/05/24 星期五 00:42:43.755,1716482563755,NH-DC-NM129-D04-ROCE-Leaf-6.GPU.S9825,FourHundredGigE1/0/34,158950,609974109,161586,389205248,1.16,0.74
2024/05/24 星期五 00:42:44.370,1716482564370,NH-DC-NM129-D04-ROCE-Leaf-6.GPU.S9825,FourHundredGigE1/0/34,0,0,0,0,0,0
2024/05/24 星期五 00:42:44.917,1716482564917,NH-DC-NM129-D04-ROCE-Leaf-6.GPU.S9825,FourHundredGigE1/0/34,100522,354032798,128028,244454088,0.80,0.55
2024/05/24 星期五 00:42:46.432,1716482566432,NH-DC-NM129-D04-ROCE-Leaf-6.GPU.S9825,FourHundredGigE1/0/34,176028,665712748,123639,342687144,0.54,0.28
2024/05/24 星期五 00:42:47.227,1716482567227,NH-DC-NM129-D04-ROCE-Leaf-6.GPU.S9825,FourHundredGigE1/0/34,282487,1041923087,267177,1032343434,1.64,1.62
2024/05/24 星期五 00:42:47.729,1716482567729,NH-DC-NM129-D04-ROCE-Leaf-6.GPU.S9825,FourHundredGigE1/0/34,0,0,0,0,0,0
2024/05/24 星期五 00:42:48.230,1716482568230,NH-DC-NM129-D04-ROCE-Leaf-6.GPU.S9825,FourHundredGigE1/0/34,320168,1233018080,229499,871748552,3.07,2.17
2024/05/24 星期五 00:42:48.772,1716482568772,NH-DC-NM129-D04-ROCE-Leaf-6.GPU.S9825,FourHundredGigE1/0/34,413820,1661898052,234270,915897666,3.83,2.10
2024/05/24 星期五 00:42:49.428,1716482569428,NH-DC-NM129-D04-ROCE-Leaf-6.GPU.S9825,FourHundredGigE1/0/34,0,0,0,0,0,0
2024/05/24 星期五 00:42:50.111,1716482570111,NH-DC-NM129-D04-ROCE-Leaf-6.GPU.S9825,FourHundredGigE1/0/34,246495,914443843,317843,1257066970,1.67,2.29
2024/05/24 星期五 00:42:50.655,1716482570655,NH-DC-NM129-D04-ROCE-Leaf-6.GPU.S9825,FourHundredGigE1/0/34,0,0,0,0,0,0
2024/05/24 星期五 00:42:51.157,1716482571157,NH-DC-NM129-D04-ROCE-Leaf-6.GPU.S9825,FourHundredGigE1/0/34,573347,2318523362,105712,352048308,5.75,0.87
2024/05/24 星期五 00:42:51.720,1716482571720,NH-DC-NM129-D04-ROCE-Leaf-6.GPU.S9825,FourHundredGigE1/0/34,0,0,0,0,0,0
2024/05/24 星期五 00:42:52.222,1716482572222,NH-DC-NM129-D04-ROCE-Leaf-6.GPU.S9825,FourHundredGigE1/0/34,180154,725325902,146839,519630650,1.79,1.27
2024/05/24 星期五 00:42:52.869,1716482572869,NH-DC-NM129-D04-ROCE-Leaf-6.GPU.S9825,FourHundredGigE1/0/34,285799,1080397676,252178,989637412,2.09,1.89
2024/05/24 星期五 00:42:53.648,1716482573648,NH-DC-NM129-D04-ROCE-Leaf-6.GPU.S9825,FourHundredGigE1/0/34,0,0,0,0,0,0
2024/05/24 星期五 00:42:54.290,1716482574290,NH-DC-NM129-D04-ROCE-Leaf-6.GPU.S9825,FourHundredGigE1/0/34,330247,1249008071,385939,1543504238,2.41,3.00
2024/05/24 星期五 00:42:54.883,1716482574883,NH-DC-NM129-D04-ROCE-Leaf-6.GPU.S9825,FourHundredGigE1/0/34,249204,942195134,243324,933117096,1.98,1.96
2024/05/24 星期五 00:42:55.629,1716482575629,NH-DC-NM129-D04-ROCE-Leaf-6.GPU.S9825,FourHundredGigE1/0/34,0,0,0,0,0,0
2024/05/24 星期五 00:42:56.338,1716482576338,NH-DC-NM129-D04-ROCE-Leaf-6.GPU.S9825,FourHundredGigE1/0/34,190830,647824411,302753,1182784458,1.13,2.08
2024/05/24 星期五 00:42:57.440,1716482577440,NH-DC-NM129-D04-ROCE-Leaf-6.GPU.S9825,FourHundredGigE1/0/34,159390,570788184,155354,566351104,0.65,0.64
2024/05/24 星期五 00:42:57.955,1716482577955,NH-DC-NM129-D04-ROCE-Leaf-6.GPU.S9825,FourHundredGigE1/0/34,228579,879680662,632980,2511167480,2.11,6.09
2024/05/24 星期五 00:42:58.463,1716482578463,NH-DC-NM129-D04-ROCE-Leaf-6.GPU.S9825,FourHundredGigE1/0/34,0,0,0,0,0,0
2024/05/24 星期五 00:42:58.962,1716482578962,NH-DC-NM129-D04-ROCE-Leaf-6.GPU.S9825,FourHundredGigE1/0/34,146685,542545714,141266,532806100,1.35,1.33
2024/05/24 星期五 00:42:59.631,1716482579631,NH-DC-NM129-D04-ROCE-Leaf-6.GPU.S9825,FourHundredGigE1/0/34,135521,476954358,124829,479124338,0.88,0.88
2024/05/24 星期五 00:43:00.450,1716482580450,NH-DC-NM129-D04-ROCE-Leaf-6.GPU.S9825,FourHundredGigE1/0/34,0,0,0,0,0,0
2024/05/24 星期五 00:43:01.004,1716482581004,NH-DC-NM129-D04-ROCE-Leaf-6.GPU.S9825,FourHundredGigE1/0/34,74125,245817674,290112,1156631268,0.54,2.59
2024/05/24 星期五 00:43:01.506,1716482581506,NH-DC-NM129-D04-ROCE-Leaf-6.GPU.S9825,FourHundredGigE1/0/34,0,0,0,0,0,0
2024/05/24 星期五 00:43:02.047,1716482582047,NH-DC-NM129-D04-ROCE-Leaf-6.GPU.S9825,FourHundredGigE1/0/34,289625,1110483834,204487,784362190,2.56,1.80
2024/05/24 星期五 00:43:03.446,1716482583446,NH-DC-NM129-D04-ROCE-Leaf-6.GPU.S9825,FourHundredGigE1/0/34,255406,982195794,236157,912342448,0.88,0.81
2024/05/24 星期五 00:43:04.769,1716482584769,NH-DC-NM129-D04-ROCE-Leaf-6.GPU.S9825,FourHundredGigE1/0/34,0,0,0,0,0,0
2024/05/24 星期五 00:43:05.271,1716482585271,NH-DC-NM129-D04-ROCE-Leaf-6.GPU.S9825,FourHundredGigE1/0/34,178533,604811084,448976,1757632130,1.49,4.36
2024/05/24 星期五 00:43:05.863,1716482585863,NH-DC-NM129-D04-ROCE-Leaf-6.GPU.S9825,FourHundredGigE1/0/34,333778,1050072824,107516,408741734,2.22,0.84
2024/05/24 星期五 00:43:06.365,1716482586365,NH-DC-NM129-D04-ROCE-Leaf-6.GPU.S9825,FourHundredGigE1/0/34,0,0,0,0,0,0
2024/05/24 星期五 00:43:06.911,1716482586911,NH-DC-NM129-D04-ROCE-Leaf-6.GPU.S9825,FourHundredGigE1/0/34,290154,895853756,172109,662719152,2.04,1.51
2024/05/24 星期五 00:43:07.525,1716482587525,NH-DC-NM129-D04-ROCE-Leaf-6.GPU.S9825,FourHundredGigE1/0/34,0,0,0,0,0,0
2024/05/24 星期五 00:43:08.133,1716482588133,NH-DC-NM129-D04-ROCE-Leaf-6.GPU.S9825,FourHundredGigE1/0/34,572894,2245547660,143755,519641952,4.61,1.05
2024/05/24 星期五 00:43:08.721,1716482588721,NH-DC-NM129-D04-ROCE-Leaf-6.GPU.S9825,FourHundredGigE1/0/34,0,0,0,0,0,0
2024/05/24 星期五 00:43:09.348,1716482589348,NH-DC-NM129-D04-ROCE-Leaf-6.GPU.S9825,FourHundredGigE1/0/34,408645,1596354954,243200,948714482,3.17,1.87
2024/05/24 星期五 00:43:09.847,1716482589847,NH-DC-NM129-D04-ROCE-Leaf-6.GPU.S9825,FourHundredGigE1/0/34,294075,1148391898,160959,621069162,2.86,1.55
2024/05/24 星期五 00:43:10.463,1716482590463,NH-DC-NM129-D04-ROCE-Leaf-6.GPU.S9825,FourHundredGigE1/0/34,0,0,0,0,0,0
2024/05/24 星期五 00:43:11.263,1716482591263,NH-DC-NM129-D04-ROCE-Leaf-6.GPU.S9825,FourHundredGigE1/0/34,230832,901574872,134499,438603502,1.41,0.67
2024/05/24 星期五 00:43:11.936,1716482591936,NH-DC-NM129-D04-ROCE-Leaf-6.GPU.S9825,FourHundredGigE1/0/34,579139,2306873068,437325,1745485908,4.27,3.23
2024/05/24 星期五 00:43:12.437,1716482592437,NH-DC-NM129-D04-ROCE-Leaf-6.GPU.S9825,FourHundredGigE1/0/34,0,0,0,0,0,0
2024/05/24 星期五 00:43:13.494,1716482593494,NH-DC-NM129-D04-ROCE-Leaf-6.GPU.S9825,FourHundredGigE1/0/34,127180,407717039,227776,887879882,0.47,1.04
2024/05/24 星期五 00:43:13.993,1716482593993,NH-DC-NM129-D04-ROCE-Leaf-6.GPU.S9825,FourHundredGigE1/0/34,223710,826941156,185257,697131602,2.05,1.73
2024/05/24 星期五 00:43:14.636,1716482594636,NH-DC-NM129-D04-ROCE-Leaf-6.GPU.S9825,FourHundredGigE1/0/34,259183,1027978130,193990,753478164,1.98,1.46
2024/05/24 星期五 00:43:15.355,1716482595355,NH-DC-NM129-D04-ROCE-Leaf-6.GPU.S9825,FourHundredGigE1/0/34,0,0,0,0,0,0
2024/05/24 星期五 00:43:15.857,1716482595857,NH-DC-NM129-D04-ROCE-Leaf-6.GPU.S9825,FourHundredGigE1/0/34,277531,1103078488,335074,1308809386,2.74,3.24
2024/05/24 星期五 00:43:16.402,1716482596402,NH-DC-NM129-D04-ROCE-Leaf-6.GPU.S9825,FourHundredGigE1/0/34,0,0,0,0,0,0
2024/05/24 星期五 00:43:16.933,1716482596933,NH-DC-NM129-D04-ROCE-Leaf-6.GPU.S9825,FourHundredGigE1/0/34,169050,653263806,330974,1255277342,1.53,2.94
2024/05/24 星期五 00:43:17.433,1716482597433,NH-DC-NM129-D04-ROCE-Leaf-6.GPU.S9825,FourHundredGigE1/0/34,0,0,0,0,0,0
2024/05/24 星期五 00:43:17.954,1716482597954,NH-DC-NM129-D04-ROCE-Leaf-6.GPU.S9825,FourHundredGigE1/0/34,87300,325937928,337909,1333468902,0.77,3.19
2024/05/24 星期五 00:43:18.668,1716482598668,NH-DC-NM129-D04-ROCE-Leaf-6.GPU.S9825,FourHundredGigE1/0/34,0,0,0,0,0,0
2024/05/24 星期五 00:43:19.165,1716482599165,NH-DC-NM129-D04-ROCE-Leaf-6.GPU.S9825,FourHundredGigE1/0/34,189219,718657542,253981,988996208,1.79,2.46
2024/05/24 星期五 00:43:19.757,1716482599757,NH-DC-NM129-D04-ROCE-Leaf-6.GPU.S9825,FourHundredGigE1/0/34,0,0,0,0,0,0
2024/05/24 星期五 00:43:20.284,1716482600284,NH-DC-NM129-D04-ROCE-Leaf-6.GPU.S9825,FourHundredGigE1/0/34,268675,1037443498,389051,1546514872,2.44,3.65
2024/05/24 星期五 00:43:20.787,1716482600787,NH-DC-NM129-D04-ROCE-Leaf-6.GPU.S9825,FourHundredGigE1/0/34,101950,381720472,312898,1231450508,0.94,3.06
2024/05/24 星期五 00:43:21.330,1716482601330,NH-DC-NM129-D04-ROCE-Leaf-6.GPU.S9825,FourHundredGigE1/0/34,0,0,0,0,0,0
2024/05/24 星期五 00:43:22.067,1716482602067,NH-DC-NM129-D04-ROCE-Leaf-6.GPU.S9825,FourHundredGigE1/0/34,114232,401679164,290506,1160930680,0.68,1.97
2024/05/24 星期五 00:43:22.579,1716482602579,NH-DC-NM129-D04-ROCE-Leaf-6.GPU.S9825,FourHundredGigE1/0/34,0,0,0,0,0,0
2024/05/24 星期五 00:43:23.082,1716482603082,NH-DC-NM129-D04-ROCE-Leaf-6.GPU.S9825,FourHundredGigE1/0/34,340094,1332709656,364069,1481259910,3.31,3.68
2024/05/24 星期五 00:43:23.614,1716482603614,NH-DC-NM129-D04-ROCE-Leaf-6.GPU.S9825,FourHundredGigE1/0/34,0,0,0,0,0,0
2024/05/24 星期五 00:43:24.303,1716482604303,NH-DC-NM129-D04-ROCE-Leaf-6.GPU.S9825,FourHundredGigE1/0/34,180817,677720319,137284,491278900,1.22,0.89
2024/05/24 星期五 00:43:24.941,1716482604941,NH-DC-NM129-D04-ROCE-Leaf-6.GPU.S9825,FourHundredGigE1/0/34,190009,751015882,191030,660439216,1.47,1.29
2024/05/24 星期五 00:43:25.551,1716482605551,NH-DC-NM129-D04-ROCE-Leaf-6.GPU.S9825,FourHundredGigE1/0/34,0,0,0,0,0,0
2024/05/24 星期五 00:43:26.049,1716482606049,NH-DC-NM129-D04-ROCE-Leaf-6.GPU.S9825,FourHundredGigE1/0/34,108700,394572632,211406,835490808,0.98,2.08
2024/05/24 星期五 00:43:26.618,1716482606618,NH-DC-NM129-D04-ROCE-Leaf-6.GPU.S9825,FourHundredGigE1/0/34,0,0,0,0,0,0
2024/05/24 星期五 00:43:27.117,1716482607117,NH-DC-NM129-D04-ROCE-Leaf-6.GPU.S9825,FourHundredGigE1/0/34,226690,875624552,342199,1304574810,2.18,3.26
2024/05/24 星期五 00:43:27.669,1716482607669,NH-DC-NM129-D04-ROCE-Leaf-6.GPU.S9825,FourHundredGigE1/0/34,0,0,0,0,0,0
2024/05/24 星期五 00:43:28.215,1716482608215,NH-DC-NM129-D04-ROCE-Leaf-6.GPU.S9825,FourHundredGigE1/0/34,145891,555382734,88551,287970246,1.26,0.64
2024/05/24 星期五 00:43:28.838,1716482608838,NH-DC-NM129-D04-ROCE-Leaf-6.GPU.S9825,FourHundredGigE1/0/34,0,0,0,0,0,0
2024/05/24 星期五 00:43:29.337,1716482609337,NH-DC-NM129-D04-ROCE-Leaf-6.GPU.S9825,FourHundredGigE1/0/34,229116,825453540,287926,1150720440,2.05,2.88
2024/05/24 星期五 00:43:29.916,1716482609916,NH-DC-NM129-D04-ROCE-Leaf-6.GPU.S9825,FourHundredGigE1/0/34,124929,470457018,64363,240633158,1.01,0.52
2024/05/24 星期五 00:43:30.421,1716482610421,NH-DC-NM129-D04-ROCE-Leaf-6.GPU.S9825,FourHundredGigE1/0/34,0,0,0,0,0,0
2024/05/24 星期五 00:43:30.935,1716482610935,NH-DC-NM129-D04-ROCE-Leaf-6.GPU.S9825,FourHundredGigE1/0/34,690237,2776403642,136135,512117590,6.74,1.24
2024/05/24 星期五 00:43:31.511,1716482611511,NH-DC-NM129-D04-ROCE-Leaf-6.GPU.S9825,FourHundredGigE1/0/34,0,0,0,0,0,0
2024/05/24 星期五 00:43:32.179,1716482612179,NH-DC-NM129-D04-ROCE-Leaf-6.GPU.S9825,FourHundredGigE1/0/34,193149,718089552,206934,788969400,1.33,1.46
2024/05/24 星期五 00:43:32.770,1716482612770,NH-DC-NM129-D04-ROCE-Leaf-6.GPU.S9825,FourHundredGigE1/0/34,0,0,0,0,0,0
2024/05/24 星期五 00:43:33.279,1716482613279,NH-DC-NM129-D04-ROCE-Leaf-6.GPU.S9825,FourHundredGigE1/0/34,190492,496368343,96730,326996275,1.20,0.79
2024/05/24 星期五 00:43:33.782,1716482613782,NH-DC-NM129-D04-ROCE-Leaf-6.GPU.S9825,FourHundredGigE1/0/34,1131963,4390572398,260440,1082724404,10.91,2.68
2024/05/24 星期五 00:43:34.458,1716482614458,NH-DC-NM129-D04-ROCE-Leaf-6.GPU.S9825,FourHundredGigE1/0/34,0,0,0,0,0,0
2024/05/24 星期五 00:43:34.959,1716482614959,NH-DC-NM129-D04-ROCE-Leaf-6.GPU.S9825,FourHundredGigE1/0/34,371708,1258090428,231633,800357871,3.12,2.00
2024/05/24 星期五 00:43:35.590,1716482615590,NH-DC-NM129-D04-ROCE-Leaf-6.GPU.S9825,FourHundredGigE1/0/34,0,0,0,0,0,0
2024/05/24 星期五 00:43:36.128,1716482616128,NH-DC-NM129-D04-ROCE-Leaf-6.GPU.S9825,FourHundredGigE1/0/34,455275,1623948458,186913,748149686,3.76,1.72
2024/05/24 星期五 00:43:36.665,1716482616665,NH-DC-NM129-D04-ROCE-Leaf-6.GPU.S9825,FourHundredGigE1/0/34,0,0,0,0,0,0
2024/05/24 星期五 00:43:37.166,1716482617166,NH-DC-NM129-D04-ROCE-Leaf-6.GPU.S9825,FourHundredGigE1/0/34,119897,432614262,148706,599167380,1.07,1.47
2024/05/24 星期五 00:43:37.817,1716482617817,NH-DC-NM129-D04-ROCE-Leaf-6.GPU.S9825,FourHundredGigE1/0/34,371705,1472280978,121384,416602588,2.82,0.79
2024/05/24 星期五 00:43:38.318,1716482618318,NH-DC-NM129-D04-ROCE-Leaf-6.GPU.S9825,FourHundredGigE1/0/34,0,0,0,0,0,0
2024/05/24 星期五 00:43:38.951,1716482618951,NH-DC-NM129-D04-ROCE-Leaf-6.GPU.S9825,FourHundredGigE1/0/34,355213,1302885446,194963,747659378,2.57,1.46
2024/05/24 星期五 00:43:39.533,1716482619533,NH-DC-NM129-D04-ROCE-Leaf-6.GPU.S9825,FourHundredGigE1/0/34,0,0,0,0,0,0
2024/05/24 星期五 00:43:40.034,1716482620034,NH-DC-NM129-D04-ROCE-Leaf-6.GPU.S9825,FourHundredGigE1/0/34,197807,763583990,138409,528404038,1.90,1.30
2024/05/24 星期五 00:43:40.534,1716482620534,NH-DC-NM129-D04-ROCE-Leaf-6.GPU.S9825,FourHundredGigE1/0/34,0,0,0,0,0,0
2024/05/24 星期五 00:43:41.093,1716482621093,NH-DC-NM129-D04-ROCE-Leaf-6.GPU.S9825,FourHundredGigE1/0/34,264717,1016497946,146805,570725852,2.26,1.27
2024/05/24 星期五 00:43:41.759,1716482621759,NH-DC-NM129-D04-ROCE-Leaf-6.GPU.S9825,FourHundredGigE1/0/34,452053,1759340746,529211,2123412788,3.28,3.98
2024/05/24 星期五 00:43:42.712,1716482622712,NH-DC-NM129-D04-ROCE-Leaf-6.GPU.S9825,FourHundredGigE1/0/34,0,0,0,0,0,0
2024/05/24 星期五 00:43:43.280,1716482623280,NH-DC-NM129-D04-ROCE-Leaf-6.GPU.S9825,FourHundredGigE1/0/34,248257,950856051,208980,794173396,2.09,1.74
2024/05/24 星期五 00:43:43.783,1716482623783,NH-DC-NM129-D04-ROCE-Leaf-6.GPU.S9825,FourHundredGigE1/0/34,231077,888360026,258284,968492212,2.19,2.39
2024/05/24 星期五 00:43:44.703,1716482624703,NH-DC-NM129-D04-ROCE-Leaf-6.GPU.S9825,FourHundredGigE1/0/34,0,0,0,0,0,0
2024/05/24 星期五 00:43:45.219,1716482625219,NH-DC-NM129-D04-ROCE-Leaf-6.GPU.S9825,FourHundredGigE1/0/34,461910,1843761264,217691,857126842,4.46,2.06
2024/05/24 星期五 00:43:45.904,1716482625904,NH-DC-NM129-D04-ROCE-Leaf-6.GPU.S9825,FourHundredGigE1/0/34,126815,476156892,180767,682154066,0.86,1.24
2024/05/24 星期五 00:43:46.650,1716482626650,NH-DC-NM129-D04-ROCE-Leaf-6.GPU.S9825,FourHundredGigE1/0/34,0,0,0,0,0,0
2024/05/24 星期五 00:43:47.182,1716482627182,NH-DC-NM129-D04-ROCE-Leaf-6.GPU.S9825,FourHundredGigE1/0/34,152745,577204342,106701,356455182,1.34,0.82
2024/05/24 星期五 00:43:47.768,1716482627768,NH-DC-NM129-D04-ROCE-Leaf-6.GPU.S9825,FourHundredGigE1/0/34,206702,794578552,127487,450568366,1.69,0.96
2024/05/24 星期五 00:43:48.376,1716482628376,NH-DC-NM129-D04-ROCE-Leaf-6.GPU.S9825,FourHundredGigE1/0/34,0,0,0,0,0,0
2024/05/24 星期五 00:43:48.879,1716482628879,NH-DC-NM129-D04-ROCE-Leaf-6.GPU.S9825,FourHundredGigE1/0/34,233699,883061814,411278,1661797978,2.19,4.13
2024/05/24 星期五 00:43:49.512,1716482629512,NH-DC-NM129-D04-ROCE-Leaf-6.GPU.S9825,FourHundredGigE1/0/34,0,0,0,0,0,0
2024/05/24 星期五 00:43:50.079,1716482630079,NH-DC-NM129-D04-ROCE-Leaf-6.GPU.S9825,FourHundredGigE1/0/34,91035,353726561,102123,389547436,0.77,0.84
2024/05/24 星期五 00:43:50.582,1716482630582,NH-DC-NM129-D04-ROCE-Leaf-6.GPU.S9825,FourHundredGigE1/0/34,0,0,0,0,0,0
2024/05/24 星期五 00:43:51.082,1716482631082,NH-DC-NM129-D04-ROCE-Leaf-6.GPU.S9825,FourHundredGigE1/0/34,149146,553331570,209107,821598438,1.38,2.05
2024/05/24 星期五 00:43:51.796,1716482631796,NH-DC-NM129-D04-ROCE-Leaf-6.GPU.S9825,FourHundredGigE1/0/34,289286,1168319170,69264,269812260,2.03,0.46
2024/05/24 星期五 00:43:52.381,1716482632381,NH-DC-NM129-D04-ROCE-Leaf-6.GPU.S9825,FourHundredGigE1/0/34,0,0,0,0,0,0
2024/05/24 星期五 00:43:53.006,1716482633006,NH-DC-NM129-D04-ROCE-Leaf-6.GPU.S9825,FourHundredGigE1/0/34,176844,697206160,230414,923151084,1.38,1.84
2024/05/24 星期五 00:43:53.681,1716482633681,NH-DC-NM129-D04-ROCE-Leaf-6.GPU.S9825,FourHundredGigE1/0/34,0,0,0,0,0,0
2024/05/24 星期五 00:43:54.218,1716482634218,NH-DC-NM129-D04-ROCE-Leaf-6.GPU.S9825,FourHundredGigE1/0/34,102462,389362732,74025,257617738,0.88,0.58
2024/05/24 星期五 00:43:54.906,1716482634906,NH-DC-NM129-D04-ROCE-Leaf-6.GPU.S9825,FourHundredGigE1/0/34,98069,370034103,78290,260336416,0.67,0.47
2024/05/24 星期五 00:43:55.839,1716482635839,NH-DC-NM129-D04-ROCE-Leaf-6.GPU.S9825,FourHundredGigE1/0/34,55350,176702350,347470,1423999632,0.23,1.90
2024/05/24 星期五 00:43:56.351,1716482636351,NH-DC-NM129-D04-ROCE-Leaf-6.GPU.S9825,FourHundredGigE1/0/34,0,0,0,0,0,0
2024/05/24 星期五 00:43:56.927,1716482636927,NH-DC-NM129-D04-ROCE-Leaf-6.GPU.S9825,FourHundredGigE1/0/34,175195,702164548,305933,1245336738,1.52,2.69
2024/05/24 星期五 00:43:57.478,1716482637478,NH-DC-NM129-D04-ROCE-Leaf-6.GPU.S9825,FourHundredGigE1/0/34,0,0,0,0,0,0
2024/05/24 星期五 00:43:57.978,1716482637978,NH-DC-NM129-D04-ROCE-Leaf-6.GPU.S9825,FourHundredGigE1/0/34,174505,693956314,106231,394742918,1.72,0.98
2024/05/24 星期五 00:43:59.180,1716482639180,NH-DC-NM129-D04-ROCE-Leaf-6.GPU.S9825,FourHundredGigE1/0/34,149557,563132608,102003,379218526,0.58,0.38
2024/05/24 星期五 00:43:59.691,1716482639691,NH-DC-NM129-D04-ROCE-Leaf-6.GPU.S9825,FourHundredGigE1/0/34,0,0,0,0,0,0
2024/05/24 星期五 00:44:00.678,1716482640678,NH-DC-NM129-D04-ROCE-Leaf-6.GPU.S9825,FourHundredGigE1/0/34,271351,1024372858,727002,2989842150,1.29,3.77
2024/05/24 星期五 00:44:01.178,1716482641178,NH-DC-NM129-D04-ROCE-Leaf-6.GPU.S9825,FourHundredGigE1/0/34,267462,1005552722,355926,1446383070,2.5,3.6
2024/05/24 星期五 00:44:01.724,1716482641724,NH-DC-NM129-D04-ROCE-Leaf-6.GPU.S9825,FourHundredGigE1/0/34,92595,361059738,567843,2321961388,0.82,5.31
2024/05/24 星期五 00:44:02.719,1716482642719,NH-DC-NM129-D04-ROCE-Leaf-6.GPU.S9825,FourHundredGigE1/0/34,520857,1942367746,3204182,13051370086,2.44,16.39
2024/05/24 星期五 00:44:04.569,1716482644569,NH-DC-NM129-D04-ROCE-Leaf-6.GPU.S9825,FourHundredGigE1/0/34,0,0,0,0,0,0
2024/05/24 星期五 00:44:05.099,1716482645099,NH-DC-NM129-D04-ROCE-Leaf-6.GPU.S9825,FourHundredGigE1/0/34,166155,640088490,215765,803170574,1.51,1.89
2024/05/24 星期五 00:44:05.847,1716482645847,NH-DC-NM129-D04-ROCE-Leaf-6.GPU.S9825,FourHundredGigE1/0/34,126419,447099010,235032,933953696,0.74,1.55
2024/05/24 星期五 00:44:06.359,1716482646359,NH-DC-NM129-D04-ROCE-Leaf-6.GPU.S9825,FourHundredGigE1/0/34,0,0,0,0,0,0
2024/05/24 星期五 00:44:06.986,1716482646986,NH-DC-NM129-D04-ROCE-Leaf-6.GPU.S9825,FourHundredGigE1/0/34,514324,2051941624,522737,2093142802,4.09,4.17
2024/05/24 星期五 00:44:07.644,1716482647644,NH-DC-NM129-D04-ROCE-Leaf-6.GPU.S9825,FourHundredGigE1/0/34,0,0,0,0,0,0
2024/05/24 星期五 00:44:08.146,1716482648146,NH-DC-NM129-D04-ROCE-Leaf-6.GPU.S9825,FourHundredGigE1/0/34,167627,635285309,289923,1148655826,1.57,2.84
2024/05/24 星期五 00:44:08.646,1716482648646,NH-DC-NM129-D04-ROCE-Leaf-6.GPU.S9825,FourHundredGigE1/0/34,0,0,0,0,0,0
2024/05/24 星期五 00:44:09.150,1716482649150,NH-DC-NM129-D04-ROCE-Leaf-6.GPU.S9825,FourHundredGigE1/0/34,305471,1201538309,209171,769254694,2.98,1.88
2024/05/24 星期五 00:44:09.775,1716482649775,NH-DC-NM129-D04-ROCE-Leaf-6.GPU.S9825,FourHundredGigE1/0/34,155702,538650988,207392,814430796,1.06,1.62
2024/05/24 星期五 00:44:10.409,1716482650409,NH-DC-NM129-D04-ROCE-Leaf-6.GPU.S9825,FourHundredGigE1/0/34,0,0,0,0,0,0
2024/05/24 星期五 00:44:11.101,1716482651101,NH-DC-NM129-D04-ROCE-Leaf-6.GPU.S9825,FourHundredGigE1/0/34,249013,954143016,215114,747870700,1.72,1.34
2024/05/24 星期五 00:44:12.222,1716482652222,NH-DC-NM129-D04-ROCE-Leaf-6.GPU.S9825,FourHundredGigE1/0/34,413743,1588842512,231406,775725572,1.76,0.86
2024/05/24 星期五 00:44:12.782,1716482652782,NH-DC-NM129-D04-ROCE-Leaf-6.GPU.S9825,FourHundredGigE1/0/34,140708,505854205,96769,324281074,1.12,0.71
2024/05/24 星期五 00:44:13.285,1716482653285,NH-DC-NM129-D04-ROCE-Leaf-6.GPU.S9825,FourHundredGigE1/0/34,0,0,0,0,0,0
2024/05/24 星期五 00:44:14.055,1716482654055,NH-DC-NM129-D04-ROCE-Leaf-6.GPU.S9825,FourHundredGigE1/0/34,353912,1390385588,117958,405071448,2.26,0.65
2024/05/24 星期五 00:44:14.706,1716482654706,NH-DC-NM129-D04-ROCE-Leaf-6.GPU.S9825,FourHundredGigE1/0/34,0,0,0,0,0,0
2024/05/24 星期五 00:44:15.209,1716482655209,NH-DC-NM129-D04-ROCE-Leaf-6.GPU.S9825,FourHundredGigE1/0/34,200109,720044680,216246,866349656,1.79,2.14
2024/05/24 星期五 00:44:15.710,1716482655710,NH-DC-NM129-D04-ROCE-Leaf-6.GPU.S9825,FourHundredGigE1/0/34,0,0,0,0,0,0
2024/05/24 星期五 00:44:16.232,1716482656232,NH-DC-NM129-D04-ROCE-Leaf-6.GPU.S9825,FourHundredGigE1/0/34,86961,290632464,124389,421358118,0.69,1.01
2024/05/24 星期五 00:44:16.834,1716482656834,NH-DC-NM129-D04-ROCE-Leaf-6.GPU.S9825,FourHundredGigE1/0/34,210607,775158600,97299,336452584,1.60,0.69
2024/05/24 星期五 00:44:17.411,1716482657411,NH-DC-NM129-D04-ROCE-Leaf-6.GPU.S9825,FourHundredGigE1/0/34,0,0,0,0,0,0
2024/05/24 星期五 00:44:17.988,1716482657988,NH-DC-NM129-D04-ROCE-Leaf-6.GPU.S9825,FourHundredGigE1/0/34,381292,1499752002,227943,836966688,3.23,1.80
2024/05/24 星期五 00:44:18.491,1716482658491,NH-DC-NM129-D04-ROCE-Leaf-6.GPU.S9825,FourHundredGigE1/0/34,0,0,0,0,0,0
2024/05/24 星期五 00:44:18.991,1716482658991,NH-DC-NM129-D04-ROCE-Leaf-6.GPU.S9825,FourHundredGigE1/0/34,85570,293207252,155149,564146810,0.72,1.4
2024/05/24 星期五 00:44:19.588,1716482659588,NH-DC-NM129-D04-ROCE-Leaf-6.GPU.S9825,FourHundredGigE1/0/34,0,0,0,0,0,0
2024/05/24 星期五 00:44:20.214,1716482660214,NH-DC-NM129-D04-ROCE-Leaf-6.GPU.S9825,FourHundredGigE1/0/34,117896,425931108,58487,204905232,0.84,0.40
2024/05/24 星期五 00:44:20.904,1716482660904,NH-DC-NM129-D04-ROCE-Leaf-6.GPU.S9825,FourHundredGigE1/0/34,143710,548756324,179856,684624762,0.98,1.23
2024/05/24 星期五 00:44:21.501,1716482661501,NH-DC-NM129-D04-ROCE-Leaf-6.GPU.S9825,FourHundredGigE1/0/34,0,0,0,0,0,0
2024/05/24 星期五 00:44:22.002,1716482662002,NH-DC-NM129-D04-ROCE-Leaf-6.GPU.S9825,FourHundredGigE1/0/34,519342,2121337340,226609,705308854,5.29,1.75
2024/05/24 星期五 00:44:22.509,1716482662509,NH-DC-NM129-D04-ROCE-Leaf-6.GPU.S9825,FourHundredGigE1/0/34,0,0,0,0,0,0
2024/05/24 星期五 00:44:23.014,1716482663014,NH-DC-NM129-D04-ROCE-Leaf-6.GPU.S9825,FourHundredGigE1/0/34,182690,716613609,194436,474951008,1.76,1.16
2024/05/24 星期五 00:44:23.645,1716482663645,NH-DC-NM129-D04-ROCE-Leaf-6.GPU.S9825,FourHundredGigE1/0/34,235414,774226026,264152,880384536,1.53,1.74
2024/05/24 星期五 00:44:24.471,1716482664471,NH-DC-NM129-D04-ROCE-Leaf-6.GPU.S9825,FourHundredGigE1/0/34,0,0,0,0,0,0
2024/05/24 星期五 00:44:25.056,1716482665056,NH-DC-NM129-D04-ROCE-Leaf-6.GPU.S9825,FourHundredGigE1/0/34,322069,1020450880,162325,605061494,2.18,1.28
2024/05/24 星期五 00:44:26.272,1716482666272,NH-DC-NM129-D04-ROCE-Leaf-6.GPU.S9825,FourHundredGigE1/0/34,266428,1060465032,305613,1216087680,1.09,1.24
2024/05/24 星期五 00:44:27.776,1716482667776,NH-DC-NM129-D04-ROCE-Leaf-6.GPU.S9825,FourHundredGigE1/0/34,188248,672764276,281493,1039578924,0.56,0.86
2024/05/24 星期五 00:44:28.323,1716482668323,NH-DC-NM129-D04-ROCE-Leaf-6.GPU.S9825,FourHundredGigE1/0/34,0,0,0,0,0,0
2024/05/24 星期五 00:44:28.833,1716482668833,NH-DC-NM129-D04-ROCE-Leaf-6.GPU.S9825,FourHundredGigE1/0/34,180539,680789056,231936,925181828,1.67,2.25
2024/05/24 星期五 00:44:29.381,1716482669381,NH-DC-NM129-D04-ROCE-Leaf-6.GPU.S9825,FourHundredGigE1/0/34,0,0,0,0,0,0
2024/05/24 星期五 00:44:30.024,1716482670024,NH-DC-NM129-D04-ROCE-Leaf-6.GPU.S9825,FourHundredGigE1/0/34,262986,1028376122,220142,880967372,1.98,1.71
2024/05/24 星期五 00:44:30.793,1716482670793,NH-DC-NM129-D04-ROCE-Leaf-6.GPU.S9825,FourHundredGigE1/0/34,185059,728492134,175666,670290456,1.17,1.09
2024/05/24 星期五 00:44:31.402,1716482671402,NH-DC-NM129-D04-ROCE-Leaf-6.GPU.S9825,FourHundredGigE1/0/34,0,0,0,0,0,0
2024/05/24 星期五 00:44:31.903,1716482671903,NH-DC-NM129-D04-ROCE-Leaf-6.GPU.S9825,FourHundredGigE1/0/34,253611,1013474278,298493,1155550682,2.52,2.87
2024/05/24 星期五 00:44:32.406,1716482672406,NH-DC-NM129-D04-ROCE-Leaf-6.GPU.S9825,FourHundredGigE1/0/34,0,0,0,0,0,0
2024/05/24 星期五 00:44:32.906,1716482672906,NH-DC-NM129-D04-ROCE-Leaf-6.GPU.S9825,FourHundredGigE1/0/34,347050,1380142884,184600,716812468,3.45,1.78
2024/05/24 星期五 00:44:33.426,1716482673426,NH-DC-NM129-D04-ROCE-Leaf-6.GPU.S9825,FourHundredGigE1/0/34,0,0,0,0,0,0
2024/05/24 星期五 00:44:34.327,1716482674327,NH-DC-NM129-D04-ROCE-Leaf-6.GPU.S9825,FourHundredGigE1/0/34,227490,887864843,237524,927717984,1.22,1.28
2024/05/24 星期五 00:44:34.960,1716482674960,NH-DC-NM129-D04-ROCE-Leaf-6.GPU.S9825,FourHundredGigE1/0/34,309562,1245462042,158259,432982530,2.45,0.85
2024/05/24 星期五 00:44:35.461,1716482675461,NH-DC-NM129-D04-ROCE-Leaf-6.GPU.S9825,FourHundredGigE1/0/34,0,0,0,0,0,0
2024/05/24 星期五 00:44:35.962,1716482675962,NH-DC-NM129-D04-ROCE-Leaf-6.GPU.S9825,FourHundredGigE1/0/34,421772,1715094072,320212,1121270724,4.27,2.79
2024/05/24 星期五 00:44:36.536,1716482676536,NH-DC-NM129-D04-ROCE-Leaf-6.GPU.S9825,FourHundredGigE1/0/34,0,0,0,0,0,0
2024/05/24 星期五 00:44:37.039,1716482677039,NH-DC-NM129-D04-ROCE-Leaf-6.GPU.S9825,FourHundredGigE1/0/34,704683,2777533914,348264,1241285688,6.88,3.08
2024/05/24 星期五 00:44:37.803,1716482677803,NH-DC-NM129-D04-ROCE-Leaf-6.GPU.S9825,FourHundredGigE1/0/34,169114,673112028,213739,838717638,1.10,1.36
2024/05/24 星期五 00:44:38.387,1716482678387,NH-DC-NM129-D04-ROCE-Leaf-6.GPU.S9825,FourHundredGigE1/0/34,0,0,0,0,0,0
2024/05/24 星期五 00:44:38.889,1716482678889,NH-DC-NM129-D04-ROCE-Leaf-6.GPU.S9825,FourHundredGigE1/0/34,104030,381892242,185358,728834604,0.95,1.79
2024/05/24 星期五 00:44:39.391,1716482679391,NH-DC-NM129-D04-ROCE-Leaf-6.GPU.S9825,FourHundredGigE1/0/34,0,0,0,0,0,0
2024/05/24 星期五 00:44:39.961,1716482679961,NH-DC-NM129-D04-ROCE-Leaf-6.GPU.S9825,FourHundredGigE1/0/34,254155,1017689748,148467,543772170,2.21,1.18
2024/05/24 星期五 00:44:40.545,1716482680545,NH-DC-NM129-D04-ROCE-Leaf-6.GPU.S9825,FourHundredGigE1/0/34,0,0,0,0,0,0
2024/05/24 星期五 00:44:41.287,1716482681287,NH-DC-NM129-D04-ROCE-Leaf-6.GPU.S9825,FourHundredGigE1/0/34,74619,278287873,127887,510787474,0.45,0.86
2024/05/24 星期五 00:44:42.053,1716482682053,NH-DC-NM129-D04-ROCE-Leaf-6.GPU.S9825,FourHundredGigE1/0/34,255941,972623476,96360,340378280,1.58,0.55
2024/05/24 星期五 00:44:42.561,1716482682561,NH-DC-NM129-D04-ROCE-Leaf-6.GPU.S9825,FourHundredGigE1/0/34,0,0,0,0,0,0
2024/05/24 星期五 00:44:43.132,1716482683132,NH-DC-NM129-D04-ROCE-Leaf-6.GPU.S9825,FourHundredGigE1/0/34,150425,571732307,200081,758025558,1.25,1.64
2024/05/24 星期五 00:44:43.755,1716482683755,NH-DC-NM129-D04-ROCE-Leaf-6.GPU.S9825,FourHundredGigE1/0/34,179360,664803780,202657,747898714,1.32,1.48
2024/05/24 星期五 00:44:44.627,1716482684627,NH-DC-NM129-D04-ROCE-Leaf-6.GPU.S9825,FourHundredGigE1/0/34,0,0,0,0,0,0
2024/05/24 星期五 00:44:45.236,1716482685236,NH-DC-NM129-D04-ROCE-Leaf-6.GPU.S9825,FourHundredGigE1/0/34,119770,454101632,176276,659837376,0.92,1.33
2024/05/24 星期五 00:44:45.737,1716482685737,NH-DC-NM129-D04-ROCE-Leaf-6.GPU.S9825,FourHundredGigE1/0/34,0,0,0,0,0,0
2024/05/24 星期五 00:44:46.241,1716482686241,NH-DC-NM129-D04-ROCE-Leaf-6.GPU.S9825,FourHundredGigE1/0/34,100872,393735836,195330,653448960,0.97,1.61
2024/05/24 星期五 00:44:47.094,1716482687094,NH-DC-NM129-D04-ROCE-Leaf-6.GPU.S9825,FourHundredGigE1/0/34,279987,1125231934,112111,336426006,1.64,0.48
2024/05/24 星期五 00:44:47.754,1716482687754,NH-DC-NM129-D04-ROCE-Leaf-6.GPU.S9825,FourHundredGigE1/0/34,312825,1218155246,163747,606145750,2.29,1.14
2024/05/24 星期五 00:44:48.407,1716482688407,NH-DC-NM129-D04-ROCE-Leaf-6.GPU.S9825,FourHundredGigE1/0/34,0,0,0,0,0,0
2024/05/24 星期五 00:44:48.924,1716482688924,NH-DC-NM129-D04-ROCE-Leaf-6.GPU.S9825,FourHundredGigE1/0/34,98961,250190726,162455,631430754,0.60,1.52
2024/05/24 星期五 00:44:49.425,1716482689425,NH-DC-NM129-D04-ROCE-Leaf-6.GPU.S9825,FourHundredGigE1/0/34,0,0,0,0,0,0
2024/05/24 星期五 00:44:49.926,1716482689926,NH-DC-NM129-D04-ROCE-Leaf-6.GPU.S9825,FourHundredGigE1/0/34,108083,381928318,175379,651715370,0.95,1.62
2024/05/24 星期五 00:44:50.514,1716482690514,NH-DC-NM129-D04-ROCE-Leaf-6.GPU.S9825,FourHundredGigE1/0/34,0,0,0,0,0,0
2024/05/24 星期五 00:44:51.141,1716482691141,NH-DC-NM129-D04-ROCE-Leaf-6.GPU.S9825,FourHundredGigE1/0/34,234419,884378482,104588,337371980,1.75,0.66
2024/05/24 星期五 00:44:51.816,1716482691816,NH-DC-NM129-D04-ROCE-Leaf-6.GPU.S9825,FourHundredGigE1/0/34,129893,497453182,84438,279750068,0.91,0.5
2024/05/24 星期五 00:44:52.353,1716482692353,NH-DC-NM129-D04-ROCE-Leaf-6.GPU.S9825,FourHundredGigE1/0/34,0,0,0,0,0,0
2024/05/24 星期五 00:44:52.855,1716482692855,NH-DC-NM129-D04-ROCE-Leaf-6.GPU.S9825,FourHundredGigE1/0/34,177385,698808704,182510,729030036,1.72,1.79
2024/05/24 星期五 00:44:53.543,1716482693543,NH-DC-NM129-D04-ROCE-Leaf-6.GPU.S9825,FourHundredGigE1/0/34,144736,523782376,141384,532381408,0.94,0.96
2024/05/24 星期五 00:44:55.402,1716482695402,NH-DC-NM129-D04-ROCE-Leaf-6.GPU.S9825,FourHundredGigE1/0/34,434764,1752942298,509414,2086992976,1.18,1.40
2024/05/24 星期五 00:44:55.986,1716482695986,NH-DC-NM129-D04-ROCE-Leaf-6.GPU.S9825,FourHundredGigE1/0/34,207333,805777620,169339,596021534,1.71,1.26
2024/05/24 星期五 00:44:56.486,1716482696486,NH-DC-NM129-D04-ROCE-Leaf-6.GPU.S9825,FourHundredGigE1/0/34,0,0,0,0,0,0
2024/05/24 星期五 00:44:57.048,1716482697048,NH-DC-NM129-D04-ROCE-Leaf-6.GPU.S9825,FourHundredGigE1/0/34,217475,885234700,296912,1132431600,1.96,2.51
2024/05/24 星期五 00:44:57.671,1716482697671,NH-DC-NM129-D04-ROCE-Leaf-6.GPU.S9825,FourHundredGigE1/0/34,242404,966482388,196373,729161374,1.93,1.44
2024/05/24 星期五 00:44:58.418,1716482698418,NH-DC-NM129-D04-ROCE-Leaf-6.GPU.S9825,FourHundredGigE1/0/34,0,0,0,0,0,0
2024/05/24 星期五 00:44:58.997,1716482698997,NH-DC-NM129-D04-ROCE-Leaf-6.GPU.S9825,FourHundredGigE1/0/34,156102,573367672,105124,331670124,1.23,0.71
2024/05/24 星期五 00:44:59.527,1716482699527,NH-DC-NM129-D04-ROCE-Leaf-6.GPU.S9825,FourHundredGigE1/0/34,0,0,0,0,0,0
2024/05/24 星期五 00:45:00.036,1716482700036,NH-DC-NM129-D04-ROCE-Leaf-6.GPU.S9825,FourHundredGigE1/0/34,209147,749361002,171146,658906016,1.82,1.60
2024/05/24 星期五 00:45:00.616,1716482700616,NH-DC-NM129-D04-ROCE-Leaf-6.GPU.S9825,FourHundredGigE1/0/34,0,0,0,0,0,0
2024/05/24 星期五 00:45:01.120,1716482701120,NH-DC-NM129-D04-ROCE-Leaf-6.GPU.S9825,FourHundredGigE1/0/34,199681,777908200,133383,479531306,1.91,1.17
2024/05/24 星期五 00:45:01.895,1716482701895,NH-DC-NM129-D04-ROCE-Leaf-6.GPU.S9825,FourHundredGigE1/0/34,279017,1031054061,309848,1232774872,1.66,1.98
2024/05/24 星期五 00:45:02.956,1716482702956,NH-DC-NM129-D04-ROCE-Leaf-6.GPU.S9825,FourHundredGigE1/0/34,274215,934594330,402496,1542967516,1.10,1.81
2024/05/24 星期五 00:45:04.398,1716482704398,NH-DC-NM129-D04-ROCE-Leaf-6.GPU.S9825,FourHundredGigE1/0/34,0,0,0,0,0,0
2024/05/24 星期五 00:45:05.242,1716482705242,NH-DC-NM129-D04-ROCE-Leaf-6.GPU.S9825,FourHundredGigE1/0/34,145697,545125618,146838,566303906,0.80,0.83
2024/05/24 星期五 00:45:05.839,1716482705839,NH-DC-NM129-D04-ROCE-Leaf-6.GPU.S9825,FourHundredGigE1/0/34,178485,639927319,382184,1509266590,1.32,3.14
2024/05/24 星期五 00:45:06.351,1716482706351,NH-DC-NM129-D04-ROCE-Leaf-6.GPU.S9825,FourHundredGigE1/0/34,0,0,0,0,0,0
2024/05/24 星期五 00:45:06.856,1716482706856,NH-DC-NM129-D04-ROCE-Leaf-6.GPU.S9825,FourHundredGigE1/0/34,126881,470983198,121203,445169646,1.16,1.09
2024/05/24 星期五 00:45:07.361,1716482707361,NH-DC-NM129-D04-ROCE-Leaf-6.GPU.S9825,FourHundredGigE1/0/34,0,0,0,0,0,0
2024/05/24 星期五 00:45:07.895,1716482707895,NH-DC-NM129-D04-ROCE-Leaf-6.GPU.S9825,FourHundredGigE1/0/34,90640,309295416,109942,405897952,0.70,0.94
2024/05/24 星期五 00:45:08.727,1716482708727,NH-DC-NM129-D04-ROCE-Leaf-6.GPU.S9825,FourHundredGigE1/0/34,0,0,0,0,0,0
2024/05/24 星期五 00:45:09.307,1716482709307,NH-DC-NM129-D04-ROCE-Leaf-6.GPU.S9825,FourHundredGigE1/0/34,121301,438457030,571393,2299101250,0.93,4.94
2024/05/24 星期五 00:45:09.813,1716482709813,NH-DC-NM129-D04-ROCE-Leaf-6.GPU.S9825,FourHundredGigE1/0/34,0,0,0,0,0,0
2024/05/24 星期五 00:45:10.315,1716482710315,NH-DC-NM129-D04-ROCE-Leaf-6.GPU.S9825,FourHundredGigE1/0/34,288945,867347566,119407,389962318,2.14,0.95
2024/05/24 星期五 00:45:10.905,1716482710905,NH-DC-NM129-D04-ROCE-Leaf-6.GPU.S9825,FourHundredGigE1/0/34,151481,545917126,118973,441728038,1.14,0.93
2024/05/24 星期五 00:45:11.648,1716482711648,NH-DC-NM129-D04-ROCE-Leaf-6.GPU.S9825,FourHundredGigE1/0/34,105368,364342332,90869,333371638,0.61,0.56
2024/05/24 星期五 00:45:12.386,1716482712386,NH-DC-NM129-D04-ROCE-Leaf-6.GPU.S9825,FourHundredGigE1/0/34,0,0,0,0,0,0
2024/05/24 星期五 00:45:12.943,1716482712943,NH-DC-NM129-D04-ROCE-Leaf-6.GPU.S9825,FourHundredGigE1/0/34,443100,1776823825,102775,377219824,3.97,0.83
2024/05/24 星期五 00:45:13.445,1716482713445,NH-DC-NM129-D04-ROCE-Leaf-6.GPU.S9825,FourHundredGigE1/0/34,0,0,0,0,0,0
2024/05/24 星期五 00:45:14.110,1716482714110,NH-DC-NM129-D04-ROCE-Leaf-6.GPU.S9825,FourHundredGigE1/0/34,76717,288901034,166013,636082892,0.53,1.18
2024/05/24 星期五 00:45:14.705,1716482714705,NH-DC-NM129-D04-ROCE-Leaf-6.GPU.S9825,FourHundredGigE1/0/34,63043,237449550,301816,1212112652,0.48,2.54
2024/05/24 星期五 00:45:15.499,1716482715499,NH-DC-NM129-D04-ROCE-Leaf-6.GPU.S9825,FourHundredGigE1/0/34,0,0,0,0,0,0
2024/05/24 星期五 00:45:16.064,1716482716064,NH-DC-NM129-D04-ROCE-Leaf-6.GPU.S9825,FourHundredGigE1/0/34,155692,610063976,145859,575279982,1.35,1.26
2024/05/24 星期五 00:45:16.587,1716482716587,NH-DC-NM129-D04-ROCE-Leaf-6.GPU.S9825,FourHundredGigE1/0/34,0,0,0,0,0,0
2024/05/24 星期五 00:45:17.088,1716482717088,NH-DC-NM129-D04-ROCE-Leaf-6.GPU.S9825,FourHundredGigE1/0/34,241112,965652864,322741,1308291918,2.40,3.24
2024/05/24 星期五 00:45:17.662,1716482717662,NH-DC-NM129-D04-ROCE-Leaf-6.GPU.S9825,FourHundredGigE1/0/34,0,0,0,0,0,0
2024/05/24 星期五 00:45:18.165,1716482718165,NH-DC-NM129-D04-ROCE-Leaf-6.GPU.S9825,FourHundredGigE1/0/34,184400,734044161,255031,964393590,1.81,2.39
2024/05/24 星期五 00:45:19.064,1716482719064,NH-DC-NM129-D04-ROCE-Leaf-6.GPU.S9825,FourHundredGigE1/0/34,214923,848546554,141207,511038022,1.17,0.71
2024/05/24 星期五 00:45:19.654,1716482719654,NH-DC-NM129-D04-ROCE-Leaf-6.GPU.S9825,FourHundredGigE1/0/34,0,0,0,0,0,0
2024/05/24 星期五 00:45:20.154,1716482720154,NH-DC-NM129-D04-ROCE-Leaf-6.GPU.S9825,FourHundredGigE1/0/34,236575,941082762,319116,1250080904,2.35,3.12
2024/05/24 星期五 00:45:20.668,1716482720668,NH-DC-NM129-D04-ROCE-Leaf-6.GPU.S9825,FourHundredGigE1/0/34,0,0,0,0,0,0
2024/05/24 星期五 00:45:21.169,1716482721169,NH-DC-NM129-D04-ROCE-Leaf-6.GPU.S9825,FourHundredGigE1/0/34,35455,101206750,40924,126259384,0.25,0.30
2024/05/24 星期五 00:45:21.669,1716482721669,NH-DC-NM129-D04-ROCE-Leaf-6.GPU.S9825,FourHundredGigE1/0/34,0,0,0,0,0,0
2024/05/24 星期五 00:45:22.323,1716482722323,NH-DC-NM129-D04-ROCE-Leaf-6.GPU.S9825,FourHundredGigE1/0/34,158468,641492058,262535,974367350,1.22,1.85
2024/05/24 星期五 00:45:22.990,1716482722990,NH-DC-NM129-D04-ROCE-Leaf-6.GPU.S9825,FourHundredGigE1/0/34,118369,469497924,159703,633962842,0.86,1.18
2024/05/24 星期五 00:45:23.494,1716482723494,NH-DC-NM129-D04-ROCE-Leaf-6.GPU.S9825,FourHundredGigE1/0/34,0,0,0,0,0,0
2024/05/24 星期五 00:45:23.995,1716482723995,NH-DC-NM129-D04-ROCE-Leaf-6.GPU.S9825,FourHundredGigE1/0/34,473882,1921270826,323345,1267793162,4.79,3.14
2024/05/24 星期五 00:45:24.564,1716482724564,NH-DC-NM129-D04-ROCE-Leaf-6.GPU.S9825,FourHundredGigE1/0/34,0,0,0,0,0,0
2024/05/24 星期五 00:45:25.064,1716482725064,NH-DC-NM129-D04-ROCE-Leaf-6.GPU.S9825,FourHundredGigE1/0/34,209909,826448652,261723,981857090,2.05,2.45
2024/05/24 星期五 00:45:25.958,1716482725958,NH-DC-NM129-D04-ROCE-Leaf-6.GPU.S9825,FourHundredGigE1/0/34,183167,733659458,248020,1005766948,1.02,1.40
2024/05/24 星期五 00:45:26.579,1716482726579,NH-DC-NM129-D04-ROCE-Leaf-6.GPU.S9825,FourHundredGigE1/0/34,0,0,0,0,0,0
2024/05/24 星期五 00:45:27.341,1716482727341,NH-DC-NM129-D04-ROCE-Leaf-6.GPU.S9825,FourHundredGigE1/0/34,302623,1190829367,572105,2322260176,1.95,3.81
2024/05/24 星期五 00:45:27.862,1716482727862,NH-DC-NM129-D04-ROCE-Leaf-6.GPU.S9825,FourHundredGigE1/0/34,189248,633013988,251232,969938218,1.51,2.30
2024/05/24 星期五 00:45:28.365,1716482728365,NH-DC-NM129-D04-ROCE-Leaf-6.GPU.S9825,FourHundredGigE1/0/34,0,0,0,0,0,0
2024/05/24 星期五 00:45:28.865,1716482728865,NH-DC-NM129-D04-ROCE-Leaf-6.GPU.S9825,FourHundredGigE1/0/34,191099,729946998,200573,753436674,1.8,1.88
2024/05/24 星期五 00:45:29.761,1716482729761,NH-DC-NM129-D04-ROCE-Leaf-6.GPU.S9825,FourHundredGigE1/0/34,0,0,0,0,0,0
2024/05/24 星期五 00:45:30.262,1716482730262,NH-DC-NM129-D04-ROCE-Leaf-6.GPU.S9825,FourHundredGigE1/0/34,199436,783675960,131594,449061520,1.95,1.10
2024/05/24 星期五 00:45:30.771,1716482730771,NH-DC-NM129-D04-ROCE-Leaf-6.GPU.S9825,FourHundredGigE1/0/34,62700,181758152,268926,1024836156,0.44,2.50
2024/05/24 星期五 00:45:31.274,1716482731274,NH-DC-NM129-D04-ROCE-Leaf-6.GPU.S9825,FourHundredGigE1/0/34,0,0,0,0,0,0
2024/05/24 星期五 00:45:31.789,1716482731789,NH-DC-NM129-D04-ROCE-Leaf-6.GPU.S9825,FourHundredGigE1/0/34,0,0,0,0,0,0
2024/05/24 星期五 00:45:32.289,1716482732289,NH-DC-NM129-D04-ROCE-Leaf-6.GPU.S9825,FourHundredGigE1/0/34,86940,336674460,436316,1539197260,0.82,3.82
2024/05/24 星期五 00:45:33.127,1716482733127,NH-DC-NM129-D04-ROCE-Leaf-6.GPU.S9825,FourHundredGigE1/0/34,194120,794318772,126297,421753966,1.18,0.63
2024/05/24 星期五 00:45:33.642,1716482733642,NH-DC-NM129-D04-ROCE-Leaf-6.GPU.S9825,FourHundredGigE1/0/34,0,0,0,0,0,0
2024/05/24 星期五 00:45:34.145,1716482734145,NH-DC-NM129-D04-ROCE-Leaf-6.GPU.S9825,FourHundredGigE1/0/34,172909,682955382,203094,804203804,1.69,1.99
2024/05/24 星期五 00:45:34.743,1716482734743,NH-DC-NM129-D04-ROCE-Leaf-6.GPU.S9825,FourHundredGigE1/0/34,0,0,0,0,0,0
2024/05/24 星期五 00:45:35.254,1716482735254,NH-DC-NM129-D04-ROCE-Leaf-6.GPU.S9825,FourHundredGigE1/0/34,231956,900232492,242382,940946112,2.20,2.30
2024/05/24 星期五 00:45:35.796,1716482735796,NH-DC-NM129-D04-ROCE-Leaf-6.GPU.S9825,FourHundredGigE1/0/34,83841,287926682,116030,419397060,0.65,0.95
2024/05/24 星期五 00:45:36.439,1716482736439,NH-DC-NM129-D04-ROCE-Leaf-6.GPU.S9825,FourHundredGigE1/0/34,0,0,0,0,0,0
2024/05/24 星期五 00:45:36.987,1716482736987,NH-DC-NM129-D04-ROCE-Leaf-6.GPU.S9825,FourHundredGigE1/0/34,131955,499623418,88377,294205166,1.12,0.66
2024/05/24 星期五 00:45:37.484,1716482737484,NH-DC-NM129-D04-ROCE-Leaf-6.GPU.S9825,FourHundredGigE1/0/34,0,0,0,0,0,0
2024/05/24 星期五 00:45:38.007,1716482738007,NH-DC-NM129-D04-ROCE-Leaf-6.GPU.S9825,FourHundredGigE1/0/34,106237,378961178,485173,1945104194,0.88,4.64
2024/05/24 星期五 00:45:38.544,1716482738544,NH-DC-NM129-D04-ROCE-Leaf-6.GPU.S9825,FourHundredGigE1/0/34,0,0,0,0,0,0
2024/05/24 星期五 00:45:39.045,1716482739045,NH-DC-NM129-D04-ROCE-Leaf-6.GPU.S9825,FourHundredGigE1/0/34,80511,276421660,309812,1195360572,0.67,2.97
2024/05/24 星期五 00:45:39.822,1716482739822,NH-DC-NM129-D04-ROCE-Leaf-6.GPU.S9825,FourHundredGigE1/0/34,123962,396080906,219793,870523922,0.63,1.40
2024/05/24 星期五 00:45:40.453,1716482740453,NH-DC-NM129-D04-ROCE-Leaf-6.GPU.S9825,FourHundredGigE1/0/34,0,0,0,0,0,0
2024/05/24 星期五 00:45:40.954,1716482740954,NH-DC-NM129-D04-ROCE-Leaf-6.GPU.S9825,FourHundredGigE1/0/34,179364,691307718,92399,341825978,1.72,0.85
2024/05/24 星期五 00:45:41.649,1716482741649,NH-DC-NM129-D04-ROCE-Leaf-6.GPU.S9825,FourHundredGigE1/0/34,309022,1239230482,168152,551893584,2.21,0.99
2024/05/24 星期五 00:45:42.290,1716482742290,NH-DC-NM129-D04-ROCE-Leaf-6.GPU.S9825,FourHundredGigE1/0/34,0,0,0,0,0,0
2024/05/24 星期五 00:45:43.071,1716482743071,NH-DC-NM129-D04-ROCE-Leaf-6.GPU.S9825,FourHundredGigE1/0/34,144255,509825935,144164,542474152,0.80,0.86
2024/05/24 星期五 00:45:43.752,1716482743752,NH-DC-NM129-D04-ROCE-Leaf-6.GPU.S9825,FourHundredGigE1/0/34,337784,1281648940,235528,913615968,2.35,1.67
2024/05/24 星期五 00:45:44.273,1716482744273,NH-DC-NM129-D04-ROCE-Leaf-6.GPU.S9825,FourHundredGigE1/0/34,0,0,0,0,0,0
2024/05/24 星期五 00:45:44.851,1716482744851,NH-DC-NM129-D04-ROCE-Leaf-6.GPU.S9825,FourHundredGigE1/0/34,299815,1147672994,293691,1150118254,2.47,2.49
2024/05/24 星期五 00:45:45.395,1716482745395,NH-DC-NM129-D04-ROCE-Leaf-6.GPU.S9825,FourHundredGigE1/0/34,0,0,0,0,0,0
2024/05/24 星期五 00:45:45.905,1716482745905,NH-DC-NM129-D04-ROCE-Leaf-6.GPU.S9825,FourHundredGigE1/0/34,402560,1600818956,74150,110240824,3.92,0.27
2024/05/24 星期五 00:45:49.503,1716482749503,NH-DC-NM129-D04-ROCE-Leaf-6.GPU.S9825,FourHundredGigE1/0/34,874598,3435859164,773371,2593797758,1.19,0.90
2024/05/24 星期五 00:45:50.138,1716482750138,NH-DC-NM129-D04-ROCE-Leaf-6.GPU.S9825,FourHundredGigE1/0/34,118819,413174078,231875,897678958,0.81,1.75
2024/05/24 星期五 00:45:50.757,1716482750757,NH-DC-NM129-D04-ROCE-Leaf-6.GPU.S9825,FourHundredGigE1/0/34,0,0,0,0,0,0
2024/05/24 星期五 00:45:51.269,1716482751269,NH-DC-NM129-D04-ROCE-Leaf-6.GPU.S9825,FourHundredGigE1/0/34,171313,624123554,251562,979298436,1.51,2.37
2024/05/24 星期五 00:45:51.852,1716482751852,NH-DC-NM129-D04-ROCE-Leaf-6.GPU.S9825,FourHundredGigE1/0/34,251618,926518548,248609,969188466,1.97,2.06
2024/05/24 星期五 00:45:52.366,1716482752366,NH-DC-NM129-D04-ROCE-Leaf-6.GPU.S9825,FourHundredGigE1/0/34,0,0,0,0,0,0
2024/05/24 星期五 00:45:52.865,1716482752865,NH-DC-NM129-D04-ROCE-Leaf-6.GPU.S9825,FourHundredGigE1/0/34,336766,1307706828,674141,2761164822,3.26,6.91
2024/05/24 星期五 00:45:53.582,1716482753582,NH-DC-NM129-D04-ROCE-Leaf-6.GPU.S9825,FourHundredGigE1/0/34,177931,657292122,293579,1179249410,1.13,2.04
2024/05/24 星期五 00:45:54.333,1716482754333,NH-DC-NM129-D04-ROCE-Leaf-6.GPU.S9825,FourHundredGigE1/0/34,0,0,0,0,0,0
2024/05/24 星期五 00:45:54.964,1716482754964,NH-DC-NM129-D04-ROCE-Leaf-6.GPU.S9825,FourHundredGigE1/0/34,178974,712209144,228547,885324435,1.41,1.74
2024/05/24 星期五 00:45:55.734,1716482755734,NH-DC-NM129-D04-ROCE-Leaf-6.GPU.S9825,FourHundredGigE1/0/34,130681,459899388,175136,649440172,0.73,1.04
2024/05/24 星期五 00:45:56.500,1716482756500,NH-DC-NM129-D04-ROCE-Leaf-6.GPU.S9825,FourHundredGigE1/0/34,0,0,0,0,0,0
2024/05/24 星期五 00:45:57.133,1716482757133,NH-DC-NM129-D04-ROCE-Leaf-6.GPU.S9825,FourHundredGigE1/0/34,41645,73480868,232859,937093550,0.14,1.84
2024/05/24 星期五 00:45:57.859,1716482757859,NH-DC-NM129-D04-ROCE-Leaf-6.GPU.S9825,FourHundredGigE1/0/34,108555,387712640,109234,405596560,0.65,0.69
2024/05/24 星期五 00:45:58.368,1716482758368,NH-DC-NM129-D04-ROCE-Leaf-6.GPU.S9825,FourHundredGigE1/0/34,0,0,0,0,0,0
2024/05/24 星期五 00:45:58.923,1716482758923,NH-DC-NM129-D04-ROCE-Leaf-6.GPU.S9825,FourHundredGigE1/0/34,64713,232848318,263547,1071500638,0.52,2.41
2024/05/24 星期五 00:45:59.646,1716482759646,NH-DC-NM129-D04-ROCE-Leaf-6.GPU.S9825,FourHundredGigE1/0/34,0,0,0,0,0,0
2024/05/24 星期五 00:46:00.150,1716482760150,NH-DC-NM129-D04-ROCE-Leaf-6.GPU.S9825,FourHundredGigE1/0/34,326872,1307628987,190882,739038044,3.22,1.81
2024/05/24 星期五 00:46:00.717,1716482760717,NH-DC-NM129-D04-ROCE-Leaf-6.GPU.S9825,FourHundredGigE1/0/34,250587,944410580,206141,819713658,2.07,1.79
2024/05/24 星期五 00:46:01.459,1716482761459,NH-DC-NM129-D04-ROCE-Leaf-6.GPU.S9825,FourHundredGigE1/0/34,0,0,0,0,0,0
2024/05/24 星期五 00:46:01.962,1716482761962,NH-DC-NM129-D04-ROCE-Leaf-6.GPU.S9825,FourHundredGigE1/0/34,72432,241360648,78981,293839158,0.60,0.72
2024/05/24 星期五 00:46:03.594,1716482763594,NH-DC-NM129-D04-ROCE-Leaf-6.GPU.S9825,FourHundredGigE1/0/34,339766,1280288732,153019,527662966,0.98,0.40
2024/05/24 星期五 00:46:04.929,1716482764929,NH-DC-NM129-D04-ROCE-Leaf-6.GPU.S9825,FourHundredGigE1/0/34,153467,266629766,647127,2043054932,0.24,1.91
2024/05/24 星期五 00:46:05.429,1716482765429,NH-DC-NM129-D04-ROCE-Leaf-6.GPU.S9825,FourHundredGigE1/0/34,0,0,0,0,0,0
2024/05/24 星期五 00:46:05.966,1716482765966,NH-DC-NM129-D04-ROCE-Leaf-6.GPU.S9825,FourHundredGigE1/0/34,465758,1411467620,2210524,8966219628,3.28,20.86
2024/05/24 星期五 00:46:06.500,1716482766500,NH-DC-NM129-D04-ROCE-Leaf-6.GPU.S9825,FourHundredGigE1/0/34,0,0,0,0,0,0
2024/05/24 星期五 00:46:07.597,1716482767597,NH-DC-NM129-D04-ROCE-Leaf-6.GPU.S9825,FourHundredGigE1/0/34,489753,1600600196,1826244,7470718778,1.82,8.51
2024/05/24 星期五 00:46:08.169,1716482768169,NH-DC-NM129-D04-ROCE-Leaf-6.GPU.S9825,FourHundredGigE1/0/34,1056635,4317774984,110779,337328596,9.42,0.72
2024/05/24 星期五 00:46:08.673,1716482768673,NH-DC-NM129-D04-ROCE-Leaf-6.GPU.S9825,FourHundredGigE1/0/34,0,0,0,0,0,0
2024/05/24 星期五 00:46:09.174,1716482769174,NH-DC-NM129-D04-ROCE-Leaf-6.GPU.S9825,FourHundredGigE1/0/34,372654,1439719080,169350,594569474,3.57,1.47
2024/05/24 星期五 00:46:09.781,1716482769781,NH-DC-NM129-D04-ROCE-Leaf-6.GPU.S9825,FourHundredGigE1/0/34,0,0,0,0,0,0
2024/05/24 星期五 00:46:10.290,1716482770290,NH-DC-NM129-D04-ROCE-Leaf-6.GPU.S9825,FourHundredGigE1/0/34,150299,558180174,161768,600074454,1.35,1.47
2024/05/24 星期五 00:46:11.114,1716482771114,NH-DC-NM129-D04-ROCE-Leaf-6.GPU.S9825,FourHundredGigE1/0/34,219016,840595884,208976,784509874,1.27,1.18
2024/05/24 星期五 00:46:11.918,1716482771918,NH-DC-NM129-D04-ROCE-Leaf-6.GPU.S9825,FourHundredGigE1/0/34,152841,587910730,176280,445020204,0.90,0.68
2024/05/24 星期五 00:46:12.418,1716482772418,NH-DC-NM129-D04-ROCE-Leaf-6.GPU.S9825,FourHundredGigE1/0/34,0,0,0,0,0,0
2024/05/24 星期五 00:46:12.962,1716482772962,NH-DC-NM129-D04-ROCE-Leaf-6.GPU.S9825,FourHundredGigE1/0/34,284613,1065437649,232227,607638950,2.44,1.38
2024/05/24 星期五 00:46:13.516,1716482773516,NH-DC-NM129-D04-ROCE-Leaf-6.GPU.S9825,FourHundredGigE1/0/34,0,0,0,0,0,0
2024/05/24 星期五 00:46:14.018,1716482774018,NH-DC-NM129-D04-ROCE-Leaf-6.GPU.S9825,FourHundredGigE1/0/34,228215,844547168,420889,1685416080,2.09,4.18
2024/05/24 星期五 00:46:14.769,1716482774769,NH-DC-NM129-D04-ROCE-Leaf-6.GPU.S9825,FourHundredGigE1/0/34,254523,943671278,398840,1587507646,1.56,2.63
2024/05/24 星期五 00:46:15.485,1716482775485,NH-DC-NM129-D04-ROCE-Leaf-6.GPU.S9825,FourHundredGigE1/0/34,0,0,0,0,0,0
2024/05/24 星期五 00:46:15.986,1716482775986,NH-DC-NM129-D04-ROCE-Leaf-6.GPU.S9825,FourHundredGigE1/0/34,218038,832864378,237741,927245502,2.07,2.30
2024/05/24 星期五 00:46:16.611,1716482776611,NH-DC-NM129-D04-ROCE-Leaf-6.GPU.S9825,FourHundredGigE1/0/34,0,0,0,0,0,0
2024/05/24 星期五 00:46:17.175,1716482777175,NH-DC-NM129-D04-ROCE-Leaf-6.GPU.S9825,FourHundredGigE1/0/34,229380,828376042,278300,1064726752,1.82,2.35
2024/05/24 星期五 00:46:17.779,1716482777779,NH-DC-NM129-D04-ROCE-Leaf-6.GPU.S9825,FourHundredGigE1/0/34,328394,1309470792,548282,2214985424,2.69,4.57
2024/05/24 星期五 00:46:18.363,1716482778363,NH-DC-NM129-D04-ROCE-Leaf-6.GPU.S9825,FourHundredGigE1/0/34,0,0,0,0,0,0
2024/05/24 星期五 00:46:19.044,1716482779044,NH-DC-NM129-D04-ROCE-Leaf-6.GPU.S9825,FourHundredGigE1/0/34,233700,906315232,266584,1044356672,1.65,1.91
2024/05/24 星期五 00:46:19.548,1716482779548,NH-DC-NM129-D04-ROCE-Leaf-6.GPU.S9825,FourHundredGigE1/0/34,0,0,0,0,0,0
2024/05/24 星期五 00:46:20.059,1716482780059,NH-DC-NM129-D04-ROCE-Leaf-6.GPU.S9825,FourHundredGigE1/0/34,251885,960293552,187020,743068412,2.35,1.81
2024/05/24 星期五 00:46:20.589,1716482780589,NH-DC-NM129-D04-ROCE-Leaf-6.GPU.S9825,FourHundredGigE1/0/34,0,0,0,0,0,0
2024/05/24 星期五 00:46:21.101,1716482781101,NH-DC-NM129-D04-ROCE-Leaf-6.GPU.S9825,FourHundredGigE1/0/34,224014,854613838,225537,856264230,2.08,2.08
2024/05/24 星期五 00:46:21.779,1716482781779,NH-DC-NM129-D04-ROCE-Leaf-6.GPU.S9825,FourHundredGigE1/0/34,470312,1872844868,288017,1159567570,3.45,2.12
2024/05/24 星期五 00:46:22.407,1716482782407,NH-DC-NM129-D04-ROCE-Leaf-6.GPU.S9825,FourHundredGigE1/0/34,0,0,0,0,0,0
2024/05/24 星期五 00:46:22.915,1716482782915,NH-DC-NM129-D04-ROCE-Leaf-6.GPU.S9825,FourHundredGigE1/0/34,129207,494843650,131402,514329704,1.21,1.25
2024/05/24 星期五 00:46:23.490,1716482783490,NH-DC-NM129-D04-ROCE-Leaf-6.GPU.S9825,FourHundredGigE1/0/34,0,0,0,0,0,0
2024/05/24 星期五 00:46:23.996,1716482783996,NH-DC-NM129-D04-ROCE-Leaf-6.GPU.S9825,FourHundredGigE1/0/34,189429,734759634,135233,483120338,1.80,1.19
2024/05/24 星期五 00:46:25.237,1716482785237,NH-DC-NM129-D04-ROCE-Leaf-6.GPU.S9825,FourHundredGigE1/0/34,106395,372654812,237155,918525578,0.37,0.92
2024/05/24 星期五 00:46:25.823,1716482785823,NH-DC-NM129-D04-ROCE-Leaf-6.GPU.S9825,FourHundredGigE1/0/34,0,0,0,0,0,0
2024/05/24 星期五 00:46:26.327,1716482786327,NH-DC-NM129-D04-ROCE-Leaf-6.GPU.S9825,FourHundredGigE1/0/34,383710,1560414654,327966,1314004688,3.87,3.25
2024/05/24 星期五 00:46:26.915,1716482786915,NH-DC-NM129-D04-ROCE-Leaf-6.GPU.S9825,FourHundredGigE1/0/34,110744,412461652,223958,872636936,0.87,1.85
2024/05/24 星期五 00:46:27.417,1716482787417,NH-DC-NM129-D04-ROCE-Leaf-6.GPU.S9825,FourHundredGigE1/0/34,0,0,0,0,0,0
2024/05/24 星期五 00:46:27.929,1716482787929,NH-DC-NM129-D04-ROCE-Leaf-6.GPU.S9825,FourHundredGigE1/0/34,147591,557897706,153032,571938392,1.34,1.39
2024/05/24 星期五 00:46:28.668,1716482788668,NH-DC-NM129-D04-ROCE-Leaf-6.GPU.S9825,FourHundredGigE1/0/34,0,0,0,0,0,0
2024/05/24 星期五 00:46:29.287,1716482789287,NH-DC-NM129-D04-ROCE-Leaf-6.GPU.S9825,FourHundredGigE1/0/34,401330,1634130848,110221,377855866,3.29,0.75
2024/05/24 星期五 00:46:29.874,1716482789874,NH-DC-NM129-D04-ROCE-Leaf-6.GPU.S9825,FourHundredGigE1/0/34,153056,613872444,108735,380851734,1.30,0.81
2024/05/24 星期五 00:46:31.232,1716482791232,NH-DC-NM129-D04-ROCE-Leaf-6.GPU.S9825,FourHundredGigE1/0/34,123325,463960640,101612,361976944,0.42,0.33
2024/05/24 星期五 00:46:31.895,1716482791895,NH-DC-NM129-D04-ROCE-Leaf-6.GPU.S9825,FourHundredGigE1/0/34,146554,510045706,115646,395347384,0.96,0.74
2024/05/24 星期五 00:46:32.455,1716482792455,NH-DC-NM129-D04-ROCE-Leaf-6.GPU.S9825,FourHundredGigE1/0/34,0,0,0,0,0,0
2024/05/24 星期五 00:46:33.009,1716482793009,NH-DC-NM129-D04-ROCE-Leaf-6.GPU.S9825,FourHundredGigE1/0/34,223532,798791492,673644,2712298384,1.78,6.11
2024/05/24 星期五 00:46:33.588,1716482793588,NH-DC-NM129-D04-ROCE-Leaf-6.GPU.S9825,FourHundredGigE1/0/34,0,0,0,0,0,0
2024/05/24 星期五 00:46:34.090,1716482794090,NH-DC-NM129-D04-ROCE-Leaf-6.GPU.S9825,FourHundredGigE1/0/34,143373,553519386,1237286,5035747289,1.37,12.52
2024/05/24 星期五 00:46:34.762,1716482794762,NH-DC-NM129-D04-ROCE-Leaf-6.GPU.S9825,FourHundredGigE1/0/34,330509,1336601586,1030964,4187014444,2.47,7.78
2024/05/24 星期五 00:46:35.431,1716482795431,NH-DC-NM129-D04-ROCE-Leaf-6.GPU.S9825,FourHundredGigE1/0/34,0,0,0,0,0,0
2024/05/24 星期五 00:46:35.935,1716482795935,NH-DC-NM129-D04-ROCE-Leaf-6.GPU.S9825,FourHundredGigE1/0/34,187148,648669768,944447,3863219286,1.59,9.57
2024/05/24 星期五 00:46:36.436,1716482796436,NH-DC-NM129-D04-ROCE-Leaf-6.GPU.S9825,FourHundredGigE1/0/34,0,0,0,0,0,0
2024/05/24 星期五 00:46:36.974,1716482796974,NH-DC-NM129-D04-ROCE-Leaf-6.GPU.S9825,FourHundredGigE1/0/34,559239,2287156002,840368,3385297460,5.30,7.85
2024/05/24 星期五 00:46:37.487,1716482797487,NH-DC-NM129-D04-ROCE-Leaf-6.GPU.S9825,FourHundredGigE1/0/34,0,0,0,0,0,0
2024/05/24 星期五 00:46:37.986,1716482797986,NH-DC-NM129-D04-ROCE-Leaf-6.GPU.S9825,FourHundredGigE1/0/34,217505,857944322,93691,350106806,2.13,0.88
2024/05/24 星期五 00:46:38.666,1716482798666,NH-DC-NM129-D04-ROCE-Leaf-6.GPU.S9825,FourHundredGigE1/0/34,0,0,0,0,0,0
2024/05/24 星期五 00:46:39.229,1716482799229,NH-DC-NM129-D04-ROCE-Leaf-6.GPU.S9825,FourHundredGigE1/0/34,110993,392553802,128334,472328396,0.87,1.04
2024/05/24 星期五 00:46:39.777,1716482799777,NH-DC-NM129-D04-ROCE-Leaf-6.GPU.S9825,FourHundredGigE1/0/34,0,0,0,0,0,0
2024/05/24 星期五 00:46:40.281,1716482800281,NH-DC-NM129-D04-ROCE-Leaf-6.GPU.S9825,FourHundredGigE1/0/34,70748,213521336,337985,1371745110,0.52,3.40
2024/05/24 星期五 00:46:40.805,1716482800805,NH-DC-NM129-D04-ROCE-Leaf-6.GPU.S9825,FourHundredGigE1/0/34,0,0,0,0,0,0
2024/05/24 星期五 00:46:41.305,1716482801305,NH-DC-NM129-D04-ROCE-Leaf-6.GPU.S9825,FourHundredGigE1/0/34,177671,583525454,86927,232397988,1.45,0.58
2024/05/24 星期五 00:46:42.306,1716482802306,NH-DC-NM129-D04-ROCE-Leaf-6.GPU.S9825,FourHundredGigE1/0/34,75889,283804586,189675,750460548,0.35,0.94
2024/05/24 星期五 00:46:42.981,1716482802981,NH-DC-NM129-D04-ROCE-Leaf-6.GPU.S9825,FourHundredGigE1/0/34,109273,395645183,112118,432035148,0.72,0.80
2024/05/24 星期五 00:46:43.513,1716482803513,NH-DC-NM129-D04-ROCE-Leaf-6.GPU.S9825,FourHundredGigE1/0/34,0,0,0,0,0,0
2024/05/24 星期五 00:46:44.183,1716482804183,NH-DC-NM129-D04-ROCE-Leaf-6.GPU.S9825,FourHundredGigE1/0/34,372630,1508417496,323203,1307899303,2.80,2.43
2024/05/24 星期五 00:46:44.685,1716482804685,NH-DC-NM129-D04-ROCE-Leaf-6.GPU.S9825,FourHundredGigE1/0/34,152533,596408326,210219,805671038,1.47,1.99
2024/05/24 星期五 00:46:46.310,1716482806310,NH-DC-NM129-D04-ROCE-Leaf-6.GPU.S9825,FourHundredGigE1/0/34,289028,1091702933,170391,645103602,0.84,0.49
2024/05/24 星期五 00:46:47.840,1716482807840,NH-DC-NM129-D04-ROCE-Leaf-6.GPU.S9825,FourHundredGigE1/0/34,146175,513615834,417412,1662714888,0.42,1.36
2024/05/24 星期五 00:46:48.341,1716482808341,NH-DC-NM129-D04-ROCE-Leaf-6.GPU.S9825,FourHundredGigE1/0/34,305294,1244061260,145804,574318528,3.09,1.42
2024/05/24 星期五 00:46:49.098,1716482809098,NH-DC-NM129-D04-ROCE-Leaf-6.GPU.S9825,FourHundredGigE1/0/34,94681,323991418,242808,929114052,0.53,1.52
2024/05/24 星期五 00:46:49.697,1716482809697,NH-DC-NM129-D04-ROCE-Leaf-6.GPU.S9825,FourHundredGigE1/0/34,0,0,0,0,0,0
2024/05/24 星期五 00:46:50.251,1716482810251,NH-DC-NM129-D04-ROCE-Leaf-6.GPU.S9825,FourHundredGigE1/0/34,189557,704487199,130342,505045960,1.58,1.13
2024/05/24 星期五 00:46:50.824,1716482810824,NH-DC-NM129-D04-ROCE-Leaf-6.GPU.S9825,FourHundredGigE1/0/34,149017,562543386,57562,168709540,1.22,0.35
2024/05/24 星期五 00:46:51.327,1716482811327,NH-DC-NM129-D04-ROCE-Leaf-6.GPU.S9825,FourHundredGigE1/0/34,0,0,0,0,0,0
2024/05/24 星期五 00:46:51.855,1716482811855,NH-DC-NM129-D04-ROCE-Leaf-6.GPU.S9825,FourHundredGigE1/0/34,101908,394228694,142054,498676148,0.92,1.16
2024/05/24 星期五 00:46:52.485,1716482812485,NH-DC-NM129-D04-ROCE-Leaf-6.GPU.S9825,FourHundredGigE1/0/34,0,0,0,0,0,0
2024/05/24 星期五 00:46:53.095,1716482813095,NH-DC-NM129-D04-ROCE-Leaf-6.GPU.S9825,FourHundredGigE1/0/34,288959,1173064758,104715,184909530,2.40,0.37
2024/05/24 星期五 00:46:53.779,1716482813779,NH-DC-NM129-D04-ROCE-Leaf-6.GPU.S9825,FourHundredGigE1/0/34,441810,1772769308,136617,499738774,3.23,0.90
2024/05/24 星期五 00:46:54.420,1716482814420,NH-DC-NM129-D04-ROCE-Leaf-6.GPU.S9825,FourHundredGigE1/0/34,0,0,0,0,0,0
2024/05/24 星期五 00:46:54.967,1716482814967,NH-DC-NM129-D04-ROCE-Leaf-6.GPU.S9825,FourHundredGigE1/0/34,406830,1588036538,371261,1477856402,3.61,3.36
2024/05/24 星期五 00:46:55.891,1716482815891,NH-DC-NM129-D04-ROCE-Leaf-6.GPU.S9825,FourHundredGigE1/0/34,152923,572478690,117189,435750234,0.77,0.58
2024/05/24 星期五 00:46:56.557,1716482816557,NH-DC-NM129-D04-ROCE-Leaf-6.GPU.S9825,FourHundredGigE1/0/34,0,0,0,0,0,0
2024/05/24 星期五 00:46:57.073,1716482817073,NH-DC-NM129-D04-ROCE-Leaf-6.GPU.S9825,FourHundredGigE1/0/34,180058,713375860,208885,815612178,1.72,1.96
2024/05/24 星期五 00:46:57.632,1716482817632,NH-DC-NM129-D04-ROCE-Leaf-6.GPU.S9825,FourHundredGigE1/0/34,0,0,0,0,0,0
2024/05/24 星期五 00:46:58.138,1716482818138,NH-DC-NM129-D04-ROCE-Leaf-6.GPU.S9825,FourHundredGigE1/0/34,241352,936595048,354267,1434365188,2.30,3.53
2024/05/24 星期五 00:46:58.638,1716482818638,NH-DC-NM129-D04-ROCE-Leaf-6.GPU.S9825,FourHundredGigE1/0/34,0,0,0,0,0,0
2024/05/24 星期五 00:46:59.313,1716482819313,NH-DC-NM129-D04-ROCE-Leaf-6.GPU.S9825,FourHundredGigE1/0/34,72576,257923302,284983,1095155544,0.46,2.02
2024/05/24 星期五 00:47:01.879,1716482821879,NH-DC-NM129-D04-ROCE-Leaf-6.GPU.S9825,FourHundredGigE1/0/34,463519,1710232544,779955,2894896814,0.83,1.41
2024/05/24 星期五 00:47:03.552,1716482823552,NH-DC-NM129-D04-ROCE-Leaf-6.GPU.S9825,FourHundredGigE1/0/34,551130,2051889532,569438,2237612728,1.53,1.67
2024/05/24 星期五 00:47:04.822,1716482824822,NH-DC-NM129-D04-ROCE-Leaf-6.GPU.S9825,FourHundredGigE1/0/34,0,0,0,0,0,0
2024/05/24 星期五 00:47:05.322,1716482825322,NH-DC-NM129-D04-ROCE-Leaf-6.GPU.S9825,FourHundredGigE1/0/34,132327,485527102,157822,573991276,1.2,1.42
2024/05/24 星期五 00:47:05.886,1716482825886,NH-DC-NM129-D04-ROCE-Leaf-6.GPU.S9825,FourHundredGigE1/0/34,437930,1748045458,314361,1195959918,3.86,2.64
2024/05/24 星期五 00:47:06.477,1716482826477,NH-DC-NM129-D04-ROCE-Leaf-6.GPU.S9825,FourHundredGigE1/0/34,0,0,0,0,0,0
2024/05/24 星期五 00:47:07.182,1716482827182,NH-DC-NM129-D04-ROCE-Leaf-6.GPU.S9825,FourHundredGigE1/0/34,201058,763889302,140562,491276492,1.35,0.87
2024/05/24 星期五 00:47:07.799,1716482827799,NH-DC-NM129-D04-ROCE-Leaf-6.GPU.S9825,FourHundredGigE1/0/34,288591,1139385790,269493,1084290466,2.29,2.19
2024/05/24 星期五 00:47:08.361,1716482828361,NH-DC-NM129-D04-ROCE-Leaf-6.GPU.S9825,FourHundredGigE1/0/34,0,0,0,0,0,0
2024/05/24 星期五 00:47:08.862,1716482828862,NH-DC-NM129-D04-ROCE-Leaf-6.GPU.S9825,FourHundredGigE1/0/34,441991,1775606926,243413,978590254,4.42,2.42
2024/05/24 星期五 00:47:09.464,1716482829464,NH-DC-NM129-D04-ROCE-Leaf-6.GPU.S9825,FourHundredGigE1/0/34,0,0,0,0,0,0
2024/05/24 星期五 00:47:10.239,1716482830239,NH-DC-NM129-D04-ROCE-Leaf-6.GPU.S9825,FourHundredGigE1/0/34,206592,759226812,339901,1343252174,1.21,2.16
2024/05/24 星期五 00:47:11.442,1716482831442,NH-DC-NM129-D04-ROCE-Leaf-6.GPU.S9825,FourHundredGigE1/0/34,215766,826187274,241821,908799458,0.85,0.94
2024/05/24 星期五 00:47:11.943,1716482831943,NH-DC-NM129-D04-ROCE-Leaf-6.GPU.S9825,FourHundredGigE1/0/34,226316,877594658,265298,1042539640,2.17,2.59
2024/05/24 星期五 00:47:12.445,1716482832445,NH-DC-NM129-D04-ROCE-Leaf-6.GPU.S9825,FourHundredGigE1/0/34,0,0,0,0,0,0
2024/05/24 星期五 00:47:13.004,1716482833004,NH-DC-NM129-D04-ROCE-Leaf-6.GPU.S9825,FourHundredGigE1/0/34,193234,709482366,317416,1271436996,1.57,2.84
2024/05/24 星期五 00:47:13.765,1716482833765,NH-DC-NM129-D04-ROCE-Leaf-6.GPU.S9825,FourHundredGigE1/0/34,145536,505518880,126928,481020844,0.82,0.79
2024/05/24 星期五 00:47:14.478,1716482834478,NH-DC-NM129-D04-ROCE-Leaf-6.GPU.S9825,FourHundredGigE1/0/34,0,0,0,0,0,0
2024/05/24 星期五 00:47:15.042,1716482835042,NH-DC-NM129-D04-ROCE-Leaf-6.GPU.S9825,FourHundredGigE1/0/34,97432,355972716,280752,1133396608,0.78,2.50
2024/05/24 星期五 00:47:15.542,1716482835542,NH-DC-NM129-D04-ROCE-Leaf-6.GPU.S9825,FourHundredGigE1/0/34,0,0,0,0,0,0
2024/05/24 星期五 00:47:16.042,1716482836042,NH-DC-NM129-D04-ROCE-Leaf-6.GPU.S9825,FourHundredGigE1/0/34,173185,681676914,131992,530011004,1.7,1.32
2024/05/24 星期五 00:47:16.803,1716482836803,NH-DC-NM129-D04-ROCE-Leaf-6.GPU.S9825,FourHundredGigE1/0/34,18945,46468174,125143,478331628,0.07,0.77
2024/05/24 星期五 00:47:17.450,1716482837450,NH-DC-NM129-D04-ROCE-Leaf-6.GPU.S9825,FourHundredGigE1/0/34,0,0,0,0,0,0
2024/05/24 星期五 00:47:18.024,1716482838024,NH-DC-NM129-D04-ROCE-Leaf-6.GPU.S9825,FourHundredGigE1/0/34,118248,457199012,159298,613128402,0.98,1.33
2024/05/24 星期五 00:47:18.541,1716482838541,NH-DC-NM129-D04-ROCE-Leaf-6.GPU.S9825,FourHundredGigE1/0/34,0,0,0,0,0,0
2024/05/24 星期五 00:47:19.043,1716482839043,NH-DC-NM129-D04-ROCE-Leaf-6.GPU.S9825,FourHundredGigE1/0/34,119538,441460412,71286,246220252,1.10,0.60
2024/05/24 星期五 00:47:19.631,1716482839631,NH-DC-NM129-D04-ROCE-Leaf-6.GPU.S9825,FourHundredGigE1/0/34,0,0,0,0,0,0
2024/05/24 星期五 00:47:20.250,1716482840250,NH-DC-NM129-D04-ROCE-Leaf-6.GPU.S9825,FourHundredGigE1/0/34,92558,338825020,342613,1332885551,0.67,2.69
2024/05/24 星期五 00:47:20.894,1716482840894,NH-DC-NM129-D04-ROCE-Leaf-6.GPU.S9825,FourHundredGigE1/0/34,54324,209946604,122411,458320642,0.39,0.87
2024/05/24 星期五 00:47:21.491,1716482841491,NH-DC-NM129-D04-ROCE-Leaf-6.GPU.S9825,FourHundredGigE1/0/34,0,0,0,0,0,0
2024/05/24 星期五 00:47:21.994,1716482841994,NH-DC-NM129-D04-ROCE-Leaf-6.GPU.S9825,FourHundredGigE1/0/34,281057,1148850428,206622,806596468,2.83,1.99
2024/05/24 星期五 00:47:22.493,1716482842493,NH-DC-NM129-D04-ROCE-Leaf-6.GPU.S9825,FourHundredGigE1/0/34,0,0,0,0,0,0
2024/05/24 星期五 00:47:23.019,1716482843019,NH-DC-NM129-D04-ROCE-Leaf-6.GPU.S9825,FourHundredGigE1/0/34,154169,605679920,105901,408635266,1.43,0.95
2024/05/24 星期五 00:47:23.742,1716482843742,NH-DC-NM129-D04-ROCE-Leaf-6.GPU.S9825,FourHundredGigE1/0/34,238512,941069766,207656,831190036,1.63,1.43
2024/05/24 星期五 00:47:24.485,1716482844485,NH-DC-NM129-D04-ROCE-Leaf-6.GPU.S9825,FourHundredGigE1/0/34,0,0,0,0,0,0
2024/05/24 星期五 00:47:25.087,1716482845087,NH-DC-NM129-D04-ROCE-Leaf-6.GPU.S9825,FourHundredGigE1/0/34,142451,564589092,78182,272998500,1.16,0.56
2024/05/24 星期五 00:47:25.589,1716482845589,NH-DC-NM129-D04-ROCE-Leaf-6.GPU.S9825,FourHundredGigE1/0/34,0,0,0,0,0,0
2024/05/24 星期五 00:47:26.107,1716482846107,NH-DC-NM129-D04-ROCE-Leaf-6.GPU.S9825,FourHundredGigE1/0/34,356002,1267107930,165155,640738938,3.04,1.54
2024/05/24 星期五 00:47:26.749,1716482846749,NH-DC-NM129-D04-ROCE-Leaf-6.GPU.S9825,FourHundredGigE1/0/34,1173695,4554817548,138895,542794594,8.86,1.05
2024/05/24 星期五 00:47:27.346,1716482847346,NH-DC-NM129-D04-ROCE-Leaf-6.GPU.S9825,FourHundredGigE1/0/34,0,0,0,0,0,0
2024/05/24 星期五 00:47:28.137,1716482848137,NH-DC-NM129-D04-ROCE-Leaf-6.GPU.S9825,FourHundredGigE1/0/34,1028494,4131641854,371731,1493258682,6.53,2.35
2024/05/24 星期五 00:47:28.697,1716482848697,NH-DC-NM129-D04-ROCE-Leaf-6.GPU.S9825,FourHundredGigE1/0/34,0,0,0,0,0,0
2024/05/24 星期五 00:47:29.198,1716482849198,NH-DC-NM129-D04-ROCE-Leaf-6.GPU.S9825,FourHundredGigE1/0/34,1051225,4230244006,112205,399064714,10.55,0.97
2024/05/24 星期五 00:47:29.705,1716482849705,NH-DC-NM129-D04-ROCE-Leaf-6.GPU.S9825,FourHundredGigE1/0/34,0,0,0,0,0,0
2024/05/24 星期五 00:47:30.299,1716482850299,NH-DC-NM129-D04-ROCE-Leaf-6.GPU.S9825,FourHundredGigE1/0/34,1103337,4205131525,213689,808555366,8.84,1.68
2024/05/24 星期五 00:47:30.834,1716482850834,NH-DC-NM129-D04-ROCE-Leaf-6.GPU.S9825,FourHundredGigE1/0/34,113477,314017458,223613,876459062,0.72,2.03
2024/05/24 星期五 00:47:31.593,1716482851593,NH-DC-NM129-D04-ROCE-Leaf-6.GPU.S9825,FourHundredGigE1/0/34,0,0,0,0,0,0
2024/05/24 星期五 00:47:32.127,1716482852127,NH-DC-NM129-D04-ROCE-Leaf-6.GPU.S9825,FourHundredGigE1/0/34,780470,3164628520,64023,199130886,7.40,0.44
2024/05/24 星期五 00:47:32.626,1716482852626,NH-DC-NM129-D04-ROCE-Leaf-6.GPU.S9825,FourHundredGigE1/0/34,0,0,0,0,0,0
2024/05/24 星期五 00:47:33.127,1716482853127,NH-DC-NM129-D04-ROCE-Leaf-6.GPU.S9825,FourHundredGigE1/0/34,254068,984079636,371385,1505733942,2.45,3.74
2024/05/24 星期五 00:47:33.824,1716482853824,NH-DC-NM129-D04-ROCE-Leaf-6.GPU.S9825,FourHundredGigE1/0/34,91848,321881836,160899,611660530,0.57,1.09
2024/05/24 星期五 00:47:34.333,1716482854333,NH-DC-NM129-D04-ROCE-Leaf-6.GPU.S9825,FourHundredGigE1/0/34,0,0,0,0,0,0
2024/05/24 星期五 00:47:35.061,1716482855061,NH-DC-NM129-D04-ROCE-Leaf-6.GPU.S9825,FourHundredGigE1/0/34,448128,1816534578,364927,1483847422,3.11,2.54
2024/05/24 星期五 00:47:35.587,1716482855587,NH-DC-NM129-D04-ROCE-Leaf-6.GPU.S9825,FourHundredGigE1/0/34,0,0,0,0,0,0
2024/05/24 星期五 00:47:36.089,1716482856089,NH-DC-NM129-D04-ROCE-Leaf-6.GPU.S9825,FourHundredGigE1/0/34,192425,740331447,277845,1103533218,1.84,2.74
2024/05/24 星期五 00:47:36.656,1716482856656,NH-DC-NM129-D04-ROCE-Leaf-6.GPU.S9825,FourHundredGigE1/0/34,276485,1076335448,291687,1095317894,2.36,2.40
2024/05/24 星期五 00:47:37.401,1716482857401,NH-DC-NM129-D04-ROCE-Leaf-6.GPU.S9825,FourHundredGigE1/0/34,0,0,0,0,0,0
2024/05/24 星期五 00:47:37.902,1716482857902,NH-DC-NM129-D04-ROCE-Leaf-6.GPU.S9825,FourHundredGigE1/0/34,189356,742509424,518578,2006233780,1.85,4.99
2024/05/24 星期五 00:47:39.043,1716482859043,NH-DC-NM129-D04-ROCE-Leaf-6.GPU.S9825,FourHundredGigE1/0/34,253032,983500460,362084,1368803004,1.07,1.49
2024/05/24 星期五 00:47:39.558,1716482859558,NH-DC-NM129-D04-ROCE-Leaf-6.GPU.S9825,FourHundredGigE1/0/34,0,0,0,0,0,0
2024/05/24 星期五 00:47:40.075,1716482860075,NH-DC-NM129-D04-ROCE-Leaf-6.GPU.S9825,FourHundredGigE1/0/34,222916,882452498,194610,743863070,2.13,1.79
2024/05/24 星期五 00:47:40.766,1716482860766,NH-DC-NM129-D04-ROCE-Leaf-6.GPU.S9825,FourHundredGigE1/0/34,368763,1466586876,233390,906047086,2.64,1.63
2024/05/24 星期五 00:47:41.321,1716482861321,NH-DC-NM129-D04-ROCE-Leaf-6.GPU.S9825,FourHundredGigE1/0/34,0,0,0,0,0,0
2024/05/24 星期五 00:47:42.281,1716482862281,NH-DC-NM129-D04-ROCE-Leaf-6.GPU.S9825,FourHundredGigE1/0/34,142988,482883642,346742,1385677288,0.62,1.80
2024/05/24 星期五 00:47:42.802,1716482862802,NH-DC-NM129-D04-ROCE-Leaf-6.GPU.S9825,FourHundredGigE1/0/34,711041,2878175918,129402,429798180,6.89,1.01
2024/05/24 星期五 00:47:43.347,1716482863347,NH-DC-NM129-D04-ROCE-Leaf-6.GPU.S9825,FourHundredGigE1/0/34,0,0,0,0,0,0
2024/05/24 星期五 00:47:44.214,1716482864214,NH-DC-NM129-D04-ROCE-Leaf-6.GPU.S9825,FourHundredGigE1/0/34,91430,309197784,100453,360636450,0.43,0.52
2024/05/24 星期五 00:47:44.723,1716482864723,NH-DC-NM129-D04-ROCE-Leaf-6.GPU.S9825,FourHundredGigE1/0/34,0,0,0,0,0,0
2024/05/24 星期五 00:47:45.345,1716482865345,NH-DC-NM129-D04-ROCE-Leaf-6.GPU.S9825,FourHundredGigE1/0/34,180098,676207044,126560,448468172,1.35,0.88
2024/05/24 星期五 00:47:45.965,1716482865965,NH-DC-NM129-D04-ROCE-Leaf-6.GPU.S9825,FourHundredGigE1/0/34,256805,1001189558,535196,2174750032,2.02,4.38
2024/05/24 星期五 00:47:46.570,1716482866570,NH-DC-NM129-D04-ROCE-Leaf-6.GPU.S9825,FourHundredGigE1/0/34,0,0,0,0,0,0
2024/05/24 星期五 00:47:48.065,1716482868065,NH-DC-NM129-D04-ROCE-Leaf-6.GPU.S9825,FourHundredGigE1/0/34,331977,1256566627,418992,1656918680,1.05,1.38
2024/05/24 星期五 00:47:48.662,1716482868662,NH-DC-NM129-D04-ROCE-Leaf-6.GPU.S9825,FourHundredGigE1/0/34,462532,1811144024,263190,1037482308,3.79,2.16
2024/05/24 星期五 00:47:49.348,1716482869348,NH-DC-NM129-D04-ROCE-Leaf-6.GPU.S9825,FourHundredGigE1/0/34,0,0,0,0,0,0
2024/05/24 星期五 00:47:49.851,1716482869851,NH-DC-NM129-D04-ROCE-Leaf-6.GPU.S9825,FourHundredGigE1/0/34,76847,255500926,46286,122512826,0.62,0.30
2024/05/24 星期五 00:47:50.391,1716482870391,NH-DC-NM129-D04-ROCE-Leaf-6.GPU.S9825,FourHundredGigE1/0/34,0,0,0,0,0,0
2024/05/24 星期五 00:47:51.136,1716482871136,NH-DC-NM129-D04-ROCE-Leaf-6.GPU.S9825,FourHundredGigE1/0/34,55845,206927038,219624,822896538,0.34,1.38
2024/05/24 星期五 00:47:51.638,1716482871638,NH-DC-NM129-D04-ROCE-Leaf-6.GPU.S9825,FourHundredGigE1/0/34,0,0,0,0,0,0
2024/05/24 星期五 00:47:52.140,1716482872140,NH-DC-NM129-D04-ROCE-Leaf-6.GPU.S9825,FourHundredGigE1/0/34,133801,486061566,113038,411159544,1.20,1.02
2024/05/24 星期五 00:47:52.795,1716482872795,NH-DC-NM129-D04-ROCE-Leaf-6.GPU.S9825,FourHundredGigE1/0/34,0,0,0,0,0,0
2024/05/24 星期五 00:47:53.300,1716482873300,NH-DC-NM129-D04-ROCE-Leaf-6.GPU.S9825,FourHundredGigE1/0/34,144869,562502822,158311,503656018,1.39,1.24
2024/05/24 星期五 00:47:54.181,1716482874181,NH-DC-NM129-D04-ROCE-Leaf-6.GPU.S9825,FourHundredGigE1/0/34,312467,1188371454,185028,658477736,1.67,0.92
2024/05/24 星期五 00:47:54.843,1716482874843,NH-DC-NM129-D04-ROCE-Leaf-6.GPU.S9825,FourHundredGigE1/0/34,414075,1667605026,131154,441796820,3.13,0.83
2024/05/24 星期五 00:47:55.544,1716482875544,NH-DC-NM129-D04-ROCE-Leaf-6.GPU.S9825,FourHundredGigE1/0/34,0,0,0,0,0,0
2024/05/24 星期五 00:47:56.247,1716482876247,NH-DC-NM129-D04-ROCE-Leaf-6.GPU.S9825,FourHundredGigE1/0/34,232971,899588954,427608,1666780732,1.58,2.95
2024/05/24 星期五 00:47:56.749,1716482876749,NH-DC-NM129-D04-ROCE-Leaf-6.GPU.S9825,FourHundredGigE1/0/34,342753,1320629834,419115,1464897954,3.29,3.64
2024/05/24 星期五 00:47:57.288,1716482877288,NH-DC-NM129-D04-ROCE-Leaf-6.GPU.S9825,FourHundredGigE1/0/34,0,0,0,0,0,0
2024/05/24 星期五 00:47:58.089,1716482878089,NH-DC-NM129-D04-ROCE-Leaf-6.GPU.S9825,FourHundredGigE1/0/34,161719,634852238,134200,272843000,0.98,0.42
2024/05/24 星期五 00:47:58.589,1716482878589,NH-DC-NM129-D04-ROCE-Leaf-6.GPU.S9825,FourHundredGigE1/0/34,0,0,0,0,0,0
2024/05/24 星期五 00:47:59.098,1716482879098,NH-DC-NM129-D04-ROCE-Leaf-6.GPU.S9825,FourHundredGigE1/0/34,145103,554859578,504747,1901404946,1.35,4.67
2024/05/24 星期五 00:47:59.834,1716482879834,NH-DC-NM129-D04-ROCE-Leaf-6.GPU.S9825,FourHundredGigE1/0/34,0,0,0,0,0,0
2024/05/24 星期五 00:48:00.334,1716482880334,NH-DC-NM129-D04-ROCE-Leaf-6.GPU.S9825,FourHundredGigE1/0/34,563745,2261844451,481080,1791138044,5.65,4.48
2024/05/24 星期五 00:48:00.962,1716482880962,NH-DC-NM129-D04-ROCE-Leaf-6.GPU.S9825,FourHundredGigE1/0/34,134336,446040628,301063,1152383170,0.88,2.29
2024/05/24 星期五 00:48:01.661,1716482881661,NH-DC-NM129-D04-ROCE-Leaf-6.GPU.S9825,FourHundredGigE1/0/34,0,0,0,0,0,0
2024/05/24 星期五 00:48:02.159,1716482882159,NH-DC-NM129-D04-ROCE-Leaf-6.GPU.S9825,FourHundredGigE1/0/34,477466,1815230408,630947,2452181506,4.54,6.15
2024/05/24 星期五 00:48:06.587,1716482886587,NH-DC-NM129-D04-ROCE-Leaf-6.GPU.S9825,FourHundredGigE1/0/34,1037097,4082857186,972998,3827026580,1.15,1.08
2024/05/24 星期五 00:48:07.089,1716482887089,NH-DC-NM129-D04-ROCE-Leaf-6.GPU.S9825,FourHundredGigE1/0/34,211791,841316206,270397,1063895858,2.09,2.64
2024/05/24 星期五 00:48:07.590,1716482887590,NH-DC-NM129-D04-ROCE-Leaf-6.GPU.S9825,FourHundredGigE1/0/34,0,0,0,0,0,0
2024/05/24 星期五 00:48:08.220,1716482888220,NH-DC-NM129-D04-ROCE-Leaf-6.GPU.S9825,FourHundredGigE1/0/34,89664,312231753,315304,1277712696,0.62,2.52
2024/05/24 星期五 00:48:08.722,1716482888722,NH-DC-NM129-D04-ROCE-Leaf-6.GPU.S9825,FourHundredGigE1/0/34,0,0,0,0,0,0
2024/05/24 星期五 00:48:09.614,1716482889614,NH-DC-NM129-D04-ROCE-Leaf-6.GPU.S9825,FourHundredGigE1/0/34,160730,584814116,166092,489314824,0.81,0.67
2024/05/24 星期五 00:48:10.115,1716482890115,NH-DC-NM129-D04-ROCE-Leaf-6.GPU.S9825,FourHundredGigE1/0/34,230087,846873476,127032,466359972,2.10,1.15
2024/05/24 星期五 00:48:10.629,1716482890629,NH-DC-NM129-D04-ROCE-Leaf-6.GPU.S9825,FourHundredGigE1/0/34,280707,1111367780,381827,1471516326,2.70,3.57
2024/05/24 星期五 00:48:11.380,1716482891380,NH-DC-NM129-D04-ROCE-Leaf-6.GPU.S9825,FourHundredGigE1/0/34,0,0,0,0,0,0
2024/05/24 星期五 00:48:12.081,1716482892081,NH-DC-NM129-D04-ROCE-Leaf-6.GPU.S9825,FourHundredGigE1/0/34,71855,254819636,355965,1320511420,0.45,2.35
2024/05/24 星期五 00:48:12.582,1716482892582,NH-DC-NM129-D04-ROCE-Leaf-6.GPU.S9825,FourHundredGigE1/0/34,0,0,0,0,0,0
2024/05/24 星期五 00:48:13.085,1716482893085,NH-DC-NM129-D04-ROCE-Leaf-6.GPU.S9825,FourHundredGigE1/0/34,154677,577776137,285301,1157070136,1.42,2.86
2024/05/24 星期五 00:48:13.779,1716482893779,NH-DC-NM129-D04-ROCE-Leaf-6.GPU.S9825,FourHundredGigE1/0/34,0,0,0,0,0,0
2024/05/24 星期五 00:48:14.291,1716482894291,NH-DC-NM129-D04-ROCE-Leaf-6.GPU.S9825,FourHundredGigE1/0/34,287035,1141510899,124933,440692194,2.78,1.07
2024/05/24 星期五 00:48:15.042,1716482895042,NH-DC-NM129-D04-ROCE-Leaf-6.GPU.S9825,FourHundredGigE1/0/34,42591,90063654,430244,1751432328,0.15,2.91
2024/05/24 星期五 00:48:15.656,1716482895656,NH-DC-NM129-D04-ROCE-Leaf-6.GPU.S9825,FourHundredGigE1/0/34,0,0,0,0,0,0
2024/05/24 星期五 00:48:16.159,1716482896159,NH-DC-NM129-D04-ROCE-Leaf-6.GPU.S9825,FourHundredGigE1/0/34,165607,618081119,92890,311411020,1.52,0.77
2024/05/24 星期五 00:48:16.863,1716482896863,NH-DC-NM129-D04-ROCE-Leaf-6.GPU.S9825,FourHundredGigE1/0/34,172675,643280634,76783,258330118,1.14,0.44
2024/05/24 星期五 00:48:17.427,1716482897427,NH-DC-NM129-D04-ROCE-Leaf-6.GPU.S9825,FourHundredGigE1/0/34,0,0,0,0,0,0
2024/05/24 星期五 00:48:17.929,1716482897929,NH-DC-NM129-D04-ROCE-Leaf-6.GPU.S9825,FourHundredGigE1/0/34,157667,576737547,368161,1437153922,1.42,3.56
2024/05/24 星期五 00:48:18.689,1716482898689,NH-DC-NM129-D04-ROCE-Leaf-6.GPU.S9825,FourHundredGigE1/0/34,0,0,0,0,0,0
2024/05/24 星期五 00:48:19.205,1716482899205,NH-DC-NM129-D04-ROCE-Leaf-6.GPU.S9825,FourHundredGigE1/0/34,107862,356198264,555698,2239908580,0.85,5.40
2024/05/24 星期五 00:48:19.729,1716482899729,NH-DC-NM129-D04-ROCE-Leaf-6.GPU.S9825,FourHundredGigE1/0/34,0,0,0,0,0,0
2024/05/24 星期五 00:48:20.344,1716482900344,NH-DC-NM129-D04-ROCE-Leaf-6.GPU.S9825,FourHundredGigE1/0/34,466507,1867129022,1015273,4139952466,3.78,8.39
2024/05/24 星期五 00:48:20.978,1716482900978,NH-DC-NM129-D04-ROCE-Leaf-6.GPU.S9825,FourHundredGigE1/0/34,147190,544796200,856293,3480160318,1.06,6.86
2024/05/24 星期五 00:48:21.501,1716482901501,NH-DC-NM129-D04-ROCE-Leaf-6.GPU.S9825,FourHundredGigE1/0/34,0,0,0,0,0,0
2024/05/24 星期五 00:48:22.294,1716482902294,NH-DC-NM129-D04-ROCE-Leaf-6.GPU.S9825,FourHundredGigE1/0/34,275388,1054944484,393321,1546321930,1.66,2.43
2024/05/24 星期五 00:48:22.795,1716482902795,NH-DC-NM129-D04-ROCE-Leaf-6.GPU.S9825,FourHundredGigE1/0/34,0,0,0,0,0,0
2024/05/24 星期五 00:48:23.298,1716482903298,NH-DC-NM129-D04-ROCE-Leaf-6.GPU.S9825,FourHundredGigE1/0/34,419725,1613438998,107114,380459188,4.00,0.94
2024/05/24 星期五 00:48:23.798,1716482903798,NH-DC-NM129-D04-ROCE-Leaf-6.GPU.S9825,FourHundredGigE1/0/34,306491,1206441808,196374,781328716,3,1.95
2024/05/24 星期五 00:48:24.460,1716482904460,NH-DC-NM129-D04-ROCE-Leaf-6.GPU.S9825,FourHundredGigE1/0/34,0,0,0,0,0,0
2024/05/24 星期五 00:48:24.958,1716482904958,NH-DC-NM129-D04-ROCE-Leaf-6.GPU.S9825,FourHundredGigE1/0/34,656541,2543447692,515415,1994215922,6.38,4.99
2024/05/24 星期五 00:48:25.759,1716482905759,NH-DC-NM129-D04-ROCE-Leaf-6.GPU.S9825,FourHundredGigE1/0/34,163781,590501780,104652,305955858,0.92,0.47
2024/05/24 星期五 00:48:26.262,1716482906262,NH-DC-NM129-D04-ROCE-Leaf-6.GPU.S9825,FourHundredGigE1/0/34,0,0,0,0,0,0
2024/05/24 星期五 00:48:26.763,1716482906763,NH-DC-NM129-D04-ROCE-Leaf-6.GPU.S9825,FourHundredGigE1/0/34,0,0,0,0,0,0
2024/05/24 星期五 00:48:27.264,1716482907264,NH-DC-NM129-D04-ROCE-Leaf-6.GPU.S9825,FourHundredGigE1/0/34,241667,923579613,358707,1396332192,2.30,3.47
2024/05/24 星期五 00:48:29.148,1716482909148,NH-DC-NM129-D04-ROCE-Leaf-6.GPU.S9825,FourHundredGigE1/0/34,521550,2016321290,531607,2015859606,1.33,1.33
2024/05/24 星期五 00:48:29.649,1716482909649,NH-DC-NM129-D04-ROCE-Leaf-6.GPU.S9825,FourHundredGigE1/0/34,0,0,0,0,0,0
2024/05/24 星期五 00:48:30.150,1716482910150,NH-DC-NM129-D04-ROCE-Leaf-6.GPU.S9825,FourHundredGigE1/0/34,241548,913530826,206082,802294192,2.27,2.00
2024/05/24 星期五 00:48:30.720,1716482910720,NH-DC-NM129-D04-ROCE-Leaf-6.GPU.S9825,FourHundredGigE1/0/34,124672,416338500,148927,531974426,0.90,1.16
2024/05/24 星期五 00:48:31.374,1716482911374,NH-DC-NM129-D04-ROCE-Leaf-6.GPU.S9825,FourHundredGigE1/0/34,0,0,0,0,0,0
2024/05/24 星期五 00:48:31.878,1716482911878,NH-DC-NM129-D04-ROCE-Leaf-6.GPU.S9825,FourHundredGigE1/0/34,207027,801456030,169932,621165264,1.98,1.54
2024/05/24 星期五 00:48:32.624,1716482912624,NH-DC-NM129-D04-ROCE-Leaf-6.GPU.S9825,FourHundredGigE1/0/34,0,0,0,0,0,0
2024/05/24 星期五 00:48:33.138,1716482913138,NH-DC-NM129-D04-ROCE-Leaf-6.GPU.S9825,FourHundredGigE1/0/34,331585,1321581682,240566,958690140,3.21,2.31
2024/05/24 星期五 00:48:33.641,1716482913641,NH-DC-NM129-D04-ROCE-Leaf-6.GPU.S9825,FourHundredGigE1/0/34,0,0,0,0,0,0
2024/05/24 星期五 00:48:34.141,1716482914141,NH-DC-NM129-D04-ROCE-Leaf-6.GPU.S9825,FourHundredGigE1/0/34,208594,837044828,135281,512247974,2.08,1.28
2024/05/24 星期五 00:48:34.723,1716482914723,NH-DC-NM129-D04-ROCE-Leaf-6.GPU.S9825,FourHundredGigE1/0/34,0,0,0,0,0,0
2024/05/24 星期五 00:48:35.268,1716482915268,NH-DC-NM129-D04-ROCE-Leaf-6.GPU.S9825,FourHundredGigE1/0/34,168609,670900238,68995,224567034,1.54,0.50
2024/05/24 星期五 00:48:36.065,1716482916065,NH-DC-NM129-D04-ROCE-Leaf-6.GPU.S9825,FourHundredGigE1/0/34,299449,1181487855,90816,296051632,1.85,0.45
2024/05/24 星期五 00:48:36.566,1716482916566,NH-DC-NM129-D04-ROCE-Leaf-6.GPU.S9825,FourHundredGigE1/0/34,0,0,0,0,0,0
2024/05/24 星期五 00:48:37.067,1716482917067,NH-DC-NM129-D04-ROCE-Leaf-6.GPU.S9825,FourHundredGigE1/0/34,223192,886930932,374458,1389362944,2.20,3.44
2024/05/24 星期五 00:48:37.624,1716482917624,NH-DC-NM129-D04-ROCE-Leaf-6.GPU.S9825,FourHundredGigE1/0/34,0,0,0,0,0,0
2024/05/24 星期五 00:48:38.669,1716482918669,NH-DC-NM129-D04-ROCE-Leaf-6.GPU.S9825,FourHundredGigE1/0/34,283839,1054808510,169660,630083164,1.26,0.75
2024/05/24 星期五 00:48:39.268,1716482919268,NH-DC-NM129-D04-ROCE-Leaf-6.GPU.S9825,FourHundredGigE1/0/34,496345,1842217482,146377,577823738,3.84,1.19
2024/05/24 星期五 00:48:39.769,1716482919769,NH-DC-NM129-D04-ROCE-Leaf-6.GPU.S9825,FourHundredGigE1/0/34,0,0,0,0,0,0
2024/05/24 星期五 00:48:40.269,1716482920269,NH-DC-NM129-D04-ROCE-Leaf-6.GPU.S9825,FourHundredGigE1/0/34,361515,1459825230,225204,829642820,3.62,2.05
2024/05/24 星期五 00:48:40.846,1716482920846,NH-DC-NM129-D04-ROCE-Leaf-6.GPU.S9825,FourHundredGigE1/0/34,84261,333311173,181173,694500646,0.71,1.49
2024/05/24 星期五 00:48:41.517,1716482921517,NH-DC-NM129-D04-ROCE-Leaf-6.GPU.S9825,FourHundredGigE1/0/34,56385,183038588,188733,723187230,0.34,1.34
2024/05/24 星期五 00:48:42.518,1716482922518,NH-DC-NM129-D04-ROCE-Leaf-6.GPU.S9825,FourHundredGigE1/0/34,0,0,0,0,0,0
2024/05/24 星期五 00:48:43.077,1716482923077,NH-DC-NM129-D04-ROCE-Leaf-6.GPU.S9825,FourHundredGigE1/0/34,894704,3637797085,825512,3369729016,8.12,7.51
2024/05/24 星期五 00:48:43.587,1716482923587,NH-DC-NM129-D04-ROCE-Leaf-6.GPU.S9825,FourHundredGigE1/0/34,0,0,0,0,0,0
2024/05/24 星期五 00:48:44.279,1716482924279,NH-DC-NM129-D04-ROCE-Leaf-6.GPU.S9825,FourHundredGigE1/0/34,1024867,4190617906,777482,3120528836,7.57,5.64
2024/05/24 星期五 00:48:44.919,1716482924919,NH-DC-NM129-D04-ROCE-Leaf-6.GPU.S9825,FourHundredGigE1/0/34,1111188,4525591224,194518,669377132,8.83,1.29
2024/05/24 星期五 00:48:45.450,1716482925450,NH-DC-NM129-D04-ROCE-Leaf-6.GPU.S9825,FourHundredGigE1/0/34,0,0,0,0,0,0
2024/05/24 星期五 00:48:46.246,1716482926246,NH-DC-NM129-D04-ROCE-Leaf-6.GPU.S9825,FourHundredGigE1/0/34,1087303,4428662208,171469,693513638,6.94,1.08
2024/05/24 星期五 00:48:47.160,1716482927160,NH-DC-NM129-D04-ROCE-Leaf-6.GPU.S9825,FourHundredGigE1/0/34,680587,2780681316,39198,130633976,3.80,0.18
2024/05/24 星期五 00:48:47.742,1716482927742,NH-DC-NM129-D04-ROCE-Leaf-6.GPU.S9825,FourHundredGigE1/0/34,0,0,0,0,0,0
2024/05/24 星期五 00:48:48.369,1716482928369,NH-DC-NM129-D04-ROCE-Leaf-6.GPU.S9825,FourHundredGigE1/0/34,35143,118739838,77793,288049154,0.22,0.56
2024/05/24 星期五 00:48:48.916,1716482928916,NH-DC-NM129-D04-ROCE-Leaf-6.GPU.S9825,FourHundredGigE1/0/34,130800,473089224,174217,611771834,1.07,1.39
2024/05/24 星期五 00:48:50.194,1716482930194,NH-DC-NM129-D04-ROCE-Leaf-6.GPU.S9825,FourHundredGigE1/0/34,155622,577412276,129075,497011938,0.56,0.48
2024/05/24 星期五 00:48:50.753,1716482930753,NH-DC-NM129-D04-ROCE-Leaf-6.GPU.S9825,FourHundredGigE1/0/34,0,0,0,0,0,0
2024/05/24 星期五 00:48:51.256,1716482931256,NH-DC-NM129-D04-ROCE-Leaf-6.GPU.S9825,FourHundredGigE1/0/34,432020,1743094724,203795,748582538,4.32,1.84
2024/05/24 星期五 00:48:51.819,1716482931819,NH-DC-NM129-D04-ROCE-Leaf-6.GPU.S9825,FourHundredGigE1/0/34,271703,1024078995,147668,535185016,2.26,1.18
2024/05/24 星期五 00:48:52.378,1716482932378,NH-DC-NM129-D04-ROCE-Leaf-6.GPU.S9825,FourHundredGigE1/0/34,0,0,0,0,0,0
2024/05/24 星期五 00:48:53.087,1716482933087,NH-DC-NM129-D04-ROCE-Leaf-6.GPU.S9825,FourHundredGigE1/0/34,229916,893420076,226997,861037138,1.57,1.52
2024/05/24 星期五 00:48:53.636,1716482933636,NH-DC-NM129-D04-ROCE-Leaf-6.GPU.S9825,FourHundredGigE1/0/34,0,0,0,0,0,0
2024/05/24 星期五 00:48:54.256,1716482934256,NH-DC-NM129-D04-ROCE-Leaf-6.GPU.S9825,FourHundredGigE1/0/34,342481,1344619694,419187,1676160586,2.70,3.37
2024/05/24 星期五 00:48:54.970,1716482934970,NH-DC-NM129-D04-ROCE-Leaf-6.GPU.S9825,FourHundredGigE1/0/34,594644,2403767768,307861,1211241354,4.20,2.12
2024/05/24 星期五 00:48:55.690,1716482935690,NH-DC-NM129-D04-ROCE-Leaf-6.GPU.S9825,FourHundredGigE1/0/34,255199,990037126,293255,1126533362,1.72,1.94
2024/05/24 星期五 00:48:56.397,1716482936397,NH-DC-NM129-D04-ROCE-Leaf-6.GPU.S9825,FourHundredGigE1/0/34,0,0,0,0,0,0
2024/05/24 星期五 00:48:56.965,1716482936965,NH-DC-NM129-D04-ROCE-Leaf-6.GPU.S9825,FourHundredGigE1/0/34,99932,231183765,126891,479789694,0.51,1.03
2024/05/24 星期五 00:48:57.466,1716482937466,NH-DC-NM129-D04-ROCE-Leaf-6.GPU.S9825,FourHundredGigE1/0/34,0,0,0,0,0,0
2024/05/24 星期五 00:48:58.047,1716482938047,NH-DC-NM129-D04-ROCE-Leaf-6.GPU.S9825,FourHundredGigE1/0/34,101595,365089882,82394,272112632,0.77,0.58
2024/05/24 星期五 00:48:58.673,1716482938673,NH-DC-NM129-D04-ROCE-Leaf-6.GPU.S9825,FourHundredGigE1/0/34,0,0,0,0,0,0
2024/05/24 星期五 00:48:59.275,1716482939275,NH-DC-NM129-D04-ROCE-Leaf-6.GPU.S9825,FourHundredGigE1/0/34,52259,169137759,75986,256261976,0.33,0.52
2024/05/24 星期五 00:48:59.977,1716482939977,NH-DC-NM129-D04-ROCE-Leaf-6.GPU.S9825,FourHundredGigE1/0/34,116245,433406986,193193,730843862,0.77,1.30
2024/05/24 星期五 00:49:00.489,1716482940489,NH-DC-NM129-D04-ROCE-Leaf-6.GPU.S9825,FourHundredGigE1/0/34,0,0,0,0,0,0
2024/05/24 星期五 00:49:00.991,1716482940991,NH-DC-NM129-D04-ROCE-Leaf-6.GPU.S9825,FourHundredGigE1/0/34,81305,280134147,128993,480278286,0.70,1.20
2024/05/24 星期五 00:49:01.546,1716482941546,NH-DC-NM129-D04-ROCE-Leaf-6.GPU.S9825,FourHundredGigE1/0/34,0,0,0,0,0,0
2024/05/24 星期五 00:49:02.082,1716482942082,NH-DC-NM129-D04-ROCE-Leaf-6.GPU.S9825,FourHundredGigE1/0/34,70452,255836848,113230,427658476,0.58,0.98
2024/05/24 星期五 00:49:03.793,1716482943793,NH-DC-NM129-D04-ROCE-Leaf-6.GPU.S9825,FourHundredGigE1/0/34,278553,1077979174,503592,1976592144,0.78,1.44
2024/05/24 星期五 00:49:04.744,1716482944744,NH-DC-NM129-D04-ROCE-Leaf-6.GPU.S9825,FourHundredGigE1/0/34,0,0,0,0,0,0
2024/05/24 星期五 00:49:05.398,1716482945398,NH-DC-NM129-D04-ROCE-Leaf-6.GPU.S9825,FourHundredGigE1/0/34,350919,1403301010,314630,1245518408,2.68,2.37
2024/05/24 星期五 00:49:05.912,1716482945912,NH-DC-NM129-D04-ROCE-Leaf-6.GPU.S9825,FourHundredGigE1/0/34,549221,2206839852,287091,1119524374,5.35,2.70
2024/05/24 星期五 00:49:06.412,1716482946412,NH-DC-NM129-D04-ROCE-Leaf-6.GPU.S9825,FourHundredGigE1/0/34,0,0,0,0,0,0
2024/05/24 星期五 00:49:07.139,1716482947139,NH-DC-NM129-D04-ROCE-Leaf-6.GPU.S9825,FourHundredGigE1/0/34,2485801,10160033604,177155,668786536,17.47,1.13
2024/05/24 星期五 00:49:07.691,1716482947691,NH-DC-NM129-D04-ROCE-Leaf-6.GPU.S9825,FourHundredGigE1/0/34,0,0,0,0,0,0
2024/05/24 星期五 00:49:08.196,1716482948196,NH-DC-NM129-D04-ROCE-Leaf-6.GPU.S9825,FourHundredGigE1/0/34,1999914,8065158018,382228,1528267390,19.95,3.76
2024/05/24 星期五 00:49:08.819,1716482948819,NH-DC-NM129-D04-ROCE-Leaf-6.GPU.S9825,FourHundredGigE1/0/34,409623,1545211345,1029606,4197550420,3.09,8.41
2024/05/24 星期五 00:49:09.359,1716482949359,NH-DC-NM129-D04-ROCE-Leaf-6.GPU.S9825,FourHundredGigE1/0/34,0,0,0,0,0,0
2024/05/24 星期五 00:49:09.882,1716482949882,NH-DC-NM129-D04-ROCE-Leaf-6.GPU.S9825,FourHundredGigE1/0/34,165269,510916914,1023449,4151403706,1.22,9.92
2024/05/24 星期五 00:49:10.515,1716482950515,NH-DC-NM129-D04-ROCE-Leaf-6.GPU.S9825,FourHundredGigE1/0/34,0,0,0,0,0,0
2024/05/24 星期五 00:49:11.143,1716482951143,NH-DC-NM129-D04-ROCE-Leaf-6.GPU.S9825,FourHundredGigE1/0/34,127206,388700629,921515,3760361606,0.76,7.48
2024/05/24 星期五 00:49:11.744,1716482951744,NH-DC-NM129-D04-ROCE-Leaf-6.GPU.S9825,FourHundredGigE1/0/34,173682,496040574,1095893,4454642974,1.02,9.26
2024/05/24 星期五 00:49:12.353,1716482952353,NH-DC-NM129-D04-ROCE-Leaf-6.GPU.S9825,FourHundredGigE1/0/34,0,0,0,0,0,0
2024/05/24 星期五 00:49:12.855,1716482952855,NH-DC-NM129-D04-ROCE-Leaf-6.GPU.S9825,FourHundredGigE1/0/34,432267,1754310417,1814893,7425824812,4.36,18.48
2024/05/24 星期五 00:49:13.422,1716482953422,NH-DC-NM129-D04-ROCE-Leaf-6.GPU.S9825,FourHundredGigE1/0/34,0,0,0,0,0,0
2024/05/24 星期五 00:49:14.222,1716482954222,NH-DC-NM129-D04-ROCE-Leaf-6.GPU.S9825,FourHundredGigE1/0/34,198874,771656840,2385841,9754258292,1.20,15.23
2024/05/24 星期五 00:49:14.759,1716482954759,NH-DC-NM129-D04-ROCE-Leaf-6.GPU.S9825,FourHundredGigE1/0/34,0,0,0,0,0,0
2024/05/24 星期五 00:49:15.317,1716482955317,NH-DC-NM129-D04-ROCE-Leaf-6.GPU.S9825,FourHundredGigE1/0/34,282303,1088223190,390274,1557912656,2.42,3.47
2024/05/24 星期五 00:49:15.929,1716482955929,NH-DC-NM129-D04-ROCE-Leaf-6.GPU.S9825,FourHundredGigE1/0/34,126830,474201113,295440,1178631344,0.96,2.39
2024/05/24 星期五 00:49:16.430,1716482956430,NH-DC-NM129-D04-ROCE-Leaf-6.GPU.S9825,FourHundredGigE1/0/34,0,0,0,0,0,0
2024/05/24 星期五 00:49:17.070,1716482957070,NH-DC-NM129-D04-ROCE-Leaf-6.GPU.S9825,FourHundredGigE1/0/34,114298,430958076,153448,557748592,0.84,1.07
2024/05/24 星期五 00:49:17.673,1716482957673,NH-DC-NM129-D04-ROCE-Leaf-6.GPU.S9825,FourHundredGigE1/0/34,0,0,0,0,0,0
2024/05/24 星期五 00:49:18.833,1716482958833,NH-DC-NM129-D04-ROCE-Leaf-6.GPU.S9825,FourHundredGigE1/0/34,465996,1768972453,330662,1210053400,1.90,1.30
2024/05/24 星期五 00:49:19.350,1716482959350,NH-DC-NM129-D04-ROCE-Leaf-6.GPU.S9825,FourHundredGigE1/0/34,0,0,0,0,0,0
2024/05/24 星期五 00:49:19.888,1716482959888,NH-DC-NM129-D04-ROCE-Leaf-6.GPU.S9825,FourHundredGigE1/0/34,212449,802748363,319628,1262683354,1.86,2.93
2024/05/24 星期五 00:49:20.861,1716482960861,NH-DC-NM129-D04-ROCE-Leaf-6.GPU.S9825,FourHundredGigE1/0/34,311286,1217991158,167533,665039688,1.55,0.85
2024/05/24 星期五 00:49:21.362,1716482961362,NH-DC-NM129-D04-ROCE-Leaf-6.GPU.S9825,FourHundredGigE1/0/34,0,0,0,0,0,0
2024/05/24 星期五 00:49:21.877,1716482961877,NH-DC-NM129-D04-ROCE-Leaf-6.GPU.S9825,FourHundredGigE1/0/34,127816,335121930,353602,1431201116,0.80,3.47
2024/05/24 星期五 00:49:22.378,1716482962378,NH-DC-NM129-D04-ROCE-Leaf-6.GPU.S9825,FourHundredGigE1/0/34,0,0,0,0,0,0
2024/05/24 星期五 00:49:23.003,1716482963003,NH-DC-NM129-D04-ROCE-Leaf-6.GPU.S9825,FourHundredGigE1/0/34,251951,939462950,302972,1181093966,1.86,2.36
2024/05/24 星期五 00:49:23.600,1716482963600,NH-DC-NM129-D04-ROCE-Leaf-6.GPU.S9825,FourHundredGigE1/0/34,0,0,0,0,0,0
2024/05/24 星期五 00:49:24.194,1716482964194,NH-DC-NM129-D04-ROCE-Leaf-6.GPU.S9825,FourHundredGigE1/0/34,126011,459575443,495720,2039267234,0.95,4.27
2024/05/24 星期五 00:49:24.749,1716482964749,NH-DC-NM129-D04-ROCE-Leaf-6.GPU.S9825,FourHundredGigE1/0/34,0,0,0,0,0,0
2024/05/24 星期五 00:49:25.300,1716482965300,NH-DC-NM129-D04-ROCE-Leaf-6.GPU.S9825,FourHundredGigE1/0/34,116854,429955635,97245,387334954,0.95,0.86
2024/05/24 星期五 00:49:25.801,1716482965801,NH-DC-NM129-D04-ROCE-Leaf-6.GPU.S9825,FourHundredGigE1/0/34,67100,256656238,124957,500737882,0.62,1.25
2024/05/24 星期五 00:49:26.352,1716482966352,NH-DC-NM129-D04-ROCE-Leaf-6.GPU.S9825,FourHundredGigE1/0/34,0,0,0,0,0,0
2024/05/24 星期五 00:49:26.932,1716482966932,NH-DC-NM129-D04-ROCE-Leaf-6.GPU.S9825,FourHundredGigE1/0/34,335697,1330098804,379112,1428477290,2.87,3.06
2024/05/24 星期五 00:49:27.552,1716482967552,NH-DC-NM129-D04-ROCE-Leaf-6.GPU.S9825,FourHundredGigE1/0/34,0,0,0,0,0,0
2024/05/24 星期五 00:49:28.059,1716482968059,NH-DC-NM129-D04-ROCE-Leaf-6.GPU.S9825,FourHundredGigE1/0/34,250162,979113654,297701,1163343960,2.39,2.86
2024/05/24 星期五 00:49:28.632,1716482968632,NH-DC-NM129-D04-ROCE-Leaf-6.GPU.S9825,FourHundredGigE1/0/34,0,0,0,0,0,0
2024/05/24 星期五 00:49:29.153,1716482969153,NH-DC-NM129-D04-ROCE-Leaf-6.GPU.S9825,FourHundredGigE1/0/34,337795,1349552130,152561,567623930,3.21,1.34
2024/05/24 星期五 00:49:29.829,1716482969829,NH-DC-NM129-D04-ROCE-Leaf-6.GPU.S9825,FourHundredGigE1/0/34,0,0,0,0,0,0
2024/05/24 星期五 00:49:30.330,1716482970330,NH-DC-NM129-D04-ROCE-Leaf-6.GPU.S9825,FourHundredGigE1/0/34,86359,319545066,123599,464637898,0.77,1.15
2024/05/24 星期五 00:49:31.049,1716482971049,NH-DC-NM129-D04-ROCE-Leaf-6.GPU.S9825,FourHundredGigE1/0/34,179836,742369700,293757,1186583910,1.29,2.05
2024/05/24 星期五 00:49:31.636,1716482971636,NH-DC-NM129-D04-ROCE-Leaf-6.GPU.S9825,FourHundredGigE1/0/34,0,0,0,0,0,0
2024/05/24 星期五 00:49:32.160,1716482972160,NH-DC-NM129-D04-ROCE-Leaf-6.GPU.S9825,FourHundredGigE1/0/34,146975,575973450,152908,552063480,1.36,1.31
2024/05/24 星期五 00:49:32.688,1716482972688,NH-DC-NM129-D04-ROCE-Leaf-6.GPU.S9825,FourHundredGigE1/0/34,0,0,0,0,0,0
2024/05/24 星期五 00:49:33.212,1716482973212,NH-DC-NM129-D04-ROCE-Leaf-6.GPU.S9825,FourHundredGigE1/0/34,128694,388364664,201841,698808414,0.91,1.65
2024/05/24 星期五 00:49:33.737,1716482973737,NH-DC-NM129-D04-ROCE-Leaf-6.GPU.S9825,FourHundredGigE1/0/34,407540,1560928404,243552,910842756,3.71,2.17
2024/05/24 星期五 00:49:34.408,1716482974408,NH-DC-NM129-D04-ROCE-Leaf-6.GPU.S9825,FourHundredGigE1/0/34,0,0,0,0,0,0
2024/05/24 星期五 00:49:34.988,1716482974988,NH-DC-NM129-D04-ROCE-Leaf-6.GPU.S9825,FourHundredGigE1/0/34,201615,747733330,501629,1880899642,1.59,4.05
2024/05/24 星期五 00:49:35.489,1716482975489,NH-DC-NM129-D04-ROCE-Leaf-6.GPU.S9825,FourHundredGigE1/0/34,0,0,0,0,0,0
2024/05/24 星期五 00:49:35.992,1716482975992,NH-DC-NM129-D04-ROCE-Leaf-6.GPU.S9825,FourHundredGigE1/0/34,191957,770348436,291833,1111551974,1.91,2.76
2024/05/24 星期五 00:49:36.723,1716482976723,NH-DC-NM129-D04-ROCE-Leaf-6.GPU.S9825,FourHundredGigE1/0/34,0,0,0,0,0,0
2024/05/24 星期五 00:49:37.248,1716482977248,NH-DC-NM129-D04-ROCE-Leaf-6.GPU.S9825,FourHundredGigE1/0/34,920687,3758944312,233472,897490792,8.93,2.12
2024/05/24 星期五 00:49:37.905,1716482977905,NH-DC-NM129-D04-ROCE-Leaf-6.GPU.S9825,FourHundredGigE1/0/34,683364,2790527213,370322,1456134664,5.31,2.76
2024/05/24 星期五 00:49:38.466,1716482978466,NH-DC-NM129-D04-ROCE-Leaf-6.GPU.S9825,FourHundredGigE1/0/34,0,0,0,0,0,0
2024/05/24 星期五 00:49:38.969,1716482978969,NH-DC-NM129-D04-ROCE-Leaf-6.GPU.S9825,FourHundredGigE1/0/34,231017,874218126,193304,746889544,2.16,1.84
2024/05/24 星期五 00:49:39.493,1716482979493,NH-DC-NM129-D04-ROCE-Leaf-6.GPU.S9825,FourHundredGigE1/0/34,0,0,0,0,0,0
2024/05/24 星期五 00:49:40.140,1716482980140,NH-DC-NM129-D04-ROCE-Leaf-6.GPU.S9825,FourHundredGigE1/0/34,269237,1029163027,174832,665215036,1.97,1.28
2024/05/24 星期五 00:49:40.681,1716482980681,NH-DC-NM129-D04-ROCE-Leaf-6.GPU.S9825,FourHundredGigE1/0/34,222458,867733368,421638,1658766888,1.99,3.81
2024/05/24 星期五 00:49:41.438,1716482981438,NH-DC-NM129-D04-ROCE-Leaf-6.GPU.S9825,FourHundredGigE1/0/34,0,0,0,0,0,0
2024/05/24 星期五 00:49:42.242,1716482982242,NH-DC-NM129-D04-ROCE-Leaf-6.GPU.S9825,FourHundredGigE1/0/34,352795,1418007878,73160,264305572,2.19,0.40
2024/05/24 星期五 00:49:42.753,1716482982753,NH-DC-NM129-D04-ROCE-Leaf-6.GPU.S9825,FourHundredGigE1/0/34,0,0,0,0,0,0
2024/05/24 星期五 00:49:43.371,1716482983371,NH-DC-NM129-D04-ROCE-Leaf-6.GPU.S9825,FourHundredGigE1/0/34,206221,789987895,123696,477556960,1.58,0.95
2024/05/24 星期五 00:49:44.047,1716482984047,NH-DC-NM129-D04-ROCE-Leaf-6.GPU.S9825,FourHundredGigE1/0/34,152438,584648740,96122,351961516,1.07,0.65
2024/05/24 星期五 00:49:44.740,1716482984740,NH-DC-NM129-D04-ROCE-Leaf-6.GPU.S9825,FourHundredGigE1/0/34,0,0,0,0,0,0
2024/05/24 星期五 00:49:45.314,1716482985314,NH-DC-NM129-D04-ROCE-Leaf-6.GPU.S9825,FourHundredGigE1/0/34,271013,1006045266,487788,1956317216,2.18,4.25
2024/05/24 星期五 00:49:45.836,1716482985836,NH-DC-NM129-D04-ROCE-Leaf-6.GPU.S9825,FourHundredGigE1/0/34,0,0,0,0,0,0
2024/05/24 星期五 00:49:46.338,1716482986338,NH-DC-NM129-D04-ROCE-Leaf-6.GPU.S9825,FourHundredGigE1/0/34,395533,1493447807,481492,1890938120,3.71,4.71
2024/05/24 星期五 00:49:47.395,1716482987395,NH-DC-NM129-D04-ROCE-Leaf-6.GPU.S9825,FourHundredGigE1/0/34,0,0,0,0,0,0
2024/05/24 星期五 00:49:47.990,1716482987990,NH-DC-NM129-D04-ROCE-Leaf-6.GPU.S9825,FourHundredGigE1/0/34,195524,734056436,219616,832508852,1.53,1.74
2024/05/24 星期五 00:49:48.497,1716482988497,NH-DC-NM129-D04-ROCE-Leaf-6.GPU.S9825,FourHundredGigE1/0/34,0,0,0,0,0,0
2024/05/24 星期五 00:49:49.009,1716482989009,NH-DC-NM129-D04-ROCE-Leaf-6.GPU.S9825,FourHundredGigE1/0/34,431628,1700184510,378633,1483772290,4.15,3.61
2024/05/24 星期五 00:49:49.511,1716482989511,NH-DC-NM129-D04-ROCE-Leaf-6.GPU.S9825,FourHundredGigE1/0/34,0,0,0,0,0,0
2024/05/24 星期五 00:49:50.013,1716482990013,NH-DC-NM129-D04-ROCE-Leaf-6.GPU.S9825,FourHundredGigE1/0/34,153733,591402914,167385,634928742,1.47,1.57
2024/05/24 星期五 00:49:50.792,1716482990792,NH-DC-NM129-D04-ROCE-Leaf-6.GPU.S9825,FourHundredGigE1/0/34,141035,486579944,238202,933781652,0.77,1.49
2024/05/24 星期五 00:49:51.449,1716482991449,NH-DC-NM129-D04-ROCE-Leaf-6.GPU.S9825,FourHundredGigE1/0/34,0,0,0,0,0,0
2024/05/24 星期五 00:49:52.014,1716482992014,NH-DC-NM129-D04-ROCE-Leaf-6.GPU.S9825,FourHundredGigE1/0/34,123951,435038322,123701,417115102,0.95,0.91
2024/05/24 星期五 00:49:52.666,1716482992666,NH-DC-NM129-D04-ROCE-Leaf-6.GPU.S9825,FourHundredGigE1/0/34,0,0,0,0,0,0
2024/05/24 星期五 00:49:53.166,1716482993166,NH-DC-NM129-D04-ROCE-Leaf-6.GPU.S9825,FourHundredGigE1/0/34,155484,595583212,184867,668251338,1.48,1.65
2024/05/24 星期五 00:49:53.938,1716482993938,NH-DC-NM129-D04-ROCE-Leaf-6.GPU.S9825,FourHundredGigE1/0/34,86032,276537218,129091,455339254,0.44,0.73
2024/05/24 星期五 00:49:54.945,1716482994945,NH-DC-NM129-D04-ROCE-Leaf-6.GPU.S9825,FourHundredGigE1/0/34,173392,664449762,184793,670464748,0.82,0.83
2024/05/24 星期五 00:49:55.674,1716482995674,NH-DC-NM129-D04-ROCE-Leaf-6.GPU.S9825,FourHundredGigE1/0/34,0,0,0,0,0,0
2024/05/24 星期五 00:49:56.207,1716482996207,NH-DC-NM129-D04-ROCE-Leaf-6.GPU.S9825,FourHundredGigE1/0/34,218658,890754372,521699,2126784356,2.09,4.97
2024/05/24 星期五 00:49:56.705,1716482996705,NH-DC-NM129-D04-ROCE-Leaf-6.GPU.S9825,FourHundredGigE1/0/34,0,0,0,0,0,0
2024/05/24 星期五 00:49:57.309,1716482997309,NH-DC-NM129-D04-ROCE-Leaf-6.GPU.S9825,FourHundredGigE1/0/34,125173,455838610,187621,710783090,0.93,1.47
2024/05/24 星期五 00:49:58.013,1716482998013,NH-DC-NM129-D04-ROCE-Leaf-6.GPU.S9825,FourHundredGigE1/0/34,201722,783148544,194227,735096202,1.38,1.30
2024/05/24 星期五 00:49:58.635,1716482998635,NH-DC-NM129-D04-ROCE-Leaf-6.GPU.S9825,FourHundredGigE1/0/34,0,0,0,0,0,0
2024/05/24 星期五 00:49:59.239,1716482999239,NH-DC-NM129-D04-ROCE-Leaf-6.GPU.S9825,FourHundredGigE1/0/34,105976,364221068,428663,1749084482,0.75,3.60
2024/05/24 星期五 00:50:01.475,1716483001475,NH-DC-NM129-D04-ROCE-Leaf-6.GPU.S9825,FourHundredGigE1/0/34,239090,910422608,693677,2690012100,0.51,1.50
2024/05/24 星期五 00:50:01.978,1716483001978,NH-DC-NM129-D04-ROCE-Leaf-6.GPU.S9825,FourHundredGigE1/0/34,122471,338470566,239481,717297292,0.82,1.76
2024/05/24 星期五 00:50:03.110,1716483003110,NH-DC-NM129-D04-ROCE-Leaf-6.GPU.S9825,FourHundredGigE1/0/34,782061,3144156095,425840,1619343024,3.47,1.78
2024/05/24 星期五 00:50:04.562,1716483004562,NH-DC-NM129-D04-ROCE-Leaf-6.GPU.S9825,FourHundredGigE1/0/34,0,0,0,0,0,0
2024/05/24 星期五 00:50:05.215,1716483005215,NH-DC-NM129-D04-ROCE-Leaf-6.GPU.S9825,FourHundredGigE1/0/34,246423,959969538,209234,692772904,1.82,1.32
2024/05/24 星期五 00:50:05.801,1716483005801,NH-DC-NM129-D04-ROCE-Leaf-6.GPU.S9825,FourHundredGigE1/0/34,385958,1540244219,272177,1086045714,3.28,2.30
2024/05/24 星期五 00:50:06.302,1716483006302,NH-DC-NM129-D04-ROCE-Leaf-6.GPU.S9825,FourHundredGigE1/0/34,0,0,0,0,0,0
2024/05/24 星期五 00:50:06.801,1716483006801,NH-DC-NM129-D04-ROCE-Leaf-6.GPU.S9825,FourHundredGigE1/0/34,0,0,0,0,0,0
2024/05/24 星期五 00:50:07.306,1716483007306,NH-DC-NM129-D04-ROCE-Leaf-6.GPU.S9825,FourHundredGigE1/0/34,220168,856105134,373014,1478112164,2.10,3.64
2024/05/24 星期五 00:50:07.962,1716483007962,NH-DC-NM129-D04-ROCE-Leaf-6.GPU.S9825,FourHundredGigE1/0/34,95183,350014162,332685,1333220802,0.67,2.53
2024/05/24 星期五 00:50:08.617,1716483008617,NH-DC-NM129-D04-ROCE-Leaf-6.GPU.S9825,FourHundredGigE1/0/34,0,0,0,0,0,0
2024/05/24 星期五 00:50:09.223,1716483009223,NH-DC-NM129-D04-ROCE-Leaf-6.GPU.S9825,FourHundredGigE1/0/34,83368,300484606,259012,1021711880,0.62,2.10
2024/05/24 星期五 00:50:09.747,1716483009747,NH-DC-NM129-D04-ROCE-Leaf-6.GPU.S9825,FourHundredGigE1/0/34,0,0,0,0,0,0
2024/05/24 星期五 00:50:10.250,1716483010250,NH-DC-NM129-D04-ROCE-Leaf-6.GPU.S9825,FourHundredGigE1/0/34,131289,477004769,483751,1969227666,1.17,4.87
2024/05/24 星期五 00:50:10.929,1716483010929,NH-DC-NM129-D04-ROCE-Leaf-6.GPU.S9825,FourHundredGigE1/0/34,218938,826063616,148759,581052334,1.51,1.07
2024/05/24 星期五 00:50:11.817,1716483011817,NH-DC-NM129-D04-ROCE-Leaf-6.GPU.S9825,FourHundredGigE1/0/34,290445,1088311034,241139,884629546,1.52,1.24
2024/05/24 星期五 00:50:12.328,1716483012328,NH-DC-NM129-D04-ROCE-Leaf-6.GPU.S9825,FourHundredGigE1/0/34,0,0,0,0,0,0
2024/05/24 星期五 00:50:12.915,1716483012915,NH-DC-NM129-D04-ROCE-Leaf-6.GPU.S9825,FourHundredGigE1/0/34,265012,1038722594,121543,404097438,2.19,0.85
2024/05/24 星期五 00:50:13.436,1716483013436,NH-DC-NM129-D04-ROCE-Leaf-6.GPU.S9825,FourHundredGigE1/0/34,0,0,0,0,0,0
2024/05/24 星期五 00:50:13.935,1716483013935,NH-DC-NM129-D04-ROCE-Leaf-6.GPU.S9825,FourHundredGigE1/0/34,198131,716056282,415508,1642684660,1.78,4.11
2024/05/24 星期五 00:50:14.551,1716483014551,NH-DC-NM129-D04-ROCE-Leaf-6.GPU.S9825,FourHundredGigE1/0/34,0,0,0,0,0,0
2024/05/24 星期五 00:50:15.398,1716483015398,NH-DC-NM129-D04-ROCE-Leaf-6.GPU.S9825,FourHundredGigE1/0/34,134543,485017655,92661,330394706,0.71,0.49
2024/05/24 星期五 00:50:15.957,1716483015957,NH-DC-NM129-D04-ROCE-Leaf-6.GPU.S9825,FourHundredGigE1/0/34,80499,277070566,101158,374982568,0.60,0.83
2024/05/24 星期五 00:50:16.517,1716483016517,NH-DC-NM129-D04-ROCE-Leaf-6.GPU.S9825,FourHundredGigE1/0/34,0,0,0,0,0,0
2024/05/24 星期五 00:50:17.018,1716483017018,NH-DC-NM129-D04-ROCE-Leaf-6.GPU.S9825,FourHundredGigE1/0/34,446719,1835672622,87494,301070844,4.57,0.75
2024/05/24 星期五 00:50:17.522,1716483017522,NH-DC-NM129-D04-ROCE-Leaf-6.GPU.S9825,FourHundredGigE1/0/34,0,0,0,0,0,0
2024/05/24 星期五 00:50:18.025,1716483018025,NH-DC-NM129-D04-ROCE-Leaf-6.GPU.S9825,FourHundredGigE1/0/34,97773,297928520,65919,195797234,0.72,0.47
2024/05/24 星期五 00:50:18.648,1716483018648,NH-DC-NM129-D04-ROCE-Leaf-6.GPU.S9825,FourHundredGigE1/0/34,123290,463045606,150902,583829072,0.92,1.16
2024/05/24 星期五 00:50:19.399,1716483019399,NH-DC-NM129-D04-ROCE-Leaf-6.GPU.S9825,FourHundredGigE1/0/34,0,0,0,0,0,0
2024/05/24 星期五 00:50:19.951,1716483019951,NH-DC-NM129-D04-ROCE-Leaf-6.GPU.S9825,FourHundredGigE1/0/34,231276,875738246,60207,217174126,1.97,0.48
2024/05/24 星期五 00:50:20.455,1716483020455,NH-DC-NM129-D04-ROCE-Leaf-6.GPU.S9825,FourHundredGigE1/0/34,0,0,0,0,0,0
2024/05/24 星期五 00:50:20.957,1716483020957,NH-DC-NM129-D04-ROCE-Leaf-6.GPU.S9825,FourHundredGigE1/0/34,277466,1066574038,233971,887664362,2.64,2.19
2024/05/24 星期五 00:50:21.508,1716483021508,NH-DC-NM129-D04-ROCE-Leaf-6.GPU.S9825,FourHundredGigE1/0/34,0,0,0,0,0,0
2024/05/24 星期五 00:50:22.009,1716483022009,NH-DC-NM129-D04-ROCE-Leaf-6.GPU.S9825,FourHundredGigE1/0/34,149907,566094514,137884,497869172,1.40,1.22
2024/05/24 星期五 00:50:22.880,1716483022880,NH-DC-NM129-D04-ROCE-Leaf-6.GPU.S9825,FourHundredGigE1/0/34,185618,723271664,177795,695862622,1.03,0.99
2024/05/24 星期五 00:50:23.416,1716483023416,NH-DC-NM129-D04-ROCE-Leaf-6.GPU.S9825,FourHundredGigE1/0/34,0,0,0,0,0,0
2024/05/24 星期五 00:50:23.919,1716483023919,NH-DC-NM129-D04-ROCE-Leaf-6.GPU.S9825,FourHundredGigE1/0/34,246693,992839750,346143,1358135382,2.46,3.35
2024/05/24 星期五 00:50:24.491,1716483024491,NH-DC-NM129-D04-ROCE-Leaf-6.GPU.S9825,FourHundredGigE1/0/34,0,0,0,0,0,0
2024/05/24 星期五 00:50:25.014,1716483025014,NH-DC-NM129-D04-ROCE-Leaf-6.GPU.S9825,FourHundredGigE1/0/34,168650,635636536,672559,2742552782,1.51,6.55
2024/05/24 星期五 00:50:25.517,1716483025517,NH-DC-NM129-D04-ROCE-Leaf-6.GPU.S9825,FourHundredGigE1/0/34,186047,725797752,1057706,4296209482,1.79,10.66
2024/05/24 星期五 00:50:26.353,1716483026353,NH-DC-NM129-D04-ROCE-Leaf-6.GPU.S9825,FourHundredGigE1/0/34,0,0,0,0,0,0
2024/05/24 星期五 00:50:26.860,1716483026860,NH-DC-NM129-D04-ROCE-Leaf-6.GPU.S9825,FourHundredGigE1/0/34,115846,434404068,1045782,4248600058,1.06,10.45
2024/05/24 星期五 00:50:27.379,1716483027379,NH-DC-NM129-D04-ROCE-Leaf-6.GPU.S9825,FourHundredGigE1/0/34,0,0,0,0,0,0
2024/05/24 星期五 00:50:28.089,1716483028089,NH-DC-NM129-D04-ROCE-Leaf-6.GPU.S9825,FourHundredGigE1/0/34,271806,992595422,1047655,4275212942,1.74,7.52
2024/05/24 星期五 00:50:28.618,1716483028618,NH-DC-NM129-D04-ROCE-Leaf-6.GPU.S9825,FourHundredGigE1/0/34,0,0,0,0,0,0
2024/05/24 星期五 00:50:29.121,1716483029121,NH-DC-NM129-D04-ROCE-Leaf-6.GPU.S9825,FourHundredGigE1/0/34,114568,457773584,851495,3426429522,1.12,8.50
2024/05/24 星期五 00:50:30.093,1716483030093,NH-DC-NM129-D04-ROCE-Leaf-6.GPU.S9825,FourHundredGigE1/0/34,61933,215115466,129310,439139812,0.27,0.55
2024/05/24 星期五 00:50:30.603,1716483030603,NH-DC-NM129-D04-ROCE-Leaf-6.GPU.S9825,FourHundredGigE1/0/34,0,0,0,0,0,0
2024/05/24 星期五 00:50:31.150,1716483031150,NH-DC-NM129-D04-ROCE-Leaf-6.GPU.S9825,FourHundredGigE1/0/34,234924,920712244,338792,1332806233,2.10,3.04
2024/05/24 星期五 00:50:31.741,1716483031741,NH-DC-NM129-D04-ROCE-Leaf-6.GPU.S9825,FourHundredGigE1/0/34,0,0,0,0,0,0
2024/05/24 星期五 00:50:32.242,1716483032242,NH-DC-NM129-D04-ROCE-Leaf-6.GPU.S9825,FourHundredGigE1/0/34,307044,1234250092,132195,463577354,3.07,1.15
2024/05/24 星期五 00:50:32.743,1716483032743,NH-DC-NM129-D04-ROCE-Leaf-6.GPU.S9825,FourHundredGigE1/0/34,217608,786759072,278930,1047016688,1.95,2.59
2024/05/24 星期五 00:50:33.652,1716483033652,NH-DC-NM129-D04-ROCE-Leaf-6.GPU.S9825,FourHundredGigE1/0/34,0,0,0,0,0,0
2024/05/24 星期五 00:50:34.199,1716483034199,NH-DC-NM129-D04-ROCE-Leaf-6.GPU.S9825,FourHundredGigE1/0/34,303467,1205091894,172153,637047630,2.74,1.44
2024/05/24 星期五 00:50:34.731,1716483034731,NH-DC-NM129-D04-ROCE-Leaf-6.GPU.S9825,FourHundredGigE1/0/34,0,0,0,0,0,0
2024/05/24 星期五 00:50:35.239,1716483035239,NH-DC-NM129-D04-ROCE-Leaf-6.GPU.S9825,FourHundredGigE1/0/34,433059,1709323974,261747,996679374,4.18,2.44
2024/05/24 星期五 00:50:35.763,1716483035763,NH-DC-NM129-D04-ROCE-Leaf-6.GPU.S9825,FourHundredGigE1/0/34,0,0,0,0,0,0
2024/05/24 星期五 00:50:36.266,1716483036266,NH-DC-NM129-D04-ROCE-Leaf-6.GPU.S9825,FourHundredGigE1/0/34,248601,951949696,184081,674229902,2.36,1.67
2024/05/24 星期五 00:50:37.289,1716483037289,NH-DC-NM129-D04-ROCE-Leaf-6.GPU.S9825,FourHundredGigE1/0/34,322472,1298612758,331372,1269304104,1.58,1.54
2024/05/24 星期五 00:50:37.791,1716483037791,NH-DC-NM129-D04-ROCE-Leaf-6.GPU.S9825,FourHundredGigE1/0/34,0,0,0,0,0,0
2024/05/24 星期五 00:50:38.294,1716483038294,NH-DC-NM129-D04-ROCE-Leaf-6.GPU.S9825,FourHundredGigE1/0/34,134771,502546234,185370,692867508,1.24,1.71
2024/05/24 星期五 00:50:38.854,1716483038854,NH-DC-NM129-D04-ROCE-Leaf-6.GPU.S9825,FourHundredGigE1/0/34,287905,1092307374,510911,1976665470,2.43,4.40
2024/05/24 星期五 00:50:39.369,1716483039369,NH-DC-NM129-D04-ROCE-Leaf-6.GPU.S9825,FourHundredGigE1/0/34,0,0,0,0,0,0
2024/05/24 星期五 00:50:39.869,1716483039869,NH-DC-NM129-D04-ROCE-Leaf-6.GPU.S9825,FourHundredGigE1/0/34,102806,363764820,194147,734287690,0.9,1.82
2024/05/24 星期五 00:50:40.826,1716483040826,NH-DC-NM129-D04-ROCE-Leaf-6.GPU.S9825,FourHundredGigE1/0/34,225862,865374209,33195,107119010,1.12,0.13
2024/05/24 星期五 00:50:41.327,1716483041327,NH-DC-NM129-D04-ROCE-Leaf-6.GPU.S9825,FourHundredGigE1/0/34,0,0,0,0,0,0
2024/05/24 星期五 00:50:42.095,1716483042095,NH-DC-NM129-D04-ROCE-Leaf-6.GPU.S9825,FourHundredGigE1/0/34,198311,596772062,434224,1649564454,0.96,2.67
2024/05/24 星期五 00:50:42.721,1716483042721,NH-DC-NM129-D04-ROCE-Leaf-6.GPU.S9825,FourHundredGigE1/0/34,0,0,0,0,0,0
2024/05/24 星期五 00:50:43.221,1716483043221,NH-DC-NM129-D04-ROCE-Leaf-6.GPU.S9825,FourHundredGigE1/0/34,148069,542793308,64802,217207818,1.35,0.52
2024/05/24 星期五 00:50:44.012,1716483044012,NH-DC-NM129-D04-ROCE-Leaf-6.GPU.S9825,FourHundredGigE1/0/34,183769,710603398,209030,778428000,1.12,1.22
2024/05/24 星期五 00:50:44.869,1716483044869,NH-DC-NM129-D04-ROCE-Leaf-6.GPU.S9825,FourHundredGigE1/0/34,151163,563064502,130737,495857870,0.82,0.71
2024/05/24 星期五 00:50:45.383,1716483045383,NH-DC-NM129-D04-ROCE-Leaf-6.GPU.S9825,FourHundredGigE1/0/34,0,0,0,0,0,0
2024/05/24 星期五 00:50:45.972,1716483045972,NH-DC-NM129-D04-ROCE-Leaf-6.GPU.S9825,FourHundredGigE1/0/34,313760,1268859970,174907,704731286,2.67,1.49
2024/05/24 星期五 00:50:46.609,1716483046609,NH-DC-NM129-D04-ROCE-Leaf-6.GPU.S9825,FourHundredGigE1/0/34,0,0,0,0,0,0
2024/05/24 星期五 00:50:47.110,1716483047110,NH-DC-NM129-D04-ROCE-Leaf-6.GPU.S9825,FourHundredGigE1/0/34,268297,1073814168,142780,565840084,2.67,1.40
2024/05/24 星期五 00:50:48.183,1716483048183,NH-DC-NM129-D04-ROCE-Leaf-6.GPU.S9825,FourHundredGigE1/0/34,197329,774161818,413690,1667971192,0.90,1.93
2024/05/24 星期五 00:50:48.686,1716483048686,NH-DC-NM129-D04-ROCE-Leaf-6.GPU.S9825,FourHundredGigE1/0/34,0,0,0,0,0,0
2024/05/24 星期五 00:50:50.148,1716483050148,NH-DC-NM129-D04-ROCE-Leaf-6.GPU.S9825,FourHundredGigE1/0/34,433295,1693232818,428193,1703195698,1.44,1.45
2024/05/24 星期五 00:50:50.681,1716483050681,NH-DC-NM129-D04-ROCE-Leaf-6.GPU.S9825,FourHundredGigE1/0/34,0,0,0,0,0,0
2024/05/24 星期五 00:50:51.288,1716483051288,NH-DC-NM129-D04-ROCE-Leaf-6.GPU.S9825,FourHundredGigE1/0/34,617963,2498538958,253544,985468848,5.13,2.02
2024/05/24 星期五 00:50:51.964,1716483051964,NH-DC-NM129-D04-ROCE-Leaf-6.GPU.S9825,FourHundredGigE1/0/34,268589,1076116943,444201,1689026152,1.98,3.11
2024/05/24 星期五 00:50:52.571,1716483052571,NH-DC-NM129-D04-ROCE-Leaf-6.GPU.S9825,FourHundredGigE1/0/34,0,0,0,0,0,0
2024/05/24 星期五 00:50:53.192,1716483053192,NH-DC-NM129-D04-ROCE-Leaf-6.GPU.S9825,FourHundredGigE1/0/34,556189,2256148740,105977,357238096,4.53,0.70
2024/05/24 星期五 00:50:56.203,1716483056203,NH-DC-NM129-D04-ROCE-Leaf-6.GPU.S9825,FourHundredGigE1/0/34,390277,1084384786,426535,1529941346,0.45,0.63
2024/05/24 星期五 00:50:56.824,1716483056824,NH-DC-NM129-D04-ROCE-Leaf-6.GPU.S9825,FourHundredGigE1/0/34,292128,1067207526,239500,837445210,2.13,1.67
2024/05/24 星期五 00:50:57.325,1716483057325,NH-DC-NM129-D04-ROCE-Leaf-6.GPU.S9825,FourHundredGigE1/0/34,0,0,0,0,0,0
2024/05/24 星期五 00:50:57.842,1716483057842,NH-DC-NM129-D04-ROCE-Leaf-6.GPU.S9825,FourHundredGigE1/0/34,123036,450589464,300044,1174596594,1.09,2.83
2024/05/24 星期五 00:50:58.500,1716483058500,NH-DC-NM129-D04-ROCE-Leaf-6.GPU.S9825,FourHundredGigE1/0/34,0,0,0,0,0,0
2024/05/24 星期五 00:50:59.181,1716483059181,NH-DC-NM129-D04-ROCE-Leaf-6.GPU.S9825,FourHundredGigE1/0/34,261169,1008396218,213685,830431984,1.84,1.52
2024/05/24 星期五 00:50:59.774,1716483059774,NH-DC-NM129-D04-ROCE-Leaf-6.GPU.S9825,FourHundredGigE1/0/34,0,0,0,0,0,0
2024/05/24 星期五 00:51:00.312,1716483060312,NH-DC-NM129-D04-ROCE-Leaf-6.GPU.S9825,FourHundredGigE1/0/34,263607,1023193890,409543,1611650392,2.37,3.74
2024/05/24 星期五 00:51:00.813,1716483060813,NH-DC-NM129-D04-ROCE-Leaf-6.GPU.S9825,FourHundredGigE1/0/34,209487,818292846,211661,808784390,2.02,2.00
2024/05/24 星期五 00:51:01.327,1716483061327,NH-DC-NM129-D04-ROCE-Leaf-6.GPU.S9825,FourHundredGigE1/0/34,0,0,0,0,0,0
2024/05/24 星期五 00:51:01.909,1716483061909,NH-DC-NM129-D04-ROCE-Leaf-6.GPU.S9825,FourHundredGigE1/0/34,255047,1009124722,228460,818532988,2.15,1.74
2024/05/24 星期五 00:51:03.577,1716483063577,NH-DC-NM129-D04-ROCE-Leaf-6.GPU.S9825,FourHundredGigE1/0/34,649181,2496388360,437141,1548334547,1.87,1.15
2024/05/24 星期五 00:51:04.570,1716483064570,NH-DC-NM129-D04-ROCE-Leaf-6.GPU.S9825,FourHundredGigE1/0/34,0,0,0,0,0,0
2024/05/24 星期五 00:51:05.144,1716483065144,NH-DC-NM129-D04-ROCE-Leaf-6.GPU.S9825,FourHundredGigE1/0/34,179221,703113448,130163,505218218,1.52,1.09
2024/05/24 星期五 00:51:05.900,1716483065900,NH-DC-NM129-D04-ROCE-Leaf-6.GPU.S9825,FourHundredGigE1/0/34,202565,806892336,196496,699163360,1.32,1.14
2024/05/24 星期五 00:51:06.493,1716483066493,NH-DC-NM129-D04-ROCE-Leaf-6.GPU.S9825,FourHundredGigE1/0/34,0,0,0,0,0,0
2024/05/24 星期五 00:51:07.051,1716483067051,NH-DC-NM129-D04-ROCE-Leaf-6.GPU.S9825,FourHundredGigE1/0/34,88752,316590526,58485,167148310,0.69,0.36
2024/05/24 星期五 00:51:07.553,1716483067553,NH-DC-NM129-D04-ROCE-Leaf-6.GPU.S9825,FourHundredGigE1/0/34,0,0,0,0,0,0
2024/05/24 星期五 00:51:08.058,1716483068058,NH-DC-NM129-D04-ROCE-Leaf-6.GPU.S9825,FourHundredGigE1/0/34,246581,950120442,185928,730251636,2.35,1.81
2024/05/24 星期五 00:51:08.623,1716483068623,NH-DC-NM129-D04-ROCE-Leaf-6.GPU.S9825,FourHundredGigE1/0/34,0,0,0,0,0,0
2024/05/24 星期五 00:51:09.234,1716483069234,NH-DC-NM129-D04-ROCE-Leaf-6.GPU.S9825,FourHundredGigE1/0/34,123929,452385890,216390,837256540,0.92,1.70
2024/05/24 星期五 00:51:09.936,1716483069936,NH-DC-NM129-D04-ROCE-Leaf-6.GPU.S9825,FourHundredGigE1/0/34,111468,419912220,129296,488121312,0.73,0.85
2024/05/24 星期五 00:51:10.506,1716483070506,NH-DC-NM129-D04-ROCE-Leaf-6.GPU.S9825,FourHundredGigE1/0/34,0,0,0,0,0,0
2024/05/24 星期五 00:51:11.074,1716483071074,NH-DC-NM129-D04-ROCE-Leaf-6.GPU.S9825,FourHundredGigE1/0/34,314876,1248437365,157486,624947672,2.73,1.36
2024/05/24 星期五 00:51:11.670,1716483071670,NH-DC-NM129-D04-ROCE-Leaf-6.GPU.S9825,FourHundredGigE1/0/34,0,0,0,0,0,0
2024/05/24 星期五 00:51:12.194,1716483072194,NH-DC-NM129-D04-ROCE-Leaf-6.GPU.S9825,FourHundredGigE1/0/34,60318,172626032,162452,620715892,0.41,1.48
2024/05/24 星期五 00:51:13.263,1716483073263,NH-DC-NM129-D04-ROCE-Leaf-6.GPU.S9825,FourHundredGigE1/0/34,91811,321229379,105902,325035828,0.37,0.37
2024/05/24 星期五 00:51:13.858,1716483073858,NH-DC-NM129-D04-ROCE-Leaf-6.GPU.S9825,FourHundredGigE1/0/34,139980,527052010,80021,307409518,1.09,0.63
2024/05/24 星期五 00:51:14.371,1716483074371,NH-DC-NM129-D04-ROCE-Leaf-6.GPU.S9825,FourHundredGigE1/0/34,0,0,0,0,0,0
2024/05/24 星期五 00:51:14.890,1716483074890,NH-DC-NM129-D04-ROCE-Leaf-6.GPU.S9825,FourHundredGigE1/0/34,555990,2105276146,222368,904125388,5.06,2.17
2024/05/24 星期五 00:51:15.433,1716483075433,NH-DC-NM129-D04-ROCE-Leaf-6.GPU.S9825,FourHundredGigE1/0/34,0,0,0,0,0,0
2024/05/24 星期五 00:51:15.949,1716483075949,NH-DC-NM129-D04-ROCE-Leaf-6.GPU.S9825,FourHundredGigE1/0/34,216698,853465790,173148,688616648,2.06,1.65
2024/05/24 星期五 00:51:16.686,1716483076686,NH-DC-NM129-D04-ROCE-Leaf-6.GPU.S9825,FourHundredGigE1/0/34,0,0,0,0,0,0
2024/05/24 星期五 00:51:17.259,1716483077259,NH-DC-NM129-D04-ROCE-Leaf-6.GPU.S9825,FourHundredGigE1/0/34,255777,955547338,146654,504694068,2.07,1.09
2024/05/24 星期五 00:51:17.762,1716483077762,NH-DC-NM129-D04-ROCE-Leaf-6.GPU.S9825,FourHundredGigE1/0/34,0,0,0,0,0,0
2024/05/24 星期五 00:51:18.263,1716483078263,NH-DC-NM129-D04-ROCE-Leaf-6.GPU.S9825,FourHundredGigE1/0/34,270572,1010777422,446958,1798312360,2.52,4.47
2024/05/24 星期五 00:51:18.892,1716483078892,NH-DC-NM129-D04-ROCE-Leaf-6.GPU.S9825,FourHundredGigE1/0/34,188454,740235744,70830,240863796,1.47,0.48
2024/05/24 星期五 00:51:19.516,1716483079516,NH-DC-NM129-D04-ROCE-Leaf-6.GPU.S9825,FourHundredGigE1/0/34,0,0,0,0,0,0
2024/05/24 星期五 00:51:20.233,1716483080233,NH-DC-NM129-D04-ROCE-Leaf-6.GPU.S9825,FourHundredGigE1/0/34,139131,561599874,105902,390648228,0.98,0.68
2024/05/24 星期五 00:51:20.749,1716483080749,NH-DC-NM129-D04-ROCE-Leaf-6.GPU.S9825,FourHundredGigE1/0/34,0,0,0,0,0,0
2024/05/24 星期五 00:51:21.250,1716483081250,NH-DC-NM129-D04-ROCE-Leaf-6.GPU.S9825,FourHundredGigE1/0/34,88516,339110624,113384,373736628,0.82,0.92
2024/05/24 星期五 00:51:21.764,1716483081764,NH-DC-NM129-D04-ROCE-Leaf-6.GPU.S9825,FourHundredGigE1/0/34,0,0,0,0,0,0
2024/05/24 星期五 00:51:22.265,1716483082265,NH-DC-NM129-D04-ROCE-Leaf-6.GPU.S9825,FourHundredGigE1/0/34,310872,1254820816,155644,585409288,3.12,1.45
2024/05/24 星期五 00:51:22.873,1716483082873,NH-DC-NM129-D04-ROCE-Leaf-6.GPU.S9825,FourHundredGigE1/0/34,245758,965342460,274618,1061772004,1.97,2.18
2024/05/24 星期五 00:51:23.546,1716483083546,NH-DC-NM129-D04-ROCE-Leaf-6.GPU.S9825,FourHundredGigE1/0/34,0,0,0,0,0,0
2024/05/24 星期五 00:51:24.170,1716483084170,NH-DC-NM129-D04-ROCE-Leaf-6.GPU.S9825,FourHundredGigE1/0/34,150813,560762885,160554,607015148,1.12,1.20
2024/05/24 星期五 00:51:24.672,1716483084672,NH-DC-NM129-D04-ROCE-Leaf-6.GPU.S9825,FourHundredGigE1/0/34,0,0,0,0,0,0
2024/05/24 星期五 00:51:25.181,1716483085181,NH-DC-NM129-D04-ROCE-Leaf-6.GPU.S9825,FourHundredGigE1/0/34,127277,496912776,359761,1378190938,1.20,3.36
2024/05/24 星期五 00:51:25.769,1716483085769,NH-DC-NM129-D04-ROCE-Leaf-6.GPU.S9825,FourHundredGigE1/0/34,0,0,0,0,0,0
2024/05/24 星期五 00:51:26.270,1716483086270,NH-DC-NM129-D04-ROCE-Leaf-6.GPU.S9825,FourHundredGigE1/0/34,321896,1270029908,120337,456393482,3.17,1.12
2024/05/24 星期五 00:51:26.888,1716483086888,NH-DC-NM129-D04-ROCE-Leaf-6.GPU.S9825,FourHundredGigE1/0/34,207240,790180538,146961,550657646,1.60,1.11
2024/05/24 星期五 00:51:27.479,1716483087479,NH-DC-NM129-D04-ROCE-Leaf-6.GPU.S9825,FourHundredGigE1/0/34,0,0,0,0,0,0
2024/05/24 星期五 00:51:27.977,1716483087977,NH-DC-NM129-D04-ROCE-Leaf-6.GPU.S9825,FourHundredGigE1/0/34,466590,1864262114,248274,1003628780,4.67,2.51
2024/05/24 星期五 00:51:28.541,1716483088541,NH-DC-NM129-D04-ROCE-Leaf-6.GPU.S9825,FourHundredGigE1/0/34,0,0,0,0,0,0
2024/05/24 星期五 00:51:29.186,1716483089186,NH-DC-NM129-D04-ROCE-Leaf-6.GPU.S9825,FourHundredGigE1/0/34,748182,3026879784,217396,848678369,5.85,1.63
2024/05/24 星期五 00:51:29.908,1716483089908,NH-DC-NM129-D04-ROCE-Leaf-6.GPU.S9825,FourHundredGigE1/0/34,209093,818957955,160656,590561696,1.40,1.02
2024/05/24 星期五 00:51:30.492,1716483090492,NH-DC-NM129-D04-ROCE-Leaf-6.GPU.S9825,FourHundredGigE1/0/34,0,0,0,0,0,0
2024/05/24 星期五 00:51:31.005,1716483091005,NH-DC-NM129-D04-ROCE-Leaf-6.GPU.S9825,FourHundredGigE1/0/34,102308,378528660,89839,330344062,0.90,0.80
2024/05/24 星期五 00:51:31.540,1716483091540,NH-DC-NM129-D04-ROCE-Leaf-6.GPU.S9825,FourHundredGigE1/0/34,0,0,0,0,0,0
2024/05/24 星期五 00:51:32.041,1716483092041,NH-DC-NM129-D04-ROCE-Leaf-6.GPU.S9825,FourHundredGigE1/0/34,89787,331295195,119301,445177942,0.82,1.10
2024/05/24 星期五 00:51:32.708,1716483092708,NH-DC-NM129-D04-ROCE-Leaf-6.GPU.S9825,FourHundredGigE1/0/34,0,0,0,0,0,0
2024/05/24 星期五 00:51:33.264,1716483093264,NH-DC-NM129-D04-ROCE-Leaf-6.GPU.S9825,FourHundredGigE1/0/34,109210,422255898,234296,942758136,0.94,2.11
2024/05/24 星期五 00:51:33.801,1716483093801,NH-DC-NM129-D04-ROCE-Leaf-6.GPU.S9825,FourHundredGigE1/0/34,214229,861606037,111002,419976984,2.00,0.95
2024/05/24 星期五 00:51:34.322,1716483094322,NH-DC-NM129-D04-ROCE-Leaf-6.GPU.S9825,FourHundredGigE1/0/34,0,0,0,0,0,0
2024/05/24 星期五 00:51:34.976,1716483094976,NH-DC-NM129-D04-ROCE-Leaf-6.GPU.S9825,FourHundredGigE1/0/34,293828,1176300486,175170,710383652,2.24,1.36
2024/05/24 星期五 00:51:35.504,1716483095504,NH-DC-NM129-D04-ROCE-Leaf-6.GPU.S9825,FourHundredGigE1/0/34,0,0,0,0,0,0
2024/05/24 星期五 00:51:36.028,1716483096028,NH-DC-NM129-D04-ROCE-Leaf-6.GPU.S9825,FourHundredGigE1/0/34,407586,1646991830,205517,833839798,3.91,1.98
2024/05/24 星期五 00:51:36.617,1716483096617,NH-DC-NM129-D04-ROCE-Leaf-6.GPU.S9825,FourHundredGigE1/0/34,0,0,0,0,0,0
2024/05/24 星期五 00:51:37.185,1716483097185,NH-DC-NM129-D04-ROCE-Leaf-6.GPU.S9825,FourHundredGigE1/0/34,269402,1061942436,177713,661616550,2.33,1.45
2024/05/24 星期五 00:51:37.786,1716483097786,NH-DC-NM129-D04-ROCE-Leaf-6.GPU.S9825,FourHundredGigE1/0/34,0,0,0,0,0,0
2024/05/24 星期五 00:51:38.829,1716483098829,NH-DC-NM129-D04-ROCE-Leaf-6.GPU.S9825,FourHundredGigE1/0/34,448538,1686266825,297181,1142139374,2.01,1.37
2024/05/24 星期五 00:51:39.443,1716483099443,NH-DC-NM129-D04-ROCE-Leaf-6.GPU.S9825,FourHundredGigE1/0/34,0,0,0,0,0,0
2024/05/24 星期五 00:51:39.945,1716483099945,NH-DC-NM129-D04-ROCE-Leaf-6.GPU.S9825,FourHundredGigE1/0/34,1649078,6584718012,430459,1695075400,16.38,4.21
2024/05/24 星期五 00:51:40.445,1716483100445,NH-DC-NM129-D04-ROCE-Leaf-6.GPU.S9825,FourHundredGigE1/0/34,0,0,0,0,0,0
2024/05/24 星期五 00:51:41.119,1716483101119,NH-DC-NM129-D04-ROCE-Leaf-6.GPU.S9825,FourHundredGigE1/0/34,2138239,8746045228,196685,626774488,16.21,1.15
2024/05/24 星期五 00:51:41.875,1716483101875,NH-DC-NM129-D04-ROCE-Leaf-6.GPU.S9825,FourHundredGigE1/0/34,1270185,5177765180,86438,262954776,8.55,0.43
2024/05/24 星期五 00:51:42.736,1716483102736,NH-DC-NM129-D04-ROCE-Leaf-6.GPU.S9825,FourHundredGigE1/0/34,317951,1265936963,192612,575503224,1.83,0.83
2024/05/24 星期五 00:51:43.328,1716483103328,NH-DC-NM129-D04-ROCE-Leaf-6.GPU.S9825,FourHundredGigE1/0/34,0,0,0,0,0,0
2024/05/24 星期五 00:51:43.940,1716483103940,NH-DC-NM129-D04-ROCE-Leaf-6.GPU.S9825,FourHundredGigE1/0/34,245248,945662324,179198,535227404,1.92,1.08
2024/05/24 星期五 00:51:44.684,1716483104684,NH-DC-NM129-D04-ROCE-Leaf-6.GPU.S9825,FourHundredGigE1/0/34,0,0,0,0,0,0
2024/05/24 星期五 00:51:45.266,1716483105266,NH-DC-NM129-D04-ROCE-Leaf-6.GPU.S9825,FourHundredGigE1/0/34,314062,1169657760,629650,2398148316,2.49,5.13
2024/05/24 星期五 00:51:45.921,1716483105921,NH-DC-NM129-D04-ROCE-Leaf-6.GPU.S9825,FourHundredGigE1/0/34,204723,791380350,133850,424952916,1.51,0.80
2024/05/24 星期五 00:51:46.622,1716483106622,NH-DC-NM129-D04-ROCE-Leaf-6.GPU.S9825,FourHundredGigE1/0/34,154037,527322483,679636,2750475768,0.93,4.90
2024/05/24 星期五 00:51:47.288,1716483107288,NH-DC-NM129-D04-ROCE-Leaf-6.GPU.S9825,FourHundredGigE1/0/34,0,0,0,0,0,0
2024/05/24 星期五 00:51:47.870,1716483107870,NH-DC-NM129-D04-ROCE-Leaf-6.GPU.S9825,FourHundredGigE1/0/34,315960,1219832084,144452,452339884,2.60,0.97
2024/05/24 星期五 00:51:48.435,1716483108435,NH-DC-NM129-D04-ROCE-Leaf-6.GPU.S9825,FourHundredGigE1/0/34,0,0,0,0,0,0
2024/05/24 星期五 00:51:49.052,1716483109052,NH-DC-NM129-D04-ROCE-Leaf-6.GPU.S9825,FourHundredGigE1/0/34,419311,1614868306,306603,1203654203,3.26,2.43
2024/05/24 星期五 00:51:49.647,1716483109647,NH-DC-NM129-D04-ROCE-Leaf-6.GPU.S9825,FourHundredGigE1/0/34,0,0,0,0,0,0
2024/05/24 星期五 00:51:50.207,1716483110207,NH-DC-NM129-D04-ROCE-Leaf-6.GPU.S9825,FourHundredGigE1/0/34,413333,1664156974,387117,1565554324,3.71,3.48
2024/05/24 星期五 00:51:50.777,1716483110777,NH-DC-NM129-D04-ROCE-Leaf-6.GPU.S9825,FourHundredGigE1/0/34,224861,898532634,332214,1308490650,1.95,2.85
2024/05/24 星期五 00:51:51.585,1716483111585,NH-DC-NM129-D04-ROCE-Leaf-6.GPU.S9825,FourHundredGigE1/0/34,0,0,0,0,0,0
2024/05/24 星期五 00:51:52.157,1716483112157,NH-DC-NM129-D04-ROCE-Leaf-6.GPU.S9825,FourHundredGigE1/0/34,213516,795404668,198618,727275700,1.73,1.57
2024/05/24 星期五 00:51:52.789,1716483112789,NH-DC-NM129-D04-ROCE-Leaf-6.GPU.S9825,FourHundredGigE1/0/34,172710,659786576,219335,821451514,1.29,1.62
2024/05/24 星期五 00:51:53.402,1716483113402,NH-DC-NM129-D04-ROCE-Leaf-6.GPU.S9825,FourHundredGigE1/0/34,0,0,0,0,0,0
2024/05/24 星期五 00:51:54.080,1716483114080,NH-DC-NM129-D04-ROCE-Leaf-6.GPU.S9825,FourHundredGigE1/0/34,291207,1119767748,221373,810428098,2.05,1.49
2024/05/24 星期五 00:51:54.651,1716483114651,NH-DC-NM129-D04-ROCE-Leaf-6.GPU.S9825,FourHundredGigE1/0/34,126468,468525443,163808,620906712,1.01,1.36
2024/05/24 星期五 00:51:55.586,1716483115586,NH-DC-NM129-D04-ROCE-Leaf-6.GPU.S9825,FourHundredGigE1/0/34,198296,733076040,168391,643771410,0.98,0.86
2024/05/24 星期五 00:51:56.294,1716483116294,NH-DC-NM129-D04-ROCE-Leaf-6.GPU.S9825,FourHundredGigE1/0/34,0,0,0,0,0,0
2024/05/24 星期五 00:51:56.794,1716483116794,NH-DC-NM129-D04-ROCE-Leaf-6.GPU.S9825,FourHundredGigE1/0/34,146627,550374740,147808,500924640,1.38,1.25
2024/05/24 星期五 00:51:57.382,1716483117382,NH-DC-NM129-D04-ROCE-Leaf-6.GPU.S9825,FourHundredGigE1/0/34,0,0,0,0,0,0
2024/05/24 星期五 00:51:57.885,1716483117885,NH-DC-NM129-D04-ROCE-Leaf-6.GPU.S9825,FourHundredGigE1/0/34,211076,758213834,230025,894412226,1.86,2.21
2024/05/24 星期五 00:51:58.385,1716483118385,NH-DC-NM129-D04-ROCE-Leaf-6.GPU.S9825,FourHundredGigE1/0/34,0,0,0,0,0,0
2024/05/24 星期五 00:51:59.198,1716483119198,NH-DC-NM129-D04-ROCE-Leaf-6.GPU.S9825,FourHundredGigE1/0/34,114152,443514028,224832,881059764,0.68,1.35
2024/05/24 星期五 00:51:59.837,1716483119837,NH-DC-NM129-D04-ROCE-Leaf-6.GPU.S9825,FourHundredGigE1/0/34,0,0,0,0,0,0
2024/05/24 星期五 00:52:00.337,1716483120337,NH-DC-NM129-D04-ROCE-Leaf-6.GPU.S9825,FourHundredGigE1/0/34,52063,200537558,94368,341953236,0.5,0.85
2024/05/24 星期五 00:52:01.015,1716483121015,NH-DC-NM129-D04-ROCE-Leaf-6.GPU.S9825,FourHundredGigE1/0/34,208565,764263966,222407,799620910,1.40,1.46
2024/05/24 星期五 00:52:01.526,1716483121526,NH-DC-NM129-D04-ROCE-Leaf-6.GPU.S9825,FourHundredGigE1/0/34,0,0,0,0,0,0
2024/05/24 星期五 00:52:02.026,1716483122026,NH-DC-NM129-D04-ROCE-Leaf-6.GPU.S9825,FourHundredGigE1/0/34,545510,2062254118,309663,1180826606,5.15,2.95
2024/05/24 星期五 00:52:03.735,1716483123735,NH-DC-NM129-D04-ROCE-Leaf-6.GPU.S9825,FourHundredGigE1/0/34,118134,442409726,135861,535631602,0.32,0.39
2024/05/24 星期五 00:52:04.852,1716483124852,NH-DC-NM129-D04-ROCE-Leaf-6.GPU.S9825,FourHundredGigE1/0/34,0,0,0,0,0,0
2024/05/24 星期五 00:52:05.369,1716483125369,NH-DC-NM129-D04-ROCE-Leaf-6.GPU.S9825,FourHundredGigE1/0/34,462610,1842637046,72844,207621704,4.45,0.48
2024/05/24 星期五 00:52:06.039,1716483126039,NH-DC-NM129-D04-ROCE-Leaf-6.GPU.S9825,FourHundredGigE1/0/34,130632,475702070,153089,577145586,0.88,1.06
2024/05/24 星期五 00:52:06.563,1716483126563,NH-DC-NM129-D04-ROCE-Leaf-6.GPU.S9825,FourHundredGigE1/0/34,0,0,0,0,0,0
2024/05/24 星期五 00:52:07.061,1716483127061,NH-DC-NM129-D04-ROCE-Leaf-6.GPU.S9825,FourHundredGigE1/0/34,260207,931117298,157938,599748288,2.33,1.48
2024/05/24 星期五 00:52:07.805,1716483127805,NH-DC-NM129-D04-ROCE-Leaf-6.GPU.S9825,FourHundredGigE1/0/34,94788,346668116,1034123,4196958018,0.57,7.04
2024/05/24 星期五 00:52:08.319,1716483128319,NH-DC-NM129-D04-ROCE-Leaf-6.GPU.S9825,FourHundredGigE1/0/34,0,0,0,0,0,0
2024/05/24 星期五 00:52:08.873,1716483128873,NH-DC-NM129-D04-ROCE-Leaf-6.GPU.S9825,FourHundredGigE1/0/34,315508,1178268432,1044221,4236730894,2.64,9.54
2024/05/24 星期五 00:52:09.637,1716483129637,NH-DC-NM129-D04-ROCE-Leaf-6.GPU.S9825,FourHundredGigE1/0/34,0,0,0,0,0,0
2024/05/24 星期五 00:52:10.164,1716483130164,NH-DC-NM129-D04-ROCE-Leaf-6.GPU.S9825,FourHundredGigE1/0/34,644437,2561062484,1054055,4238931210,6.07,10.03
2024/05/24 星期五 00:52:10.773,1716483130773,NH-DC-NM129-D04-ROCE-Leaf-6.GPU.S9825,FourHundredGigE1/0/34,106067,410116972,941989,3797736462,0.84,7.78
2024/05/24 星期五 00:52:11.519,1716483131519,NH-DC-NM129-D04-ROCE-Leaf-6.GPU.S9825,FourHundredGigE1/0/34,0,0,0,0,0,0
2024/05/24 星期五 00:52:12.058,1716483132058,NH-DC-NM129-D04-ROCE-Leaf-6.GPU.S9825,FourHundredGigE1/0/34,492485,2011380306,2004803,8024623320,4.66,18.60
2024/05/24 星期五 00:52:12.562,1716483132562,NH-DC-NM129-D04-ROCE-Leaf-6.GPU.S9825,FourHundredGigE1/0/34,0,0,0,0,0,0
2024/05/24 星期五 00:52:13.246,1716483133246,NH-DC-NM129-D04-ROCE-Leaf-6.GPU.S9825,FourHundredGigE1/0/34,181742,695809673,2535706,10093217190,1.26,18.44
2024/05/24 星期五 00:52:13.787,1716483133787,NH-DC-NM129-D04-ROCE-Leaf-6.GPU.S9825,FourHundredGigE1/0/34,321762,1291886856,634724,2512386146,2.98,5.80
2024/05/24 星期五 00:52:15.004,1716483135004,NH-DC-NM129-D04-ROCE-Leaf-6.GPU.S9825,FourHundredGigE1/0/34,151208,579768244,194139,681485820,0.59,0.70
2024/05/24 星期五 00:52:15.539,1716483135539,NH-DC-NM129-D04-ROCE-Leaf-6.GPU.S9825,FourHundredGigE1/0/34,0,0,0,0,0,0
2024/05/24 星期五 00:52:16.054,1716483136054,NH-DC-NM129-D04-ROCE-Leaf-6.GPU.S9825,FourHundredGigE1/0/34,400868,1541344108,554394,2250088896,3.74,5.46
2024/05/24 星期五 00:52:16.808,1716483136808,NH-DC-NM129-D04-ROCE-Leaf-6.GPU.S9825,FourHundredGigE1/0/34,186318,709336167,277205,1087683818,1.16,1.79
2024/05/24 星期五 00:52:17.333,1716483137333,NH-DC-NM129-D04-ROCE-Leaf-6.GPU.S9825,FourHundredGigE1/0/34,0,0,0,0,0,0
2024/05/24 星期五 00:52:17.995,1716483137995,NH-DC-NM129-D04-ROCE-Leaf-6.GPU.S9825,FourHundredGigE1/0/34,232825,890278981,95473,344227698,1.68,0.64
2024/05/24 星期五 00:52:18.578,1716483138578,NH-DC-NM129-D04-ROCE-Leaf-6.GPU.S9825,FourHundredGigE1/0/34,0,0,0,0,0,0
2024/05/24 星期五 00:52:19.080,1716483139080,NH-DC-NM129-D04-ROCE-Leaf-6.GPU.S9825,FourHundredGigE1/0/34,276316,1085177192,285981,1131548298,2.69,2.81
2024/05/24 星期五 00:52:19.579,1716483139579,NH-DC-NM129-D04-ROCE-Leaf-6.GPU.S9825,FourHundredGigE1/0/34,0,0,0,0,0,0
2024/05/24 星期五 00:52:20.113,1716483140113,NH-DC-NM129-D04-ROCE-Leaf-6.GPU.S9825,FourHundredGigE1/0/34,110037,417734654,277695,1083333606,0.96,2.53
2024/05/24 星期五 00:52:20.660,1716483140660,NH-DC-NM129-D04-ROCE-Leaf-6.GPU.S9825,FourHundredGigE1/0/34,205036,785826636,135672,498216784,1.78,1.12
2024/05/24 星期五 00:52:21.339,1716483141339,NH-DC-NM129-D04-ROCE-Leaf-6.GPU.S9825,FourHundredGigE1/0/34,0,0,0,0,0,0
2024/05/24 星期五 00:52:21.917,1716483141917,NH-DC-NM129-D04-ROCE-Leaf-6.GPU.S9825,FourHundredGigE1/0/34,208933,802790170,340724,1282798305,1.73,2.77
2024/05/24 星期五 00:52:22.417,1716483142417,NH-DC-NM129-D04-ROCE-Leaf-6.GPU.S9825,FourHundredGigE1/0/34,0,0,0,0,0,0
2024/05/24 星期五 00:52:22.917,1716483142917,NH-DC-NM129-D04-ROCE-Leaf-6.GPU.S9825,FourHundredGigE1/0/34,213766,814959016,617625,2457768322,2.02,6.12
2024/05/24 星期五 00:52:23.629,1716483143629,NH-DC-NM129-D04-ROCE-Leaf-6.GPU.S9825,FourHundredGigE1/0/34,0,0,0,0,0,0
2024/05/24 星期五 00:52:24.129,1716483144129,NH-DC-NM129-D04-ROCE-Leaf-6.GPU.S9825,FourHundredGigE1/0/34,103898,404925828,101094,366724692,1,0.9
2024/05/24 星期五 00:52:24.867,1716483144867,NH-DC-NM129-D04-ROCE-Leaf-6.GPU.S9825,FourHundredGigE1/0/34,155568,590178952,115439,446573342,1.00,0.75
2024/05/24 星期五 00:52:25.441,1716483145441,NH-DC-NM129-D04-ROCE-Leaf-6.GPU.S9825,FourHundredGigE1/0/34,0,0,0,0,0,0
2024/05/24 星期五 00:52:25.942,1716483145942,NH-DC-NM129-D04-ROCE-Leaf-6.GPU.S9825,FourHundredGigE1/0/34,252927,1007202034,96160,354906600,2.50,0.87
2024/05/24 星期五 00:52:26.447,1716483146447,NH-DC-NM129-D04-ROCE-Leaf-6.GPU.S9825,FourHundredGigE1/0/34,0,0,0,0,0,0
2024/05/24 星期五 00:52:27.192,1716483147192,NH-DC-NM129-D04-ROCE-Leaf-6.GPU.S9825,FourHundredGigE1/0/34,146929,542049223,178634,681649652,0.91,1.14
2024/05/24 星期五 00:52:27.717,1716483147717,NH-DC-NM129-D04-ROCE-Leaf-6.GPU.S9825,FourHundredGigE1/0/34,210470,823334530,167349,647392092,1.95,1.52
2024/05/24 星期五 00:52:28.368,1716483148368,NH-DC-NM129-D04-ROCE-Leaf-6.GPU.S9825,FourHundredGigE1/0/34,0,0,0,0,0,0
2024/05/24 星期五 00:52:28.984,1716483148984,NH-DC-NM129-D04-ROCE-Leaf-6.GPU.S9825,FourHundredGigE1/0/34,191217,720272336,119864,456639051,1.46,0.91
2024/05/24 星期五 00:52:29.492,1716483149492,NH-DC-NM129-D04-ROCE-Leaf-6.GPU.S9825,FourHundredGigE1/0/34,0,0,0,0,0,0
2024/05/24 星期五 00:52:30.012,1716483150012,NH-DC-NM129-D04-ROCE-Leaf-6.GPU.S9825,FourHundredGigE1/0/34,483613,1964205714,297547,1152267770,4.71,2.76
2024/05/24 星期五 00:52:30.752,1716483150752,NH-DC-NM129-D04-ROCE-Leaf-6.GPU.S9825,FourHundredGigE1/0/34,154573,607362190,90922,334037164,1.01,0.56
2024/05/24 星期五 00:52:31.382,1716483151382,NH-DC-NM129-D04-ROCE-Leaf-6.GPU.S9825,FourHundredGigE1/0/34,0,0,0,0,0,0
2024/05/24 星期五 00:52:32.010,1716483152010,NH-DC-NM129-D04-ROCE-Leaf-6.GPU.S9825,FourHundredGigE1/0/34,193925,744571734,78239,233227094,1.47,0.46
2024/05/24 星期五 00:52:32.535,1716483152535,NH-DC-NM129-D04-ROCE-Leaf-6.GPU.S9825,FourHundredGigE1/0/34,0,0,0,0,0,0
2024/05/24 星期五 00:52:33.036,1716483153036,NH-DC-NM129-D04-ROCE-Leaf-6.GPU.S9825,FourHundredGigE1/0/34,415379,1648381514,154116,547562980,4.09,1.35
2024/05/24 星期五 00:52:33.648,1716483153648,NH-DC-NM129-D04-ROCE-Leaf-6.GPU.S9825,FourHundredGigE1/0/34,0,0,0,0,0,0
2024/05/24 星期五 00:52:34.342,1716483154342,NH-DC-NM129-D04-ROCE-Leaf-6.GPU.S9825,FourHundredGigE1/0/34,237942,918604208,612424,2361029812,1.64,4.25
2024/05/24 星期五 00:52:35.025,1716483155025,NH-DC-NM129-D04-ROCE-Leaf-6.GPU.S9825,FourHundredGigE1/0/34,129545,444018618,492673,1989547510,0.81,3.62
2024/05/24 星期五 00:52:38.088,1716483158088,NH-DC-NM129-D04-ROCE-Leaf-6.GPU.S9825,FourHundredGigE1/0/34,728061,2759688678,459579,1633988586,1.12,0.67
2024/05/24 星期五 00:52:38.727,1716483158727,NH-DC-NM129-D04-ROCE-Leaf-6.GPU.S9825,FourHundredGigE1/0/34,0,0,0,0,0,0
2024/05/24 星期五 00:52:39.249,1716483159249,NH-DC-NM129-D04-ROCE-Leaf-6.GPU.S9825,FourHundredGigE1/0/34,160652,510865788,363614,1436906420,1.22,3.42
2024/05/24 星期五 00:52:40.052,1716483160052,NH-DC-NM129-D04-ROCE-Leaf-6.GPU.S9825,FourHundredGigE1/0/34,280256,1060635732,129967,480504578,1.65,0.75
2024/05/24 星期五 00:52:40.683,1716483160683,NH-DC-NM129-D04-ROCE-Leaf-6.GPU.S9825,FourHundredGigE1/0/34,296166,1140761300,688937,2839158906,2.26,5.61
2024/05/24 星期五 00:52:41.430,1716483161430,NH-DC-NM129-D04-ROCE-Leaf-6.GPU.S9825,FourHundredGigE1/0/34,0,0,0,0,0,0
2024/05/24 星期五 00:52:42.296,1716483162296,NH-DC-NM129-D04-ROCE-Leaf-6.GPU.S9825,FourHundredGigE1/0/34,246705,921117140,294027,1143525534,1.33,1.65
2024/05/24 星期五 00:52:42.843,1716483162843,NH-DC-NM129-D04-ROCE-Leaf-6.GPU.S9825,FourHundredGigE1/0/34,215853,823154202,268456,1023077060,1.87,2.33
2024/05/24 星期五 00:52:43.346,1716483163346,NH-DC-NM129-D04-ROCE-Leaf-6.GPU.S9825,FourHundredGigE1/0/34,0,0,0,0,0,0
2024/05/24 星期五 00:52:43.955,1716483163955,NH-DC-NM129-D04-ROCE-Leaf-6.GPU.S9825,FourHundredGigE1/0/34,183311,685101324,357985,1422083668,1.40,2.91
2024/05/24 星期五 00:52:44.751,1716483164751,NH-DC-NM129-D04-ROCE-Leaf-6.GPU.S9825,FourHundredGigE1/0/34,277730,1102714814,270300,1074660722,1.73,1.68
2024/05/24 星期五 00:52:45.413,1716483165413,NH-DC-NM129-D04-ROCE-Leaf-6.GPU.S9825,FourHundredGigE1/0/34,0,0,0,0,0,0
2024/05/24 星期五 00:52:45.983,1716483165983,NH-DC-NM129-D04-ROCE-Leaf-6.GPU.S9825,FourHundredGigE1/0/34,242236,881032834,192644,732091072,1.93,1.60
2024/05/24 星期五 00:52:46.532,1716483166532,NH-DC-NM129-D04-ROCE-Leaf-6.GPU.S9825,FourHundredGigE1/0/34,0,0,0,0,0,0
2024/05/24 星期五 00:52:47.247,1716483167247,NH-DC-NM129-D04-ROCE-Leaf-6.GPU.S9825,FourHundredGigE1/0/34,154821,540598284,155538,591487388,0.94,1.03
2024/05/24 星期五 00:52:47.884,1716483167884,NH-DC-NM129-D04-ROCE-Leaf-6.GPU.S9825,FourHundredGigE1/0/34,145515,581054768,354893,1419301694,1.14,2.77
2024/05/24 星期五 00:52:48.559,1716483168559,NH-DC-NM129-D04-ROCE-Leaf-6.GPU.S9825,FourHundredGigE1/0/34,0,0,0,0,0,0
2024/05/24 星期五 00:52:49.166,1716483169166,NH-DC-NM129-D04-ROCE-Leaf-6.GPU.S9825,FourHundredGigE1/0/34,122516,466983950,107429,394763250,0.95,0.80
2024/05/24 星期五 00:52:49.667,1716483169667,NH-DC-NM129-D04-ROCE-Leaf-6.GPU.S9825,FourHundredGigE1/0/34,0,0,0,0,0,0
2024/05/24 星期五 00:52:50.165,1716483170165,NH-DC-NM129-D04-ROCE-Leaf-6.GPU.S9825,FourHundredGigE1/0/34,125776,473794352,62123,223818450,1.18,0.55
2024/05/24 星期五 00:52:50.750,1716483170750,NH-DC-NM129-D04-ROCE-Leaf-6.GPU.S9825,FourHundredGigE1/0/34,288545,1083019678,84377,321204286,2.31,0.68
2024/05/24 星期五 00:52:51.448,1716483171448,NH-DC-NM129-D04-ROCE-Leaf-6.GPU.S9825,FourHundredGigE1/0/34,0,0,0,0,0,0
2024/05/24 星期五 00:52:52.168,1716483172168,NH-DC-NM129-D04-ROCE-Leaf-6.GPU.S9825,FourHundredGigE1/0/34,327522,1324700932,169092,662463324,2.29,1.15
2024/05/24 星期五 00:52:52.718,1716483172718,NH-DC-NM129-D04-ROCE-Leaf-6.GPU.S9825,FourHundredGigE1/0/34,0,0,0,0,0,0
2024/05/24 星期五 00:52:53.218,1716483173218,NH-DC-NM129-D04-ROCE-Leaf-6.GPU.S9825,FourHundredGigE1/0/34,119946,469935176,90329,335266234,1.15,0.82
2024/05/24 星期五 00:52:53.847,1716483173847,NH-DC-NM129-D04-ROCE-Leaf-6.GPU.S9825,FourHundredGigE1/0/34,113853,419590790,74755,250311318,0.81,0.50
2024/05/24 星期五 00:52:55.089,1716483175089,NH-DC-NM129-D04-ROCE-Leaf-6.GPU.S9825,FourHundredGigE1/0/34,235169,936210428,64351,224747446,0.94,0.22
2024/05/24 星期五 00:52:55.905,1716483175905,NH-DC-NM129-D04-ROCE-Leaf-6.GPU.S9825,FourHundredGigE1/0/34,78208,277575202,239540,939955968,0.41,1.42
2024/05/24 星期五 00:52:56.406,1716483176406,NH-DC-NM129-D04-ROCE-Leaf-6.GPU.S9825,FourHundredGigE1/0/34,0,0,0,0,0,0
2024/05/24 星期五 00:52:56.906,1716483176906,NH-DC-NM129-D04-ROCE-Leaf-6.GPU.S9825,FourHundredGigE1/0/34,157801,606957522,53386,173707452,1.5,0.42
2024/05/24 星期五 00:52:57.454,1716483177454,NH-DC-NM129-D04-ROCE-Leaf-6.GPU.S9825,FourHundredGigE1/0/34,0,0,0,0,0,0
2024/05/24 星期五 00:52:58.596,1716483178596,NH-DC-NM129-D04-ROCE-Leaf-6.GPU.S9825,FourHundredGigE1/0/34,233295,943209546,154377,492697190,1.03,0.54
2024/05/24 星期五 00:52:59.265,1716483179265,NH-DC-NM129-D04-ROCE-Leaf-6.GPU.S9825,FourHundredGigE1/0/34,1608723,6554895842,542451,1976449958,12.24,3.68
2024/05/24 星期五 00:52:59.849,1716483179849,NH-DC-NM129-D04-ROCE-Leaf-6.GPU.S9825,FourHundredGigE1/0/34,0,0,0,0,0,0
2024/05/24 星期五 00:53:00.349,1716483180349,NH-DC-NM129-D04-ROCE-Leaf-6.GPU.S9825,FourHundredGigE1/0/34,1072727,4330518102,240001,953754514,10.82,2.38
2024/05/24 星期五 00:53:00.972,1716483180972,NH-DC-NM129-D04-ROCE-Leaf-6.GPU.S9825,FourHundredGigE1/0/34,1009978,4128467226,567453,2274983362,8.27,4.55
2024/05/24 星期五 00:53:01.699,1716483181699,NH-DC-NM129-D04-ROCE-Leaf-6.GPU.S9825,FourHundredGigE1/0/34,0,0,0,0,0,0
2024/05/24 星期五 00:53:02.455,1716483182455,NH-DC-NM129-D04-ROCE-Leaf-6.GPU.S9825,FourHundredGigE1/0/34,1331280,5324971919,823267,3301511518,8.80,5.46
2024/05/24 星期五 00:53:05.076,1716483185076,NH-DC-NM129-D04-ROCE-Leaf-6.GPU.S9825,FourHundredGigE1/0/34,299777,1155495284,516131,2023247148,0.55,0.96
2024/05/24 星期五 00:53:05.705,1716483185705,NH-DC-NM129-D04-ROCE-Leaf-6.GPU.S9825,FourHundredGigE1/0/34,0,0,0,0,0,0
2024/05/24 星期五 00:53:06.235,1716483186235,NH-DC-NM129-D04-ROCE-Leaf-6.GPU.S9825,FourHundredGigE1/0/34,104265,367440600,318322,1260528490,0.85,2.97
2024/05/24 星期五 00:53:06.748,1716483186748,NH-DC-NM129-D04-ROCE-Leaf-6.GPU.S9825,FourHundredGigE1/0/34,0,0,0,0,0,0
2024/05/24 星期五 00:53:07.249,1716483187249,NH-DC-NM129-D04-ROCE-Leaf-6.GPU.S9825,FourHundredGigE1/0/34,174878,646781664,245300,966822332,1.60,2.40
2024/05/24 星期五 00:53:07.763,1716483187763,NH-DC-NM129-D04-ROCE-Leaf-6.GPU.S9825,FourHundredGigE1/0/34,0,0,0,0,0,0
2024/05/24 星期五 00:53:08.312,1716483188312,NH-DC-NM129-D04-ROCE-Leaf-6.GPU.S9825,FourHundredGigE1/0/34,158582,561560088,416509,1623695762,1.28,3.69
2024/05/24 星期五 00:53:09.024,1716483189024,NH-DC-NM129-D04-ROCE-Leaf-6.GPU.S9825,FourHundredGigE1/0/34,258606,995279040,227753,846682640,1.74,1.47
2024/05/24 星期五 00:53:09.684,1716483189684,NH-DC-NM129-D04-ROCE-Leaf-6.GPU.S9825,FourHundredGigE1/0/34,0,0,0,0,0,0
2024/05/24 星期五 00:53:10.184,1716483190184,NH-DC-NM129-D04-ROCE-Leaf-6.GPU.S9825,FourHundredGigE1/0/34,385501,1547323286,444575,1735800480,3.85,4.32
2024/05/24 星期五 00:53:10.688,1716483190688,NH-DC-NM129-D04-ROCE-Leaf-6.GPU.S9825,FourHundredGigE1/0/34,202910,827603790,213618,833068008,2.03,2.06
2024/05/24 星期五 00:53:11.329,1716483191329,NH-DC-NM129-D04-ROCE-Leaf-6.GPU.S9825,FourHundredGigE1/0/34,0,0,0,0,0,0
2024/05/24 星期五 00:53:12.039,1716483192039,NH-DC-NM129-D04-ROCE-Leaf-6.GPU.S9825,FourHundredGigE1/0/34,131273,487414896,165355,633486186,0.85,1.11
2024/05/24 星期五 00:53:12.685,1716483192685,NH-DC-NM129-D04-ROCE-Leaf-6.GPU.S9825,FourHundredGigE1/0/34,0,0,0,0,0,0
2024/05/24 星期五 00:53:13.268,1716483193268,NH-DC-NM129-D04-ROCE-Leaf-6.GPU.S9825,FourHundredGigE1/0/34,113565,376107691,344485,1326965742,0.79,2.83
2024/05/24 星期五 00:53:13.769,1716483193769,NH-DC-NM129-D04-ROCE-Leaf-6.GPU.S9825,FourHundredGigE1/0/34,0,0,0,0,0,0
2024/05/24 星期五 00:53:14.269,1716483194269,NH-DC-NM129-D04-ROCE-Leaf-6.GPU.S9825,FourHundredGigE1/0/34,145734,552885792,182886,698015736,1.38,1.72
2024/05/24 星期五 00:53:14.842,1716483194842,NH-DC-NM129-D04-ROCE-Leaf-6.GPU.S9825,FourHundredGigE1/0/34,88205,329722682,191780,746523980,0.70,1.61
2024/05/24 星期五 00:53:15.517,1716483195517,NH-DC-NM129-D04-ROCE-Leaf-6.GPU.S9825,FourHundredGigE1/0/34,0,0,0,0,0,0
2024/05/24 星期五 00:53:16.133,1716483196133,NH-DC-NM129-D04-ROCE-Leaf-6.GPU.S9825,FourHundredGigE1/0/34,114651,429074790,137087,507087634,0.85,1.01
2024/05/24 星期五 00:53:16.722,1716483196722,NH-DC-NM129-D04-ROCE-Leaf-6.GPU.S9825,FourHundredGigE1/0/34,0,0,0,0,0,0
2024/05/24 星期五 00:53:17.222,1716483197222,NH-DC-NM129-D04-ROCE-Leaf-6.GPU.S9825,FourHundredGigE1/0/34,386292,1533295916,292064,1180793608,3.82,2.95
2024/05/24 星期五 00:53:17.721,1716483197721,NH-DC-NM129-D04-ROCE-Leaf-6.GPU.S9825,FourHundredGigE1/0/34,0,0,0,0,0,0
2024/05/24 星期五 00:53:18.222,1716483198222,NH-DC-NM129-D04-ROCE-Leaf-6.GPU.S9825,FourHundredGigE1/0/34,142503,542501914,147311,563581678,1.35,1.40
2024/05/24 星期五 00:53:18.894,1716483198894,NH-DC-NM129-D04-ROCE-Leaf-6.GPU.S9825,FourHundredGigE1/0/34,91818,246274324,93168,298632024,0.45,0.54
2024/05/24 星期五 00:53:23.622,1716483203622,NH-DC-NM129-D04-ROCE-Leaf-6.GPU.S9825,FourHundredGigE1/0/34,417351,1125284694,557138,1713498572,0.30,0.45
2024/05/24 星期五 00:53:24.123,1716483204123,NH-DC-NM129-D04-ROCE-Leaf-6.GPU.S9825,FourHundredGigE1/0/34,695669,2819227542,368555,1278070202,7.01,3.17
2024/05/24 星期五 00:53:24.691,1716483204691,NH-DC-NM129-D04-ROCE-Leaf-6.GPU.S9825,FourHundredGigE1/0/34,0,0,0,0,0,0
2024/05/24 星期五 00:53:25.193,1716483205193,NH-DC-NM129-D04-ROCE-Leaf-6.GPU.S9825,FourHundredGigE1/0/34,232498,866483388,816947,3299270190,2.14,8.19
2024/05/24 星期五 00:53:26.039,1716483206039,NH-DC-NM129-D04-ROCE-Leaf-6.GPU.S9825,FourHundredGigE1/0/34,154520,557807262,296681,1146959666,0.81,1.68
2024/05/24 星期五 00:53:26.612,1716483206612,NH-DC-NM129-D04-ROCE-Leaf-6.GPU.S9825,FourHundredGigE1/0/34,0,0,0,0,0,0
2024/05/24 星期五 00:53:27.114,1716483207114,NH-DC-NM129-D04-ROCE-Leaf-6.GPU.S9825,FourHundredGigE1/0/34,236251,929692072,152573,563576278,2.29,1.39
2024/05/24 星期五 00:53:27.616,1716483207616,NH-DC-NM129-D04-ROCE-Leaf-6.GPU.S9825,FourHundredGigE1/0/34,0,0,0,0,0,0
2024/05/24 星期五 00:53:28.120,1716483208120,NH-DC-NM129-D04-ROCE-Leaf-6.GPU.S9825,FourHundredGigE1/0/34,377180,1505159880,107052,322397108,3.72,0.79
2024/05/24 星期五 00:53:28.633,1716483208633,NH-DC-NM129-D04-ROCE-Leaf-6.GPU.S9825,FourHundredGigE1/0/34,182158,695408026,219357,807076838,1.68,1.95
2024/05/24 星期五 00:53:29.401,1716483209401,NH-DC-NM129-D04-ROCE-Leaf-6.GPU.S9825,FourHundredGigE1/0/34,0,0,0,0,0,0
2024/05/24 星期五 00:53:29.968,1716483209968,NH-DC-NM129-D04-ROCE-Leaf-6.GPU.S9825,FourHundredGigE1/0/34,265994,1067883294,201720,726556296,2.34,1.59
2024/05/24 星期五 00:53:30.469,1716483210469,NH-DC-NM129-D04-ROCE-Leaf-6.GPU.S9825,FourHundredGigE1/0/34,0,0,0,0,0,0
2024/05/24 星期五 00:53:30.969,1716483210969,NH-DC-NM129-D04-ROCE-Leaf-6.GPU.S9825,FourHundredGigE1/0/34,146716,563348520,500885,1999759006,1.4,4.98
2024/05/24 星期五 00:53:31.505,1716483211505,NH-DC-NM129-D04-ROCE-Leaf-6.GPU.S9825,FourHundredGigE1/0/34,0,0,0,0,0,0
2024/05/24 星期五 00:53:32.018,1716483212018,NH-DC-NM129-D04-ROCE-Leaf-6.GPU.S9825,FourHundredGigE1/0/34,318238,1225825004,235380,945397100,2.97,2.29
2024/05/24 星期五 00:53:32.882,1716483212882,NH-DC-NM129-D04-ROCE-Leaf-6.GPU.S9825,FourHundredGigE1/0/34,286550,1152829996,180564,685546392,1.66,0.98
2024/05/24 星期五 00:53:33.425,1716483213425,NH-DC-NM129-D04-ROCE-Leaf-6.GPU.S9825,FourHundredGigE1/0/34,0,0,0,0,0,0
2024/05/24 星期五 00:53:33.928,1716483213928,NH-DC-NM129-D04-ROCE-Leaf-6.GPU.S9825,FourHundredGigE1/0/34,203138,773212948,289087,1130893026,1.91,2.81
2024/05/24 星期五 00:53:34.498,1716483214498,NH-DC-NM129-D04-ROCE-Leaf-6.GPU.S9825,FourHundredGigE1/0/34,0,0,0,0,0,0
2024/05/24 星期五 00:53:35.046,1716483215046,NH-DC-NM129-D04-ROCE-Leaf-6.GPU.S9825,FourHundredGigE1/0/34,657410,2693633300,544935,2160449710,6.14,4.93
2024/05/24 星期五 00:53:35.549,1716483215549,NH-DC-NM129-D04-ROCE-Leaf-6.GPU.S9825,FourHundredGigE1/0/34,0,0,0,0,0,0
2024/05/24 星期五 00:53:36.177,1716483216177,NH-DC-NM129-D04-ROCE-Leaf-6.GPU.S9825,FourHundredGigE1/0/34,218281,865954182,264443,1026631638,1.71,2.03
2024/05/24 星期五 00:53:36.836,1716483216836,NH-DC-NM129-D04-ROCE-Leaf-6.GPU.S9825,FourHundredGigE1/0/34,127021,485692990,313032,1179349096,0.91,2.22
2024/05/24 星期五 00:53:37.338,1716483217338,NH-DC-NM129-D04-ROCE-Leaf-6.GPU.S9825,FourHundredGigE1/0/34,0,0,0,0,0,0
2024/05/24 星期五 00:53:37.837,1716483217837,NH-DC-NM129-D04-ROCE-Leaf-6.GPU.S9825,FourHundredGigE1/0/34,376864,1502543624,326956,1271137352,3.76,3.18
2024/05/24 星期五 00:53:38.338,1716483218338,NH-DC-NM129-D04-ROCE-Leaf-6.GPU.S9825,FourHundredGigE1/0/34,0,0,0,0,0,0
2024/05/24 星期五 00:53:38.839,1716483218839,NH-DC-NM129-D04-ROCE-Leaf-6.GPU.S9825,FourHundredGigE1/0/34,209006,773034432,216237,855347762,1.92,2.12
2024/05/24 星期五 00:53:39.586,1716483219586,NH-DC-NM129-D04-ROCE-Leaf-6.GPU.S9825,FourHundredGigE1/0/34,0,0,0,0,0,0
2024/05/24 星期五 00:53:40.235,1716483220235,NH-DC-NM129-D04-ROCE-Leaf-6.GPU.S9825,FourHundredGigE1/0/34,91337,307342097,99075,321851690,0.58,0.62
2024/05/24 星期五 00:53:40.738,1716483220738,NH-DC-NM129-D04-ROCE-Leaf-6.GPU.S9825,FourHundredGigE1/0/34,0,0,0,0,0,0
2024/05/24 星期五 00:53:41.237,1716483221237,NH-DC-NM129-D04-ROCE-Leaf-6.GPU.S9825,FourHundredGigE1/0/34,103926,333265962,152943,575540006,0.83,1.43
2024/05/24 星期五 00:53:42.033,1716483222033,NH-DC-NM129-D04-ROCE-Leaf-6.GPU.S9825,FourHundredGigE1/0/34,460823,1811084638,65930,220455524,2.84,0.35
2024/05/24 星期五 00:53:42.794,1716483222794,NH-DC-NM129-D04-ROCE-Leaf-6.GPU.S9825,FourHundredGigE1/0/34,53675,173540628,136373,512970058,0.28,0.84
2024/05/24 星期五 00:53:43.543,1716483223543,NH-DC-NM129-D04-ROCE-Leaf-6.GPU.S9825,FourHundredGigE1/0/34,0,0,0,0,0,0
2024/05/24 星期五 00:53:44.106,1716483224106,NH-DC-NM129-D04-ROCE-Leaf-6.GPU.S9825,FourHundredGigE1/0/34,51558,195761952,414592,1591699564,0.42,3.53
2024/05/24 星期五 00:53:44.911,1716483224911,NH-DC-NM129-D04-ROCE-Leaf-6.GPU.S9825,FourHundredGigE1/0/34,436736,1650724739,270569,1041511888,2.56,1.61
2024/05/24 星期五 00:53:45.433,1716483225433,NH-DC-NM129-D04-ROCE-Leaf-6.GPU.S9825,FourHundredGigE1/0/34,0,0,0,0,0,0
2024/05/24 星期五 00:53:45.933,1716483225933,NH-DC-NM129-D04-ROCE-Leaf-6.GPU.S9825,FourHundredGigE1/0/34,188097,732368026,329760,1232250758,1.82,3.08
2024/05/24 星期五 00:53:47.000,1716483227000,NH-DC-NM129-D04-ROCE-Leaf-6.GPU.S9825,FourHundredGigE1/0/34,177182,695173510,118575,459253710,0.81,0.53
2024/05/24 星期五 00:53:47.531,1716483227531,NH-DC-NM129-D04-ROCE-Leaf-6.GPU.S9825,FourHundredGigE1/0/34,0,0,0,0,0,0
2024/05/24 星期五 00:53:48.033,1716483228033,NH-DC-NM129-D04-ROCE-Leaf-6.GPU.S9825,FourHundredGigE1/0/34,243104,965047788,155455,587702010,2.39,1.44
2024/05/24 星期五 00:53:48.614,1716483228614,NH-DC-NM129-D04-ROCE-Leaf-6.GPU.S9825,FourHundredGigE1/0/34,0,0,0,0,0,0
2024/05/24 星期五 00:53:49.116,1716483229116,NH-DC-NM129-D04-ROCE-Leaf-6.GPU.S9825,FourHundredGigE1/0/34,264953,1055157930,216654,818269092,2.61,2.02
2024/05/24 星期五 00:53:49.898,1716483229898,NH-DC-NM129-D04-ROCE-Leaf-6.GPU.S9825,FourHundredGigE1/0/34,141555,443194275,141707,525707150,0.70,0.83
2024/05/24 星期五 00:53:50.563,1716483230563,NH-DC-NM129-D04-ROCE-Leaf-6.GPU.S9825,FourHundredGigE1/0/34,0,0,0,0,0,0
2024/05/24 星期五 00:53:51.109,1716483231109,NH-DC-NM129-D04-ROCE-Leaf-6.GPU.S9825,FourHundredGigE1/0/34,167009,642164910,794726,3229335700,1.47,7.37
2024/05/24 星期五 00:53:51.716,1716483231716,NH-DC-NM129-D04-ROCE-Leaf-6.GPU.S9825,FourHundredGigE1/0/34,0,0,0,0,0,0
2024/05/24 星期五 00:53:52.231,1716483232231,NH-DC-NM129-D04-ROCE-Leaf-6.GPU.S9825,FourHundredGigE1/0/34,138330,483229729,617996,2501832636,1.17,6.07
2024/05/24 星期五 00:53:52.774,1716483232774,NH-DC-NM129-D04-ROCE-Leaf-6.GPU.S9825,FourHundredGigE1/0/34,257972,910269302,402930,1524837940,2.09,3.50
2024/05/24 星期五 00:53:53.667,1716483233667,NH-DC-NM129-D04-ROCE-Leaf-6.GPU.S9825,FourHundredGigE1/0/34,210279,813746027,171987,633230402,1.13,0.88
2024/05/24 星期五 00:53:54.363,1716483234363,NH-DC-NM129-D04-ROCE-Leaf-6.GPU.S9825,FourHundredGigE1/0/34,0,0,0,0,0,0
2024/05/24 星期五 00:53:54.911,1716483234911,NH-DC-NM129-D04-ROCE-Leaf-6.GPU.S9825,FourHundredGigE1/0/34,82741,240348605,167692,611725636,0.55,1.39
2024/05/24 星期五 00:53:55.635,1716483235635,NH-DC-NM129-D04-ROCE-Leaf-6.GPU.S9825,FourHundredGigE1/0/34,0,0,0,0,0,0
2024/05/24 星期五 00:53:56.209,1716483236209,NH-DC-NM129-D04-ROCE-Leaf-6.GPU.S9825,FourHundredGigE1/0/34,145459,534412620,185265,699825770,1.15,1.50
2024/05/24 星期五 00:53:57.009,1716483237009,NH-DC-NM129-D04-ROCE-Leaf-6.GPU.S9825,FourHundredGigE1/0/34,442291,1760662501,209293,832654102,2.75,1.30
2024/05/24 星期五 00:53:57.618,1716483237618,NH-DC-NM129-D04-ROCE-Leaf-6.GPU.S9825,FourHundredGigE1/0/34,0,0,0,0,0,0
2024/05/24 星期五 00:53:58.119,1716483238119,NH-DC-NM129-D04-ROCE-Leaf-6.GPU.S9825,FourHundredGigE1/0/34,250788,942356410,433452,1729518998,2.35,4.29
2024/05/24 星期五 00:53:58.700,1716483238700,NH-DC-NM129-D04-ROCE-Leaf-6.GPU.S9825,FourHundredGigE1/0/34,0,0,0,0,0,0
2024/05/24 星期五 00:53:59.242,1716483239242,NH-DC-NM129-D04-ROCE-Leaf-6.GPU.S9825,FourHundredGigE1/0/34,165808,626786182,235270,913309742,1.43,2.10
2024/05/24 星期五 00:53:59.872,1716483239872,NH-DC-NM129-D04-ROCE-Leaf-6.GPU.S9825,FourHundredGigE1/0/34,244031,949687934,559753,2208866134,1.87,4.37
2024/05/24 星期五 00:54:00.587,1716483240587,NH-DC-NM129-D04-ROCE-Leaf-6.GPU.S9825,FourHundredGigE1/0/34,0,0,0,0,0,0
2024/05/24 星期五 00:54:01.133,1716483241133,NH-DC-NM129-D04-ROCE-Leaf-6.GPU.S9825,FourHundredGigE1/0/34,329551,1290719700,192588,715505644,2.95,1.63
2024/05/24 星期五 00:54:01.634,1716483241634,NH-DC-NM129-D04-ROCE-Leaf-6.GPU.S9825,FourHundredGigE1/0/34,0,0,0,0,0,0
2024/05/24 星期五 00:54:02.135,1716483242135,NH-DC-NM129-D04-ROCE-Leaf-6.GPU.S9825,FourHundredGigE1/0/34,609137,2353244724,587661,2176853288,5.86,5.41
2024/05/24 星期五 00:54:04.216,1716483244216,NH-DC-NM129-D04-ROCE-Leaf-6.GPU.S9825,FourHundredGigE1/0/34,238285,902899130,201489,722150420,0.54,0.43
2024/05/24 星期五 00:54:04.930,1716483244930,NH-DC-NM129-D04-ROCE-Leaf-6.GPU.S9825,FourHundredGigE1/0/34,148524,431893944,587164,2085284084,0.75,3.64
2024/05/24 星期五 00:54:05.525,1716483245525,NH-DC-NM129-D04-ROCE-Leaf-6.GPU.S9825,FourHundredGigE1/0/34,0,0,0,0,0,0
2024/05/24 星期五 00:54:06.089,1716483246089,NH-DC-NM129-D04-ROCE-Leaf-6.GPU.S9825,FourHundredGigE1/0/34,115411,414120050,63296,166655836,0.91,0.35
2024/05/24 星期五 00:54:06.666,1716483246666,NH-DC-NM129-D04-ROCE-Leaf-6.GPU.S9825,FourHundredGigE1/0/34,0,0,0,0,0,0
2024/05/24 星期五 00:54:07.167,1716483247167,NH-DC-NM129-D04-ROCE-Leaf-6.GPU.S9825,FourHundredGigE1/0/34,114557,404890506,188705,734083150,1.00,1.82
2024/05/24 星期五 00:54:07.892,1716483247892,NH-DC-NM129-D04-ROCE-Leaf-6.GPU.S9825,FourHundredGigE1/0/34,137087,498566724,99238,361311760,0.84,0.62
2024/05/24 星期五 00:54:08.389,1716483248389,NH-DC-NM129-D04-ROCE-Leaf-6.GPU.S9825,FourHundredGigE1/0/34,0,0,0,0,0,0
2024/05/24 星期五 00:54:08.905,1716483248905,NH-DC-NM129-D04-ROCE-Leaf-6.GPU.S9825,FourHundredGigE1/0/34,88103,263593568,133869,477778342,0.63,1.14
2024/05/24 星期五 00:54:09.448,1716483249448,NH-DC-NM129-D04-ROCE-Leaf-6.GPU.S9825,FourHundredGigE1/0/34,0,0,0,0,0,0
2024/05/24 星期五 00:54:09.946,1716483249946,NH-DC-NM129-D04-ROCE-Leaf-6.GPU.S9825,FourHundredGigE1/0/34,200210,760840760,239608,942618767,1.91,2.36
2024/05/24 星期五 00:54:10.492,1716483250492,NH-DC-NM129-D04-ROCE-Leaf-6.GPU.S9825,FourHundredGigE1/0/34,0,0,0,0,0,0
2024/05/24 星期五 00:54:11.272,1716483251272,NH-DC-NM129-D04-ROCE-Leaf-6.GPU.S9825,FourHundredGigE1/0/34,167185,618723518,155174,586644222,0.98,0.93
2024/05/24 星期五 00:54:11.890,1716483251890,NH-DC-NM129-D04-ROCE-Leaf-6.GPU.S9825,FourHundredGigE1/0/34,207780,803859841,162574,635540104,1.62,1.27
2024/05/24 星期五 00:54:12.402,1716483252402,NH-DC-NM129-D04-ROCE-Leaf-6.GPU.S9825,FourHundredGigE1/0/34,0,0,0,0,0,0
2024/05/24 星期五 00:54:12.996,1716483252996,NH-DC-NM129-D04-ROCE-Leaf-6.GPU.S9825,FourHundredGigE1/0/34,190829,748773664,152768,580165460,1.56,1.22
2024/05/24 星期五 00:54:13.594,1716483253594,NH-DC-NM129-D04-ROCE-Leaf-6.GPU.S9825,FourHundredGigE1/0/34,0,0,0,0,0,0
2024/05/24 星期五 00:54:14.110,1716483254110,NH-DC-NM129-D04-ROCE-Leaf-6.GPU.S9825,FourHundredGigE1/0/34,248777,967581230,207410,763734532,2.33,1.84
2024/05/24 星期五 00:54:14.883,1716483254883,NH-DC-NM129-D04-ROCE-Leaf-6.GPU.S9825,FourHundredGigE1/0/34,217113,843251774,116199,393713170,1.36,0.63
2024/05/24 星期五 00:54:15.425,1716483255425,NH-DC-NM129-D04-ROCE-Leaf-6.GPU.S9825,FourHundredGigE1/0/34,0,0,0,0,0,0
2024/05/24 星期五 00:54:15.973,1716483255973,NH-DC-NM129-D04-ROCE-Leaf-6.GPU.S9825,FourHundredGigE1/0/34,74108,263077168,103190,394504752,0.59,0.89
2024/05/24 星期五 00:54:16.678,1716483256678,NH-DC-NM129-D04-ROCE-Leaf-6.GPU.S9825,FourHundredGigE1/0/34,0,0,0,0,0,0
2024/05/24 星期五 00:54:17.230,1716483257230,NH-DC-NM129-D04-ROCE-Leaf-6.GPU.S9825,FourHundredGigE1/0/34,86846,327339780,99235,368251146,0.72,0.82
2024/05/24 星期五 00:54:17.730,1716483257730,NH-DC-NM129-D04-ROCE-Leaf-6.GPU.S9825,FourHundredGigE1/0/34,184078,712871016,320169,1304706202,1.78,3.25
2024/05/24 星期五 00:54:18.438,1716483258438,NH-DC-NM129-D04-ROCE-Leaf-6.GPU.S9825,FourHundredGigE1/0/34,0,0,0,0,0,0
2024/05/24 星期五 00:54:18.950,1716483258950,NH-DC-NM129-D04-ROCE-Leaf-6.GPU.S9825,FourHundredGigE1/0/34,204754,790193560,338205,1319851078,1.93,3.20
2024/05/24 星期五 00:54:19.464,1716483259464,NH-DC-NM129-D04-ROCE-Leaf-6.GPU.S9825,FourHundredGigE1/0/34,0,0,0,0,0,0
2024/05/24 星期五 00:54:19.965,1716483259965,NH-DC-NM129-D04-ROCE-Leaf-6.GPU.S9825,FourHundredGigE1/0/34,96375,270661703,55790,168453100,0.67,0.40
2024/05/24 星期五 00:54:20.568,1716483260568,NH-DC-NM129-D04-ROCE-Leaf-6.GPU.S9825,FourHundredGigE1/0/34,0,0,0,0,0,0
2024/05/24 星期五 00:54:21.084,1716483261084,NH-DC-NM129-D04-ROCE-Leaf-6.GPU.S9825,FourHundredGigE1/0/34,285408,1105041602,407299,1630460518,2.66,3.95
2024/05/24 星期五 00:54:21.944,1716483261944,NH-DC-NM129-D04-ROCE-Leaf-6.GPU.S9825,FourHundredGigE1/0/34,381630,1539712830,244744,920182472,2.22,1.34
2024/05/24 星期五 00:54:22.463,1716483262463,NH-DC-NM129-D04-ROCE-Leaf-6.GPU.S9825,FourHundredGigE1/0/34,0,0,0,0,0,0
2024/05/24 星期五 00:54:22.965,1716483262965,NH-DC-NM129-D04-ROCE-Leaf-6.GPU.S9825,FourHundredGigE1/0/34,150783,550487291,271124,1055792980,1.37,2.61
2024/05/24 星期五 00:54:23.596,1716483263596,NH-DC-NM129-D04-ROCE-Leaf-6.GPU.S9825,FourHundredGigE1/0/34,0,0,0,0,0,0
2024/05/24 星期五 00:54:24.116,1716483264116,NH-DC-NM129-D04-ROCE-Leaf-6.GPU.S9825,FourHundredGigE1/0/34,260331,1005322954,190046,755750964,2.40,1.80
2024/05/24 星期五 00:54:24.702,1716483264702,NH-DC-NM129-D04-ROCE-Leaf-6.GPU.S9825,FourHundredGigE1/0/34,145183,565749554,614683,2450515654,1.19,5.23
2024/05/24 星期五 00:54:25.470,1716483265470,NH-DC-NM129-D04-ROCE-Leaf-6.GPU.S9825,FourHundredGigE1/0/34,0,0,0,0,0,0
2024/05/24 星期五 00:54:25.974,1716483265974,NH-DC-NM129-D04-ROCE-Leaf-6.GPU.S9825,FourHundredGigE1/0/34,157454,621820081,365801,1313255494,1.54,3.25
2024/05/24 星期五 00:54:26.495,1716483266495,NH-DC-NM129-D04-ROCE-Leaf-6.GPU.S9825,FourHundredGigE1/0/34,0,0,0,0,0,0
2024/05/24 星期五 00:54:27.142,1716483267142,NH-DC-NM129-D04-ROCE-Leaf-6.GPU.S9825,FourHundredGigE1/0/34,189787,706621318,154474,542938688,1.35,1.04
2024/05/24 星期五 00:54:27.642,1716483267642,NH-DC-NM129-D04-ROCE-Leaf-6.GPU.S9825,FourHundredGigE1/0/34,0,0,0,0,0,0
2024/05/24 星期五 00:54:28.143,1716483268143,NH-DC-NM129-D04-ROCE-Leaf-6.GPU.S9825,FourHundredGigE1/0/34,113240,342551292,235504,912579860,0.85,2.27
2024/05/24 星期五 00:54:28.961,1716483268961,NH-DC-NM129-D04-ROCE-Leaf-6.GPU.S9825,FourHundredGigE1/0/34,389855,1601647282,445628,1807953366,2.44,2.75
2024/05/24 星期五 00:54:29.462,1716483269462,NH-DC-NM129-D04-ROCE-Leaf-6.GPU.S9825,FourHundredGigE1/0/34,0,0,0,0,0,0
2024/05/24 星期五 00:54:29.963,1716483269963,NH-DC-NM129-D04-ROCE-Leaf-6.GPU.S9825,FourHundredGigE1/0/34,152585,592392742,95907,372032576,1.47,0.92
2024/05/24 星期五 00:54:30.677,1716483270677,NH-DC-NM129-D04-ROCE-Leaf-6.GPU.S9825,FourHundredGigE1/0/34,0,0,0,0,0,0
2024/05/24 星期五 00:54:31.193,1716483271193,NH-DC-NM129-D04-ROCE-Leaf-6.GPU.S9825,FourHundredGigE1/0/34,69288,249860788,177019,583470098,0.58,1.41
2024/05/24 星期五 00:54:31.871,1716483271871,NH-DC-NM129-D04-ROCE-Leaf-6.GPU.S9825,FourHundredGigE1/0/34,122634,485016272,285158,1101456020,0.88,2.03
2024/05/24 星期五 00:54:32.559,1716483272559,NH-DC-NM129-D04-ROCE-Leaf-6.GPU.S9825,FourHundredGigE1/0/34,0,0,0,0,0,0
2024/05/24 星期五 00:54:33.061,1716483273061,NH-DC-NM129-D04-ROCE-Leaf-6.GPU.S9825,FourHundredGigE1/0/34,194461,747497114,497964,2037831532,1.84,5.05
2024/05/24 星期五 00:54:34.407,1716483274407,NH-DC-NM129-D04-ROCE-Leaf-6.GPU.S9825,FourHundredGigE1/0/34,190988,716288508,79849,305462042,0.66,0.28
2024/05/24 星期五 00:54:34.906,1716483274906,NH-DC-NM129-D04-ROCE-Leaf-6.GPU.S9825,FourHundredGigE1/0/34,169962,664547808,64887,243818198,1.65,0.60
2024/05/24 星期五 00:54:35.726,1716483275726,NH-DC-NM129-D04-ROCE-Leaf-6.GPU.S9825,FourHundredGigE1/0/34,0,0,0,0,0,0
2024/05/24 星期五 00:54:36.229,1716483276229,NH-DC-NM129-D04-ROCE-Leaf-6.GPU.S9825,FourHundredGigE1/0/34,236739,869031942,312093,1223982482,2.14,3.03
2024/05/24 星期五 00:54:36.805,1716483276805,NH-DC-NM129-D04-ROCE-Leaf-6.GPU.S9825,FourHundredGigE1/0/34,170348,0,87683,303279534,0,0.65
2024/05/24 星期五 00:54:37.306,1716483277306,NH-DC-NM129-D04-ROCE-Leaf-6.GPU.S9825,FourHundredGigE1/0/34,0,622028852,0,0,1.55,0
2024/05/24 星期五 00:54:37.824,1716483277824,NH-DC-NM129-D04-ROCE-Leaf-6.GPU.S9825,FourHundredGigE1/0/34,0,0,0,0,0,0
2024/05/24 星期五 00:54:38.331,1716483278331,NH-DC-NM129-D04-ROCE-Leaf-6.GPU.S9825,FourHundredGigE1/0/34,200754,788946062,253264,978001332,1.92,2.39
2024/05/24 星期五 00:54:39.167,1716483279167,NH-DC-NM129-D04-ROCE-Leaf-6.GPU.S9825,FourHundredGigE1/0/34,401551,1555993149,114086,421988448,2.32,0.63
2024/05/24 星期五 00:54:39.668,1716483279668,NH-DC-NM129-D04-ROCE-Leaf-6.GPU.S9825,FourHundredGigE1/0/34,0,0,0,0,0,0
2024/05/24 星期五 00:54:40.169,1716483280169,NH-DC-NM129-D04-ROCE-Leaf-6.GPU.S9825,FourHundredGigE1/0/34,295905,1183357912,177907,690397180,2.94,1.72
2024/05/24 星期五 00:54:40.782,1716483280782,NH-DC-NM129-D04-ROCE-Leaf-6.GPU.S9825,FourHundredGigE1/0/34,251467,964355100,350855,1343999212,1.96,2.73
2024/05/24 星期五 00:54:41.373,1716483281373,NH-DC-NM129-D04-ROCE-Leaf-6.GPU.S9825,FourHundredGigE1/0/34,0,0,0,0,0,0
2024/05/24 星期五 00:54:42.319,1716483282319,NH-DC-NM129-D04-ROCE-Leaf-6.GPU.S9825,FourHundredGigE1/0/34,490514,1880646228,150287,572582822,2.48,0.75
2024/05/24 星期五 00:54:42.999,1716483282999,NH-DC-NM129-D04-ROCE-Leaf-6.GPU.S9825,FourHundredGigE1/0/34,345530,1255966397,93619,349106646,2.30,0.62
2024/05/24 星期五 00:54:43.501,1716483283501,NH-DC-NM129-D04-ROCE-Leaf-6.GPU.S9825,FourHundredGigE1/0/34,0,0,0,0,0,0
2024/05/24 星期五 00:54:44.246,1716483284246,NH-DC-NM129-D04-ROCE-Leaf-6.GPU.S9825,FourHundredGigE1/0/34,526015,2064553134,172551,645309650,3.46,1.07
2024/05/24 星期五 00:54:44.888,1716483284888,NH-DC-NM129-D04-ROCE-Leaf-6.GPU.S9825,FourHundredGigE1/0/34,166498,640461332,173836,663975692,1.25,1.29
2024/05/24 星期五 00:54:45.396,1716483285396,NH-DC-NM129-D04-ROCE-Leaf-6.GPU.S9825,FourHundredGigE1/0/34,0,0,0,0,0,0
2024/05/24 星期五 00:54:46.164,1716483286164,NH-DC-NM129-D04-ROCE-Leaf-6.GPU.S9825,FourHundredGigE1/0/34,206581,789828342,110398,404419924,1.27,0.65
2024/05/24 星期五 00:54:47.059,1716483287059,NH-DC-NM129-D04-ROCE-Leaf-6.GPU.S9825,FourHundredGigE1/0/34,441237,1717975706,475990,1863538284,2.39,2.60
2024/05/24 星期五 00:54:47.692,1716483287692,NH-DC-NM129-D04-ROCE-Leaf-6.GPU.S9825,FourHundredGigE1/0/34,240404,912543236,166605,586841254,1.80,1.15
2024/05/24 星期五 00:54:48.337,1716483288337,NH-DC-NM129-D04-ROCE-Leaf-6.GPU.S9825,FourHundredGigE1/0/34,0,0,0,0,0,0
2024/05/24 星期五 00:54:48.839,1716483288839,NH-DC-NM129-D04-ROCE-Leaf-6.GPU.S9825,FourHundredGigE1/0/34,298411,1130541203,107905,366919098,2.81,0.90
2024/05/24 星期五 00:54:49.597,1716483289597,NH-DC-NM129-D04-ROCE-Leaf-6.GPU.S9825,FourHundredGigE1/0/34,0,0,0,0,0,0
2024/05/24 星期五 00:54:50.102,1716483290102,NH-DC-NM129-D04-ROCE-Leaf-6.GPU.S9825,FourHundredGigE1/0/34,538939,2074079802,127252,438712136,5.12,1.06
2024/05/24 星期五 00:54:50.606,1716483290606,NH-DC-NM129-D04-ROCE-Leaf-6.GPU.S9825,FourHundredGigE1/0/34,0,0,0,0,0,0
2024/05/24 星期五 00:54:51.105,1716483291105,NH-DC-NM129-D04-ROCE-Leaf-6.GPU.S9825,FourHundredGigE1/0/34,573648,2193023396,333317,1334103598,5.49,3.33
2024/05/24 星期五 00:54:51.786,1716483291786,NH-DC-NM129-D04-ROCE-Leaf-6.GPU.S9825,FourHundredGigE1/0/34,0,0,0,0,0,0
2024/05/24 星期五 00:54:52.287,1716483292287,NH-DC-NM129-D04-ROCE-Leaf-6.GPU.S9825,FourHundredGigE1/0/34,172331,632746450,199418,671313944,1.57,1.67
2024/05/24 星期五 00:54:53.145,1716483293145,NH-DC-NM129-D04-ROCE-Leaf-6.GPU.S9825,FourHundredGigE1/0/34,392084,1521204076,140138,523095744,2.21,0.76
2024/05/24 星期五 00:54:53.742,1716483293742,NH-DC-NM129-D04-ROCE-Leaf-6.GPU.S9825,FourHundredGigE1/0/34,0,0,0,0,0,0
2024/05/24 星期五 00:54:54.242,1716483294242,NH-DC-NM129-D04-ROCE-Leaf-6.GPU.S9825,FourHundredGigE1/0/34,241350,902342392,211024,762803440,2.25,1.9
2024/05/24 星期五 00:54:54.954,1716483294954,NH-DC-NM129-D04-ROCE-Leaf-6.GPU.S9825,FourHundredGigE1/0/34,294485,1193598814,105310,388775980,2.09,0.67
2024/05/24 星期五 00:54:57.497,1716483297497,NH-DC-NM129-D04-ROCE-Leaf-6.GPU.S9825,FourHundredGigE1/0/34,265748,955250692,285319,1069523302,0.47,0.52
2024/05/24 星期五 00:54:57.999,1716483297999,NH-DC-NM129-D04-ROCE-Leaf-6.GPU.S9825,FourHundredGigE1/0/34,237115,890689458,167838,599559896,2.22,1.47
2024/05/24 星期五 00:54:58.612,1716483298612,NH-DC-NM129-D04-ROCE-Leaf-6.GPU.S9825,FourHundredGigE1/0/34,0,0,0,0,0,0
2024/05/24 星期五 00:54:59.699,1716483299699,NH-DC-NM129-D04-ROCE-Leaf-6.GPU.S9825,FourHundredGigE1/0/34,226770,893236048,111493,360387626,1.02,0.41
2024/05/24 星期五 00:55:00.248,1716483300248,NH-DC-NM129-D04-ROCE-Leaf-6.GPU.S9825,FourHundredGigE1/0/34,172713,672973386,198197,746070250,1.53,1.68
2024/05/24 星期五 00:55:00.762,1716483300762,NH-DC-NM129-D04-ROCE-Leaf-6.GPU.S9825,FourHundredGigE1/0/34,0,0,0,0,0,0
2024/05/24 星期五 00:55:01.262,1716483301262,NH-DC-NM129-D04-ROCE-Leaf-6.GPU.S9825,FourHundredGigE1/0/34,194989,713344818,72818,242436192,1.78,0.6
2024/05/24 星期五 00:55:01.771,1716483301771,NH-DC-NM129-D04-ROCE-Leaf-6.GPU.S9825,FourHundredGigE1/0/34,0,0,0,0,0,0
2024/05/24 星期五 00:55:02.417,1716483302417,NH-DC-NM129-D04-ROCE-Leaf-6.GPU.S9825,FourHundredGigE1/0/34,648458,1668882672,173643,671274438,3.21,1.30
2024/05/24 星期五 00:55:04.429,1716483304429,NH-DC-NM129-D04-ROCE-Leaf-6.GPU.S9825,FourHundredGigE1/0/34,126720,492631180,70689,284694390,0.30,0.17
2024/05/24 星期五 00:55:05.079,1716483305079,NH-DC-NM129-D04-ROCE-Leaf-6.GPU.S9825,FourHundredGigE1/0/34,267364,925670532,146416,559184828,1.77,1.06
2024/05/24 星期五 00:55:05.709,1716483305709,NH-DC-NM129-D04-ROCE-Leaf-6.GPU.S9825,FourHundredGigE1/0/34,0,0,0,0,0,0
2024/05/24 星期五 00:55:06.210,1716483306210,NH-DC-NM129-D04-ROCE-Leaf-6.GPU.S9825,FourHundredGigE1/0/34,294135,944454566,22821,66871362,2.35,0.15
2024/05/24 星期五 00:55:06.815,1716483306815,NH-DC-NM129-D04-ROCE-Leaf-6.GPU.S9825,FourHundredGigE1/0/34,183371,711849862,352951,1297786116,1.47,2.67
2024/05/24 星期五 00:55:07.480,1716483307480,NH-DC-NM129-D04-ROCE-Leaf-6.GPU.S9825,FourHundredGigE1/0/34,0,0,0,0,0,0
2024/05/24 星期五 00:55:07.983,1716483307983,NH-DC-NM129-D04-ROCE-Leaf-6.GPU.S9825,FourHundredGigE1/0/34,168844,678640156,648451,2260055970,1.67,5.62
2024/05/24 星期五 00:55:08.542,1716483308542,NH-DC-NM129-D04-ROCE-Leaf-6.GPU.S9825,FourHundredGigE1/0/34,0,0,0,0,0,0
2024/05/24 星期五 00:55:09.123,1716483309123,NH-DC-NM129-D04-ROCE-Leaf-6.GPU.S9825,FourHundredGigE1/0/34,342099,1378803482,721099,2624489078,2.95,5.64
2024/05/24 星期五 00:55:09.681,1716483309681,NH-DC-NM129-D04-ROCE-Leaf-6.GPU.S9825,FourHundredGigE1/0/34,0,0,0,0,0,0
2024/05/24 星期五 00:55:10.184,1716483310184,NH-DC-NM129-D04-ROCE-Leaf-6.GPU.S9825,FourHundredGigE1/0/34,199543,733421607,209597,664636000,1.81,1.64
2024/05/24 星期五 00:55:10.885,1716483310885,NH-DC-NM129-D04-ROCE-Leaf-6.GPU.S9825,FourHundredGigE1/0/34,139420,513148980,239695,945954446,0.91,1.68
2024/05/24 星期五 00:55:11.470,1716483311470,NH-DC-NM129-D04-ROCE-Leaf-6.GPU.S9825,FourHundredGigE1/0/34,0,0,0,0,0,0
2024/05/24 星期五 00:55:12.040,1716483312040,NH-DC-NM129-D04-ROCE-Leaf-6.GPU.S9825,FourHundredGigE1/0/34,121271,444276286,246434,949078520,0.96,2.06
2024/05/24 星期五 00:55:12.634,1716483312634,NH-DC-NM129-D04-ROCE-Leaf-6.GPU.S9825,FourHundredGigE1/0/34,0,0,0,0,0,0
2024/05/24 星期五 00:55:13.142,1716483313142,NH-DC-NM129-D04-ROCE-Leaf-6.GPU.S9825,FourHundredGigE1/0/34,452722,1807526357,567424,2166093148,4.43,5.31
2024/05/24 星期五 00:55:13.856,1716483313856,NH-DC-NM129-D04-ROCE-Leaf-6.GPU.S9825,FourHundredGigE1/0/34,349046,1391425806,719646,2575287848,2.43,4.50
2024/05/24 星期五 00:55:14.549,1716483314549,NH-DC-NM129-D04-ROCE-Leaf-6.GPU.S9825,FourHundredGigE1/0/34,0,0,0,0,0,0
2024/05/24 星期五 00:55:15.102,1716483315102,NH-DC-NM129-D04-ROCE-Leaf-6.GPU.S9825,FourHundredGigE1/0/34,390520,1537057397,167404,634264400,3.46,1.42
2024/05/24 星期五 00:55:15.725,1716483315725,NH-DC-NM129-D04-ROCE-Leaf-6.GPU.S9825,FourHundredGigE1/0/34,326758,1289942430,184160,706113598,2.57,1.40
2024/05/24 星期五 00:55:16.248,1716483316248,NH-DC-NM129-D04-ROCE-Leaf-6.GPU.S9825,FourHundredGigE1/0/34,0,0,0,0,0,0
2024/05/24 星期五 00:55:16.798,1716483316798,NH-DC-NM129-D04-ROCE-Leaf-6.GPU.S9825,FourHundredGigE1/0/34,186920,707446856,196655,767216388,1.59,1.73
2024/05/24 星期五 00:55:17.544,1716483317544,NH-DC-NM129-D04-ROCE-Leaf-6.GPU.S9825,FourHundredGigE1/0/34,0,0,0,0,0,0
2024/05/24 星期五 00:55:18.047,1716483318047,NH-DC-NM129-D04-ROCE-Leaf-6.GPU.S9825,FourHundredGigE1/0/34,322201,1238882054,197070,754177696,3.06,1.86
2024/05/24 星期五 00:55:18.635,1716483318635,NH-DC-NM129-D04-ROCE-Leaf-6.GPU.S9825,FourHundredGigE1/0/34,0,0,0,0,0,0
2024/05/24 星期五 00:55:19.202,1716483319202,NH-DC-NM129-D04-ROCE-Leaf-6.GPU.S9825,FourHundredGigE1/0/34,182890,698846328,122687,429025974,1.52,0.93
2024/05/24 星期五 00:55:19.711,1716483319711,NH-DC-NM129-D04-ROCE-Leaf-6.GPU.S9825,FourHundredGigE1/0/34,0,0,0,0,0,0
2024/05/24 星期五 00:55:20.594,1716483320594,NH-DC-NM129-D04-ROCE-Leaf-6.GPU.S9825,FourHundredGigE1/0/34,390956,1539560152,252893,994756138,2.17,1.40
2024/05/24 星期五 00:55:21.185,1716483321185,NH-DC-NM129-D04-ROCE-Leaf-6.GPU.S9825,FourHundredGigE1/0/34,102206,377036956,76904,286376552,0.78,0.59
2024/05/24 星期五 00:55:21.744,1716483321744,NH-DC-NM129-D04-ROCE-Leaf-6.GPU.S9825,FourHundredGigE1/0/34,0,0,0,0,0,0
2024/05/24 星期五 00:55:22.245,1716483322245,NH-DC-NM129-D04-ROCE-Leaf-6.GPU.S9825,FourHundredGigE1/0/34,81153,293146550,176281,692485578,0.72,1.72
2024/05/24 星期五 00:55:22.798,1716483322798,NH-DC-NM129-D04-ROCE-Leaf-6.GPU.S9825,FourHundredGigE1/0/34,0,0,0,0,0,0
2024/05/24 星期五 00:55:23.302,1716483323302,NH-DC-NM129-D04-ROCE-Leaf-6.GPU.S9825,FourHundredGigE1/0/34,76015,246358498,70212,256159250,0.60,0.62
2024/05/24 星期五 00:55:24.612,1716483324612,NH-DC-NM129-D04-ROCE-Leaf-6.GPU.S9825,FourHundredGigE1/0/34,333129,1345323044,203897,805057780,1.28,0.76
2024/05/24 星期五 00:55:25.214,1716483325214,NH-DC-NM129-D04-ROCE-Leaf-6.GPU.S9825,FourHundredGigE1/0/34,96178,337767154,161657,607705890,0.69,1.25
2024/05/24 星期五 00:55:25.738,1716483325738,NH-DC-NM129-D04-ROCE-Leaf-6.GPU.S9825,FourHundredGigE1/0/34,0,0,0,0,0,0
2024/05/24 星期五 00:55:27.156,1716483327156,NH-DC-NM129-D04-ROCE-Leaf-6.GPU.S9825,FourHundredGigE1/0/34,366517,1454146118,216104,805122644,1.28,0.71
2024/05/24 星期五 00:55:27.725,1716483327725,NH-DC-NM129-D04-ROCE-Leaf-6.GPU.S9825,FourHundredGigE1/0/34,0,0,0,0,0,0
2024/05/24 星期五 00:55:28.227,1716483328227,NH-DC-NM129-D04-ROCE-Leaf-6.GPU.S9825,FourHundredGigE1/0/34,235080,899730020,160440,609902008,2.22,1.49
2024/05/24 星期五 00:55:28.764,1716483328764,NH-DC-NM129-D04-ROCE-Leaf-6.GPU.S9825,FourHundredGigE1/0/34,0,0,0,0,0,0
2024/05/24 星期五 00:55:29.269,1716483329269,NH-DC-NM129-D04-ROCE-Leaf-6.GPU.S9825,FourHundredGigE1/0/34,193753,755898554,121479,472365130,1.86,1.16
2024/05/24 星期五 00:55:29.916,1716483329916,NH-DC-NM129-D04-ROCE-Leaf-6.GPU.S9825,FourHundredGigE1/0/34,199717,765775984,89891,316283390,1.47,0.60
2024/05/24 星期五 00:55:30.763,1716483330763,NH-DC-NM129-D04-ROCE-Leaf-6.GPU.S9825,FourHundredGigE1/0/34,560934,2307434109,156131,565289554,3.39,0.83
2024/05/24 星期五 00:55:31.297,1716483331297,NH-DC-NM129-D04-ROCE-Leaf-6.GPU.S9825,FourHundredGigE1/0/34,0,0,0,0,0,0
2024/05/24 星期五 00:55:31.859,1716483331859,NH-DC-NM129-D04-ROCE-Leaf-6.GPU.S9825,FourHundredGigE1/0/34,141805,547975632,86327,319722258,1.20,0.69
2024/05/24 星期五 00:55:32.367,1716483332367,NH-DC-NM129-D04-ROCE-Leaf-6.GPU.S9825,FourHundredGigE1/0/34,0,0,0,0,0,0
2024/05/24 星期五 00:55:32.879,1716483332879,NH-DC-NM129-D04-ROCE-Leaf-6.GPU.S9825,FourHundredGigE1/0/34,67101,220203826,82423,274941674,0.54,0.66
2024/05/24 星期五 00:55:33.541,1716483333541,NH-DC-NM129-D04-ROCE-Leaf-6.GPU.S9825,FourHundredGigE1/0/34,0,0,0,0,0,0
2024/05/24 星期五 00:55:34.203,1716483334203,NH-DC-NM129-D04-ROCE-Leaf-6.GPU.S9825,FourHundredGigE1/0/34,443636,1785870978,189288,728710992,3.36,1.36
2024/05/24 星期五 00:55:34.780,1716483334780,NH-DC-NM129-D04-ROCE-Leaf-6.GPU.S9825,FourHundredGigE1/0/34,131810,0,176127,0,0,0
2024/05/24 星期五 00:55:35.311,1716483335311,NH-DC-NM129-D04-ROCE-Leaf-6.GPU.S9825,FourHundredGigE1/0/34,0,463802697,0,685837686,1.08,1.60
2024/05/24 星期五 00:55:35.813,1716483335813,NH-DC-NM129-D04-ROCE-Leaf-6.GPU.S9825,FourHundredGigE1/0/34,254878,1002231966,128120,504253724,2.49,1.25
2024/05/24 星期五 00:55:36.314,1716483336314,NH-DC-NM129-D04-ROCE-Leaf-6.GPU.S9825,FourHundredGigE1/0/34,0,0,0,0,0,0
2024/05/24 星期五 00:55:37.064,1716483337064,NH-DC-NM129-D04-ROCE-Leaf-6.GPU.S9825,FourHundredGigE1/0/34,122310,478959432,93952,353240200,0.78,0.58
2024/05/24 星期五 00:55:37.673,1716483337673,NH-DC-NM129-D04-ROCE-Leaf-6.GPU.S9825,FourHundredGigE1/0/34,0,0,0,0,0,0
2024/05/24 星期五 00:55:38.271,1716483338271,NH-DC-NM129-D04-ROCE-Leaf-6.GPU.S9825,FourHundredGigE1/0/34,221824,884385722,271566,1096636264,1.84,2.28
2024/05/24 星期五 00:55:38.833,1716483338833,NH-DC-NM129-D04-ROCE-Leaf-6.GPU.S9825,FourHundredGigE1/0/34,0,0,0,0,0,0
2024/05/24 星期五 00:55:39.335,1716483339335,NH-DC-NM129-D04-ROCE-Leaf-6.GPU.S9825,FourHundredGigE1/0/34,147156,565268466,139968,484958548,1.39,1.20
2024/05/24 星期五 00:55:39.834,1716483339834,NH-DC-NM129-D04-ROCE-Leaf-6.GPU.S9825,FourHundredGigE1/0/34,177489,645224270,311115,1225269046,1.60,3.06
2024/05/24 星期五 00:55:40.478,1716483340478,NH-DC-NM129-D04-ROCE-Leaf-6.GPU.S9825,FourHundredGigE1/0/34,0,0,0,0,0,0
2024/05/24 星期五 00:55:41.143,1716483341143,NH-DC-NM129-D04-ROCE-Leaf-6.GPU.S9825,FourHundredGigE1/0/34,160847,620415198,245712,965994628,1.17,1.80
2024/05/24 星期五 00:55:41.890,1716483341890,NH-DC-NM129-D04-ROCE-Leaf-6.GPU.S9825,FourHundredGigE1/0/34,399031,1596059132,128745,446314006,2.66,0.74
2024/05/24 星期五 00:55:42.481,1716483342481,NH-DC-NM129-D04-ROCE-Leaf-6.GPU.S9825,FourHundredGigE1/0/34,0,0,0,0,0,0
2024/05/24 星期五 00:55:43.702,1716483343702,NH-DC-NM129-D04-ROCE-Leaf-6.GPU.S9825,FourHundredGigE1/0/34,520451,1229014613,250662,943450544,1.25,0.96
2024/05/24 星期五 00:55:44.418,1716483344418,NH-DC-NM129-D04-ROCE-Leaf-6.GPU.S9825,FourHundredGigE1/0/34,0,761394068,240901,888100926,1.33,1.54
2024/05/24 星期五 00:55:45.020,1716483345020,NH-DC-NM129-D04-ROCE-Leaf-6.GPU.S9825,FourHundredGigE1/0/34,158130,581213968,378784,1488272950,1.20,3.07
2024/05/24 星期五 00:55:46.226,1716483346226,NH-DC-NM129-D04-ROCE-Leaf-6.GPU.S9825,FourHundredGigE1/0/34,333430,1301327008,172642,662985122,1.35,0.68
2024/05/24 星期五 00:55:47.356,1716483347356,NH-DC-NM129-D04-ROCE-Leaf-6.GPU.S9825,FourHundredGigE1/0/34,115854,429306036,389880,1578868968,0.46,1.74
2024/05/24 星期五 00:55:47.980,1716483347980,NH-DC-NM129-D04-ROCE-Leaf-6.GPU.S9825,FourHundredGigE1/0/34,120693,453954862,541004,2188956172,0.90,4.37
2024/05/24 星期五 00:55:48.566,1716483348566,NH-DC-NM129-D04-ROCE-Leaf-6.GPU.S9825,FourHundredGigE1/0/34,0,0,0,0,0,0
2024/05/24 星期五 00:55:49.731,1716483349731,NH-DC-NM129-D04-ROCE-Leaf-6.GPU.S9825,FourHundredGigE1/0/34,277256,1100805076,275497,1086101054,1.18,1.16
2024/05/24 星期五 00:55:50.233,1716483350233,NH-DC-NM129-D04-ROCE-Leaf-6.GPU.S9825,FourHundredGigE1/0/34,206340,765895160,174157,673823750,1.89,1.67
2024/05/24 星期五 00:55:50.978,1716483350978,NH-DC-NM129-D04-ROCE-Leaf-6.GPU.S9825,FourHundredGigE1/0/34,148721,587249130,89002,331021632,0.97,0.55
2024/05/24 星期五 00:55:51.632,1716483351632,NH-DC-NM129-D04-ROCE-Leaf-6.GPU.S9825,FourHundredGigE1/0/34,0,0,0,0,0,0
2024/05/24 星期五 00:55:52.198,1716483352198,NH-DC-NM129-D04-ROCE-Leaf-6.GPU.S9825,FourHundredGigE1/0/34,160738,626844584,93429,350423690,1.37,0.77
2024/05/24 星期五 00:55:52.675,1716483352675,NH-DC-NM129-D04-ROCE-Leaf-6.GPU.S9825,FourHundredGigE1/0/34,0,0,0,0,0,0
2024/05/24 星期五 00:55:53.178,1716483353178,NH-DC-NM129-D04-ROCE-Leaf-6.GPU.S9825,FourHundredGigE1/0/34,184214,723643730,188772,719247428,1.79,1.76
2024/05/24 星期五 00:55:53.832,1716483353832,NH-DC-NM129-D04-ROCE-Leaf-6.GPU.S9825,FourHundredGigE1/0/34,129493,502131768,79975,265593054,0.96,0.50
2024/05/24 星期五 00:55:54.962,1716483354962,NH-DC-NM129-D04-ROCE-Leaf-6.GPU.S9825,FourHundredGigE1/0/34,136673,527215742,208110,834771814,0.58,0.92
2024/05/24 星期五 00:55:55.750,1716483355750,NH-DC-NM129-D04-ROCE-Leaf-6.GPU.S9825,FourHundredGigE1/0/34,162529,594520632,361451,1440188788,0.94,2.28
2024/05/24 星期五 00:55:56.289,1716483356289,NH-DC-NM129-D04-ROCE-Leaf-6.GPU.S9825,FourHundredGigE1/0/34,0,0,0,0,0,0
2024/05/24 星期五 00:55:56.872,1716483356872,NH-DC-NM129-D04-ROCE-Leaf-6.GPU.S9825,FourHundredGigE1/0/34,171010,660915374,128978,487948080,1.42,1.03
2024/05/24 星期五 00:55:57.633,1716483357633,NH-DC-NM129-D04-ROCE-Leaf-6.GPU.S9825,FourHundredGigE1/0/34,127667,514100238,139873,540017914,0.84,0.89
2024/05/24 星期五 00:55:58.328,1716483358328,NH-DC-NM129-D04-ROCE-Leaf-6.GPU.S9825,FourHundredGigE1/0/34,0,0,0,0,0,0
2024/05/24 星期五 00:55:58.859,1716483358859,NH-DC-NM129-D04-ROCE-Leaf-6.GPU.S9825,FourHundredGigE1/0/34,506714,2076682640,101628,236936796,4.87,0.54
2024/05/24 星期五 00:55:59.486,1716483359486,NH-DC-NM129-D04-ROCE-Leaf-6.GPU.S9825,FourHundredGigE1/0/34,0,0,0,0,0,0
2024/05/24 星期五 00:55:59.988,1716483359988,NH-DC-NM129-D04-ROCE-Leaf-6.GPU.S9825,FourHundredGigE1/0/34,240794,695590584,150568,613384160,1.72,1.52
2024/05/24 星期五 00:56:00.489,1716483360489,NH-DC-NM129-D04-ROCE-Leaf-6.GPU.S9825,FourHundredGigE1/0/34,0,0,0,0,0,0
2024/05/24 星期五 00:56:01.365,1716483361365,NH-DC-NM129-D04-ROCE-Leaf-6.GPU.S9825,FourHundredGigE1/0/34,151170,605144695,478268,1870012204,0.86,2.67
2024/05/24 星期五 00:56:01.974,1716483361974,NH-DC-NM129-D04-ROCE-Leaf-6.GPU.S9825,FourHundredGigE1/0/34,502316,2051120502,183230,674668848,4.21,1.38
2024/05/24 星期五 00:56:03.228,1716483363228,NH-DC-NM129-D04-ROCE-Leaf-6.GPU.S9825,FourHundredGigE1/0/34,752685,3040937186,1896880,7742090502,3.03,7.72
2024/05/24 星期五 00:56:04.440,1716483364440,NH-DC-NM129-D04-ROCE-Leaf-6.GPU.S9825,FourHundredGigE1/0/34,397657,1587107230,2391644,9784532686,1.63,10.09
2024/05/24 星期五 00:56:05.362,1716483365362,NH-DC-NM129-D04-ROCE-Leaf-6.GPU.S9825,FourHundredGigE1/0/34,0,0,0,0,0,0
2024/05/24 星期五 00:56:06.345,1716483366345,NH-DC-NM129-D04-ROCE-Leaf-6.GPU.S9825,FourHundredGigE1/0/34,173208,633663538,560426,2261771356,0.80,2.87
2024/05/24 星期五 00:56:06.846,1716483366846,NH-DC-NM129-D04-ROCE-Leaf-6.GPU.S9825,FourHundredGigE1/0/34,305119,1122048084,436078,1709809524,2.79,4.24
2024/05/24 星期五 00:56:07.348,1716483367348,NH-DC-NM129-D04-ROCE-Leaf-6.GPU.S9825,FourHundredGigE1/0/34,0,0,0,0,0,0
2024/05/24 星期五 00:56:07.862,1716483367862,NH-DC-NM129-D04-ROCE-Leaf-6.GPU.S9825,FourHundredGigE1/0/34,448729,1766891166,303090,1141599048,4.28,2.77
2024/05/24 星期五 00:56:08.578,1716483368578,NH-DC-NM129-D04-ROCE-Leaf-6.GPU.S9825,FourHundredGigE1/0/34,0,0,0,0,0,0
2024/05/24 星期五 00:56:09.238,1716483369238,NH-DC-NM129-D04-ROCE-Leaf-6.GPU.S9825,FourHundredGigE1/0/34,228568,885897132,223254,835120696,1.67,1.57
2024/05/24 星期五 00:56:09.840,1716483369840,NH-DC-NM129-D04-ROCE-Leaf-6.GPU.S9825,FourHundredGigE1/0/34,0,0,0,0,0,0
2024/05/24 星期五 00:56:10.341,1716483370341,NH-DC-NM129-D04-ROCE-Leaf-6.GPU.S9825,FourHundredGigE1/0/34,458352,1795236884,169131,629554034,4.47,1.55
2024/05/24 星期五 00:56:10.918,1716483370918,NH-DC-NM129-D04-ROCE-Leaf-6.GPU.S9825,FourHundredGigE1/0/34,110287,401214390,130352,473213982,0.87,1.02
2024/05/24 星期五 00:56:11.607,1716483371607,NH-DC-NM129-D04-ROCE-Leaf-6.GPU.S9825,FourHundredGigE1/0/34,132547,527304204,141032,441462398,0.94,0.80
2024/05/24 星期五 00:56:16.016,1716483376016,NH-DC-NM129-D04-ROCE-Leaf-6.GPU.S9825,FourHundredGigE1/0/34,1031301,4026195613,817697,3084007154,1.14,0.87
2024/05/24 星期五 00:56:16.561,1716483376561,NH-DC-NM129-D04-ROCE-Leaf-6.GPU.S9825,FourHundredGigE1/0/34,0,0,0,0,0,0
2024/05/24 星期五 00:56:17.061,1716483377061,NH-DC-NM129-D04-ROCE-Leaf-6.GPU.S9825,FourHundredGigE1/0/34,166191,648689490,159779,595945330,1.6,1.48
2024/05/24 星期五 00:56:17.636,1716483377636,NH-DC-NM129-D04-ROCE-Leaf-6.GPU.S9825,FourHundredGigE1/0/34,0,0,0,0,0,0
2024/05/24 星期五 00:56:18.137,1716483378137,NH-DC-NM129-D04-ROCE-Leaf-6.GPU.S9825,FourHundredGigE1/0/34,327980,1315520689,251346,1016636080,3.27,2.52
2024/05/24 星期五 00:56:18.638,1716483378638,NH-DC-NM129-D04-ROCE-Leaf-6.GPU.S9825,FourHundredGigE1/0/34,142474,529552948,123405,422573546,1.30,1.05
2024/05/24 星期五 00:56:19.513,1716483379513,NH-DC-NM129-D04-ROCE-Leaf-6.GPU.S9825,FourHundredGigE1/0/34,0,0,0,0,0,0
2024/05/24 星期五 00:56:20.016,1716483380016,NH-DC-NM129-D04-ROCE-Leaf-6.GPU.S9825,FourHundredGigE1/0/34,80518,276357928,108549,380848922,0.67,0.94
2024/05/24 星期五 00:56:20.519,1716483380519,NH-DC-NM129-D04-ROCE-Leaf-6.GPU.S9825,FourHundredGigE1/0/34,0,0,0,0,0,0
2024/05/24 星期五 00:56:21.021,1716483381021,NH-DC-NM129-D04-ROCE-Leaf-6.GPU.S9825,FourHundredGigE1/0/34,301394,1226733895,92013,297597434,3.04,0.72
2024/05/24 星期五 00:56:21.550,1716483381550,NH-DC-NM129-D04-ROCE-Leaf-6.GPU.S9825,FourHundredGigE1/0/34,0,0,0,0,0,0
2024/05/24 星期五 00:56:22.053,1716483382053,NH-DC-NM129-D04-ROCE-Leaf-6.GPU.S9825,FourHundredGigE1/0/34,177657,668585356,133411,478569566,1.64,1.17
2024/05/24 星期五 00:56:23.174,1716483383174,NH-DC-NM129-D04-ROCE-Leaf-6.GPU.S9825,FourHundredGigE1/0/34,147505,596512362,191390,683910868,0.66,0.76
2024/05/24 星期五 00:56:23.677,1716483383677,NH-DC-NM129-D04-ROCE-Leaf-6.GPU.S9825,FourHundredGigE1/0/34,0,0,0,0,0,0
2024/05/24 星期五 00:56:24.178,1716483384178,NH-DC-NM129-D04-ROCE-Leaf-6.GPU.S9825,FourHundredGigE1/0/34,88326,338099089,304778,1208957280,0.82,2.99
2024/05/24 星期五 00:56:24.748,1716483384748,NH-DC-NM129-D04-ROCE-Leaf-6.GPU.S9825,FourHundredGigE1/0/34,0,0,0,0,0,0
2024/05/24 星期五 00:56:25.256,1716483385256,NH-DC-NM129-D04-ROCE-Leaf-6.GPU.S9825,FourHundredGigE1/0/34,234232,923430008,294826,1114639940,2.26,2.73
2024/05/24 星期五 00:56:25.758,1716483385758,NH-DC-NM129-D04-ROCE-Leaf-6.GPU.S9825,FourHundredGigE1/0/34,138371,509430023,492688,1992071972,1.25,4.96
2024/05/24 星期五 00:56:26.592,1716483386592,NH-DC-NM129-D04-ROCE-Leaf-6.GPU.S9825,FourHundredGigE1/0/34,0,0,0,0,0,0
2024/05/24 星期五 00:56:27.093,1716483387093,NH-DC-NM129-D04-ROCE-Leaf-6.GPU.S9825,FourHundredGigE1/0/34,142151,447077826,122229,390107390,1.10,0.97
2024/05/24 星期五 00:56:27.594,1716483387594,NH-DC-NM129-D04-ROCE-Leaf-6.GPU.S9825,FourHundredGigE1/0/34,0,0,0,0,0,0
2024/05/24 星期五 00:56:28.142,1716483388142,NH-DC-NM129-D04-ROCE-Leaf-6.GPU.S9825,FourHundredGigE1/0/34,493877,1925447054,172931,671681158,4.38,1.53
2024/05/24 星期五 00:56:28.699,1716483388699,NH-DC-NM129-D04-ROCE-Leaf-6.GPU.S9825,FourHundredGigE1/0/34,0,0,0,0,0,0
2024/05/24 星期五 00:56:29.200,1716483389200,NH-DC-NM129-D04-ROCE-Leaf-6.GPU.S9825,FourHundredGigE1/0/34,120176,405424632,199512,746091648,1.00,1.85
2024/05/24 星期五 00:56:30.139,1716483390139,NH-DC-NM129-D04-ROCE-Leaf-6.GPU.S9825,FourHundredGigE1/0/34,163481,644783014,239584,932138876,0.85,1.24
2024/05/24 星期五 00:56:30.877,1716483390877,NH-DC-NM129-D04-ROCE-Leaf-6.GPU.S9825,FourHundredGigE1/0/34,141475,554334722,135894,532142796,0.93,0.90
2024/05/24 星期五 00:56:31.414,1716483391414,NH-DC-NM129-D04-ROCE-Leaf-6.GPU.S9825,FourHundredGigE1/0/34,0,0,0,0,0,0
2024/05/24 星期五 00:56:31.998,1716483391998,NH-DC-NM129-D04-ROCE-Leaf-6.GPU.S9825,FourHundredGigE1/0/34,323507,1255918648,618856,2433915380,2.68,5.20
2024/05/24 星期五 00:56:32.499,1716483392499,NH-DC-NM129-D04-ROCE-Leaf-6.GPU.S9825,FourHundredGigE1/0/34,0,0,0,0,0,0
2024/05/24 星期五 00:56:33.001,1716483393001,NH-DC-NM129-D04-ROCE-Leaf-6.GPU.S9825,FourHundredGigE1/0/34,456512,1724025326,179272,695286908,4.28,1.72
2024/05/24 星期五 00:56:35.427,1716483395427,NH-DC-NM129-D04-ROCE-Leaf-6.GPU.S9825,FourHundredGigE1/0/34,355732,1344448921,327028,1233330452,0.69,0.63
2024/05/24 星期五 00:56:35.931,1716483395931,NH-DC-NM129-D04-ROCE-Leaf-6.GPU.S9825,FourHundredGigE1/0/34,232910,752342126,264914,1008084844,1.86,2.48
2024/05/24 星期五 00:56:36.570,1716483396570,NH-DC-NM129-D04-ROCE-Leaf-6.GPU.S9825,FourHundredGigE1/0/34,0,0,0,0,0,0
2024/05/24 星期五 00:56:37.245,1716483397245,NH-DC-NM129-D04-ROCE-Leaf-6.GPU.S9825,FourHundredGigE1/0/34,314646,1108138493,204939,801461052,2.04,1.48
2024/05/24 星期五 00:56:37.837,1716483397837,NH-DC-NM129-D04-ROCE-Leaf-6.GPU.S9825,FourHundredGigE1/0/34,196874,738442478,259793,1021277720,1.54,2.15
2024/05/24 星期五 00:56:38.372,1716483398372,NH-DC-NM129-D04-ROCE-Leaf-6.GPU.S9825,FourHundredGigE1/0/34,0,0,0,0,0,0
2024/05/24 星期五 00:56:38.876,1716483398876,NH-DC-NM129-D04-ROCE-Leaf-6.GPU.S9825,FourHundredGigE1/0/34,170034,649521116,496906,2030843928,1.59,5.03
2024/05/24 星期五 00:56:39.414,1716483399414,NH-DC-NM129-D04-ROCE-Leaf-6.GPU.S9825,FourHundredGigE1/0/34,0,0,0,0,0,0
2024/05/24 星期五 00:56:40.041,1716483400041,NH-DC-NM129-D04-ROCE-Leaf-6.GPU.S9825,FourHundredGigE1/0/34,102575,358225378,51327,189166870,0.70,0.36
2024/05/24 星期五 00:56:40.663,1716483400663,NH-DC-NM129-D04-ROCE-Leaf-6.GPU.S9825,FourHundredGigE1/0/34,59868,199517848,57814,185776828,0.38,0.36
2024/05/24 星期五 00:56:41.351,1716483401351,NH-DC-NM129-D04-ROCE-Leaf-6.GPU.S9825,FourHundredGigE1/0/34,0,0,0,0,0,0
2024/05/24 星期五 00:56:42.041,1716483402041,NH-DC-NM129-D04-ROCE-Leaf-6.GPU.S9825,FourHundredGigE1/0/34,336985,1330035378,139614,534040220,2.41,0.96
2024/05/24 星期五 00:56:42.562,1716483402562,NH-DC-NM129-D04-ROCE-Leaf-6.GPU.S9825,FourHundredGigE1/0/34,0,0,0,0,0,0
2024/05/24 星期五 00:56:43.122,1716483403122,NH-DC-NM129-D04-ROCE-Leaf-6.GPU.S9825,FourHundredGigE1/0/34,619347,2485606027,287108,1116040996,5.54,2.48
2024/05/24 星期五 00:56:43.869,1716483403869,NH-DC-NM129-D04-ROCE-Leaf-6.GPU.S9825,FourHundredGigE1/0/34,265316,1000714318,131228,504736904,1.67,0.84
2024/05/24 星期五 00:56:44.676,1716483404676,NH-DC-NM129-D04-ROCE-Leaf-6.GPU.S9825,FourHundredGigE1/0/34,0,0,0,0,0,0
2024/05/24 星期五 00:56:45.253,1716483405253,NH-DC-NM129-D04-ROCE-Leaf-6.GPU.S9825,FourHundredGigE1/0/34,248844,887350562,298147,1150209975,1.91,2.49
2024/05/24 星期五 00:56:45.753,1716483405753,NH-DC-NM129-D04-ROCE-Leaf-6.GPU.S9825,FourHundredGigE1/0/34,0,0,0,0,0,0
2024/05/24 星期五 00:56:46.255,1716483406255,NH-DC-NM129-D04-ROCE-Leaf-6.GPU.S9825,FourHundredGigE1/0/34,132654,480321528,149501,549879778,1.20,1.34
2024/05/24 星期五 00:56:47.317,1716483407317,NH-DC-NM129-D04-ROCE-Leaf-6.GPU.S9825,FourHundredGigE1/0/34,62588,214966553,155102,578815144,0.25,0.67
2024/05/24 星期五 00:56:47.975,1716483407975,NH-DC-NM129-D04-ROCE-Leaf-6.GPU.S9825,FourHundredGigE1/0/34,173207,666698750,143697,550366294,1.25,1.04
2024/05/24 星期五 00:56:48.553,1716483408553,NH-DC-NM129-D04-ROCE-Leaf-6.GPU.S9825,FourHundredGigE1/0/34,0,0,0,0,0,0
2024/05/24 星期五 00:56:49.053,1716483409053,NH-DC-NM129-D04-ROCE-Leaf-6.GPU.S9825,FourHundredGigE1/0/34,133495,488428582,257059,999683834,1.2,2.48
2024/05/24 星期五 00:56:49.554,1716483409554,NH-DC-NM129-D04-ROCE-Leaf-6.GPU.S9825,FourHundredGigE1/0/34,0,0,0,0,0,0
2024/05/24 星期五 00:56:50.056,1716483410056,NH-DC-NM129-D04-ROCE-Leaf-6.GPU.S9825,FourHundredGigE1/0/34,771181,3099981678,318999,1262776566,7.69,3.14
2024/05/24 星期五 00:56:50.710,1716483410710,NH-DC-NM129-D04-ROCE-Leaf-6.GPU.S9825,FourHundredGigE1/0/34,961911,3911232639,1006630,4093389788,7.47,7.82
2024/05/24 星期五 00:56:52.050,1716483412050,NH-DC-NM129-D04-ROCE-Leaf-6.GPU.S9825,FourHundredGigE1/0/34,1041264,4227646944,866266,3499784736,3.94,3.26
2024/05/24 星期五 00:56:52.554,1716483412554,NH-DC-NM129-D04-ROCE-Leaf-6.GPU.S9825,FourHundredGigE1/0/34,0,0,0,0,0,0
2024/05/24 星期五 00:56:53.055,1716483413055,NH-DC-NM129-D04-ROCE-Leaf-6.GPU.S9825,FourHundredGigE1/0/34,1070278,4351523642,214107,821485498,10.85,2.05
2024/05/24 星期五 00:56:53.937,1716483413937,NH-DC-NM129-D04-ROCE-Leaf-6.GPU.S9825,FourHundredGigE1/0/34,836694,3381922059,163826,584383000,4.79,0.82
2024/05/24 星期五 00:56:54.665,1716483414665,NH-DC-NM129-D04-ROCE-Leaf-6.GPU.S9825,FourHundredGigE1/0/34,244035,968242404,125772,443052468,1.65,0.76
2024/05/24 星期五 00:56:55.438,1716483415438,NH-DC-NM129-D04-ROCE-Leaf-6.GPU.S9825,FourHundredGigE1/0/34,0,0,0,0,0,0
2024/05/24 星期五 00:56:55.986,1716483415986,NH-DC-NM129-D04-ROCE-Leaf-6.GPU.S9825,FourHundredGigE1/0/34,159482,578144362,204648,753928660,1.30,1.71
2024/05/24 星期五 00:56:56.489,1716483416489,NH-DC-NM129-D04-ROCE-Leaf-6.GPU.S9825,FourHundredGigE1/0/34,0,0,0,0,0,0
2024/05/24 星期五 00:56:57.221,1716483417221,NH-DC-NM129-D04-ROCE-Leaf-6.GPU.S9825,FourHundredGigE1/0/34,271369,1062665594,181580,692737276,1.81,1.18
2024/05/24 星期五 00:56:57.824,1716483417824,NH-DC-NM129-D04-ROCE-Leaf-6.GPU.S9825,FourHundredGigE1/0/34,199673,779146986,73805,291819558,1.60,0.60
2024/05/24 星期五 00:56:58.357,1716483418357,NH-DC-NM129-D04-ROCE-Leaf-6.GPU.S9825,FourHundredGigE1/0/34,0,0,0,0,0,0
2024/05/24 星期五 00:56:58.960,1716483418960,NH-DC-NM129-D04-ROCE-Leaf-6.GPU.S9825,FourHundredGigE1/0/34,274294,1072868045,240392,936687624,2.22,1.93
2024/05/24 星期五 00:56:59.527,1716483419527,NH-DC-NM129-D04-ROCE-Leaf-6.GPU.S9825,FourHundredGigE1/0/34,0,0,0,0,0,0
2024/05/24 星期五 00:57:00.030,1716483420030,NH-DC-NM129-D04-ROCE-Leaf-6.GPU.S9825,FourHundredGigE1/0/34,145142,464026260,182068,648411280,1.14,1.59
2024/05/24 星期五 00:57:00.872,1716483420872,NH-DC-NM129-D04-ROCE-Leaf-6.GPU.S9825,FourHundredGigE1/0/34,184852,712757753,294282,1137428048,1.05,1.68
2024/05/24 星期五 00:57:01.422,1716483421422,NH-DC-NM129-D04-ROCE-Leaf-6.GPU.S9825,FourHundredGigE1/0/34,0,0,0,0,0,0
2024/05/24 星期五 00:57:02.017,1716483422017,NH-DC-NM129-D04-ROCE-Leaf-6.GPU.S9825,FourHundredGigE1/0/34,189864,696586386,159217,601615282,1.45,1.26
2024/05/24 星期五 00:57:03.387,1716483423387,NH-DC-NM129-D04-ROCE-Leaf-6.GPU.S9825,FourHundredGigE1/0/34,499410,1885678922,588983,2279868646,1.72,2.07
2024/05/24 星期五 00:57:04.832,1716483424832,NH-DC-NM129-D04-ROCE-Leaf-6.GPU.S9825,FourHundredGigE1/0/34,77217,297998886,140706,500881596,0.25,0.43
2024/05/24 星期五 00:57:05.429,1716483425429,NH-DC-NM129-D04-ROCE-Leaf-6.GPU.S9825,FourHundredGigE1/0/34,0,0,0,0,0,0
2024/05/24 星期五 00:57:06.002,1716483426002,NH-DC-NM129-D04-ROCE-Leaf-6.GPU.S9825,FourHundredGigE1/0/34,73935,256533879,80361,257005150,0.55,0.55
2024/05/24 星期五 00:57:06.511,1716483426511,NH-DC-NM129-D04-ROCE-Leaf-6.GPU.S9825,FourHundredGigE1/0/34,0,0,0,0,0,0
2024/05/24 星期五 00:57:07.019,1716483427019,NH-DC-NM129-D04-ROCE-Leaf-6.GPU.S9825,FourHundredGigE1/0/34,222265,908842794,67172,177025444,2.21,0.42
2024/05/24 星期五 00:57:07.549,1716483427549,NH-DC-NM129-D04-ROCE-Leaf-6.GPU.S9825,FourHundredGigE1/0/34,0,0,0,0,0,0
2024/05/24 星期五 00:57:08.263,1716483428263,NH-DC-NM129-D04-ROCE-Leaf-6.GPU.S9825,FourHundredGigE1/0/34,53673,184033243,97367,323356046,0.32,0.56
2024/05/24 星期五 00:57:08.837,1716483428837,NH-DC-NM129-D04-ROCE-Leaf-6.GPU.S9825,FourHundredGigE1/0/34,108230,409108640,57440,219600528,0.87,0.46
2024/05/24 星期五 00:57:09.413,1716483429413,NH-DC-NM129-D04-ROCE-Leaf-6.GPU.S9825,FourHundredGigE1/0/34,0,0,0,0,0,0
2024/05/24 星期五 00:57:09.968,1716483429968,NH-DC-NM129-D04-ROCE-Leaf-6.GPU.S9825,FourHundredGigE1/0/34,285494,1078485218,491042,1932938204,2.41,4.35
2024/05/24 星期五 00:57:10.482,1716483430482,NH-DC-NM129-D04-ROCE-Leaf-6.GPU.S9825,FourHundredGigE1/0/34,0,0,0,0,0,0
2024/05/24 星期五 00:57:11.133,1716483431133,NH-DC-NM129-D04-ROCE-Leaf-6.GPU.S9825,FourHundredGigE1/0/34,61570,179122958,277468,1055890324,0.33,2.02
2024/05/24 星期五 00:57:11.990,1716483431990,NH-DC-NM129-D04-ROCE-Leaf-6.GPU.S9825,FourHundredGigE1/0/34,89891,329229039,272964,985790184,0.47,1.43
2024/05/24 星期五 00:57:12.515,1716483432515,NH-DC-NM129-D04-ROCE-Leaf-6.GPU.S9825,FourHundredGigE1/0/34,0,0,0,0,0,0
2024/05/24 星期五 00:57:13.022,1716483433022,NH-DC-NM129-D04-ROCE-Leaf-6.GPU.S9825,FourHundredGigE1/0/34,87317,303062159,102480,381528636,0.74,0.94
2024/05/24 星期五 00:57:13.585,1716483433585,NH-DC-NM129-D04-ROCE-Leaf-6.GPU.S9825,FourHundredGigE1/0/34,0,0,0,0,0,0
2024/05/24 星期五 00:57:14.088,1716483434088,NH-DC-NM129-D04-ROCE-Leaf-6.GPU.S9825,FourHundredGigE1/0/34,159565,605293758,119072,450371388,1.49,1.12
2024/05/24 星期五 00:57:14.613,1716483434613,NH-DC-NM129-D04-ROCE-Leaf-6.GPU.S9825,FourHundredGigE1/0/34,0,0,0,0,0,0
2024/05/24 星期五 00:57:15.431,1716483435431,NH-DC-NM129-D04-ROCE-Leaf-6.GPU.S9825,FourHundredGigE1/0/34,93439,330225606,126554,462008660,0.50,0.70
2024/05/24 星期五 00:57:16.083,1716483436083,NH-DC-NM129-D04-ROCE-Leaf-6.GPU.S9825,FourHundredGigE1/0/34,201299,817307406,242032,806586104,1.55,1.53
2024/05/24 星期五 00:57:16.655,1716483436655,NH-DC-NM129-D04-ROCE-Leaf-6.GPU.S9825,FourHundredGigE1/0/34,0,0,0,0,0,0
2024/05/24 星期五 00:57:17.234,1716483437234,NH-DC-NM129-D04-ROCE-Leaf-6.GPU.S9825,FourHundredGigE1/0/34,32287,109202298,358651,1304246394,0.22,2.81
2024/05/24 星期五 00:57:17.734,1716483437734,NH-DC-NM129-D04-ROCE-Leaf-6.GPU.S9825,FourHundredGigE1/0/34,0,0,0,0,0,0
2024/05/24 星期五 00:57:18.234,1716483438234,NH-DC-NM129-D04-ROCE-Leaf-6.GPU.S9825,FourHundredGigE1/0/34,84033,325803358,610573,2494386262,0.8,6.22
2024/05/24 星期五 00:57:18.954,1716483438954,NH-DC-NM129-D04-ROCE-Leaf-6.GPU.S9825,FourHundredGigE1/0/34,205287,732118354,104121,410099238,1.27,0.71
2024/05/24 星期五 00:57:19.549,1716483439549,NH-DC-NM129-D04-ROCE-Leaf-6.GPU.S9825,FourHundredGigE1/0/34,0,0,0,0,0,0
2024/05/24 星期五 00:57:20.067,1716483440067,NH-DC-NM129-D04-ROCE-Leaf-6.GPU.S9825,FourHundredGigE1/0/34,229154,857286872,134283,512997638,2.05,1.23
2024/05/24 星期五 00:57:20.661,1716483440661,NH-DC-NM129-D04-ROCE-Leaf-6.GPU.S9825,FourHundredGigE1/0/34,0,0,0,0,0,0
2024/05/24 星期五 00:57:21.176,1716483441176,NH-DC-NM129-D04-ROCE-Leaf-6.GPU.S9825,FourHundredGigE1/0/34,291991,1152303418,454854,1720238758,2.79,4.17
2024/05/24 星期五 00:57:21.870,1716483441870,NH-DC-NM129-D04-ROCE-Leaf-6.GPU.S9825,FourHundredGigE1/0/34,191453,729393510,268054,1018929246,1.30,1.82
2024/05/24 星期五 00:57:22.485,1716483442485,NH-DC-NM129-D04-ROCE-Leaf-6.GPU.S9825,FourHundredGigE1/0/34,0,0,0,0,0,0
2024/05/24 星期五 00:57:23.011,1716483443011,NH-DC-NM129-D04-ROCE-Leaf-6.GPU.S9825,FourHundredGigE1/0/34,201445,797095410,173971,629740194,1.88,1.47
2024/05/24 星期五 00:57:23.546,1716483443546,NH-DC-NM129-D04-ROCE-Leaf-6.GPU.S9825,FourHundredGigE1/0/34,0,0,0,0,0,0
2024/05/24 星期五 00:57:24.050,1716483444050,NH-DC-NM129-D04-ROCE-Leaf-6.GPU.S9825,FourHundredGigE1/0/34,275367,1105660354,348043,1341015994,2.73,3.32
2024/05/24 星期五 00:57:24.551,1716483444551,NH-DC-NM129-D04-ROCE-Leaf-6.GPU.S9825,FourHundredGigE1/0/34,0,0,0,0,0,0
2024/05/24 星期五 00:57:25.052,1716483445052,NH-DC-NM129-D04-ROCE-Leaf-6.GPU.S9825,FourHundredGigE1/0/34,474214,1903981488,308937,1216719338,4.74,3.02
2024/05/24 星期五 00:57:25.697,1716483445697,NH-DC-NM129-D04-ROCE-Leaf-6.GPU.S9825,FourHundredGigE1/0/34,203285,742142635,260347,1034624482,1.43,2.00
2024/05/24 星期五 00:57:26.307,1716483446307,NH-DC-NM129-D04-ROCE-Leaf-6.GPU.S9825,FourHundredGigE1/0/34,0,0,0,0,0,0
2024/05/24 星期五 00:57:26.844,1716483446844,NH-DC-NM129-D04-ROCE-Leaf-6.GPU.S9825,FourHundredGigE1/0/34,235771,900405794,288696,1113922488,2.09,2.58
2024/05/24 星期五 00:57:27.345,1716483447345,NH-DC-NM129-D04-ROCE-Leaf-6.GPU.S9825,FourHundredGigE1/0/34,0,0,0,0,0,0
2024/05/24 星期五 00:57:27.845,1716483447845,NH-DC-NM129-D04-ROCE-Leaf-6.GPU.S9825,FourHundredGigE1/0/34,0,0,0,0,0,0
2024/05/24 星期五 00:57:28.348,1716483448348,NH-DC-NM129-D04-ROCE-Leaf-6.GPU.S9825,FourHundredGigE1/0/34,594437,2387033221,267808,1053035442,5.91,2.61
2024/05/24 星期五 00:57:29.110,1716483449110,NH-DC-NM129-D04-ROCE-Leaf-6.GPU.S9825,FourHundredGigE1/0/34,420813,1692900692,179069,688783524,2.77,1.12
2024/05/24 星期五 00:57:29.705,1716483449705,NH-DC-NM129-D04-ROCE-Leaf-6.GPU.S9825,FourHundredGigE1/0/34,0,0,0,0,0,0
2024/05/24 星期五 00:57:30.218,1716483450218,NH-DC-NM129-D04-ROCE-Leaf-6.GPU.S9825,FourHundredGigE1/0/34,443055,1789358842,133476,481804796,4.34,1.17
2024/05/24 星期五 00:57:30.795,1716483450795,NH-DC-NM129-D04-ROCE-Leaf-6.GPU.S9825,FourHundredGigE1/0/34,144332,564209872,156357,620945552,1.21,1.34
2024/05/24 星期五 00:57:31.312,1716483451312,NH-DC-NM129-D04-ROCE-Leaf-6.GPU.S9825,FourHundredGigE1/0/34,0,0,0,0,0,0
2024/05/24 星期五 00:57:32.211,1716483452211,NH-DC-NM129-D04-ROCE-Leaf-6.GPU.S9825,FourHundredGigE1/0/34,42061,132808894,394347,1617966072,0.18,2.24
2024/05/24 星期五 00:57:32.804,1716483452804,NH-DC-NM129-D04-ROCE-Leaf-6.GPU.S9825,FourHundredGigE1/0/34,124506,464482802,140917,565621754,0.97,1.18
2024/05/24 星期五 00:57:33.308,1716483453308,NH-DC-NM129-D04-ROCE-Leaf-6.GPU.S9825,FourHundredGigE1/0/34,0,0,0,0,0,0
2024/05/24 星期五 00:57:33.809,1716483453809,NH-DC-NM129-D04-ROCE-Leaf-6.GPU.S9825,FourHundredGigE1/0/34,186105,720099380,145424,540967352,1.80,1.35
2024/05/24 星期五 00:57:34.330,1716483454330,NH-DC-NM129-D04-ROCE-Leaf-6.GPU.S9825,FourHundredGigE1/0/34,0,0,0,0,0,0
2024/05/24 星期五 00:57:34.833,1716483454833,NH-DC-NM129-D04-ROCE-Leaf-6.GPU.S9825,FourHundredGigE1/0/34,291479,1140966974,315980,1259644424,2.83,3.11
2024/05/24 星期五 00:57:35.584,1716483455584,NH-DC-NM129-D04-ROCE-Leaf-6.GPU.S9825,FourHundredGigE1/0/34,0,0,0,0,0,0
2024/05/24 星期五 00:57:36.195,1716483456195,NH-DC-NM129-D04-ROCE-Leaf-6.GPU.S9825,FourHundredGigE1/0/34,93829,338994970,104202,378092540,0.68,0.76
2024/05/24 星期五 00:57:36.705,1716483456705,NH-DC-NM129-D04-ROCE-Leaf-6.GPU.S9825,FourHundredGigE1/0/34,0,0,0,0,0,0
2024/05/24 星期五 00:57:37.281,1716483457281,NH-DC-NM129-D04-ROCE-Leaf-6.GPU.S9825,FourHundredGigE1/0/34,112689,388361354,325289,1300511834,0.82,2.82
2024/05/24 星期五 00:57:37.789,1716483457789,NH-DC-NM129-D04-ROCE-Leaf-6.GPU.S9825,FourHundredGigE1/0/34,0,0,0,0,0,0
2024/05/24 星期五 00:57:38.289,1716483458289,NH-DC-NM129-D04-ROCE-Leaf-6.GPU.S9825,FourHundredGigE1/0/34,368299,1450844230,199531,763288116,3.62,1.9
2024/05/24 星期五 00:57:39.142,1716483459142,NH-DC-NM129-D04-ROCE-Leaf-6.GPU.S9825,FourHundredGigE1/0/34,76197,273009824,236925,914250552,0.40,1.33
2024/05/24 星期五 00:57:39.734,1716483459734,NH-DC-NM129-D04-ROCE-Leaf-6.GPU.S9825,FourHundredGigE1/0/34,0,0,0,0,0,0
2024/05/24 星期五 00:57:40.248,1716483460248,NH-DC-NM129-D04-ROCE-Leaf-6.GPU.S9825,FourHundredGigE1/0/34,217439,839376924,247219,947202510,2.02,2.29
2024/05/24 星期五 00:57:40.844,1716483460844,NH-DC-NM129-D04-ROCE-Leaf-6.GPU.S9825,FourHundredGigE1/0/34,127588,430262612,169257,664919434,0.90,1.38
2024/05/24 星期五 00:57:41.369,1716483461369,NH-DC-NM129-D04-ROCE-Leaf-6.GPU.S9825,FourHundredGigE1/0/34,0,0,0,0,0,0
2024/05/24 星期五 00:57:42.130,1716483462130,NH-DC-NM129-D04-ROCE-Leaf-6.GPU.S9825,FourHundredGigE1/0/34,435610,1788497647,520813,2079761938,2.92,3.40
2024/05/24 星期五 00:57:43.231,1716483463231,NH-DC-NM129-D04-ROCE-Leaf-6.GPU.S9825,FourHundredGigE1/0/34,238750,859835751,107879,247067014,0.97,0.27
2024/05/24 星期五 00:57:43.733,1716483463733,NH-DC-NM129-D04-ROCE-Leaf-6.GPU.S9825,FourHundredGigE1/0/34,198959,708919634,204946,745660088,1.74,1.84
2024/05/24 星期五 00:57:44.425,1716483464425,NH-DC-NM129-D04-ROCE-Leaf-6.GPU.S9825,FourHundredGigE1/0/34,0,0,0,0,0,0
2024/05/24 星期五 00:57:44.970,1716483464970,NH-DC-NM129-D04-ROCE-Leaf-6.GPU.S9825,FourHundredGigE1/0/34,180480,698392656,140751,483319834,1.58,1.10
2024/05/24 星期五 00:57:45.490,1716483465490,NH-DC-NM129-D04-ROCE-Leaf-6.GPU.S9825,FourHundredGigE1/0/34,0,0,0,0,0,0
2024/05/24 星期五 00:57:46.138,1716483466138,NH-DC-NM129-D04-ROCE-Leaf-6.GPU.S9825,FourHundredGigE1/0/34,264985,1059406210,370489,1492735720,2.03,2.87
2024/05/24 星期五 00:57:47.057,1716483467057,NH-DC-NM129-D04-ROCE-Leaf-6.GPU.S9825,FourHundredGigE1/0/34,210560,776800336,136464,534758196,1.05,0.72
2024/05/24 星期五 00:57:47.619,1716483467619,NH-DC-NM129-D04-ROCE-Leaf-6.GPU.S9825,FourHundredGigE1/0/34,0,0,0,0,0,0
2024/05/24 星期五 00:57:48.252,1716483468252,NH-DC-NM129-D04-ROCE-Leaf-6.GPU.S9825,FourHundredGigE1/0/34,148187,543762426,143843,509419680,1.07,0.99
2024/05/24 星期五 00:57:48.753,1716483468753,NH-DC-NM129-D04-ROCE-Leaf-6.GPU.S9825,FourHundredGigE1/0/34,395865,1586466570,182696,658749380,3.94,1.62
2024/05/24 星期五 00:57:49.494,1716483469494,NH-DC-NM129-D04-ROCE-Leaf-6.GPU.S9825,FourHundredGigE1/0/34,0,0,0,0,0,0
2024/05/24 星期五 00:57:50.128,1716483470128,NH-DC-NM129-D04-ROCE-Leaf-6.GPU.S9825,FourHundredGigE1/0/34,179180,639529505,219511,813395906,1.24,1.60
2024/05/24 星期五 00:57:50.629,1716483470629,NH-DC-NM129-D04-ROCE-Leaf-6.GPU.S9825,FourHundredGigE1/0/34,0,0,0,0,0,0
2024/05/24 星期五 00:57:51.130,1716483471130,NH-DC-NM129-D04-ROCE-Leaf-6.GPU.S9825,FourHundredGigE1/0/34,117330,427025552,194942,757930384,1.05,1.87
2024/05/24 星期五 00:57:51.651,1716483471651,NH-DC-NM129-D04-ROCE-Leaf-6.GPU.S9825,FourHundredGigE1/0/34,0,0,0,0,0,0
2024/05/24 星期五 00:57:52.815,1716483472815,NH-DC-NM129-D04-ROCE-Leaf-6.GPU.S9825,FourHundredGigE1/0/34,487466,1877634403,353473,1326624592,2.01,1.42
2024/05/24 星期五 00:57:53.432,1716483473432,NH-DC-NM129-D04-ROCE-Leaf-6.GPU.S9825,FourHundredGigE1/0/34,0,0,0,0,0,0
2024/05/24 星期五 00:57:53.976,1716483473976,NH-DC-NM129-D04-ROCE-Leaf-6.GPU.S9825,FourHundredGigE1/0/34,297933,1198784162,405606,1550461934,2.73,3.56
2024/05/24 星期五 00:57:54.610,1716483474610,NH-DC-NM129-D04-ROCE-Leaf-6.GPU.S9825,FourHundredGigE1/0/34,0,0,0,0,0,0
2024/05/24 星期五 00:57:55.250,1716483475250,NH-DC-NM129-D04-ROCE-Leaf-6.GPU.S9825,FourHundredGigE1/0/34,241442,923498702,175265,611492366,1.80,1.19
2024/05/24 星期五 00:57:56.435,1716483476435,NH-DC-NM129-D04-ROCE-Leaf-6.GPU.S9825,FourHundredGigE1/0/34,201483,787327110,90255,320356374,0.82,0.34
2024/05/24 星期五 00:57:57.126,1716483477126,NH-DC-NM129-D04-ROCE-Leaf-6.GPU.S9825,FourHundredGigE1/0/34,414966,1702442084,400991,1634338294,3.08,2.95
2024/05/24 星期五 00:57:59.436,1716483479436,NH-DC-NM129-D04-ROCE-Leaf-6.GPU.S9825,FourHundredGigE1/0/34,250394,956663549,252775,969848446,0.51,0.52
2024/05/24 星期五 00:57:59.949,1716483479949,NH-DC-NM129-D04-ROCE-Leaf-6.GPU.S9825,FourHundredGigE1/0/34,524929,2121063222,236064,928377824,5.17,2.24
2024/05/24 星期五 00:58:00.584,1716483480584,NH-DC-NM129-D04-ROCE-Leaf-6.GPU.S9825,FourHundredGigE1/0/34,0,0,0,0,0,0
2024/05/24 星期五 00:58:01.085,1716483481085,NH-DC-NM129-D04-ROCE-Leaf-6.GPU.S9825,FourHundredGigE1/0/34,187359,709458426,127550,467728136,1.75,1.15
2024/05/24 星期五 00:58:01.652,1716483481652,NH-DC-NM129-D04-ROCE-Leaf-6.GPU.S9825,FourHundredGigE1/0/34,0,0,0,0,0,0
2024/05/24 星期五 00:58:02.156,1716483482156,NH-DC-NM129-D04-ROCE-Leaf-6.GPU.S9825,FourHundredGigE1/0/34,235647,721632354,588920,2300851728,1.79,5.70
2024/05/24 星期五 00:58:04.266,1716483484266,NH-DC-NM129-D04-ROCE-Leaf-6.GPU.S9825,FourHundredGigE1/0/34,335284,1045320568,18206,51001916,0.62,0.03
2024/05/24 星期五 00:58:05.017,1716483485017,NH-DC-NM129-D04-ROCE-Leaf-6.GPU.S9825,FourHundredGigE1/0/34,220077,345555760,116513,456287084,0.57,0.75
2024/05/24 星期五 00:58:05.745,1716483485745,NH-DC-NM129-D04-ROCE-Leaf-6.GPU.S9825,FourHundredGigE1/0/34,0,0,0,0,0,0
2024/05/24 星期五 00:58:06.255,1716483486255,NH-DC-NM129-D04-ROCE-Leaf-6.GPU.S9825,FourHundredGigE1/0/34,85269,83973358,135298,526812846,0.20,1.27
2024/05/24 星期五 00:58:06.854,1716483486854,NH-DC-NM129-D04-ROCE-Leaf-6.GPU.S9825,FourHundredGigE1/0/34,179623,721988048,67488,249504764,1.50,0.50
2024/05/24 星期五 00:58:07.648,1716483487648,NH-DC-NM129-D04-ROCE-Leaf-6.GPU.S9825,FourHundredGigE1/0/34,0,0,0,0,0,0
2024/05/24 星期五 00:58:08.196,1716483488196,NH-DC-NM129-D04-ROCE-Leaf-6.GPU.S9825,FourHundredGigE1/0/34,135765,450357840,101227,362385754,1.03,0.82
2024/05/24 星期五 00:58:08.821,1716483488821,NH-DC-NM129-D04-ROCE-Leaf-6.GPU.S9825,FourHundredGigE1/0/34,79453,294444682,184078,732113292,0.58,1.46
2024/05/24 星期五 00:58:09.363,1716483489363,NH-DC-NM129-D04-ROCE-Leaf-6.GPU.S9825,FourHundredGigE1/0/34,0,0,0,0,0,0
2024/05/24 星期五 00:58:09.867,1716483489867,NH-DC-NM129-D04-ROCE-Leaf-6.GPU.S9825,FourHundredGigE1/0/34,119250,437705610,198015,658529242,1.07,1.61
2024/05/24 星期五 00:58:10.413,1716483490413,NH-DC-NM129-D04-ROCE-Leaf-6.GPU.S9825,FourHundredGigE1/0/34,0,0,0,0,0,0
2024/05/24 星期五 00:58:11.351,1716483491351,NH-DC-NM129-D04-ROCE-Leaf-6.GPU.S9825,FourHundredGigE1/0/34,82835,308172456,487610,1970285204,0.40,2.63
2024/05/24 星期五 00:58:11.987,1716483491987,NH-DC-NM129-D04-ROCE-Leaf-6.GPU.S9825,FourHundredGigE1/0/34,151729,570773808,188206,703571608,1.12,1.38
2024/05/24 星期五 00:58:12.508,1716483492508,NH-DC-NM129-D04-ROCE-Leaf-6.GPU.S9825,FourHundredGigE1/0/34,0,0,0,0,0,0
2024/05/24 星期五 00:58:13.009,1716483493009,NH-DC-NM129-D04-ROCE-Leaf-6.GPU.S9825,FourHundredGigE1/0/34,128929,491049153,141429,477981854,1.22,1.17
2024/05/24 星期五 00:58:13.619,1716483493619,NH-DC-NM129-D04-ROCE-Leaf-6.GPU.S9825,FourHundredGigE1/0/34,0,0,0,0,0,0
2024/05/24 星期五 00:58:14.324,1716483494324,NH-DC-NM129-D04-ROCE-Leaf-6.GPU.S9825,FourHundredGigE1/0/34,337340,1297557050,288567,1080630842,2.29,1.91
2024/05/24 星期五 00:58:15.060,1716483495060,NH-DC-NM129-D04-ROCE-Leaf-6.GPU.S9825,FourHundredGigE1/0/34,549126,2216037258,382469,1499911734,3.75,2.53
2024/05/24 星期五 00:58:15.657,1716483495657,NH-DC-NM129-D04-ROCE-Leaf-6.GPU.S9825,FourHundredGigE1/0/34,0,0,0,0,0,0
2024/05/24 星期五 00:58:16.161,1716483496161,NH-DC-NM129-D04-ROCE-Leaf-6.GPU.S9825,FourHundredGigE1/0/34,135085,397004914,175868,544788152,0.97,1.34
2024/05/24 星期五 00:58:16.663,1716483496663,NH-DC-NM129-D04-ROCE-Leaf-6.GPU.S9825,FourHundredGigE1/0/34,0,0,0,0,0,0
2024/05/24 星期五 00:58:17.161,1716483497161,NH-DC-NM129-D04-ROCE-Leaf-6.GPU.S9825,FourHundredGigE1/0/34,115004,402644200,174901,588065706,1.00,1.46
2024/05/24 星期五 00:58:17.817,1716483497817,NH-DC-NM129-D04-ROCE-Leaf-6.GPU.S9825,FourHundredGigE1/0/34,0,0,0,0,0,0
2024/05/24 星期五 00:58:18.317,1716483498317,NH-DC-NM129-D04-ROCE-Leaf-6.GPU.S9825,FourHundredGigE1/0/34,562032,2243867682,413883,1655285718,5.6,4.12
2024/05/24 星期五 00:58:18.958,1716483498958,NH-DC-NM129-D04-ROCE-Leaf-6.GPU.S9825,FourHundredGigE1/0/34,224686,857717314,171149,648553674,1.66,1.25
2024/05/24 星期五 00:58:19.461,1716483499461,NH-DC-NM129-D04-ROCE-Leaf-6.GPU.S9825,FourHundredGigE1/0/34,0,0,0,0,0,0
2024/05/24 星期五 00:58:19.962,1716483499962,NH-DC-NM129-D04-ROCE-Leaf-6.GPU.S9825,FourHundredGigE1/0/34,252800,990461572,221939,833234670,2.47,2.07
2024/05/24 星期五 00:58:20.568,1716483500568,NH-DC-NM129-D04-ROCE-Leaf-6.GPU.S9825,FourHundredGigE1/0/34,308215,1198582630,130266,487966528,2.45,0.99
2024/05/24 星期五 00:58:21.308,1716483501308,NH-DC-NM129-D04-ROCE-Leaf-6.GPU.S9825,FourHundredGigE1/0/34,0,0,0,0,0,0
2024/05/24 星期五 00:58:21.896,1716483501896,NH-DC-NM129-D04-ROCE-Leaf-6.GPU.S9825,FourHundredGigE1/0/34,165675,626109778,355720,1372591644,1.32,2.91
2024/05/24 星期五 00:58:22.537,1716483502537,NH-DC-NM129-D04-ROCE-Leaf-6.GPU.S9825,FourHundredGigE1/0/34,0,0,0,0,0,0
2024/05/24 星期五 00:58:23.038,1716483503038,NH-DC-NM129-D04-ROCE-Leaf-6.GPU.S9825,FourHundredGigE1/0/34,95391,337734214,226845,822345242,0.82,2.05
2024/05/24 星期五 00:58:23.539,1716483503539,NH-DC-NM129-D04-ROCE-Leaf-6.GPU.S9825,FourHundredGigE1/0/34,0,0,0,0,0,0
2024/05/24 星期五 00:58:24.042,1716483504042,NH-DC-NM129-D04-ROCE-Leaf-6.GPU.S9825,FourHundredGigE1/0/34,155381,568866014,204923,821748342,1.39,2.04
2024/05/24 星期五 00:58:24.781,1716483504781,NH-DC-NM129-D04-ROCE-Leaf-6.GPU.S9825,FourHundredGigE1/0/34,0,0,0,0,0,0
2024/05/24 星期五 00:58:25.343,1716483505343,NH-DC-NM129-D04-ROCE-Leaf-6.GPU.S9825,FourHundredGigE1/0/34,308993,1231677850,71550,245331624,2.74,0.53
2024/05/24 星期五 00:58:26.024,1716483506024,NH-DC-NM129-D04-ROCE-Leaf-6.GPU.S9825,FourHundredGigE1/0/34,243120,905128574,260621,1044489926,1.65,1.91
2024/05/24 星期五 00:58:26.526,1716483506526,NH-DC-NM129-D04-ROCE-Leaf-6.GPU.S9825,FourHundredGigE1/0/34,0,0,0,0,0,0
2024/05/24 星期五 00:58:29.842,1716483509842,NH-DC-NM129-D04-ROCE-Leaf-6.GPU.S9825,FourHundredGigE1/0/34,653532,2518808410,535544,1987051056,0.95,0.75
2024/05/24 星期五 00:58:30.394,1716483510394,NH-DC-NM129-D04-ROCE-Leaf-6.GPU.S9825,FourHundredGigE1/0/34,0,0,0,0,0,0
2024/05/24 星期五 00:58:31.135,1716483511135,NH-DC-NM129-D04-ROCE-Leaf-6.GPU.S9825,FourHundredGigE1/0/34,242890,945867764,192685,752321195,1.59,1.27
2024/05/24 星期五 00:58:31.661,1716483511661,NH-DC-NM129-D04-ROCE-Leaf-6.GPU.S9825,FourHundredGigE1/0/34,0,0,0,0,0,0
2024/05/24 星期五 00:58:32.199,1716483512199,NH-DC-NM129-D04-ROCE-Leaf-6.GPU.S9825,FourHundredGigE1/0/34,167206,583040336,129218,454174340,1.35,1.05
2024/05/24 星期五 00:58:32.816,1716483512816,NH-DC-NM129-D04-ROCE-Leaf-6.GPU.S9825,FourHundredGigE1/0/34,0,0,0,0,0,0
2024/05/24 星期五 00:58:33.319,1716483513319,NH-DC-NM129-D04-ROCE-Leaf-6.GPU.S9825,FourHundredGigE1/0/34,153998,484456036,534835,2159798502,1.19,5.34
2024/05/24 星期五 00:58:33.829,1716483513829,NH-DC-NM129-D04-ROCE-Leaf-6.GPU.S9825,FourHundredGigE1/0/34,188720,636517824,115272,413115188,1.54,1.00
2024/05/24 星期五 00:58:34.557,1716483514557,NH-DC-NM129-D04-ROCE-Leaf-6.GPU.S9825,FourHundredGigE1/0/34,0,0,0,0,0,0
2024/05/24 星期五 00:58:35.069,1716483515069,NH-DC-NM129-D04-ROCE-Leaf-6.GPU.S9825,FourHundredGigE1/0/34,207754,715056852,90331,339180742,1.73,0.81
2024/05/24 星期五 00:58:35.669,1716483515669,NH-DC-NM129-D04-ROCE-Leaf-6.GPU.S9825,FourHundredGigE1/0/34,219998,767453907,201878,687248416,1.58,1.42
2024/05/24 星期五 00:58:36.289,1716483516289,NH-DC-NM129-D04-ROCE-Leaf-6.GPU.S9825,FourHundredGigE1/0/34,0,0,0,0,0,0
2024/05/24 星期五 00:58:36.803,1716483516803,NH-DC-NM129-D04-ROCE-Leaf-6.GPU.S9825,FourHundredGigE1/0/34,0,0,0,0,0,0
2024/05/24 星期五 00:58:37.304,1716483517304,NH-DC-NM129-D04-ROCE-Leaf-6.GPU.S9825,FourHundredGigE1/0/34,103903,347657864,144013,494970434,0.85,1.22
2024/05/24 星期五 00:58:37.957,1716483517957,NH-DC-NM129-D04-ROCE-Leaf-6.GPU.S9825,FourHundredGigE1/0/34,186479,707394242,97854,351311120,1.34,0.67
2024/05/24 星期五 00:58:38.475,1716483518475,NH-DC-NM129-D04-ROCE-Leaf-6.GPU.S9825,FourHundredGigE1/0/34,0,0,0,0,0,0
2024/05/24 星期五 00:58:38.996,1716483518996,NH-DC-NM129-D04-ROCE-Leaf-6.GPU.S9825,FourHundredGigE1/0/34,266935,1071789054,166418,630030320,2.57,1.51
2024/05/24 星期五 00:58:39.615,1716483519615,NH-DC-NM129-D04-ROCE-Leaf-6.GPU.S9825,FourHundredGigE1/0/34,0,0,0,0,0,0
2024/05/24 星期五 00:58:40.117,1716483520117,NH-DC-NM129-D04-ROCE-Leaf-6.GPU.S9825,FourHundredGigE1/0/34,332373,1331557950,550003,2231762758,3.31,5.55
2024/05/24 星期五 00:58:40.693,1716483520693,NH-DC-NM129-D04-ROCE-Leaf-6.GPU.S9825,FourHundredGigE1/0/34,73654,244491044,103727,401107194,0.52,0.87
2024/05/24 星期五 00:58:41.465,1716483521465,NH-DC-NM129-D04-ROCE-Leaf-6.GPU.S9825,FourHundredGigE1/0/34,0,0,0,0,0,0
2024/05/24 星期五 00:58:42.242,1716483522242,NH-DC-NM129-D04-ROCE-Leaf-6.GPU.S9825,FourHundredGigE1/0/34,227287,902387318,230553,916259226,1.45,1.46
2024/05/24 星期五 00:58:42.916,1716483522916,NH-DC-NM129-D04-ROCE-Leaf-6.GPU.S9825,FourHundredGigE1/0/34,440046,1719393379,209229,661091322,3.17,1.22
2024/05/24 星期五 00:58:43.420,1716483523420,NH-DC-NM129-D04-ROCE-Leaf-6.GPU.S9825,FourHundredGigE1/0/34,0,0,0,0,0,0
2024/05/24 星期五 00:58:44.016,1716483524016,NH-DC-NM129-D04-ROCE-Leaf-6.GPU.S9825,FourHundredGigE1/0/34,284292,1155888574,186450,711508256,2.41,1.49
2024/05/24 星期五 00:58:44.790,1716483524790,NH-DC-NM129-D04-ROCE-Leaf-6.GPU.S9825,FourHundredGigE1/0/34,0,0,0,0,0,0
2024/05/24 星期五 00:58:45.324,1716483525324,NH-DC-NM129-D04-ROCE-Leaf-6.GPU.S9825,FourHundredGigE1/0/34,132206,478304156,250770,967070636,1.10,2.25
2024/05/24 星期五 00:58:46.026,1716483526026,NH-DC-NM129-D04-ROCE-Leaf-6.GPU.S9825,FourHundredGigE1/0/34,74345,265637530,101094,365237872,0.46,0.64
2024/05/24 星期五 00:58:46.776,1716483526776,NH-DC-NM129-D04-ROCE-Leaf-6.GPU.S9825,FourHundredGigE1/0/34,300122,1198831064,144390,536248204,1.98,0.88
2024/05/24 星期五 00:58:47.451,1716483527451,NH-DC-NM129-D04-ROCE-Leaf-6.GPU.S9825,FourHundredGigE1/0/34,0,0,0,0,0,0
2024/05/24 星期五 00:58:48.137,1716483528137,NH-DC-NM129-D04-ROCE-Leaf-6.GPU.S9825,FourHundredGigE1/0/34,115771,448867740,72510,253303800,0.80,0.46
2024/05/24 星期五 00:58:48.668,1716483528668,NH-DC-NM129-D04-ROCE-Leaf-6.GPU.S9825,FourHundredGigE1/0/34,0,0,0,0,0,0
2024/05/24 星期五 00:58:49.194,1716483529194,NH-DC-NM129-D04-ROCE-Leaf-6.GPU.S9825,FourHundredGigE1/0/34,92941,385343158,157193,601585842,0.90,1.43
2024/05/24 星期五 00:58:49.769,1716483529769,NH-DC-NM129-D04-ROCE-Leaf-6.GPU.S9825,FourHundredGigE1/0/34,0,0,0,0,0,0
2024/05/24 星期五 00:58:50.270,1716483530270,NH-DC-NM129-D04-ROCE-Leaf-6.GPU.S9825,FourHundredGigE1/0/34,258428,1033694846,408801,1631560816,2.57,4.07
2024/05/24 星期五 00:58:50.866,1716483530866,NH-DC-NM129-D04-ROCE-Leaf-6.GPU.S9825,FourHundredGigE1/0/34,155804,621583548,181423,683929708,1.30,1.43
2024/05/24 星期五 00:58:51.535,1716483531535,NH-DC-NM129-D04-ROCE-Leaf-6.GPU.S9825,FourHundredGigE1/0/34,0,0,0,0,0,0
2024/05/24 星期五 00:58:52.048,1716483532048,NH-DC-NM129-D04-ROCE-Leaf-6.GPU.S9825,FourHundredGigE1/0/34,106217,330061191,92012,286228684,0.80,0.68
2024/05/24 星期五 00:58:52.615,1716483532615,NH-DC-NM129-D04-ROCE-Leaf-6.GPU.S9825,FourHundredGigE1/0/34,0,0,0,0,0,0
2024/05/24 星期五 00:58:53.118,1716483533118,NH-DC-NM129-D04-ROCE-Leaf-6.GPU.S9825,FourHundredGigE1/0/34,137244,439316902,153489,562502858,1.07,1.39
2024/05/24 星期五 00:58:53.811,1716483533811,NH-DC-NM129-D04-ROCE-Leaf-6.GPU.S9825,FourHundredGigE1/0/34,369673,1414963893,146670,546383904,2.54,0.97
2024/05/24 星期五 00:58:54.477,1716483534477,NH-DC-NM129-D04-ROCE-Leaf-6.GPU.S9825,FourHundredGigE1/0/34,0,0,0,0,0,0
2024/05/24 星期五 00:58:55.169,1716483535169,NH-DC-NM129-D04-ROCE-Leaf-6.GPU.S9825,FourHundredGigE1/0/34,145425,509092526,157833,595175058,0.90,1.07
2024/05/24 星期五 00:58:55.901,1716483535901,NH-DC-NM129-D04-ROCE-Leaf-6.GPU.S9825,FourHundredGigE1/0/34,225619,861017018,130155,413708410,1.47,0.70
2024/05/24 星期五 00:58:56.482,1716483536482,NH-DC-NM129-D04-ROCE-Leaf-6.GPU.S9825,FourHundredGigE1/0/34,0,0,0,0,0,0
2024/05/24 星期五 00:58:56.986,1716483536986,NH-DC-NM129-D04-ROCE-Leaf-6.GPU.S9825,FourHundredGigE1/0/34,143713,532790038,127170,454534252,1.31,1.12
2024/05/24 星期五 00:58:57.543,1716483537543,NH-DC-NM129-D04-ROCE-Leaf-6.GPU.S9825,FourHundredGigE1/0/34,0,0,0,0,0,0
2024/05/24 星期五 00:58:58.110,1716483538110,NH-DC-NM129-D04-ROCE-Leaf-6.GPU.S9825,FourHundredGigE1/0/34,475193,1920686630,579149,2260953390,4.23,4.98
2024/05/24 星期五 00:58:58.746,1716483538746,NH-DC-NM129-D04-ROCE-Leaf-6.GPU.S9825,FourHundredGigE1/0/34,142067,536645194,153781,561608130,1.04,1.10
2024/05/24 星期五 00:58:59.979,1716483539979,NH-DC-NM129-D04-ROCE-Leaf-6.GPU.S9825,FourHundredGigE1/0/34,253255,911671638,136067,425661434,0.92,0.43
2024/05/24 星期五 00:59:00.544,1716483540544,NH-DC-NM129-D04-ROCE-Leaf-6.GPU.S9825,FourHundredGigE1/0/34,0,0,0,0,0,0
2024/05/24 星期五 00:59:01.152,1716483541152,NH-DC-NM129-D04-ROCE-Leaf-6.GPU.S9825,FourHundredGigE1/0/34,101897,363914198,258824,1038937548,0.74,2.12
2024/05/24 星期五 00:59:01.773,1716483541773,NH-DC-NM129-D04-ROCE-Leaf-6.GPU.S9825,FourHundredGigE1/0/34,0,0,0,0,0,0
2024/05/24 星期五 00:59:02.277,1716483542277,NH-DC-NM129-D04-ROCE-Leaf-6.GPU.S9825,FourHundredGigE1/0/34,390557,1454955890,528919,2116496402,3.60,5.23
2024/05/24 星期五 00:59:04.364,1716483544364,NH-DC-NM129-D04-ROCE-Leaf-6.GPU.S9825,FourHundredGigE1/0/34,280429,1088218590,187528,695470576,0.65,0.41
2024/05/24 星期五 00:59:05.178,1716483545178,NH-DC-NM129-D04-ROCE-Leaf-6.GPU.S9825,FourHundredGigE1/0/34,486930,1876196040,327768,1277717560,2.87,1.95
2024/05/24 星期五 00:59:05.686,1716483545686,NH-DC-NM129-D04-ROCE-Leaf-6.GPU.S9825,FourHundredGigE1/0/34,0,0,0,0,0,0
2024/05/24 星期五 00:59:06.263,1716483546263,NH-DC-NM129-D04-ROCE-Leaf-6.GPU.S9825,FourHundredGigE1/0/34,252266,989999326,158332,562008948,2.12,1.21
2024/05/24 星期五 00:59:06.914,1716483546914,NH-DC-NM129-D04-ROCE-Leaf-6.GPU.S9825,FourHundredGigE1/0/34,173812,657850006,196864,739638928,1.25,1.40
2024/05/24 星期五 00:59:08.016,1716483548016,NH-DC-NM129-D04-ROCE-Leaf-6.GPU.S9825,FourHundredGigE1/0/34,165740,595492320,156364,600192992,0.67,0.68
2024/05/24 星期五 00:59:08.620,1716483548620,NH-DC-NM129-D04-ROCE-Leaf-6.GPU.S9825,FourHundredGigE1/0/34,0,0,0,0,0,0
2024/05/24 星期五 00:59:09.150,1716483549150,NH-DC-NM129-D04-ROCE-Leaf-6.GPU.S9825,FourHundredGigE1/0/34,734792,2968935328,941667,3879248926,6.98,9.13
2024/05/24 星期五 00:59:09.717,1716483549717,NH-DC-NM129-D04-ROCE-Leaf-6.GPU.S9825,FourHundredGigE1/0/34,0,0,0,0,0,0
2024/05/24 星期五 00:59:10.230,1716483550230,NH-DC-NM129-D04-ROCE-Leaf-6.GPU.S9825,FourHundredGigE1/0/34,252666,969055336,339247,1338809250,2.34,3.24
2024/05/24 星期五 00:59:10.793,1716483550793,NH-DC-NM129-D04-ROCE-Leaf-6.GPU.S9825,FourHundredGigE1/0/34,126449,481022874,151483,542942794,1.07,1.20
2024/05/24 星期五 00:59:11.497,1716483551497,NH-DC-NM129-D04-ROCE-Leaf-6.GPU.S9825,FourHundredGigE1/0/34,0,0,0,0,0,0
2024/05/24 星期五 00:59:12.129,1716483552129,NH-DC-NM129-D04-ROCE-Leaf-6.GPU.S9825,FourHundredGigE1/0/34,231947,903203391,349221,1367504654,1.78,2.69
2024/05/24 星期五 00:59:12.629,1716483552629,NH-DC-NM129-D04-ROCE-Leaf-6.GPU.S9825,FourHundredGigE1/0/34,0,0,0,0,0,0
2024/05/24 星期五 00:59:13.219,1716483553219,NH-DC-NM129-D04-ROCE-Leaf-6.GPU.S9825,FourHundredGigE1/0/34,164339,647540603,231963,945247038,1.36,1.99
2024/05/24 星期五 00:59:13.827,1716483553827,NH-DC-NM129-D04-ROCE-Leaf-6.GPU.S9825,FourHundredGigE1/0/34,0,0,0,0,0,0
2024/05/24 星期五 00:59:14.333,1716483554333,NH-DC-NM129-D04-ROCE-Leaf-6.GPU.S9825,FourHundredGigE1/0/34,292896,1166215120,172160,640854248,2.87,1.58
2024/05/24 星期五 00:59:15.002,1716483555002,NH-DC-NM129-D04-ROCE-Leaf-6.GPU.S9825,FourHundredGigE1/0/34,187406,726133060,173687,659311714,1.35,1.21
2024/05/24 星期五 00:59:15.595,1716483555595,NH-DC-NM129-D04-ROCE-Leaf-6.GPU.S9825,FourHundredGigE1/0/34,0,0,0,0,0,0
2024/05/24 星期五 00:59:16.097,1716483556097,NH-DC-NM129-D04-ROCE-Leaf-6.GPU.S9825,FourHundredGigE1/0/34,457159,1852961706,215383,845500802,4.61,2.09
2024/05/24 星期五 00:59:16.730,1716483556730,NH-DC-NM129-D04-ROCE-Leaf-6.GPU.S9825,FourHundredGigE1/0/34,141242,531944804,273015,1091130722,1.05,2.15
2024/05/24 星期五 00:59:17.311,1716483557311,NH-DC-NM129-D04-ROCE-Leaf-6.GPU.S9825,FourHundredGigE1/0/34,0,0,0,0,0,0
2024/05/24 星期五 00:59:17.813,1716483557813,NH-DC-NM129-D04-ROCE-Leaf-6.GPU.S9825,FourHundredGigE1/0/34,0,0,0,0,0,0
2024/05/24 星期五 00:59:18.385,1716483558385,NH-DC-NM129-D04-ROCE-Leaf-6.GPU.S9825,FourHundredGigE1/0/34,174056,705042464,67136,254953180,1.53,0.55
2024/05/24 星期五 00:59:18.983,1716483558983,NH-DC-NM129-D04-ROCE-Leaf-6.GPU.S9825,FourHundredGigE1/0/34,181187,728455250,118438,451128220,1.51,0.94
2024/05/24 星期五 00:59:19.533,1716483559533,NH-DC-NM129-D04-ROCE-Leaf-6.GPU.S9825,FourHundredGigE1/0/34,0,0,0,0,0,0
2024/05/24 星期五 00:59:20.033,1716483560033,NH-DC-NM129-D04-ROCE-Leaf-6.GPU.S9825,FourHundredGigE1/0/34,43194,147195880,197343,761971014,0.35,1.9
2024/05/24 星期五 00:59:20.614,1716483560614,NH-DC-NM129-D04-ROCE-Leaf-6.GPU.S9825,FourHundredGigE1/0/34,0,0,0,0,0,0
2024/05/24 星期五 00:59:21.152,1716483561152,NH-DC-NM129-D04-ROCE-Leaf-6.GPU.S9825,FourHundredGigE1/0/34,107824,421871956,176512,674754064,0.98,1.56
2024/05/24 星期五 00:59:21.783,1716483561783,NH-DC-NM129-D04-ROCE-Leaf-6.GPU.S9825,FourHundredGigE1/0/34,226644,723852158,251211,958304122,1.43,1.88
2024/05/24 星期五 00:59:22.287,1716483562287,NH-DC-NM129-D04-ROCE-Leaf-6.GPU.S9825,FourHundredGigE1/0/34,0,0,0,0,0,0
2024/05/24 星期五 00:59:22.836,1716483562836,NH-DC-NM129-D04-ROCE-Leaf-6.GPU.S9825,FourHundredGigE1/0/34,198200,657350266,257589,969963086,1.48,2.19
2024/05/24 星期五 00:59:23.340,1716483563340,NH-DC-NM129-D04-ROCE-Leaf-6.GPU.S9825,FourHundredGigE1/0/34,0,0,0,0,0,0
2024/05/24 星期五 00:59:23.843,1716483563843,NH-DC-NM129-D04-ROCE-Leaf-6.GPU.S9825,FourHundredGigE1/0/34,72250,279624500,213815,797608310,0.67,1.96
2024/05/24 星期五 00:59:24.389,1716483564389,NH-DC-NM129-D04-ROCE-Leaf-6.GPU.S9825,FourHundredGigE1/0/34,0,0,0,0,0,0
2024/05/24 星期五 00:59:24.984,1716483564984,NH-DC-NM129-D04-ROCE-Leaf-6.GPU.S9825,FourHundredGigE1/0/34,846920,3466561654,204976,759226666,7.27,1.58
2024/05/24 星期五 00:59:25.616,1716483565616,NH-DC-NM129-D04-ROCE-Leaf-6.GPU.S9825,FourHundredGigE1/0/34,0,0,0,0,0,0
2024/05/24 星期五 00:59:26.117,1716483566117,NH-DC-NM129-D04-ROCE-Leaf-6.GPU.S9825,FourHundredGigE1/0/34,104209,412964032,275519,1031783940,1.02,2.57
2024/05/24 星期五 00:59:26.701,1716483566701,NH-DC-NM129-D04-ROCE-Leaf-6.GPU.S9825,FourHundredGigE1/0/34,0,0,0,0,0,0
2024/05/24 星期五 00:59:27.202,1716483567202,NH-DC-NM129-D04-ROCE-Leaf-6.GPU.S9825,FourHundredGigE1/0/34,449537,1843717046,370717,1424838830,4.59,3.54
2024/05/24 星期五 00:59:27.786,1716483567786,NH-DC-NM129-D04-ROCE-Leaf-6.GPU.S9825,FourHundredGigE1/0/34,0,0,0,0,0,0
2024/05/24 星期五 00:59:28.287,1716483568287,NH-DC-NM129-D04-ROCE-Leaf-6.GPU.S9825,FourHundredGigE1/0/34,135033,518279960,128410,489463850,1.27,1.20
2024/05/24 星期五 00:59:28.943,1716483568943,NH-DC-NM129-D04-ROCE-Leaf-6.GPU.S9825,FourHundredGigE1/0/34,81508,298726158,147509,577850094,0.55,1.09
2024/05/24 星期五 00:59:29.509,1716483569509,NH-DC-NM129-D04-ROCE-Leaf-6.GPU.S9825,FourHundredGigE1/0/34,0,0,0,0,0,0
2024/05/24 星期五 00:59:30.011,1716483570011,NH-DC-NM129-D04-ROCE-Leaf-6.GPU.S9825,FourHundredGigE1/0/34,144916,553364952,175366,660540294,1.37,1.64
2024/05/24 星期五 00:59:30.549,1716483570549,NH-DC-NM129-D04-ROCE-Leaf-6.GPU.S9825,FourHundredGigE1/0/34,0,0,0,0,0,0
2024/05/24 星期五 00:59:31.202,1716483571202,NH-DC-NM129-D04-ROCE-Leaf-6.GPU.S9825,FourHundredGigE1/0/34,323936,1258243260,164928,657948080,2.39,1.24
2024/05/24 星期五 00:59:32.637,1716483572637,NH-DC-NM129-D04-ROCE-Leaf-6.GPU.S9825,FourHundredGigE1/0/34,240227,924000934,305220,1217088384,0.80,1.05
2024/05/24 星期五 00:59:33.138,1716483573138,NH-DC-NM129-D04-ROCE-Leaf-6.GPU.S9825,FourHundredGigE1/0/34,364897,1451874850,98147,345883010,3.62,0.85
2024/05/24 星期五 00:59:33.639,1716483573639,NH-DC-NM129-D04-ROCE-Leaf-6.GPU.S9825,FourHundredGigE1/0/34,0,0,0,0,0,0
2024/05/24 星期五 00:59:34.345,1716483574345,NH-DC-NM129-D04-ROCE-Leaf-6.GPU.S9825,FourHundredGigE1/0/34,189121,718902586,202486,790470048,1.26,1.40
2024/05/24 星期五 00:59:34.889,1716483574889,NH-DC-NM129-D04-ROCE-Leaf-6.GPU.S9825,FourHundredGigE1/0/34,343230,1385416760,162636,628351408,3.17,1.42
2024/05/24 星期五 00:59:35.615,1716483575615,NH-DC-NM129-D04-ROCE-Leaf-6.GPU.S9825,FourHundredGigE1/0/34,0,0,0,0,0,0
2024/05/24 星期五 00:59:36.154,1716483576154,NH-DC-NM129-D04-ROCE-Leaf-6.GPU.S9825,FourHundredGigE1/0/34,354111,1387099398,223702,777814872,3.20,1.79
2024/05/24 星期五 00:59:36.655,1716483576655,NH-DC-NM129-D04-ROCE-Leaf-6.GPU.S9825,FourHundredGigE1/0/34,0,0,0,0,0,0
2024/05/24 星期五 00:59:37.154,1716483577154,NH-DC-NM129-D04-ROCE-Leaf-6.GPU.S9825,FourHundredGigE1/0/34,172566,665253108,137393,540487326,1.65,1.35
2024/05/24 星期五 00:59:37.941,1716483577941,NH-DC-NM129-D04-ROCE-Leaf-6.GPU.S9825,FourHundredGigE1/0/34,269947,1074218818,434521,1710069398,1.70,2.72
2024/05/24 星期五 00:59:38.480,1716483578480,NH-DC-NM129-D04-ROCE-Leaf-6.GPU.S9825,FourHundredGigE1/0/34,0,0,0,0,0,0
2024/05/24 星期五 00:59:39.129,1716483579129,NH-DC-NM129-D04-ROCE-Leaf-6.GPU.S9825,FourHundredGigE1/0/34,90038,300127860,106936,391003920,0.58,0.75
2024/05/24 星期五 00:59:39.687,1716483579687,NH-DC-NM129-D04-ROCE-Leaf-6.GPU.S9825,FourHundredGigE1/0/34,0,0,0,0,0,0
2024/05/24 星期五 00:59:40.186,1716483580186,NH-DC-NM129-D04-ROCE-Leaf-6.GPU.S9825,FourHundredGigE1/0/34,181971,719698174,225320,879292744,1.78,2.18
2024/05/24 星期五 00:59:41.375,1716483581375,NH-DC-NM129-D04-ROCE-Leaf-6.GPU.S9825,FourHundredGigE1/0/34,321568,1300560472,187729,711540014,1.37,0.75
2024/05/24 星期五 00:59:42.111,1716483582111,NH-DC-NM129-D04-ROCE-Leaf-6.GPU.S9825,FourHundredGigE1/0/34,103404,392191016,299496,1166986576,0.66,1.97
2024/05/24 星期五 00:59:42.867,1716483582867,NH-DC-NM129-D04-ROCE-Leaf-6.GPU.S9825,FourHundredGigE1/0/34,133069,446086603,125133,454727582,0.73,0.74
2024/05/24 星期五 00:59:43.413,1716483583413,NH-DC-NM129-D04-ROCE-Leaf-6.GPU.S9825,FourHundredGigE1/0/34,0,0,0,0,0,0
2024/05/24 星期五 00:59:43.913,1716483583913,NH-DC-NM129-D04-ROCE-Leaf-6.GPU.S9825,FourHundredGigE1/0/34,141067,483725550,129685,483213150,1.2,1.2
2024/05/24 星期五 00:59:44.599,1716483584599,NH-DC-NM129-D04-ROCE-Leaf-6.GPU.S9825,FourHundredGigE1/0/34,0,0,0,0,0,0
2024/05/24 星期五 00:59:45.172,1716483585172,NH-DC-NM129-D04-ROCE-Leaf-6.GPU.S9825,FourHundredGigE1/0/34,357442,1427923914,450721,1844013132,3.10,4.01
2024/05/24 星期五 00:59:45.833,1716483585833,NH-DC-NM129-D04-ROCE-Leaf-6.GPU.S9825,FourHundredGigE1/0/34,121828,459799382,156419,588939476,0.85,1.10
2024/05/24 星期五 00:59:46.629,1716483586629,NH-DC-NM129-D04-ROCE-Leaf-6.GPU.S9825,FourHundredGigE1/0/34,0,0,0,0,0,0
2024/05/24 星期五 00:59:47.172,1716483587172,NH-DC-NM129-D04-ROCE-Leaf-6.GPU.S9825,FourHundredGigE1/0/34,197251,400503903,294382,1178131208,0.92,2.69
2024/05/24 星期五 00:59:47.672,1716483587672,NH-DC-NM129-D04-ROCE-Leaf-6.GPU.S9825,FourHundredGigE1/0/34,0,0,0,0,0,0
2024/05/24 星期五 00:59:48.280,1716483588280,NH-DC-NM129-D04-ROCE-Leaf-6.GPU.S9825,FourHundredGigE1/0/34,279997,528250678,268671,1082970390,1.07,2.22
2024/05/24 星期五 00:59:48.806,1716483588806,NH-DC-NM129-D04-ROCE-Leaf-6.GPU.S9825,FourHundredGigE1/0/34,382923,1264139177,192855,733977322,2.99,1.73
2024/05/24 星期五 00:59:49.517,1716483589517,NH-DC-NM129-D04-ROCE-Leaf-6.GPU.S9825,FourHundredGigE1/0/34,0,0,0,0,0,0
2024/05/24 星期五 00:59:50.079,1716483590079,NH-DC-NM129-D04-ROCE-Leaf-6.GPU.S9825,FourHundredGigE1/0/34,180550,681098732,220296,766692812,1.51,1.69
2024/05/24 星期五 00:59:50.578,1716483590578,NH-DC-NM129-D04-ROCE-Leaf-6.GPU.S9825,FourHundredGigE1/0/34,0,0,0,0,0,0
2024/05/24 星期五 00:59:51.077,1716483591077,NH-DC-NM129-D04-ROCE-Leaf-6.GPU.S9825,FourHundredGigE1/0/34,95603,363919784,135119,414304190,0.90,1.03
2024/05/24 星期五 00:59:51.762,1716483591762,NH-DC-NM129-D04-ROCE-Leaf-6.GPU.S9825,FourHundredGigE1/0/34,0,0,0,0,0,0
2024/05/24 星期五 00:59:52.263,1716483592263,NH-DC-NM129-D04-ROCE-Leaf-6.GPU.S9825,FourHundredGigE1/0/34,304154,1219847964,384610,1512934524,3.02,3.77
2024/05/24 星期五 00:59:52.949,1716483592949,NH-DC-NM129-D04-ROCE-Leaf-6.GPU.S9825,FourHundredGigE1/0/34,207958,808392468,162914,601049670,1.46,1.09
2024/05/24 星期五 00:59:53.644,1716483593644,NH-DC-NM129-D04-ROCE-Leaf-6.GPU.S9825,FourHundredGigE1/0/34,0,0,0,0,0,0
2024/05/24 星期五 00:59:54.148,1716483594148,NH-DC-NM129-D04-ROCE-Leaf-6.GPU.S9825,FourHundredGigE1/0/34,382534,1413518178,179105,690458452,3.50,1.71
2024/05/24 星期五 00:59:54.762,1716483594762,NH-DC-NM129-D04-ROCE-Leaf-6.GPU.S9825,FourHundredGigE1/0/34,321630,1294301010,376315,1497207322,2.63,3.03
2024/05/24 星期五 00:59:55.741,1716483595741,NH-DC-NM129-D04-ROCE-Leaf-6.GPU.S9825,FourHundredGigE1/0/34,538726,2165261212,236876,874901276,2.76,1.11
2024/05/24 星期五 00:59:56.325,1716483596325,NH-DC-NM129-D04-ROCE-Leaf-6.GPU.S9825,FourHundredGigE1/0/34,0,0,0,0,0,0
2024/05/24 星期五 00:59:56.965,1716483596965,NH-DC-NM129-D04-ROCE-Leaf-6.GPU.S9825,FourHundredGigE1/0/34,228908,849114036,335996,1317501178,1.64,2.56
2024/05/24 星期五 00:59:57.595,1716483597595,NH-DC-NM129-D04-ROCE-Leaf-6.GPU.S9825,FourHundredGigE1/0/34,0,0,0,0,0,0
2024/05/24 星期五 00:59:58.093,1716483598093,NH-DC-NM129-D04-ROCE-Leaf-6.GPU.S9825,FourHundredGigE1/0/34,151154,600979756,199817,789047528,1.51,1.96
2024/05/24 星期五 00:59:58.732,1716483598732,NH-DC-NM129-D04-ROCE-Leaf-6.GPU.S9825,FourHundredGigE1/0/34,261978,993270742,209337,806622174,1.94,1.56
2024/05/24 星期五 00:59:59.629,1716483599629,NH-DC-NM129-D04-ROCE-Leaf-6.GPU.S9825,FourHundredGigE1/0/34,0,0,0,0,0,0
