SaveTime,SaveTimeUTC,DeviceName,PortName,InPkts,InOctets,OutPkts,OutOctets,InRatio,OutRatio
2024/05/24 星期五 00:00:00.933,1716480000933,NH-DC-NM129-H06-ROCE-Leaf-16.GPU.S9825,TwoHundredGigE1/0/16:2,0,0,0,0,0,0
2024/05/24 星期五 00:00:01.433,1716480001433,NH-DC-NM129-H06-ROCE-Leaf-16.GPU.S9825,TwoHundredGigE1/0/16:2,1951514,7731004204,1953897,7728578170,61.84,61.76
2024/05/24 星期五 00:04:14.359,1716480254359,NH-DC-NM129-H06-ROCE-Leaf-16.GPU.S9825,TwoHundredGigE1/0/16:2,562547844,2240746712428,563726246,2240864656353,35.44,35.44
2024/05/24 星期五 00:04:15.068,1716480255068,NH-DC-NM129-H06-ROCE-Leaf-16.GPU.S9825,TwoHundredGigE1/0/16:2,1689276,6693970858,1695377,6706472996,37.74,37.80
2024/05/24 星期五 00:04:15.595,1716480255595,NH-DC-NM129-H06-ROCE-Leaf-16.GPU.S9825,TwoHundredGigE1/0/16:2,0,0,0,0,0,0
2024/05/24 星期五 00:04:16.462,1716480256462,NH-DC-NM129-H06-ROCE-Leaf-16.GPU.S9825,TwoHundredGigE1/0/16:2,2044798,8103039804,2047558,8096371937,37.37,37.32
2024/05/24 星期五 00:04:16.964,1716480256964,NH-DC-NM129-H06-ROCE-Leaf-16.GPU.S9825,TwoHundredGigE1/0/16:2,0,0,0,0,0,0
2024/05/24 星期五 00:04:17.508,1716480257508,NH-DC-NM129-H06-ROCE-Leaf-16.GPU.S9825,TwoHundredGigE1/0/16:2,2445640,9803141336,2450809,9802821278,72.06,72.06
2024/05/24 星期五 00:04:18.192,1716480258192,NH-DC-NM129-H06-ROCE-Leaf-16.GPU.S9825,TwoHundredGigE1/0/16:2,2198677,8765193850,2204035,8765833339,51.23,51.23
2024/05/24 星期五 00:04:18.694,1716480258694,NH-DC-NM129-H06-ROCE-Leaf-16.GPU.S9825,TwoHundredGigE1/0/16:2,0,0,0,0,0,0
2024/05/24 星期五 00:04:19.223,1716480259223,NH-DC-NM129-H06-ROCE-Leaf-16.GPU.S9825,TwoHundredGigE1/0/16:2,2194651,8696234018,2198581,8696910958,65.71,65.71
2024/05/24 星期五 00:04:19.837,1716480259837,NH-DC-NM129-H06-ROCE-Leaf-16.GPU.S9825,TwoHundredGigE1/0/16:2,0,0,0,0,0,0
2024/05/24 星期五 00:04:22.287,1716480262287,NH-DC-NM129-H06-ROCE-Leaf-16.GPU.S9825,TwoHundredGigE1/0/16:2,6527190,26032085556,6540684,26030766518,42.50,42.50
2024/05/24 星期五 00:04:23.370,1716480263370,NH-DC-NM129-H06-ROCE-Leaf-16.GPU.S9825,TwoHundredGigE1/0/16:2,2066071,8186478582,2069391,8185502858,30.21,30.21
2024/05/24 星期五 00:04:23.923,1716480263923,NH-DC-NM129-H06-ROCE-Leaf-16.GPU.S9825,TwoHundredGigE1/0/16:2,0,0,0,0,0,0
2024/05/24 星期五 00:04:24.484,1716480264484,NH-DC-NM129-H06-ROCE-Leaf-16.GPU.S9825,TwoHundredGigE1/0/16:2,1802830,7139007132,1805636,7139192133,50.84,50.84
2024/05/24 星期五 00:04:25.090,1716480265090,NH-DC-NM129-H06-ROCE-Leaf-16.GPU.S9825,TwoHundredGigE1/0/16:2,2993039,12029577334,3000301,12028034308,79.34,79.34
2024/05/24 星期五 00:04:25.607,1716480265607,NH-DC-NM129-H06-ROCE-Leaf-16.GPU.S9825,TwoHundredGigE1/0/16:2,0,0,0,0,0,0
2024/05/24 星期五 00:04:26.339,1716480266339,NH-DC-NM129-H06-ROCE-Leaf-16.GPU.S9825,TwoHundredGigE1/0/16:2,1731434,6861019808,1735025,6863974761,37.49,37.49
2024/05/24 星期五 00:04:26.919,1716480266919,NH-DC-NM129-H06-ROCE-Leaf-16.GPU.S9825,TwoHundredGigE1/0/16:2,0,0,0,0,0,0
2024/05/24 星期五 00:04:27.488,1716480267488,NH-DC-NM129-H06-ROCE-Leaf-16.GPU.S9825,TwoHundredGigE1/0/16:2,2066060,8187068940,2069460,8184949944,57.50,57.50
2024/05/24 星期五 00:04:28.094,1716480268094,NH-DC-NM129-H06-ROCE-Leaf-16.GPU.S9825,TwoHundredGigE1/0/16:2,2129182,8525370956,2134526,8525722897,56.24,56.24
2024/05/24 星期五 00:04:28.678,1716480268678,NH-DC-NM129-H06-ROCE-Leaf-16.GPU.S9825,TwoHundredGigE1/0/16:2,0,0,0,0,0,0
2024/05/24 星期五 00:04:29.367,1716480269367,NH-DC-NM129-H06-ROCE-Leaf-16.GPU.S9825,TwoHundredGigE1/0/16:2,2397327,9575330614,2402508,9576159084,55.56,55.56
2024/05/24 星期五 00:04:30.212,1716480270212,NH-DC-NM129-H06-ROCE-Leaf-16.GPU.S9825,TwoHundredGigE1/0/16:2,2194487,8696224118,2198693,8696964290,41.14,41.14
2024/05/24 星期五 00:04:30.821,1716480270821,NH-DC-NM129-H06-ROCE-Leaf-16.GPU.S9825,TwoHundredGigE1/0/16:2,0,0,0,0,0,0
2024/05/24 星期五 00:04:31.444,1716480271444,NH-DC-NM129-H06-ROCE-Leaf-16.GPU.S9825,TwoHundredGigE1/0/16:2,1871859,7417373114,1875203,7417592866,47.58,47.58
2024/05/24 星期五 00:04:32.022,1716480272022,NH-DC-NM129-H06-ROCE-Leaf-16.GPU.S9825,TwoHundredGigE1/0/16:2,0,0,0,0,0,0
2024/05/24 星期五 00:04:32.585,1716480272585,NH-DC-NM129-H06-ROCE-Leaf-16.GPU.S9825,TwoHundredGigE1/0/16:2,2706837,10891311826,2714197,10892677285,77.37,77.37
2024/05/24 星期五 00:04:33.280,1716480273280,NH-DC-NM129-H06-ROCE-Leaf-16.GPU.S9825,TwoHundredGigE1/0/16:2,1722381,6825698978,1725795,6825533104,39.25,39.25
2024/05/24 星期五 00:04:33.800,1716480273800,NH-DC-NM129-H06-ROCE-Leaf-16.GPU.S9825,TwoHundredGigE1/0/16:2,0,0,0,0,0,0
2024/05/24 星期五 00:04:34.340,1716480274340,NH-DC-NM129-H06-ROCE-Leaf-16.GPU.S9825,TwoHundredGigE1/0/16:2,2323676,9207773648,2328209,9208351181,68.15,68.15
2024/05/24 星期五 00:04:34.938,1716480274938,NH-DC-NM129-H06-ROCE-Leaf-16.GPU.S9825,TwoHundredGigE1/0/16:2,0,0,0,0,0,0
2024/05/24 星期五 00:04:35.508,1716480275508,NH-DC-NM129-H06-ROCE-Leaf-16.GPU.S9825,TwoHundredGigE1/0/16:2,1681573,6663053330,1683068,6657198676,46.74,46.67
2024/05/24 星期五 00:04:36.050,1716480276050,NH-DC-NM129-H06-ROCE-Leaf-16.GPU.S9825,TwoHundredGigE1/0/16:2,3006518,12077096708,3014365,12083977767,89.08,89.15
2024/05/24 星期五 00:04:36.696,1716480276696,NH-DC-NM129-H06-ROCE-Leaf-16.GPU.S9825,TwoHundredGigE1/0/16:2,0,0,0,0,0,0
2024/05/24 星期五 00:04:37.256,1716480277256,NH-DC-NM129-H06-ROCE-Leaf-16.GPU.S9825,TwoHundredGigE1/0/16:2,1645894,6522169260,1649435,6522405830,46.57,46.57
2024/05/24 星期五 00:04:37.811,1716480277811,NH-DC-NM129-H06-ROCE-Leaf-16.GPU.S9825,TwoHundredGigE1/0/16:2,0,0,0,0,0,0
2024/05/24 星期五 00:04:38.340,1716480278340,NH-DC-NM129-H06-ROCE-Leaf-16.GPU.S9825,TwoHundredGigE1/0/16:2,1906989,7556777010,1910873,7558926729,57.09,57.09
2024/05/24 星期五 00:04:38.874,1716480278874,NH-DC-NM129-H06-ROCE-Leaf-16.GPU.S9825,TwoHundredGigE1/0/16:2,0,0,0,0,0,0
2024/05/24 星期五 00:04:39.426,1716480279426,NH-DC-NM129-H06-ROCE-Leaf-16.GPU.S9825,TwoHundredGigE1/0/16:2,2657340,10636582072,2660357,10625160740,77.03,76.96
2024/05/24 星期五 00:04:40.102,1716480280102,NH-DC-NM129-H06-ROCE-Leaf-16.GPU.S9825,TwoHundredGigE1/0/16:2,2414767,9626644110,2422941,9637674791,56.92,56.98
2024/05/24 星期五 00:04:40.630,1716480280630,NH-DC-NM129-H06-ROCE-Leaf-16.GPU.S9825,TwoHundredGigE1/0/16:2,0,0,0,0,0,0
2024/05/24 星期五 00:04:41.232,1716480281232,NH-DC-NM129-H06-ROCE-Leaf-16.GPU.S9825,TwoHundredGigE1/0/16:2,2194740,8696242344,2198532,8696977904,57.74,57.74
2024/05/24 星期五 00:04:41.861,1716480281861,NH-DC-NM129-H06-ROCE-Leaf-16.GPU.S9825,TwoHundredGigE1/0/16:2,0,0,0,0,0,0
2024/05/24 星期五 00:04:42.361,1716480282361,NH-DC-NM129-H06-ROCE-Leaf-16.GPU.S9825,TwoHundredGigE1/0/16:2,1807339,7161603430,1810796,7161832605,57.28,57.28
2024/05/24 星期五 00:04:43.076,1716480283076,NH-DC-NM129-H06-ROCE-Leaf-16.GPU.S9825,TwoHundredGigE1/0/16:2,2493118,10043886620,2499989,10044826726,56.17,56.17
2024/05/24 星期五 00:04:43.779,1716480283779,NH-DC-NM129-H06-ROCE-Leaf-16.GPU.S9825,TwoHundredGigE1/0/16:2,0,0,0,0,0,0
2024/05/24 星期五 00:04:44.414,1716480284414,NH-DC-NM129-H06-ROCE-Leaf-16.GPU.S9825,TwoHundredGigE1/0/16:2,2000881,7928910946,2004673,7929160663,49.89,49.89
2024/05/24 星期五 00:04:44.914,1716480284914,NH-DC-NM129-H06-ROCE-Leaf-16.GPU.S9825,TwoHundredGigE1/0/16:2,0,0,0,0,0,0
2024/05/24 星期五 00:04:45.489,1716480285489,NH-DC-NM129-H06-ROCE-Leaf-16.GPU.S9825,TwoHundredGigE1/0/16:2,2129945,8440452654,2134072,8440863492,58.71,58.71
2024/05/24 星期五 00:04:48.110,1716480288110,NH-DC-NM129-H06-ROCE-Leaf-16.GPU.S9825,TwoHundredGigE1/0/16:2,6319415,25206047078,6333839,25211056636,38.46,38.47
2024/05/24 星期五 00:04:49.859,1716480289859,NH-DC-NM129-H06-ROCE-Leaf-16.GPU.S9825,TwoHundredGigE1/0/16:2,2141044,8483942238,2143544,8478300688,19.39,19.37
2024/05/24 星期五 00:04:50.359,1716480290359,NH-DC-NM129-H06-ROCE-Leaf-16.GPU.S9825,TwoHundredGigE1/0/16:2,2352478,9417163508,2352736,9400342565,75.28,75.2
2024/05/24 星期五 00:04:50.880,1716480290880,NH-DC-NM129-H06-ROCE-Leaf-16.GPU.S9825,TwoHundredGigE1/0/16:2,0,0,0,0,0,0
2024/05/24 星期五 00:04:51.521,1716480291521,NH-DC-NM129-H06-ROCE-Leaf-16.GPU.S9825,TwoHundredGigE1/0/16:2,2372653,9468634312,2381209,9484004006,59.03,59.16
2024/05/24 星期五 00:04:52.060,1716480292060,NH-DC-NM129-H06-ROCE-Leaf-16.GPU.S9825,TwoHundredGigE1/0/16:2,0,0,0,0,0,0
2024/05/24 星期五 00:04:52.588,1716480292588,NH-DC-NM129-H06-ROCE-Leaf-16.GPU.S9825,TwoHundredGigE1/0/16:2,2118523,8394652782,2122262,8394089803,63.56,63.56
2024/05/24 星期五 00:04:53.334,1716480293334,NH-DC-NM129-H06-ROCE-Leaf-16.GPU.S9825,TwoHundredGigE1/0/16:2,1689809,6695869894,1693073,6697313288,35.87,35.87
2024/05/24 星期五 00:04:53.912,1716480293912,NH-DC-NM129-H06-ROCE-Leaf-16.GPU.S9825,TwoHundredGigE1/0/16:2,0,0,0,0,0,0
2024/05/24 星期五 00:04:55.320,1716480295320,NH-DC-NM129-H06-ROCE-Leaf-16.GPU.S9825,TwoHundredGigE1/0/16:2,5075501,20276244354,5087009,20275888975,57.59,57.59
2024/05/24 星期五 00:04:56.018,1716480296018,NH-DC-NM129-H06-ROCE-Leaf-16.GPU.S9825,TwoHundredGigE1/0/16:2,2092138,8289599290,2097254,8291699587,47.45,47.51
2024/05/24 星期五 00:04:56.709,1716480296709,NH-DC-NM129-H06-ROCE-Leaf-16.GPU.S9825,TwoHundredGigE1/0/16:2,0,0,0,0,0,0
2024/05/24 星期五 00:04:57.334,1716480297334,NH-DC-NM129-H06-ROCE-Leaf-16.GPU.S9825,TwoHundredGigE1/0/16:2,2523342,10083069314,2528115,10081966468,64.51,64.51
2024/05/24 星期五 00:04:57.885,1716480297885,NH-DC-NM129-H06-ROCE-Leaf-16.GPU.S9825,TwoHundredGigE1/0/16:2,0,0,0,0,0,0
2024/05/24 星期五 00:04:58.454,1716480298454,NH-DC-NM129-H06-ROCE-Leaf-16.GPU.S9825,TwoHundredGigE1/0/16:2,2332667,9319550554,2337889,9320381963,65.45,65.52
2024/05/24 星期五 00:04:59.051,1716480299051,NH-DC-NM129-H06-ROCE-Leaf-16.GPU.S9825,TwoHundredGigE1/0/16:2,2130092,8440461940,2134057,8441071450,56.55,56.55
2024/05/24 星期五 00:04:59.659,1716480299659,NH-DC-NM129-H06-ROCE-Leaf-16.GPU.S9825,TwoHundredGigE1/0/16:2,0,0,0,0,0,0
2024/05/24 星期五 00:05:00.354,1716480300354,NH-DC-NM129-H06-ROCE-Leaf-16.GPU.S9825,TwoHundredGigE1/0/16:2,1840079,7291918790,1843615,7292630666,41.96,41.96
2024/05/24 星期五 00:05:00.900,1716480300900,NH-DC-NM129-H06-ROCE-Leaf-16.GPU.S9825,TwoHundredGigE1/0/16:2,0,0,0,0,0,0
2024/05/24 星期五 00:05:01.474,1716480301474,NH-DC-NM129-H06-ROCE-Leaf-16.GPU.S9825,TwoHundredGigE1/0/16:2,2720757,10946452596,2728426,10949635400,76.24,76.24
2024/05/24 星期五 00:05:02.050,1716480302050,NH-DC-NM129-H06-ROCE-Leaf-16.GPU.S9825,TwoHundredGigE1/0/16:2,2007302,7954258324,2011543,7956688885,55.21,55.21
2024/05/24 星期五 00:05:02.623,1716480302623,NH-DC-NM129-H06-ROCE-Leaf-16.GPU.S9825,TwoHundredGigE1/0/16:2,0,0,0,0,0,0
2024/05/24 星期五 00:05:03.337,1716480303337,NH-DC-NM129-H06-ROCE-Leaf-16.GPU.S9825,TwoHundredGigE1/0/16:2,2132586,8450004744,2134774,8443639662,47.34,47.28
2024/05/24 星期五 00:05:03.912,1716480303912,NH-DC-NM129-H06-ROCE-Leaf-16.GPU.S9825,TwoHundredGigE1/0/16:2,0,0,0,0,0,0
2024/05/24 星期五 00:05:04.413,1716480304413,NH-DC-NM129-H06-ROCE-Leaf-16.GPU.S9825,TwoHundredGigE1/0/16:2,1658872,6570296306,1663880,6580229389,52.46,52.53
2024/05/24 星期五 00:05:05.120,1716480305120,NH-DC-NM129-H06-ROCE-Leaf-16.GPU.S9825,TwoHundredGigE1/0/16:2,3017590,12125133540,3023654,12118156768,68.57,68.51
2024/05/24 星期五 00:05:05.710,1716480305710,NH-DC-NM129-H06-ROCE-Leaf-16.GPU.S9825,TwoHundredGigE1/0/16:2,0,0,0,0,0,0
2024/05/24 星期五 00:05:06.210,1716480306210,NH-DC-NM129-H06-ROCE-Leaf-16.GPU.S9825,TwoHundredGigE1/0/16:2,1759279,6971543620,1762508,6971784767,55.76,55.76
2024/05/24 星期五 00:05:07.165,1716480307165,NH-DC-NM129-H06-ROCE-Leaf-16.GPU.S9825,TwoHundredGigE1/0/16:2,2081193,8244369844,2083699,8239893380,34.51,34.47
2024/05/24 星期五 00:05:07.786,1716480307786,NH-DC-NM129-H06-ROCE-Leaf-16.GPU.S9825,TwoHundredGigE1/0/16:2,0,0,0,0,0,0
2024/05/24 星期五 00:05:08.337,1716480308337,NH-DC-NM129-H06-ROCE-Leaf-16.GPU.S9825,TwoHundredGigE1/0/16:2,2670218,10718743238,2678031,10725622313,77.75,77.82
2024/05/24 星期五 00:05:08.953,1716480308953,NH-DC-NM129-H06-ROCE-Leaf-16.GPU.S9825,TwoHundredGigE1/0/16:2,0,0,0,0,0,0
2024/05/24 星期五 00:05:09.458,1716480309458,NH-DC-NM129-H06-ROCE-Leaf-16.GPU.S9825,TwoHundredGigE1/0/16:2,2276546,9047010374,2281003,9046244964,71.60,71.60
2024/05/24 星期五 00:05:10.184,1716480310184,NH-DC-NM129-H06-ROCE-Leaf-16.GPU.S9825,TwoHundredGigE1/0/16:2,2194951,8697965242,2199005,8697014239,47.88,47.88
2024/05/24 星期五 00:05:10.843,1716480310843,NH-DC-NM129-H06-ROCE-Leaf-16.GPU.S9825,TwoHundredGigE1/0/16:2,0,0,0,0,0,0
2024/05/24 星期五 00:05:11.427,1716480311427,NH-DC-NM129-H06-ROCE-Leaf-16.GPU.S9825,TwoHundredGigE1/0/16:2,1775030,7033716100,1778533,7033947746,48.15,48.15
2024/05/24 星期五 00:05:12.059,1716480312059,NH-DC-NM129-H06-ROCE-Leaf-16.GPU.S9825,TwoHundredGigE1/0/16:2,3396769,13624686130,3405299,13625596703,86.20,86.20
2024/05/24 星期五 00:05:12.693,1716480312693,NH-DC-NM129-H06-ROCE-Leaf-16.GPU.S9825,TwoHundredGigE1/0/16:2,0,0,0,0,0,0
2024/05/24 星期五 00:05:13.354,1716480313354,NH-DC-NM129-H06-ROCE-Leaf-16.GPU.S9825,TwoHundredGigE1/0/16:2,1493690,5919025000,1497223,5922305892,35.76,35.82
2024/05/24 星期五 00:05:13.959,1716480313959,NH-DC-NM129-H06-ROCE-Leaf-16.GPU.S9825,TwoHundredGigE1/0/16:2,0,0,0,0,0,0
2024/05/24 星期五 00:05:14.547,1716480314547,NH-DC-NM129-H06-ROCE-Leaf-16.GPU.S9825,TwoHundredGigE1/0/16:2,2131073,8444693972,2134599,8443717409,57.41,57.41
2024/05/24 星期五 00:05:15.189,1716480315189,NH-DC-NM129-H06-ROCE-Leaf-16.GPU.S9825,TwoHundredGigE1/0/16:2,2870823,11538043532,2877514,11537340164,71.84,71.84
2024/05/24 星期五 00:05:15.788,1716480315788,NH-DC-NM129-H06-ROCE-Leaf-16.GPU.S9825,TwoHundredGigE1/0/16:2,0,0,0,0,0,0
2024/05/24 星期五 00:05:16.378,1716480316378,NH-DC-NM129-H06-ROCE-Leaf-16.GPU.S9825,TwoHundredGigE1/0/16:2,2136431,8465736264,2140970,8469102043,57.36,57.36
2024/05/24 星期五 00:05:17.091,1716480317091,NH-DC-NM129-H06-ROCE-Leaf-16.GPU.S9825,TwoHundredGigE1/0/16:2,2278868,9030387620,2281281,9023189510,50.66,50.60
2024/05/24 星期五 00:05:17.666,1716480317666,NH-DC-NM129-H06-ROCE-Leaf-16.GPU.S9825,TwoHundredGigE1/0/16:2,0,0,0,0,0,0
2024/05/24 星期五 00:05:18.167,1716480318167,NH-DC-NM129-H06-ROCE-Leaf-16.GPU.S9825,TwoHundredGigE1/0/16:2,1523589,6034897028,1527738,6039810131,48.14,48.14
2024/05/24 星期五 00:05:18.770,1716480318770,NH-DC-NM129-H06-ROCE-Leaf-16.GPU.S9825,TwoHundredGigE1/0/16:2,0,0,0,0,0,0
2024/05/24 星期五 00:05:19.356,1716480319356,NH-DC-NM129-H06-ROCE-Leaf-16.GPU.S9825,TwoHundredGigE1/0/16:2,2847812,11450609108,2855210,11451304848,78.16,78.16
2024/05/24 星期五 00:05:19.971,1716480319971,NH-DC-NM129-H06-ROCE-Leaf-16.GPU.S9825,TwoHundredGigE1/0/16:2,1904065,7545253990,1907706,7545495609,49.04,49.04
2024/05/24 星期五 00:05:20.759,1716480320759,NH-DC-NM129-H06-ROCE-Leaf-16.GPU.S9825,TwoHundredGigE1/0/16:2,2065855,8184715750,2069628,8185519380,41.52,41.52
2024/05/24 星期五 00:05:22.762,1716480322762,NH-DC-NM129-H06-ROCE-Leaf-16.GPU.S9825,TwoHundredGigE1/0/16:2,4753297,18996798070,4762388,18997100105,37.92,37.92
2024/05/24 星期五 00:05:23.560,1716480323560,NH-DC-NM129-H06-ROCE-Leaf-16.GPU.S9825,TwoHundredGigE1/0/16:2,0,0,0,0,0,0
2024/05/24 星期五 00:05:24.151,1716480324151,NH-DC-NM129-H06-ROCE-Leaf-16.GPU.S9825,TwoHundredGigE1/0/16:2,1710740,6777964420,1714387,6778695035,45.82,45.82
2024/05/24 星期五 00:05:24.748,1716480324748,NH-DC-NM129-H06-ROCE-Leaf-16.GPU.S9825,TwoHundredGigE1/0/16:2,0,0,0,0,0,0
2024/05/24 星期五 00:05:25.310,1716480325310,NH-DC-NM129-H06-ROCE-Leaf-16.GPU.S9825,TwoHundredGigE1/0/16:2,2097632,8312563464,2101653,8312828322,59.15,59.15
2024/05/24 星期五 00:05:25.921,1716480325921,NH-DC-NM129-H06-ROCE-Leaf-16.GPU.S9825,TwoHundredGigE1/0/16:2,0,0,0,0,0,0
2024/05/24 星期五 00:05:26.539,1716480326539,NH-DC-NM129-H06-ROCE-Leaf-16.GPU.S9825,TwoHundredGigE1/0/16:2,2622115,10555416222,2629405,10555897299,68.28,68.28
2024/05/24 星期五 00:05:27.171,1716480327171,NH-DC-NM129-H06-ROCE-Leaf-16.GPU.S9825,TwoHundredGigE1/0/16:2,2130252,8440480868,2134016,8441075048,53.42,53.42
2024/05/24 星期五 00:05:27.775,1716480327775,NH-DC-NM129-H06-ROCE-Leaf-16.GPU.S9825,TwoHundredGigE1/0/16:2,0,0,0,0,0,0
2024/05/24 星期五 00:05:28.287,1716480328287,NH-DC-NM129-H06-ROCE-Leaf-16.GPU.S9825,TwoHundredGigE1/0/16:2,2001687,7928973666,2005198,7929689741,61.88,61.88
2024/05/24 星期五 00:05:28.842,1716480328842,NH-DC-NM129-H06-ROCE-Leaf-16.GPU.S9825,TwoHundredGigE1/0/16:2,0,0,0,0,0,0
2024/05/24 星期五 00:05:29.460,1716480329460,NH-DC-NM129-H06-ROCE-Leaf-16.GPU.S9825,TwoHundredGigE1/0/16:2,1854629,7349117416,1859287,7354455892,47.51,47.57
2024/05/24 星期五 00:05:30.089,1716480330089,NH-DC-NM129-H06-ROCE-Leaf-16.GPU.S9825,TwoHundredGigE1/0/16:2,2772393,11153795898,2780646,11146490172,70.91,70.84
2024/05/24 星期五 00:05:30.705,1716480330705,NH-DC-NM129-H06-ROCE-Leaf-16.GPU.S9825,TwoHundredGigE1/0/16:2,0,0,0,0,0,0
2024/05/24 星期五 00:05:31.312,1716480331312,NH-DC-NM129-H06-ROCE-Leaf-16.GPU.S9825,TwoHundredGigE1/0/16:2,1900232,7526697290,1904760,7530160522,49.56,49.62
2024/05/24 星期五 00:05:31.814,1716480331814,NH-DC-NM129-H06-ROCE-Leaf-16.GPU.S9825,TwoHundredGigE1/0/16:2,0,0,0,0,0,0
2024/05/24 星期五 00:05:32.314,1716480332314,NH-DC-NM129-H06-ROCE-Leaf-16.GPU.S9825,TwoHundredGigE1/0/16:2,2132483,8449434888,2137221,8450196501,67.52,67.6
2024/05/24 星期五 00:05:32.984,1716480332984,NH-DC-NM129-H06-ROCE-Leaf-16.GPU.S9825,TwoHundredGigE1/0/16:2,1765422,6986063274,1767912,6986199220,41.67,41.67
2024/05/24 星期五 00:05:33.535,1716480333535,NH-DC-NM129-H06-ROCE-Leaf-16.GPU.S9825,TwoHundredGigE1/0/16:2,0,0,0,0,0,0
2024/05/24 星期五 00:05:34.211,1716480334211,NH-DC-NM129-H06-ROCE-Leaf-16.GPU.S9825,TwoHundredGigE1/0/16:2,2984484,12000857888,2993029,12001769395,71.01,71.01
2024/05/24 星期五 00:05:34.809,1716480334809,NH-DC-NM129-H06-ROCE-Leaf-16.GPU.S9825,TwoHundredGigE1/0/16:2,0,0,0,0,0,0
2024/05/24 星期五 00:05:35.313,1716480335313,NH-DC-NM129-H06-ROCE-Leaf-16.GPU.S9825,TwoHundredGigE1/0/16:2,1991201,7890993444,1993705,7885997756,62.62,62.54
2024/05/24 星期五 00:05:35.995,1716480335995,NH-DC-NM129-H06-ROCE-Leaf-16.GPU.S9825,TwoHundredGigE1/0/16:2,0,0,0,0,0,0
2024/05/24 星期五 00:05:36.551,1716480336551,NH-DC-NM129-H06-ROCE-Leaf-16.GPU.S9825,TwoHundredGigE1/0/16:2,1998939,7920648970,2006615,7936958713,56.98,57.05
2024/05/24 星期五 00:05:37.213,1716480337213,NH-DC-NM129-H06-ROCE-Leaf-16.GPU.S9825,TwoHundredGigE1/0/16:2,2676917,10771935092,2681429,10760628452,65.08,65.02
2024/05/24 星期五 00:05:37.801,1716480337801,NH-DC-NM129-H06-ROCE-Leaf-16.GPU.S9825,TwoHundredGigE1/0/16:2,0,0,0,0,0,0
2024/05/24 星期五 00:05:38.309,1716480338309,NH-DC-NM129-H06-ROCE-Leaf-16.GPU.S9825,TwoHundredGigE1/0/16:2,1925779,7630716782,1929539,7632761825,60.08,60.08
2024/05/24 星期五 00:05:38.810,1716480338810,NH-DC-NM129-H06-ROCE-Leaf-16.GPU.S9825,TwoHundredGigE1/0/16:2,0,0,0,0,0,0
2024/05/24 星期五 00:05:39.313,1716480339313,NH-DC-NM129-H06-ROCE-Leaf-16.GPU.S9825,TwoHundredGigE1/0/16:2,2232229,8845661326,2236353,8845565882,70.30,70.30
2024/05/24 星期五 00:05:39.983,1716480339983,NH-DC-NM129-H06-ROCE-Leaf-16.GPU.S9825,TwoHundredGigE1/0/16:2,1737410,6884871248,1740819,6885159131,41.07,41.07
2024/05/24 星期五 00:05:40.691,1716480340691,NH-DC-NM129-H06-ROCE-Leaf-16.GPU.S9825,TwoHundredGigE1/0/16:2,0,0,0,0,0,0
2024/05/24 星期五 00:05:41.301,1716480341301,NH-DC-NM129-H06-ROCE-Leaf-16.GPU.S9825,TwoHundredGigE1/0/16:2,3365694,13500804436,3373519,13499106230,88.52,88.46
2024/05/24 星期五 00:05:41.850,1716480341850,NH-DC-NM129-H06-ROCE-Leaf-16.GPU.S9825,TwoHundredGigE1/0/16:2,0,0,0,0,0,0
2024/05/24 星期五 00:05:42.353,1716480342353,NH-DC-NM129-H06-ROCE-Leaf-16.GPU.S9825,TwoHundredGigE1/0/16:2,1710440,6777941224,1713844,6778654597,53.84,53.84
2024/05/24 星期五 00:05:43.093,1716480343093,NH-DC-NM129-H06-ROCE-Leaf-16.GPU.S9825,TwoHundredGigE1/0/16:2,1865963,7394398122,1869166,7394122906,39.95,39.95
2024/05/24 星期五 00:05:43.843,1716480343843,NH-DC-NM129-H06-ROCE-Leaf-16.GPU.S9825,TwoHundredGigE1/0/16:2,0,0,0,0,0,0
2024/05/24 星期五 00:05:44.447,1716480344447,NH-DC-NM129-H06-ROCE-Leaf-16.GPU.S9825,TwoHundredGigE1/0/16:2,2264270,9059898424,2268809,9060681129,59.93,60
2024/05/24 星期五 00:05:45.035,1716480345035,NH-DC-NM129-H06-ROCE-Leaf-16.GPU.S9825,TwoHundredGigE1/0/16:2,2364599,9447413778,2369494,9448084200,64.22,64.22
2024/05/24 星期五 00:05:45.657,1716480345657,NH-DC-NM129-H06-ROCE-Leaf-16.GPU.S9825,TwoHundredGigE1/0/16:2,0,0,0,0,0,0
2024/05/24 星期五 00:05:46.158,1716480346158,NH-DC-NM129-H06-ROCE-Leaf-16.GPU.S9825,TwoHundredGigE1/0/16:2,2162961,8570842866,2166602,8569255317,68.42,68.34
2024/05/24 星期五 00:05:46.831,1716480346831,NH-DC-NM129-H06-ROCE-Leaf-16.GPU.S9825,TwoHundredGigE1/0/16:2,1871877,7417373958,1875357,7417604626,44.04,44.04
2024/05/24 星期五 00:05:47.744,1716480347744,NH-DC-NM129-H06-ROCE-Leaf-16.GPU.S9825,TwoHundredGigE1/0/16:2,0,0,0,0,0,0
2024/05/24 星期五 00:05:48.247,1716480348247,NH-DC-NM129-H06-ROCE-Leaf-16.GPU.S9825,TwoHundredGigE1/0/16:2,2422415,9766262222,2428948,9766864907,77.61,77.61
2024/05/24 星期五 00:05:48.813,1716480348813,NH-DC-NM129-H06-ROCE-Leaf-16.GPU.S9825,TwoHundredGigE1/0/16:2,0,0,0,0,0,0
2024/05/24 星期五 00:05:49.321,1716480349321,NH-DC-NM129-H06-ROCE-Leaf-16.GPU.S9825,TwoHundredGigE1/0/16:2,2071270,8206516480,2074849,8206927004,64.57,64.57
2024/05/24 星期五 00:05:49.821,1716480349821,NH-DC-NM129-H06-ROCE-Leaf-16.GPU.S9825,TwoHundredGigE1/0/16:2,0,0,0,0,0,0
2024/05/24 星期五 00:05:50.493,1716480350493,NH-DC-NM129-H06-ROCE-Leaf-16.GPU.S9825,TwoHundredGigE1/0/16:2,2323930,9207791628,2328145,9208347055,54.76,54.76
2024/05/24 星期五 00:05:51.262,1716480351262,NH-DC-NM129-H06-ROCE-Leaf-16.GPU.S9825,TwoHundredGigE1/0/16:2,1803017,7139022090,1805992,7139218820,37.09,37.09
2024/05/24 星期五 00:05:51.765,1716480351765,NH-DC-NM129-H06-ROCE-Leaf-16.GPU.S9825,TwoHundredGigE1/0/16:2,0,0,0,0,0,0
2024/05/24 星期五 00:05:52.330,1716480352330,NH-DC-NM129-H06-ROCE-Leaf-16.GPU.S9825,TwoHundredGigE1/0/16:2,3098532,12447229312,3109088,12457092323,88.07,88.14
2024/05/24 星期五 00:05:52.844,1716480352844,NH-DC-NM129-H06-ROCE-Leaf-16.GPU.S9825,TwoHundredGigE1/0/16:2,0,0,0,0,0,0
2024/05/24 星期五 00:05:53.366,1716480353366,NH-DC-NM129-H06-ROCE-Leaf-16.GPU.S9825,TwoHundredGigE1/0/16:2,1787350,7082800060,1788685,7074765960,54.25,54.18
2024/05/24 星期五 00:05:54.155,1716480354155,NH-DC-NM129-H06-ROCE-Leaf-16.GPU.S9825,TwoHundredGigE1/0/16:2,2065620,8184695944,2069508,8184951633,41.47,41.47
2024/05/24 星期五 00:05:54.899,1716480354899,NH-DC-NM129-H06-ROCE-Leaf-16.GPU.S9825,TwoHundredGigE1/0/16:2,3170946,12729492856,3179214,12730525740,68.39,68.44
2024/05/24 星期五 00:05:55.706,1716480355706,NH-DC-NM129-H06-ROCE-Leaf-16.GPU.S9825,TwoHundredGigE1/0/16:2,0,0,0,0,0,0
2024/05/24 星期五 00:05:56.455,1716480356455,NH-DC-NM129-H06-ROCE-Leaf-16.GPU.S9825,TwoHundredGigE1/0/16:2,1981175,7850062526,1985637,7853963071,41.92,41.92
2024/05/24 星期五 00:05:57.029,1716480357029,NH-DC-NM129-H06-ROCE-Leaf-16.GPU.S9825,TwoHundredGigE1/0/16:2,2083129,8255164828,2085278,8248289532,57.49,57.42
2024/05/24 星期五 00:05:57.971,1716480357971,NH-DC-NM129-H06-ROCE-Leaf-16.GPU.S9825,TwoHundredGigE1/0/16:2,1688340,6688005544,1691131,6688192707,28.37,28.37
2024/05/24 星期五 00:05:58.626,1716480358626,NH-DC-NM129-H06-ROCE-Leaf-16.GPU.S9825,TwoHundredGigE1/0/16:2,0,0,0,0,0,0
2024/05/24 星期五 00:05:59.128,1716480359128,NH-DC-NM129-H06-ROCE-Leaf-16.GPU.S9825,TwoHundredGigE1/0/16:2,2814364,11318861774,2822403,11323469478,90.12,90.20
2024/05/24 星期五 00:05:59.704,1716480359704,NH-DC-NM129-H06-ROCE-Leaf-16.GPU.S9825,TwoHundredGigE1/0/16:2,0,0,0,0,0,0
2024/05/24 星期五 00:06:00.272,1716480360272,NH-DC-NM129-H06-ROCE-Leaf-16.GPU.S9825,TwoHundredGigE1/0/16:2,1808532,7166485302,1811802,7166399432,50.42,50.42
2024/05/24 星期五 00:06:01.499,1716480361499,NH-DC-NM129-H06-ROCE-Leaf-16.GPU.S9825,TwoHundredGigE1/0/16:2,2122393,8409891280,2126390,8411108768,27.38,27.42
2024/05/24 星期五 00:06:02.121,1716480362121,NH-DC-NM129-H06-ROCE-Leaf-16.GPU.S9825,TwoHundredGigE1/0/16:2,2258196,9036908060,2263286,9037243133,58.07,58.07
2024/05/24 星期五 00:06:02.623,1716480362623,NH-DC-NM129-H06-ROCE-Leaf-16.GPU.S9825,TwoHundredGigE1/0/16:2,0,0,0,0,0,0
2024/05/24 星期五 00:06:03.123,1716480363123,NH-DC-NM129-H06-ROCE-Leaf-16.GPU.S9825,TwoHundredGigE1/0/16:2,2139162,8552245376,2143844,8552901904,68.4,68.4
2024/05/24 星期五 00:06:03.687,1716480363687,NH-DC-NM129-H06-ROCE-Leaf-16.GPU.S9825,TwoHundredGigE1/0/16:2,0,0,0,0,0,0
2024/05/24 星期五 00:06:04.185,1716480364185,NH-DC-NM129-H06-ROCE-Leaf-16.GPU.S9825,TwoHundredGigE1/0/16:2,1923926,7624234902,1926738,7621676417,61.20,61.20
2024/05/24 星期五 00:06:05.219,1716480365219,NH-DC-NM129-H06-ROCE-Leaf-16.GPU.S9825,TwoHundredGigE1/0/16:2,2045584,8105700690,2049637,8107334892,31.33,31.33
2024/05/24 星期五 00:06:05.806,1716480365806,NH-DC-NM129-H06-ROCE-Leaf-16.GPU.S9825,TwoHundredGigE1/0/16:2,0,0,0,0,0,0
2024/05/24 星期五 00:06:06.306,1716480366306,NH-DC-NM129-H06-ROCE-Leaf-16.GPU.S9825,TwoHundredGigE1/0/16:2,2710400,10904237188,2717529,10907391925,87.2,87.2
2024/05/24 星期五 00:06:07.019,1716480367019,NH-DC-NM129-H06-ROCE-Leaf-16.GPU.S9825,TwoHundredGigE1/0/16:2,2074316,8219552884,2078040,8219324244,46.06,46.06
2024/05/24 星期五 00:06:07.571,1716480367571,NH-DC-NM129-H06-ROCE-Leaf-16.GPU.S9825,TwoHundredGigE1/0/16:2,0,0,0,0,0,0
2024/05/24 星期五 00:06:08.084,1716480368084,NH-DC-NM129-H06-ROCE-Leaf-16.GPU.S9825,TwoHundredGigE1/0/16:2,2126190,8424422334,2131557,8431819813,65.65,65.73
2024/05/24 星期五 00:06:09.072,1716480369072,NH-DC-NM129-H06-ROCE-Leaf-16.GPU.S9825,TwoHundredGigE1/0/16:2,1689359,6694706562,1691589,6690787156,27.09,27.09
2024/05/24 星期五 00:06:09.574,1716480369574,NH-DC-NM129-H06-ROCE-Leaf-16.GPU.S9825,TwoHundredGigE1/0/16:2,0,0,0,0,0,0
2024/05/24 星期五 00:06:10.166,1716480370166,NH-DC-NM129-H06-ROCE-Leaf-16.GPU.S9825,TwoHundredGigE1/0/16:2,2969602,11933541878,2976613,11932069639,80.61,80.61
2024/05/24 星期五 00:06:10.742,1716480370742,NH-DC-NM129-H06-ROCE-Leaf-16.GPU.S9825,TwoHundredGigE1/0/16:2,0,0,0,0,0,0
2024/05/24 星期五 00:06:11.245,1716480371245,NH-DC-NM129-H06-ROCE-Leaf-16.GPU.S9825,TwoHundredGigE1/0/16:2,1839484,7289479960,1842862,7289702764,57.89,57.89
2024/05/24 星期五 00:06:11.826,1716480371826,NH-DC-NM129-H06-ROCE-Leaf-16.GPU.S9825,TwoHundredGigE1/0/16:2,2130092,8440462512,2133820,8441055777,58.11,58.11
2024/05/24 星期五 00:06:12.830,1716480372830,NH-DC-NM129-H06-ROCE-Leaf-16.GPU.S9825,TwoHundredGigE1/0/16:2,0,0,0,0,0,0
2024/05/24 星期五 00:06:13.363,1716480373363,NH-DC-NM129-H06-ROCE-Leaf-16.GPU.S9825,TwoHundredGigE1/0/16:2,2316518,9270196438,2321907,9269560666,69.57,69.49
2024/05/24 星期五 00:06:13.913,1716480373913,NH-DC-NM129-H06-ROCE-Leaf-16.GPU.S9825,TwoHundredGigE1/0/16:2,0,0,0,0,0,0
2024/05/24 星期五 00:06:14.482,1716480374482,NH-DC-NM129-H06-ROCE-Leaf-16.GPU.S9825,TwoHundredGigE1/0/16:2,2524252,10075792634,2529451,10074554891,70.79,70.79
2024/05/24 星期五 00:06:14.985,1716480374985,NH-DC-NM129-H06-ROCE-Leaf-16.GPU.S9825,TwoHundredGigE1/0/16:2,0,0,0,0,0,0
2024/05/24 星期五 00:06:15.490,1716480375490,NH-DC-NM129-H06-ROCE-Leaf-16.GPU.S9825,TwoHundredGigE1/0/16:2,2235487,8857694002,2240196,8861551876,70.10,70.18
2024/05/24 星期五 00:06:16.415,1716480376415,NH-DC-NM129-H06-ROCE-Leaf-16.GPU.S9825,TwoHundredGigE1/0/16:2,1761771,6981322422,1766411,6986950937,30.18,30.18
2024/05/24 星期五 00:06:16.974,1716480376974,NH-DC-NM129-H06-ROCE-Leaf-16.GPU.S9825,TwoHundredGigE1/0/16:2,0,0,0,0,0,0
2024/05/24 星期五 00:06:17.523,1716480377523,NH-DC-NM129-H06-ROCE-Leaf-16.GPU.S9825,TwoHundredGigE1/0/16:2,3280854,13165531524,3287652,13160797042,95.88,95.88
2024/05/24 星期五 00:06:18.094,1716480378094,NH-DC-NM129-H06-ROCE-Leaf-16.GPU.S9825,TwoHundredGigE1/0/16:2,1613643,6394284930,1616579,6394478295,44.76,44.76
2024/05/24 星期五 00:06:18.597,1716480378597,NH-DC-NM129-H06-ROCE-Leaf-16.GPU.S9825,TwoHundredGigE1/0/16:2,0,0,0,0,0,0
2024/05/24 星期五 00:06:19.098,1716480379098,NH-DC-NM129-H06-ROCE-Leaf-16.GPU.S9825,TwoHundredGigE1/0/16:2,2158008,8550271650,2162951,8555981210,68.26,68.26
2024/05/24 星期五 00:06:20.034,1716480380034,NH-DC-NM129-H06-ROCE-Leaf-16.GPU.S9825,TwoHundredGigE1/0/16:2,2630645,10543433178,2635140,10537782837,45.04,45
2024/05/24 星期五 00:06:20.535,1716480380535,NH-DC-NM129-H06-ROCE-Leaf-16.GPU.S9825,TwoHundredGigE1/0/16:2,2319688,9237855054,2325528,9239750660,73.69,73.69
2024/05/24 星期五 00:06:22.394,1716480382394,NH-DC-NM129-H06-ROCE-Leaf-16.GPU.S9825,TwoHundredGigE1/0/16:2,2193566,8692964560,2197174,8689988065,18.70,18.68
2024/05/24 星期五 00:06:23.354,1716480383354,NH-DC-NM129-H06-ROCE-Leaf-16.GPU.S9825,TwoHundredGigE1/0/16:2,1599051,6336628914,1602851,6340871118,26.38,26.42
2024/05/24 星期五 00:06:24.058,1716480384058,NH-DC-NM129-H06-ROCE-Leaf-16.GPU.S9825,TwoHundredGigE1/0/16:2,2863570,11511539716,2871377,11512046127,65.40,65.40
2024/05/24 星期五 00:06:24.659,1716480384659,NH-DC-NM129-H06-ROCE-Leaf-16.GPU.S9825,TwoHundredGigE1/0/16:2,0,0,0,0,0,0
2024/05/24 星期五 00:06:25.224,1716480385224,NH-DC-NM129-H06-ROCE-Leaf-16.GPU.S9825,TwoHundredGigE1/0/16:2,1968689,7801030998,1972092,7801254660,55.22,55.22
2024/05/24 星期五 00:06:25.736,1716480385736,NH-DC-NM129-H06-ROCE-Leaf-16.GPU.S9825,TwoHundredGigE1/0/16:2,0,0,0,0,0,0
2024/05/24 星期五 00:06:26.280,1716480386280,NH-DC-NM129-H06-ROCE-Leaf-16.GPU.S9825,TwoHundredGigE1/0/16:2,2097814,8313313180,2101805,8313258519,61.10,61.10
2024/05/24 星期五 00:06:27.216,1716480387216,NH-DC-NM129-H06-ROCE-Leaf-16.GPU.S9825,TwoHundredGigE1/0/16:2,1854611,7338758800,1856315,7334358706,31.32,31.32
2024/05/24 星期五 00:06:27.722,1716480387722,NH-DC-NM129-H06-ROCE-Leaf-16.GPU.S9825,TwoHundredGigE1/0/16:2,0,0,0,0,0,0
2024/05/24 星期五 00:06:28.364,1716480388364,NH-DC-NM129-H06-ROCE-Leaf-16.GPU.S9825,TwoHundredGigE1/0/16:2,2929391,11784980924,2938563,11790449079,73.40,73.46
2024/05/24 星期五 00:06:28.968,1716480388968,NH-DC-NM129-H06-ROCE-Leaf-16.GPU.S9825,TwoHundredGigE1/0/16:2,0,0,0,0,0,0
2024/05/24 星期五 00:06:29.543,1716480389543,NH-DC-NM129-H06-ROCE-Leaf-16.GPU.S9825,TwoHundredGigE1/0/16:2,1750764,6937939564,1754717,6941276926,48.21,48.28
2024/05/24 星期五 00:06:30.514,1716480390514,NH-DC-NM129-H06-ROCE-Leaf-16.GPU.S9825,TwoHundredGigE1/0/16:2,2089679,8280457662,2092958,8277876376,34.11,34.07
2024/05/24 星期五 00:06:31.212,1716480391212,NH-DC-NM129-H06-ROCE-Leaf-16.GPU.S9825,TwoHundredGigE1/0/16:2,2912507,11706392766,2920563,11707479058,67.05,67.05
2024/05/24 星期五 00:06:31.815,1716480391815,NH-DC-NM129-H06-ROCE-Leaf-16.GPU.S9825,TwoHundredGigE1/0/16:2,0,0,0,0,0,0
2024/05/24 星期五 00:06:32.333,1716480392333,NH-DC-NM129-H06-ROCE-Leaf-16.GPU.S9825,TwoHundredGigE1/0/16:2,2000846,7928908656,2004581,7929154599,61.16,61.16
2024/05/24 星期五 00:06:32.833,1716480392833,NH-DC-NM129-H06-ROCE-Leaf-16.GPU.S9825,TwoHundredGigE1/0/16:2,0,0,0,0,0,0
2024/05/24 星期五 00:06:33.344,1716480393344,NH-DC-NM129-H06-ROCE-Leaf-16.GPU.S9825,TwoHundredGigE1/0/16:2,2088147,8274867950,2091571,8273669416,64.74,64.74
2024/05/24 星期五 00:06:34.101,1716480394101,NH-DC-NM129-H06-ROCE-Leaf-16.GPU.S9825,TwoHundredGigE1/0/16:2,1720121,6815650762,1723659,6817655773,35.98,35.98
2024/05/24 星期五 00:06:35.051,1716480395051,NH-DC-NM129-H06-ROCE-Leaf-16.GPU.S9825,TwoHundredGigE1/0/16:2,3138702,12601607964,3146138,12602516228,53.05,53.05
2024/05/24 星期五 00:06:35.644,1716480395644,NH-DC-NM129-H06-ROCE-Leaf-16.GPU.S9825,TwoHundredGigE1/0/16:2,0,0,0,0,0,0
2024/05/24 星期五 00:06:36.146,1716480396146,NH-DC-NM129-H06-ROCE-Leaf-16.GPU.S9825,TwoHundredGigE1/0/16:2,1775257,7033732062,1779023,7036974793,56.02,56.02
2024/05/24 星期五 00:06:36.716,1716480396716,NH-DC-NM129-H06-ROCE-Leaf-16.GPU.S9825,TwoHundredGigE1/0/16:2,0,0,0,0,0,0
2024/05/24 星期五 00:06:38.137,1716480398137,NH-DC-NM129-H06-ROCE-Leaf-16.GPU.S9825,TwoHundredGigE1/0/16:2,4091487,16268622348,4097397,16261887833,45.77,45.77
2024/05/24 星期五 00:06:38.698,1716480398698,NH-DC-NM129-H06-ROCE-Leaf-16.GPU.S9825,TwoHundredGigE1/0/16:2,0,0,0,0,0,0
2024/05/24 星期五 00:06:39.198,1716480399198,NH-DC-NM129-H06-ROCE-Leaf-16.GPU.S9825,TwoHundredGigE1/0/16:2,2435232,9760944586,2441958,9766491564,78.08,78.08
2024/05/24 星期五 00:06:39.734,1716480399734,NH-DC-NM129-H06-ROCE-Leaf-16.GPU.S9825,TwoHundredGigE1/0/16:2,0,0,0,0,0,0
2024/05/24 星期五 00:06:40.258,1716480400258,NH-DC-NM129-H06-ROCE-Leaf-16.GPU.S9825,TwoHundredGigE1/0/16:2,2072938,8214251324,2076946,8215550083,62.67,62.67
2024/05/24 星期五 00:06:40.914,1716480400914,NH-DC-NM129-H06-ROCE-Leaf-16.GPU.S9825,TwoHundredGigE1/0/16:2,1981852,7850278024,1986192,7852673722,47.87,47.87
2024/05/24 星期五 00:06:41.629,1716480401629,NH-DC-NM129-H06-ROCE-Leaf-16.GPU.S9825,TwoHundredGigE1/0/16:2,0,0,0,0,0,0
2024/05/24 星期五 00:06:42.178,1716480402178,NH-DC-NM129-H06-ROCE-Leaf-16.GPU.S9825,TwoHundredGigE1/0/16:2,2897127,11642595200,2904255,11644989277,84.81,84.81
2024/05/24 星期五 00:06:42.679,1716480402679,NH-DC-NM129-H06-ROCE-Leaf-16.GPU.S9825,TwoHundredGigE1/0/16:2,0,0,0,0,0,0
2024/05/24 星期五 00:06:43.245,1716480403245,NH-DC-NM129-H06-ROCE-Leaf-16.GPU.S9825,TwoHundredGigE1/0/16:2,1748246,6927192214,1753198,6933617682,48.90,48.98
2024/05/24 星期五 00:06:43.917,1716480403917,NH-DC-NM129-H06-ROCE-Leaf-16.GPU.S9825,TwoHundredGigE1/0/16:2,2314506,9171515664,2317251,9163853787,54.58,54.52
2024/05/24 星期五 00:06:44.683,1716480404683,NH-DC-NM129-H06-ROCE-Leaf-16.GPU.S9825,TwoHundredGigE1/0/16:2,0,0,0,0,0,0
2024/05/24 星期五 00:06:45.299,1716480405299,NH-DC-NM129-H06-ROCE-Leaf-16.GPU.S9825,TwoHundredGigE1/0/16:2,1674648,6635321400,1677448,6635505900,43.05,43.05
2024/05/24 星期五 00:06:45.900,1716480405900,NH-DC-NM129-H06-ROCE-Leaf-16.GPU.S9825,TwoHundredGigE1/0/16:2,0,0,0,0,0,0
2024/05/24 星期五 00:06:46.409,1716480406409,NH-DC-NM129-H06-ROCE-Leaf-16.GPU.S9825,TwoHundredGigE1/0/16:2,3013220,12104805172,3020933,12105730081,95.09,95.09
2024/05/24 星期五 00:06:46.942,1716480406942,NH-DC-NM129-H06-ROCE-Leaf-16.GPU.S9825,TwoHundredGigE1/0/16:2,0,0,0,0,0,0
2024/05/24 星期五 00:06:47.590,1716480407590,NH-DC-NM129-H06-ROCE-Leaf-16.GPU.S9825,TwoHundredGigE1/0/16:2,1742585,6905812914,1745874,6906030050,42.59,42.59
2024/05/24 星期五 00:06:48.293,1716480408293,NH-DC-NM129-H06-ROCE-Leaf-16.GPU.S9825,TwoHundredGigE1/0/16:2,1969353,7801088158,1972245,7801972631,44.38,44.38
2024/05/24 星期五 00:06:48.922,1716480408922,NH-DC-NM129-H06-ROCE-Leaf-16.GPU.S9825,TwoHundredGigE1/0/16:2,0,0,0,0,0,0
2024/05/24 星期五 00:06:49.423,1716480409423,NH-DC-NM129-H06-ROCE-Leaf-16.GPU.S9825,TwoHundredGigE1/0/16:2,2842803,11419743060,2851432,11424060150,91.10,91.18
2024/05/24 星期五 00:06:49.926,1716480409926,NH-DC-NM129-H06-ROCE-Leaf-16.GPU.S9825,TwoHundredGigE1/0/16:2,0,0,0,0,0,0
2024/05/24 星期五 00:06:51.215,1716480411215,NH-DC-NM129-H06-ROCE-Leaf-16.GPU.S9825,TwoHundredGigE1/0/16:2,4483639,17774538986,4492752,17779769163,55.14,55.14
2024/05/24 星期五 00:06:51.886,1716480411886,NH-DC-NM129-H06-ROCE-Leaf-16.GPU.S9825,TwoHundredGigE1/0/16:2,0,0,0,0,0,0
2024/05/24 星期五 00:06:52.500,1716480412500,NH-DC-NM129-H06-ROCE-Leaf-16.GPU.S9825,TwoHundredGigE1/0/16:2,1718601,6810442968,1719840,6802769717,44.36,44.30
2024/05/24 星期五 00:06:53.005,1716480413005,NH-DC-NM129-H06-ROCE-Leaf-16.GPU.S9825,TwoHundredGigE1/0/16:2,0,0,0,0,0,0
2024/05/24 星期五 00:06:53.507,1716480413507,NH-DC-NM129-H06-ROCE-Leaf-16.GPU.S9825,TwoHundredGigE1/0/16:2,2644444,10643592664,2651948,10645942112,84.78,84.78
2024/05/24 星期五 00:06:54.233,1716480414233,NH-DC-NM129-H06-ROCE-Leaf-16.GPU.S9825,TwoHundredGigE1/0/16:2,1914253,7584987398,1917767,7583923155,41.76,41.76
2024/05/24 星期五 00:06:54.967,1716480414967,NH-DC-NM129-H06-ROCE-Leaf-16.GPU.S9825,TwoHundredGigE1/0/16:2,2074798,8218144922,2079907,8226648022,44.74,44.80
2024/05/24 星期五 00:06:55.869,1716480415869,NH-DC-NM129-H06-ROCE-Leaf-16.GPU.S9825,TwoHundredGigE1/0/16:2,0,0,0,0,0,0
2024/05/24 星期五 00:06:56.452,1716480416452,NH-DC-NM129-H06-ROCE-Leaf-16.GPU.S9825,TwoHundredGigE1/0/16:2,2464337,9833826758,2467720,9825424251,67.44,67.38
2024/05/24 星期五 00:06:56.953,1716480416953,NH-DC-NM129-H06-ROCE-Leaf-16.GPU.S9825,TwoHundredGigE1/0/16:2,2505314,0,0,0,0,0
2024/05/24 星期五 00:06:58.266,1716480418266,NH-DC-NM129-H06-ROCE-Leaf-16.GPU.S9825,TwoHundredGigE1/0/16:2,1872000,17441250350,4390399,17456979213,53.13,53.16
2024/05/24 星期五 00:06:58.867,1716480418867,NH-DC-NM129-H06-ROCE-Leaf-16.GPU.S9825,TwoHundredGigE1/0/16:2,0,0,0,0,0,0
2024/05/24 星期五 00:06:59.373,1716480419373,NH-DC-NM129-H06-ROCE-Leaf-16.GPU.S9825,TwoHundredGigE1/0/16:2,1904680,7545298804,1904271,7531954570,59.60,59.53
2024/05/24 星期五 00:06:59.926,1716480419926,NH-DC-NM129-H06-ROCE-Leaf-16.GPU.S9825,TwoHundredGigE1/0/16:2,0,0,0,0,0,0
2024/05/24 星期五 00:07:00.425,1716480420425,NH-DC-NM129-H06-ROCE-Leaf-16.GPU.S9825,TwoHundredGigE1/0/16:2,2719017,10939085902,2726820,10939854932,87.62,87.62
2024/05/24 星期五 00:07:01.104,1716480421104,NH-DC-NM129-H06-ROCE-Leaf-16.GPU.S9825,TwoHundredGigE1/0/16:2,2033181,8056799118,2036915,8057045078,47.42,47.42
2024/05/24 星期五 00:07:01.724,1716480421724,NH-DC-NM129-H06-ROCE-Leaf-16.GPU.S9825,TwoHundredGigE1/0/16:2,0,0,0,0,0,0
2024/05/24 星期五 00:07:02.272,1716480422272,NH-DC-NM129-H06-ROCE-Leaf-16.GPU.S9825,TwoHundredGigE1/0/16:2,2323796,9207783068,2328193,9208768159,67.15,67.15
2024/05/24 星期五 00:07:02.888,1716480422888,NH-DC-NM129-H06-ROCE-Leaf-16.GPU.S9825,TwoHundredGigE1/0/16:2,0,0,0,0,0,0
2024/05/24 星期五 00:07:03.389,1716480423389,NH-DC-NM129-H06-ROCE-Leaf-16.GPU.S9825,TwoHundredGigE1/0/16:2,1501550,5950312064,1504336,5950798092,47.50,47.50
2024/05/24 星期五 00:07:03.893,1716480423893,NH-DC-NM129-H06-ROCE-Leaf-16.GPU.S9825,TwoHundredGigE1/0/16:2,0,0,0,0,0,0
2024/05/24 星期五 00:07:04.570,1716480424570,NH-DC-NM129-H06-ROCE-Leaf-16.GPU.S9825,TwoHundredGigE1/0/16:2,3322133,13328863408,3330952,13330151401,78.70,78.76
2024/05/24 星期五 00:07:05.109,1716480425109,NH-DC-NM129-H06-ROCE-Leaf-16.GPU.S9825,TwoHundredGigE1/0/16:2,1704003,6750459960,1706826,6750541248,50.09,50.09
2024/05/24 星期五 00:07:05.723,1716480425723,NH-DC-NM129-H06-ROCE-Leaf-16.GPU.S9825,TwoHundredGigE1/0/16:2,0,0,0,0,0,0
2024/05/24 星期五 00:07:06.318,1716480426318,NH-DC-NM129-H06-ROCE-Leaf-16.GPU.S9825,TwoHundredGigE1/0/16:2,2097814,8312575668,2101699,8312833815,55.87,55.87
2024/05/24 星期五 00:07:06.954,1716480426954,NH-DC-NM129-H06-ROCE-Leaf-16.GPU.S9825,TwoHundredGigE1/0/16:2,0,0,0,0,0,0
2024/05/24 星期五 00:07:07.554,1716480427554,NH-DC-NM129-H06-ROCE-Leaf-16.GPU.S9825,TwoHundredGigE1/0/16:2,2439504,9796903542,2445360,9798267174,65.27,65.27
2024/05/24 星期五 00:07:08.366,1716480428366,NH-DC-NM129-H06-ROCE-Leaf-16.GPU.S9825,TwoHundredGigE1/0/16:2,2118799,8431650388,2123447,8431326901,41.53,41.53
2024/05/24 星期五 00:07:08.869,1716480428869,NH-DC-NM129-H06-ROCE-Leaf-16.GPU.S9825,TwoHundredGigE1/0/16:2,2033687,8058804966,2037092,8057476096,64.02,64.02
2024/05/24 星期五 00:07:09.588,1716480429588,NH-DC-NM129-H06-ROCE-Leaf-16.GPU.S9825,TwoHundredGigE1/0/16:2,0,0,0,0,0,0
2024/05/24 星期五 00:07:10.142,1716480430142,NH-DC-NM129-H06-ROCE-Leaf-16.GPU.S9825,TwoHundredGigE1/0/16:2,1914783,7587527666,1918105,7586886785,54.73,54.73
2024/05/24 星期五 00:07:10.647,1716480430647,NH-DC-NM129-H06-ROCE-Leaf-16.GPU.S9825,TwoHundredGigE1/0/16:2,0,0,0,0,0,0
2024/05/24 星期五 00:07:11.296,1716480431296,NH-DC-NM129-H06-ROCE-Leaf-16.GPU.S9825,TwoHundredGigE1/0/16:2,2676641,10768972438,2683553,10770770592,66.32,66.38
2024/05/24 星期五 00:07:11.910,1716480431910,NH-DC-NM129-H06-ROCE-Leaf-16.GPU.S9825,TwoHundredGigE1/0/16:2,0,0,0,0,0,0
2024/05/24 星期五 00:07:12.478,1716480432478,NH-DC-NM129-H06-ROCE-Leaf-16.GPU.S9825,TwoHundredGigE1/0/16:2,1936447,7673148890,1942269,7682759483,54.01,54.08
2024/05/24 星期五 00:07:13.197,1716480433197,NH-DC-NM129-H06-ROCE-Leaf-16.GPU.S9825,TwoHundredGigE1/0/16:2,2156093,8544917632,2158376,8536515250,47.51,47.45
2024/05/24 星期五 00:07:13.747,1716480433747,NH-DC-NM129-H06-ROCE-Leaf-16.GPU.S9825,TwoHundredGigE1/0/16:2,0,0,0,0,0,0
2024/05/24 星期五 00:07:14.250,1716480434250,NH-DC-NM129-H06-ROCE-Leaf-16.GPU.S9825,TwoHundredGigE1/0/16:2,1713421,6789253004,1715852,6786555191,53.92,53.92
2024/05/24 星期五 00:07:15.115,1716480435115,NH-DC-NM129-H06-ROCE-Leaf-16.GPU.S9825,TwoHundredGigE1/0/16:2,3035246,12192484874,3042841,12192498756,56.37,56.37
2024/05/24 星期五 00:07:15.649,1716480435649,NH-DC-NM129-H06-ROCE-Leaf-16.GPU.S9825,TwoHundredGigE1/0/16:2,0,0,0,0,0,0
2024/05/24 星期五 00:07:16.151,1716480436151,NH-DC-NM129-H06-ROCE-Leaf-16.GPU.S9825,TwoHundredGigE1/0/16:2,1724496,6834250116,1724131,6819629177,54.42,54.26
2024/05/24 星期五 00:07:16.798,1716480436798,NH-DC-NM129-H06-ROCE-Leaf-16.GPU.S9825,TwoHundredGigE1/0/16:2,0,0,0,0,0,0
2024/05/24 星期五 00:07:17.298,1716480437298,NH-DC-NM129-H06-ROCE-Leaf-16.GPU.S9825,TwoHundredGigE1/0/16:2,2189335,8674542230,2196552,8688973770,69.36,69.44
2024/05/24 星期五 00:07:17.802,1716480437802,NH-DC-NM129-H06-ROCE-Leaf-16.GPU.S9825,TwoHundredGigE1/0/16:2,0,0,0,0,0,0
2024/05/24 星期五 00:07:18.537,1716480438537,NH-DC-NM129-H06-ROCE-Leaf-16.GPU.S9825,TwoHundredGigE1/0/16:2,2626666,10563383080,2634474,10566906227,57.47,57.47
2024/05/24 星期五 00:07:19.073,1716480439073,NH-DC-NM129-H06-ROCE-Leaf-16.GPU.S9825,TwoHundredGigE1/0/16:2,2159519,8565989912,2163564,8565493204,63.88,63.88
2024/05/24 星期五 00:07:19.840,1716480439840,NH-DC-NM129-H06-ROCE-Leaf-16.GPU.S9825,TwoHundredGigE1/0/16:2,0,0,0,0,0,0
2024/05/24 星期五 00:07:20.423,1716480440423,NH-DC-NM129-H06-ROCE-Leaf-16.GPU.S9825,TwoHundredGigE1/0/16:2,2260344,8956927900,2264601,8957989407,61.41,61.41
2024/05/24 星期五 00:07:21.843,1716480441843,NH-DC-NM129-H06-ROCE-Leaf-16.GPU.S9825,TwoHundredGigE1/0/16:2,4654003,18607290054,4664651,18607976843,52.39,52.39
2024/05/24 星期五 00:07:23.145,1716480443145,NH-DC-NM129-H06-ROCE-Leaf-16.GPU.S9825,TwoHundredGigE1/0/16:2,1678205,6650057182,1681212,6650255428,20.43,20.43
2024/05/24 星期五 00:07:23.814,1716480443814,NH-DC-NM129-H06-ROCE-Leaf-16.GPU.S9825,TwoHundredGigE1/0/16:2,0,0,0,0,0,0
2024/05/24 星期五 00:07:24.315,1716480444315,NH-DC-NM129-H06-ROCE-Leaf-16.GPU.S9825,TwoHundredGigE1/0/16:2,2098262,8312610544,2102392,8313164865,66.35,66.35
2024/05/24 星期五 00:07:24.818,1716480444818,NH-DC-NM129-H06-ROCE-Leaf-16.GPU.S9825,TwoHundredGigE1/0/16:2,0,0,0,0,0,0
2024/05/24 星期五 00:07:25.372,1716480445372,NH-DC-NM129-H06-ROCE-Leaf-16.GPU.S9825,TwoHundredGigE1/0/16:2,1844311,7294377322,1848241,7299763876,52.64,52.64
2024/05/24 星期五 00:07:26.098,1716480446098,NH-DC-NM129-H06-ROCE-Leaf-16.GPU.S9825,TwoHundredGigE1/0/16:2,2875467,11574560654,2882383,11569358953,63.75,63.69
2024/05/24 星期五 00:07:26.660,1716480446660,NH-DC-NM129-H06-ROCE-Leaf-16.GPU.S9825,TwoHundredGigE1/0/16:2,0,0,0,0,0,0
2024/05/24 星期五 00:07:27.362,1716480447362,NH-DC-NM129-H06-ROCE-Leaf-16.GPU.S9825,TwoHundredGigE1/0/16:2,1909777,7567993804,1913613,7569715830,43.08,43.08
2024/05/24 星期五 00:07:27.865,1716480447865,NH-DC-NM129-H06-ROCE-Leaf-16.GPU.S9825,TwoHundredGigE1/0/16:2,0,0,0,0,0,0
2024/05/24 星期五 00:07:28.365,1716480448365,NH-DC-NM129-H06-ROCE-Leaf-16.GPU.S9825,TwoHundredGigE1/0/16:2,1866170,7394635334,1869274,7393788977,59.12,59.12
2024/05/24 星期五 00:07:29.013,1716480449013,NH-DC-NM129-H06-ROCE-Leaf-16.GPU.S9825,TwoHundredGigE1/0/16:2,2789510,11217871010,2796045,11217649158,69.20,69.20
2024/05/24 星期五 00:07:29.630,1716480449630,NH-DC-NM129-H06-ROCE-Leaf-16.GPU.S9825,TwoHundredGigE1/0/16:2,0,0,0,0,0,0
2024/05/24 星期五 00:07:30.466,1716480450466,NH-DC-NM129-H06-ROCE-Leaf-16.GPU.S9825,TwoHundredGigE1/0/16:2,2124422,8417468618,2128934,8421105684,40.24,40.29
2024/05/24 星期五 00:07:31.003,1716480451003,NH-DC-NM129-H06-ROCE-Leaf-16.GPU.S9825,TwoHundredGigE1/0/16:2,0,0,0,0,0,0
2024/05/24 星期五 00:07:31.505,1716480451505,NH-DC-NM129-H06-ROCE-Leaf-16.GPU.S9825,TwoHundredGigE1/0/16:2,2323720,9207776292,2328135,9208432434,73.31,73.31
2024/05/24 星期五 00:07:32.053,1716480452053,NH-DC-NM129-H06-ROCE-Leaf-16.GPU.S9825,TwoHundredGigE1/0/16:2,1621513,6425708366,1622635,6418057315,46.86,46.79
2024/05/24 星期五 00:07:32.721,1716480452721,NH-DC-NM129-H06-ROCE-Leaf-16.GPU.S9825,TwoHundredGigE1/0/16:2,0,0,0,0,0,0
2024/05/24 星期五 00:07:33.897,1716480453897,NH-DC-NM129-H06-ROCE-Leaf-16.GPU.S9825,TwoHundredGigE1/0/16:2,3129150,12564578776,3139338,12576320798,42.72,42.76
2024/05/24 星期五 00:07:34.411,1716480454411,NH-DC-NM129-H06-ROCE-Leaf-16.GPU.S9825,TwoHundredGigE1/0/16:2,1712274,6784828862,1717156,6791863193,52.76,52.84
2024/05/24 星期五 00:07:34.911,1716480454911,NH-DC-NM129-H06-ROCE-Leaf-16.GPU.S9825,TwoHundredGigE1/0/16:2,0,0,0,0,0,0
2024/05/24 星期五 00:07:35.413,1716480455413,NH-DC-NM129-H06-ROCE-Leaf-16.GPU.S9825,TwoHundredGigE1/0/16:2,2097280,8311269222,2099089,8302099192,66.22,66.14
2024/05/24 星期五 00:07:36.129,1716480456129,NH-DC-NM129-H06-ROCE-Leaf-16.GPU.S9825,TwoHundredGigE1/0/16:2,3009328,12090048036,3017532,12091076521,67.54,67.54
2024/05/24 星期五 00:07:37.376,1716480457376,NH-DC-NM129-H06-ROCE-Leaf-16.GPU.S9825,TwoHundredGigE1/0/16:2,2130024,8440457128,2133910,8440713088,27.07,27.07
2024/05/24 星期五 00:07:37.877,1716480457877,NH-DC-NM129-H06-ROCE-Leaf-16.GPU.S9825,TwoHundredGigE1/0/16:2,0,0,0,0,0,0
2024/05/24 星期五 00:07:38.377,1716480458377,NH-DC-NM129-H06-ROCE-Leaf-16.GPU.S9825,TwoHundredGigE1/0/16:2,2065609,8184695842,2069466,8185368789,65.44,65.44
2024/05/24 星期五 00:07:38.941,1716480458941,NH-DC-NM129-H06-ROCE-Leaf-16.GPU.S9825,TwoHundredGigE1/0/16:2,0,0,0,0,0,0
2024/05/24 星期五 00:07:39.477,1716480459477,NH-DC-NM129-H06-ROCE-Leaf-16.GPU.S9825,TwoHundredGigE1/0/16:2,1752688,6944294868,1755577,6943651836,51.79,51.79
2024/05/24 星期五 00:07:40.113,1716480460113,NH-DC-NM129-H06-ROCE-Leaf-16.GPU.S9825,TwoHundredGigE1/0/16:2,2902891,11667954666,2912478,11669830389,73.33,73.33
2024/05/24 星期五 00:07:40.795,1716480460795,NH-DC-NM129-H06-ROCE-Leaf-16.GPU.S9825,TwoHundredGigE1/0/16:2,0,0,0,0,0,0
2024/05/24 星期五 00:07:41.297,1716480461297,NH-DC-NM129-H06-ROCE-Leaf-16.GPU.S9825,TwoHundredGigE1/0/16:2,1807441,7161609786,1810572,7161815956,57.05,57.05
2024/05/24 星期五 00:07:41.904,1716480461904,NH-DC-NM129-H06-ROCE-Leaf-16.GPU.S9825,TwoHundredGigE1/0/16:2,0,0,0,0,0,0
2024/05/24 星期五 00:07:42.448,1716480462448,NH-DC-NM129-H06-ROCE-Leaf-16.GPU.S9825,TwoHundredGigE1/0/16:2,2130049,8440459486,2133989,8441218879,62.06,62.06
2024/05/24 星期五 00:07:43.088,1716480463088,NH-DC-NM129-H06-ROCE-Leaf-16.GPU.S9825,TwoHundredGigE1/0/16:2,1763022,6984155678,1764923,6981940042,43.62,43.62
2024/05/24 星期五 00:07:43.746,1716480463746,NH-DC-NM129-H06-ROCE-Leaf-16.GPU.S9825,TwoHundredGigE1/0/16:2,0,0,0,0,0,0
2024/05/24 星期五 00:07:44.462,1716480464462,NH-DC-NM129-H06-ROCE-Leaf-16.GPU.S9825,TwoHundredGigE1/0/16:2,2764239,11116612994,2792255,11204746017,62.07,62.57
2024/05/24 星期五 00:07:44.966,1716480464966,NH-DC-NM129-H06-ROCE-Leaf-16.GPU.S9825,TwoHundredGigE1/0/16:2,1982363,7858986310,1966343,7775609766,62.30,61.67
2024/05/24 星期五 00:07:45.583,1716480465583,NH-DC-NM129-H06-ROCE-Leaf-16.GPU.S9825,TwoHundredGigE1/0/16:2,0,0,0,0,0,0
2024/05/24 星期五 00:07:46.266,1716480466266,NH-DC-NM129-H06-ROCE-Leaf-16.GPU.S9825,TwoHundredGigE1/0/16:2,1954089,7742994800,1957533,7742503689,45.33,45.33
2024/05/24 星期五 00:07:46.837,1716480466837,NH-DC-NM129-H06-ROCE-Leaf-16.GPU.S9825,TwoHundredGigE1/0/16:2,0,0,0,0,0,0
2024/05/24 星期五 00:07:47.424,1716480467424,NH-DC-NM129-H06-ROCE-Leaf-16.GPU.S9825,TwoHundredGigE1/0/16:2,3203267,12857381374,3211117,12858247666,87.56,87.56
2024/05/24 星期五 00:07:48.066,1716480468066,NH-DC-NM129-H06-ROCE-Leaf-16.GPU.S9825,TwoHundredGigE1/0/16:2,1742843,6905834850,1745812,6906030369,42.99,42.99
2024/05/24 星期五 00:07:48.565,1716480468565,NH-DC-NM129-H06-ROCE-Leaf-16.GPU.S9825,TwoHundredGigE1/0/16:2,0,0,0,0,0,0
2024/05/24 星期五 00:07:49.121,1716480469121,NH-DC-NM129-H06-ROCE-Leaf-16.GPU.S9825,TwoHundredGigE1/0/16:2,2194653,8696234198,2198668,8696777276,62.52,62.52
2024/05/24 星期五 00:07:49.803,1716480469803,NH-DC-NM129-H06-ROCE-Leaf-16.GPU.S9825,TwoHundredGigE1/0/16:2,0,0,0,0,0,0
2024/05/24 星期五 00:07:50.370,1716480470370,NH-DC-NM129-H06-ROCE-Leaf-16.GPU.S9825,TwoHundredGigE1/0/16:2,2006231,7935164690,2008616,7933000953,55.94,55.94
2024/05/24 星期五 00:07:51.395,1716480471395,NH-DC-NM129-H06-ROCE-Leaf-16.GPU.S9825,TwoHundredGigE1/0/16:2,1325784,5433735072,1331759,5436445842,21.19,21.19
2024/05/24 星期五 00:07:51.893,1716480471893,NH-DC-NM129-H06-ROCE-Leaf-16.GPU.S9825,TwoHundredGigE1/0/16:2,0,0,0,0,0,0
2024/05/24 星期五 00:07:52.393,1716480472393,NH-DC-NM129-H06-ROCE-Leaf-16.GPU.S9825,TwoHundredGigE1/0/16:2,0,0,1,123,0,0
2024/05/24 星期五 00:07:53.389,1716480473389,NH-DC-NM129-H06-ROCE-Leaf-16.GPU.S9825,TwoHundredGigE1/0/16:2,0,0,0,0,0,0
2024/05/24 星期五 00:07:53.967,1716480473967,NH-DC-NM129-H06-ROCE-Leaf-16.GPU.S9825,TwoHundredGigE1/0/16:2,0,0,0,0,0,0
2024/05/24 星期五 00:07:54.485,1716480474485,NH-DC-NM129-H06-ROCE-Leaf-16.GPU.S9825,TwoHundredGigE1/0/16:2,0,0,1,123,0,0
2024/05/24 星期五 00:07:55.285,1716480475285,NH-DC-NM129-H06-ROCE-Leaf-16.GPU.S9825,TwoHundredGigE1/0/16:2,0,0,0,0,0,0
2024/05/24 星期五 00:07:56.098,1716480476098,NH-DC-NM129-H06-ROCE-Leaf-16.GPU.S9825,TwoHundredGigE1/0/16:2,5,386,5,595,0,0
2024/05/24 星期五 00:07:56.670,1716480476670,NH-DC-NM129-H06-ROCE-Leaf-16.GPU.S9825,TwoHundredGigE1/0/16:2,0,0,0,0,0,0
2024/05/24 星期五 00:07:57.248,1716480477248,NH-DC-NM129-H06-ROCE-Leaf-16.GPU.S9825,TwoHundredGigE1/0/16:2,17,2514,13,15887,0,0
2024/05/24 星期五 00:07:57.814,1716480477814,NH-DC-NM129-H06-ROCE-Leaf-16.GPU.S9825,TwoHundredGigE1/0/16:2,0,0,0,0,0,0
2024/05/24 星期五 00:07:58.358,1716480478358,NH-DC-NM129-H06-ROCE-Leaf-16.GPU.S9825,TwoHundredGigE1/0/16:2,2,176,2,193,0,0
2024/05/24 星期五 00:07:58.930,1716480478930,NH-DC-NM129-H06-ROCE-Leaf-16.GPU.S9825,TwoHundredGigE1/0/16:2,1,106,0,0,0,0
2024/05/24 星期五 00:07:59.597,1716480479597,NH-DC-NM129-H06-ROCE-Leaf-16.GPU.S9825,TwoHundredGigE1/0/16:2,0,0,0,0,0,0
2024/05/24 星期五 00:08:00.169,1716480480169,NH-DC-NM129-H06-ROCE-Leaf-16.GPU.S9825,TwoHundredGigE1/0/16:2,1,106,2,544,0,0
2024/05/24 星期五 00:08:00.752,1716480480752,NH-DC-NM129-H06-ROCE-Leaf-16.GPU.S9825,TwoHundredGigE1/0/16:2,0,0,0,0,0,0
2024/05/24 星期五 00:08:01.326,1716480481326,NH-DC-NM129-H06-ROCE-Leaf-16.GPU.S9825,TwoHundredGigE1/0/16:2,0,0,1,82,0,0
2024/05/24 星期五 00:08:01.887,1716480481887,NH-DC-NM129-H06-ROCE-Leaf-16.GPU.S9825,TwoHundredGigE1/0/16:2,0,0,0,0,0,0
2024/05/24 星期五 00:08:02.481,1716480482481,NH-DC-NM129-H06-ROCE-Leaf-16.GPU.S9825,TwoHundredGigE1/0/16:2,0,0,1,123,0,0
2024/05/24 星期五 00:08:03.065,1716480483065,NH-DC-NM129-H06-ROCE-Leaf-16.GPU.S9825,TwoHundredGigE1/0/16:2,1,70,1,126,0,0
2024/05/24 星期五 00:08:03.584,1716480483584,NH-DC-NM129-H06-ROCE-Leaf-16.GPU.S9825,TwoHundredGigE1/0/16:2,0,0,0,0,0,0
2024/05/24 星期五 00:08:04.188,1716480484188,NH-DC-NM129-H06-ROCE-Leaf-16.GPU.S9825,TwoHundredGigE1/0/16:2,43882,393080773,2006,222618,2.58,0
2024/05/24 星期五 00:08:04.724,1716480484724,NH-DC-NM129-H06-ROCE-Leaf-16.GPU.S9825,TwoHundredGigE1/0/16:2,0,0,0,0,0,0
2024/05/24 星期五 00:08:05.225,1716480485225,NH-DC-NM129-H06-ROCE-Leaf-16.GPU.S9825,TwoHundredGigE1/0/16:2,138361,1243817862,5225,395015,9.90,0
2024/05/24 星期五 00:08:05.802,1716480485802,NH-DC-NM129-H06-ROCE-Leaf-16.GPU.S9825,TwoHundredGigE1/0/16:2,0,0,0,0,0,0
2024/05/24 星期五 00:08:06.928,1716480486928,NH-DC-NM129-H06-ROCE-Leaf-16.GPU.S9825,TwoHundredGigE1/0/16:2,38465,345569772,1685,138612,1.21,0
2024/05/24 星期五 00:08:07.508,1716480487508,NH-DC-NM129-H06-ROCE-Leaf-16.GPU.S9825,TwoHundredGigE1/0/16:2,1904182,7545290582,1907789,7546106957,52,52
2024/05/24 星期五 00:08:08.019,1716480488019,NH-DC-NM129-H06-ROCE-Leaf-16.GPU.S9825,TwoHundredGigE1/0/16:2,1880530,7490482880,1875875,7418129239,58.63,58.00
2024/05/24 星期五 00:08:08.613,1716480488613,NH-DC-NM129-H06-ROCE-Leaf-16.GPU.S9825,TwoHundredGigE1/0/16:2,0,0,0,0,0,0
2024/05/24 星期五 00:08:09.148,1716480489148,NH-DC-NM129-H06-ROCE-Leaf-16.GPU.S9825,TwoHundredGigE1/0/16:2,1866914,7534701700,1845252,7289873792,56.30,54.43
2024/05/24 星期五 00:08:09.826,1716480489826,NH-DC-NM129-H06-ROCE-Leaf-16.GPU.S9825,TwoHundredGigE1/0/16:2,0,0,0,0,0,0
2024/05/24 星期五 00:08:10.430,1716480490430,NH-DC-NM129-H06-ROCE-Leaf-16.GPU.S9825,TwoHundredGigE1/0/16:2,600813,2380533958,604232,2390411693,15.76,15.83
2024/05/24 星期五 00:08:11.090,1716480491090,NH-DC-NM129-H06-ROCE-Leaf-16.GPU.S9825,TwoHundredGigE1/0/16:2,4,4616,3,334,0,0
2024/05/24 星期五 00:08:11.690,1716480491690,NH-DC-NM129-H06-ROCE-Leaf-16.GPU.S9825,TwoHundredGigE1/0/16:2,0,0,0,0,0,0
2024/05/24 星期五 00:08:12.328,1716480492328,NH-DC-NM129-H06-ROCE-Leaf-16.GPU.S9825,TwoHundredGigE1/0/16:2,4,8712,3,359,0,0
2024/05/24 星期五 00:08:13.082,1716480493082,NH-DC-NM129-H06-ROCE-Leaf-16.GPU.S9825,TwoHundredGigE1/0/16:2,1,70,1,118,0,0
2024/05/24 星期五 00:08:13.593,1716480493593,NH-DC-NM129-H06-ROCE-Leaf-16.GPU.S9825,TwoHundredGigE1/0/16:2,0,0,0,0,0,0
2024/05/24 星期五 00:08:14.150,1716480494150,NH-DC-NM129-H06-ROCE-Leaf-16.GPU.S9825,TwoHundredGigE1/0/16:2,0,0,1,123,0,0
2024/05/24 星期五 00:08:14.736,1716480494736,NH-DC-NM129-H06-ROCE-Leaf-16.GPU.S9825,TwoHundredGigE1/0/16:2,0,0,0,0,0,0
2024/05/24 星期五 00:08:15.346,1716480495346,NH-DC-NM129-H06-ROCE-Leaf-16.GPU.S9825,TwoHundredGigE1/0/16:2,42,19228,63,7222,0,0
2024/05/24 星期五 00:08:15.945,1716480495945,NH-DC-NM129-H06-ROCE-Leaf-16.GPU.S9825,TwoHundredGigE1/0/16:2,59,29842,89,15237,0,0
2024/05/24 星期五 00:08:16.749,1716480496749,NH-DC-NM129-H06-ROCE-Leaf-16.GPU.S9825,TwoHundredGigE1/0/16:2,0,0,0,0,0,0
2024/05/24 星期五 00:08:17.266,1716480497266,NH-DC-NM129-H06-ROCE-Leaf-16.GPU.S9825,TwoHundredGigE1/0/16:2,32,8312,43,10612,0,0
2024/05/24 星期五 00:08:17.870,1716480497870,NH-DC-NM129-H06-ROCE-Leaf-16.GPU.S9825,TwoHundredGigE1/0/16:2,0,0,0,0,0,0
2024/05/24 星期五 00:08:18.373,1716480498373,NH-DC-NM129-H06-ROCE-Leaf-16.GPU.S9825,TwoHundredGigE1/0/16:2,117,1020190,14,1161,0,0
2024/05/24 星期五 00:08:18.974,1716480498974,NH-DC-NM129-H06-ROCE-Leaf-16.GPU.S9825,TwoHundredGigE1/0/16:2,0,0,0,0,0,0
2024/05/24 星期五 00:08:19.534,1716480499534,NH-DC-NM129-H06-ROCE-Leaf-16.GPU.S9825,TwoHundredGigE1/0/16:2,0,0,0,0,0,0
2024/05/24 星期五 00:08:20.176,1716480500176,NH-DC-NM129-H06-ROCE-Leaf-16.GPU.S9825,TwoHundredGigE1/0/16:2,1184418,4783113056,1186499,4777146691,29.78,29.72
2024/05/24 星期五 00:08:21.102,1716480501102,NH-DC-NM129-H06-ROCE-Leaf-16.GPU.S9825,TwoHundredGigE1/0/16:2,4586171,18245803120,4593878,18242813943,78.79,78.79
2024/05/24 星期五 00:08:22.931,1716480502931,NH-DC-NM129-H06-ROCE-Leaf-16.GPU.S9825,TwoHundredGigE1/0/16:2,1702245,6745427270,1704963,6744181688,14.74,14.74
2024/05/24 星期五 00:08:23.743,1716480503743,NH-DC-NM129-H06-ROCE-Leaf-16.GPU.S9825,TwoHundredGigE1/0/16:2,0,0,0,0,0,0
2024/05/24 星期五 00:08:24.333,1716480504333,NH-DC-NM129-H06-ROCE-Leaf-16.GPU.S9825,TwoHundredGigE1/0/16:2,3045366,12231251474,3053370,12234289209,82.92,82.92
2024/05/24 星期五 00:08:24.914,1716480504914,NH-DC-NM129-H06-ROCE-Leaf-16.GPU.S9825,TwoHundredGigE1/0/16:2,0,0,0,0,0,0
2024/05/24 星期五 00:08:25.463,1716480505463,NH-DC-NM129-H06-ROCE-Leaf-16.GPU.S9825,TwoHundredGigE1/0/16:2,1904274,7545269304,1908009,7545515890,54.94,54.94
2024/05/24 星期五 00:08:26.065,1716480506065,NH-DC-NM129-H06-ROCE-Leaf-16.GPU.S9825,TwoHundredGigE1/0/16:2,2106818,8344140388,2113163,8356197085,55.42,55.48
2024/05/24 星期五 00:08:26.805,1716480506805,NH-DC-NM129-H06-ROCE-Leaf-16.GPU.S9825,TwoHundredGigE1/0/16:2,0,0,0,0,0,0
2024/05/24 星期五 00:08:27.315,1716480507315,NH-DC-NM129-H06-ROCE-Leaf-16.GPU.S9825,TwoHundredGigE1/0/16:2,1811174,7167170246,1814315,7162091072,56.16,56.16
2024/05/24 星期五 00:08:27.897,1716480507897,NH-DC-NM129-H06-ROCE-Leaf-16.GPU.S9825,TwoHundredGigE1/0/16:2,0,0,0,0,0,0
2024/05/24 星期五 00:08:28.492,1716480508492,NH-DC-NM129-H06-ROCE-Leaf-16.GPU.S9825,TwoHundredGigE1/0/16:2,2933450,11797271318,2940587,11794268871,79.26,79.26
2024/05/24 星期五 00:08:29.063,1716480509063,NH-DC-NM129-H06-ROCE-Leaf-16.GPU.S9825,TwoHundredGigE1/0/16:2,1710447,6777941758,1713646,6778640280,47.43,47.43
2024/05/24 星期五 00:08:29.850,1716480509850,NH-DC-NM129-H06-ROCE-Leaf-16.GPU.S9825,TwoHundredGigE1/0/16:2,2010075,7965494836,2013192,7963227432,40.46,40.46
2024/05/24 星期五 00:08:30.577,1716480510577,NH-DC-NM129-H06-ROCE-Leaf-16.GPU.S9825,TwoHundredGigE1/0/16:2,0,0,0,0,0,0
2024/05/24 星期五 00:08:31.119,1716480511119,NH-DC-NM129-H06-ROCE-Leaf-16.GPU.S9825,TwoHundredGigE1/0/16:2,2385195,9568012734,2390674,9572072098,70.55,70.63
2024/05/24 星期五 00:08:31.723,1716480511723,NH-DC-NM129-H06-ROCE-Leaf-16.GPU.S9825,TwoHundredGigE1/0/16:2,0,0,0,0,0,0
2024/05/24 星期五 00:08:32.249,1716480512249,NH-DC-NM129-H06-ROCE-Leaf-16.GPU.S9825,TwoHundredGigE1/0/16:2,2270167,9043368106,2274501,9039757937,68.75,68.67
2024/05/24 星期五 00:08:32.886,1716480512886,NH-DC-NM129-H06-ROCE-Leaf-16.GPU.S9825,TwoHundredGigE1/0/16:2,1798874,7125923724,1802478,7129841273,44.71,44.71
2024/05/24 星期五 00:08:33.992,1716480513992,NH-DC-NM129-H06-ROCE-Leaf-16.GPU.S9825,TwoHundredGigE1/0/16:2,0,0,0,0,0,0
2024/05/24 星期五 00:08:34.492,1716480514492,NH-DC-NM129-H06-ROCE-Leaf-16.GPU.S9825,TwoHundredGigE1/0/16:2,1936389,7673143646,1939795,7673367827,61.36,61.36
2024/05/24 星期五 00:08:34.989,1716480514989,NH-DC-NM129-H06-ROCE-Leaf-16.GPU.S9825,TwoHundredGigE1/0/16:2,0,0,0,0,0,0
2024/05/24 星期五 00:08:35.489,1716480515489,NH-DC-NM129-H06-ROCE-Leaf-16.GPU.S9825,TwoHundredGigE1/0/16:2,2751019,11066953942,2758089,11067731614,88.48,88.48
2024/05/24 星期五 00:08:36.136,1716480516136,NH-DC-NM129-H06-ROCE-Leaf-16.GPU.S9825,TwoHundredGigE1/0/16:2,2004602,7943656244,2008931,7946548939,49.09,49.09
2024/05/24 星期五 00:08:36.877,1716480516877,NH-DC-NM129-H06-ROCE-Leaf-16.GPU.S9825,TwoHundredGigE1/0/16:2,0,0,0,0,0,0
2024/05/24 星期五 00:08:37.413,1716480517413,NH-DC-NM129-H06-ROCE-Leaf-16.GPU.S9825,TwoHundredGigE1/0/16:2,2191060,8681500568,2194558,8679611360,64.78,64.70
2024/05/24 星期五 00:08:37.956,1716480517956,NH-DC-NM129-H06-ROCE-Leaf-16.GPU.S9825,TwoHundredGigE1/0/16:2,0,0,0,0,0,0
2024/05/24 星期五 00:08:38.517,1716480518517,NH-DC-NM129-H06-ROCE-Leaf-16.GPU.S9825,TwoHundredGigE1/0/16:2,1557052,6169942708,1558199,6162295243,43.92,43.92
2024/05/24 星期五 00:08:39.019,1716480519019,NH-DC-NM129-H06-ROCE-Leaf-16.GPU.S9825,TwoHundredGigE1/0/16:2,2819290,11337471952,2829140,11345415516,90.28,90.36
2024/05/24 星期五 00:08:39.562,1716480519562,NH-DC-NM129-H06-ROCE-Leaf-16.GPU.S9825,TwoHundredGigE1/0/16:2,0,0,0,0,0,0
2024/05/24 星期五 00:08:40.356,1716480520356,NH-DC-NM129-H06-ROCE-Leaf-16.GPU.S9825,TwoHundredGigE1/0/16:2,1820015,7212054222,1823056,7210883659,36.32,36.32
2024/05/24 星期五 00:08:40.863,1716480520863,NH-DC-NM129-H06-ROCE-Leaf-16.GPU.S9825,TwoHundredGigE1/0/16:2,0,0,0,0,0,0
2024/05/24 星期五 00:08:41.366,1716480521366,NH-DC-NM129-H06-ROCE-Leaf-16.GPU.S9825,TwoHundredGigE1/0/16:2,2138056,8471724628,2142584,8474805894,67.36,67.36
2024/05/24 星期五 00:08:41.948,1716480521948,NH-DC-NM129-H06-ROCE-Leaf-16.GPU.S9825,TwoHundredGigE1/0/16:2,0,0,0,0,0,0
2024/05/24 星期五 00:08:42.467,1716480522467,NH-DC-NM129-H06-ROCE-Leaf-16.GPU.S9825,TwoHundredGigE1/0/16:2,2106241,8393792012,2110900,8394331821,64.66,64.66
2024/05/24 星期五 00:08:43.109,1716480523109,NH-DC-NM129-H06-ROCE-Leaf-16.GPU.S9825,TwoHundredGigE1/0/16:2,2419852,9706880178,2426192,9707552580,60.44,60.44
2024/05/24 星期五 00:08:43.857,1716480523857,NH-DC-NM129-H06-ROCE-Leaf-16.GPU.S9825,TwoHundredGigE1/0/16:2,0,0,0,0,0,0
2024/05/24 星期五 00:08:44.438,1716480524438,NH-DC-NM129-H06-ROCE-Leaf-16.GPU.S9825,TwoHundredGigE1/0/16:2,1954831,7744204112,1962498,7763194713,53.29,53.43
2024/05/24 星期五 00:08:44.955,1716480524955,NH-DC-NM129-H06-ROCE-Leaf-16.GPU.S9825,TwoHundredGigE1/0/16:2,0,0,0,0,0,0
2024/05/24 星期五 00:08:45.555,1716480525555,NH-DC-NM129-H06-ROCE-Leaf-16.GPU.S9825,TwoHundredGigE1/0/16:2,1970153,7805427968,1968612,7784422226,52,51.87
2024/05/24 星期五 00:08:46.181,1716480526181,NH-DC-NM129-H06-ROCE-Leaf-16.GPU.S9825,TwoHundredGigE1/0/16:2,3098090,12440091044,3108001,12447981849,79.49,79.49
2024/05/24 星期五 00:08:46.705,1716480526705,NH-DC-NM129-H06-ROCE-Leaf-16.GPU.S9825,TwoHundredGigE1/0/16:2,0,0,0,0,0,0
2024/05/24 星期五 00:08:47.587,1716480527587,NH-DC-NM129-H06-ROCE-Leaf-16.GPU.S9825,TwoHundredGigE1/0/16:2,1986402,7870088470,1988516,7865278428,35.69,35.65
2024/05/24 星期五 00:08:48.109,1716480528109,NH-DC-NM129-H06-ROCE-Leaf-16.GPU.S9825,TwoHundredGigE1/0/16:2,2070473,8201958272,2074058,8203207053,62.84,62.84
2024/05/24 星期五 00:08:48.636,1716480528636,NH-DC-NM129-H06-ROCE-Leaf-16.GPU.S9825,TwoHundredGigE1/0/16:2,0,0,0,0,0,0
2024/05/24 星期五 00:08:49.141,1716480529141,NH-DC-NM129-H06-ROCE-Leaf-16.GPU.S9825,TwoHundredGigE1/0/16:2,1888228,7474445424,1892498,7479890764,59.17,59.17
2024/05/24 星期五 00:08:49.688,1716480529688,NH-DC-NM129-H06-ROCE-Leaf-16.GPU.S9825,TwoHundredGigE1/0/16:2,0,0,0,0,0,0
2024/05/24 星期五 00:08:50.231,1716480530231,NH-DC-NM129-H06-ROCE-Leaf-16.GPU.S9825,TwoHundredGigE1/0/16:2,2993517,12033015758,3001427,12028860715,88.62,88.55
2024/05/24 星期五 00:08:50.998,1716480530998,NH-DC-NM129-H06-ROCE-Leaf-16.GPU.S9825,TwoHundredGigE1/0/16:2,0,0,0,0,0,0
2024/05/24 星期五 00:08:51.512,1716480531512,NH-DC-NM129-H06-ROCE-Leaf-16.GPU.S9825,TwoHundredGigE1/0/16:2,1915785,7593592636,1908884,7549159664,59.07,58.68
2024/05/24 星期五 00:08:52.056,1716480532056,NH-DC-NM129-H06-ROCE-Leaf-16.GPU.S9825,TwoHundredGigE1/0/16:2,1990170,7880650102,2003974,7925880977,57.94,58.24
2024/05/24 星期五 00:08:52.668,1716480532668,NH-DC-NM129-H06-ROCE-Leaf-16.GPU.S9825,TwoHundredGigE1/0/16:2,0,0,0,0,0,0
2024/05/24 星期五 00:08:53.178,1716480533178,NH-DC-NM129-H06-ROCE-Leaf-16.GPU.S9825,TwoHundredGigE1/0/16:2,2557642,10299659320,2564535,10300669102,80.71,80.78
2024/05/24 星期五 00:08:53.786,1716480533786,NH-DC-NM129-H06-ROCE-Leaf-16.GPU.S9825,TwoHundredGigE1/0/16:2,0,0,0,0,0,0
2024/05/24 星期五 00:08:54.548,1716480534548,NH-DC-NM129-H06-ROCE-Leaf-16.GPU.S9825,TwoHundredGigE1/0/16:2,2130044,8440458516,2133876,8440710777,44.30,44.30
2024/05/24 星期五 00:08:55.281,1716480535281,NH-DC-NM129-H06-ROCE-Leaf-16.GPU.S9825,TwoHundredGigE1/0/16:2,2318234,9186720162,2322608,9186926154,50.10,50.10
2024/05/24 星期五 00:08:56.055,1716480536055,NH-DC-NM129-H06-ROCE-Leaf-16.GPU.S9825,TwoHundredGigE1/0/16:2,1651506,6543235414,1655042,6543972751,33.80,33.80
2024/05/24 星期五 00:08:56.577,1716480536577,NH-DC-NM129-H06-ROCE-Leaf-16.GPU.S9825,TwoHundredGigE1/0/16:2,0,0,0,0,0,0
2024/05/24 星期五 00:08:57.141,1716480537141,NH-DC-NM129-H06-ROCE-Leaf-16.GPU.S9825,TwoHundredGigE1/0/16:2,2944497,11834256370,2952203,11835112926,83.90,83.90
2024/05/24 星期五 00:08:57.951,1716480537951,NH-DC-NM129-H06-ROCE-Leaf-16.GPU.S9825,TwoHundredGigE1/0/16:2,0,0,0,0,0,0
2024/05/24 星期五 00:08:58.466,1716480538466,NH-DC-NM129-H06-ROCE-Leaf-16.GPU.S9825,TwoHundredGigE1/0/16:2,1646664,6522228300,1649451,6522408591,50.64,50.64
2024/05/24 星期五 00:08:59.050,1716480539050,NH-DC-NM129-H06-ROCE-Leaf-16.GPU.S9825,TwoHundredGigE1/0/16:2,2139002,8474932100,2145838,8488642972,58.01,58.08
2024/05/24 星期五 00:08:59.688,1716480539688,NH-DC-NM129-H06-ROCE-Leaf-16.GPU.S9825,TwoHundredGigE1/0/16:2,0,0,0,0,0,0
2024/05/24 星期五 00:09:00.188,1716480540188,NH-DC-NM129-H06-ROCE-Leaf-16.GPU.S9825,TwoHundredGigE1/0/16:2,2263975,9023096292,2265181,9008378354,72.16,72
2024/05/24 星期五 00:09:00.807,1716480540807,NH-DC-NM129-H06-ROCE-Leaf-16.GPU.S9825,TwoHundredGigE1/0/16:2,2673751,10705690796,2680509,10708683234,69.14,69.14
2024/05/24 星期五 00:09:01.566,1716480541566,NH-DC-NM129-H06-ROCE-Leaf-16.GPU.S9825,TwoHundredGigE1/0/16:2,0,0,0,0,0,0
2024/05/24 星期五 00:09:02.069,1716480542069,NH-DC-NM129-H06-ROCE-Leaf-16.GPU.S9825,TwoHundredGigE1/0/16:2,2130296,8440478396,2133998,8441137949,67.12,67.12
2024/05/24 星期五 00:09:02.659,1716480542659,NH-DC-NM129-H06-ROCE-Leaf-16.GPU.S9825,TwoHundredGigE1/0/16:2,0,0,0,0,0,0
2024/05/24 星期五 00:09:03.263,1716480543263,NH-DC-NM129-H06-ROCE-Leaf-16.GPU.S9825,TwoHundredGigE1/0/16:2,1645939,6522172438,1648951,6522371190,43.18,43.18
2024/05/24 星期五 00:09:03.768,1716480543768,NH-DC-NM129-H06-ROCE-Leaf-16.GPU.S9825,TwoHundredGigE1/0/16:2,0,0,0,0,0,0
2024/05/24 星期五 00:09:04.410,1716480544410,NH-DC-NM129-H06-ROCE-Leaf-16.GPU.S9825,TwoHundredGigE1/0/16:2,3073343,12345783838,3082002,12346634133,76.88,76.88
2024/05/24 星期五 00:09:05.103,1716480545103,NH-DC-NM129-H06-ROCE-Leaf-16.GPU.S9825,TwoHundredGigE1/0/16:2,1946116,7711422778,1949987,7713242044,44.50,44.50
2024/05/24 星期五 00:09:05.614,1716480545614,NH-DC-NM129-H06-ROCE-Leaf-16.GPU.S9825,TwoHundredGigE1/0/16:2,0,0,0,0,0,0
2024/05/24 星期五 00:09:06.121,1716480546121,NH-DC-NM129-H06-ROCE-Leaf-16.GPU.S9825,TwoHundredGigE1/0/16:2,2120428,8402188766,2123838,8401195951,66.27,66.27
2024/05/24 星期五 00:09:06.928,1716480546928,NH-DC-NM129-H06-ROCE-Leaf-16.GPU.S9825,TwoHundredGigE1/0/16:2,0,0,0,0,0,0
2024/05/24 星期五 00:09:08.032,1716480548032,NH-DC-NM129-H06-ROCE-Leaf-16.GPU.S9825,TwoHundredGigE1/0/16:2,4753675,19000192638,4763878,18996935413,68.84,68.80
2024/05/24 星期五 00:09:08.545,1716480548545,NH-DC-NM129-H06-ROCE-Leaf-16.GPU.S9825,TwoHundredGigE1/0/16:2,0,0,0,0,0,0
2024/05/24 星期五 00:09:09.049,1716480549049,NH-DC-NM129-H06-ROCE-Leaf-16.GPU.S9825,TwoHundredGigE1/0/16:2,1936947,7673187654,1940038,7673873008,60.87,60.87
2024/05/24 星期五 00:09:09.643,1716480549643,NH-DC-NM129-H06-ROCE-Leaf-16.GPU.S9825,TwoHundredGigE1/0/16:2,0,0,0,0,0,0
2024/05/24 星期五 00:09:10.292,1716480550292,NH-DC-NM129-H06-ROCE-Leaf-16.GPU.S9825,TwoHundredGigE1/0/16:2,1969019,7801055730,1972459,7801281223,48.07,48.07
2024/05/24 星期五 00:09:10.825,1716480550825,NH-DC-NM129-H06-ROCE-Leaf-16.GPU.S9825,TwoHundredGigE1/0/16:2,2938911,11808389240,2945837,11807133518,88.56,88.56
2024/05/24 星期五 00:09:11.679,1716480551679,NH-DC-NM129-H06-ROCE-Leaf-16.GPU.S9825,TwoHundredGigE1/0/16:2,0,0,0,0,0,0
2024/05/24 星期五 00:09:12.184,1716480552184,NH-DC-NM129-H06-ROCE-Leaf-16.GPU.S9825,TwoHundredGigE1/0/16:2,2039705,8082733908,2044454,8085034349,64,64
2024/05/24 星期五 00:09:12.773,1716480552773,NH-DC-NM129-H06-ROCE-Leaf-16.GPU.S9825,TwoHundredGigE1/0/16:2,0,0,0,0,0,0
2024/05/24 星期五 00:09:13.407,1716480553407,NH-DC-NM129-H06-ROCE-Leaf-16.GPU.S9825,TwoHundredGigE1/0/16:2,2001048,7928924248,2004945,7929598514,49.97,49.97
2024/05/24 星期五 00:09:13.954,1716480553954,NH-DC-NM129-H06-ROCE-Leaf-16.GPU.S9825,TwoHundredGigE1/0/16:2,0,0,0,0,0,0
2024/05/24 星期五 00:09:14.529,1716480554529,NH-DC-NM129-H06-ROCE-Leaf-16.GPU.S9825,TwoHundredGigE1/0/16:2,1646654,6522226156,1650179,6522253589,45.36,45.36
2024/05/24 星期五 00:09:15.376,1716480555376,NH-DC-NM129-H06-ROCE-Leaf-16.GPU.S9825,TwoHundredGigE1/0/16:2,3089652,12408464392,3096793,12409743944,58.56,58.56
2024/05/24 星期五 00:09:15.874,1716480555874,NH-DC-NM129-H06-ROCE-Leaf-16.GPU.S9825,TwoHundredGigE1/0/16:2,0,0,0,0,0,0
2024/05/24 星期五 00:09:16.394,1716480556394,NH-DC-NM129-H06-ROCE-Leaf-16.GPU.S9825,TwoHundredGigE1/0/16:2,1726649,6843150672,1720574,6803037457,52.62,52.31
2024/05/24 星期五 00:09:17.074,1716480557074,NH-DC-NM129-H06-ROCE-Leaf-16.GPU.S9825,TwoHundredGigE1/0/16:2,0,0,0,0,0,0
2024/05/24 星期五 00:09:17.575,1716480557575,NH-DC-NM129-H06-ROCE-Leaf-16.GPU.S9825,TwoHundredGigE1/0/16:2,2056874,8145412062,2070531,8189044926,64.99,65.31
2024/05/24 星期五 00:09:18.077,1716480558077,NH-DC-NM129-H06-ROCE-Leaf-16.GPU.S9825,TwoHundredGigE1/0/16:2,1759259,6966902106,1761407,6961729131,55.46,55.46
2024/05/24 星期五 00:09:19.101,1716480559101,NH-DC-NM129-H06-ROCE-Leaf-16.GPU.S9825,TwoHundredGigE1/0/16:2,2778606,11173294032,2785685,11177336766,43.63,43.63
2024/05/24 星期五 00:09:19.649,1716480559649,NH-DC-NM129-H06-ROCE-Leaf-16.GPU.S9825,TwoHundredGigE1/0/16:2,0,0,0,0,0,0
2024/05/24 星期五 00:09:21.076,1716480561076,NH-DC-NM129-H06-ROCE-Leaf-16.GPU.S9825,TwoHundredGigE1/0/16:2,3926716,15559250710,3934824,15565018495,43.59,43.62
2024/05/24 星期五 00:09:22.590,1716480562590,NH-DC-NM129-H06-ROCE-Leaf-16.GPU.S9825,TwoHundredGigE1/0/16:2,3084677,12388639452,3091065,12384524225,32.71,32.71
2024/05/24 星期五 00:09:23.362,1716480563362,NH-DC-NM129-H06-ROCE-Leaf-16.GPU.S9825,TwoHundredGigE1/0/16:2,1743515,6905888090,1745995,6906043354,35.75,35.75
2024/05/24 星期五 00:09:24.013,1716480564013,NH-DC-NM129-H06-ROCE-Leaf-16.GPU.S9825,TwoHundredGigE1/0/16:2,0,0,0,0,0,0
2024/05/24 星期五 00:09:24.518,1716480564518,NH-DC-NM129-H06-ROCE-Leaf-16.GPU.S9825,TwoHundredGigE1/0/16:2,2325578,9212057936,2328775,9208466267,72.95,72.87
2024/05/24 星期五 00:09:25.155,1716480565155,NH-DC-NM129-H06-ROCE-Leaf-16.GPU.S9825,TwoHundredGigE1/0/16:2,1569486,6219064248,1573649,6225132014,39.00,39.06
2024/05/24 星期五 00:09:25.785,1716480565785,NH-DC-NM129-H06-ROCE-Leaf-16.GPU.S9825,TwoHundredGigE1/0/16:2,0,0,0,0,0,0
2024/05/24 星期五 00:09:26.395,1716480566395,NH-DC-NM129-H06-ROCE-Leaf-16.GPU.S9825,TwoHundredGigE1/0/16:2,3311868,13288367112,3318747,13283478303,87.08,87.08
2024/05/24 星期五 00:09:27.011,1716480567011,NH-DC-NM129-H06-ROCE-Leaf-16.GPU.S9825,TwoHundredGigE1/0/16:2,1735517,6874612072,1739676,6874796204,44.61,44.61
2024/05/24 星期五 00:09:27.659,1716480567659,NH-DC-NM129-H06-ROCE-Leaf-16.GPU.S9825,TwoHundredGigE1/0/16:2,0,0,0,0,0,0
2024/05/24 星期五 00:09:28.285,1716480568285,NH-DC-NM129-H06-ROCE-Leaf-16.GPU.S9825,TwoHundredGigE1/0/16:2,1912255,7576544316,1915711,7577279239,48.37,48.37
2024/05/24 星期五 00:09:28.853,1716480568853,NH-DC-NM129-H06-ROCE-Leaf-16.GPU.S9825,TwoHundredGigE1/0/16:2,0,0,0,0,0,0
2024/05/24 星期五 00:09:29.501,1716480569501,NH-DC-NM129-H06-ROCE-Leaf-16.GPU.S9825,TwoHundredGigE1/0/16:2,2702178,10860288368,2709336,10861721618,67.04,67.04
2024/05/24 星期五 00:09:30.247,1716480570247,NH-DC-NM129-H06-ROCE-Leaf-16.GPU.S9825,TwoHundredGigE1/0/16:2,2188459,8682840652,2192355,8682840404,46.54,46.54
2024/05/24 星期五 00:09:30.869,1716480570869,NH-DC-NM129-H06-ROCE-Leaf-16.GPU.S9825,TwoHundredGigE1/0/16:2,0,0,0,0,0,0
2024/05/24 星期五 00:09:31.370,1716480571370,NH-DC-NM129-H06-ROCE-Leaf-16.GPU.S9825,TwoHundredGigE1/0/16:2,2151653,8519563808,2154007,8520109120,67.94,68.02
2024/05/24 星期五 00:09:31.957,1716480571957,NH-DC-NM129-H06-ROCE-Leaf-16.GPU.S9825,TwoHundredGigE1/0/16:2,0,0,0,0,0,0
2024/05/24 星期五 00:09:32.540,1716480572540,NH-DC-NM129-H06-ROCE-Leaf-16.GPU.S9825,TwoHundredGigE1/0/16:2,1692752,6705308936,1698220,6717233947,45.97,46.04
2024/05/24 星期五 00:09:33.117,1716480573117,NH-DC-NM129-H06-ROCE-Leaf-16.GPU.S9825,TwoHundredGigE1/0/16:2,3097292,12438459970,3102555,12427348070,86.17,86.10
2024/05/24 星期五 00:09:33.693,1716480573693,NH-DC-NM129-H06-ROCE-Leaf-16.GPU.S9825,TwoHundredGigE1/0/16:2,0,0,0,0,0,0
2024/05/24 星期五 00:09:34.246,1716480574246,NH-DC-NM129-H06-ROCE-Leaf-16.GPU.S9825,TwoHundredGigE1/0/16:2,1708973,6772191504,1712087,6771469659,48.97,48.97
2024/05/24 星期五 00:09:34.758,1716480574758,NH-DC-NM129-H06-ROCE-Leaf-16.GPU.S9825,TwoHundredGigE1/0/16:2,0,0,0,0,0,0
2024/05/24 星期五 00:09:35.257,1716480575257,NH-DC-NM129-H06-ROCE-Leaf-16.GPU.S9825,TwoHundredGigE1/0/16:2,2065454,8184684568,2069564,8185374900,65.57,65.57
2024/05/24 星期五 00:09:35.836,1716480575836,NH-DC-NM129-H06-ROCE-Leaf-16.GPU.S9825,TwoHundredGigE1/0/16:2,0,0,0,0,0,0
2024/05/24 星期五 00:09:36.548,1716480576548,NH-DC-NM129-H06-ROCE-Leaf-16.GPU.S9825,TwoHundredGigE1/0/16:2,2046641,8125245762,2050599,8124728291,45.62,45.62
2024/05/24 星期五 00:09:37.159,1716480577159,NH-DC-NM129-H06-ROCE-Leaf-16.GPU.S9825,TwoHundredGigE1/0/16:2,2672870,10742725836,2680373,10744490570,70.31,70.31
2024/05/24 星期五 00:09:37.727,1716480577727,NH-DC-NM129-H06-ROCE-Leaf-16.GPU.S9825,TwoHundredGigE1/0/16:2,0,0,0,0,0,0
2024/05/24 星期五 00:09:38.297,1716480578297,NH-DC-NM129-H06-ROCE-Leaf-16.GPU.S9825,TwoHundredGigE1/0/16:2,1807227,7161594130,1810542,7162044121,50.25,50.25
2024/05/24 星期五 00:09:38.823,1716480578823,NH-DC-NM129-H06-ROCE-Leaf-16.GPU.S9825,TwoHundredGigE1/0/16:2,0,0,0,0,0,0
2024/05/24 星期五 00:09:39.321,1716480579321,NH-DC-NM129-H06-ROCE-Leaf-16.GPU.S9825,TwoHundredGigE1/0/16:2,2000901,7928914582,2004652,7929348252,63.61,63.61
2024/05/24 星期五 00:09:40.028,1716480580028,NH-DC-NM129-H06-ROCE-Leaf-16.GPU.S9825,TwoHundredGigE1/0/16:2,2296220,9223487002,2301770,9223030189,52.16,52.16
2024/05/24 星期五 00:09:40.577,1716480580577,NH-DC-NM129-H06-ROCE-Leaf-16.GPU.S9825,TwoHundredGigE1/0/16:2,0,0,0,0,0,0
2024/05/24 星期五 00:09:41.102,1716480581102,NH-DC-NM129-H06-ROCE-Leaf-16.GPU.S9825,TwoHundredGigE1/0/16:2,2294180,9132940074,2299485,9134322250,69.56,69.56
2024/05/24 星期五 00:09:41.704,1716480581704,NH-DC-NM129-H06-ROCE-Leaf-16.GPU.S9825,TwoHundredGigE1/0/16:2,0,0,0,0,0,0
2024/05/24 星期五 00:09:42.251,1716480582251,NH-DC-NM129-H06-ROCE-Leaf-16.GPU.S9825,TwoHundredGigE1/0/16:2,2162234,8568339452,2167045,8569010629,62.60,62.60
2024/05/24 星期五 00:09:42.825,1716480582825,NH-DC-NM129-H06-ROCE-Leaf-16.GPU.S9825,TwoHundredGigE1/0/16:2,0,0,0,0,0,0
2024/05/24 星期五 00:09:43.481,1716480583481,NH-DC-NM129-H06-ROCE-Leaf-16.GPU.S9825,TwoHundredGigE1/0/16:2,1647099,6522262422,1649904,6522441168,39.76,39.76
2024/05/24 星期五 00:09:44.127,1716480584127,NH-DC-NM129-H06-ROCE-Leaf-16.GPU.S9825,TwoHundredGigE1/0/16:2,3203174,12857375728,3211323,12858470739,79.57,79.57
2024/05/24 星期五 00:09:45.231,1716480585231,NH-DC-NM129-H06-ROCE-Leaf-16.GPU.S9825,TwoHundredGigE1/0/16:2,1839792,7289502456,1842963,7289710110,26.38,26.38
2024/05/24 星期五 00:09:45.851,1716480585851,NH-DC-NM129-H06-ROCE-Leaf-16.GPU.S9825,TwoHundredGigE1/0/16:2,0,0,0,0,0,0
2024/05/24 星期五 00:09:46.475,1716480586475,NH-DC-NM129-H06-ROCE-Leaf-16.GPU.S9825,TwoHundredGigE1/0/16:2,2098608,8312638628,2102898,8313406455,53.27,53.27
2024/05/24 星期五 00:09:47.108,1716480587108,NH-DC-NM129-H06-ROCE-Leaf-16.GPU.S9825,TwoHundredGigE1/0/16:2,2650489,10614357598,2656141,10614731190,67.05,67.05
2024/05/24 星期五 00:09:47.716,1716480587716,NH-DC-NM129-H06-ROCE-Leaf-16.GPU.S9825,TwoHundredGigE1/0/16:2,0,0,0,0,0,0
2024/05/24 星期五 00:09:48.232,1716480588232,NH-DC-NM129-H06-ROCE-Leaf-16.GPU.S9825,TwoHundredGigE1/0/16:2,2199879,8765282738,2204638,8765872737,67.91,67.91
2024/05/24 星期五 00:09:48.799,1716480588799,NH-DC-NM129-H06-ROCE-Leaf-16.GPU.S9825,TwoHundredGigE1/0/16:2,0,0,0,0,0,0
2024/05/24 星期五 00:09:49.301,1716480589301,NH-DC-NM129-H06-ROCE-Leaf-16.GPU.S9825,TwoHundredGigE1/0/16:2,2010136,7963947364,2013589,7964301258,63.43,63.43
2024/05/24 星期五 00:09:49.999,1716480589999,NH-DC-NM129-H06-ROCE-Leaf-16.GPU.S9825,TwoHundredGigE1/0/16:2,1826393,7231090694,1827066,7224799555,41.43,41.38
2024/05/24 星期五 00:09:50.607,1716480590607,NH-DC-NM129-H06-ROCE-Leaf-16.GPU.S9825,TwoHundredGigE1/0/16:2,0,0,0,0,0,0
2024/05/24 星期五 00:09:51.123,1716480591123,NH-DC-NM129-H06-ROCE-Leaf-16.GPU.S9825,TwoHundredGigE1/0/16:2,3024286,12148875788,3032212,12151355326,94.11,94.19
2024/05/24 星期五 00:09:51.643,1716480591643,NH-DC-NM129-H06-ROCE-Leaf-16.GPU.S9825,TwoHundredGigE1/0/16:2,0,0,0,0,0,0
2024/05/24 星期五 00:09:52.200,1716480592200,NH-DC-NM129-H06-ROCE-Leaf-16.GPU.S9825,TwoHundredGigE1/0/16:2,1961422,7771978484,1964713,7771193691,55.80,55.80
2024/05/24 星期五 00:09:52.729,1716480592729,NH-DC-NM129-H06-ROCE-Leaf-16.GPU.S9825,TwoHundredGigE1/0/16:2,0,0,0,0,0,0
2024/05/24 星期五 00:09:53.232,1716480593232,NH-DC-NM129-H06-ROCE-Leaf-16.GPU.S9825,TwoHundredGigE1/0/16:2,1968628,7801029150,1972046,7801603337,62.03,62.03
2024/05/24 星期五 00:09:53.897,1716480593897,NH-DC-NM129-H06-ROCE-Leaf-16.GPU.S9825,TwoHundredGigE1/0/16:2,0,0,0,0,0,0
2024/05/24 星期五 00:09:54.441,1716480594441,NH-DC-NM129-H06-ROCE-Leaf-16.GPU.S9825,TwoHundredGigE1/0/16:2,1864709,7382843244,1866709,7379361037,54.26,54.19
2024/05/24 星期五 00:09:55.261,1716480595261,NH-DC-NM129-H06-ROCE-Leaf-16.GPU.S9825,TwoHundredGigE1/0/16:2,877362,3572335914,881804,3576242558,17.41,17.41
2024/05/24 星期五 00:09:55.988,1716480595988,NH-DC-NM129-H06-ROCE-Leaf-16.GPU.S9825,TwoHundredGigE1/0/16:2,0,0,0,0,0,0
2024/05/24 星期五 00:09:56.560,1716480596560,NH-DC-NM129-H06-ROCE-Leaf-16.GPU.S9825,TwoHundredGigE1/0/16:2,283917,1156903426,284104,1156788465,8.04,8.04
2024/05/24 星期五 00:09:57.742,1716480597742,NH-DC-NM129-H06-ROCE-Leaf-16.GPU.S9825,TwoHundredGigE1/0/16:2,2306968,9185735420,2312150,9186621964,31.07,31.07
2024/05/24 星期五 00:09:59.233,1716480599233,NH-DC-NM129-H06-ROCE-Leaf-16.GPU.S9825,TwoHundredGigE1/0/16:2,3744001,14834767286,3751147,14835589675,39.79,39.79
2024/05/24 星期五 00:09:59.735,1716480599735,NH-DC-NM129-H06-ROCE-Leaf-16.GPU.S9825,TwoHundredGigE1/0/16:2,0,0,0,0,0,0
2024/05/24 星期五 00:10:00.397,1716480600397,NH-DC-NM129-H06-ROCE-Leaf-16.GPU.S9825,TwoHundredGigE1/0/16:2,3139066,12601638564,3146776,12602421192,76.13,76.13
2024/05/24 星期五 00:10:00.933,1716480600933,NH-DC-NM129-H06-ROCE-Leaf-16.GPU.S9825,TwoHundredGigE1/0/16:2,0,0,0,0,0,0
2024/05/24 星期五 00:10:01.434,1716480601434,NH-DC-NM129-H06-ROCE-Leaf-16.GPU.S9825,TwoHundredGigE1/0/16:2,1894163,7505497066,1897880,7507430600,59.88,59.88
2024/05/24 星期五 00:10:02.092,1716480602092,NH-DC-NM129-H06-ROCE-Leaf-16.GPU.S9825,TwoHundredGigE1/0/16:2,2043320,8096572160,2047043,8095549467,49.18,49.18
2024/05/24 星期五 00:10:02.611,1716480602611,NH-DC-NM129-H06-ROCE-Leaf-16.GPU.S9825,TwoHundredGigE1/0/16:2,0,0,0,0,0,0
2024/05/24 星期五 00:10:03.785,1716480603785,NH-DC-NM129-H06-ROCE-Leaf-16.GPU.S9825,TwoHundredGigE1/0/16:2,1679745,6648998902,1681593,6644857202,22.62,22.62
2024/05/24 星期五 00:10:04.311,1716480604311,NH-DC-NM129-H06-ROCE-Leaf-16.GPU.S9825,TwoHundredGigE1/0/16:2,3008003,12091151634,3017534,12096296741,91.94,91.94
2024/05/24 星期五 00:10:04.814,1716480604814,NH-DC-NM129-H06-ROCE-Leaf-16.GPU.S9825,TwoHundredGigE1/0/16:2,0,0,0,0,0,0
2024/05/24 星期五 00:10:05.350,1716480605350,NH-DC-NM129-H06-ROCE-Leaf-16.GPU.S9825,TwoHundredGigE1/0/16:2,1806281,7156583272,1808786,7155705548,53.36,53.36
2024/05/24 星期五 00:10:05.929,1716480605929,NH-DC-NM129-H06-ROCE-Leaf-16.GPU.S9825,TwoHundredGigE1/0/16:2,0,0,0,0,0,0
2024/05/24 星期五 00:10:06.431,1716480606431,NH-DC-NM129-H06-ROCE-Leaf-16.GPU.S9825,TwoHundredGigE1/0/16:2,1966518,7790864156,1971670,7798531965,62.07,62.07
2024/05/24 星期五 00:10:07.627,1716480607627,NH-DC-NM129-H06-ROCE-Leaf-16.GPU.S9825,TwoHundredGigE1/0/16:2,2916799,11723119560,2922960,11716748100,39.20,39.16
2024/05/24 星期五 00:10:08.163,1716480608163,NH-DC-NM129-H06-ROCE-Leaf-16.GPU.S9825,TwoHundredGigE1/0/16:2,1873510,7417494232,1870081,7391637127,55.30,55.15
2024/05/24 星期五 00:10:08.724,1716480608724,NH-DC-NM129-H06-ROCE-Leaf-16.GPU.S9825,TwoHundredGigE1/0/16:2,0,0,0,0,0,0
2024/05/24 星期五 00:10:09.257,1716480609257,NH-DC-NM129-H06-ROCE-Leaf-16.GPU.S9825,TwoHundredGigE1/0/16:2,2195230,8697529492,2205022,8722965656,65.22,65.44
2024/05/24 星期五 00:10:09.771,1716480609771,NH-DC-NM129-H06-ROCE-Leaf-16.GPU.S9825,TwoHundredGigE1/0/16:2,0,0,0,0,0,0
2024/05/24 星期五 00:10:10.388,1716480610388,NH-DC-NM129-H06-ROCE-Leaf-16.GPU.S9825,TwoHundredGigE1/0/16:2,1679504,6650156496,1681308,6650263913,43.11,43.11
2024/05/24 星期五 00:10:11.036,1716480611036,NH-DC-NM129-H06-ROCE-Leaf-16.GPU.S9825,TwoHundredGigE1/0/16:2,0,0,0,0,0,0
2024/05/24 星期五 00:10:11.576,1716480611576,NH-DC-NM129-H06-ROCE-Leaf-16.GPU.S9825,TwoHundredGigE1/0/16:2,2912198,11706369976,2919857,11707152758,86.67,86.67
2024/05/24 星期五 00:10:12.192,1716480612192,NH-DC-NM129-H06-ROCE-Leaf-16.GPU.S9825,TwoHundredGigE1/0/16:2,1872032,7417385996,1875276,7417598689,48.12,48.12
2024/05/24 星期五 00:10:12.808,1716480612808,NH-DC-NM129-H06-ROCE-Leaf-16.GPU.S9825,TwoHundredGigE1/0/16:2,0,0,0,0,0,0
2024/05/24 星期五 00:10:13.317,1716480613317,NH-DC-NM129-H06-ROCE-Leaf-16.GPU.S9825,TwoHundredGigE1/0/16:2,1936788,7673175156,1940083,7673736162,60.28,60.28
2024/05/24 星期五 00:10:14.020,1716480614020,NH-DC-NM129-H06-ROCE-Leaf-16.GPU.S9825,TwoHundredGigE1/0/16:2,1719098,6803518222,1719979,6798419999,38.69,38.63
2024/05/24 星期五 00:10:14.676,1716480614676,NH-DC-NM129-H06-ROCE-Leaf-16.GPU.S9825,TwoHundredGigE1/0/16:2,0,0,0,0,0,0
2024/05/24 星期五 00:10:15.300,1716480615300,NH-DC-NM129-H06-ROCE-Leaf-16.GPU.S9825,TwoHundredGigE1/0/16:2,3066221,12320318964,3075561,12326572562,78.97,78.97
2024/05/24 星期五 00:10:16.344,1716480616344,NH-DC-NM129-H06-ROCE-Leaf-16.GPU.S9825,TwoHundredGigE1/0/16:2,1742741,6905828590,1745943,6906387675,26.44,26.44
2024/05/24 星期五 00:10:16.846,1716480616846,NH-DC-NM129-H06-ROCE-Leaf-16.GPU.S9825,TwoHundredGigE1/0/16:2,0,0,0,0,0,0
2024/05/24 星期五 00:10:17.451,1716480617451,NH-DC-NM129-H06-ROCE-Leaf-16.GPU.S9825,TwoHundredGigE1/0/16:2,2066165,8187464666,2069526,8184955944,54.08,54.08
2024/05/24 星期五 00:10:18.149,1716480618149,NH-DC-NM129-H06-ROCE-Leaf-16.GPU.S9825,TwoHundredGigE1/0/16:2,2032060,8141692448,2036845,8142007907,46.65,46.65
2024/05/24 星期五 00:10:18.759,1716480618759,NH-DC-NM129-H06-ROCE-Leaf-16.GPU.S9825,TwoHundredGigE1/0/16:2,0,0,0,0,0,0
2024/05/24 星期五 00:10:19.317,1716480619317,NH-DC-NM129-H06-ROCE-Leaf-16.GPU.S9825,TwoHundredGigE1/0/16:2,2461411,9831070878,2466423,9831679282,70.47,70.47
2024/05/24 星期五 00:10:19.918,1716480619918,NH-DC-NM129-H06-ROCE-Leaf-16.GPU.S9825,TwoHundredGigE1/0/16:2,2066282,8184748020,2070499,8185373211,54.44,54.44
2024/05/24 星期五 00:10:20.588,1716480620588,NH-DC-NM129-H06-ROCE-Leaf-16.GPU.S9825,TwoHundredGigE1/0/16:2,1742944,6906391206,1747002,6910157268,41.19,41.25
2024/05/24 星期五 00:10:22.670,1716480622670,NH-DC-NM129-H06-ROCE-Leaf-16.GPU.S9825,TwoHundredGigE1/0/16:2,2938430,11810672562,2944586,11805330187,22.69,22.67
2024/05/24 星期五 00:10:23.413,1716480623413,NH-DC-NM129-H06-ROCE-Leaf-16.GPU.S9825,TwoHundredGigE1/0/16:2,1716169,6800954218,1720086,6803949346,36.61,36.61
2024/05/24 星期五 00:10:24.844,1716480624844,NH-DC-NM129-H06-ROCE-Leaf-16.GPU.S9825,TwoHundredGigE1/0/16:2,2291225,9079875514,2295768,9080732361,25.35,25.38
2024/05/24 星期五 00:10:25.345,1716480625345,NH-DC-NM129-H06-ROCE-Leaf-16.GPU.S9825,TwoHundredGigE1/0/16:2,1649024,6533539030,1650343,6527961366,52.14,52.06
2024/05/24 星期五 00:10:25.998,1716480625998,NH-DC-NM129-H06-ROCE-Leaf-16.GPU.S9825,TwoHundredGigE1/0/16:2,0,0,0,0,0,0
2024/05/24 星期五 00:10:26.526,1716480626526,NH-DC-NM129-H06-ROCE-Leaf-16.GPU.S9825,TwoHundredGigE1/0/16:2,3232258,12974436722,3241652,12980484601,98.26,98.33
2024/05/24 星期五 00:10:27.086,1716480627086,NH-DC-NM129-H06-ROCE-Leaf-16.GPU.S9825,TwoHundredGigE1/0/16:2,1733101,6867941988,1735835,6866089734,49,49
2024/05/24 星期五 00:10:27.727,1716480627727,NH-DC-NM129-H06-ROCE-Leaf-16.GPU.S9825,TwoHundredGigE1/0/16:2,0,0,0,0,0,0
2024/05/24 星期五 00:10:28.334,1716480628334,NH-DC-NM129-H06-ROCE-Leaf-16.GPU.S9825,TwoHundredGigE1/0/16:2,1881431,7455254568,1885724,7457921129,49.09,49.09
2024/05/24 星期五 00:10:29.353,1716480629353,NH-DC-NM129-H06-ROCE-Leaf-16.GPU.S9825,TwoHundredGigE1/0/16:2,2841851,11429238294,2832743,11358753666,44.83,44.55
2024/05/24 星期五 00:10:30.055,1716480630055,NH-DC-NM129-H06-ROCE-Leaf-16.GPU.S9825,TwoHundredGigE1/0/16:2,2103859,8333953010,2124514,8405687776,47.46,47.86
2024/05/24 星期五 00:10:30.818,1716480630818,NH-DC-NM129-H06-ROCE-Leaf-16.GPU.S9825,TwoHundredGigE1/0/16:2,0,0,0,0,0,0
2024/05/24 星期五 00:10:31.438,1716480631438,NH-DC-NM129-H06-ROCE-Leaf-16.GPU.S9825,TwoHundredGigE1/0/16:2,2260682,8952121348,2263433,8952496750,57.74,57.74
2024/05/24 星期五 00:10:31.939,1716480631939,NH-DC-NM129-H06-ROCE-Leaf-16.GPU.S9825,TwoHundredGigE1/0/16:2,0,0,0,0,0,0
2024/05/24 星期五 00:10:32.506,1716480632506,NH-DC-NM129-H06-ROCE-Leaf-16.GPU.S9825,TwoHundredGigE1/0/16:2,1678407,6650073958,1681291,6650263587,46.91,46.91
2024/05/24 星期五 00:10:33.124,1716480633124,NH-DC-NM129-H06-ROCE-Leaf-16.GPU.S9825,TwoHundredGigE1/0/16:2,2972788,11945105252,2974648,11920577680,77.28,77.15
2024/05/24 星期五 00:10:33.656,1716480633656,NH-DC-NM129-H06-ROCE-Leaf-16.GPU.S9825,TwoHundredGigE1/0/16:2,0,0,0,0,0,0
2024/05/24 星期五 00:10:34.365,1716480634365,NH-DC-NM129-H06-ROCE-Leaf-16.GPU.S9825,TwoHundredGigE1/0/16:2,1792946,7102345702,1793153,7090387333,40.06,40
2024/05/24 星期五 00:10:34.933,1716480634933,NH-DC-NM129-H06-ROCE-Leaf-16.GPU.S9825,TwoHundredGigE1/0/16:2,0,0,0,0,0,0
2024/05/24 星期五 00:10:35.433,1716480635433,NH-DC-NM129-H06-ROCE-Leaf-16.GPU.S9825,TwoHundredGigE1/0/16:2,2117987,8389873396,2130078,8427251922,67.04,67.36
2024/05/24 星期五 00:10:36.241,1716480636241,NH-DC-NM129-H06-ROCE-Leaf-16.GPU.S9825,TwoHundredGigE1/0/16:2,2786353,11173045332,2792561,11171486047,55.30,55.30
2024/05/24 星期五 00:10:36.797,1716480636797,NH-DC-NM129-H06-ROCE-Leaf-16.GPU.S9825,TwoHundredGigE1/0/16:2,0,0,0,0,0,0
2024/05/24 星期五 00:10:37.327,1716480637327,NH-DC-NM129-H06-ROCE-Leaf-16.GPU.S9825,TwoHundredGigE1/0/16:2,2289845,9101790820,2294461,9104544358,68.68,68.68
2024/05/24 星期五 00:10:37.939,1716480637939,NH-DC-NM129-H06-ROCE-Leaf-16.GPU.S9825,TwoHundredGigE1/0/16:2,0,0,0,0,0,0
2024/05/24 星期五 00:10:38.499,1716480638499,NH-DC-NM129-H06-ROCE-Leaf-16.GPU.S9825,TwoHundredGigE1/0/16:2,1936477,7673149434,1940073,7673666355,54.79,54.79
2024/05/24 星期五 00:10:39.003,1716480639003,NH-DC-NM129-H06-ROCE-Leaf-16.GPU.S9825,TwoHundredGigE1/0/16:2,1808164,7161667404,1810704,7161827968,56.83,56.83
2024/05/24 星期五 00:10:39.667,1716480639667,NH-DC-NM129-H06-ROCE-Leaf-16.GPU.S9825,TwoHundredGigE1/0/16:2,0,0,0,0,0,0
2024/05/24 星期五 00:10:40.356,1716480640356,NH-DC-NM129-H06-ROCE-Leaf-16.GPU.S9825,TwoHundredGigE1/0/16:2,2719360,10940704836,2726141,10939903863,63.51,63.45
2024/05/24 星期五 00:10:40.987,1716480640987,NH-DC-NM129-H06-ROCE-Leaf-16.GPU.S9825,TwoHundredGigE1/0/16:2,0,0,0,0,0,0
2024/05/24 星期五 00:10:41.572,1716480641572,NH-DC-NM129-H06-ROCE-Leaf-16.GPU.S9825,TwoHundredGigE1/0/16:2,1968660,7801028580,1972355,7801984210,53.33,53.33
2024/05/24 星期五 00:10:42.081,1716480642081,NH-DC-NM129-H06-ROCE-Leaf-16.GPU.S9825,TwoHundredGigE1/0/16:2,0,0,0,0,0,0
2024/05/24 星期五 00:10:42.604,1716480642604,NH-DC-NM129-H06-ROCE-Leaf-16.GPU.S9825,TwoHundredGigE1/0/16:2,2177229,8626969822,2181039,8627212155,65.93,65.93
2024/05/24 星期五 00:10:43.367,1716480643367,NH-DC-NM129-H06-ROCE-Leaf-16.GPU.S9825,TwoHundredGigE1/0/16:2,1560498,6183590866,1561710,6176458464,32.40,32.35
2024/05/24 星期五 00:10:44.145,1716480644145,NH-DC-NM129-H06-ROCE-Leaf-16.GPU.S9825,TwoHundredGigE1/0/16:2,3275170,13140217122,3284052,13145291653,67.56,67.56
2024/05/24 星期五 00:10:44.671,1716480644671,NH-DC-NM129-H06-ROCE-Leaf-16.GPU.S9825,TwoHundredGigE1/0/16:2,0,0,0,0,0,0
2024/05/24 星期五 00:10:45.283,1716480645283,NH-DC-NM129-H06-ROCE-Leaf-16.GPU.S9825,TwoHundredGigE1/0/16:2,1871935,7417377870,1875075,7417793850,48.43,48.43
2024/05/24 星期五 00:10:45.830,1716480645830,NH-DC-NM129-H06-ROCE-Leaf-16.GPU.S9825,TwoHundredGigE1/0/16:2,0,0,0,0,0,0
2024/05/24 星期五 00:10:46.332,1716480646332,NH-DC-NM129-H06-ROCE-Leaf-16.GPU.S9825,TwoHundredGigE1/0/16:2,2001511,7928958018,2004505,7929149907,63.11,63.11
2024/05/24 星期五 00:10:47.190,1716480647190,NH-DC-NM129-H06-ROCE-Leaf-16.GPU.S9825,TwoHundredGigE1/0/16:2,2621362,10554431120,2617992,10511395322,49.18,49.00
2024/05/24 星期五 00:10:47.859,1716480647859,NH-DC-NM129-H06-ROCE-Leaf-16.GPU.S9825,TwoHundredGigE1/0/16:2,0,0,0,0,0,0
2024/05/24 星期五 00:10:48.362,1716480648362,NH-DC-NM129-H06-ROCE-Leaf-16.GPU.S9825,TwoHundredGigE1/0/16:2,1904827,7546251794,1918565,7590527189,59.96,60.36
2024/05/24 星期五 00:10:48.969,1716480648969,NH-DC-NM129-H06-ROCE-Leaf-16.GPU.S9825,TwoHundredGigE1/0/16:2,0,0,0,0,0,0
2024/05/24 星期五 00:10:49.471,1716480649471,NH-DC-NM129-H06-ROCE-Leaf-16.GPU.S9825,TwoHundredGigE1/0/16:2,2227001,8824125182,2231030,8824738936,70.28,70.28
2024/05/24 星期五 00:10:49.971,1716480649971,NH-DC-NM129-H06-ROCE-Leaf-16.GPU.S9825,TwoHundredGigE1/0/16:2,1711202,6777998592,1713996,6778180769,54.16,54.16
2024/05/24 星期五 00:10:50.750,1716480650750,NH-DC-NM129-H06-ROCE-Leaf-16.GPU.S9825,TwoHundredGigE1/0/16:2,0,0,0,0,0,0
2024/05/24 星期五 00:10:51.340,1716480651340,NH-DC-NM129-H06-ROCE-Leaf-16.GPU.S9825,TwoHundredGigE1/0/16:2,3299927,13241031734,3307947,13242007430,89.76,89.76
2024/05/24 星期五 00:10:51.900,1716480651900,NH-DC-NM129-H06-ROCE-Leaf-16.GPU.S9825,TwoHundredGigE1/0/16:2,0,0,0,0,0,0
2024/05/24 星期五 00:10:52.467,1716480652467,NH-DC-NM129-H06-ROCE-Leaf-16.GPU.S9825,TwoHundredGigE1/0/16:2,1710571,6777949226,1713448,6778138733,47.76,47.76
2024/05/24 星期五 00:10:52.970,1716480652970,NH-DC-NM129-H06-ROCE-Leaf-16.GPU.S9825,TwoHundredGigE1/0/16:2,0,0,0,0,0,0
2024/05/24 星期五 00:10:53.474,1716480653474,NH-DC-NM129-H06-ROCE-Leaf-16.GPU.S9825,TwoHundredGigE1/0/16:2,1936297,7673137106,1939832,7673718344,60.87,60.87
2024/05/24 星期五 00:10:54.268,1716480654268,NH-DC-NM129-H06-ROCE-Leaf-16.GPU.S9825,TwoHundredGigE1/0/16:2,1910530,7571945848,1913428,7570384521,38.14,38.14
2024/05/24 星期五 00:10:55.082,1716480655082,NH-DC-NM129-H06-ROCE-Leaf-16.GPU.S9825,TwoHundredGigE1/0/16:2,2776905,11169296810,2784719,11170109946,54.84,54.89
2024/05/24 星期五 00:10:56.005,1716480656005,NH-DC-NM129-H06-ROCE-Leaf-16.GPU.S9825,TwoHundredGigE1/0/16:2,0,0,0,0,0,0
2024/05/24 星期五 00:10:56.572,1716480656572,NH-DC-NM129-H06-ROCE-Leaf-16.GPU.S9825,TwoHundredGigE1/0/16:2,1969132,7801068736,1972968,7802394157,55.03,55.03
2024/05/24 星期五 00:10:57.206,1716480657206,NH-DC-NM129-H06-ROCE-Leaf-16.GPU.S9825,TwoHundredGigE1/0/16:2,1904015,7545246208,1903521,7529113566,47.57,47.44
2024/05/24 星期五 00:10:58.136,1716480658136,NH-DC-NM129-H06-ROCE-Leaf-16.GPU.S9825,TwoHundredGigE1/0/16:2,2783723,11194872248,2794999,11212133927,48.13,48.22
2024/05/24 星期五 00:10:58.647,1716480658647,NH-DC-NM129-H06-ROCE-Leaf-16.GPU.S9825,TwoHundredGigE1/0/16:2,0,0,0,0,0,0
2024/05/24 星期五 00:10:59.220,1716480659220,NH-DC-NM129-H06-ROCE-Leaf-16.GPU.S9825,TwoHundredGigE1/0/16:2,2078005,8228841306,2082050,8232725872,57.38,57.45
2024/05/24 星期五 00:10:59.837,1716480659837,NH-DC-NM129-H06-ROCE-Leaf-16.GPU.S9825,TwoHundredGigE1/0/16:2,0,0,0,0,0,0
2024/05/24 星期五 00:11:00.476,1716480660476,NH-DC-NM129-H06-ROCE-Leaf-16.GPU.S9825,TwoHundredGigE1/0/16:2,2313963,9163833974,2316334,9160772020,57.34,57.34
2024/05/24 星期五 00:11:00.980,1716480660980,NH-DC-NM129-H06-ROCE-Leaf-16.GPU.S9825,TwoHundredGigE1/0/16:2,1629705,6457225884,1631412,6453755460,51.19,51.19
2024/05/24 星期五 00:11:01.888,1716480661888,NH-DC-NM129-H06-ROCE-Leaf-16.GPU.S9825,TwoHundredGigE1/0/16:2,0,0,0,0,0,0
2024/05/24 星期五 00:11:02.993,1716480662993,NH-DC-NM129-H06-ROCE-Leaf-16.GPU.S9825,TwoHundredGigE1/0/16:2,3251835,13050674440,3261292,13054844369,47.24,47.24
2024/05/24 星期五 00:11:03.493,1716480663493,NH-DC-NM129-H06-ROCE-Leaf-16.GPU.S9825,TwoHundredGigE1/0/16:2,1549012,6138501196,1551829,6138687174,49.04,49.04
2024/05/24 星期五 00:11:03.998,1716480663998,NH-DC-NM129-H06-ROCE-Leaf-16.GPU.S9825,TwoHundredGigE1/0/16:2,0,0,0,0,0,0
2024/05/24 星期五 00:11:05.016,1716480665016,NH-DC-NM129-H06-ROCE-Leaf-16.GPU.S9825,TwoHundredGigE1/0/16:2,4945799,19763203382,4957992,19764919493,77.64,77.64
2024/05/24 星期五 00:11:05.725,1716480665725,NH-DC-NM129-H06-ROCE-Leaf-16.GPU.S9825,TwoHundredGigE1/0/16:2,0,0,0,0,0,0
2024/05/24 星期五 00:11:07.010,1716480667010,NH-DC-NM129-H06-ROCE-Leaf-16.GPU.S9825,TwoHundredGigE1/0/16:2,2164978,8578384960,2168599,8578130227,26.68,26.68
2024/05/24 星期五 00:11:07.568,1716480667568,NH-DC-NM129-H06-ROCE-Leaf-16.GPU.S9825,TwoHundredGigE1/0/16:2,2293220,9086870520,2298367,9090885240,65.09,65.16
2024/05/24 星期五 00:11:08.069,1716480668069,NH-DC-NM129-H06-ROCE-Leaf-16.GPU.S9825,TwoHundredGigE1/0/16:2,1544790,6121504076,1546957,6118811181,48.86,48.78
2024/05/24 星期五 00:11:09.020,1716480669020,NH-DC-NM129-H06-ROCE-Leaf-16.GPU.S9825,TwoHundredGigE1/0/16:2,3235287,12985250326,3243524,12986350196,54.60,54.60
2024/05/24 星期五 00:11:09.608,1716480669608,NH-DC-NM129-H06-ROCE-Leaf-16.GPU.S9825,TwoHundredGigE1/0/16:2,0,0,0,0,0,0
2024/05/24 星期五 00:11:10.110,1716480670110,NH-DC-NM129-H06-ROCE-Leaf-16.GPU.S9825,TwoHundredGigE1/0/16:2,1742765,6905829618,1745942,6906038949,54.98,54.98
2024/05/24 星期五 00:11:10.650,1716480670650,NH-DC-NM129-H06-ROCE-Leaf-16.GPU.S9825,TwoHundredGigE1/0/16:2,0,0,0,0,0,0
2024/05/24 星期五 00:11:11.331,1716480671331,NH-DC-NM129-H06-ROCE-Leaf-16.GPU.S9825,TwoHundredGigE1/0/16:2,2065679,8184701590,2069793,8185390570,48.05,48.05
2024/05/24 星期五 00:11:11.967,1716480671967,NH-DC-NM129-H06-ROCE-Leaf-16.GPU.S9825,TwoHundredGigE1/0/16:2,2942565,11824519068,2949945,11823998693,74.34,74.34
2024/05/24 星期五 00:11:12.802,1716480672802,NH-DC-NM129-H06-ROCE-Leaf-16.GPU.S9825,TwoHundredGigE1/0/16:2,0,0,0,0,0,0
2024/05/24 星期五 00:11:13.364,1716480673364,NH-DC-NM129-H06-ROCE-Leaf-16.GPU.S9825,TwoHundredGigE1/0/16:2,1971474,7810829202,1975131,7812422224,55.59,55.59
2024/05/24 星期五 00:11:13.865,1716480673865,NH-DC-NM129-H06-ROCE-Leaf-16.GPU.S9825,TwoHundredGigE1/0/16:2,0,0,0,0,0,0
2024/05/24 星期五 00:11:14.376,1716480674376,NH-DC-NM129-H06-ROCE-Leaf-16.GPU.S9825,TwoHundredGigE1/0/16:2,2179248,8635214220,2183533,8637047229,67.55,67.55
2024/05/24 星期五 00:11:15.078,1716480675078,NH-DC-NM129-H06-ROCE-Leaf-16.GPU.S9825,TwoHundredGigE1/0/16:2,1694340,6711134084,1696748,6710294522,38.23,38.23
2024/05/24 星期五 00:11:15.668,1716480675668,NH-DC-NM129-H06-ROCE-Leaf-16.GPU.S9825,TwoHundredGigE1/0/16:2,0,0,0,0,0,0
2024/05/24 星期五 00:11:16.396,1716480676396,NH-DC-NM129-H06-ROCE-Leaf-16.GPU.S9825,TwoHundredGigE1/0/16:2,3396637,13624680510,3404738,13625631177,74.84,74.84
2024/05/24 星期五 00:11:16.961,1716480676961,NH-DC-NM129-H06-ROCE-Leaf-16.GPU.S9825,TwoHundredGigE1/0/16:2,0,0,0,0,0,0
2024/05/24 星期五 00:11:17.461,1716480677461,NH-DC-NM129-H06-ROCE-Leaf-16.GPU.S9825,TwoHundredGigE1/0/16:2,1743072,6905848092,1745961,6906035442,55.2,55.2
2024/05/24 星期五 00:11:17.962,1716480677962,NH-DC-NM129-H06-ROCE-Leaf-16.GPU.S9825,TwoHundredGigE1/0/16:2,0,0,0,0,0,0
2024/05/24 星期五 00:11:18.522,1716480678522,NH-DC-NM129-H06-ROCE-Leaf-16.GPU.S9825,TwoHundredGigE1/0/16:2,1872898,7421533492,1876922,7424065509,53,53
2024/05/24 星期五 00:11:19.116,1716480679116,NH-DC-NM129-H06-ROCE-Leaf-16.GPU.S9825,TwoHundredGigE1/0/16:2,2412681,9649256368,2418008,9646211086,64.92,64.92
2024/05/24 星期五 00:11:19.876,1716480679876,NH-DC-NM129-H06-ROCE-Leaf-16.GPU.S9825,TwoHundredGigE1/0/16:2,0,0,0,0,0,0
2024/05/24 星期五 00:11:20.376,1716480680376,NH-DC-NM129-H06-ROCE-Leaf-16.GPU.S9825,TwoHundredGigE1/0/16:2,2273668,9086686354,2279280,9089160503,72.64,72.64
2024/05/24 星期五 00:11:21.896,1716480681896,NH-DC-NM129-H06-ROCE-Leaf-16.GPU.S9825,TwoHundredGigE1/0/16:2,3937635,15602081414,3944882,15602907353,41.05,41.05
2024/05/24 星期五 00:11:23.281,1716480683281,NH-DC-NM129-H06-ROCE-Leaf-16.GPU.S9825,TwoHundredGigE1/0/16:2,2556437,10294968636,2563702,10299726988,29.72,29.72
2024/05/24 星期五 00:11:23.901,1716480683901,NH-DC-NM129-H06-ROCE-Leaf-16.GPU.S9825,TwoHundredGigE1/0/16:2,0,0,0,0,0,0
2024/05/24 星期五 00:11:24.402,1716480684402,NH-DC-NM129-H06-ROCE-Leaf-16.GPU.S9825,TwoHundredGigE1/0/16:2,2067978,8189483406,2069652,8185730319,65.31,65.31
2024/05/24 星期五 00:11:25.046,1716480685046,NH-DC-NM129-H06-ROCE-Leaf-16.GPU.S9825,TwoHundredGigE1/0/16:2,2323507,9205824358,2327246,9205615348,57.14,57.14
2024/05/24 星期五 00:11:25.579,1716480685579,NH-DC-NM129-H06-ROCE-Leaf-16.GPU.S9825,TwoHundredGigE1/0/16:2,0,0,0,0,0,0
2024/05/24 星期五 00:11:26.081,1716480686081,NH-DC-NM129-H06-ROCE-Leaf-16.GPU.S9825,TwoHundredGigE1/0/16:2,1615178,6396333592,1617840,6397073159,50.92,50.92
2024/05/24 星期五 00:11:26.792,1716480686792,NH-DC-NM129-H06-ROCE-Leaf-16.GPU.S9825,TwoHundredGigE1/0/16:2,0,0,0,0,0,0
2024/05/24 星期五 00:11:27.405,1716480687405,NH-DC-NM129-H06-ROCE-Leaf-16.GPU.S9825,TwoHundredGigE1/0/16:2,3138418,12601602304,3145827,12602572918,82.22,82.22
2024/05/24 星期五 00:11:28.546,1716480688546,NH-DC-NM129-H06-ROCE-Leaf-16.GPU.S9825,TwoHundredGigE1/0/16:2,1517382,6010670220,1519644,6010813857,21.07,21.07
2024/05/24 星期五 00:11:29.047,1716480689047,NH-DC-NM129-H06-ROCE-Leaf-16.GPU.S9825,TwoHundredGigE1/0/16:2,2097909,8312857842,2101915,8313196122,66.35,66.35
2024/05/24 星期五 00:11:29.734,1716480689734,NH-DC-NM129-H06-ROCE-Leaf-16.GPU.S9825,TwoHundredGigE1/0/16:2,0,0,0,0,0,0
2024/05/24 星期五 00:11:30.422,1716480690422,NH-DC-NM129-H06-ROCE-Leaf-16.GPU.S9825,TwoHundredGigE1/0/16:2,2411158,9642283406,2417137,9641776302,56.05,56.05
2024/05/24 星期五 00:11:30.954,1716480690954,NH-DC-NM129-H06-ROCE-Leaf-16.GPU.S9825,TwoHundredGigE1/0/16:2,0,0,0,0,0,0
2024/05/24 星期五 00:11:31.527,1716480691527,NH-DC-NM129-H06-ROCE-Leaf-16.GPU.S9825,TwoHundredGigE1/0/16:2,2244241,8969947628,2249501,8971752138,62.55,62.62
2024/05/24 星期五 00:11:32.048,1716480692048,NH-DC-NM129-H06-ROCE-Leaf-16.GPU.S9825,TwoHundredGigE1/0/16:2,2033170,8056798024,2037021,8057399971,61.80,61.80
2024/05/24 星期五 00:11:32.722,1716480692722,NH-DC-NM129-H06-ROCE-Leaf-16.GPU.S9825,TwoHundredGigE1/0/16:2,0,0,0,0,0,0
2024/05/24 星期五 00:11:33.304,1716480693304,NH-DC-NM129-H06-ROCE-Leaf-16.GPU.S9825,TwoHundredGigE1/0/16:2,1743568,6908764728,1746002,6906044592,47.42,47.42
2024/05/24 星期五 00:11:33.922,1716480693922,NH-DC-NM129-H06-ROCE-Leaf-16.GPU.S9825,TwoHundredGigE1/0/16:2,0,0,0,0,0,0
2024/05/24 星期五 00:11:34.431,1716480694431,NH-DC-NM129-H06-ROCE-Leaf-16.GPU.S9825,TwoHundredGigE1/0/16:2,2329695,9365829656,2336098,9367951125,73.56,73.56
2024/05/24 星期五 00:11:35.512,1716480695512,NH-DC-NM129-H06-ROCE-Leaf-16.GPU.S9825,TwoHundredGigE1/0/16:2,2257649,8977611942,2262187,8977750574,33.19,33.19
2024/05/24 星期五 00:11:36.083,1716480696083,NH-DC-NM129-H06-ROCE-Leaf-16.GPU.S9825,TwoHundredGigE1/0/16:2,2198092,8709256490,2206931,8729310443,60.95,61.09
2024/05/24 星期五 00:11:36.677,1716480696677,NH-DC-NM129-H06-ROCE-Leaf-16.GPU.S9825,TwoHundredGigE1/0/16:2,0,0,0,0,0,0
2024/05/24 星期五 00:11:37.304,1716480697304,NH-DC-NM129-H06-ROCE-Leaf-16.GPU.S9825,TwoHundredGigE1/0/16:2,1764094,6990651020,1763641,6975655688,44.59,44.47
2024/05/24 星期五 00:11:37.841,1716480697841,NH-DC-NM129-H06-ROCE-Leaf-16.GPU.S9825,TwoHundredGigE1/0/16:2,0,0,0,0,0,0
2024/05/24 星期五 00:11:38.342,1716480698342,NH-DC-NM129-H06-ROCE-Leaf-16.GPU.S9825,TwoHundredGigE1/0/16:2,2935571,11796753518,2944084,11801684327,94.13,94.21
2024/05/24 星期五 00:11:38.923,1716480698923,NH-DC-NM129-H06-ROCE-Leaf-16.GPU.S9825,TwoHundredGigE1/0/16:2,1762960,6986418228,1764124,6977997332,48.06,47.99
2024/05/24 星期五 00:11:39.574,1716480699574,NH-DC-NM129-H06-ROCE-Leaf-16.GPU.S9825,TwoHundredGigE1/0/16:2,0,0,0,0,0,0
2024/05/24 星期五 00:11:40.601,1716480700601,NH-DC-NM129-H06-ROCE-Leaf-16.GPU.S9825,TwoHundredGigE1/0/16:2,2065659,8184698862,2069283,8185495091,31.86,31.86
2024/05/24 星期五 00:11:42.081,1716480702081,NH-DC-NM129-H06-ROCE-Leaf-16.GPU.S9825,TwoHundredGigE1/0/16:2,5065161,20234170146,5076939,20237905811,54.68,54.68
2024/05/24 星期五 00:11:42.825,1716480702825,NH-DC-NM129-H06-ROCE-Leaf-16.GPU.S9825,TwoHundredGigE1/0/16:2,0,0,0,0,0,0
2024/05/24 星期五 00:11:43.460,1716480703460,NH-DC-NM129-H06-ROCE-Leaf-16.GPU.S9825,TwoHundredGigE1/0/16:2,1878992,7445475648,1882861,7447974074,46.87,46.87
2024/05/24 星期五 00:11:44.114,1716480704114,NH-DC-NM129-H06-ROCE-Leaf-16.GPU.S9825,TwoHundredGigE1/0/16:2,1939588,7685655028,1942420,7681599805,46.97,46.97
2024/05/24 星期五 00:11:44.618,1716480704618,NH-DC-NM129-H06-ROCE-Leaf-16.GPU.S9825,TwoHundredGigE1/0/16:2,0,0,0,0,0,0
2024/05/24 星期五 00:11:45.243,1716480705243,NH-DC-NM129-H06-ROCE-Leaf-16.GPU.S9825,TwoHundredGigE1/0/16:2,2751286,11066979136,2758031,11067836986,70.78,70.78
2024/05/24 星期五 00:11:45.964,1716480705964,NH-DC-NM129-H06-ROCE-Leaf-16.GPU.S9825,TwoHundredGigE1/0/16:2,0,0,0,0,0,0
2024/05/24 星期五 00:11:46.514,1716480706514,NH-DC-NM129-H06-ROCE-Leaf-16.GPU.S9825,TwoHundredGigE1/0/16:2,2000906,7928912220,2004492,7929148701,57.6,57.6
2024/05/24 星期五 00:11:47.142,1716480707142,NH-DC-NM129-H06-ROCE-Leaf-16.GPU.S9825,TwoHundredGigE1/0/16:2,2194551,8696227458,2198641,8696776194,55.35,55.35
2024/05/24 星期五 00:11:47.760,1716480707760,NH-DC-NM129-H06-ROCE-Leaf-16.GPU.S9825,TwoHundredGigE1/0/16:2,0,0,0,0,0,0
2024/05/24 星期五 00:11:48.298,1716480708298,NH-DC-NM129-H06-ROCE-Leaf-16.GPU.S9825,TwoHundredGigE1/0/16:2,1549511,6138540630,1552551,6138740235,45.58,45.58
2024/05/24 星期五 00:11:48.906,1716480708906,NH-DC-NM129-H06-ROCE-Leaf-16.GPU.S9825,TwoHundredGigE1/0/16:2,0,0,0,0,0,0
2024/05/24 星期五 00:11:49.553,1716480709553,NH-DC-NM129-H06-ROCE-Leaf-16.GPU.S9825,TwoHundredGigE1/0/16:2,3170432,12729464724,3178491,12730425970,78.64,78.70
2024/05/24 星期五 00:11:50.104,1716480710104,NH-DC-NM129-H06-ROCE-Leaf-16.GPU.S9825,TwoHundredGigE1/0/16:2,1646071,6522182802,1648957,6522370971,47.33,47.33
2024/05/24 星期五 00:11:50.668,1716480710668,NH-DC-NM129-H06-ROCE-Leaf-16.GPU.S9825,TwoHundredGigE1/0/16:2,0,0,0,0,0,0
2024/05/24 星期五 00:11:51.234,1716480711234,NH-DC-NM129-H06-ROCE-Leaf-16.GPU.S9825,TwoHundredGigE1/0/16:2,2097677,8312567634,2101709,8313251526,58.73,58.73
2024/05/24 星期五 00:11:51.811,1716480711811,NH-DC-NM129-H06-ROCE-Leaf-16.GPU.S9825,TwoHundredGigE1/0/16:2,0,0,0,0,0,0
2024/05/24 星期五 00:11:52.484,1716480712484,NH-DC-NM129-H06-ROCE-Leaf-16.GPU.S9825,TwoHundredGigE1/0/16:2,2912777,11706408458,2920013,11707373087,69.54,69.54
2024/05/24 星期五 00:11:53.076,1716480713076,NH-DC-NM129-H06-ROCE-Leaf-16.GPU.S9825,TwoHundredGigE1/0/16:2,1969061,7800317374,1972490,7798377072,52.70,52.64
2024/05/24 星期五 00:11:53.640,1716480713640,NH-DC-NM129-H06-ROCE-Leaf-16.GPU.S9825,TwoHundredGigE1/0/16:2,0,0,0,0,0,0
2024/05/24 星期五 00:11:54.188,1716480714188,NH-DC-NM129-H06-ROCE-Leaf-16.GPU.S9825,TwoHundredGigE1/0/16:2,2099893,8313479882,2102979,8316320399,60.66,60.66
2024/05/24 星期五 00:11:55.139,1716480715139,NH-DC-NM129-H06-ROCE-Leaf-16.GPU.S9825,TwoHundredGigE1/0/16:2,1807735,7161633018,1810723,7161828766,30.12,30.12
2024/05/24 星期五 00:11:55.996,1716480715996,NH-DC-NM129-H06-ROCE-Leaf-16.GPU.S9825,TwoHundredGigE1/0/16:2,2719066,0,2726671,10939870303,0,51.02
2024/05/24 星期五 00:11:56.551,1716480716551,NH-DC-NM129-H06-ROCE-Leaf-16.GPU.S9825,TwoHundredGigE1/0/16:2,0,10939091880,0,0,78.77,0
2024/05/24 星期五 00:11:57.177,1716480717177,NH-DC-NM129-H06-ROCE-Leaf-16.GPU.S9825,TwoHundredGigE1/0/16:2,1947270,7715925414,1950466,7714898008,49.27,49.27
2024/05/24 星期五 00:11:57.810,1716480717810,NH-DC-NM129-H06-ROCE-Leaf-16.GPU.S9825,TwoHundredGigE1/0/16:2,0,0,0,0,0,0
2024/05/24 星期五 00:11:58.313,1716480718313,NH-DC-NM129-H06-ROCE-Leaf-16.GPU.S9825,TwoHundredGigE1/0/16:2,2022920,8014064522,2026910,8016847249,63.70,63.70
2024/05/24 星期五 00:11:58.913,1716480718913,NH-DC-NM129-H06-ROCE-Leaf-16.GPU.S9825,TwoHundredGigE1/0/16:2,1675785,6635409798,1678058,6635554572,44.2,44.2
2024/05/24 星期五 00:11:59.619,1716480719619,NH-DC-NM129-H06-ROCE-Leaf-16.GPU.S9825,TwoHundredGigE1/0/16:2,0,0,0,0,0,0
2024/05/24 星期五 00:12:00.121,1716480720121,NH-DC-NM129-H06-ROCE-Leaf-16.GPU.S9825,TwoHundredGigE1/0/16:2,3012514,12104759248,3020082,12105746052,96.41,96.41
2024/05/24 星期五 00:12:00.764,1716480720764,NH-DC-NM129-H06-ROCE-Leaf-16.GPU.S9825,TwoHundredGigE1/0/16:2,0,0,0,0,0,0
2024/05/24 星期五 00:12:01.463,1716480721463,NH-DC-NM129-H06-ROCE-Leaf-16.GPU.S9825,TwoHundredGigE1/0/16:2,1681123,6661927398,1684883,6663098734,38.11,38.11
2024/05/24 星期五 00:12:02.010,1716480722010,NH-DC-NM129-H06-ROCE-Leaf-16.GPU.S9825,TwoHundredGigE1/0/16:2,2136636,8463118838,2141855,8471415241,61.86,61.94
2024/05/24 星期五 00:12:02.695,1716480722695,NH-DC-NM129-H06-ROCE-Leaf-16.GPU.S9825,TwoHundredGigE1/0/16:2,0,0,0,0,0,0
2024/05/24 星期五 00:12:04.168,1716480724168,NH-DC-NM129-H06-ROCE-Leaf-16.GPU.S9825,TwoHundredGigE1/0/16:2,4484831,17938300044,4493105,17930585865,48.69,48.69
2024/05/24 星期五 00:12:04.724,1716480724724,NH-DC-NM129-H06-ROCE-Leaf-16.GPU.S9825,TwoHundredGigE1/0/16:2,0,0,0,0,0,0
2024/05/24 星期五 00:12:05.282,1716480725282,NH-DC-NM129-H06-ROCE-Leaf-16.GPU.S9825,TwoHundredGigE1/0/16:2,2001214,7928935808,2004779,7929587666,56.77,56.77
2024/05/24 星期五 00:12:05.884,1716480725884,NH-DC-NM129-H06-ROCE-Leaf-16.GPU.S9825,TwoHundredGigE1/0/16:2,0,0,0,0,0,0
2024/05/24 星期五 00:12:06.418,1716480726418,NH-DC-NM129-H06-ROCE-Leaf-16.GPU.S9825,TwoHundredGigE1/0/16:2,1936365,7673141242,1939917,7673375415,57.45,57.45
2024/05/24 星期五 00:12:07.692,1716480727692,NH-DC-NM129-H06-ROCE-Leaf-16.GPU.S9825,TwoHundredGigE1/0/16:2,3074855,12345890562,3081964,12346844520,38.74,38.74
2024/05/24 星期五 00:12:08.194,1716480728194,NH-DC-NM129-H06-ROCE-Leaf-16.GPU.S9825,TwoHundredGigE1/0/16:2,1748473,6928744046,1752100,6931343747,55.14,55.22
2024/05/24 星期五 00:12:08.799,1716480728799,NH-DC-NM129-H06-ROCE-Leaf-16.GPU.S9825,TwoHundredGigE1/0/16:2,0,0,0,0,0,0
2024/05/24 星期五 00:12:09.470,1716480729470,NH-DC-NM129-H06-ROCE-Leaf-16.GPU.S9825,TwoHundredGigE1/0/16:2,2188841,8673315696,2192290,8671601159,51.68,51.68
2024/05/24 星期五 00:12:09.979,1716480729979,NH-DC-NM129-H06-ROCE-Leaf-16.GPU.S9825,TwoHundredGigE1/0/16:2,0,0,0,0,0,0
2024/05/24 星期五 00:12:10.560,1716480730560,NH-DC-NM129-H06-ROCE-Leaf-16.GPU.S9825,TwoHundredGigE1/0/16:2,1862359,7370340414,1864258,7366782801,50.74,50.67
2024/05/24 星期五 00:12:11.091,1716480731091,NH-DC-NM129-H06-ROCE-Leaf-16.GPU.S9825,TwoHundredGigE1/0/16:2,3098716,12449998980,3108003,12456325582,93.71,93.79
2024/05/24 星期五 00:12:11.676,1716480731676,NH-DC-NM129-H06-ROCE-Leaf-16.GPU.S9825,TwoHundredGigE1/0/16:2,0,0,0,0,0,0
2024/05/24 星期五 00:12:12.269,1716480732269,NH-DC-NM129-H06-ROCE-Leaf-16.GPU.S9825,TwoHundredGigE1/0/16:2,2051196,8128169444,2054443,8126149431,54.77,54.77
2024/05/24 星期五 00:12:13.066,1716480733066,NH-DC-NM129-H06-ROCE-Leaf-16.GPU.S9825,TwoHundredGigE1/0/16:2,1808594,7164720300,1811222,7161865308,35.93,35.93
2024/05/24 星期五 00:12:13.593,1716480733593,NH-DC-NM129-H06-ROCE-Leaf-16.GPU.S9825,TwoHundredGigE1/0/16:2,0,0,0,0,0,0
2024/05/24 星期五 00:12:14.167,1716480734167,NH-DC-NM129-H06-ROCE-Leaf-16.GPU.S9825,TwoHundredGigE1/0/16:2,2524450,10171700516,2523431,10135571427,70.87,70.59
2024/05/24 星期五 00:12:14.799,1716480734799,NH-DC-NM129-H06-ROCE-Leaf-16.GPU.S9825,TwoHundredGigE1/0/16:2,0,0,0,0,0,0
2024/05/24 星期五 00:12:15.301,1716480735301,NH-DC-NM129-H06-ROCE-Leaf-16.GPU.S9825,TwoHundredGigE1/0/16:2,2099172,8312684052,2110442,8349758400,66.22,66.45
2024/05/24 星期五 00:12:15.925,1716480735925,NH-DC-NM129-H06-ROCE-Leaf-16.GPU.S9825,TwoHundredGigE1/0/16:2,0,0,0,0,0,0
2024/05/24 星期五 00:12:16.537,1716480736537,NH-DC-NM129-H06-ROCE-Leaf-16.GPU.S9825,TwoHundredGigE1/0/16:2,2247147,8904480828,2251167,8904504617,58.17,58.17
2024/05/24 星期五 00:12:17.135,1716480737135,NH-DC-NM129-H06-ROCE-Leaf-16.GPU.S9825,TwoHundredGigE1/0/16:2,1625712,6441812318,1628834,6442606806,43.08,43.08
2024/05/24 星期五 00:12:17.706,1716480737706,NH-DC-NM129-H06-ROCE-Leaf-16.GPU.S9825,TwoHundredGigE1/0/16:2,0,0,0,0,0,0
2024/05/24 星期五 00:12:18.211,1716480738211,NH-DC-NM129-H06-ROCE-Leaf-16.GPU.S9825,TwoHundredGigE1/0/16:2,3138812,12601616324,3147624,12602547921,99.80,99.80
2024/05/24 星期五 00:12:18.715,1716480738715,NH-DC-NM129-H06-ROCE-Leaf-16.GPU.S9825,TwoHundredGigE1/0/16:2,0,0,0,0,0,0
2024/05/24 星期五 00:12:19.290,1716480739290,NH-DC-NM129-H06-ROCE-Leaf-16.GPU.S9825,TwoHundredGigE1/0/16:2,1759093,6969595634,1763785,6977188144,48.42,48.49
2024/05/24 星期五 00:12:19.929,1716480739929,NH-DC-NM129-H06-ROCE-Leaf-16.GPU.S9825,TwoHundredGigE1/0/16:2,0,0,0,0,0,0
2024/05/24 星期五 00:12:20.707,1716480740707,NH-DC-NM129-H06-ROCE-Leaf-16.GPU.S9825,TwoHundredGigE1/0/16:2,4383168,17445013908,4390195,17437728545,89.67,89.61
2024/05/24 星期五 00:12:22.721,1716480742721,NH-DC-NM129-H06-ROCE-Leaf-16.GPU.S9825,TwoHundredGigE1/0/16:2,2546943,10180271602,2553128,10183426601,20.22,20.22
2024/05/24 星期五 00:12:23.519,1716480743519,NH-DC-NM129-H06-ROCE-Leaf-16.GPU.S9825,TwoHundredGigE1/0/16:2,1872690,7420472608,1875908,7419852672,37.19,37.14
2024/05/24 星期五 00:12:24.093,1716480744093,NH-DC-NM129-H06-ROCE-Leaf-16.GPU.S9825,TwoHundredGigE1/0/16:2,1872585,7419615814,1875712,7417632853,51.64,51.64
2024/05/24 星期五 00:12:24.665,1716480744665,NH-DC-NM129-H06-ROCE-Leaf-16.GPU.S9825,TwoHundredGigE1/0/16:2,0,0,0,0,0,0
2024/05/24 星期五 00:12:25.289,1716480745289,NH-DC-NM129-H06-ROCE-Leaf-16.GPU.S9825,TwoHundredGigE1/0/16:2,3138564,12601599824,3146362,12602392644,80.77,80.77
2024/05/24 星期五 00:12:25.849,1716480745849,NH-DC-NM129-H06-ROCE-Leaf-16.GPU.S9825,TwoHundredGigE1/0/16:2,0,0,0,0,0,0
2024/05/24 星期五 00:12:26.546,1716480746546,NH-DC-NM129-H06-ROCE-Leaf-16.GPU.S9825,TwoHundredGigE1/0/16:2,1936309,7673138118,1939883,7673373147,44.02,44.02
2024/05/24 星期五 00:12:27.104,1716480747104,NH-DC-NM129-H06-ROCE-Leaf-16.GPU.S9825,TwoHundredGigE1/0/16:2,2065527,8184690158,2069434,8185366904,58.64,58.64
2024/05/24 星期五 00:12:27.679,1716480747679,NH-DC-NM129-H06-ROCE-Leaf-16.GPU.S9825,TwoHundredGigE1/0/16:2,0,0,0,0,0,0
2024/05/24 星期五 00:12:28.178,1716480748178,NH-DC-NM129-H06-ROCE-Leaf-16.GPU.S9825,TwoHundredGigE1/0/16:2,1673826,6627471744,1676346,6627637017,53.07,53.07
2024/05/24 星期五 00:12:28.797,1716480748797,NH-DC-NM129-H06-ROCE-Leaf-16.GPU.S9825,TwoHundredGigE1/0/16:2,0,0,0,0,0,0
2024/05/24 星期五 00:12:29.443,1716480749443,NH-DC-NM129-H06-ROCE-Leaf-16.GPU.S9825,TwoHundredGigE1/0/16:2,3071532,12340187556,3080754,12344776018,76.41,76.41
2024/05/24 星期五 00:12:30.285,1716480750285,NH-DC-NM129-H06-ROCE-Leaf-16.GPU.S9825,TwoHundredGigE1/0/16:2,1683319,6670663140,1684975,6663402196,31.69,31.64
2024/05/24 星期五 00:12:30.858,1716480750858,NH-DC-NM129-H06-ROCE-Leaf-16.GPU.S9825,TwoHundredGigE1/0/16:2,0,0,0,0,0,0
2024/05/24 星期五 00:12:31.452,1716480751452,NH-DC-NM129-H06-ROCE-Leaf-16.GPU.S9825,TwoHundredGigE1/0/16:2,2099772,8320211770,2104679,8324554942,56.03,56.03
2024/05/24 星期五 00:12:32.024,1716480752024,NH-DC-NM129-H06-ROCE-Leaf-16.GPU.S9825,TwoHundredGigE1/0/16:2,0,0,0,0,0,0
2024/05/24 星期五 00:12:32.596,1716480752596,NH-DC-NM129-H06-ROCE-Leaf-16.GPU.S9825,TwoHundredGigE1/0/16:2,2912827,11706411510,2920341,11707325003,81.82,81.82
2024/05/24 星期五 00:12:33.324,1716480753324,NH-DC-NM129-H06-ROCE-Leaf-16.GPU.S9825,TwoHundredGigE1/0/16:2,1904264,7545268428,1907756,7545498500,41.43,41.43
2024/05/24 星期五 00:12:33.825,1716480753825,NH-DC-NM129-H06-ROCE-Leaf-16.GPU.S9825,TwoHundredGigE1/0/16:2,0,0,0,0,0,0
2024/05/24 星期五 00:12:34.396,1716480754396,NH-DC-NM129-H06-ROCE-Leaf-16.GPU.S9825,TwoHundredGigE1/0/16:2,2227026,8824128816,2230824,8824934677,61.79,61.79
2024/05/24 星期五 00:12:34.973,1716480754973,NH-DC-NM129-H06-ROCE-Leaf-16.GPU.S9825,TwoHundredGigE1/0/16:2,1678094,6650050932,1681245,6650258622,46.10,46.10
2024/05/24 星期五 00:12:35.564,1716480755564,NH-DC-NM129-H06-ROCE-Leaf-16.GPU.S9825,TwoHundredGigE1/0/16:2,0,0,0,0,0,0
2024/05/24 星期五 00:12:36.149,1716480756149,NH-DC-NM129-H06-ROCE-Leaf-16.GPU.S9825,TwoHundredGigE1/0/16:2,3427321,13745013146,3435094,13745410669,93.95,93.95
2024/05/24 星期五 00:12:36.920,1716480756920,NH-DC-NM129-H06-ROCE-Leaf-16.GPU.S9825,TwoHundredGigE1/0/16:2,0,0,0,0,0,0
2024/05/24 星期五 00:12:37.423,1716480757423,NH-DC-NM129-H06-ROCE-Leaf-16.GPU.S9825,TwoHundredGigE1/0/16:2,1680199,6657636706,1683337,6658792962,52.88,52.88
2024/05/24 星期五 00:12:37.988,1716480757988,NH-DC-NM129-H06-ROCE-Leaf-16.GPU.S9825,TwoHundredGigE1/0/16:2,0,0,0,0,0,0
2024/05/24 星期五 00:12:38.490,1716480758490,NH-DC-NM129-H06-ROCE-Leaf-16.GPU.S9825,TwoHundredGigE1/0/16:2,1882774,7460719382,1885921,7459882537,59.44,59.36
2024/05/24 星期五 00:12:39.069,1716480759069,NH-DC-NM129-H06-ROCE-Leaf-16.GPU.S9825,TwoHundredGigE1/0/16:2,2311913,9249849284,2317375,9250742200,63.83,63.90
2024/05/24 星期五 00:12:39.649,1716480759649,NH-DC-NM129-H06-ROCE-Leaf-16.GPU.S9825,TwoHundredGigE1/0/16:2,0,0,0,0,0,0
2024/05/24 星期五 00:12:40.375,1716480760375,NH-DC-NM129-H06-ROCE-Leaf-16.GPU.S9825,TwoHundredGigE1/0/16:2,2397306,9575328176,2402325,9576076803,52.73,52.73
2024/05/24 星期五 00:12:40.902,1716480760902,NH-DC-NM129-H06-ROCE-Leaf-16.GPU.S9825,TwoHundredGigE1/0/16:2,0,0,0,0,0,0
2024/05/24 星期五 00:12:41.456,1716480761456,NH-DC-NM129-H06-ROCE-Leaf-16.GPU.S9825,TwoHundredGigE1/0/16:2,2130062,8440460452,2133953,8441204810,60.94,60.94
2024/05/24 星期五 00:12:41.957,1716480761957,NH-DC-NM129-H06-ROCE-Leaf-16.GPU.S9825,TwoHundredGigE1/0/16:2,0,0,0,0,0,0
2024/05/24 星期五 00:12:42.461,1716480762461,NH-DC-NM129-H06-ROCE-Leaf-16.GPU.S9825,TwoHundredGigE1/0/16:2,1807435,7161611218,1810520,7161812601,56.83,56.83
2024/05/24 星期五 00:12:43.147,1716480763147,NH-DC-NM129-H06-ROCE-Leaf-16.GPU.S9825,TwoHundredGigE1/0/16:2,2763193,11116334152,2769800,11117313838,64.78,64.78
2024/05/24 星期五 00:12:43.912,1716480763912,NH-DC-NM129-H06-ROCE-Leaf-16.GPU.S9825,TwoHundredGigE1/0/16:2,0,0,0,0,0,0
2024/05/24 星期五 00:12:44.409,1716480764409,NH-DC-NM129-H06-ROCE-Leaf-16.GPU.S9825,TwoHundredGigE1/0/16:2,1962548,7776654644,1966027,7777033579,62.54,62.54
2024/05/24 星期五 00:12:45.774,1716480765774,NH-DC-NM129-H06-ROCE-Leaf-16.GPU.S9825,TwoHundredGigE1/0/16:2,2156141,8543332496,2160001,8543727428,25.03,25.03
2024/05/24 星期五 00:12:46.288,1716480766288,NH-DC-NM129-H06-ROCE-Leaf-16.GPU.S9825,TwoHundredGigE1/0/16:2,1829163,7241896998,1830800,7238186705,56.34,56.26
2024/05/24 星期五 00:12:47.769,1716480767769,NH-DC-NM129-H06-ROCE-Leaf-16.GPU.S9825,TwoHundredGigE1/0/16:2,3052265,12265541406,3061579,12270389486,33.11,33.14
2024/05/24 星期五 00:12:48.291,1716480768291,NH-DC-NM129-H06-ROCE-Leaf-16.GPU.S9825,TwoHundredGigE1/0/16:2,1549087,6138506202,1551834,6138687309,46.97,46.97
2024/05/24 星期五 00:12:48.968,1716480768968,NH-DC-NM129-H06-ROCE-Leaf-16.GPU.S9825,TwoHundredGigE1/0/16:2,0,0,0,0,0,0
2024/05/24 星期五 00:12:49.475,1716480769475,NH-DC-NM129-H06-ROCE-Leaf-16.GPU.S9825,TwoHundredGigE1/0/16:2,2097856,8312585336,2101875,8313130290,65.56,65.56
2024/05/24 星期五 00:12:49.979,1716480769979,NH-DC-NM129-H06-ROCE-Leaf-16.GPU.S9825,TwoHundredGigE1/0/16:2,2402669,9630931104,2411943,9648322443,76.43,76.51
2024/05/24 星期五 00:12:50.716,1716480770716,NH-DC-NM129-H06-ROCE-Leaf-16.GPU.S9825,TwoHundredGigE1/0/16:2,0,0,0,0,0,0
2024/05/24 星期五 00:12:51.224,1716480771224,NH-DC-NM129-H06-ROCE-Leaf-16.GPU.S9825,TwoHundredGigE1/0/16:2,2317279,9237068764,2318593,9220863262,72.68,72.60
2024/05/24 星期五 00:12:51.878,1716480771878,NH-DC-NM129-H06-ROCE-Leaf-16.GPU.S9825,TwoHundredGigE1/0/16:2,0,0,0,0,0,0
2024/05/24 星期五 00:12:52.568,1716480772568,NH-DC-NM129-H06-ROCE-Leaf-16.GPU.S9825,TwoHundredGigE1/0/16:2,2238100,8868634932,2242245,8869299761,51.36,51.36
2024/05/24 星期五 00:12:53.101,1716480773101,NH-DC-NM129-H06-ROCE-Leaf-16.GPU.S9825,TwoHundredGigE1/0/16:2,1634692,6477653424,1637608,6477801090,48.56,48.56
2024/05/24 星期五 00:12:53.770,1716480773770,NH-DC-NM129-H06-ROCE-Leaf-16.GPU.S9825,TwoHundredGigE1/0/16:2,0,0,0,0,0,0
2024/05/24 星期五 00:12:54.340,1716480774340,NH-DC-NM129-H06-ROCE-Leaf-16.GPU.S9825,TwoHundredGigE1/0/16:2,2877320,11566565770,2885284,11568686355,81.12,81.12
2024/05/24 星期五 00:12:55.776,1716480775776,NH-DC-NM129-H06-ROCE-Leaf-16.GPU.S9825,TwoHundredGigE1/0/16:2,1907571,7558717896,1912417,7564617668,21.03,21.06
2024/05/24 星期五 00:12:56.299,1716480776299,NH-DC-NM129-H06-ROCE-Leaf-16.GPU.S9825,TwoHundredGigE1/0/16:2,2130972,8440530904,2133327,8432083229,64.55,64.47
2024/05/24 星期五 00:12:56.904,1716480776904,NH-DC-NM129-H06-ROCE-Leaf-16.GPU.S9825,TwoHundredGigE1/0/16:2,2150838,8538790426,2154367,8539412880,56.40,56.40
2024/05/24 星期五 00:12:57.700,1716480777700,NH-DC-NM129-H06-ROCE-Leaf-16.GPU.S9825,TwoHundredGigE1/0/16:2,0,0,0,0,0,0
2024/05/24 星期五 00:12:58.204,1716480778204,NH-DC-NM129-H06-ROCE-Leaf-16.GPU.S9825,TwoHundredGigE1/0/16:2,2681133,10770039162,2688233,10772407351,85.48,85.48
2024/05/24 星期五 00:12:58.784,1716480778784,NH-DC-NM129-H06-ROCE-Leaf-16.GPU.S9825,TwoHundredGigE1/0/16:2,0,0,0,0,0,0
2024/05/24 星期五 00:12:59.438,1716480779438,NH-DC-NM129-H06-ROCE-Leaf-16.GPU.S9825,TwoHundredGigE1/0/16:2,1909526,7566137274,1912440,7562579016,46.24,46.24
2024/05/24 星期五 00:12:59.937,1716480779937,NH-DC-NM129-H06-ROCE-Leaf-16.GPU.S9825,TwoHundredGigE1/0/16:2,0,0,0,0,0,0
2024/05/24 星期五 00:13:00.563,1716480780563,NH-DC-NM129-H06-ROCE-Leaf-16.GPU.S9825,TwoHundredGigE1/0/16:2,2045900,8106812856,2050325,8110075766,51.76,51.82
2024/05/24 星期五 00:13:01.214,1716480781214,NH-DC-NM129-H06-ROCE-Leaf-16.GPU.S9825,TwoHundredGigE1/0/16:2,2980075,11972192010,2987101,11973188158,73.55,73.55
2024/05/24 星期五 00:13:01.720,1716480781720,NH-DC-NM129-H06-ROCE-Leaf-16.GPU.S9825,TwoHundredGigE1/0/16:2,0,0,0,0,0,0
2024/05/24 星期五 00:13:02.265,1716480782265,NH-DC-NM129-H06-ROCE-Leaf-16.GPU.S9825,TwoHundredGigE1/0/16:2,1966279,7791044582,1969653,7791148779,57.17,57.17
2024/05/24 星期五 00:13:02.927,1716480782927,NH-DC-NM129-H06-ROCE-Leaf-16.GPU.S9825,TwoHundredGigE1/0/16:2,0,0,0,0,0,0
2024/05/24 星期五 00:13:03.428,1716480783428,NH-DC-NM129-H06-ROCE-Leaf-16.GPU.S9825,TwoHundredGigE1/0/16:2,2130141,8440465926,2134031,8441139310,67.39,67.39
2024/05/24 星期五 00:13:04.139,1716480784139,NH-DC-NM129-H06-ROCE-Leaf-16.GPU.S9825,TwoHundredGigE1/0/16:2,1885555,7463816394,1888216,7463306049,41.97,41.97
2024/05/24 星期五 00:13:04.686,1716480784686,NH-DC-NM129-H06-ROCE-Leaf-16.GPU.S9825,TwoHundredGigE1/0/16:2,0,0,0,0,0,0
2024/05/24 星期五 00:13:05.186,1716480785186,NH-DC-NM129-H06-ROCE-Leaf-16.GPU.S9825,TwoHundredGigE1/0/16:2,3060989,12299438276,3068878,12301265725,98.32,98.4
2024/05/24 星期五 00:13:05.787,1716480785787,NH-DC-NM129-H06-ROCE-Leaf-16.GPU.S9825,TwoHundredGigE1/0/16:2,0,0,0,0,0,0
2024/05/24 星期五 00:13:06.377,1716480786377,NH-DC-NM129-H06-ROCE-Leaf-16.GPU.S9825,TwoHundredGigE1/0/16:2,2065462,8184685608,2069521,8185371139,55.46,55.46
2024/05/24 星期五 00:13:07.145,1716480787145,NH-DC-NM129-H06-ROCE-Leaf-16.GPU.S9825,TwoHundredGigE1/0/16:2,1968571,7801022514,1972345,7801272042,40.62,40.62
2024/05/24 星期五 00:13:08.043,1716480788043,NH-DC-NM129-H06-ROCE-Leaf-16.GPU.S9825,TwoHundredGigE1/0/16:2,0,0,0,0,0,0
2024/05/24 星期五 00:13:08.552,1716480788552,NH-DC-NM129-H06-ROCE-Leaf-16.GPU.S9825,TwoHundredGigE1/0/16:2,2733971,10994927652,2742164,11001024793,86.37,86.44
2024/05/24 星期五 00:13:09.062,1716480789062,NH-DC-NM129-H06-ROCE-Leaf-16.GPU.S9825,TwoHundredGigE1/0/16:2,2051385,8128950500,2053819,8123930290,63.69,63.69
2024/05/24 星期五 00:13:09.697,1716480789697,NH-DC-NM129-H06-ROCE-Leaf-16.GPU.S9825,TwoHundredGigE1/0/16:2,0,0,0,0,0,0
2024/05/24 星期五 00:13:10.205,1716480790205,NH-DC-NM129-H06-ROCE-Leaf-16.GPU.S9825,TwoHundredGigE1/0/16:2,2194550,8696227728,2198537,8696838399,68.43,68.43
2024/05/24 星期五 00:13:10.990,1716480790990,NH-DC-NM129-H06-ROCE-Leaf-16.GPU.S9825,TwoHundredGigE1/0/16:2,1944019,7691598668,1946486,7689023470,39.18,39.13
2024/05/24 星期五 00:13:11.572,1716480791572,NH-DC-NM129-H06-ROCE-Leaf-16.GPU.S9825,TwoHundredGigE1/0/16:2,0,0,0,0,0,0
2024/05/24 星期五 00:13:12.076,1716480792076,NH-DC-NM129-H06-ROCE-Leaf-16.GPU.S9825,TwoHundredGigE1/0/16:2,2983064,11995540992,2991940,11997586843,95.16,95.16
2024/05/24 星期五 00:13:12.740,1716480792740,NH-DC-NM129-H06-ROCE-Leaf-16.GPU.S9825,TwoHundredGigE1/0/16:2,0,0,0,0,0,0
2024/05/24 星期五 00:13:13.433,1716480793433,NH-DC-NM129-H06-ROCE-Leaf-16.GPU.S9825,TwoHundredGigE1/0/16:2,1739063,6890784296,1742499,6892888826,39.77,39.77
2024/05/24 星期五 00:13:13.934,1716480793934,NH-DC-NM129-H06-ROCE-Leaf-16.GPU.S9825,TwoHundredGigE1/0/16:2,2056162,8147942844,2060024,8148169197,64.99,64.99
2024/05/24 星期五 00:13:14.687,1716480794687,NH-DC-NM129-H06-ROCE-Leaf-16.GPU.S9825,TwoHundredGigE1/0/16:2,0,0,0,0,0,0
2024/05/24 星期五 00:13:15.876,1716480795876,NH-DC-NM129-H06-ROCE-Leaf-16.GPU.S9825,TwoHundredGigE1/0/16:2,2597107,10456900766,2599817,10438070412,35.16,35.09
2024/05/24 星期五 00:13:16.460,1716480796460,NH-DC-NM129-H06-ROCE-Leaf-16.GPU.S9825,TwoHundredGigE1/0/16:2,2091749,8287247450,2099577,8303383801,56.71,56.85
2024/05/24 星期五 00:13:17.889,1716480797889,NH-DC-NM129-H06-ROCE-Leaf-16.GPU.S9825,TwoHundredGigE1/0/16:2,2249184,8913059772,2252722,8911319820,24.94,24.94
2024/05/24 星期五 00:13:18.390,1716480798390,NH-DC-NM129-H06-ROCE-Leaf-16.GPU.S9825,TwoHundredGigE1/0/16:2,1470912,5828470224,1474835,5832994751,46.47,46.55
2024/05/24 星期五 00:13:18.890,1716480798890,NH-DC-NM129-H06-ROCE-Leaf-16.GPU.S9825,TwoHundredGigE1/0/16:2,0,0,0,0,0,0
2024/05/24 星期五 00:13:19.395,1716480799395,NH-DC-NM129-H06-ROCE-Leaf-16.GPU.S9825,TwoHundredGigE1/0/16:2,2863420,11512200816,2870091,11509109376,91.17,91.09
2024/05/24 星期五 00:13:19.996,1716480799996,NH-DC-NM129-H06-ROCE-Leaf-16.GPU.S9825,TwoHundredGigE1/0/16:2,0,0,0,0,0,0
2024/05/24 星期五 00:13:22.484,1716480802484,NH-DC-NM129-H06-ROCE-Leaf-16.GPU.S9825,TwoHundredGigE1/0/16:2,5827412,23084296692,5835610,23078079816,37.11,37.09
2024/05/24 星期五 00:13:23.519,1716480803519,NH-DC-NM129-H06-ROCE-Leaf-16.GPU.S9825,TwoHundredGigE1/0/16:2,2999621,12060277794,3009473,12067359710,46.61,46.61
2024/05/24 星期五 00:13:24.040,1716480804040,NH-DC-NM129-H06-ROCE-Leaf-16.GPU.S9825,TwoHundredGigE1/0/16:2,1679360,6654620180,1682993,6657753103,51.06,51.06
2024/05/24 星期五 00:13:24.606,1716480804606,NH-DC-NM129-H06-ROCE-Leaf-16.GPU.S9825,TwoHundredGigE1/0/16:2,0,0,0,0,0,0
2024/05/24 星期五 00:13:25.315,1716480805315,NH-DC-NM129-H06-ROCE-Leaf-16.GPU.S9825,TwoHundredGigE1/0/16:2,2129023,8435905282,2132147,8433566586,47.56,47.56
2024/05/24 星期五 00:13:25.896,1716480805896,NH-DC-NM129-H06-ROCE-Leaf-16.GPU.S9825,TwoHundredGigE1/0/16:2,0,0,0,0,0,0
2024/05/24 星期五 00:13:26.397,1716480806397,NH-DC-NM129-H06-ROCE-Leaf-16.GPU.S9825,TwoHundredGigE1/0/16:2,2262780,9079700584,2268043,9080048119,72.42,72.50
2024/05/24 星期五 00:13:27.152,1716480807152,NH-DC-NM129-H06-ROCE-Leaf-16.GPU.S9825,TwoHundredGigE1/0/16:2,2327898,9276744840,2333455,9277389898,49.11,49.11
2024/05/24 星期五 00:13:27.654,1716480807654,NH-DC-NM129-H06-ROCE-Leaf-16.GPU.S9825,TwoHundredGigE1/0/16:2,0,0,0,0,0,0
2024/05/24 星期五 00:13:28.153,1716480808153,NH-DC-NM129-H06-ROCE-Leaf-16.GPU.S9825,TwoHundredGigE1/0/16:2,1919543,7604190666,1925316,7615067001,60.92,61.00
2024/05/24 星期五 00:13:28.816,1716480808816,NH-DC-NM129-H06-ROCE-Leaf-16.GPU.S9825,TwoHundredGigE1/0/16:2,0,0,0,0,0,0
2024/05/24 星期五 00:13:29.346,1716480809346,NH-DC-NM129-H06-ROCE-Leaf-16.GPU.S9825,TwoHundredGigE1/0/16:2,1857140,7359404248,1857930,7348324616,55.47,55.40
2024/05/24 星期五 00:13:30.900,1716480810900,NH-DC-NM129-H06-ROCE-Leaf-16.GPU.S9825,TwoHundredGigE1/0/16:2,2815774,11322738988,2823399,11323520346,29.14,29.14
2024/05/24 星期五 00:13:31.404,1716480811404,NH-DC-NM129-H06-ROCE-Leaf-16.GPU.S9825,TwoHundredGigE1/0/16:2,1908813,7563389938,1913225,7568608006,60,60
2024/05/24 星期五 00:13:32.009,1716480812009,NH-DC-NM129-H06-ROCE-Leaf-16.GPU.S9825,TwoHundredGigE1/0/16:2,2158192,8550254460,2160639,8545902863,56.53,56.46
2024/05/24 星期五 00:13:32.584,1716480812584,NH-DC-NM129-H06-ROCE-Leaf-16.GPU.S9825,TwoHundredGigE1/0/16:2,0,0,0,0,0,0
2024/05/24 星期五 00:13:33.187,1716480813187,NH-DC-NM129-H06-ROCE-Leaf-16.GPU.S9825,TwoHundredGigE1/0/16:2,1788113,7081426904,1790099,7078357486,46.97,46.90
2024/05/24 星期五 00:13:33.749,1716480813749,NH-DC-NM129-H06-ROCE-Leaf-16.GPU.S9825,TwoHundredGigE1/0/16:2,0,0,0,0,0,0
2024/05/24 星期五 00:13:34.256,1716480814256,NH-DC-NM129-H06-ROCE-Leaf-16.GPU.S9825,TwoHundredGigE1/0/16:2,3092985,12425988408,3102100,12430276749,97.99,98.07
2024/05/24 星期五 00:13:34.875,1716480814875,NH-DC-NM129-H06-ROCE-Leaf-16.GPU.S9825,TwoHundredGigE1/0/16:2,0,0,0,0,0,0
2024/05/24 星期五 00:13:35.562,1716480815562,NH-DC-NM129-H06-ROCE-Leaf-16.GPU.S9825,TwoHundredGigE1/0/16:2,1791197,7097862172,1797484,7111341032,41.28,41.40
2024/05/24 星期五 00:13:36.063,1716480816063,NH-DC-NM129-H06-ROCE-Leaf-16.GPU.S9825,TwoHundredGigE1/0/16:2,2081367,8248409712,2082326,8235687729,65.79,65.71
2024/05/24 星期五 00:13:36.660,1716480816660,NH-DC-NM129-H06-ROCE-Leaf-16.GPU.S9825,TwoHundredGigE1/0/16:2,0,0,0,0,0,0
2024/05/24 星期五 00:13:37.297,1716480817297,NH-DC-NM129-H06-ROCE-Leaf-16.GPU.S9825,TwoHundredGigE1/0/16:2,2700438,10866614112,2707963,10869108464,68.19,68.19
2024/05/24 星期五 00:13:37.841,1716480817841,NH-DC-NM129-H06-ROCE-Leaf-16.GPU.S9825,TwoHundredGigE1/0/16:2,0,0,0,0,0,0
2024/05/24 星期五 00:13:38.381,1716480818381,NH-DC-NM129-H06-ROCE-Leaf-16.GPU.S9825,TwoHundredGigE1/0/16:2,1958520,7760229732,1961777,7759874109,57.48,57.41
2024/05/24 星期五 00:13:39.077,1716480819077,NH-DC-NM129-H06-ROCE-Leaf-16.GPU.S9825,TwoHundredGigE1/0/16:2,2190910,8681607588,2194655,8681123590,49.89,49.89
2024/05/24 星期五 00:13:39.608,1716480819608,NH-DC-NM129-H06-ROCE-Leaf-16.GPU.S9825,TwoHundredGigE1/0/16:2,0,0,0,0,0,0
2024/05/24 星期五 00:13:40.147,1716480820147,NH-DC-NM129-H06-ROCE-Leaf-16.GPU.S9825,TwoHundredGigE1/0/16:2,1705203,6757125962,1708023,6756064649,50.09,50.09
2024/05/24 星期五 00:13:40.949,1716480820949,NH-DC-NM129-H06-ROCE-Leaf-16.GPU.S9825,TwoHundredGigE1/0/16:2,0,0,0,0,0,0
2024/05/24 星期五 00:13:42.476,1716480822476,NH-DC-NM129-H06-ROCE-Leaf-16.GPU.S9825,TwoHundredGigE1/0/16:2,5048341,20169272596,5061000,20174052785,52.81,52.84
2024/05/24 星期五 00:13:43.112,1716480823112,NH-DC-NM129-H06-ROCE-Leaf-16.GPU.S9825,TwoHundredGigE1/0/16:2,1954471,7744824154,1958635,7747782334,48.68,48.68
2024/05/24 星期五 00:13:43.758,1716480823758,NH-DC-NM129-H06-ROCE-Leaf-16.GPU.S9825,TwoHundredGigE1/0/16:2,0,0,0,0,0,0
2024/05/24 星期五 00:13:44.332,1716480824332,NH-DC-NM129-H06-ROCE-Leaf-16.GPU.S9825,TwoHundredGigE1/0/16:2,2366552,9466600806,2370247,9459507821,65.92,65.85
2024/05/24 星期五 00:13:44.872,1716480824872,NH-DC-NM129-H06-ROCE-Leaf-16.GPU.S9825,TwoHundredGigE1/0/16:2,2296090,9169660668,2301432,9174564092,67.85,67.93
2024/05/24 星期五 00:13:45.708,1716480825708,NH-DC-NM129-H06-ROCE-Leaf-16.GPU.S9825,TwoHundredGigE1/0/16:2,0,0,0,0,0,0
2024/05/24 星期五 00:13:46.210,1716480826210,NH-DC-NM129-H06-ROCE-Leaf-16.GPU.S9825,TwoHundredGigE1/0/16:2,2105811,8344310634,2109244,8342484745,66.45,66.45
2024/05/24 星期五 00:13:46.781,1716480826781,NH-DC-NM129-H06-ROCE-Leaf-16.GPU.S9825,TwoHundredGigE1/0/16:2,0,0,0,0,0,0
2024/05/24 星期五 00:13:47.385,1716480827385,NH-DC-NM129-H06-ROCE-Leaf-16.GPU.S9825,TwoHundredGigE1/0/16:2,1947119,7715748636,1951159,7717308198,51.06,51.06
2024/05/24 星期五 00:13:47.919,1716480827919,NH-DC-NM129-H06-ROCE-Leaf-16.GPU.S9825,TwoHundredGigE1/0/16:2,0,0,0,0,0,0
2024/05/24 星期五 00:13:48.428,1716480828428,NH-DC-NM129-H06-ROCE-Leaf-16.GPU.S9825,TwoHundredGigE1/0/16:2,2171573,8763221934,2177346,8761634327,68.84,68.84
2024/05/24 星期五 00:13:49.237,1716480829237,NH-DC-NM129-H06-ROCE-Leaf-16.GPU.S9825,TwoHundredGigE1/0/16:2,2135461,8468733298,2139004,8468406268,41.83,41.83
2024/05/24 星期五 00:13:49.738,1716480829738,NH-DC-NM129-H06-ROCE-Leaf-16.GPU.S9825,TwoHundredGigE1/0/16:2,0,0,0,0,0,0
2024/05/24 星期五 00:13:50.256,1716480830256,NH-DC-NM129-H06-ROCE-Leaf-16.GPU.S9825,TwoHundredGigE1/0/16:2,2256123,8940492330,2256473,8925626273,69.03,68.88
2024/05/24 星期五 00:13:50.838,1716480830838,NH-DC-NM129-H06-ROCE-Leaf-16.GPU.S9825,TwoHundredGigE1/0/16:2,0,0,0,0,0,0
2024/05/24 星期五 00:13:51.377,1716480831377,NH-DC-NM129-H06-ROCE-Leaf-16.GPU.S9825,TwoHundredGigE1/0/16:2,1749537,6931490264,1756241,6946998704,51.43,51.50
2024/05/24 星期五 00:13:52.001,1716480832001,NH-DC-NM129-H06-ROCE-Leaf-16.GPU.S9825,TwoHundredGigE1/0/16:2,2980631,11976261958,2989532,11981667217,76.73,76.79
2024/05/24 星期五 00:13:52.667,1716480832667,NH-DC-NM129-H06-ROCE-Leaf-16.GPU.S9825,TwoHundredGigE1/0/16:2,0,0,0,0,0,0
2024/05/24 星期五 00:13:53.171,1716480833171,NH-DC-NM129-H06-ROCE-Leaf-16.GPU.S9825,TwoHundredGigE1/0/16:2,1622211,6428027026,1623809,6422647752,50.95,50.95
2024/05/24 星期五 00:13:53.721,1716480833721,NH-DC-NM129-H06-ROCE-Leaf-16.GPU.S9825,TwoHundredGigE1/0/16:2,0,0,0,0,0,0
2024/05/24 星期五 00:13:54.222,1716480834222,NH-DC-NM129-H06-ROCE-Leaf-16.GPU.S9825,TwoHundredGigE1/0/16:2,2159778,8558582958,2163845,8559877463,68.26,68.26
2024/05/24 星期五 00:13:54.917,1716480834917,NH-DC-NM129-H06-ROCE-Leaf-16.GPU.S9825,TwoHundredGigE1/0/16:2,1928121,7643990690,1933548,7649230394,43.97,43.97
2024/05/24 星期五 00:13:55.959,1716480835959,NH-DC-NM129-H06-ROCE-Leaf-16.GPU.S9825,TwoHundredGigE1/0/16:2,0,0,0,0,0,0
2024/05/24 星期五 00:13:56.480,1716480836480,NH-DC-NM129-H06-ROCE-Leaf-16.GPU.S9825,TwoHundredGigE1/0/16:2,2835095,11398761316,2842035,11394497105,87.45,87.45
2024/05/24 星期五 00:13:57.101,1716480837101,NH-DC-NM129-H06-ROCE-Leaf-16.GPU.S9825,TwoHundredGigE1/0/16:2,1959235,7763860774,1962802,7764023504,49.98,49.98
2024/05/24 星期五 00:13:57.665,1716480837665,NH-DC-NM129-H06-ROCE-Leaf-16.GPU.S9825,TwoHundredGigE1/0/16:2,0,0,0,0,0,0
2024/05/24 星期五 00:13:58.233,1716480838233,NH-DC-NM129-H06-ROCE-Leaf-16.GPU.S9825,TwoHundredGigE1/0/16:2,1839574,7289486108,1842867,7289703191,51.27,51.27
2024/05/24 星期五 00:13:58.815,1716480838815,NH-DC-NM129-H06-ROCE-Leaf-16.GPU.S9825,TwoHundredGigE1/0/16:2,0,0,0,0,0,0
2024/05/24 星期五 00:13:59.574,1716480839574,NH-DC-NM129-H06-ROCE-Leaf-16.GPU.S9825,TwoHundredGigE1/0/16:2,3104101,12464896186,3111607,12464565010,65.67,65.67
2024/05/24 星期五 00:14:00.150,1716480840150,NH-DC-NM129-H06-ROCE-Leaf-16.GPU.S9825,TwoHundredGigE1/0/16:2,2003183,7937736550,2006962,7939230584,55.07,55.07
2024/05/24 星期五 00:14:00.721,1716480840721,NH-DC-NM129-H06-ROCE-Leaf-16.GPU.S9825,TwoHundredGigE1/0/16:2,0,0,0,0,0,0
2024/05/24 星期五 00:14:01.287,1716480841287,NH-DC-NM129-H06-ROCE-Leaf-16.GPU.S9825,TwoHundredGigE1/0/16:2,2129980,8440455064,2134252,8441085712,59.65,59.65
2024/05/24 星期五 00:14:01.865,1716480841865,NH-DC-NM129-H06-ROCE-Leaf-16.GPU.S9825,TwoHundredGigE1/0/16:2,0,0,0,0,0,0
2024/05/24 星期五 00:14:02.513,1716480842513,NH-DC-NM129-H06-ROCE-Leaf-16.GPU.S9825,TwoHundredGigE1/0/16:2,2169117,8608854910,2173143,8609120551,53.09,53.09
2024/05/24 星期五 00:14:03.115,1716480843115,NH-DC-NM129-H06-ROCE-Leaf-16.GPU.S9825,TwoHundredGigE1/0/16:2,2648628,10642874392,2655470,10643807304,70.70,70.70
2024/05/24 星期五 00:14:03.702,1716480843702,NH-DC-NM129-H06-ROCE-Leaf-16.GPU.S9825,TwoHundredGigE1/0/16:2,0,0,0,0,0,0
2024/05/24 星期五 00:14:04.216,1716480844216,NH-DC-NM129-H06-ROCE-Leaf-16.GPU.S9825,TwoHundredGigE1/0/16:2,1940463,7689591230,1942173,7682561051,59.77,59.77
2024/05/24 星期五 00:14:04.861,1716480844861,NH-DC-NM129-H06-ROCE-Leaf-16.GPU.S9825,TwoHundredGigE1/0/16:2,0,0,0,0,0,0
2024/05/24 星期五 00:14:05.453,1716480845453,NH-DC-NM129-H06-ROCE-Leaf-16.GPU.S9825,TwoHundredGigE1/0/16:2,2061445,8168240966,2067046,8176240600,55.14,55.20
2024/05/24 星期五 00:14:06.076,1716480846076,NH-DC-NM129-H06-ROCE-Leaf-16.GPU.S9825,TwoHundredGigE1/0/16:2,2751398,11066978632,2758645,11067666935,71.01,71.01
2024/05/24 星期五 00:14:06.710,1716480846710,NH-DC-NM129-H06-ROCE-Leaf-16.GPU.S9825,TwoHundredGigE1/0/16:2,0,0,0,0,0,0
2024/05/24 星期五 00:14:07.553,1716480847553,NH-DC-NM129-H06-ROCE-Leaf-16.GPU.S9825,TwoHundredGigE1/0/16:2,2065533,8184689130,2069345,8184940302,38.81,38.81
2024/05/24 星期五 00:14:08.054,1716480848054,NH-DC-NM129-H06-ROCE-Leaf-16.GPU.S9825,TwoHundredGigE1/0/16:2,2098058,8312595512,2101554,8313381193,66.35,66.35
2024/05/24 星期五 00:14:08.645,1716480848645,NH-DC-NM129-H06-ROCE-Leaf-16.GPU.S9825,TwoHundredGigE1/0/16:2,0,0,0,0,0,0
2024/05/24 星期五 00:14:09.398,1716480849398,NH-DC-NM129-H06-ROCE-Leaf-16.GPU.S9825,TwoHundredGigE1/0/16:2,1678162,6650055720,1681373,6650268822,35.33,35.33
2024/05/24 星期五 00:14:09.941,1716480849941,NH-DC-NM129-H06-ROCE-Leaf-16.GPU.S9825,TwoHundredGigE1/0/16:2,0,0,0,0,0,0
2024/05/24 星期五 00:14:10.530,1716480850530,NH-DC-NM129-H06-ROCE-Leaf-16.GPU.S9825,TwoHundredGigE1/0/16:2,2944758,11834279748,2952039,11835171795,80.34,80.34
2024/05/24 星期五 00:14:11.065,1716480851065,NH-DC-NM129-H06-ROCE-Leaf-16.GPU.S9825,TwoHundredGigE1/0/16:2,1839812,7289504652,1843089,7289718922,54.43,54.43
2024/05/24 星期五 00:14:11.707,1716480851707,NH-DC-NM129-H06-ROCE-Leaf-16.GPU.S9825,TwoHundredGigE1/0/16:2,0,0,0,0,0,0
2024/05/24 星期五 00:14:12.346,1716480852346,NH-DC-NM129-H06-ROCE-Leaf-16.GPU.S9825,TwoHundredGigE1/0/16:2,2130019,8440657790,2134074,8441073309,52.83,52.83
2024/05/24 星期五 00:14:13.090,1716480853090,NH-DC-NM129-H06-ROCE-Leaf-16.GPU.S9825,TwoHundredGigE1/0/16:2,1851406,7359135596,1856269,7356470958,39.52,39.52
2024/05/24 星期五 00:14:13.593,1716480853593,NH-DC-NM129-H06-ROCE-Leaf-16.GPU.S9825,TwoHundredGigE1/0/16:2,0,0,0,0,0,0
2024/05/24 星期五 00:14:14.236,1716480854236,NH-DC-NM129-H06-ROCE-Leaf-16.GPU.S9825,TwoHundredGigE1/0/16:2,2737096,10988902156,2745385,10994766925,68.30,68.37
2024/05/24 星期五 00:14:14.912,1716480854912,NH-DC-NM129-H06-ROCE-Leaf-16.GPU.S9825,TwoHundredGigE1/0/16:2,0,0,0,0,0,0
2024/05/24 星期五 00:14:15.432,1716480855432,NH-DC-NM129-H06-ROCE-Leaf-16.GPU.S9825,TwoHundredGigE1/0/16:2,2069204,8199273104,2072939,8198231914,63,63
2024/05/24 星期五 00:14:16.106,1716480856106,NH-DC-NM129-H06-ROCE-Leaf-16.GPU.S9825,TwoHundredGigE1/0/16:2,1903060,7539123136,1906661,7539291189,44.69,44.69
2024/05/24 星期五 00:14:16.734,1716480856734,NH-DC-NM129-H06-ROCE-Leaf-16.GPU.S9825,TwoHundredGigE1/0/16:2,0,0,0,0,0,0
2024/05/24 星期五 00:14:17.310,1716480857310,NH-DC-NM129-H06-ROCE-Leaf-16.GPU.S9825,TwoHundredGigE1/0/16:2,2686694,10811197072,2693649,10812003778,75.07,75.07
2024/05/24 星期五 00:14:18.091,1716480858091,NH-DC-NM129-H06-ROCE-Leaf-16.GPU.S9825,TwoHundredGigE1/0/16:2,1871949,7417379118,1875224,7417594533,37.95,37.95
2024/05/24 星期五 00:14:18.611,1716480858611,NH-DC-NM129-H06-ROCE-Leaf-16.GPU.S9825,TwoHundredGigE1/0/16:2,0,0,0,0,0,0
2024/05/24 星期五 00:14:19.220,1716480859220,NH-DC-NM129-H06-ROCE-Leaf-16.GPU.S9825,TwoHundredGigE1/0/16:2,2251751,8922156974,2256683,8924240646,58.59,58.59
2024/05/24 星期五 00:14:19.976,1716480859976,NH-DC-NM129-H06-ROCE-Leaf-16.GPU.S9825,TwoHundredGigE1/0/16:2,0,0,0,0,0,0
2024/05/24 星期五 00:14:22.329,1716480862329,NH-DC-NM129-H06-ROCE-Leaf-16.GPU.S9825,TwoHundredGigE1/0/16:2,6438309,25677498042,6452252,25675790626,43.64,43.64
2024/05/24 星期五 00:14:23.496,1716480863496,NH-DC-NM129-H06-ROCE-Leaf-16.GPU.S9825,TwoHundredGigE1/0/16:2,1968567,7801023014,1972246,7801605160,26.74,26.74
2024/05/24 星期五 00:14:23.993,1716480863993,NH-DC-NM129-H06-ROCE-Leaf-16.GPU.S9825,TwoHundredGigE1/0/16:2,2639467,10568093370,2641532,10553407429,84.99,84.91
2024/05/24 星期五 00:14:24.592,1716480864592,NH-DC-NM129-H06-ROCE-Leaf-16.GPU.S9825,TwoHundredGigE1/0/16:2,0,0,0,0,0,0
2024/05/24 星期五 00:14:25.248,1716480865248,NH-DC-NM129-H06-ROCE-Leaf-16.GPU.S9825,TwoHundredGigE1/0/16:2,2370678,9450861264,2379666,9466787732,57.62,57.68
2024/05/24 星期五 00:14:25.800,1716480865800,NH-DC-NM129-H06-ROCE-Leaf-16.GPU.S9825,TwoHundredGigE1/0/16:2,0,0,0,0,0,0
2024/05/24 星期五 00:14:26.356,1716480866356,NH-DC-NM129-H06-ROCE-Leaf-16.GPU.S9825,TwoHundredGigE1/0/16:2,2125655,8424121506,2127173,8414103049,60.58,60.50
2024/05/24 星期五 00:14:27.007,1716480867007,NH-DC-NM129-H06-ROCE-Leaf-16.GPU.S9825,TwoHundredGigE1/0/16:2,0,0,0,0,0,0
2024/05/24 星期五 00:14:27.602,1716480867602,NH-DC-NM129-H06-ROCE-Leaf-16.GPU.S9825,TwoHundredGigE1/0/16:2,1843819,7305813982,1849737,7316601032,49.08,49.14
2024/05/24 星期五 00:14:28.180,1716480868180,NH-DC-NM129-H06-ROCE-Leaf-16.GPU.S9825,TwoHundredGigE1/0/16:2,3088428,12403466716,3096423,12403212647,85.81,85.81
2024/05/24 星期五 00:14:29.136,1716480869136,NH-DC-NM129-H06-ROCE-Leaf-16.GPU.S9825,TwoHundredGigE1/0/16:2,1792749,7103952858,1796356,7105389964,29.71,29.71
2024/05/24 星期五 00:14:29.958,1716480869958,NH-DC-NM129-H06-ROCE-Leaf-16.GPU.S9825,TwoHundredGigE1/0/16:2,2065467,8184686122,2069270,8185354392,39.81,39.81
2024/05/24 星期五 00:14:30.586,1716480870586,NH-DC-NM129-H06-ROCE-Leaf-16.GPU.S9825,TwoHundredGigE1/0/16:2,0,0,0,0,0,0
2024/05/24 星期五 00:14:31.197,1716480871197,NH-DC-NM129-H06-ROCE-Leaf-16.GPU.S9825,TwoHundredGigE1/0/16:2,2589806,10361875486,2592232,10348621520,67.82,67.69
2024/05/24 星期五 00:14:31.742,1716480871742,NH-DC-NM129-H06-ROCE-Leaf-16.GPU.S9825,TwoHundredGigE1/0/16:2,0,0,0,0,0,0
2024/05/24 星期五 00:14:32.266,1716480872266,NH-DC-NM129-H06-ROCE-Leaf-16.GPU.S9825,TwoHundredGigE1/0/16:2,2466866,9840714514,2476420,9858154915,75.11,75.19
2024/05/24 星期五 00:14:32.888,1716480872888,NH-DC-NM129-H06-ROCE-Leaf-16.GPU.S9825,TwoHundredGigE1/0/16:2,1825503,0,1828888,0,0,0
2024/05/24 星期五 00:14:33.530,1716480873530,NH-DC-NM129-H06-ROCE-Leaf-16.GPU.S9825,TwoHundredGigE1/0/16:2,0,7233749322,0,7234022914,45.05,45.05
2024/05/24 星期五 00:14:34.052,1716480874052,NH-DC-NM129-H06-ROCE-Leaf-16.GPU.S9825,TwoHundredGigE1/0/16:2,1930722,7652499268,1924877,7612359537,58.62,58.31
2024/05/24 星期五 00:14:34.644,1716480874644,NH-DC-NM129-H06-ROCE-Leaf-16.GPU.S9825,TwoHundredGigE1/0/16:2,0,0,0,0,0,0
2024/05/24 星期五 00:14:35.190,1716480875190,NH-DC-NM129-H06-ROCE-Leaf-16.GPU.S9825,TwoHundredGigE1/0/16:2,3086348,12392614230,3103327,12433553324,90.77,91.06
2024/05/24 星期五 00:14:35.815,1716480875815,NH-DC-NM129-H06-ROCE-Leaf-16.GPU.S9825,TwoHundredGigE1/0/16:2,0,0,0,0,0,0
2024/05/24 星期五 00:14:36.348,1716480876348,NH-DC-NM129-H06-ROCE-Leaf-16.GPU.S9825,TwoHundredGigE1/0/16:2,1865237,7391233252,1868205,7389339071,55.46,55.38
2024/05/24 星期五 00:14:37.041,1716480877041,NH-DC-NM129-H06-ROCE-Leaf-16.GPU.S9825,TwoHundredGigE1/0/16:2,0,0,0,0,0,0
2024/05/24 星期五 00:14:37.605,1716480877605,NH-DC-NM129-H06-ROCE-Leaf-16.GPU.S9825,TwoHundredGigE1/0/16:2,2066574,8184770116,2069638,8185312298,58.01,58.01
2024/05/24 星期五 00:14:38.159,1716480878159,NH-DC-NM129-H06-ROCE-Leaf-16.GPU.S9825,TwoHundredGigE1/0/16:2,1676510,6639119252,1676457,6627645351,47.87,47.80
2024/05/24 星期五 00:14:38.663,1716480878663,NH-DC-NM129-H06-ROCE-Leaf-16.GPU.S9825,TwoHundredGigE1/0/16:2,0,0,0,0,0,0
2024/05/24 星期五 00:14:39.249,1716480879249,NH-DC-NM129-H06-ROCE-Leaf-16.GPU.S9825,TwoHundredGigE1/0/16:2,3045789,12240509458,3054841,12241387662,83.55,83.55
2024/05/24 星期五 00:14:39.829,1716480879829,NH-DC-NM129-H06-ROCE-Leaf-16.GPU.S9825,TwoHundredGigE1/0/16:2,0,0,0,0,0,0
2024/05/24 星期五 00:14:40.423,1716480880423,NH-DC-NM129-H06-ROCE-Leaf-16.GPU.S9825,TwoHundredGigE1/0/16:2,1613489,6394275242,1616535,6394754275,43.03,43.03
2024/05/24 星期五 00:14:41.059,1716480881059,NH-DC-NM129-H06-ROCE-Leaf-16.GPU.S9825,TwoHundredGigE1/0/16:2,2086187,8267244584,2090120,8267711688,51.95,51.95
2024/05/24 星期五 00:14:41.603,1716480881603,NH-DC-NM129-H06-ROCE-Leaf-16.GPU.S9825,TwoHundredGigE1/0/16:2,0,0,0,0,0,0
2024/05/24 星期五 00:14:42.101,1716480882101,NH-DC-NM129-H06-ROCE-Leaf-16.GPU.S9825,TwoHundredGigE1/0/16:2,2892008,11623845590,2899148,11624596065,93.33,93.33
2024/05/24 星期五 00:14:42.713,1716480882713,NH-DC-NM129-H06-ROCE-Leaf-16.GPU.S9825,TwoHundredGigE1/0/16:2,0,0,0,0,0,0
2024/05/24 星期五 00:14:43.397,1716480883397,NH-DC-NM129-H06-ROCE-Leaf-16.GPU.S9825,TwoHundredGigE1/0/16:2,1936350,7673140504,1940051,7673384502,44.85,44.85
2024/05/24 星期五 00:14:44.082,1716480884082,NH-DC-NM129-H06-ROCE-Leaf-16.GPU.S9825,TwoHundredGigE1/0/16:2,2150317,8520312534,2153897,8519811379,49.75,49.69
2024/05/24 星期五 00:14:44.641,1716480884641,NH-DC-NM129-H06-ROCE-Leaf-16.GPU.S9825,TwoHundredGigE1/0/16:2,0,0,0,0,0,0
2024/05/24 星期五 00:14:47.156,1716480887156,NH-DC-NM129-H06-ROCE-Leaf-16.GPU.S9825,TwoHundredGigE1/0/16:2,6765333,26972841914,6780015,26974813157,42.89,42.89
2024/05/24 星期五 00:14:47.685,1716480887685,NH-DC-NM129-H06-ROCE-Leaf-16.GPU.S9825,TwoHundredGigE1/0/16:2,0,0,0,0,0,0
2024/05/24 星期五 00:14:48.186,1716480888186,NH-DC-NM129-H06-ROCE-Leaf-16.GPU.S9825,TwoHundredGigE1/0/16:2,1968760,7801042164,1973222,7802254319,62.28,62.28
2024/05/24 星期五 00:14:50.164,1716480890164,NH-DC-NM129-H06-ROCE-Leaf-16.GPU.S9825,TwoHundredGigE1/0/16:2,5018356,20049395456,5030306,20054037767,40.53,40.55
2024/05/24 星期五 00:14:50.859,1716480890859,NH-DC-NM129-H06-ROCE-Leaf-16.GPU.S9825,TwoHundredGigE1/0/16:2,0,0,0,0,0,0
2024/05/24 星期五 00:14:51.427,1716480891427,NH-DC-NM129-H06-ROCE-Leaf-16.GPU.S9825,TwoHundredGigE1/0/16:2,2268786,8989674568,2271244,8983836074,63.24,63.24
2024/05/24 星期五 00:14:53.667,1716480893667,NH-DC-NM129-H06-ROCE-Leaf-16.GPU.S9825,TwoHundredGigE1/0/16:2,4283935,17137472986,4294234,17141476037,30.59,30.61
2024/05/24 星期五 00:14:54.188,1716480894188,NH-DC-NM129-H06-ROCE-Leaf-16.GPU.S9825,TwoHundredGigE1/0/16:2,1968574,7801023068,1972381,7801274519,59.88,59.88
2024/05/24 星期五 00:14:54.825,1716480894825,NH-DC-NM129-H06-ROCE-Leaf-16.GPU.S9825,TwoHundredGigE1/0/16:2,0,0,0,0,0,0
2024/05/24 星期五 00:14:55.617,1716480895617,NH-DC-NM129-H06-ROCE-Leaf-16.GPU.S9825,TwoHundredGigE1/0/16:2,2162434,8568352644,2166247,8569021282,43.23,43.23
2024/05/24 星期五 00:14:56.285,1716480896285,NH-DC-NM129-H06-ROCE-Leaf-16.GPU.S9825,TwoHundredGigE1/0/16:2,2227991,8850885836,2230973,8847214745,52.99,52.93
2024/05/24 星期五 00:14:56.890,1716480896890,NH-DC-NM129-H06-ROCE-Leaf-16.GPU.S9825,TwoHundredGigE1/0/16:2,0,0,0,0,0,0
2024/05/24 星期五 00:14:57.564,1716480897564,NH-DC-NM129-H06-ROCE-Leaf-16.GPU.S9825,TwoHundredGigE1/0/16:2,449822,1848540030,452885,1852609644,10.92,10.98
2024/05/24 星期五 00:14:58.147,1716480898147,NH-DC-NM129-H06-ROCE-Leaf-16.GPU.S9825,TwoHundredGigE1/0/16:2,589962,2413717924,591943,2413848727,16.54,16.54
2024/05/24 星期五 00:14:58.649,1716480898649,NH-DC-NM129-H06-ROCE-Leaf-16.GPU.S9825,TwoHundredGigE1/0/16:2,0,0,0,0,0,0
2024/05/24 星期五 00:14:59.345,1716480899345,NH-DC-NM129-H06-ROCE-Leaf-16.GPU.S9825,TwoHundredGigE1/0/16:2,2025965,8027142544,2029418,8027621228,46.09,46.09
2024/05/24 星期五 00:14:59.938,1716480899938,NH-DC-NM129-H06-ROCE-Leaf-16.GPU.S9825,TwoHundredGigE1/0/16:2,0,0,0,0,0,0
2024/05/24 星期五 00:15:00.668,1716480900668,NH-DC-NM129-H06-ROCE-Leaf-16.GPU.S9825,TwoHundredGigE1/0/16:2,2245151,8896965132,2248704,8894389562,48.71,48.71
2024/05/24 星期五 00:15:01.304,1716480901304,NH-DC-NM129-H06-ROCE-Leaf-16.GPU.S9825,TwoHundredGigE1/0/16:2,1796461,7118433122,1800738,7122176330,44.72,44.78
2024/05/24 星期五 00:15:01.818,1716480901818,NH-DC-NM129-H06-ROCE-Leaf-16.GPU.S9825,TwoHundredGigE1/0/16:2,0,0,0,0,0,0
2024/05/24 星期五 00:15:02.321,1716480902321,NH-DC-NM129-H06-ROCE-Leaf-16.GPU.S9825,TwoHundredGigE1/0/16:2,2751173,11066963282,2758122,11067810729,87.95,87.95
2024/05/24 星期五 00:15:03.087,1716480903087,NH-DC-NM129-H06-ROCE-Leaf-16.GPU.S9825,TwoHundredGigE1/0/16:2,1726564,6842137924,1728809,6837757000,35.72,35.67
2024/05/24 星期五 00:15:03.631,1716480903631,NH-DC-NM129-H06-ROCE-Leaf-16.GPU.S9825,TwoHundredGigE1/0/16:2,0,0,0,0,0,0
2024/05/24 星期五 00:15:04.217,1716480904217,NH-DC-NM129-H06-ROCE-Leaf-16.GPU.S9825,TwoHundredGigE1/0/16:2,2113934,8376260466,2118661,8380626457,57.13,57.20
2024/05/24 星期五 00:15:04.817,1716480904817,NH-DC-NM129-H06-ROCE-Leaf-16.GPU.S9825,TwoHundredGigE1/0/16:2,0,0,0,0,0,0
2024/05/24 星期五 00:15:06.207,1716480906207,NH-DC-NM129-H06-ROCE-Leaf-16.GPU.S9825,TwoHundredGigE1/0/16:2,4848883,19379534868,4861446,19381818093,55.74,55.77
2024/05/24 星期五 00:15:06.837,1716480906837,NH-DC-NM129-H06-ROCE-Leaf-16.GPU.S9825,TwoHundredGigE1/0/16:2,1963328,7779623410,1968219,7785487044,49.33,49.40
2024/05/24 星期五 00:15:07.891,1716480907891,NH-DC-NM129-H06-ROCE-Leaf-16.GPU.S9825,TwoHundredGigE1/0/16:2,0,0,0,0,0,0
2024/05/24 星期五 00:15:08.394,1716480908394,NH-DC-NM129-H06-ROCE-Leaf-16.GPU.S9825,TwoHundredGigE1/0/16:2,1780373,7055121204,1782405,7050062077,56.06,56.06
2024/05/24 星期五 00:15:08.904,1716480908904,NH-DC-NM129-H06-ROCE-Leaf-16.GPU.S9825,TwoHundredGigE1/0/16:2,0,0,0,0,0,0
2024/05/24 星期五 00:15:09.406,1716480909406,NH-DC-NM129-H06-ROCE-Leaf-16.GPU.S9825,TwoHundredGigE1/0/16:2,2815904,11322747800,2823145,11323782438,90.20,90.20
2024/05/24 星期五 00:15:10.052,1716480910052,NH-DC-NM129-H06-ROCE-Leaf-16.GPU.S9825,TwoHundredGigE1/0/16:2,0,0,0,0,0,0
2024/05/24 星期五 00:15:10.587,1716480910587,NH-DC-NM129-H06-ROCE-Leaf-16.GPU.S9825,TwoHundredGigE1/0/16:2,2099202,8312700540,2132762,8440606361,62.13,63.10
2024/05/24 星期五 00:15:11.412,1716480911412,NH-DC-NM129-H06-ROCE-Leaf-16.GPU.S9825,TwoHundredGigE1/0/16:2,2338651,9271344226,2313397,9145846356,44.95,44.32
2024/05/24 星期五 00:15:11.935,1716480911935,NH-DC-NM129-H06-ROCE-Leaf-16.GPU.S9825,TwoHundredGigE1/0/16:2,0,0,0,0,0,0
2024/05/24 星期五 00:15:12.463,1716480912463,NH-DC-NM129-H06-ROCE-Leaf-16.GPU.S9825,TwoHundredGigE1/0/16:2,1637699,6489918134,1638901,6480830205,49.09,49.09
2024/05/24 星期五 00:15:13.145,1716480913145,NH-DC-NM129-H06-ROCE-Leaf-16.GPU.S9825,TwoHundredGigE1/0/16:2,826223,3309555198,832798,3330284764,19.35,19.53
2024/05/24 星期五 00:15:13.726,1716480913726,NH-DC-NM129-H06-ROCE-Leaf-16.GPU.S9825,TwoHundredGigE1/0/16:2,0,0,0,0,0,0
2024/05/24 星期五 00:15:14.226,1716480914226,NH-DC-NM129-H06-ROCE-Leaf-16.GPU.S9825,TwoHundredGigE1/0/16:2,2,140,3,359,0,0
2024/05/24 星期五 00:15:15.081,1716480915081,NH-DC-NM129-H06-ROCE-Leaf-16.GPU.S9825,TwoHundredGigE1/0/16:2,359169,1475704922,357739,1463040166,6.88,6.83
2024/05/24 星期五 00:15:15.582,1716480915582,NH-DC-NM129-H06-ROCE-Leaf-16.GPU.S9825,TwoHundredGigE1/0/16:2,0,0,0,0,0,0
2024/05/24 星期五 00:15:16.084,1716480916084,NH-DC-NM129-H06-ROCE-Leaf-16.GPU.S9825,TwoHundredGigE1/0/16:2,2106892,8424359816,2111374,8425005849,67.09,67.09
2024/05/24 星期五 00:15:16.761,1716480916761,NH-DC-NM129-H06-ROCE-Leaf-16.GPU.S9825,TwoHundredGigE1/0/16:2,0,0,0,0,0,0
2024/05/24 星期五 00:15:17.327,1716480917327,NH-DC-NM129-H06-ROCE-Leaf-16.GPU.S9825,TwoHundredGigE1/0/16:2,1746200,6919813284,1749515,6920833178,48.83,48.90
2024/05/24 星期五 00:15:18.062,1716480918062,NH-DC-NM129-H06-ROCE-Leaf-16.GPU.S9825,TwoHundredGigE1/0/16:2,1900695,7531274878,1903800,7531026153,40.98,40.98
2024/05/24 星期五 00:15:18.647,1716480918647,NH-DC-NM129-H06-ROCE-Leaf-16.GPU.S9825,TwoHundredGigE1/0/16:2,0,0,0,0,0,0
2024/05/24 星期五 00:15:19.161,1716480919161,NH-DC-NM129-H06-ROCE-Leaf-16.GPU.S9825,TwoHundredGigE1/0/16:2,2456509,9847020862,2461732,9847365364,76.58,76.58
2024/05/24 星期五 00:15:19.664,1716480919664,NH-DC-NM129-H06-ROCE-Leaf-16.GPU.S9825,TwoHundredGigE1/0/16:2,0,0,0,0,0,0
2024/05/24 星期五 00:15:20.177,1716480920177,NH-DC-NM129-H06-ROCE-Leaf-16.GPU.S9825,TwoHundredGigE1/0/16:2,2398967,9556869720,2404302,9557690601,74.46,74.46
2024/05/24 星期五 00:15:21.781,1716480921781,NH-DC-NM129-H06-ROCE-Leaf-16.GPU.S9825,TwoHundredGigE1/0/16:2,4059783,16087138464,4066819,16086277055,40.10,40.10
2024/05/24 星期五 00:15:23.045,1716480923045,NH-DC-NM129-H06-ROCE-Leaf-16.GPU.S9825,TwoHundredGigE1/0/16:2,2686575,10813305342,2695717,10815959674,34.21,34.21
2024/05/24 星期五 00:15:23.730,1716480923730,NH-DC-NM129-H06-ROCE-Leaf-16.GPU.S9825,TwoHundredGigE1/0/16:2,0,0,0,0,0,0
2024/05/24 星期五 00:15:24.271,1716480924271,NH-DC-NM129-H06-ROCE-Leaf-16.GPU.S9825,TwoHundredGigE1/0/16:2,1872371,7417412522,1875473,7417613399,54.79,54.79
2024/05/24 星期五 00:15:24.784,1716480924784,NH-DC-NM129-H06-ROCE-Leaf-16.GPU.S9825,TwoHundredGigE1/0/16:2,0,0,0,0,0,0
2024/05/24 星期五 00:15:25.411,1716480925411,NH-DC-NM129-H06-ROCE-Leaf-16.GPU.S9825,TwoHundredGigE1/0/16:2,2097792,8312574588,2101493,8313096666,53.01,53.01
2024/05/24 星期五 00:15:26.105,1716480926105,NH-DC-NM129-H06-ROCE-Leaf-16.GPU.S9825,TwoHundredGigE1/0/16:2,2613175,10443648370,2619253,10444049227,60.17,60.17
2024/05/24 星期五 00:15:26.659,1716480926659,NH-DC-NM129-H06-ROCE-Leaf-16.GPU.S9825,TwoHundredGigE1/0/16:2,0,0,0,0,0,0
2024/05/24 星期五 00:15:27.370,1716480927370,NH-DC-NM129-H06-ROCE-Leaf-16.GPU.S9825,TwoHundredGigE1/0/16:2,2494396,9959006096,2499922,9959723096,55.98,55.98
2024/05/24 星期五 00:15:27.870,1716480927870,NH-DC-NM129-H06-ROCE-Leaf-16.GPU.S9825,TwoHundredGigE1/0/16:2,0,0,0,0,0,0
2024/05/24 星期五 00:15:28.373,1716480928373,NH-DC-NM129-H06-ROCE-Leaf-16.GPU.S9825,TwoHundredGigE1/0/16:2,1904575,7545294306,1907706,7545843441,59.96,59.96
2024/05/24 星期五 00:15:29.040,1716480929040,NH-DC-NM129-H06-ROCE-Leaf-16.GPU.S9825,TwoHundredGigE1/0/16:2,1936487,7673149350,1939875,7673372814,46.00,46.00
2024/05/24 星期五 00:15:29.743,1716480929743,NH-DC-NM129-H06-ROCE-Leaf-16.GPU.S9825,TwoHundredGigE1/0/16:2,0,0,0,0,0,0
2024/05/24 星期五 00:15:30.351,1716480930351,NH-DC-NM129-H06-ROCE-Leaf-16.GPU.S9825,TwoHundredGigE1/0/16:2,3034479,12189739446,3042148,12188886796,80.13,80.13
2024/05/24 星期五 00:15:31.081,1716480931081,NH-DC-NM129-H06-ROCE-Leaf-16.GPU.S9825,TwoHundredGigE1/0/16:2,1879041,7445570118,1882632,7447305140,40.77,40.77
2024/05/24 星期五 00:15:31.674,1716480931674,NH-DC-NM129-H06-ROCE-Leaf-16.GPU.S9825,TwoHundredGigE1/0/16:2,0,0,0,0,0,0
2024/05/24 星期五 00:15:32.269,1716480932269,NH-DC-NM129-H06-ROCE-Leaf-16.GPU.S9825,TwoHundredGigE1/0/16:2,2121918,8408549708,2125119,8404581089,56.47,56.47
2024/05/24 星期五 00:15:33.334,1716480933334,NH-DC-NM129-H06-ROCE-Leaf-16.GPU.S9825,TwoHundredGigE1/0/16:2,2002736,7939010242,2006324,7940655210,29.78,29.82
2024/05/24 星期五 00:15:33.908,1716480933908,NH-DC-NM129-H06-ROCE-Leaf-16.GPU.S9825,TwoHundredGigE1/0/16:2,0,0,0,0,0,0
2024/05/24 星期五 00:15:34.409,1716480934409,NH-DC-NM129-H06-ROCE-Leaf-16.GPU.S9825,TwoHundredGigE1/0/16:2,2790154,11217629174,2798515,11221063651,89.50,89.58
2024/05/24 星期五 00:15:34.992,1716480934992,NH-DC-NM129-H06-ROCE-Leaf-16.GPU.S9825,TwoHundredGigE1/0/16:2,2001752,7928979496,2005868,7929810676,54.34,54.34
2024/05/24 星期五 00:15:35.602,1716480935602,NH-DC-NM129-H06-ROCE-Leaf-16.GPU.S9825,TwoHundredGigE1/0/16:2,0,0,0,0,0,0
2024/05/24 星期五 00:15:36.186,1716480936186,NH-DC-NM129-H06-ROCE-Leaf-16.GPU.S9825,TwoHundredGigE1/0/16:2,2000922,7928914536,2004573,7929158179,54.25,54.25
2024/05/24 星期五 00:15:36.785,1716480936785,NH-DC-NM129-H06-ROCE-Leaf-16.GPU.S9825,TwoHundredGigE1/0/16:2,0,0,0,0,0,0
2024/05/24 星期五 00:15:37.346,1716480937346,NH-DC-NM129-H06-ROCE-Leaf-16.GPU.S9825,TwoHundredGigE1/0/16:2,2554525,10290560956,2561763,10291017310,73.37,73.37
2024/05/24 星期五 00:15:37.922,1716480937922,NH-DC-NM129-H06-ROCE-Leaf-16.GPU.S9825,TwoHundredGigE1/0/16:2,0,0,0,0,0,0
2024/05/24 星期五 00:15:38.427,1716480938427,NH-DC-NM129-H06-ROCE-Leaf-16.GPU.S9825,TwoHundredGigE1/0/16:2,1933666,7662052512,1938869,7669667903,60.67,60.67
2024/05/24 星期五 00:15:39.128,1716480939128,NH-DC-NM129-H06-ROCE-Leaf-16.GPU.S9825,TwoHundredGigE1/0/16:2,2200003,8718140692,2202401,8710063418,49.70,49.70
2024/05/24 星期五 00:15:39.703,1716480939703,NH-DC-NM129-H06-ROCE-Leaf-16.GPU.S9825,TwoHundredGigE1/0/16:2,0,0,0,0,0,0
2024/05/24 星期五 00:15:40.280,1716480940280,NH-DC-NM129-H06-ROCE-Leaf-16.GPU.S9825,TwoHundredGigE1/0/16:2,1742847,6906265670,1746134,6906054585,47.83,47.83
2024/05/24 星期五 00:15:40.793,1716480940793,NH-DC-NM129-H06-ROCE-Leaf-16.GPU.S9825,TwoHundredGigE1/0/16:2,0,0,0,0,0,0
2024/05/24 星期五 00:15:41.367,1716480941367,NH-DC-NM129-H06-ROCE-Leaf-16.GPU.S9825,TwoHundredGigE1/0/16:2,3140508,12608094646,3148135,12609480876,87.80,87.80
2024/05/24 星期五 00:15:42.401,1716480942401,NH-DC-NM129-H06-ROCE-Leaf-16.GPU.S9825,TwoHundredGigE1/0/16:2,1805692,7155133842,1808839,7154801301,27.66,27.66
2024/05/24 星期五 00:15:43.116,1716480943116,NH-DC-NM129-H06-ROCE-Leaf-16.GPU.S9825,TwoHundredGigE1/0/16:2,1968697,7801032746,1972372,7801761612,43.64,43.64
2024/05/24 星期五 00:15:43.767,1716480943767,NH-DC-NM129-H06-ROCE-Leaf-16.GPU.S9825,TwoHundredGigE1/0/16:2,0,0,0,0,0,0
2024/05/24 星期五 00:15:44.341,1716480944341,NH-DC-NM129-H06-ROCE-Leaf-16.GPU.S9825,TwoHundredGigE1/0/16:2,2164923,8635416426,2169204,8635080253,60.14,60.14
2024/05/24 星期五 00:15:44.901,1716480944901,NH-DC-NM129-H06-ROCE-Leaf-16.GPU.S9825,TwoHundredGigE1/0/16:2,0,0,0,0,0,0
2024/05/24 星期五 00:15:45.527,1716480945527,NH-DC-NM129-H06-ROCE-Leaf-16.GPU.S9825,TwoHundredGigE1/0/16:2,2458196,9848926292,2463980,9850413176,62.88,62.94
2024/05/24 星期五 00:15:46.208,1716480946208,NH-DC-NM129-H06-ROCE-Leaf-16.GPU.S9825,TwoHundredGigE1/0/16:2,2065734,8185084332,2069286,8185285809,48.05,48.05
2024/05/24 星期五 00:15:48.900,1716480948900,NH-DC-NM129-H06-ROCE-Leaf-16.GPU.S9825,TwoHundredGigE1/0/16:2,4870246,19463427472,4881725,19465624551,28.92,28.92
2024/05/24 星期五 00:15:49.413,1716480949413,NH-DC-NM129-H06-ROCE-Leaf-16.GPU.S9825,TwoHundredGigE1/0/16:2,1915772,7589303508,1918479,7588313762,59.10,59.10
2024/05/24 星期五 00:15:50.028,1716480950028,NH-DC-NM129-H06-ROCE-Leaf-16.GPU.S9825,TwoHundredGigE1/0/16:2,2162299,8568343782,2166752,8571416603,55.67,55.74
2024/05/24 星期五 00:15:50.664,1716480950664,NH-DC-NM129-H06-ROCE-Leaf-16.GPU.S9825,TwoHundredGigE1/0/16:2,0,0,0,0,0,0
2024/05/24 星期五 00:15:51.337,1716480951337,NH-DC-NM129-H06-ROCE-Leaf-16.GPU.S9825,TwoHundredGigE1/0/16:2,2154497,8545614236,2156920,8541298114,50.76,50.76
2024/05/24 星期五 00:15:51.931,1716480951931,NH-DC-NM129-H06-ROCE-Leaf-16.GPU.S9825,TwoHundredGigE1/0/16:2,0,0,0,0,0,0
2024/05/24 星期五 00:15:52.470,1716480952470,NH-DC-NM129-H06-ROCE-Leaf-16.GPU.S9825,TwoHundredGigE1/0/16:2,2888201,11601244112,2897195,11604404951,86.09,86.09
2024/05/24 星期五 00:15:53.179,1716480953179,NH-DC-NM129-H06-ROCE-Leaf-16.GPU.S9825,TwoHundredGigE1/0/16:2,1743167,6905863026,1746682,6906513142,38.93,38.93
2024/05/24 星期五 00:15:53.772,1716480953772,NH-DC-NM129-H06-ROCE-Leaf-16.GPU.S9825,TwoHundredGigE1/0/16:2,0,0,0,0,0,0
2024/05/24 星期五 00:15:54.273,1716480954273,NH-DC-NM129-H06-ROCE-Leaf-16.GPU.S9825,TwoHundredGigE1/0/16:2,2012292,7971645228,2016027,7973444695,63.63,63.63
2024/05/24 星期五 00:15:55.100,1716480955100,NH-DC-NM129-H06-ROCE-Leaf-16.GPU.S9825,TwoHundredGigE1/0/16:2,2821425,11342881042,2828718,11342713396,54.85,54.85
2024/05/24 星期五 00:15:56.073,1716480956073,NH-DC-NM129-H06-ROCE-Leaf-16.GPU.S9825,TwoHundredGigE1/0/16:2,2049696,8121905600,2053283,8121582563,33.38,33.38
2024/05/24 星期五 00:15:56.809,1716480956809,NH-DC-NM129-H06-ROCE-Leaf-16.GPU.S9825,TwoHundredGigE1/0/16:2,0,0,0,0,0,0
2024/05/24 星期五 00:15:57.455,1716480957455,NH-DC-NM129-H06-ROCE-Leaf-16.GPU.S9825,TwoHundredGigE1/0/16:2,2196766,8696397964,2199193,8696838926,53.81,53.81
2024/05/24 星期五 00:15:58.130,1716480958130,NH-DC-NM129-H06-ROCE-Leaf-16.GPU.S9825,TwoHundredGigE1/0/16:2,1485706,5887146470,1488499,5887563603,34.84,34.84
2024/05/24 星期五 00:15:58.651,1716480958651,NH-DC-NM129-H06-ROCE-Leaf-16.GPU.S9825,TwoHundredGigE1/0/16:2,0,0,0,0,0,0
2024/05/24 星期五 00:15:59.154,1716480959154,NH-DC-NM129-H06-ROCE-Leaf-16.GPU.S9825,TwoHundredGigE1/0/16:2,967205,3869411388,968231,3865055970,30.70,30.70
2024/05/24 星期五 00:15:59.889,1716480959889,NH-DC-NM129-H06-ROCE-Leaf-16.GPU.S9825,TwoHundredGigE1/0/16:2,0,0,0,0,0,0
2024/05/24 星期五 00:16:00.412,1716480960412,NH-DC-NM129-H06-ROCE-Leaf-16.GPU.S9825,TwoHundredGigE1/0/16:2,354025,1454413410,356747,1458783762,11.09,11.09
2024/05/24 星期五 00:16:00.991,1716480960991,NH-DC-NM129-H06-ROCE-Leaf-16.GPU.S9825,TwoHundredGigE1/0/16:2,0,0,0,0,0,0
2024/05/24 星期五 00:16:01.531,1716480961531,NH-DC-NM129-H06-ROCE-Leaf-16.GPU.S9825,TwoHundredGigE1/0/16:2,2138912,8552229340,2143939,8553048058,63.33,63.33
2024/05/24 星期五 00:16:02.092,1716480962092,NH-DC-NM129-H06-ROCE-Leaf-16.GPU.S9825,TwoHundredGigE1/0/16:2,1807293,7161600626,1810703,7162521931,51.05,51.05
2024/05/24 星期五 00:16:02.715,1716480962715,NH-DC-NM129-H06-ROCE-Leaf-16.GPU.S9825,TwoHundredGigE1/0/16:2,0,0,0,0,0,0
2024/05/24 星期五 00:16:03.310,1716480963310,NH-DC-NM129-H06-ROCE-Leaf-16.GPU.S9825,TwoHundredGigE1/0/16:2,1872953,7421856626,1875303,7417600926,49.88,49.82
2024/05/24 星期五 00:16:03.874,1716480963874,NH-DC-NM129-H06-ROCE-Leaf-16.GPU.S9825,TwoHundredGigE1/0/16:2,0,0,0,0,0,0
2024/05/24 星期五 00:16:04.489,1716480964489,NH-DC-NM129-H06-ROCE-Leaf-16.GPU.S9825,TwoHundredGigE1/0/16:2,2708952,10889867654,2715155,10890993449,70.76,70.83
2024/05/24 星期五 00:16:05.024,1716480965024,NH-DC-NM129-H06-ROCE-Leaf-16.GPU.S9825,TwoHundredGigE1/0/16:2,0,0,0,0,0,0
2024/05/24 星期五 00:16:05.541,1716480965541,NH-DC-NM129-H06-ROCE-Leaf-16.GPU.S9825,TwoHundredGigE1/0/16:2,2173253,8617631888,2177427,8617462920,66.62,66.62
2024/05/24 星期五 00:16:06.184,1716480966184,NH-DC-NM129-H06-ROCE-Leaf-16.GPU.S9825,TwoHundredGigE1/0/16:2,2323708,9207774944,2327952,9208402501,57.23,57.23
2024/05/24 星期五 00:16:06.897,1716480966897,NH-DC-NM129-H06-ROCE-Leaf-16.GPU.S9825,TwoHundredGigE1/0/16:2,1707466,6766259544,1710624,6766242720,37.92,37.92
2024/05/24 星期五 00:16:07.719,1716480967719,NH-DC-NM129-H06-ROCE-Leaf-16.GPU.S9825,TwoHundredGigE1/0/16:2,0,0,0,0,0,0
2024/05/24 星期五 00:16:08.273,1716480968273,NH-DC-NM129-H06-ROCE-Leaf-16.GPU.S9825,TwoHundredGigE1/0/16:2,2686910,10812536158,2694013,10812722547,78.05,78.05
2024/05/24 星期五 00:16:08.836,1716480968836,NH-DC-NM129-H06-ROCE-Leaf-16.GPU.S9825,TwoHundredGigE1/0/16:2,0,0,0,0,0,0
2024/05/24 星期五 00:16:09.347,1716480969347,NH-DC-NM129-H06-ROCE-Leaf-16.GPU.S9825,TwoHundredGigE1/0/16:2,1874390,7427699106,1878138,7428732288,58.08,58.08
2024/05/24 星期五 00:16:10.035,1716480970035,NH-DC-NM129-H06-ROCE-Leaf-16.GPU.S9825,TwoHundredGigE1/0/16:2,2097911,8312582906,2101663,8313386903,48.31,48.31
2024/05/24 星期五 00:16:10.579,1716480970579,NH-DC-NM129-H06-ROCE-Leaf-16.GPU.S9825,TwoHundredGigE1/0/16:2,0,0,0,0,0,0
2024/05/24 星期五 00:16:11.168,1716480971168,NH-DC-NM129-H06-ROCE-Leaf-16.GPU.S9825,TwoHundredGigE1/0/16:2,1869447,7398661368,1870728,7392378096,50.19,50.19
2024/05/24 星期五 00:16:11.728,1716480971728,NH-DC-NM129-H06-ROCE-Leaf-16.GPU.S9825,TwoHundredGigE1/0/16:2,0,0,0,0,0,0
2024/05/24 星期五 00:16:12.334,1716480972334,NH-DC-NM129-H06-ROCE-Leaf-16.GPU.S9825,TwoHundredGigE1/0/16:2,2840444,11431142686,2851164,11443137583,75.45,75.51
2024/05/24 星期五 00:16:13.047,1716480973047,NH-DC-NM129-H06-ROCE-Leaf-16.GPU.S9825,TwoHundredGigE1/0/16:2,1774453,7031608248,1776488,7027004924,39.44,39.38
2024/05/24 星期五 00:16:13.691,1716480973691,NH-DC-NM129-H06-ROCE-Leaf-16.GPU.S9825,TwoHundredGigE1/0/16:2,0,0,0,0,0,0
2024/05/24 星期五 00:16:14.231,1716480974231,NH-DC-NM129-H06-ROCE-Leaf-16.GPU.S9825,TwoHundredGigE1/0/16:2,2075748,8224967118,2079579,8225870693,60.89,60.89
2024/05/24 星期五 00:16:14.887,1716480974887,NH-DC-NM129-H06-ROCE-Leaf-16.GPU.S9825,TwoHundredGigE1/0/16:2,0,0,0,0,0,0
2024/05/24 星期五 00:16:15.457,1716480975457,NH-DC-NM129-H06-ROCE-Leaf-16.GPU.S9825,TwoHundredGigE1/0/16:2,1250218,4938769476,1250744,4934614324,34.60,34.60
2024/05/24 星期五 00:16:16.026,1716480976026,NH-DC-NM129-H06-ROCE-Leaf-16.GPU.S9825,TwoHundredGigE1/0/16:2,2,176,2,241,0,0
2024/05/24 星期五 00:16:16.743,1716480976743,NH-DC-NM129-H06-ROCE-Leaf-16.GPU.S9825,TwoHundredGigE1/0/16:2,0,0,0,0,0,0
2024/05/24 星期五 00:16:17.246,1716480977246,NH-DC-NM129-H06-ROCE-Leaf-16.GPU.S9825,TwoHundredGigE1/0/16:2,1608618,6553415890,1614846,6558077068,52.09,52.09
2024/05/24 星期五 00:16:17.848,1716480977848,NH-DC-NM129-H06-ROCE-Leaf-16.GPU.S9825,TwoHundredGigE1/0/16:2,0,0,0,0,0,0
2024/05/24 星期五 00:16:18.385,1716480978385,NH-DC-NM129-H06-ROCE-Leaf-16.GPU.S9825,TwoHundredGigE1/0/16:2,1893660,7503722310,1897199,7504381571,55.87,55.87
2024/05/24 星期五 00:16:18.905,1716480978905,NH-DC-NM129-H06-ROCE-Leaf-16.GPU.S9825,TwoHundredGigE1/0/16:2,0,0,0,0,0,0
2024/05/24 星期五 00:16:19.402,1716480979402,NH-DC-NM129-H06-ROCE-Leaf-16.GPU.S9825,TwoHundredGigE1/0/16:2,2347472,9302411014,2352338,9304531532,74.85,74.85
2024/05/24 星期五 00:16:20.105,1716480980105,NH-DC-NM129-H06-ROCE-Leaf-16.GPU.S9825,TwoHundredGigE1/0/16:2,1674688,6635962942,1679949,6644376275,37.72,37.78
2024/05/24 星期五 00:16:20.922,1716480980922,NH-DC-NM129-H06-ROCE-Leaf-16.GPU.S9825,TwoHundredGigE1/0/16:2,2939780,11814771714,2944755,11803143498,57.82,57.77
2024/05/24 星期五 00:16:22.810,1716480982810,NH-DC-NM129-H06-ROCE-Leaf-16.GPU.S9825,TwoHundredGigE1/0/16:2,3728304,14773697870,3735896,14777404049,31.29,31.29
2024/05/24 星期五 00:16:23.630,1716480983630,NH-DC-NM129-H06-ROCE-Leaf-16.GPU.S9825,TwoHundredGigE1/0/16:2,0,0,0,0,0,0
2024/05/24 星期五 00:16:24.214,1716480984214,NH-DC-NM129-H06-ROCE-Leaf-16.GPU.S9825,TwoHundredGigE1/0/16:2,2613198,10456991522,2619280,10457349197,71.58,71.58
2024/05/24 星期五 00:16:24.802,1716480984802,NH-DC-NM129-H06-ROCE-Leaf-16.GPU.S9825,TwoHundredGigE1/0/16:2,0,0,0,0,0,0
2024/05/24 星期五 00:16:25.370,1716480985370,NH-DC-NM129-H06-ROCE-Leaf-16.GPU.S9825,TwoHundredGigE1/0/16:2,2461725,9817749856,2467610,9818600524,69.08,69.08
2024/05/24 星期五 00:16:26.000,1716480986000,NH-DC-NM129-H06-ROCE-Leaf-16.GPU.S9825,TwoHundredGigE1/0/16:2,2259009,0,2263436,0,0,0
2024/05/24 星期五 00:16:26.613,1716480986613,NH-DC-NM129-H06-ROCE-Leaf-16.GPU.S9825,TwoHundredGigE1/0/16:2,0,8951993410,0,8952772665,58.40,58.40
2024/05/24 星期五 00:16:27.215,1716480987215,NH-DC-NM129-H06-ROCE-Leaf-16.GPU.S9825,TwoHundredGigE1/0/16:2,1743000,6906292044,1746125,6906052974,45.85,45.85
2024/05/24 星期五 00:16:30.529,1716480990529,NH-DC-NM129-H06-ROCE-Leaf-16.GPU.S9825,TwoHundredGigE1/0/16:2,6720654,26797334464,6735444,26798851485,32.34,32.34
2024/05/24 星期五 00:16:31.029,1716480991029,NH-DC-NM129-H06-ROCE-Leaf-16.GPU.S9825,TwoHundredGigE1/0/16:2,0,0,0,0,0,0
2024/05/24 星期五 00:16:31.544,1716480991544,NH-DC-NM129-H06-ROCE-Leaf-16.GPU.S9825,TwoHundredGigE1/0/16:2,1913966,7569898128,1916611,7569956546,58.72,58.72
2024/05/24 星期五 00:16:32.048,1716480992048,NH-DC-NM129-H06-ROCE-Leaf-16.GPU.S9825,TwoHundredGigE1/0/16:2,731280,3001622428,734762,3001968325,23.81,23.81
2024/05/24 星期五 00:16:32.708,1716480992708,NH-DC-NM129-H06-ROCE-Leaf-16.GPU.S9825,TwoHundredGigE1/0/16:2,0,0,0,0,0,0
2024/05/24 星期五 00:16:33.230,1716480993230,NH-DC-NM129-H06-ROCE-Leaf-16.GPU.S9825,TwoHundredGigE1/0/16:2,654780,2669514996,660916,2686189374,20.38,20.54
2024/05/24 星期五 00:16:33.867,1716480993867,NH-DC-NM129-H06-ROCE-Leaf-16.GPU.S9825,TwoHundredGigE1/0/16:2,0,0,0,0,0,0
2024/05/24 星期五 00:16:34.441,1716480994441,NH-DC-NM129-H06-ROCE-Leaf-16.GPU.S9825,TwoHundredGigE1/0/16:2,2146648,8504429158,2145204,8483894125,59.23,59.09
2024/05/24 星期五 00:16:34.941,1716480994941,NH-DC-NM129-H06-ROCE-Leaf-16.GPU.S9825,TwoHundredGigE1/0/16:2,0,0,0,0,0,0
2024/05/24 星期五 00:16:35.443,1716480995443,NH-DC-NM129-H06-ROCE-Leaf-16.GPU.S9825,TwoHundredGigE1/0/16:2,2275672,9015985690,2280422,9021226570,71.79,71.87
2024/05/24 星期五 00:16:36.193,1716480996193,NH-DC-NM129-H06-ROCE-Leaf-16.GPU.S9825,TwoHundredGigE1/0/16:2,1611879,6387542422,1615438,6390890449,34.03,34.08
2024/05/24 星期五 00:16:36.860,1716480996860,NH-DC-NM129-H06-ROCE-Leaf-16.GPU.S9825,TwoHundredGigE1/0/16:2,0,0,0,0,0,0
2024/05/24 星期五 00:16:37.451,1716480997451,NH-DC-NM129-H06-ROCE-Leaf-16.GPU.S9825,TwoHundredGigE1/0/16:2,3431007,13759328402,3438892,13757432640,93.06,93.06
2024/05/24 星期五 00:16:38.031,1716480998031,NH-DC-NM129-H06-ROCE-Leaf-16.GPU.S9825,TwoHundredGigE1/0/16:2,1495590,5926763756,1498560,5928227769,40.83,40.83
2024/05/24 星期五 00:16:38.534,1716480998534,NH-DC-NM129-H06-ROCE-Leaf-16.GPU.S9825,TwoHundredGigE1/0/16:2,0,0,0,0,0,0
2024/05/24 星期五 00:16:39.037,1716480999037,NH-DC-NM129-H06-ROCE-Leaf-16.GPU.S9825,TwoHundredGigE1/0/16:2,2151359,8524328618,2155244,8523597364,67.75,67.75
2024/05/24 星期五 00:16:39.846,1716480999846,NH-DC-NM129-H06-ROCE-Leaf-16.GPU.S9825,TwoHundredGigE1/0/16:2,0,0,0,0,0,0
2024/05/24 星期五 00:16:40.513,1716481000513,NH-DC-NM129-H06-ROCE-Leaf-16.GPU.S9825,TwoHundredGigE1/0/16:2,2333186,9347909298,2338020,9345801085,56.01,56.01
2024/05/24 星期五 00:16:41.126,1716481001126,NH-DC-NM129-H06-ROCE-Leaf-16.GPU.S9825,TwoHundredGigE1/0/16:2,2354685,9392219844,2360431,9395374662,61.27,61.27
2024/05/24 星期五 00:16:41.637,1716481001637,NH-DC-NM129-H06-ROCE-Leaf-16.GPU.S9825,TwoHundredGigE1/0/16:2,0,0,0,0,0,0
2024/05/24 星期五 00:16:42.141,1716481002141,NH-DC-NM129-H06-ROCE-Leaf-16.GPU.S9825,TwoHundredGigE1/0/16:2,2194574,8696228954,2199419,8700121537,68.97,69.05
2024/05/24 星期五 00:16:42.833,1716481002833,NH-DC-NM129-H06-ROCE-Leaf-16.GPU.S9825,TwoHundredGigE1/0/16:2,0,0,0,0,0,0
2024/05/24 星期五 00:16:43.607,1716481003607,NH-DC-NM129-H06-ROCE-Leaf-16.GPU.S9825,TwoHundredGigE1/0/16:2,1660476,6580113448,1663423,6579460272,34.01,33.95
2024/05/24 星期五 00:16:44.205,1716481004205,NH-DC-NM129-H06-ROCE-Leaf-16.GPU.S9825,TwoHundredGigE1/0/16:2,2671907,10753238940,2678136,10751621185,71.91,71.91
2024/05/24 星期五 00:16:44.756,1716481004756,NH-DC-NM129-H06-ROCE-Leaf-16.GPU.S9825,TwoHundredGigE1/0/16:2,0,0,0,0,0,0
2024/05/24 星期五 00:16:45.380,1716481005380,NH-DC-NM129-H06-ROCE-Leaf-16.GPU.S9825,TwoHundredGigE1/0/16:2,2065475,8184685594,2069225,8184932626,52.44,52.44
2024/05/24 星期五 00:16:45.881,1716481005881,NH-DC-NM129-H06-ROCE-Leaf-16.GPU.S9825,TwoHundredGigE1/0/16:2,0,0,0,0,0,0
2024/05/24 星期五 00:16:46.574,1716481006574,NH-DC-NM129-H06-ROCE-Leaf-16.GPU.S9825,TwoHundredGigE1/0/16:2,2130018,8440457504,2133975,8441275891,48.72,48.72
2024/05/24 星期五 00:16:47.381,1716481007381,NH-DC-NM129-H06-ROCE-Leaf-16.GPU.S9825,TwoHundredGigE1/0/16:2,1837095,7273496574,1842868,7281540732,36.03,36.08
2024/05/24 星期五 00:16:47.894,1716481007894,NH-DC-NM129-H06-ROCE-Leaf-16.GPU.S9825,TwoHundredGigE1/0/16:2,0,0,0,0,0,0
2024/05/24 星期五 00:16:48.466,1716481008466,NH-DC-NM129-H06-ROCE-Leaf-16.GPU.S9825,TwoHundredGigE1/0/16:2,905211,3681698006,907850,3674208209,25.73,25.66
2024/05/24 星期五 00:16:49.103,1716481009103,NH-DC-NM129-H06-ROCE-Leaf-16.GPU.S9825,TwoHundredGigE1/0/16:2,589937,2413716746,591743,2414114374,15.13,15.13
2024/05/24 星期五 00:16:49.618,1716481009618,NH-DC-NM129-H06-ROCE-Leaf-16.GPU.S9825,TwoHundredGigE1/0/16:2,0,0,0,0,0,0
2024/05/24 星期五 00:16:50.477,1716481010477,NH-DC-NM129-H06-ROCE-Leaf-16.GPU.S9825,TwoHundredGigE1/0/16:2,2130113,8440471066,2133980,8440863709,39.30,39.30
2024/05/24 星期五 00:16:51.147,1716481011147,NH-DC-NM129-H06-ROCE-Leaf-16.GPU.S9825,TwoHundredGigE1/0/16:2,2291829,9079918954,2295810,9080596264,54.15,54.21
2024/05/24 星期五 00:16:51.659,1716481011659,NH-DC-NM129-H06-ROCE-Leaf-16.GPU.S9825,TwoHundredGigE1/0/16:2,0,0,0,0,0,0
2024/05/24 星期五 00:16:52.284,1716481012284,NH-DC-NM129-H06-ROCE-Leaf-16.GPU.S9825,TwoHundredGigE1/0/16:2,1742728,6905828304,1745996,6906043869,44.16,44.16
2024/05/24 星期五 00:16:52.806,1716481012806,NH-DC-NM129-H06-ROCE-Leaf-16.GPU.S9825,TwoHundredGigE1/0/16:2,0,0,0,0,0,0
2024/05/24 星期五 00:16:53.310,1716481013310,NH-DC-NM129-H06-ROCE-Leaf-16.GPU.S9825,TwoHundredGigE1/0/16:2,2943593,11831350338,2950675,11827747862,93.89,93.81
2024/05/24 星期五 00:16:54.237,1716481014237,NH-DC-NM129-H06-ROCE-Leaf-16.GPU.S9825,TwoHundredGigE1/0/16:2,1777126,7039881252,1780244,7041396053,30.33,30.38
2024/05/24 星期五 00:16:54.902,1716481014902,NH-DC-NM129-H06-ROCE-Leaf-16.GPU.S9825,TwoHundredGigE1/0/16:2,2130003,8440456282,2133982,8441066936,50.77,50.77
2024/05/24 星期五 00:16:55.653,1716481015653,NH-DC-NM129-H06-ROCE-Leaf-16.GPU.S9825,TwoHundredGigE1/0/16:2,0,0,0,0,0,0
2024/05/24 星期五 00:16:56.255,1716481016255,NH-DC-NM129-H06-ROCE-Leaf-16.GPU.S9825,TwoHundredGigE1/0/16:2,2354880,9420555192,2360299,9420912975,62.59,62.59
2024/05/24 星期五 00:16:56.757,1716481016757,NH-DC-NM129-H06-ROCE-Leaf-16.GPU.S9825,TwoHundredGigE1/0/16:2,0,0,0,0,0,0
2024/05/24 星期五 00:16:57.578,1716481017578,NH-DC-NM129-H06-ROCE-Leaf-16.GPU.S9825,TwoHundredGigE1/0/16:2,2332418,9319534352,2337644,9320157212,45.36,45.41
2024/05/24 星期五 00:16:58.288,1716481018288,NH-DC-NM129-H06-ROCE-Leaf-16.GPU.S9825,TwoHundredGigE1/0/16:2,1839553,7289485822,1842963,7290267823,41.01,41.07
2024/05/24 星期五 00:16:58.788,1716481018788,NH-DC-NM129-H06-ROCE-Leaf-16.GPU.S9825,TwoHundredGigE1/0/16:2,0,0,0,0,0,0
2024/05/24 星期五 00:16:59.406,1716481019406,NH-DC-NM129-H06-ROCE-Leaf-16.GPU.S9825,TwoHundredGigE1/0/16:2,1997777,7915452586,2000623,7913074032,51.20,51.20
2024/05/24 星期五 00:16:59.935,1716481019935,NH-DC-NM129-H06-ROCE-Leaf-16.GPU.S9825,TwoHundredGigE1/0/16:2,0,0,0,0,0,0
2024/05/24 星期五 00:17:00.437,1716481020437,NH-DC-NM129-H06-ROCE-Leaf-16.GPU.S9825,TwoHundredGigE1/0/16:2,2846691,11445296372,2856030,11449856046,91.16,91.16
2024/05/24 星期五 00:17:01.199,1716481021199,NH-DC-NM129-H06-ROCE-Leaf-16.GPU.S9825,TwoHundredGigE1/0/16:2,2005748,7947728202,2009212,7946929632,41.68,41.68
2024/05/24 星期五 00:17:01.850,1716481021850,NH-DC-NM129-H06-ROCE-Leaf-16.GPU.S9825,TwoHundredGigE1/0/16:2,0,0,0,0,0,0
2024/05/24 星期五 00:17:02.351,1716481022351,NH-DC-NM129-H06-ROCE-Leaf-16.GPU.S9825,TwoHundredGigE1/0/16:2,2194589,8696230210,2198693,8696849039,69.38,69.38
2024/05/24 星期五 00:17:02.918,1716481022918,NH-DC-NM129-H06-ROCE-Leaf-16.GPU.S9825,TwoHundredGigE1/0/16:2,0,0,0,0,0,0
2024/05/24 星期五 00:17:03.422,1716481023422,NH-DC-NM129-H06-ROCE-Leaf-16.GPU.S9825,TwoHundredGigE1/0/16:2,1583875,6276746792,1586327,6274632910,49.76,49.76
2024/05/24 星期五 00:17:03.922,1716481023922,NH-DC-NM129-H06-ROCE-Leaf-16.GPU.S9825,TwoHundredGigE1/0/16:2,0,0,0,0,0,0
2024/05/24 星期五 00:17:04.464,1716481024464,NH-DC-NM129-H06-ROCE-Leaf-16.GPU.S9825,TwoHundredGigE1/0/16:2,439811,1727018020,443400,1742101025,12.69,12.84
2024/05/24 星期五 00:17:05.303,1716481025303,NH-DC-NM129-H06-ROCE-Leaf-16.GPU.S9825,TwoHundredGigE1/0/16:2,4136,17034512,82,6884,0.05,0
2024/05/24 星期五 00:17:05.877,1716481025877,NH-DC-NM129-H06-ROCE-Leaf-16.GPU.S9825,TwoHundredGigE1/0/16:2,0,0,0,0,0,0
2024/05/24 星期五 00:17:06.454,1716481026454,NH-DC-NM129-H06-ROCE-Leaf-16.GPU.S9825,TwoHundredGigE1/0/16:2,2336631,9440425934,2345963,9445648875,65.44,65.44
2024/05/24 星期五 00:17:07.049,1716481027049,NH-DC-NM129-H06-ROCE-Leaf-16.GPU.S9825,TwoHundredGigE1/0/16:2,1871820,7417369772,1875257,7417596530,49.82,49.82
2024/05/24 星期五 00:17:07.644,1716481027644,NH-DC-NM129-H06-ROCE-Leaf-16.GPU.S9825,TwoHundredGigE1/0/16:2,0,0,0,0,0,0
2024/05/24 星期五 00:17:08.410,1716481028410,NH-DC-NM129-H06-ROCE-Leaf-16.GPU.S9825,TwoHundredGigE1/0/16:2,1964210,7783963880,1963820,7767734933,40.63,40.52
2024/05/24 星期五 00:17:09.085,1716481029085,NH-DC-NM129-H06-ROCE-Leaf-16.GPU.S9825,TwoHundredGigE1/0/16:2,1791026,7081810644,1795846,7091868794,41.96,42.01
2024/05/24 星期五 00:17:09.688,1716481029688,NH-DC-NM129-H06-ROCE-Leaf-16.GPU.S9825,TwoHundredGigE1/0/16:2,0,0,0,0,0,0
2024/05/24 星期五 00:17:10.189,1716481030189,NH-DC-NM129-H06-ROCE-Leaf-16.GPU.S9825,TwoHundredGigE1/0/16:2,2869311,11550486758,2878649,11555710513,92.22,92.22
2024/05/24 星期五 00:17:10.712,1716481030712,NH-DC-NM129-H06-ROCE-Leaf-16.GPU.S9825,TwoHundredGigE1/0/16:2,0,0,0,0,0,0
2024/05/24 星期五 00:17:11.214,1716481031214,NH-DC-NM129-H06-ROCE-Leaf-16.GPU.S9825,TwoHundredGigE1/0/16:2,1969389,7802948980,1973114,7804365624,62.15,62.15
2024/05/24 星期五 00:17:11.999,1716481031999,NH-DC-NM129-H06-ROCE-Leaf-16.GPU.S9825,TwoHundredGigE1/0/16:2,2032124,8053272108,2032994,8040086943,41.02,40.97
2024/05/24 星期五 00:17:12.682,1716481032682,NH-DC-NM129-H06-ROCE-Leaf-16.GPU.S9825,TwoHundredGigE1/0/16:2,0,0,0,0,0,0
2024/05/24 星期五 00:17:13.288,1716481033288,NH-DC-NM129-H06-ROCE-Leaf-16.GPU.S9825,TwoHundredGigE1/0/16:2,2881132,11580149382,2891657,11593445508,76.44,76.50
2024/05/24 星期五 00:17:13.790,1716481033790,NH-DC-NM129-H06-ROCE-Leaf-16.GPU.S9825,TwoHundredGigE1/0/16:2,0,0,0,0,0,0
2024/05/24 星期五 00:17:14.349,1716481034349,NH-DC-NM129-H06-ROCE-Leaf-16.GPU.S9825,TwoHundredGigE1/0/16:2,2033308,8056806776,2036983,8057507349,57.60,57.60
2024/05/24 星期五 00:17:14.945,1716481034945,NH-DC-NM129-H06-ROCE-Leaf-16.GPU.S9825,TwoHundredGigE1/0/16:2,2162284,8568343004,2167206,8568635038,57.45,57.45
2024/05/24 星期五 00:17:15.725,1716481035725,NH-DC-NM129-H06-ROCE-Leaf-16.GPU.S9825,TwoHundredGigE1/0/16:2,0,0,0,0,0,0
2024/05/24 星期五 00:17:16.345,1716481036345,NH-DC-NM129-H06-ROCE-Leaf-16.GPU.S9825,TwoHundredGigE1/0/16:2,1958382,7749495354,1962575,7753977929,49.94,50
2024/05/24 星期五 00:17:16.854,1716481036854,NH-DC-NM129-H06-ROCE-Leaf-16.GPU.S9825,TwoHundredGigE1/0/16:2,0,0,0,0,0,0
2024/05/24 星期五 00:17:17.357,1716481037357,NH-DC-NM129-H06-ROCE-Leaf-16.GPU.S9825,TwoHundredGigE1/0/16:2,3004857,12083259124,3012850,12080575650,96.06,96.06
2024/05/24 星期五 00:17:18.014,1716481038014,NH-DC-NM129-H06-ROCE-Leaf-16.GPU.S9825,TwoHundredGigE1/0/16:2,1789855,7092042626,1793570,7092000381,43.17,43.17
2024/05/24 星期五 00:17:18.516,1716481038516,NH-DC-NM129-H06-ROCE-Leaf-16.GPU.S9825,TwoHundredGigE1/0/16:2,0,0,0,0,0,0
2024/05/24 星期五 00:17:19.278,1716481039278,NH-DC-NM129-H06-ROCE-Leaf-16.GPU.S9825,TwoHundredGigE1/0/16:2,2065540,8184692078,2069399,8184948111,42.94,42.94
2024/05/24 星期五 00:17:19.894,1716481039894,NH-DC-NM129-H06-ROCE-Leaf-16.GPU.S9825,TwoHundredGigE1/0/16:2,0,0,0,0,0,0
2024/05/24 星期五 00:17:20.394,1716481040394,NH-DC-NM129-H06-ROCE-Leaf-16.GPU.S9825,TwoHundredGigE1/0/16:2,1188997,4695790770,1188277,4687361755,37.52,37.44
2024/05/24 星期五 00:17:21.673,1716481041673,NH-DC-NM129-H06-ROCE-Leaf-16.GPU.S9825,TwoHundredGigE1/0/16:2,714225,2934377254,719404,2943099701,9.16,9.19
2024/05/24 星期五 00:17:23.092,1716481043092,NH-DC-NM129-H06-ROCE-Leaf-16.GPU.S9825,TwoHundredGigE1/0/16:2,3,246,2,236,0,0
2024/05/24 星期五 00:17:23.758,1716481043758,NH-DC-NM129-H06-ROCE-Leaf-16.GPU.S9825,TwoHundredGigE1/0/16:2,0,0,0,0,0,0
2024/05/24 星期五 00:17:24.257,1716481044257,NH-DC-NM129-H06-ROCE-Leaf-16.GPU.S9825,TwoHundredGigE1/0/16:2,2342985,9359152974,2349175,9365462549,74.95,75.03
2024/05/24 星期五 00:17:24.808,1716481044808,NH-DC-NM129-H06-ROCE-Leaf-16.GPU.S9825,TwoHundredGigE1/0/16:2,0,0,0,0,0,0
2024/05/24 星期五 00:17:25.327,1716481045327,NH-DC-NM129-H06-ROCE-Leaf-16.GPU.S9825,TwoHundredGigE1/0/16:2,2120419,8400907306,2122368,8395127468,64.74,64.66
2024/05/24 星期五 00:17:25.826,1716481045826,NH-DC-NM129-H06-ROCE-Leaf-16.GPU.S9825,TwoHundredGigE1/0/16:2,0,0,0,0,0,0
2024/05/24 星期五 00:17:26.708,1716481046708,NH-DC-NM129-H06-ROCE-Leaf-16.GPU.S9825,TwoHundredGigE1/0/16:2,1864811,7390159908,1867939,7388032055,33.51,33.47
2024/05/24 星期五 00:17:27.267,1716481047267,NH-DC-NM129-H06-ROCE-Leaf-16.GPU.S9825,TwoHundredGigE1/0/16:2,2819307,11338097448,2829338,11346011504,81.07,81.14
2024/05/24 星期五 00:17:27.766,1716481047766,NH-DC-NM129-H06-ROCE-Leaf-16.GPU.S9825,TwoHundredGigE1/0/16:2,0,0,0,0,0,0
2024/05/24 星期五 00:17:28.273,1716481048273,NH-DC-NM129-H06-ROCE-Leaf-16.GPU.S9825,TwoHundredGigE1/0/16:2,1745750,6917651452,1748165,6914149797,54.52,54.52
2024/05/24 星期五 00:17:28.833,1716481048833,NH-DC-NM129-H06-ROCE-Leaf-16.GPU.S9825,TwoHundredGigE1/0/16:2,0,0,0,0,0,0
2024/05/24 星期五 00:17:29.334,1716481049334,NH-DC-NM129-H06-ROCE-Leaf-16.GPU.S9825,TwoHundredGigE1/0/16:2,2323644,9207770600,2327837,9208673742,73.45,73.45
2024/05/24 星期五 00:17:30.540,1716481050540,NH-DC-NM129-H06-ROCE-Leaf-16.GPU.S9825,TwoHundredGigE1/0/16:2,1733482,6866623802,1737809,6872733386,22.75,22.79
2024/05/24 星期五 00:17:31.073,1716481051073,NH-DC-NM129-H06-ROCE-Leaf-16.GPU.S9825,TwoHundredGigE1/0/16:2,0,0,0,0,0,0
2024/05/24 星期五 00:17:32.077,1716481052077,NH-DC-NM129-H06-ROCE-Leaf-16.GPU.S9825,TwoHundredGigE1/0/16:2,5214073,20828214380,5223918,20820994677,82.95,82.95
2024/05/24 星期五 00:17:32.609,1716481052609,NH-DC-NM129-H06-ROCE-Leaf-16.GPU.S9825,TwoHundredGigE1/0/16:2,0,0,0,0,0,0
2024/05/24 星期五 00:17:33.109,1716481053109,NH-DC-NM129-H06-ROCE-Leaf-16.GPU.S9825,TwoHundredGigE1/0/16:2,1791832,7100051224,1795215,7100978246,56.8,56.8
2024/05/24 星期五 00:17:34.089,1716481054089,NH-DC-NM129-H06-ROCE-Leaf-16.GPU.S9825,TwoHundredGigE1/0/16:2,2657220,10694267598,2664870,10697850965,43.63,43.63
2024/05/24 星期五 00:17:34.594,1716481054594,NH-DC-NM129-H06-ROCE-Leaf-16.GPU.S9825,TwoHundredGigE1/0/16:2,0,0,0,0,0,0
2024/05/24 星期五 00:17:35.109,1716481055109,NH-DC-NM129-H06-ROCE-Leaf-16.GPU.S9825,TwoHundredGigE1/0/16:2,2110662,8363181538,2113596,8360008924,64.93,64.93
2024/05/24 星期五 00:17:35.730,1716481055730,NH-DC-NM129-H06-ROCE-Leaf-16.GPU.S9825,TwoHundredGigE1/0/16:2,0,0,0,0,0,0
2024/05/24 星期五 00:17:36.234,1716481056234,NH-DC-NM129-H06-ROCE-Leaf-16.GPU.S9825,TwoHundredGigE1/0/16:2,2323704,9207774820,2328147,9208417523,73.02,73.02
2024/05/24 星期五 00:17:36.740,1716481056740,NH-DC-NM129-H06-ROCE-Leaf-16.GPU.S9825,TwoHundredGigE1/0/16:2,0,0,0,0,0,0
2024/05/24 星期五 00:17:37.643,1716481057643,NH-DC-NM129-H06-ROCE-Leaf-16.GPU.S9825,TwoHundredGigE1/0/16:2,1686121,6681483910,1687163,6673827454,29.59,29.55
2024/05/24 星期五 00:17:38.145,1716481058145,NH-DC-NM129-H06-ROCE-Leaf-16.GPU.S9825,TwoHundredGigE1/0/16:2,1185152,4785244344,1190545,4793325423,38.09,38.17
2024/05/24 星期五 00:17:38.672,1716481058672,NH-DC-NM129-H06-ROCE-Leaf-16.GPU.S9825,TwoHundredGigE1/0/16:2,0,0,0,0,0,0
2024/05/24 星期五 00:17:39.176,1716481059176,NH-DC-NM129-H06-ROCE-Leaf-16.GPU.S9825,TwoHundredGigE1/0/16:2,2,140,2,236,0,0
2024/05/24 星期五 00:17:39.706,1716481059706,NH-DC-NM129-H06-ROCE-Leaf-16.GPU.S9825,TwoHundredGigE1/0/16:2,0,0,0,0,0,0
2024/05/24 星期五 00:17:40.209,1716481060209,NH-DC-NM129-H06-ROCE-Leaf-16.GPU.S9825,TwoHundredGigE1/0/16:2,2139033,8552237006,2143916,8553115909,67.99,67.99
2024/05/24 星期五 00:17:41.165,1716481061165,NH-DC-NM129-H06-ROCE-Leaf-16.GPU.S9825,TwoHundredGigE1/0/16:2,1742928,6905844256,1746452,6906356664,28.87,28.87
2024/05/24 星期五 00:17:41.665,1716481061665,NH-DC-NM129-H06-ROCE-Leaf-16.GPU.S9825,TwoHundredGigE1/0/16:2,0,0,0,0,0,0
2024/05/24 星期五 00:17:42.168,1716481062168,NH-DC-NM129-H06-ROCE-Leaf-16.GPU.S9825,TwoHundredGigE1/0/16:2,2096966,8309940774,2100596,8309589275,66.00,66.00
2024/05/24 星期五 00:17:42.778,1716481062778,NH-DC-NM129-H06-ROCE-Leaf-16.GPU.S9825,TwoHundredGigE1/0/16:2,0,0,0,0,0,0
2024/05/24 星期五 00:17:43.339,1716481063339,NH-DC-NM129-H06-ROCE-Leaf-16.GPU.S9825,TwoHundredGigE1/0/16:2,2342962,9413109902,2348555,9414584872,67.09,67.09
2024/05/24 星期五 00:17:44.066,1716481064066,NH-DC-NM129-H06-ROCE-Leaf-16.GPU.S9825,TwoHundredGigE1/0/16:2,2272955,9043168830,2277343,9040684037,49.74,49.74
2024/05/24 星期五 00:17:44.890,1716481064890,NH-DC-NM129-H06-ROCE-Leaf-16.GPU.S9825,TwoHundredGigE1/0/16:2,0,0,0,0,0,0
2024/05/24 星期五 00:17:45.394,1716481065394,NH-DC-NM129-H06-ROCE-Leaf-16.GPU.S9825,TwoHundredGigE1/0/16:2,2267345,8984074004,2272718,8989843206,71.27,71.27
2024/05/24 星期五 00:17:45.961,1716481065961,NH-DC-NM129-H06-ROCE-Leaf-16.GPU.S9825,TwoHundredGigE1/0/16:2,0,0,0,0,0,0
2024/05/24 星期五 00:17:46.540,1716481066540,NH-DC-NM129-H06-ROCE-Leaf-16.GPU.S9825,TwoHundredGigE1/0/16:2,1742410,6904443850,1745146,6902165937,47.67,47.67
2024/05/24 星期五 00:17:47.043,1716481067043,NH-DC-NM129-H06-ROCE-Leaf-16.GPU.S9825,TwoHundredGigE1/0/16:2,2899742,11658286380,2910477,11662154548,92.64,92.72
2024/05/24 星期五 00:17:47.747,1716481067747,NH-DC-NM129-H06-ROCE-Leaf-16.GPU.S9825,TwoHundredGigE1/0/16:2,0,0,0,0,0,0
2024/05/24 星期五 00:17:48.463,1716481068463,NH-DC-NM129-H06-ROCE-Leaf-16.GPU.S9825,TwoHundredGigE1/0/16:2,1636852,6486186522,1639781,6486126041,36.20,36.20
2024/05/24 星期五 00:17:48.971,1716481068971,NH-DC-NM129-H06-ROCE-Leaf-16.GPU.S9825,TwoHundredGigE1/0/16:2,0,0,0,0,0,0
2024/05/24 星期五 00:17:49.494,1716481069494,NH-DC-NM129-H06-ROCE-Leaf-16.GPU.S9825,TwoHundredGigE1/0/16:2,2116345,8385146682,2119759,8384714546,64.09,64.09
2024/05/24 星期五 00:17:50.098,1716481070098,NH-DC-NM129-H06-ROCE-Leaf-16.GPU.S9825,TwoHundredGigE1/0/16:2,2285093,9084710270,2287350,9076312665,60.13,60.07
2024/05/24 星期五 00:17:50.714,1716481070714,NH-DC-NM129-H06-ROCE-Leaf-16.GPU.S9825,TwoHundredGigE1/0/16:2,0,0,0,0,0,0
2024/05/24 星期五 00:17:51.312,1716481071312,NH-DC-NM129-H06-ROCE-Leaf-16.GPU.S9825,TwoHundredGigE1/0/16:2,2794181,11206344932,2801860,11209749464,74.92,74.92
2024/05/24 星期五 00:17:52.028,1716481072028,NH-DC-NM129-H06-ROCE-Leaf-16.GPU.S9825,TwoHundredGigE1/0/16:2,0,0,0,0,0,0
2024/05/24 星期五 00:17:52.550,1716481072550,NH-DC-NM129-H06-ROCE-Leaf-16.GPU.S9825,TwoHundredGigE1/0/16:2,2097802,8312575136,2101709,8313111731,63.68,63.68
2024/05/24 星期五 00:17:53.053,1716481073053,NH-DC-NM129-H06-ROCE-Leaf-16.GPU.S9825,TwoHundredGigE1/0/16:2,1671011,6621208224,1674084,6621802650,52.64,52.64
2024/05/24 星期五 00:17:53.561,1716481073561,NH-DC-NM129-H06-ROCE-Leaf-16.GPU.S9825,TwoHundredGigE1/0/16:2,0,0,0,0,0,0
2024/05/24 星期五 00:17:54.258,1716481074258,NH-DC-NM129-H06-ROCE-Leaf-16.GPU.S9825,TwoHundredGigE1/0/16:2,2628966,10584249970,2635959,10584738521,60.72,60.72
2024/05/24 星期五 00:17:55.018,1716481075018,NH-DC-NM129-H06-ROCE-Leaf-16.GPU.S9825,TwoHundredGigE1/0/16:2,2097846,8312577576,2101901,8312846378,43.74,43.74
2024/05/24 星期五 00:17:55.816,1716481075816,NH-DC-NM129-H06-ROCE-Leaf-16.GPU.S9825,TwoHundredGigE1/0/16:2,0,0,0,0,0,0
2024/05/24 星期五 00:17:56.399,1716481076399,NH-DC-NM129-H06-ROCE-Leaf-16.GPU.S9825,TwoHundredGigE1/0/16:2,2323833,9207783886,2327841,9208604327,63.12,63.12
2024/05/24 星期五 00:17:56.965,1716481076965,NH-DC-NM129-H06-ROCE-Leaf-16.GPU.S9825,TwoHundredGigE1/0/16:2,0,0,0,0,0,0
2024/05/24 星期五 00:17:57.648,1716481077648,NH-DC-NM129-H06-ROCE-Leaf-16.GPU.S9825,TwoHundredGigE1/0/16:2,1693175,6708233336,1694493,6702361416,39.24,39.24
2024/05/24 星期五 00:17:58.238,1716481078238,NH-DC-NM129-H06-ROCE-Leaf-16.GPU.S9825,TwoHundredGigE1/0/16:2,3158890,12683022038,3168084,12686629471,85.97,85.97
2024/05/24 星期五 00:17:58.822,1716481078822,NH-DC-NM129-H06-ROCE-Leaf-16.GPU.S9825,TwoHundredGigE1/0/16:2,0,0,0,0,0,0
2024/05/24 星期五 00:17:59.325,1716481079325,NH-DC-NM129-H06-ROCE-Leaf-16.GPU.S9825,TwoHundredGigE1/0/16:2,1669672,6615809952,1672629,6615858022,52.56,52.56
2024/05/24 星期五 00:17:59.984,1716481079984,NH-DC-NM129-H06-ROCE-Leaf-16.GPU.S9825,TwoHundredGigE1/0/16:2,0,0,0,0,0,0
2024/05/24 星期五 00:18:00.549,1716481080549,NH-DC-NM129-H06-ROCE-Leaf-16.GPU.S9825,TwoHundredGigE1/0/16:2,2103991,8337092626,2108494,8339257888,58.97,58.97
2024/05/24 星期五 00:18:01.238,1716481081238,NH-DC-NM129-H06-ROCE-Leaf-16.GPU.S9825,TwoHundredGigE1/0/16:2,3011382,12097116744,3019117,12097917498,70.19,70.19
2024/05/24 星期五 00:18:01.822,1716481081822,NH-DC-NM129-H06-ROCE-Leaf-16.GPU.S9825,TwoHundredGigE1/0/16:2,0,0,0,0,0,0
2024/05/24 星期五 00:18:02.407,1716481082407,NH-DC-NM129-H06-ROCE-Leaf-16.GPU.S9825,TwoHundredGigE1/0/16:2,2064074,8177663312,2067423,8178007711,55.86,55.86
2024/05/24 星期五 00:18:02.936,1716481082936,NH-DC-NM129-H06-ROCE-Leaf-16.GPU.S9825,TwoHundredGigE1/0/16:2,0,0,0,0,0,0
2024/05/24 星期五 00:18:03.462,1716481083462,NH-DC-NM129-H06-ROCE-Leaf-16.GPU.S9825,TwoHundredGigE1/0/16:2,2173110,8610689396,2176760,8610621852,65.48,65.48
2024/05/24 星期五 00:18:04.002,1716481084002,NH-DC-NM129-H06-ROCE-Leaf-16.GPU.S9825,TwoHundredGigE1/0/16:2,1643202,6511265552,1644409,6504273855,48.22,48.15
2024/05/24 星期五 00:18:04.693,1716481084693,NH-DC-NM129-H06-ROCE-Leaf-16.GPU.S9825,TwoHundredGigE1/0/16:2,0,0,0,0,0,0
2024/05/24 星期五 00:18:06.824,1716481086824,NH-DC-NM129-H06-ROCE-Leaf-16.GPU.S9825,TwoHundredGigE1/0/16:2,5111156,20416618968,5125752,20431384649,38.31,38.35
2024/05/24 星期五 00:18:07.347,1716481087347,NH-DC-NM129-H06-ROCE-Leaf-16.GPU.S9825,TwoHundredGigE1/0/16:2,2034319,8061117462,2036897,8056670992,61.64,61.57
2024/05/24 星期五 00:18:08.147,1716481088147,NH-DC-NM129-H06-ROCE-Leaf-16.GPU.S9825,TwoHundredGigE1/0/16:2,2019642,8092001268,2024309,8091749385,40.45,40.45
2024/05/24 星期五 00:18:08.689,1716481088689,NH-DC-NM129-H06-ROCE-Leaf-16.GPU.S9825,TwoHundredGigE1/0/16:2,0,0,0,0,0,0
2024/05/24 星期五 00:18:09.219,1716481089219,NH-DC-NM129-H06-ROCE-Leaf-16.GPU.S9825,TwoHundredGigE1/0/16:2,0,0,0,0,0,0
2024/05/24 星期五 00:18:10.330,1716481090330,NH-DC-NM129-H06-ROCE-Leaf-16.GPU.S9825,TwoHundredGigE1/0/16:2,1171006,4715677000,1173927,4716218699,16.96,16.96
2024/05/24 星期五 00:18:10.831,1716481090831,NH-DC-NM129-H06-ROCE-Leaf-16.GPU.S9825,TwoHundredGigE1/0/16:2,0,0,0,0,0,0
2024/05/24 星期五 00:18:11.457,1716481091457,NH-DC-NM129-H06-ROCE-Leaf-16.GPU.S9825,TwoHundredGigE1/0/16:2,2000885,7928910926,2004489,7929148590,50.61,50.61
2024/05/24 星期五 00:18:12.041,1716481092041,NH-DC-NM129-H06-ROCE-Leaf-16.GPU.S9825,TwoHundredGigE1/0/16:2,2097718,8312569552,2101791,8313047807,56.92,56.92
2024/05/24 星期五 00:18:12.987,1716481092987,NH-DC-NM129-H06-ROCE-Leaf-16.GPU.S9825,TwoHundredGigE1/0/16:2,1674952,6634461342,1678868,6640728318,28.03,28.08
2024/05/24 星期五 00:18:13.556,1716481093556,NH-DC-NM129-H06-ROCE-Leaf-16.GPU.S9825,TwoHundredGigE1/0/16:2,0,0,0,0,0,0
2024/05/24 星期五 00:18:14.094,1716481094094,NH-DC-NM129-H06-ROCE-Leaf-16.GPU.S9825,TwoHundredGigE1/0/16:2,3174629,12745126148,3181283,12739969529,94.72,94.65
2024/05/24 星期五 00:18:14.791,1716481094791,NH-DC-NM129-H06-ROCE-Leaf-16.GPU.S9825,TwoHundredGigE1/0/16:2,0,0,0,0,0,0
2024/05/24 星期五 00:18:15.360,1716481095360,NH-DC-NM129-H06-ROCE-Leaf-16.GPU.S9825,TwoHundredGigE1/0/16:2,1933354,7661254704,1936848,7660094738,53.85,53.85
2024/05/24 星期五 00:18:15.862,1716481095862,NH-DC-NM129-H06-ROCE-Leaf-16.GPU.S9825,TwoHundredGigE1/0/16:2,0,0,0,0,0,0
2024/05/24 星期五 00:18:16.446,1716481096446,NH-DC-NM129-H06-ROCE-Leaf-16.GPU.S9825,TwoHundredGigE1/0/16:2,2052220,8131682940,2055925,8132094745,55.68,55.68
2024/05/24 星期五 00:18:17.010,1716481097010,NH-DC-NM129-H06-ROCE-Leaf-16.GPU.S9825,TwoHundredGigE1/0/16:2,0,0,0,0,0,0
2024/05/24 星期五 00:18:17.517,1716481097517,NH-DC-NM129-H06-ROCE-Leaf-16.GPU.S9825,TwoHundredGigE1/0/16:2,2520464,10151465816,2528414,10156707068,80.08,80.08
2024/05/24 星期五 00:18:18.200,1716481098200,NH-DC-NM129-H06-ROCE-Leaf-16.GPU.S9825,TwoHundredGigE1/0/16:2,1990420,7886268604,1993217,7883794679,46.15,46.15
2024/05/24 星期五 00:18:18.739,1716481098739,NH-DC-NM129-H06-ROCE-Leaf-16.GPU.S9825,TwoHundredGigE1/0/16:2,0,0,0,0,0,0
2024/05/24 星期五 00:18:19.241,1716481099241,NH-DC-NM129-H06-ROCE-Leaf-16.GPU.S9825,TwoHundredGigE1/0/16:2,2194549,8696227898,2198593,8696703278,69.24,69.24
2024/05/24 星期五 00:18:19.933,1716481099933,NH-DC-NM129-H06-ROCE-Leaf-16.GPU.S9825,TwoHundredGigE1/0/16:2,0,0,0,0,0,0
2024/05/24 星期五 00:18:22.541,1716481102541,NH-DC-NM129-H06-ROCE-Leaf-16.GPU.S9825,TwoHundredGigE1/0/16:2,6430881,25645980474,6444602,25647506358,39.33,39.33
2024/05/24 星期五 00:18:23.441,1716481103441,NH-DC-NM129-H06-ROCE-Leaf-16.GPU.S9825,TwoHundredGigE1/0/16:2,1936597,7673159198,1940103,7673668486,34.09,34.09
2024/05/24 星期五 00:18:24.010,1716481104010,NH-DC-NM129-H06-ROCE-Leaf-16.GPU.S9825,TwoHundredGigE1/0/16:2,0,0,0,0,0,0
2024/05/24 星期五 00:18:24.511,1716481104511,NH-DC-NM129-H06-ROCE-Leaf-16.GPU.S9825,TwoHundredGigE1/0/16:2,1858160,7356653502,1860750,7355679781,58.68,58.68
2024/05/24 星期五 00:18:25.036,1716481105036,NH-DC-NM129-H06-ROCE-Leaf-16.GPU.S9825,TwoHundredGigE1/0/16:2,3023136,12150774802,3031703,12152971590,92.57,92.57
2024/05/24 星期五 00:18:25.825,1716481105825,NH-DC-NM129-H06-ROCE-Leaf-16.GPU.S9825,TwoHundredGigE1/0/16:2,0,0,0,0,0,0
2024/05/24 星期五 00:18:26.428,1716481106428,NH-DC-NM129-H06-ROCE-Leaf-16.GPU.S9825,TwoHundredGigE1/0/16:2,1807297,7161600514,1810649,7162030175,47.50,47.50
2024/05/24 星期五 00:18:27.074,1716481107074,NH-DC-NM129-H06-ROCE-Leaf-16.GPU.S9825,TwoHundredGigE1/0/16:2,0,0,0,0,0,0
2024/05/24 星期五 00:18:27.578,1716481107578,NH-DC-NM129-H06-ROCE-Leaf-16.GPU.S9825,TwoHundredGigE1/0/16:2,2008428,7956423990,2012951,7961796426,63.10,63.17
2024/05/24 星期五 00:18:28.079,1716481108079,NH-DC-NM129-H06-ROCE-Leaf-16.GPU.S9825,TwoHundredGigE1/0/16:2,2873658,11551063418,2880067,11548158531,92.22,92.14
2024/05/24 星期五 00:18:28.913,1716481108913,NH-DC-NM129-H06-ROCE-Leaf-16.GPU.S9825,TwoHundredGigE1/0/16:2,0,0,0,0,0,0
2024/05/24 星期五 00:18:29.534,1716481109534,NH-DC-NM129-H06-ROCE-Leaf-16.GPU.S9825,TwoHundredGigE1/0/16:2,2098015,8312591550,2101433,8312813850,53.53,53.53
2024/05/24 星期五 00:18:30.501,1716481110501,NH-DC-NM129-H06-ROCE-Leaf-16.GPU.S9825,TwoHundredGigE1/0/16:2,2292040,9079935204,2295614,9080583692,37.52,37.56
2024/05/24 星期五 00:18:31.909,1716481111909,NH-DC-NM129-H06-ROCE-Leaf-16.GPU.S9825,TwoHundredGigE1/0/16:2,1670126,6618094180,1672753,6616523788,18.78,18.78
2024/05/24 星期五 00:18:32.627,1716481112627,NH-DC-NM129-H06-ROCE-Leaf-16.GPU.S9825,TwoHundredGigE1/0/16:2,3211713,12889374698,3219902,12892140287,71.75,71.81
2024/05/24 星期五 00:18:33.130,1716481113130,NH-DC-NM129-H06-ROCE-Leaf-16.GPU.S9825,TwoHundredGigE1/0/16:2,1741392,6900323274,1744036,6898802631,54.87,54.79
2024/05/24 星期五 00:18:33.802,1716481113802,NH-DC-NM129-H06-ROCE-Leaf-16.GPU.S9825,TwoHundredGigE1/0/16:2,0,0,0,0,0,0
2024/05/24 星期五 00:18:34.413,1716481114413,NH-DC-NM129-H06-ROCE-Leaf-16.GPU.S9825,TwoHundredGigE1/0/16:2,2075541,8224476088,2080688,8230721307,53.81,53.88
2024/05/24 星期五 00:18:34.918,1716481114918,NH-DC-NM129-H06-ROCE-Leaf-16.GPU.S9825,TwoHundredGigE1/0/16:2,0,0,0,0,0,0
2024/05/24 星期五 00:18:35.965,1716481115965,NH-DC-NM129-H06-ROCE-Leaf-16.GPU.S9825,TwoHundredGigE1/0/16:2,2645561,10649438132,2639130,10593196556,40.65,40.46
2024/05/24 星期五 00:18:36.465,1716481116465,NH-DC-NM129-H06-ROCE-Leaf-16.GPU.S9825,TwoHundredGigE1/0/16:2,2130536,8440504828,2146662,8493509765,67.52,67.92
2024/05/24 星期五 00:18:37.010,1716481117010,NH-DC-NM129-H06-ROCE-Leaf-16.GPU.S9825,TwoHundredGigE1/0/16:2,2291569,9079899102,2295646,9080654564,66.57,66.64
2024/05/24 星期五 00:18:37.609,1716481117609,NH-DC-NM129-H06-ROCE-Leaf-16.GPU.S9825,TwoHundredGigE1/0/16:2,0,0,0,0,0,0
2024/05/24 星期五 00:18:38.110,1716481118110,NH-DC-NM129-H06-ROCE-Leaf-16.GPU.S9825,TwoHundredGigE1/0/16:2,1516740,6010622392,1519550,6010807669,47.98,47.98
2024/05/24 星期五 00:18:38.613,1716481118613,NH-DC-NM129-H06-ROCE-Leaf-16.GPU.S9825,TwoHundredGigE1/0/16:2,0,0,0,0,0,0
2024/05/24 星期五 00:18:39.318,1716481119318,NH-DC-NM129-H06-ROCE-Leaf-16.GPU.S9825,TwoHundredGigE1/0/16:2,2792343,11230697098,2800102,11231323242,63.72,63.72
2024/05/24 星期五 00:18:39.822,1716481119822,NH-DC-NM129-H06-ROCE-Leaf-16.GPU.S9825,TwoHundredGigE1/0/16:2,0,0,0,0,0,0
2024/05/24 星期五 00:18:40.992,1716481120992,NH-DC-NM129-H06-ROCE-Leaf-16.GPU.S9825,TwoHundredGigE1/0/16:2,1907223,7557792486,1911035,7558819601,25.81,25.81
2024/05/24 星期五 00:18:41.493,1716481121493,NH-DC-NM129-H06-ROCE-Leaf-16.GPU.S9825,TwoHundredGigE1/0/16:2,2085528,8264175144,2089285,8264300794,65.95,65.95
2024/05/24 星期五 00:18:41.994,1716481121994,NH-DC-NM129-H06-ROCE-Leaf-16.GPU.S9825,TwoHundredGigE1/0/16:2,1896712,7500563466,1899390,7501566251,59.88,59.88
2024/05/24 星期五 00:18:42.804,1716481122804,NH-DC-NM129-H06-ROCE-Leaf-16.GPU.S9825,TwoHundredGigE1/0/16:2,0,0,0,0,0,0
2024/05/24 星期五 00:18:43.351,1716481123351,NH-DC-NM129-H06-ROCE-Leaf-16.GPU.S9825,TwoHundredGigE1/0/16:2,2855256,11495307438,2863475,11495580080,84.02,84.02
2024/05/24 星期五 00:18:44.060,1716481124060,NH-DC-NM129-H06-ROCE-Leaf-16.GPU.S9825,TwoHundredGigE1/0/16:2,1871913,7417376934,1875405,7418096655,41.81,41.81
2024/05/24 星期五 00:18:44.697,1716481124697,NH-DC-NM129-H06-ROCE-Leaf-16.GPU.S9825,TwoHundredGigE1/0/16:2,0,0,0,0,0,0
2024/05/24 星期五 00:18:45.201,1716481125201,NH-DC-NM129-H06-ROCE-Leaf-16.GPU.S9825,TwoHundredGigE1/0/16:2,2043363,8094156622,2048420,8100157918,64.21,64.29
2024/05/24 星期五 00:18:45.787,1716481125787,NH-DC-NM129-H06-ROCE-Leaf-16.GPU.S9825,TwoHundredGigE1/0/16:2,0,0,0,0,0,0
2024/05/24 星期五 00:18:46.578,1716481126578,NH-DC-NM129-H06-ROCE-Leaf-16.GPU.S9825,TwoHundredGigE1/0/16:2,2451646,9874349776,2457848,9866072715,49.91,49.86
2024/05/24 星期五 00:18:47.078,1716481127078,NH-DC-NM129-H06-ROCE-Leaf-16.GPU.S9825,TwoHundredGigE1/0/16:2,2164537,8582292566,2168872,8587067230,68.64,68.64
2024/05/24 星期五 00:18:47.810,1716481127810,NH-DC-NM129-H06-ROCE-Leaf-16.GPU.S9825,TwoHundredGigE1/0/16:2,0,0,0,0,0,0
2024/05/24 星期五 00:18:48.371,1716481128371,NH-DC-NM129-H06-ROCE-Leaf-16.GPU.S9825,TwoHundredGigE1/0/16:2,1939255,7684598958,1943408,7684582241,54.76,54.76
2024/05/24 星期五 00:18:48.870,1716481128870,NH-DC-NM129-H06-ROCE-Leaf-16.GPU.S9825,TwoHundredGigE1/0/16:2,0,0,0,0,0,0
2024/05/24 星期五 00:18:49.470,1716481129470,NH-DC-NM129-H06-ROCE-Leaf-16.GPU.S9825,TwoHundredGigE1/0/16:2,1802081,7140564850,1805264,7140353336,47.6,47.6
2024/05/24 星期五 00:18:50.180,1716481130180,NH-DC-NM129-H06-ROCE-Leaf-16.GPU.S9825,TwoHundredGigE1/0/16:2,3069855,12329880060,3078554,12334046195,69.41,69.46
2024/05/24 星期五 00:18:50.684,1716481130684,NH-DC-NM129-H06-ROCE-Leaf-16.GPU.S9825,TwoHundredGigE1/0/16:2,0,0,0,0,0,0
2024/05/24 星期五 00:18:51.495,1716481131495,NH-DC-NM129-H06-ROCE-Leaf-16.GPU.S9825,TwoHundredGigE1/0/16:2,1843637,7305431536,1846135,7302280552,36.00,36.00
2024/05/24 星期五 00:18:52.057,1716481132057,NH-DC-NM129-H06-ROCE-Leaf-16.GPU.S9825,TwoHundredGigE1/0/16:2,0,0,0,0,0,0
2024/05/24 星期五 00:18:52.566,1716481132566,NH-DC-NM129-H06-ROCE-Leaf-16.GPU.S9825,TwoHundredGigE1/0/16:2,2066147,8184737702,2069530,8185374125,64.28,64.28
2024/05/24 星期五 00:18:53.332,1716481133332,NH-DC-NM129-H06-ROCE-Leaf-16.GPU.S9825,TwoHundredGigE1/0/16:2,2222586,8846393882,2226422,8844612944,46.16,46.16
2024/05/24 星期五 00:18:53.893,1716481133893,NH-DC-NM129-H06-ROCE-Leaf-16.GPU.S9825,TwoHundredGigE1/0/16:2,0,0,0,0,0,0
2024/05/24 星期五 00:18:55.018,1716481135018,NH-DC-NM129-H06-ROCE-Leaf-16.GPU.S9825,TwoHundredGigE1/0/16:2,4728806,18862056768,4740219,18867700399,67.06,67.06
2024/05/24 星期五 00:18:55.769,1716481135769,NH-DC-NM129-H06-ROCE-Leaf-16.GPU.S9825,TwoHundredGigE1/0/16:2,0,0,0,0,0,0
2024/05/24 星期五 00:18:56.443,1716481136443,NH-DC-NM129-H06-ROCE-Leaf-16.GPU.S9825,TwoHundredGigE1/0/16:2,1932287,7656846048,1935319,7655090743,45.40,45.40
2024/05/24 星期五 00:18:57.091,1716481137091,NH-DC-NM129-H06-ROCE-Leaf-16.GPU.S9825,TwoHundredGigE1/0/16:2,2686190,10804438244,2692391,10804204166,66.67,66.67
2024/05/24 星期五 00:18:57.632,1716481137632,NH-DC-NM129-H06-ROCE-Leaf-16.GPU.S9825,TwoHundredGigE1/0/16:2,0,0,0,0,0,0
2024/05/24 星期五 00:18:58.270,1716481138270,NH-DC-NM129-H06-ROCE-Leaf-16.GPU.S9825,TwoHundredGigE1/0/16:2,1873351,7422962152,1877259,7425443355,46.52,46.52
2024/05/24 星期五 00:18:58.959,1716481138959,NH-DC-NM129-H06-ROCE-Leaf-16.GPU.S9825,TwoHundredGigE1/0/16:2,0,0,0,0,0,0
2024/05/24 星期五 00:18:59.525,1716481139525,NH-DC-NM129-H06-ROCE-Leaf-16.GPU.S9825,TwoHundredGigE1/0/16:2,2325121,9209128684,2328466,9208656900,65.02,65.02
2024/05/24 星期五 00:19:00.217,1716481140217,NH-DC-NM129-H06-ROCE-Leaf-16.GPU.S9825,TwoHundredGigE1/0/16:2,1569918,6219098172,1575032,6229091356,35.90,35.95
2024/05/24 星期五 00:19:00.786,1716481140786,NH-DC-NM129-H06-ROCE-Leaf-16.GPU.S9825,TwoHundredGigE1/0/16:2,0,0,0,0,0,0
2024/05/24 星期五 00:19:01.925,1716481141925,NH-DC-NM129-H06-ROCE-Leaf-16.GPU.S9825,TwoHundredGigE1/0/16:2,3311925,13288370810,3318175,13279615710,46.64,46.60
2024/05/24 星期五 00:19:02.580,1716481142580,NH-DC-NM129-H06-ROCE-Leaf-16.GPU.S9825,TwoHundredGigE1/0/16:2,1687282,6686441280,1690218,6686028875,40.79,40.79
2024/05/24 星期五 00:19:04.059,1716481144059,NH-DC-NM129-H06-ROCE-Leaf-16.GPU.S9825,TwoHundredGigE1/0/16:2,4173533,7380983392,4184141,7382261296,19.96,19.96
2024/05/24 星期五 00:19:04.565,1716481144565,NH-DC-NM129-H06-ROCE-Leaf-16.GPU.S9825,TwoHundredGigE1/0/16:2,0,9247564400,0,9253310805,73.04,73.12
2024/05/24 星期五 00:19:05.067,1716481145067,NH-DC-NM129-H06-ROCE-Leaf-16.GPU.S9825,TwoHundredGigE1/0/16:2,2441440,9748326986,2445544,9743644684,77.61,77.61
2024/05/24 星期五 00:19:05.841,1716481145841,NH-DC-NM129-H06-ROCE-Leaf-16.GPU.S9825,TwoHundredGigE1/0/16:2,0,0,0,0,0,0
2024/05/24 星期五 00:19:06.543,1716481146543,NH-DC-NM129-H06-ROCE-Leaf-16.GPU.S9825,TwoHundredGigE1/0/16:2,2194418,8696219160,2198585,8696911655,49.52,49.52
2024/05/24 星期五 00:19:07.545,1716481147545,NH-DC-NM129-H06-ROCE-Leaf-16.GPU.S9825,TwoHundredGigE1/0/16:2,1807481,7161614038,1810796,7161833348,28.58,28.58
2024/05/24 星期五 00:19:08.046,1716481148046,NH-DC-NM129-H06-ROCE-Leaf-16.GPU.S9825,TwoHundredGigE1/0/16:2,2912433,11706385362,2920305,11707392071,93.41,93.41
2024/05/24 星期五 00:19:08.592,1716481148592,NH-DC-NM129-H06-ROCE-Leaf-16.GPU.S9825,TwoHundredGigE1/0/16:2,0,0,0,0,0,0
2024/05/24 星期五 00:19:09.338,1716481149338,NH-DC-NM129-H06-ROCE-Leaf-16.GPU.S9825,TwoHundredGigE1/0/16:2,1936264,7673134692,1939970,7673378844,41.13,41.13
2024/05/24 星期五 00:19:09.994,1716481149994,NH-DC-NM129-H06-ROCE-Leaf-16.GPU.S9825,TwoHundredGigE1/0/16:2,2065446,8184684380,2069488,8185132993,49.88,49.88
2024/05/24 星期五 00:19:10.593,1716481150593,NH-DC-NM129-H06-ROCE-Leaf-16.GPU.S9825,TwoHundredGigE1/0/16:2,0,0,0,0,0,0
2024/05/24 星期五 00:19:11.097,1716481151097,NH-DC-NM129-H06-ROCE-Leaf-16.GPU.S9825,TwoHundredGigE1/0/16:2,2317658,0,2321827,0,0,0
2024/05/24 星期五 00:19:11.618,1716481151618,NH-DC-NM129-H06-ROCE-Leaf-16.GPU.S9825,TwoHundredGigE1/0/16:2,0,9234654846,0,9233554334,70.86,70.86
2024/05/24 星期五 00:19:12.148,1716481152148,NH-DC-NM129-H06-ROCE-Leaf-16.GPU.S9825,TwoHundredGigE1/0/16:2,2660909,10656463804,2668130,10658745745,80.38,80.38
2024/05/24 星期五 00:19:13.063,1716481153063,NH-DC-NM129-H06-ROCE-Leaf-16.GPU.S9825,TwoHundredGigE1/0/16:2,1871781,7417367970,1875590,7418017920,32.39,32.39
2024/05/24 星期五 00:19:13.640,1716481153640,NH-DC-NM129-H06-ROCE-Leaf-16.GPU.S9825,TwoHundredGigE1/0/16:2,0,0,0,0,0,0
2024/05/24 星期五 00:19:14.236,1716481154236,NH-DC-NM129-H06-ROCE-Leaf-16.GPU.S9825,TwoHundredGigE1/0/16:2,1969628,7801103448,1972870,7801312195,52.35,52.35
2024/05/24 星期五 00:19:15.094,1716481155094,NH-DC-NM129-H06-ROCE-Leaf-16.GPU.S9825,TwoHundredGigE1/0/16:2,2912731,11706405382,2920127,11707171570,54.55,54.55
2024/05/24 星期五 00:19:15.693,1716481155693,NH-DC-NM129-H06-ROCE-Leaf-16.GPU.S9825,TwoHundredGigE1/0/16:2,0,0,0,0,0,0
2024/05/24 星期五 00:19:16.347,1716481156347,NH-DC-NM129-H06-ROCE-Leaf-16.GPU.S9825,TwoHundredGigE1/0/16:2,2000907,7928913702,2004580,7929154557,48.44,48.44
2024/05/24 星期五 00:19:17.104,1716481157104,NH-DC-NM129-H06-ROCE-Leaf-16.GPU.S9825,TwoHundredGigE1/0/16:2,2157709,8549891678,2161947,8551391638,45.13,45.18
2024/05/24 星期五 00:19:17.694,1716481157694,NH-DC-NM129-H06-ROCE-Leaf-16.GPU.S9825,TwoHundredGigE1/0/16:2,0,0,0,0,0,0
2024/05/24 星期五 00:19:18.195,1716481158195,NH-DC-NM129-H06-ROCE-Leaf-16.GPU.S9825,TwoHundredGigE1/0/16:2,1559334,6178566628,1564301,6183624297,49.26,49.34
2024/05/24 星期五 00:19:18.698,1716481158698,NH-DC-NM129-H06-ROCE-Leaf-16.GPU.S9825,TwoHundredGigE1/0/16:2,0,0,0,0,0,0
2024/05/24 星期五 00:19:19.814,1716481159814,NH-DC-NM129-H06-ROCE-Leaf-16.GPU.S9825,TwoHundredGigE1/0/16:2,4989561,19940117496,5001804,19934306823,71.47,71.43
2024/05/24 星期五 00:19:20.824,1716481160824,NH-DC-NM129-H06-ROCE-Leaf-16.GPU.S9825,TwoHundredGigE1/0/16:2,2058237,8154989202,2061542,8153314046,32.28,32.28
2024/05/24 星期五 00:19:26.635,1716481166635,NH-DC-NM129-H06-ROCE-Leaf-16.GPU.S9825,TwoHundredGigE1/0/16:2,11954553,47700147948,11981104,47705662283,32.83,32.83
2024/05/24 星期五 00:19:27.520,1716481167520,NH-DC-NM129-H06-ROCE-Leaf-16.GPU.S9825,TwoHundredGigE1/0/16:2,1671566,6622623468,1674645,6621969250,29.92,29.92
2024/05/24 星期五 00:19:28.027,1716481168027,NH-DC-NM129-H06-ROCE-Leaf-16.GPU.S9825,TwoHundredGigE1/0/16:2,0,0,0,0,0,0
2024/05/24 星期五 00:19:28.530,1716481168530,NH-DC-NM129-H06-ROCE-Leaf-16.GPU.S9825,TwoHundredGigE1/0/16:2,1936596,7673158872,1940179,7673800819,60.99,60.99
2024/05/24 星期五 00:19:29.030,1716481169030,NH-DC-NM129-H06-ROCE-Leaf-16.GPU.S9825,TwoHundredGigE1/0/16:2,2300899,9187258896,2304979,9185917626,73.44,73.44
2024/05/24 星期五 00:19:29.546,1716481169546,NH-DC-NM129-H06-ROCE-Leaf-16.GPU.S9825,TwoHundredGigE1/0/16:2,0,0,0,0,0,0
2024/05/24 星期五 00:19:30.046,1716481170046,NH-DC-NM129-H06-ROCE-Leaf-16.GPU.S9825,TwoHundredGigE1/0/16:2,2390682,9566130742,2395924,9565036472,76.48,76.48
2024/05/24 星期五 00:19:31.084,1716481171084,NH-DC-NM129-H06-ROCE-Leaf-16.GPU.S9825,TwoHundredGigE1/0/16:2,2029976,8043010294,2034358,8047076888,30.98,30.98
2024/05/24 星期五 00:19:31.594,1716481171594,NH-DC-NM129-H06-ROCE-Leaf-16.GPU.S9825,TwoHundredGigE1/0/16:2,0,0,0,0,0,0
2024/05/24 星期五 00:19:32.097,1716481172097,NH-DC-NM129-H06-ROCE-Leaf-16.GPU.S9825,TwoHundredGigE1/0/16:2,1904329,7545837656,1907536,7546000169,59.96,59.96
2024/05/24 星期五 00:19:32.689,1716481172689,NH-DC-NM129-H06-ROCE-Leaf-16.GPU.S9825,TwoHundredGigE1/0/16:2,0,0,0,0,0,0
2024/05/24 星期五 00:19:33.189,1716481173189,NH-DC-NM129-H06-ROCE-Leaf-16.GPU.S9825,TwoHundredGigE1/0/16:2,2320315,9352972828,2326470,9351979046,74.8,74.8
2024/05/24 星期五 00:19:33.694,1716481173694,NH-DC-NM129-H06-ROCE-Leaf-16.GPU.S9825,TwoHundredGigE1/0/16:2,2109183,8364056876,2113464,8365808039,66.22,66.22
2024/05/24 星期五 00:19:34.735,1716481174735,NH-DC-NM129-H06-ROCE-Leaf-16.GPU.S9825,TwoHundredGigE1/0/16:2,0,0,0,0,0,0
2024/05/24 星期五 00:19:35.237,1716481175237,NH-DC-NM129-H06-ROCE-Leaf-16.GPU.S9825,TwoHundredGigE1/0/16:2,2130252,8440474172,2134011,8441069226,67.25,67.25
2024/05/24 星期五 00:19:35.758,1716481175758,NH-DC-NM129-H06-ROCE-Leaf-16.GPU.S9825,TwoHundredGigE1/0/16:2,0,0,0,0,0,0
2024/05/24 星期五 00:19:36.270,1716481176270,NH-DC-NM129-H06-ROCE-Leaf-16.GPU.S9825,TwoHundredGigE1/0/16:2,1698650,6730872216,1701239,6728874635,52.58,52.5
2024/05/24 星期五 00:19:36.804,1716481176804,NH-DC-NM129-H06-ROCE-Leaf-16.GPU.S9825,TwoHundredGigE1/0/16:2,0,0,0,0,0,0
2024/05/24 星期五 00:19:38.324,1716481178324,NH-DC-NM129-H06-ROCE-Leaf-16.GPU.S9825,TwoHundredGigE1/0/16:2,4941021,19743898074,4953664,19747756289,51.95,51.95
2024/05/24 星期五 00:19:38.826,1716481178826,NH-DC-NM129-H06-ROCE-Leaf-16.GPU.S9825,TwoHundredGigE1/0/16:2,0,0,0,0,0,0
2024/05/24 星期五 00:19:39.327,1716481179327,NH-DC-NM129-H06-ROCE-Leaf-16.GPU.S9825,TwoHundredGigE1/0/16:2,2072939,8215244528,2070278,8188442316,65.55,65.31
2024/05/24 星期五 00:19:39.932,1716481179932,NH-DC-NM129-H06-ROCE-Leaf-16.GPU.S9825,TwoHundredGigE1/0/16:2,0,0,0,0,0,0
2024/05/24 星期五 00:19:40.437,1716481180437,NH-DC-NM129-H06-ROCE-Leaf-16.GPU.S9825,TwoHundredGigE1/0/16:2,2400174,9588532076,2413847,9619668249,75.88,76.12
2024/05/24 星期五 00:19:40.939,1716481180939,NH-DC-NM129-H06-ROCE-Leaf-16.GPU.S9825,TwoHundredGigE1/0/16:2,2555479,10210528156,2560293,10207637692,81.35,81.27
2024/05/24 星期五 00:19:41.758,1716481181758,NH-DC-NM129-H06-ROCE-Leaf-16.GPU.S9825,TwoHundredGigE1/0/16:2,0,0,0,0,0,0
2024/05/24 星期五 00:19:42.320,1716481182320,NH-DC-NM129-H06-ROCE-Leaf-16.GPU.S9825,TwoHundredGigE1/0/16:2,2162806,8568382068,2166922,8569141433,60.93,60.93
2024/05/24 星期五 00:19:42.878,1716481182878,NH-DC-NM129-H06-ROCE-Leaf-16.GPU.S9825,TwoHundredGigE1/0/16:2,0,0,0,0,0,0
2024/05/24 星期五 00:19:43.492,1716481183492,NH-DC-NM129-H06-ROCE-Leaf-16.GPU.S9825,TwoHundredGigE1/0/16:2,1613649,6394285074,1616719,6394488446,41.63,41.63
2024/05/24 星期五 00:19:44.049,1716481184049,NH-DC-NM129-H06-ROCE-Leaf-16.GPU.S9825,TwoHundredGigE1/0/16:2,0,0,0,0,0,0
2024/05/24 星期五 00:19:45.211,1716481185211,NH-DC-NM129-H06-ROCE-Leaf-16.GPU.S9825,TwoHundredGigE1/0/16:2,4687451,18740099738,4698346,18741166025,64.51,64.51
2024/05/24 星期五 00:19:45.922,1716481185922,NH-DC-NM129-H06-ROCE-Leaf-16.GPU.S9825,TwoHundredGigE1/0/16:2,0,0,0,0,0,0
2024/05/24 星期五 00:19:46.425,1716481186425,NH-DC-NM129-H06-ROCE-Leaf-16.GPU.S9825,TwoHundredGigE1/0/16:2,2259101,8951999326,2263819,8952801815,71.17,71.17
2024/05/24 星期五 00:19:47.710,1716481187710,NH-DC-NM129-H06-ROCE-Leaf-16.GPU.S9825,TwoHundredGigE1/0/16:2,1568737,6215635338,1573876,6224166554,19.33,19.36
2024/05/24 星期五 00:19:48.221,1716481188221,NH-DC-NM129-H06-ROCE-Leaf-16.GPU.S9825,TwoHundredGigE1/0/16:2,2606108,10494257806,2610724,10486378547,82.11,82.04
2024/05/24 星期五 00:19:49.242,1716481189242,NH-DC-NM129-H06-ROCE-Leaf-16.GPU.S9825,TwoHundredGigE1/0/16:2,1932407,7657163604,1935904,7657665832,29.97,29.97
2024/05/24 星期五 00:19:49.745,1716481189745,NH-DC-NM129-H06-ROCE-Leaf-16.GPU.S9825,TwoHundredGigE1/0/16:2,0,0,0,0,0,0
2024/05/24 星期五 00:19:50.245,1716481190245,NH-DC-NM129-H06-ROCE-Leaf-16.GPU.S9825,TwoHundredGigE1/0/16:2,2036705,8067757640,2038464,8060838653,64.48,64.48
2024/05/24 星期五 00:19:50.813,1716481190813,NH-DC-NM129-H06-ROCE-Leaf-16.GPU.S9825,TwoHundredGigE1/0/16:2,0,0,0,0,0,0
2024/05/24 星期五 00:19:51.316,1716481191316,NH-DC-NM129-H06-ROCE-Leaf-16.GPU.S9825,TwoHundredGigE1/0/16:2,1971321,7811974022,1974344,7812023362,62.11,62.11
2024/05/24 星期五 00:19:51.847,1716481191847,NH-DC-NM129-H06-ROCE-Leaf-16.GPU.S9825,TwoHundredGigE1/0/16:2,0,0,0,0,0,0
2024/05/24 星期五 00:19:52.705,1716481192705,NH-DC-NM129-H06-ROCE-Leaf-16.GPU.S9825,TwoHundredGigE1/0/16:2,2792867,11231598906,2801822,11236850077,52.35,52.35
2024/05/24 星期五 00:19:53.262,1716481193262,NH-DC-NM129-H06-ROCE-Leaf-16.GPU.S9825,TwoHundredGigE1/0/16:2,1793883,7108347854,1796832,7107353271,50.99,50.99
2024/05/24 星期五 00:19:53.836,1716481193836,NH-DC-NM129-H06-ROCE-Leaf-16.GPU.S9825,TwoHundredGigE1/0/16:2,0,0,0,0,0,0
2024/05/24 星期五 00:19:54.339,1716481194339,NH-DC-NM129-H06-ROCE-Leaf-16.GPU.S9825,TwoHundredGigE1/0/16:2,1969079,7801062230,1973024,7801323517,62.03,62.03
2024/05/24 星期五 00:19:54.864,1716481194864,NH-DC-NM129-H06-ROCE-Leaf-16.GPU.S9825,TwoHundredGigE1/0/16:2,2945049,11834380042,2952548,11835206296,90.13,90.13
2024/05/24 星期五 00:19:55.782,1716481195782,NH-DC-NM129-H06-ROCE-Leaf-16.GPU.S9825,TwoHundredGigE1/0/16:2,2058889,8158812770,2062638,8159409485,35.51,35.51
2024/05/24 星期五 00:19:56.591,1716481196591,NH-DC-NM129-H06-ROCE-Leaf-16.GPU.S9825,TwoHundredGigE1/0/16:2,0,0,0,0,0,0
2024/05/24 星期五 00:19:57.099,1716481197099,NH-DC-NM129-H06-ROCE-Leaf-16.GPU.S9825,TwoHundredGigE1/0/16:2,2266328,8977921436,2269900,8978218892,70.63,70.63
2024/05/24 星期五 00:19:57.703,1716481197703,NH-DC-NM129-H06-ROCE-Leaf-16.GPU.S9825,TwoHundredGigE1/0/16:2,0,0,0,0,0,0
2024/05/24 星期五 00:19:58.204,1716481198204,NH-DC-NM129-H06-ROCE-Leaf-16.GPU.S9825,TwoHundredGigE1/0/16:2,1446467,5730982346,1449152,5732012025,45.75,45.75
2024/05/24 星期五 00:19:58.705,1716481198705,NH-DC-NM129-H06-ROCE-Leaf-16.GPU.S9825,TwoHundredGigE1/0/16:2,0,0,0,0,0,0
2024/05/24 星期五 00:19:59.326,1716481199326,NH-DC-NM129-H06-ROCE-Leaf-16.GPU.S9825,TwoHundredGigE1/0/16:2,2918733,11730294782,2926010,11730407776,75.56,75.56
2024/05/24 星期五 00:20:00.107,1716481200107,NH-DC-NM129-H06-ROCE-Leaf-16.GPU.S9825,TwoHundredGigE1/0/16:2,1871834,7417371356,1875244,7417596624,37.95,37.95
2024/05/24 星期五 00:20:00.646,1716481200646,NH-DC-NM129-H06-ROCE-Leaf-16.GPU.S9825,TwoHundredGigE1/0/16:2,0,0,0,0,0,0
2024/05/24 星期五 00:20:01.794,1716481201794,NH-DC-NM129-H06-ROCE-Leaf-16.GPU.S9825,TwoHundredGigE1/0/16:2,2000893,7928912174,2004565,7929571874,27.60,27.60
2024/05/24 星期五 00:20:02.293,1716481202293,NH-DC-NM129-H06-ROCE-Leaf-16.GPU.S9825,TwoHundredGigE1/0/16:2,1865363,7391397072,1872137,7403370473,59.24,59.32
2024/05/24 星期五 00:20:02.967,1716481202967,NH-DC-NM129-H06-ROCE-Leaf-16.GPU.S9825,TwoHundredGigE1/0/16:2,2660149,10709236668,2665313,10698537540,63.50,63.44
2024/05/24 星期五 00:20:03.677,1716481203677,NH-DC-NM129-H06-ROCE-Leaf-16.GPU.S9825,TwoHundredGigE1/0/16:2,0,0,0,0,0,0
2024/05/24 星期五 00:20:04.271,1716481204271,NH-DC-NM129-H06-ROCE-Leaf-16.GPU.S9825,TwoHundredGigE1/0/16:2,1678337,6650069422,1683662,6659080009,44.78,44.78
2024/05/24 星期五 00:20:04.772,1716481204772,NH-DC-NM129-H06-ROCE-Leaf-16.GPU.S9825,TwoHundredGigE1/0/16:2,0,0,0,0,0,0
2024/05/24 星期五 00:20:05.273,1716481205273,NH-DC-NM129-H06-ROCE-Leaf-16.GPU.S9825,TwoHundredGigE1/0/16:2,2033181,8056799262,2034822,8048639148,64.27,64.19
2024/05/24 星期五 00:20:05.960,1716481205960,NH-DC-NM129-H06-ROCE-Leaf-16.GPU.S9825,TwoHundredGigE1/0/16:2,2456422,9847015240,2461782,9847368793,57.29,57.29
2024/05/24 星期五 00:20:06.773,1716481206773,NH-DC-NM129-H06-ROCE-Leaf-16.GPU.S9825,TwoHundredGigE1/0/16:2,2308668,9200454740,2313380,9198644988,45.26,45.22
2024/05/24 星期五 00:20:07.781,1716481207781,NH-DC-NM129-H06-ROCE-Leaf-16.GPU.S9825,TwoHundredGigE1/0/16:2,0,0,0,0,0,0
2024/05/24 星期五 00:20:08.282,1716481208282,NH-DC-NM129-H06-ROCE-Leaf-16.GPU.S9825,TwoHundredGigE1/0/16:2,1955377,7749841494,1948078,7701678189,61.80,61.48
2024/05/24 星期五 00:20:08.784,1716481208784,NH-DC-NM129-H06-ROCE-Leaf-16.GPU.S9825,TwoHundredGigE1/0/16:2,0,0,0,0,0,0
2024/05/24 星期五 00:20:09.285,1716481209285,NH-DC-NM129-H06-ROCE-Leaf-16.GPU.S9825,TwoHundredGigE1/0/16:2,1777168,7033891056,1791149,7085073742,56.13,56.53
2024/05/24 星期五 00:20:09.987,1716481209987,NH-DC-NM129-H06-ROCE-Leaf-16.GPU.S9825,TwoHundredGigE1/0/16:2,3191395,12810552078,3198893,12810597075,72.99,72.99
2024/05/24 星期五 00:20:10.764,1716481210764,NH-DC-NM129-H06-ROCE-Leaf-16.GPU.S9825,TwoHundredGigE1/0/16:2,0,0,0,0,0,0
2024/05/24 星期五 00:20:11.325,1716481211325,NH-DC-NM129-H06-ROCE-Leaf-16.GPU.S9825,TwoHundredGigE1/0/16:2,1904551,7547083386,1908515,7548960846,53.76,53.76
2024/05/24 星期五 00:20:11.917,1716481211917,NH-DC-NM129-H06-ROCE-Leaf-16.GPU.S9825,TwoHundredGigE1/0/16:2,0,0,0,0,0,0
2024/05/24 星期五 00:20:12.514,1716481212514,NH-DC-NM129-H06-ROCE-Leaf-16.GPU.S9825,TwoHundredGigE1/0/16:2,2109463,8357598950,2114172,8357522569,55.95,55.95
2024/05/24 星期五 00:20:13.242,1716481213242,NH-DC-NM129-H06-ROCE-Leaf-16.GPU.S9825,TwoHundredGigE1/0/16:2,1876726,7436826562,1879015,7433548852,40.82,40.82
2024/05/24 星期五 00:20:13.902,1716481213902,NH-DC-NM129-H06-ROCE-Leaf-16.GPU.S9825,TwoHundredGigE1/0/16:2,2875715,11559651912,2884390,11563633643,70,70.06
2024/05/24 星期五 00:20:14.565,1716481214565,NH-DC-NM129-H06-ROCE-Leaf-16.GPU.S9825,TwoHundredGigE1/0/16:2,0,0,0,0,0,0
2024/05/24 星期五 00:20:15.133,1716481215133,NH-DC-NM129-H06-ROCE-Leaf-16.GPU.S9825,TwoHundredGigE1/0/16:2,2049266,8113900346,2052470,8114330136,57.11,57.11
2024/05/24 星期五 00:20:15.635,1716481215635,NH-DC-NM129-H06-ROCE-Leaf-16.GPU.S9825,TwoHundredGigE1/0/16:2,0,0,0,0,0,0
2024/05/24 星期五 00:20:16.217,1716481216217,NH-DC-NM129-H06-ROCE-Leaf-16.GPU.S9825,TwoHundredGigE1/0/16:2,1954458,7744072150,1957948,7744650077,53.20,53.20
2024/05/24 星期五 00:20:16.995,1716481216995,NH-DC-NM129-H06-ROCE-Leaf-16.GPU.S9825,TwoHundredGigE1/0/16:2,2954355,11872562998,2961249,11868095994,61.03,60.98
2024/05/24 星期五 00:20:17.621,1716481217621,NH-DC-NM129-H06-ROCE-Leaf-16.GPU.S9825,TwoHundredGigE1/0/16:2,0,0,0,0,0,0
2024/05/24 星期五 00:20:18.206,1716481218206,NH-DC-NM129-H06-ROCE-Leaf-16.GPU.S9825,TwoHundredGigE1/0/16:2,1797614,7123306436,1802275,7128954559,48.68,48.68
2024/05/24 星期五 00:20:19.350,1716481219350,NH-DC-NM129-H06-ROCE-Leaf-16.GPU.S9825,TwoHundredGigE1/0/16:2,2194541,8696227746,2198858,8697000262,30.38,30.38
2024/05/24 星期五 00:20:20.109,1716481220109,NH-DC-NM129-H06-ROCE-Leaf-16.GPU.S9825,TwoHundredGigE1/0/16:2,1863492,7377359882,1866054,7375121193,38.84,38.84
2024/05/24 星期五 00:20:21.179,1716481221179,NH-DC-NM129-H06-ROCE-Leaf-16.GPU.S9825,TwoHundredGigE1/0/16:2,5014253,20039447446,5025019,20035996931,74.88,74.88
2024/05/24 星期五 00:20:22.710,1716481222710,NH-DC-NM129-H06-ROCE-Leaf-16.GPU.S9825,TwoHundredGigE1/0/16:2,1748247,6925439432,1752700,6932852140,18.08,18.11
2024/05/24 星期五 00:20:23.599,1716481223599,NH-DC-NM129-H06-ROCE-Leaf-16.GPU.S9825,TwoHundredGigE1/0/16:2,0,0,0,0,0,0
2024/05/24 星期五 00:20:24.210,1716481224210,NH-DC-NM129-H06-ROCE-Leaf-16.GPU.S9825,TwoHundredGigE1/0/16:2,2649481,10659636396,2655818,10657199061,69.72,69.72
2024/05/24 星期五 00:20:24.815,1716481224815,NH-DC-NM129-H06-ROCE-Leaf-16.GPU.S9825,TwoHundredGigE1/0/16:2,0,0,0,0,0,0
2024/05/24 星期五 00:20:26.363,1716481226363,NH-DC-NM129-H06-ROCE-Leaf-16.GPU.S9825,TwoHundredGigE1/0/16:2,4363229,17291912896,4370762,17292463597,44.68,44.68
2024/05/24 星期五 00:20:27.127,1716481227127,NH-DC-NM129-H06-ROCE-Leaf-16.GPU.S9825,TwoHundredGigE1/0/16:2,1742711,6905826910,1746010,6906044916,36.13,36.13
2024/05/24 星期五 00:20:27.720,1716481227720,NH-DC-NM129-H06-ROCE-Leaf-16.GPU.S9825,TwoHundredGigE1/0/16:2,0,0,0,0,0,0
2024/05/24 星期五 00:20:28.380,1716481228380,NH-DC-NM129-H06-ROCE-Leaf-16.GPU.S9825,TwoHundredGigE1/0/16:2,3074016,12345827852,3081571,12346674039,74.79,74.79
2024/05/24 星期五 00:20:28.926,1716481228926,NH-DC-NM129-H06-ROCE-Leaf-16.GPU.S9825,TwoHundredGigE1/0/16:2,0,0,0,0,0,0
2024/05/24 星期五 00:20:29.430,1716481229430,NH-DC-NM129-H06-ROCE-Leaf-16.GPU.S9825,TwoHundredGigE1/0/16:2,1807233,7161595686,1810612,7161818484,56.83,56.83
2024/05/24 星期五 00:20:30.420,1716481230420,NH-DC-NM129-H06-ROCE-Leaf-16.GPU.S9825,TwoHundredGigE1/0/16:2,2001304,7928944068,2004551,7929571994,32,32
2024/05/24 星期五 00:20:31.073,1716481231073,NH-DC-NM129-H06-ROCE-Leaf-16.GPU.S9825,TwoHundredGigE1/0/16:2,2231698,8904261892,2236004,8903246372,54.52,54.52
2024/05/24 星期五 00:20:31.669,1716481231669,NH-DC-NM129-H06-ROCE-Leaf-16.GPU.S9825,TwoHundredGigE1/0/16:2,0,0,0,0,0,0
2024/05/24 星期五 00:20:32.245,1716481232245,NH-DC-NM129-H06-ROCE-Leaf-16.GPU.S9825,TwoHundredGigE1/0/16:2,2423683,9707970306,2430129,9710110683,67.36,67.43
2024/05/24 星期五 00:20:32.745,1716481232745,NH-DC-NM129-H06-ROCE-Leaf-16.GPU.S9825,TwoHundredGigE1/0/16:2,0,0,0,0,0,0
2024/05/24 星期五 00:20:33.261,1716481233261,NH-DC-NM129-H06-ROCE-Leaf-16.GPU.S9825,TwoHundredGigE1/0/16:2,1742729,6905829206,1745937,6906457130,53.49,53.49
2024/05/24 星期五 00:20:34.011,1716481234011,NH-DC-NM129-H06-ROCE-Leaf-16.GPU.S9825,TwoHundredGigE1/0/16:2,1937950,7673264340,1940359,7673410315,40.91,40.91
2024/05/24 星期五 00:20:34.641,1716481234641,NH-DC-NM129-H06-ROCE-Leaf-16.GPU.S9825,TwoHundredGigE1/0/16:2,0,0,0,0,0,0
2024/05/24 星期五 00:20:35.251,1716481235251,NH-DC-NM129-H06-ROCE-Leaf-16.GPU.S9825,TwoHundredGigE1/0/16:2,2654295,10683297322,2661558,10683991324,70.03,70.03
2024/05/24 星期五 00:20:35.826,1716481235826,NH-DC-NM129-H06-ROCE-Leaf-16.GPU.S9825,TwoHundredGigE1/0/16:2,0,0,0,0,0,0
2024/05/24 星期五 00:20:36.329,1716481236329,NH-DC-NM129-H06-ROCE-Leaf-16.GPU.S9825,TwoHundredGigE1/0/16:2,2163912,8568473820,2166670,8568705033,68.07,68.07
2024/05/24 星期五 00:20:36.829,1716481236829,NH-DC-NM129-H06-ROCE-Leaf-16.GPU.S9825,TwoHundredGigE1/0/16:2,0,0,0,0,0,0
2024/05/24 星期五 00:20:37.601,1716481237601,NH-DC-NM129-H06-ROCE-Leaf-16.GPU.S9825,TwoHundredGigE1/0/16:2,2238658,8870081840,2242212,8867839372,45.96,45.91
2024/05/24 星期五 00:20:38.186,1716481238186,NH-DC-NM129-H06-ROCE-Leaf-16.GPU.S9825,TwoHundredGigE1/0/16:2,1522165,6031512196,1525985,6036134903,41.23,41.23
2024/05/24 星期五 00:20:38.756,1716481238756,NH-DC-NM129-H06-ROCE-Leaf-16.GPU.S9825,TwoHundredGigE1/0/16:2,0,0,0,0,0,0
2024/05/24 星期五 00:20:39.782,1716481239782,NH-DC-NM129-H06-ROCE-Leaf-16.GPU.S9825,TwoHundredGigE1/0/16:2,3323802,13334938136,3330913,13331458460,51.97,51.97
2024/05/24 星期五 00:20:40.282,1716481240282,NH-DC-NM129-H06-ROCE-Leaf-16.GPU.S9825,TwoHundredGigE1/0/16:2,1766921,7000887476,1770862,7004037179,56,56
2024/05/24 星期五 00:20:41.013,1716481241013,NH-DC-NM129-H06-ROCE-Leaf-16.GPU.S9825,TwoHundredGigE1/0/16:2,2065620,8184696388,2069616,8185517712,44.76,44.76
2024/05/24 星期五 00:20:41.606,1716481241606,NH-DC-NM129-H06-ROCE-Leaf-16.GPU.S9825,TwoHundredGigE1/0/16:2,0,0,0,0,0,0
2024/05/24 星期五 00:20:42.185,1716481242185,NH-DC-NM129-H06-ROCE-Leaf-16.GPU.S9825,TwoHundredGigE1/0/16:2,2521295,10102813978,2526183,10103132839,69.78,69.78
2024/05/24 星期五 00:20:42.722,1716481242722,NH-DC-NM129-H06-ROCE-Leaf-16.GPU.S9825,TwoHundredGigE1/0/16:2,0,0,0,0,0,0
2024/05/24 星期五 00:20:43.238,1716481243238,NH-DC-NM129-H06-ROCE-Leaf-16.GPU.S9825,TwoHundredGigE1/0/16:2,2166395,8637306906,2171804,8637872392,66.90,66.90
2024/05/24 星期五 00:20:43.976,1716481243976,NH-DC-NM129-H06-ROCE-Leaf-16.GPU.S9825,TwoHundredGigE1/0/16:2,2130224,8440471132,2134416,8441237417,45.75,45.75
2024/05/24 星期五 00:20:44.751,1716481244751,NH-DC-NM129-H06-ROCE-Leaf-16.GPU.S9825,TwoHundredGigE1/0/16:2,0,0,0,0,0,0
2024/05/24 星期五 00:20:45.286,1716481245286,NH-DC-NM129-H06-ROCE-Leaf-16.GPU.S9825,TwoHundredGigE1/0/16:2,1808772,7161714488,1811409,7161878834,53.53,53.53
2024/05/24 星期五 00:20:45.898,1716481245898,NH-DC-NM129-H06-ROCE-Leaf-16.GPU.S9825,TwoHundredGigE1/0/16:2,0,0,0,0,0,0
2024/05/24 星期五 00:20:46.905,1716481246905,NH-DC-NM129-H06-ROCE-Leaf-16.GPU.S9825,TwoHundredGigE1/0/16:2,3167282,12712942308,3174506,12713402001,50.49,50.49
2024/05/24 星期五 00:20:47.483,1716481247483,NH-DC-NM129-H06-ROCE-Leaf-16.GPU.S9825,TwoHundredGigE1/0/16:2,1876221,7433976790,1879648,7434492140,51.42,51.42
2024/05/24 星期五 00:20:48.306,1716481248306,NH-DC-NM129-H06-ROCE-Leaf-16.GPU.S9825,TwoHundredGigE1/0/16:2,1904282,7545271656,1908031,7546145915,36.65,36.65
2024/05/24 星期五 00:20:48.830,1716481248830,NH-DC-NM129-H06-ROCE-Leaf-16.GPU.S9825,TwoHundredGigE1/0/16:2,0,0,0,0,0,0
2024/05/24 星期五 00:20:49.407,1716481249407,NH-DC-NM129-H06-ROCE-Leaf-16.GPU.S9825,TwoHundredGigE1/0/16:2,2202688,8744551026,2205875,8741975698,60.59,60.59
2024/05/24 星期五 00:20:49.917,1716481249917,NH-DC-NM129-H06-ROCE-Leaf-16.GPU.S9825,TwoHundredGigE1/0/16:2,0,0,0,0,0,0
2024/05/24 星期五 00:20:50.427,1716481250427,NH-DC-NM129-H06-ROCE-Leaf-16.GPU.S9825,TwoHundredGigE1/0/16:2,2840897,11402373148,2848828,11406027349,89.41,89.41
2024/05/24 星期五 00:20:51.034,1716481251034,NH-DC-NM129-H06-ROCE-Leaf-16.GPU.S9825,TwoHundredGigE1/0/16:2,2104595,8339684104,2108383,8340296688,54.89,54.96
2024/05/24 星期五 00:20:51.779,1716481251779,NH-DC-NM129-H06-ROCE-Leaf-16.GPU.S9825,TwoHundredGigE1/0/16:2,0,0,0,0,0,0
2024/05/24 星期五 00:20:52.314,1716481252314,NH-DC-NM129-H06-ROCE-Leaf-16.GPU.S9825,TwoHundredGigE1/0/16:2,1886807,7473954676,1890974,7479614359,55.85,55.85
2024/05/24 星期五 00:20:52.906,1716481252906,NH-DC-NM129-H06-ROCE-Leaf-16.GPU.S9825,TwoHundredGigE1/0/16:2,0,0,0,0,0,0
2024/05/24 星期五 00:20:53.410,1716481253410,NH-DC-NM129-H06-ROCE-Leaf-16.GPU.S9825,TwoHundredGigE1/0/16:2,2435714,9818283660,2440903,9811081062,77.86,77.86
2024/05/24 星期五 00:20:54.023,1716481254023,NH-DC-NM129-H06-ROCE-Leaf-16.GPU.S9825,TwoHundredGigE1/0/16:2,2070733,8205865916,2074715,8207094609,53.51,53.51
2024/05/24 星期五 00:20:54.751,1716481254751,NH-DC-NM129-H06-ROCE-Leaf-16.GPU.S9825,TwoHundredGigE1/0/16:2,2290722,9072831514,2294573,9075156092,49.84,49.84
2024/05/24 星期五 00:20:55.838,1716481255838,NH-DC-NM129-H06-ROCE-Leaf-16.GPU.S9825,TwoHundredGigE1/0/16:2,1624160,6435546136,1629635,6445565719,23.66,23.70
2024/05/24 星期五 00:20:56.663,1716481256663,NH-DC-NM129-H06-ROCE-Leaf-16.GPU.S9825,TwoHundredGigE1/0/16:2,0,0,0,0,0,0
2024/05/24 星期五 00:20:57.188,1716481257188,NH-DC-NM129-H06-ROCE-Leaf-16.GPU.S9825,TwoHundredGigE1/0/16:2,2936670,11804883698,2942267,11794228914,89.90,89.83
2024/05/24 星期五 00:20:57.803,1716481257803,NH-DC-NM129-H06-ROCE-Leaf-16.GPU.S9825,TwoHundredGigE1/0/16:2,1547894,6128870170,1549729,6129885647,39.80,39.80
2024/05/24 星期五 00:20:58.678,1716481258678,NH-DC-NM129-H06-ROCE-Leaf-16.GPU.S9825,TwoHundredGigE1/0/16:2,0,0,0,0,0,0
2024/05/24 星期五 00:20:59.232,1716481259232,NH-DC-NM129-H06-ROCE-Leaf-16.GPU.S9825,TwoHundredGigE1/0/16:2,2065504,8184687824,2069266,8185214040,59.06,59.06
2024/05/24 星期五 00:20:59.866,1716481259866,NH-DC-NM129-H06-ROCE-Leaf-16.GPU.S9825,TwoHundredGigE1/0/16:2,0,0,0,0,0,0
2024/05/24 星期五 00:21:00.523,1716481260523,NH-DC-NM129-H06-ROCE-Leaf-16.GPU.S9825,TwoHundredGigE1/0/16:2,1951831,7726631412,1953957,7723960372,47.00,47.00
2024/05/24 星期五 00:21:01.025,1716481261025,NH-DC-NM129-H06-ROCE-Leaf-16.GPU.S9825,TwoHundredGigE1/0/16:2,0,0,0,0,0,0
2024/05/24 星期五 00:21:01.631,1716481261631,NH-DC-NM129-H06-ROCE-Leaf-16.GPU.S9825,TwoHundredGigE1/0/16:2,2897208,11652909670,2905675,11656376602,76.90,76.90
2024/05/24 星期五 00:21:02.458,1716481262458,NH-DC-NM129-H06-ROCE-Leaf-16.GPU.S9825,TwoHundredGigE1/0/16:2,1997426,7909713178,2001156,7914991731,38.21,38.26
2024/05/24 星期五 00:21:02.958,1716481262958,NH-DC-NM129-H06-ROCE-Leaf-16.GPU.S9825,TwoHundredGigE1/0/16:2,0,0,0,0,0,0
2024/05/24 星期五 00:21:03.506,1716481263506,NH-DC-NM129-H06-ROCE-Leaf-16.GPU.S9825,TwoHundredGigE1/0/16:2,1715412,6797256922,1717748,6793377196,49.56,49.56
2024/05/24 星期五 00:21:04.058,1716481264058,NH-DC-NM129-H06-ROCE-Leaf-16.GPU.S9825,TwoHundredGigE1/0/16:2,0,0,0,0,0,0
2024/05/24 星期五 00:21:05.081,1716481265081,NH-DC-NM129-H06-ROCE-Leaf-16.GPU.S9825,TwoHundredGigE1/0/16:2,5065285,20235564876,5077563,20241444389,79.10,79.14
2024/05/24 星期五 00:21:05.992,1716481265992,NH-DC-NM129-H06-ROCE-Leaf-16.GPU.S9825,TwoHundredGigE1/0/16:2,0,0,0,0,0,0
2024/05/24 星期五 00:21:06.518,1716481266518,NH-DC-NM129-H06-ROCE-Leaf-16.GPU.S9825,TwoHundredGigE1/0/16:2,2204440,8735420726,2207466,8731457903,66.39,66.39
2024/05/24 星期五 00:21:07.415,1716481267415,NH-DC-NM129-H06-ROCE-Leaf-16.GPU.S9825,TwoHundredGigE1/0/16:2,1802707,7138999178,1806431,7141162878,31.79,31.84
2024/05/24 星期五 00:21:07.916,1716481267916,NH-DC-NM129-H06-ROCE-Leaf-16.GPU.S9825,TwoHundredGigE1/0/16:2,0,0,0,0,0,0
2024/05/24 星期五 00:21:08.418,1716481268418,NH-DC-NM129-H06-ROCE-Leaf-16.GPU.S9825,TwoHundredGigE1/0/16:2,2885082,11601124564,2892042,11600085225,92.43,92.43
2024/05/24 星期五 00:21:09.272,1716481269272,NH-DC-NM129-H06-ROCE-Leaf-16.GPU.S9825,TwoHundredGigE1/0/16:2,1692021,6704071982,1694256,6701675852,31.38,31.38
2024/05/24 星期五 00:21:09.928,1716481269928,NH-DC-NM129-H06-ROCE-Leaf-16.GPU.S9825,TwoHundredGigE1/0/16:2,0,0,0,0,0,0
2024/05/24 星期五 00:21:10.519,1716481270519,NH-DC-NM129-H06-ROCE-Leaf-16.GPU.S9825,TwoHundredGigE1/0/16:2,2117132,8389338644,2121190,8389735633,56.72,56.72
2024/05/24 星期五 00:21:11.023,1716481271023,NH-DC-NM129-H06-ROCE-Leaf-16.GPU.S9825,TwoHundredGigE1/0/16:2,0,0,0,0,0,0
2024/05/24 星期五 00:21:11.523,1716481271523,NH-DC-NM129-H06-ROCE-Leaf-16.GPU.S9825,TwoHundredGigE1/0/16:2,2415545,9680188800,2419771,9675219554,77.44,77.36
2024/05/24 星期五 00:21:12.604,1716481272604,NH-DC-NM129-H06-ROCE-Leaf-16.GPU.S9825,TwoHundredGigE1/0/16:2,2272451,9059951624,2279376,9066143161,33.49,33.52
2024/05/24 星期五 00:21:13.348,1716481273348,NH-DC-NM129-H06-ROCE-Leaf-16.GPU.S9825,TwoHundredGigE1/0/16:2,1904052,7545254076,1907609,7545905718,40.54,40.54
2024/05/24 星期五 00:21:14.631,1716481274631,NH-DC-NM129-H06-ROCE-Leaf-16.GPU.S9825,TwoHundredGigE1/0/16:2,1936312,7673137860,1939905,7673375187,23.91,23.91
2024/05/24 星期五 00:21:15.130,1716481275130,NH-DC-NM129-H06-ROCE-Leaf-16.GPU.S9825,TwoHundredGigE1/0/16:2,2798625,11254450178,2806063,11255425680,90.18,90.18
2024/05/24 星期五 00:21:15.706,1716481275706,NH-DC-NM129-H06-ROCE-Leaf-16.GPU.S9825,TwoHundredGigE1/0/16:2,0,0,0,0,0,0
2024/05/24 星期五 00:21:16.233,1716481276233,NH-DC-NM129-H06-ROCE-Leaf-16.GPU.S9825,TwoHundredGigE1/0/16:2,1986207,7869346002,1989513,7869496673,59.66,59.66
2024/05/24 星期五 00:21:17.618,1716481277618,NH-DC-NM129-H06-ROCE-Leaf-16.GPU.S9825,TwoHundredGigE1/0/16:2,2130293,8440477458,2134024,8441069112,24.38,24.38
2024/05/24 星期五 00:21:18.118,1716481278118,NH-DC-NM129-H06-ROCE-Leaf-16.GPU.S9825,TwoHundredGigE1/0/16:2,1551294,6140604636,1555325,6150515055,49.12,49.2
2024/05/24 星期五 00:21:18.710,1716481278710,NH-DC-NM129-H06-ROCE-Leaf-16.GPU.S9825,TwoHundredGigE1/0/16:2,0,0,0,0,0,0
2024/05/24 星期五 00:21:19.269,1716481279269,NH-DC-NM129-H06-ROCE-Leaf-16.GPU.S9825,TwoHundredGigE1/0/16:2,3072840,12343817664,3073736,12315682666,88.30,88.09
2024/05/24 星期五 00:21:20.110,1716481280110,NH-DC-NM129-H06-ROCE-Leaf-16.GPU.S9825,TwoHundredGigE1/0/16:2,1742830,6905839420,1750591,6925376181,32.82,32.91
2024/05/24 星期五 00:21:21.105,1716481281105,NH-DC-NM129-H06-ROCE-Leaf-16.GPU.S9825,TwoHundredGigE1/0/16:2,2130919,8440524490,2133989,8440997926,33.93,33.93
2024/05/24 星期五 00:21:23.043,1716481283043,NH-DC-NM129-H06-ROCE-Leaf-16.GPU.S9825,TwoHundredGigE1/0/16:2,4859020,19416323756,4869938,19418436489,40.06,40.06
2024/05/24 星期五 00:21:23.774,1716481283774,NH-DC-NM129-H06-ROCE-Leaf-16.GPU.S9825,TwoHundredGigE1/0/16:2,0,0,0,0,0,0
2024/05/24 星期五 00:21:24.368,1716481284368,NH-DC-NM129-H06-ROCE-Leaf-16.GPU.S9825,TwoHundredGigE1/0/16:2,2122645,8403875706,2124666,8403219057,56.57,56.57
2024/05/24 星期五 00:21:24.870,1716481284870,NH-DC-NM129-H06-ROCE-Leaf-16.GPU.S9825,TwoHundredGigE1/0/16:2,0,0,0,0,0,0
2024/05/24 星期五 00:21:25.445,1716481285445,NH-DC-NM129-H06-ROCE-Leaf-16.GPU.S9825,TwoHundredGigE1/0/16:2,1807906,7162027024,1810820,7161834072,49.81,49.81
2024/05/24 星期五 00:21:25.983,1716481285983,NH-DC-NM129-H06-ROCE-Leaf-16.GPU.S9825,TwoHundredGigE1/0/16:2,0,0,0,0,0,0
2024/05/24 星期五 00:21:26.592,1716481286592,NH-DC-NM129-H06-ROCE-Leaf-16.GPU.S9825,TwoHundredGigE1/0/16:2,3074470,12345862324,3082385,12346871563,81.05,81.05
2024/05/24 星期五 00:21:27.402,1716481287402,NH-DC-NM129-H06-ROCE-Leaf-16.GPU.S9825,TwoHundredGigE1/0/16:2,1807360,7161604768,1810568,7161816048,35.36,35.36
2024/05/24 星期五 00:21:28.654,1716481288654,NH-DC-NM129-H06-ROCE-Leaf-16.GPU.S9825,TwoHundredGigE1/0/16:2,1919305,7605832740,1922428,7603776439,24.28,24.28
2024/05/24 星期五 00:21:29.154,1716481289154,NH-DC-NM129-H06-ROCE-Leaf-16.GPU.S9825,TwoHundredGigE1/0/16:2,1880698,7434258946,1883320,7434454330,59.44,59.44
2024/05/24 星期五 00:21:29.818,1716481289818,NH-DC-NM129-H06-ROCE-Leaf-16.GPU.S9825,TwoHundredGigE1/0/16:2,0,0,0,0,0,0
2024/05/24 星期五 00:21:30.397,1716481290397,NH-DC-NM129-H06-ROCE-Leaf-16.GPU.S9825,TwoHundredGigE1/0/16:2,2857472,11503653588,2865896,11504558668,79.45,79.45
2024/05/24 星期五 00:21:31.130,1716481291130,NH-DC-NM129-H06-ROCE-Leaf-16.GPU.S9825,TwoHundredGigE1/0/16:2,1856859,7357384352,1861094,7362400004,40.11,40.16
2024/05/24 星期五 00:21:32.278,1716481292278,NH-DC-NM129-H06-ROCE-Leaf-16.GPU.S9825,TwoHundredGigE1/0/16:2,1952046,7735858438,1954306,7729007781,26.93,26.90
2024/05/24 星期五 00:21:32.828,1716481292828,NH-DC-NM129-H06-ROCE-Leaf-16.GPU.S9825,TwoHundredGigE1/0/16:2,0,0,0,0,0,0
2024/05/24 星期五 00:21:33.461,1716481293461,NH-DC-NM129-H06-ROCE-Leaf-16.GPU.S9825,TwoHundredGigE1/0/16:2,2696255,10848518034,2703899,10850147454,68.50,68.56
2024/05/24 星期五 00:21:34.094,1716481294094,NH-DC-NM129-H06-ROCE-Leaf-16.GPU.S9825,TwoHundredGigE1/0/16:2,2180728,8641222154,2184581,8641550403,54.60,54.60
2024/05/24 星期五 00:21:34.694,1716481294694,NH-DC-NM129-H06-ROCE-Leaf-16.GPU.S9825,TwoHundredGigE1/0/16:2,0,0,0,0,0,0
2024/05/24 星期五 00:21:35.209,1716481295209,NH-DC-NM129-H06-ROCE-Leaf-16.GPU.S9825,TwoHundredGigE1/0/16:2,2296827,9097656364,2300100,9097501292,70.60,70.60
2024/05/24 星期五 00:21:35.816,1716481295816,NH-DC-NM129-H06-ROCE-Leaf-16.GPU.S9825,TwoHundredGigE1/0/16:2,0,0,0,0,0,0
2024/05/24 星期五 00:21:36.317,1716481296317,NH-DC-NM129-H06-ROCE-Leaf-16.GPU.S9825,TwoHundredGigE1/0/16:2,1613705,6394290054,1619046,6403025321,51.02,51.10
2024/05/24 星期五 00:21:37.073,1716481297073,NH-DC-NM129-H06-ROCE-Leaf-16.GPU.S9825,TwoHundredGigE1/0/16:2,2894006,11634536712,2900029,11628880950,61.53,61.48
2024/05/24 星期五 00:21:37.727,1716481297727,NH-DC-NM129-H06-ROCE-Leaf-16.GPU.S9825,TwoHundredGigE1/0/16:2,0,0,0,0,0,0
2024/05/24 星期五 00:21:38.225,1716481298225,NH-DC-NM129-H06-ROCE-Leaf-16.GPU.S9825,TwoHundredGigE1/0/16:2,1664062,6593999908,1666558,6592392825,52.93,52.93
2024/05/24 星期五 00:21:38.771,1716481298771,NH-DC-NM129-H06-ROCE-Leaf-16.GPU.S9825,TwoHundredGigE1/0/16:2,0,0,0,0,0,0
2024/05/24 星期五 00:21:39.333,1716481299333,NH-DC-NM129-H06-ROCE-Leaf-16.GPU.S9825,TwoHundredGigE1/0/16:2,2097949,8312585486,2101485,8313026434,59.15,59.15
2024/05/24 星期五 00:21:39.839,1716481299839,NH-DC-NM129-H06-ROCE-Leaf-16.GPU.S9825,TwoHundredGigE1/0/16:2,0,0,0,0,0,0
2024/05/24 星期五 00:21:40.429,1716481300429,NH-DC-NM129-H06-ROCE-Leaf-16.GPU.S9825,TwoHundredGigE1/0/16:2,1830349,7237580140,1832468,7236610121,49.02,49.02
2024/05/24 星期五 00:21:41.080,1716481301080,NH-DC-NM129-H06-ROCE-Leaf-16.GPU.S9825,TwoHundredGigE1/0/16:2,2856939,11502508708,2865233,11504583066,70.66,70.66
2024/05/24 星期五 00:21:41.615,1716481301615,NH-DC-NM129-H06-ROCE-Leaf-16.GPU.S9825,TwoHundredGigE1/0/16:2,0,0,0,0,0,0
2024/05/24 星期五 00:21:42.118,1716481302118,NH-DC-NM129-H06-ROCE-Leaf-16.GPU.S9825,TwoHundredGigE1/0/16:2,1966289,7787756324,1970134,7792749777,61.87,61.95
2024/05/24 星期五 00:21:42.705,1716481302705,NH-DC-NM129-H06-ROCE-Leaf-16.GPU.S9825,TwoHundredGigE1/0/16:2,0,0,0,0,0,0
2024/05/24 星期五 00:21:43.302,1716481303302,NH-DC-NM129-H06-ROCE-Leaf-16.GPU.S9825,TwoHundredGigE1/0/16:2,1778342,7047059842,1780432,7042728924,47.17,47.17
2024/05/24 星期五 00:21:44.011,1716481304011,NH-DC-NM129-H06-ROCE-Leaf-16.GPU.S9825,TwoHundredGigE1/0/16:2,2496100,10028552168,2502317,10030248825,56.53,56.59
2024/05/24 星期五 00:21:44.680,1716481304680,NH-DC-NM129-H06-ROCE-Leaf-16.GPU.S9825,TwoHundredGigE1/0/16:2,0,0,0,0,0,0
2024/05/24 星期五 00:21:45.204,1716481305204,NH-DC-NM129-H06-ROCE-Leaf-16.GPU.S9825,TwoHundredGigE1/0/16:2,2256024,8967329980,2260466,8966612694,68.40,68.40
2024/05/24 星期五 00:21:45.755,1716481305755,NH-DC-NM129-H06-ROCE-Leaf-16.GPU.S9825,TwoHundredGigE1/0/16:2,0,0,0,0,0,0
2024/05/24 星期五 00:21:46.345,1716481306345,NH-DC-NM129-H06-ROCE-Leaf-16.GPU.S9825,TwoHundredGigE1/0/16:2,2247160,8903360582,2251373,8905219183,60.34,60.34
2024/05/24 星期五 00:21:46.899,1716481306899,NH-DC-NM129-H06-ROCE-Leaf-16.GPU.S9825,TwoHundredGigE1/0/16:2,0,0,0,0,0,0
2024/05/24 星期五 00:21:47.588,1716481307588,NH-DC-NM129-H06-ROCE-Leaf-16.GPU.S9825,TwoHundredGigE1/0/16:2,1755005,6954493452,1757987,6953454266,40.35,40.35
2024/05/24 星期五 00:21:48.250,1716481308250,NH-DC-NM129-H06-ROCE-Leaf-16.GPU.S9825,TwoHundredGigE1/0/16:2,2977260,11962174892,2984355,11963129995,72.27,72.27
2024/05/24 星期五 00:21:48.753,1716481308753,NH-DC-NM129-H06-ROCE-Leaf-16.GPU.S9825,TwoHundredGigE1/0/16:2,0,0,0,0,0,0
2024/05/24 星期五 00:21:49.345,1716481309345,NH-DC-NM129-H06-ROCE-Leaf-16.GPU.S9825,TwoHundredGigE1/0/16:2,1711073,6777988914,1713421,6778136922,45.74,45.74
2024/05/24 星期五 00:21:49.873,1716481309873,NH-DC-NM129-H06-ROCE-Leaf-16.GPU.S9825,TwoHundredGigE1/0/16:2,0,0,0,0,0,0
2024/05/24 星期五 00:21:50.373,1716481310373,NH-DC-NM129-H06-ROCE-Leaf-16.GPU.S9825,TwoHundredGigE1/0/16:2,2130136,8440466124,2134091,8441214167,67.52,67.52
2024/05/24 星期五 00:21:51.095,1716481311095,NH-DC-NM129-H06-ROCE-Leaf-16.GPU.S9825,TwoHundredGigE1/0/16:2,2012571,7994332500,2016397,7995483172,44.27,44.27
2024/05/24 星期五 00:21:51.748,1716481311748,NH-DC-NM129-H06-ROCE-Leaf-16.GPU.S9825,TwoHundredGigE1/0/16:2,0,0,0,0,0,0
2024/05/24 星期五 00:21:52.249,1716481312249,NH-DC-NM129-H06-ROCE-Leaf-16.GPU.S9825,TwoHundredGigE1/0/16:2,2739516,11001546382,2746682,11001536943,87.82,87.82
2024/05/24 星期五 00:21:52.824,1716481312824,NH-DC-NM129-H06-ROCE-Leaf-16.GPU.S9825,TwoHundredGigE1/0/16:2,0,0,0,0,0,0
2024/05/24 星期五 00:21:53.373,1716481313373,NH-DC-NM129-H06-ROCE-Leaf-16.GPU.S9825,TwoHundredGigE1/0/16:2,1854489,7348721188,1857278,7346790152,53.48,53.48
2024/05/24 星期五 00:21:54.018,1716481314018,NH-DC-NM129-H06-ROCE-Leaf-16.GPU.S9825,TwoHundredGigE1/0/16:2,1985795,7868825546,1990146,7870987643,48.74,48.81
2024/05/24 星期五 00:21:54.578,1716481314578,NH-DC-NM129-H06-ROCE-Leaf-16.GPU.S9825,TwoHundredGigE1/0/16:2,0,0,0,0,0,0
2024/05/24 星期五 00:21:55.549,1716481315549,NH-DC-NM129-H06-ROCE-Leaf-16.GPU.S9825,TwoHundredGigE1/0/16:2,2687400,10812087326,2694087,10813462956,44.53,44.53
2024/05/24 星期五 00:21:56.186,1716481316186,NH-DC-NM129-H06-ROCE-Leaf-16.GPU.S9825,TwoHundredGigE1/0/16:2,2097867,8312580390,2101552,8312821701,52.18,52.18
2024/05/24 星期五 00:21:56.738,1716481316738,NH-DC-NM129-H06-ROCE-Leaf-16.GPU.S9825,TwoHundredGigE1/0/16:2,0,0,0,0,0,0
2024/05/24 星期五 00:21:58.278,1716481318278,NH-DC-NM129-H06-ROCE-Leaf-16.GPU.S9825,TwoHundredGigE1/0/16:2,3743694,14834745616,3750919,14835850255,38.52,38.52
2024/05/24 星期五 00:21:58.865,1716481318865,NH-DC-NM129-H06-ROCE-Leaf-16.GPU.S9825,TwoHundredGigE1/0/16:2,0,0,0,0,0,0
2024/05/24 星期五 00:21:59.949,1716481319949,NH-DC-NM129-H06-ROCE-Leaf-16.GPU.S9825,TwoHundredGigE1/0/16:2,3402480,13646553900,3411746,13652615032,50.33,50.37
2024/05/24 星期五 00:22:00.449,1716481320449,NH-DC-NM129-H06-ROCE-Leaf-16.GPU.S9825,TwoHundredGigE1/0/16:2,1608547,6372457386,1610118,6367734896,50.96,50.88
2024/05/24 星期五 00:22:01.259,1716481321259,NH-DC-NM129-H06-ROCE-Leaf-16.GPU.S9825,TwoHundredGigE1/0/16:2,2097846,8312584300,2101622,8313043736,41.04,41.04
2024/05/24 星期五 00:22:01.788,1716481321788,NH-DC-NM129-H06-ROCE-Leaf-16.GPU.S9825,TwoHundredGigE1/0/16:2,0,0,0,0,0,0
2024/05/24 星期五 00:22:02.346,1716481322346,NH-DC-NM129-H06-ROCE-Leaf-16.GPU.S9825,TwoHundredGigE1/0/16:2,2785949,11204481190,2795622,11214872217,80.29,80.36
2024/05/24 星期五 00:22:02.983,1716481322983,NH-DC-NM129-H06-ROCE-Leaf-16.GPU.S9825,TwoHundredGigE1/0/16:2,0,0,0,0,0,0
2024/05/24 星期五 00:22:03.484,1716481323484,NH-DC-NM129-H06-ROCE-Leaf-16.GPU.S9825,TwoHundredGigE1/0/16:2,1998449,7919283850,1999930,7910046248,63.15,63.15
2024/05/24 星期五 00:22:04.056,1716481324056,NH-DC-NM129-H06-ROCE-Leaf-16.GPU.S9825,TwoHundredGigE1/0/16:2,2130436,8440489092,2134269,8441088603,59.02,59.02
2024/05/24 星期五 00:22:04.670,1716481324670,NH-DC-NM129-H06-ROCE-Leaf-16.GPU.S9825,TwoHundredGigE1/0/16:2,0,0,0,0,0,0
2024/05/24 星期五 00:22:05.190,1716481325190,NH-DC-NM129-H06-ROCE-Leaf-16.GPU.S9825,TwoHundredGigE1/0/16:2,1742766,6905829964,1745744,6906026236,53.08,53.08
2024/05/24 星期五 00:22:05.831,1716481325831,NH-DC-NM129-H06-ROCE-Leaf-16.GPU.S9825,TwoHundredGigE1/0/16:2,0,0,0,0,0,0
2024/05/24 星期五 00:22:06.335,1716481326335,NH-DC-NM129-H06-ROCE-Leaf-16.GPU.S9825,TwoHundredGigE1/0/16:2,2716799,10930733394,2724475,10932660007,86.75,86.75
2024/05/24 星期五 00:22:07.027,1716481327027,NH-DC-NM129-H06-ROCE-Leaf-16.GPU.S9825,TwoHundredGigE1/0/16:2,1990796,7888656028,1996005,7895354588,45.55,45.61
2024/05/24 星期五 00:22:07.873,1716481327873,NH-DC-NM129-H06-ROCE-Leaf-16.GPU.S9825,TwoHundredGigE1/0/16:2,0,0,0,0,0,0
2024/05/24 星期五 00:22:08.400,1716481328400,NH-DC-NM129-H06-ROCE-Leaf-16.GPU.S9825,TwoHundredGigE1/0/16:2,2045919,8105442722,2048142,8098578935,61.48,61.40
2024/05/24 星期五 00:22:08.927,1716481328927,NH-DC-NM129-H06-ROCE-Leaf-16.GPU.S9825,TwoHundredGigE1/0/16:2,0,0,0,0,0,0
2024/05/24 星期五 00:22:10.364,1716481330364,NH-DC-NM129-H06-ROCE-Leaf-16.GPU.S9825,TwoHundredGigE1/0/16:2,4883042,19507563582,4892795,19508612944,54.28,54.28
2024/05/24 星期五 00:22:11.094,1716481331094,NH-DC-NM129-H06-ROCE-Leaf-16.GPU.S9825,TwoHundredGigE1/0/16:2,1933009,7660284892,1935059,7653594996,41.97,41.92
2024/05/24 星期五 00:22:11.718,1716481331718,NH-DC-NM129-H06-ROCE-Leaf-16.GPU.S9825,TwoHundredGigE1/0/16:2,0,0,0,0,0,0
2024/05/24 星期五 00:22:12.217,1716481332217,NH-DC-NM129-H06-ROCE-Leaf-16.GPU.S9825,TwoHundredGigE1/0/16:2,2003962,7941739270,1999622,7906870027,63.65,63.33
2024/05/24 星期五 00:22:12.940,1716481332940,NH-DC-NM129-H06-ROCE-Leaf-16.GPU.S9825,TwoHundredGigE1/0/16:2,0,0,0,0,0,0
2024/05/24 星期五 00:22:13.490,1716481333490,NH-DC-NM129-H06-ROCE-Leaf-16.GPU.S9825,TwoHundredGigE1/0/16:2,2143810,8606130606,2159055,8652316006,62.55,62.91
2024/05/24 星期五 00:22:14.004,1716481334004,NH-DC-NM129-H06-ROCE-Leaf-16.GPU.S9825,TwoHundredGigE1/0/16:2,2356130,9387418306,2361142,9386194217,73.00,73.00
2024/05/24 星期五 00:22:14.719,1716481334719,NH-DC-NM129-H06-ROCE-Leaf-16.GPU.S9825,TwoHundredGigE1/0/16:2,0,0,0,0,0,0
2024/05/24 星期五 00:22:15.333,1716481335333,NH-DC-NM129-H06-ROCE-Leaf-16.GPU.S9825,TwoHundredGigE1/0/16:2,2213022,8768666126,2217095,8770537910,57.07,57.13
2024/05/24 星期五 00:22:15.835,1716481335835,NH-DC-NM129-H06-ROCE-Leaf-16.GPU.S9825,TwoHundredGigE1/0/16:2,0,0,0,0,0,0
2024/05/24 星期五 00:22:16.408,1716481336408,NH-DC-NM129-H06-ROCE-Leaf-16.GPU.S9825,TwoHundredGigE1/0/16:2,1784212,7068525866,1787428,7066307885,49.28,49.28
2024/05/24 星期五 00:22:17.003,1716481337003,NH-DC-NM129-H06-ROCE-Leaf-16.GPU.S9825,TwoHundredGigE1/0/16:2,0,0,0,0,0,0
2024/05/24 星期五 00:22:17.583,1716481337583,NH-DC-NM129-H06-ROCE-Leaf-16.GPU.S9825,TwoHundredGigE1/0/16:2,2879904,11578482520,2887425,11579187266,79.79,79.79
2024/05/24 星期五 00:22:18.195,1716481338195,NH-DC-NM129-H06-ROCE-Leaf-16.GPU.S9825,TwoHundredGigE1/0/16:2,1678186,6650056044,1681278,6650259765,43.46,43.46
2024/05/24 星期五 00:22:18.738,1716481338738,NH-DC-NM129-H06-ROCE-Leaf-16.GPU.S9825,TwoHundredGigE1/0/16:2,0,0,0,0,0,0
2024/05/24 星期五 00:22:19.250,1716481339250,NH-DC-NM129-H06-ROCE-Leaf-16.GPU.S9825,TwoHundredGigE1/0/16:2,2130054,8440459796,2133928,8441272092,65.94,65.94
2024/05/24 星期五 00:22:19.928,1716481339928,NH-DC-NM129-H06-ROCE-Leaf-16.GPU.S9825,TwoHundredGigE1/0/16:2,0,0,0,0,0,0
2024/05/24 星期五 00:22:22.209,1716481342209,NH-DC-NM129-H06-ROCE-Leaf-16.GPU.S9825,TwoHundredGigE1/0/16:2,6698797,26711244034,6713975,26715836890,46.84,46.84
2024/05/24 星期五 00:22:23.392,1716481343392,NH-DC-NM129-H06-ROCE-Leaf-16.GPU.S9825,TwoHundredGigE1/0/16:2,1862206,7379000778,1865399,7378564338,24.92,24.92
2024/05/24 星期五 00:22:23.958,1716481343958,NH-DC-NM129-H06-ROCE-Leaf-16.GPU.S9825,TwoHundredGigE1/0/16:2,0,0,0,0,0,0
2024/05/24 星期五 00:22:24.459,1716481344459,NH-DC-NM129-H06-ROCE-Leaf-16.GPU.S9825,TwoHundredGigE1/0/16:2,2976134,11959457034,2983119,11957180301,95.41,95.41
2024/05/24 星期五 00:22:25.060,1716481345060,NH-DC-NM129-H06-ROCE-Leaf-16.GPU.S9825,TwoHundredGigE1/0/16:2,2065571,8184692322,2069294,8184938120,54.44,54.44
2024/05/24 星期五 00:22:25.856,1716481345856,NH-DC-NM129-H06-ROCE-Leaf-16.GPU.S9825,TwoHundredGigE1/0/16:2,0,0,0,0,0,0
2024/05/24 星期五 00:22:26.376,1716481346376,NH-DC-NM129-H06-ROCE-Leaf-16.GPU.S9825,TwoHundredGigE1/0/16:2,2291506,9080503936,2295970,9080747325,69.85,69.85
2024/05/24 星期五 00:22:27.078,1716481347078,NH-DC-NM129-H06-ROCE-Leaf-16.GPU.S9825,TwoHundredGigE1/0/16:2,1603999,6355245264,1608159,6361313278,36.18,36.24
2024/05/24 星期五 00:22:27.603,1716481347603,NH-DC-NM129-H06-ROCE-Leaf-16.GPU.S9825,TwoHundredGigE1/0/16:2,0,0,0,0,0,0
2024/05/24 星期五 00:22:28.106,1716481348106,NH-DC-NM129-H06-ROCE-Leaf-16.GPU.S9825,TwoHundredGigE1/0/16:2,2633678,10601315804,2639096,10596284933,84.29,84.21
2024/05/24 星期五 00:22:28.927,1716481348927,NH-DC-NM129-H06-ROCE-Leaf-16.GPU.S9825,TwoHundredGigE1/0/16:2,1870095,7410531216,1873629,7410777070,36.10,36.10
2024/05/24 星期五 00:22:30.930,1716481350930,NH-DC-NM129-H06-ROCE-Leaf-16.GPU.S9825,TwoHundredGigE1/0/16:2,2073370,8216019168,2078469,8221338708,16.40,16.42
2024/05/24 星期五 00:22:31.924,1716481351924,NH-DC-NM129-H06-ROCE-Leaf-16.GPU.S9825,TwoHundredGigE1/0/16:2,2078468,8254591530,2080085,8247223236,33.20,33.16
2024/05/24 星期五 00:22:32.572,1716481352572,NH-DC-NM129-H06-ROCE-Leaf-16.GPU.S9825,TwoHundredGigE1/0/16:2,2731511,10967482616,2739019,10969610815,67.65,67.65
2024/05/24 星期五 00:22:33.137,1716481353137,NH-DC-NM129-H06-ROCE-Leaf-16.GPU.S9825,TwoHundredGigE1/0/16:2,1800011,7136601764,1783020,7050256044,50.48,49.91
2024/05/24 星期五 00:22:33.846,1716481353846,NH-DC-NM129-H06-ROCE-Leaf-16.GPU.S9825,TwoHundredGigE1/0/16:2,0,0,0,0,0,0
2024/05/24 星期五 00:22:34.346,1716481354346,NH-DC-NM129-H06-ROCE-Leaf-16.GPU.S9825,TwoHundredGigE1/0/16:2,1983857,7858167298,2007489,7944353683,62.8,63.52
2024/05/24 星期五 00:22:34.847,1716481354847,NH-DC-NM129-H06-ROCE-Leaf-16.GPU.S9825,TwoHundredGigE1/0/16:2,0,0,0,0,0,0
2024/05/24 星期五 00:22:35.400,1716481355400,NH-DC-NM129-H06-ROCE-Leaf-16.GPU.S9825,TwoHundredGigE1/0/16:2,2695706,10848157006,2704637,10855368830,78.41,78.48
2024/05/24 星期五 00:22:36.105,1716481356105,NH-DC-NM129-H06-ROCE-Leaf-16.GPU.S9825,TwoHundredGigE1/0/16:2,2103926,8336866136,2108962,8341867647,47.26,47.32
2024/05/24 星期五 00:22:36.631,1716481356631,NH-DC-NM129-H06-ROCE-Leaf-16.GPU.S9825,TwoHundredGigE1/0/16:2,0,0,0,0,0,0
2024/05/24 星期五 00:22:37.451,1716481357451,NH-DC-NM129-H06-ROCE-Leaf-16.GPU.S9825,TwoHundredGigE1/0/16:2,2299934,9114337732,2301990,9105241322,44.44,44.39
2024/05/24 星期五 00:22:37.952,1716481357952,NH-DC-NM129-H06-ROCE-Leaf-16.GPU.S9825,TwoHundredGigE1/0/16:2,0,0,0,0,0,0
2024/05/24 星期五 00:22:38.453,1716481358453,NH-DC-NM129-H06-ROCE-Leaf-16.GPU.S9825,TwoHundredGigE1/0/16:2,1509836,5983107528,1513166,5985466345,47.74,47.74
2024/05/24 星期五 00:22:39.237,1716481359237,NH-DC-NM129-H06-ROCE-Leaf-16.GPU.S9825,TwoHundredGigE1/0/16:2,2596869,10455060026,2603057,10453468254,53.32,53.32
2024/05/24 星期五 00:22:39.783,1716481359783,NH-DC-NM129-H06-ROCE-Leaf-16.GPU.S9825,TwoHundredGigE1/0/16:2,0,0,0,0,0,0
2024/05/24 星期五 00:22:40.312,1716481360312,NH-DC-NM129-H06-ROCE-Leaf-16.GPU.S9825,TwoHundredGigE1/0/16:2,1952670,7736826762,1955467,7734691795,58.45,58.45
2024/05/24 星期五 00:22:41.014,1716481361014,NH-DC-NM129-H06-ROCE-Leaf-16.GPU.S9825,TwoHundredGigE1/0/16:2,0,0,0,0,0,0
2024/05/24 星期五 00:22:41.513,1716481361513,NH-DC-NM129-H06-ROCE-Leaf-16.GPU.S9825,TwoHundredGigE1/0/16:2,2049893,8121056572,2054403,8124161586,65.09,65.09
2024/05/24 星期五 00:22:42.014,1716481362014,NH-DC-NM129-H06-ROCE-Leaf-16.GPU.S9825,TwoHundredGigE1/0/16:2,2077921,8235821380,2080171,8231190263,65.71,65.71
2024/05/24 星期五 00:22:42.691,1716481362691,NH-DC-NM129-H06-ROCE-Leaf-16.GPU.S9825,TwoHundredGigE1/0/16:2,0,0,0,0,0,0
2024/05/24 星期五 00:22:43.336,1716481363336,NH-DC-NM129-H06-ROCE-Leaf-16.GPU.S9825,TwoHundredGigE1/0/16:2,2738673,11015824260,2747977,11021914370,68.28,68.34
2024/05/24 星期五 00:22:44.050,1716481364050,NH-DC-NM129-H06-ROCE-Leaf-16.GPU.S9825,TwoHundredGigE1/0/16:2,1678776,6651359496,1681527,6650628279,37.25,37.25
2024/05/24 星期五 00:22:44.651,1716481364651,NH-DC-NM129-H06-ROCE-Leaf-16.GPU.S9825,TwoHundredGigE1/0/16:2,0,0,0,0,0,0
2024/05/24 星期五 00:22:45.151,1716481365151,NH-DC-NM129-H06-ROCE-Leaf-16.GPU.S9825,TwoHundredGigE1/0/16:2,2107391,8349071866,2119515,8385367710,66.72,67.04
2024/05/24 星期五 00:22:45.752,1716481365752,NH-DC-NM129-H06-ROCE-Leaf-16.GPU.S9825,TwoHundredGigE1/0/16:2,0,0,0,0,0,0
2024/05/24 星期五 00:22:46.482,1716481366482,NH-DC-NM129-H06-ROCE-Leaf-16.GPU.S9825,TwoHundredGigE1/0/16:2,2629309,10586723124,2630399,10550168163,57.97,57.81
2024/05/24 星期五 00:22:46.997,1716481366997,NH-DC-NM129-H06-ROCE-Leaf-16.GPU.S9825,TwoHundredGigE1/0/16:2,0,0,0,0,0,0
2024/05/24 星期五 00:22:47.672,1716481367672,NH-DC-NM129-H06-ROCE-Leaf-16.GPU.S9825,TwoHundredGigE1/0/16:2,2080230,8244727082,2084322,8246613904,48.83,48.83
2024/05/24 星期五 00:22:48.228,1716481368228,NH-DC-NM129-H06-ROCE-Leaf-16.GPU.S9825,TwoHundredGigE1/0/16:2,1936515,7673153294,1939941,7673656951,55.18,55.18
2024/05/24 星期五 00:22:48.730,1716481368730,NH-DC-NM129-H06-ROCE-Leaf-16.GPU.S9825,TwoHundredGigE1/0/16:2,0,0,0,0,0,0
2024/05/24 星期五 00:22:49.354,1716481369354,NH-DC-NM129-H06-ROCE-Leaf-16.GPU.S9825,TwoHundredGigE1/0/16:2,1840226,7289536732,1844031,7289790462,46.67,46.67
2024/05/24 星期五 00:22:50.044,1716481370044,NH-DC-NM129-H06-ROCE-Leaf-16.GPU.S9825,TwoHundredGigE1/0/16:2,0,0,0,0,0,0
2024/05/24 星期五 00:22:51.353,1716481371353,NH-DC-NM129-H06-ROCE-Leaf-16.GPU.S9825,TwoHundredGigE1/0/16:2,5089469,20331863324,5098175,20318431475,62.12,62.06
2024/05/24 星期五 00:22:51.854,1716481371854,NH-DC-NM129-H06-ROCE-Leaf-16.GPU.S9825,TwoHundredGigE1/0/16:2,0,0,0,0,0,0
2024/05/24 星期五 00:22:52.351,1716481372351,NH-DC-NM129-H06-ROCE-Leaf-16.GPU.S9825,TwoHundredGigE1/0/16:2,2116109,8383388324,2123165,8398895003,67.44,67.53
2024/05/24 星期五 00:22:53.113,1716481373113,NH-DC-NM129-H06-ROCE-Leaf-16.GPU.S9825,TwoHundredGigE1/0/16:2,2524379,10112840564,2533926,10130697630,53.07,53.18
2024/05/24 星期五 00:22:53.647,1716481373647,NH-DC-NM129-H06-ROCE-Leaf-16.GPU.S9825,TwoHundredGigE1/0/16:2,0,0,0,0,0,0
2024/05/24 星期五 00:22:57.517,1716481377517,NH-DC-NM129-H06-ROCE-Leaf-16.GPU.S9825,TwoHundredGigE1/0/16:2,9719264,38732017520,9735117,38712316152,40.03,40.01
2024/05/24 星期五 00:22:58.022,1716481378022,NH-DC-NM129-H06-ROCE-Leaf-16.GPU.S9825,TwoHundredGigE1/0/16:2,0,0,0,0,0,0
2024/05/24 星期五 00:22:58.563,1716481378563,NH-DC-NM129-H06-ROCE-Leaf-16.GPU.S9825,TwoHundredGigE1/0/16:2,1554500,6159887658,1557439,6160707469,45.47,45.55
2024/05/24 星期五 00:22:59.236,1716481379236,NH-DC-NM129-H06-ROCE-Leaf-16.GPU.S9825,TwoHundredGigE1/0/16:2,2035829,8064809456,2039341,8066180890,47.90,47.90
2024/05/24 星期五 00:22:59.939,1716481379939,NH-DC-NM129-H06-ROCE-Leaf-16.GPU.S9825,TwoHundredGigE1/0/16:2,0,0,0,0,0,0
2024/05/24 星期五 00:23:00.462,1716481380462,NH-DC-NM129-H06-ROCE-Leaf-16.GPU.S9825,TwoHundredGigE1/0/16:2,2515517,10062367714,2517389,10047014126,76.94,76.79
2024/05/24 星期五 00:23:01.060,1716481381060,NH-DC-NM129-H06-ROCE-Leaf-16.GPU.S9825,TwoHundredGigE1/0/16:2,2428487,9692884252,2437126,9708340372,64.82,64.88
2024/05/24 星期五 00:23:01.678,1716481381678,NH-DC-NM129-H06-ROCE-Leaf-16.GPU.S9825,TwoHundredGigE1/0/16:2,0,0,0,0,0,0
2024/05/24 星期五 00:23:02.354,1716481382354,NH-DC-NM129-H06-ROCE-Leaf-16.GPU.S9825,TwoHundredGigE1/0/16:2,2129672,8432971652,2133073,8436648689,49.88,49.88
2024/05/24 星期五 00:23:03.030,1716481383030,NH-DC-NM129-H06-ROCE-Leaf-16.GPU.S9825,TwoHundredGigE1/0/16:2,1692318,6706252938,1694578,6702352692,39.64,39.64
2024/05/24 星期五 00:23:03.570,1716481383570,NH-DC-NM129-H06-ROCE-Leaf-16.GPU.S9825,TwoHundredGigE1/0/16:2,0,0,0,0,0,0
2024/05/24 星期五 00:23:04.079,1716481384079,NH-DC-NM129-H06-ROCE-Leaf-16.GPU.S9825,TwoHundredGigE1/0/16:2,2635646,10608256784,2643264,10613235795,83.30,83.38
2024/05/24 星期五 00:23:04.606,1716481384606,NH-DC-NM129-H06-ROCE-Leaf-16.GPU.S9825,TwoHundredGigE1/0/16:2,0,0,0,0,0,0
2024/05/24 星期五 00:23:05.275,1716481385275,NH-DC-NM129-H06-ROCE-Leaf-16.GPU.S9825,TwoHundredGigE1/0/16:2,2001845,7932601082,2004760,7929509399,47.41,47.35
2024/05/24 星期五 00:23:05.887,1716481385887,NH-DC-NM129-H06-ROCE-Leaf-16.GPU.S9825,TwoHundredGigE1/0/16:2,0,0,0,0,0,0
2024/05/24 星期五 00:23:06.530,1716481386530,NH-DC-NM129-H06-ROCE-Leaf-16.GPU.S9825,TwoHundredGigE1/0/16:2,2264917,8974792702,2268993,8975564773,55.80,55.80
2024/05/24 星期五 00:23:07.447,1716481387447,NH-DC-NM129-H06-ROCE-Leaf-16.GPU.S9825,TwoHundredGigE1/0/16:2,1787810,7080575812,1792075,7086422764,30.88,30.88
2024/05/24 星期五 00:23:08.046,1716481388046,NH-DC-NM129-H06-ROCE-Leaf-16.GPU.S9825,TwoHundredGigE1/0/16:2,3007500,12087951746,3013981,12079306609,80.67,80.60
2024/05/24 星期五 00:23:08.660,1716481388660,NH-DC-NM129-H06-ROCE-Leaf-16.GPU.S9825,TwoHundredGigE1/0/16:2,0,0,0,0,0,0
2024/05/24 星期五 00:23:09.268,1716481389268,NH-DC-NM129-H06-ROCE-Leaf-16.GPU.S9825,TwoHundredGigE1/0/16:2,1634998,6477413018,1638750,6481931268,42.57,42.63
2024/05/24 星期五 00:23:09.961,1716481389961,NH-DC-NM129-H06-ROCE-Leaf-16.GPU.S9825,TwoHundredGigE1/0/16:2,0,0,0,0,0,0
2024/05/24 星期五 00:23:10.485,1716481390485,NH-DC-NM129-H06-ROCE-Leaf-16.GPU.S9825,TwoHundredGigE1/0/16:2,2162345,8568345870,2166146,8568596305,65.34,65.34
2024/05/24 星期五 00:23:11.102,1716481391102,NH-DC-NM129-H06-ROCE-Leaf-16.GPU.S9825,TwoHundredGigE1/0/16:2,2259772,9053933662,2264045,9051967022,58.67,58.67
2024/05/24 星期五 00:23:11.659,1716481391659,NH-DC-NM129-H06-ROCE-Leaf-16.GPU.S9825,TwoHundredGigE1/0/16:2,0,0,0,0,0,0
2024/05/24 星期五 00:23:12.252,1716481392252,NH-DC-NM129-H06-ROCE-Leaf-16.GPU.S9825,TwoHundredGigE1/0/16:2,2269327,9047841688,2273360,9049802213,60.98,60.98
2024/05/24 星期五 00:23:13.030,1716481393030,NH-DC-NM129-H06-ROCE-Leaf-16.GPU.S9825,TwoHundredGigE1/0/16:2,1873196,7417475920,1875615,7417904518,38.10,38.10
2024/05/24 星期五 00:23:13.657,1716481393657,NH-DC-NM129-H06-ROCE-Leaf-16.GPU.S9825,TwoHundredGigE1/0/16:2,0,0,0,0,0,0
2024/05/24 星期五 00:23:14.160,1716481394160,NH-DC-NM129-H06-ROCE-Leaf-16.GPU.S9825,TwoHundredGigE1/0/16:2,1948109,7719281424,1951761,7718369719,61.31,61.31
2024/05/24 星期五 00:23:14.773,1716481394773,NH-DC-NM129-H06-ROCE-Leaf-16.GPU.S9825,TwoHundredGigE1/0/16:2,0,0,0,0,0,0
2024/05/24 星期五 00:23:15.457,1716481395457,NH-DC-NM129-H06-ROCE-Leaf-16.GPU.S9825,TwoHundredGigE1/0/16:2,2868775,11532384444,2876536,11534468684,67.43,67.43
2024/05/24 星期五 00:23:15.965,1716481395965,NH-DC-NM129-H06-ROCE-Leaf-16.GPU.S9825,TwoHundredGigE1/0/16:2,2000958,7928916060,2004562,7929153333,62.36,62.36
2024/05/24 星期五 00:23:16.760,1716481396760,NH-DC-NM129-H06-ROCE-Leaf-16.GPU.S9825,TwoHundredGigE1/0/16:2,0,0,0,0,0,0
2024/05/24 星期五 00:23:17.263,1716481397263,NH-DC-NM129-H06-ROCE-Leaf-16.GPU.S9825,TwoHundredGigE1/0/16:2,2168676,8593787066,2173403,8596573866,68.31,68.31
2024/05/24 星期五 00:23:17.765,1716481397765,NH-DC-NM129-H06-ROCE-Leaf-16.GPU.S9825,TwoHundredGigE1/0/16:2,0,0,0,0,0,0
2024/05/24 星期五 00:23:18.265,1716481398265,NH-DC-NM129-H06-ROCE-Leaf-16.GPU.S9825,TwoHundredGigE1/0/16:2,1526569,6048810600,1526730,6038084033,48.32,48.24
2024/05/24 星期五 00:23:18.910,1716481398910,NH-DC-NM129-H06-ROCE-Leaf-16.GPU.S9825,TwoHundredGigE1/0/16:2,0,0,0,0,0,0
2024/05/24 星期五 00:23:20.282,1716481400282,NH-DC-NM129-H06-ROCE-Leaf-16.GPU.S9825,TwoHundredGigE1/0/16:2,5188592,20723453132,5202347,20733130947,60.41,60.44
2024/05/24 星期五 00:23:21.279,1716481401279,NH-DC-NM129-H06-ROCE-Leaf-16.GPU.S9825,TwoHundredGigE1/0/16:2,4946899,19765656830,4957644,19764397249,79.28,79.28
2024/05/24 星期五 00:23:22.790,1716481402790,NH-DC-NM129-H06-ROCE-Leaf-16.GPU.S9825,TwoHundredGigE1/0/16:2,1839678,7289493156,1842794,7289698200,19.27,19.27
2024/05/24 星期五 00:23:23.794,1716481403794,NH-DC-NM129-H06-ROCE-Leaf-16.GPU.S9825,TwoHundredGigE1/0/16:2,0,0,0,0,0,0
2024/05/24 星期五 00:23:24.298,1716481404298,NH-DC-NM129-H06-ROCE-Leaf-16.GPU.S9825,TwoHundredGigE1/0/16:2,2300060,9114151560,2304556,9115260157,72.30,72.30
2024/05/24 星期五 00:23:24.859,1716481404859,NH-DC-NM129-H06-ROCE-Leaf-16.GPU.S9825,TwoHundredGigE1/0/16:2,0,0,0,0,0,0
2024/05/24 星期五 00:23:25.562,1716481405562,NH-DC-NM129-H06-ROCE-Leaf-16.GPU.S9825,TwoHundredGigE1/0/16:2,1581553,6264162168,1584127,6263501110,35.62,35.62
2024/05/24 星期五 00:23:26.746,1716481406746,NH-DC-NM129-H06-ROCE-Leaf-16.GPU.S9825,TwoHundredGigE1/0/16:2,3315369,13302080256,3324050,13306430345,44.93,44.93
2024/05/24 星期五 00:23:27.477,1716481407477,NH-DC-NM129-H06-ROCE-Leaf-16.GPU.S9825,TwoHundredGigE1/0/16:2,1639734,6495638518,1647156,6515637808,35.51,35.62
2024/05/24 星期五 00:23:27.978,1716481407978,NH-DC-NM129-H06-ROCE-Leaf-16.GPU.S9825,TwoHundredGigE1/0/16:2,0,0,0,0,0,0
2024/05/24 星期五 00:23:28.493,1716481408493,NH-DC-NM129-H06-ROCE-Leaf-16.GPU.S9825,TwoHundredGigE1/0/16:2,1920766,7606803678,1948677,7712387911,59.03,59.88
2024/05/24 星期五 00:23:29.157,1716481409157,NH-DC-NM129-H06-ROCE-Leaf-16.GPU.S9825,TwoHundredGigE1/0/16:2,2267771,9062938412,2242479,8934018732,54.58,53.80
2024/05/24 星期五 00:23:29.700,1716481409700,NH-DC-NM129-H06-ROCE-Leaf-16.GPU.S9825,TwoHundredGigE1/0/16:2,0,0,0,0,0,0
2024/05/24 星期五 00:23:30.447,1716481410447,NH-DC-NM129-H06-ROCE-Leaf-16.GPU.S9825,TwoHundredGigE1/0/16:2,2416684,9665505424,2422265,9670886520,51.73,51.78
2024/05/24 星期五 00:23:31.051,1716481411051,NH-DC-NM129-H06-ROCE-Leaf-16.GPU.S9825,TwoHundredGigE1/0/16:2,0,0,0,0,0,0
2024/05/24 星期五 00:23:31.559,1716481411559,NH-DC-NM129-H06-ROCE-Leaf-16.GPU.S9825,TwoHundredGigE1/0/16:2,2101022,8324982574,2103812,8321920544,65.51,65.51
2024/05/24 星期五 00:23:32.623,1716481412623,NH-DC-NM129-H06-ROCE-Leaf-16.GPU.S9825,TwoHundredGigE1/0/16:2,1871824,7417370060,1875294,7417599401,27.86,27.86
2024/05/24 星期五 00:23:33.125,1716481413125,NH-DC-NM129-H06-ROCE-Leaf-16.GPU.S9825,TwoHundredGigE1/0/16:2,2880474,11578520728,2888145,11579403406,92.19,92.19
2024/05/24 星期五 00:23:34.621,1716481414621,NH-DC-NM129-H06-ROCE-Leaf-16.GPU.S9825,TwoHundredGigE1/0/16:2,1976494,7832074858,1980410,7833253333,20.94,20.94
2024/05/24 星期五 00:23:35.122,1716481415122,NH-DC-NM129-H06-ROCE-Leaf-16.GPU.S9825,TwoHundredGigE1/0/16:2,2090044,8281534122,2093862,8281256640,66.11,66.11
2024/05/24 星期五 00:23:35.726,1716481415726,NH-DC-NM129-H06-ROCE-Leaf-16.GPU.S9825,TwoHundredGigE1/0/16:2,0,0,0,0,0,0
2024/05/24 星期五 00:23:36.253,1716481416253,NH-DC-NM129-H06-ROCE-Leaf-16.GPU.S9825,TwoHundredGigE1/0/16:2,1802790,7139164376,1805600,7139190309,54.12,54.12
2024/05/24 星期五 00:23:36.880,1716481416880,NH-DC-NM129-H06-ROCE-Leaf-16.GPU.S9825,TwoHundredGigE1/0/16:2,2998353,12051395670,3006325,12051917644,76.87,76.87
2024/05/24 星期五 00:23:37.649,1716481417649,NH-DC-NM129-H06-ROCE-Leaf-16.GPU.S9825,TwoHundredGigE1/0/16:2,0,0,0,0,0,0
2024/05/24 星期五 00:23:38.150,1716481418150,NH-DC-NM129-H06-ROCE-Leaf-16.GPU.S9825,TwoHundredGigE1/0/16:2,1532248,6071871600,1535112,6072412011,48.46,48.46
2024/05/24 星期五 00:23:38.753,1716481418753,NH-DC-NM129-H06-ROCE-Leaf-16.GPU.S9825,TwoHundredGigE1/0/16:2,0,0,0,0,0,0
2024/05/24 星期五 00:23:39.307,1716481419307,NH-DC-NM129-H06-ROCE-Leaf-16.GPU.S9825,TwoHundredGigE1/0/16:2,2097959,8312585818,2101513,8313377038,60,60
2024/05/24 星期五 00:23:39.863,1716481419863,NH-DC-NM129-H06-ROCE-Leaf-16.GPU.S9825,TwoHundredGigE1/0/16:2,0,0,0,0,0,0
2024/05/24 星期五 00:23:40.424,1716481420424,NH-DC-NM129-H06-ROCE-Leaf-16.GPU.S9825,TwoHundredGigE1/0/16:2,2710999,10883895744,2717911,10886181311,77.58,77.58
2024/05/24 星期五 00:23:41.071,1716481421071,NH-DC-NM129-H06-ROCE-Leaf-16.GPU.S9825,TwoHundredGigE1/0/16:2,2266819,9007169076,2271574,9006003776,55.64,55.64
2024/05/24 星期五 00:23:41.606,1716481421606,NH-DC-NM129-H06-ROCE-Leaf-16.GPU.S9825,TwoHundredGigE1/0/16:2,0,0,0,0,0,0
2024/05/24 星期五 00:23:42.107,1716481422107,NH-DC-NM129-H06-ROCE-Leaf-16.GPU.S9825,TwoHundredGigE1/0/16:2,2196141,8696349818,2198795,8696857907,69.38,69.38
2024/05/24 星期五 00:23:42.635,1716481422635,NH-DC-NM129-H06-ROCE-Leaf-16.GPU.S9825,TwoHundredGigE1/0/16:2,0,0,0,0,0,0
2024/05/24 星期五 00:23:43.333,1716481423333,NH-DC-NM129-H06-ROCE-Leaf-16.GPU.S9825,TwoHundredGigE1/0/16:2,1516769,6010624594,1519697,6010819234,34.44,34.44
2024/05/24 星期五 00:23:44.096,1716481424096,NH-DC-NM129-H06-ROCE-Leaf-16.GPU.S9825,TwoHundredGigE1/0/16:2,2892348,11625785802,2899989,11628625767,60.92,60.92
2024/05/24 星期五 00:23:44.672,1716481424672,NH-DC-NM129-H06-ROCE-Leaf-16.GPU.S9825,TwoHundredGigE1/0/16:2,0,0,0,0,0,0
2024/05/24 星期五 00:23:45.204,1716481425204,NH-DC-NM129-H06-ROCE-Leaf-16.GPU.S9825,TwoHundredGigE1/0/16:2,1937422,7676602926,1940519,7675641502,57.67,57.67
2024/05/24 星期五 00:23:45.818,1716481425818,NH-DC-NM129-H06-ROCE-Leaf-16.GPU.S9825,TwoHundredGigE1/0/16:2,0,0,0,0,0,0
2024/05/24 星期五 00:23:46.422,1716481426422,NH-DC-NM129-H06-ROCE-Leaf-16.GPU.S9825,TwoHundredGigE1/0/16:2,2150149,8519688714,2153260,8517539057,56.36,56.36
2024/05/24 星期五 00:23:46.974,1716481426974,NH-DC-NM129-H06-ROCE-Leaf-16.GPU.S9825,TwoHundredGigE1/0/16:2,2240073,8907601768,2243122,8907703968,64.49,64.49
2024/05/24 星期五 00:23:47.794,1716481427794,NH-DC-NM129-H06-ROCE-Leaf-16.GPU.S9825,TwoHundredGigE1/0/16:2,0,0,0,0,0,0
2024/05/24 星期五 00:23:48.293,1716481428293,NH-DC-NM129-H06-ROCE-Leaf-16.GPU.S9825,TwoHundredGigE1/0/16:2,2577123,10338356908,2584481,10341191885,82.81,82.89
2024/05/24 星期五 00:23:48.835,1716481428835,NH-DC-NM129-H06-ROCE-Leaf-16.GPU.S9825,TwoHundredGigE1/0/16:2,0,0,0,0,0,0
2024/05/24 星期五 00:23:49.431,1716481429431,NH-DC-NM129-H06-ROCE-Leaf-16.GPU.S9825,TwoHundredGigE1/0/16:2,2034645,8062643294,2038051,8061370336,54.09,54.09
2024/05/24 星期五 00:23:50.003,1716481430003,NH-DC-NM129-H06-ROCE-Leaf-16.GPU.S9825,TwoHundredGigE1/0/16:2,0,0,0,0,0,0
2024/05/24 星期五 00:23:50.605,1716481430605,NH-DC-NM129-H06-ROCE-Leaf-16.GPU.S9825,TwoHundredGigE1/0/16:2,1905075,7548726590,1908181,7545532107,50.10,50.10
2024/05/24 星期五 00:23:51.342,1716481431342,NH-DC-NM129-H06-ROCE-Leaf-16.GPU.S9825,TwoHundredGigE1/0/16:2,2783575,11194858346,2791341,11195719502,60.73,60.73
2024/05/24 星期五 00:23:51.847,1716481431847,NH-DC-NM129-H06-ROCE-Leaf-16.GPU.S9825,TwoHundredGigE1/0/16:2,0,0,0,0,0,0
2024/05/24 星期五 00:23:52.351,1716481432351,NH-DC-NM129-H06-ROCE-Leaf-16.GPU.S9825,TwoHundredGigE1/0/16:2,2061963,8170091544,2065254,8168451411,64.84,64.76
2024/05/24 星期五 00:23:52.959,1716481432959,NH-DC-NM129-H06-ROCE-Leaf-16.GPU.S9825,TwoHundredGigE1/0/16:2,0,0,0,0,0,0
2024/05/24 星期五 00:23:53.484,1716481433484,NH-DC-NM129-H06-ROCE-Leaf-16.GPU.S9825,TwoHundredGigE1/0/16:2,2167068,8583033098,2171057,8585565180,65.37,65.37
2024/05/24 星期五 00:23:54.121,1716481434121,NH-DC-NM129-H06-ROCE-Leaf-16.GPU.S9825,TwoHundredGigE1/0/16:2,1589313,6297827782,1590614,6290190481,39.50,39.50
2024/05/24 星期五 00:23:54.864,1716481434864,NH-DC-NM129-H06-ROCE-Leaf-16.GPU.S9825,TwoHundredGigE1/0/16:2,0,0,0,0,0,0
2024/05/24 星期五 00:23:55.589,1716481435589,NH-DC-NM129-H06-ROCE-Leaf-16.GPU.S9825,TwoHundredGigE1/0/16:2,2840326,11419210944,2849627,11428106630,62.95,63.01
2024/05/24 星期五 00:23:56.180,1716481436180,NH-DC-NM129-H06-ROCE-Leaf-16.GPU.S9825,TwoHundredGigE1/0/16:2,1839599,7289488878,1843001,7289712551,49.27,49.27
2024/05/24 星期五 00:23:56.807,1716481436807,NH-DC-NM129-H06-ROCE-Leaf-16.GPU.S9825,TwoHundredGigE1/0/16:2,0,0,0,0,0,0
2024/05/24 星期五 00:23:57.439,1716481437439,NH-DC-NM129-H06-ROCE-Leaf-16.GPU.S9825,TwoHundredGigE1/0/16:2,2130340,8440481964,2134473,8440991454,53.42,53.42
2024/05/24 星期五 00:23:58.190,1716481438190,NH-DC-NM129-H06-ROCE-Leaf-16.GPU.S9825,TwoHundredGigE1/0/16:2,2188253,8733998476,2192432,8733940853,46.50,46.50
2024/05/24 星期五 00:23:58.693,1716481438693,NH-DC-NM129-H06-ROCE-Leaf-16.GPU.S9825,TwoHundredGigE1/0/16:2,0,0,0,0,0,0
2024/05/24 星期五 00:23:59.282,1716481439282,NH-DC-NM129-H06-ROCE-Leaf-16.GPU.S9825,TwoHundredGigE1/0/16:2,2641044,10565222342,2647652,10567593354,71.71,71.71
2024/05/24 星期五 00:23:59.906,1716481439906,NH-DC-NM129-H06-ROCE-Leaf-16.GPU.S9825,TwoHundredGigE1/0/16:2,0,0,0,0,0,0
2024/05/24 星期五 00:24:00.413,1716481440413,NH-DC-NM129-H06-ROCE-Leaf-16.GPU.S9825,TwoHundredGigE1/0/16:2,2229163,8832376208,2233824,8835666778,69.66,69.66
2024/05/24 星期五 00:24:01.199,1716481441199,NH-DC-NM129-H06-ROCE-Leaf-16.GPU.S9825,TwoHundredGigE1/0/16:2,1825468,7233717744,1827863,7230217308,36.79,36.79
2024/05/24 星期五 00:24:01.788,1716481441788,NH-DC-NM129-H06-ROCE-Leaf-16.GPU.S9825,TwoHundredGigE1/0/16:2,0,0,0,0,0,0
2024/05/24 星期五 00:24:02.287,1716481442287,NH-DC-NM129-H06-ROCE-Leaf-16.GPU.S9825,TwoHundredGigE1/0/16:2,2701903,10873307826,2709103,10874882897,87.13,87.13
2024/05/24 星期五 00:24:02.885,1716481442885,NH-DC-NM129-H06-ROCE-Leaf-16.GPU.S9825,TwoHundredGigE1/0/16:2,0,0,0,0,0,0
2024/05/24 星期五 00:24:03.430,1716481443430,NH-DC-NM129-H06-ROCE-Leaf-16.GPU.S9825,TwoHundredGigE1/0/16:2,1791618,7099457788,1794588,7098762014,52.04,52.04
2024/05/24 星期五 00:24:03.965,1716481443965,NH-DC-NM129-H06-ROCE-Leaf-16.GPU.S9825,TwoHundredGigE1/0/16:2,0,0,0,0,0,0
2024/05/24 星期五 00:24:04.595,1716481444595,NH-DC-NM129-H06-ROCE-Leaf-16.GPU.S9825,TwoHundredGigE1/0/16:2,2195328,8696286988,2198743,8696854395,55.17,55.17
2024/05/24 星期五 00:24:05.262,1716481445262,NH-DC-NM129-H06-ROCE-Leaf-16.GPU.S9825,TwoHundredGigE1/0/16:2,1929190,7634462408,1931959,7634645386,45.76,45.76
2024/05/24 星期五 00:24:05.783,1716481445783,NH-DC-NM129-H06-ROCE-Leaf-16.GPU.S9825,TwoHundredGigE1/0/16:2,0,0,0,0,0,0
2024/05/24 星期五 00:24:06.292,1716481446292,NH-DC-NM129-H06-ROCE-Leaf-16.GPU.S9825,TwoHundredGigE1/0/16:2,2952457,11872989774,2960449,11874073319,93.28,93.28
2024/05/24 星期五 00:24:07.098,1716481447098,NH-DC-NM129-H06-ROCE-Leaf-16.GPU.S9825,TwoHundredGigE1/0/16:2,2000785,7928903262,2004726,7929507972,39.31,39.31
2024/05/24 星期五 00:24:07.985,1716481447985,NH-DC-NM129-H06-ROCE-Leaf-16.GPU.S9825,TwoHundredGigE1/0/16:2,1837227,7280626400,1839924,7277999769,32.83,32.78
2024/05/24 星期五 00:24:08.603,1716481448603,NH-DC-NM129-H06-ROCE-Leaf-16.GPU.S9825,TwoHundredGigE1/0/16:2,0,0,0,0,0,0
2024/05/24 星期五 00:24:09.106,1716481449106,NH-DC-NM129-H06-ROCE-Leaf-16.GPU.S9825,TwoHundredGigE1/0/16:2,2979707,11971043948,2987856,11974667444,95.19,95.19
2024/05/24 星期五 00:24:09.700,1716481449700,NH-DC-NM129-H06-ROCE-Leaf-16.GPU.S9825,TwoHundredGigE1/0/16:2,0,0,0,0,0,0
2024/05/24 星期五 00:24:10.223,1716481450223,NH-DC-NM129-H06-ROCE-Leaf-16.GPU.S9825,TwoHundredGigE1/0/16:2,2033236,8056801728,2036860,8057040729,61.57,61.57
2024/05/24 星期五 00:24:10.801,1716481450801,NH-DC-NM129-H06-ROCE-Leaf-16.GPU.S9825,TwoHundredGigE1/0/16:2,0,0,0,0,0,0
2024/05/24 星期五 00:24:11.575,1716481451575,NH-DC-NM129-H06-ROCE-Leaf-16.GPU.S9825,TwoHundredGigE1/0/16:2,2227230,8824144300,2231279,8825037030,45.58,45.58
2024/05/24 星期五 00:24:12.112,1716481452112,NH-DC-NM129-H06-ROCE-Leaf-16.GPU.S9825,TwoHundredGigE1/0/16:2,1929550,7634491660,1931742,7634630545,56.83,56.83
2024/05/24 星期五 00:24:12.726,1716481452726,NH-DC-NM129-H06-ROCE-Leaf-16.GPU.S9825,TwoHundredGigE1/0/16:2,0,0,0,0,0,0
2024/05/24 星期五 00:24:13.333,1716481453333,NH-DC-NM129-H06-ROCE-Leaf-16.GPU.S9825,TwoHundredGigE1/0/16:2,2952331,11872979778,2960597,11873791258,78.22,78.22
2024/05/24 星期五 00:24:13.919,1716481453919,NH-DC-NM129-H06-ROCE-Leaf-16.GPU.S9825,TwoHundredGigE1/0/16:2,0,0,0,0,0,0
2024/05/24 星期五 00:24:14.428,1716481454428,NH-DC-NM129-H06-ROCE-Leaf-16.GPU.S9825,TwoHundredGigE1/0/16:2,1807955,7164456970,1811439,7165967319,56.27,56.27
2024/05/24 星期五 00:24:15.325,1716481455325,NH-DC-NM129-H06-ROCE-Leaf-16.GPU.S9825,TwoHundredGigE1/0/16:2,2045472,8103411762,2050894,8111441066,36.12,36.16
2024/05/24 星期五 00:24:15.841,1716481455841,NH-DC-NM129-H06-ROCE-Leaf-16.GPU.S9825,TwoHundredGigE1/0/16:2,0,0,0,0,0,0
2024/05/24 星期五 00:24:16.342,1716481456342,NH-DC-NM129-H06-ROCE-Leaf-16.GPU.S9825,TwoHundredGigE1/0/16:2,3048301,12244468914,3052951,12230582615,97.72,97.64
2024/05/24 星期五 00:24:16.973,1716481456973,NH-DC-NM129-H06-ROCE-Leaf-16.GPU.S9825,TwoHundredGigE1/0/16:2,0,0,0,0,0,0
2024/05/24 星期五 00:24:17.511,1716481457511,NH-DC-NM129-H06-ROCE-Leaf-16.GPU.S9825,TwoHundredGigE1/0/16:2,1993397,7898454290,1998537,7905610164,58.66,58.74
2024/05/24 星期五 00:24:18.059,1716481458059,NH-DC-NM129-H06-ROCE-Leaf-16.GPU.S9825,TwoHundredGigE1/0/16:2,2054116,8139198542,2057824,8139048401,59.34,59.34
2024/05/24 星期五 00:24:18.849,1716481458849,NH-DC-NM129-H06-ROCE-Leaf-16.GPU.S9825,TwoHundredGigE1/0/16:2,0,0,0,0,0,0
2024/05/24 星期五 00:24:19.349,1716481459349,NH-DC-NM129-H06-ROCE-Leaf-16.GPU.S9825,TwoHundredGigE1/0/16:2,1687480,6686867370,1689739,6683357668,53.44,53.44
2024/05/24 星期五 00:24:19.926,1716481459926,NH-DC-NM129-H06-ROCE-Leaf-16.GPU.S9825,TwoHundredGigE1/0/16:2,0,0,0,0,0,0
2024/05/24 星期五 00:24:22.240,1716481462240,NH-DC-NM129-H06-ROCE-Leaf-16.GPU.S9825,TwoHundredGigE1/0/16:2,6906594,27528699018,6922375,27533121462,47.57,47.59
2024/05/24 星期五 00:24:23.377,1716481463377,NH-DC-NM129-H06-ROCE-Leaf-16.GPU.S9825,TwoHundredGigE1/0/16:2,2494981,9999849368,2500286,9999294416,35.15,35.15
2024/05/24 星期五 00:24:23.968,1716481463968,NH-DC-NM129-H06-ROCE-Leaf-16.GPU.S9825,TwoHundredGigE1/0/16:2,0,0,0,0,0,0
2024/05/24 星期五 00:24:24.501,1716481464501,NH-DC-NM129-H06-ROCE-Leaf-16.GPU.S9825,TwoHundredGigE1/0/16:2,2378497,9476041354,2383523,9473709663,71.07,71.07
2024/05/24 星期五 00:24:25.135,1716481465135,NH-DC-NM129-H06-ROCE-Leaf-16.GPU.S9825,TwoHundredGigE1/0/16:2,2231069,8840146492,2236634,8847372494,55.77,55.77
2024/05/24 星期五 00:24:25.663,1716481465663,NH-DC-NM129-H06-ROCE-Leaf-16.GPU.S9825,TwoHundredGigE1/0/16:2,0,0,0,0,0,0
2024/05/24 星期五 00:24:26.348,1716481466348,NH-DC-NM129-H06-ROCE-Leaf-16.GPU.S9825,TwoHundredGigE1/0/16:2,1747227,6923464414,1748645,6916779571,40.41,40.35
2024/05/24 星期五 00:24:26.956,1716481466956,NH-DC-NM129-H06-ROCE-Leaf-16.GPU.S9825,TwoHundredGigE1/0/16:2,0,0,0,0,0,0
2024/05/24 星期五 00:24:27.534,1716481467534,NH-DC-NM129-H06-ROCE-Leaf-16.GPU.S9825,TwoHundredGigE1/0/16:2,3267930,13113163116,3276096,13116441086,90.73,90.73
2024/05/24 星期五 00:24:28.119,1716481468119,NH-DC-NM129-H06-ROCE-Leaf-16.GPU.S9825,TwoHundredGigE1/0/16:2,1602993,6352133540,1606728,6355300533,43.42,43.42
2024/05/24 星期五 00:24:28.771,1716481468771,NH-DC-NM129-H06-ROCE-Leaf-16.GPU.S9825,TwoHundredGigE1/0/16:2,0,0,0,0,0,0
2024/05/24 星期五 00:24:29.336,1716481469336,NH-DC-NM129-H06-ROCE-Leaf-16.GPU.S9825,TwoHundredGigE1/0/16:2,2121237,8398849692,2124109,8401288950,59.40,59.47
2024/05/24 星期五 00:24:30.268,1716481470268,NH-DC-NM129-H06-ROCE-Leaf-16.GPU.S9825,TwoHundredGigE1/0/16:2,2756936,11061225158,2762350,11056295506,47.47,47.42
2024/05/24 星期五 00:24:30.907,1716481470907,NH-DC-NM129-H06-ROCE-Leaf-16.GPU.S9825,TwoHundredGigE1/0/16:2,0,0,0,0,0,0
2024/05/24 星期五 00:24:31.429,1716481471429,NH-DC-NM129-H06-ROCE-Leaf-16.GPU.S9825,TwoHundredGigE1/0/16:2,2274259,9041614524,2279446,9042964522,69.27,69.27
2024/05/24 星期五 00:24:32.041,1716481472041,NH-DC-NM129-H06-ROCE-Leaf-16.GPU.S9825,TwoHundredGigE1/0/16:2,0,0,0,0,0,0
2024/05/24 星期五 00:24:32.543,1716481472543,NH-DC-NM129-H06-ROCE-Leaf-16.GPU.S9825,TwoHundredGigE1/0/16:2,2266075,8978043670,2269180,8975469989,71.47,71.47
2024/05/24 星期五 00:24:33.258,1716481473258,NH-DC-NM129-H06-ROCE-Leaf-16.GPU.S9825,TwoHundredGigE1/0/16:2,1607152,6368278212,1610704,6371705440,35.58,35.64
2024/05/24 星期五 00:24:33.828,1716481473828,NH-DC-NM129-H06-ROCE-Leaf-16.GPU.S9825,TwoHundredGigE1/0/16:2,0,0,0,0,0,0
2024/05/24 星期五 00:24:34.871,1716481474871,NH-DC-NM129-H06-ROCE-Leaf-16.GPU.S9825,TwoHundredGigE1/0/16:2,3280787,13165758696,3289132,13165481765,50.47,50.47
2024/05/24 星期五 00:24:35.442,1716481475442,NH-DC-NM129-H06-ROCE-Leaf-16.GPU.S9825,TwoHundredGigE1/0/16:2,1763402,6982665476,1766127,6984464668,48.90,48.90
2024/05/24 星期五 00:24:36.063,1716481476063,NH-DC-NM129-H06-ROCE-Leaf-16.GPU.S9825,TwoHundredGigE1/0/16:2,2161847,8566859864,2165826,8567016679,55.14,55.14
2024/05/24 星期五 00:24:36.754,1716481476754,NH-DC-NM129-H06-ROCE-Leaf-16.GPU.S9825,TwoHundredGigE1/0/16:2,0,0,0,0,0,0
2024/05/24 星期五 00:24:37.383,1716481477383,NH-DC-NM129-H06-ROCE-Leaf-16.GPU.S9825,TwoHundredGigE1/0/16:2,2496623,10011341692,2502816,10013934678,63.66,63.66
2024/05/24 星期五 00:24:37.920,1716481477920,NH-DC-NM129-H06-ROCE-Leaf-16.GPU.S9825,TwoHundredGigE1/0/16:2,0,0,0,0,0,0
2024/05/24 星期五 00:24:38.433,1716481478433,NH-DC-NM129-H06-ROCE-Leaf-16.GPU.S9825,TwoHundredGigE1/0/16:2,2191712,8728823698,2196063,8727409321,67.99,67.99
2024/05/24 星期五 00:24:39.049,1716481479049,NH-DC-NM129-H06-ROCE-Leaf-16.GPU.S9825,TwoHundredGigE1/0/16:2,2197156,8706730640,2201473,8708144764,56.49,56.49
2024/05/24 星期五 00:24:39.727,1716481479727,NH-DC-NM129-H06-ROCE-Leaf-16.GPU.S9825,TwoHundredGigE1/0/16:2,0,0,0,0,0,0
2024/05/24 星期五 00:24:40.309,1716481480309,NH-DC-NM129-H06-ROCE-Leaf-16.GPU.S9825,TwoHundredGigE1/0/16:2,1772143,7023187130,1768511,6993763611,48.25,48.04
2024/05/24 星期五 00:24:40.859,1716481480859,NH-DC-NM129-H06-ROCE-Leaf-16.GPU.S9825,TwoHundredGigE1/0/16:2,0,0,0,0,0,0
2024/05/24 星期五 00:24:41.435,1716481481435,NH-DC-NM129-H06-ROCE-Leaf-16.GPU.S9825,TwoHundredGigE1/0/16:2,2720368,10939194376,2733949,10969112376,75.90,76.11
2024/05/24 星期五 00:24:41.981,1716481481981,NH-DC-NM129-H06-ROCE-Leaf-16.GPU.S9825,TwoHundredGigE1/0/16:2,0,0,0,0,0,0
2024/05/24 星期五 00:24:42.915,1716481482915,NH-DC-NM129-H06-ROCE-Leaf-16.GPU.S9825,TwoHundredGigE1/0/16:2,4066501,16113607958,4073674,16114428585,68.99,68.99
2024/05/24 星期五 00:24:43.576,1716481483576,NH-DC-NM129-H06-ROCE-Leaf-16.GPU.S9825,TwoHundredGigE1/0/16:2,0,0,0,0,0,0
2024/05/24 星期五 00:24:44.174,1716481484174,NH-DC-NM129-H06-ROCE-Leaf-16.GPU.S9825,TwoHundredGigE1/0/16:2,1675335,6635374590,1678001,6636362331,44.35,44.35
2024/05/24 星期五 00:24:44.714,1716481484714,NH-DC-NM129-H06-ROCE-Leaf-16.GPU.S9825,TwoHundredGigE1/0/16:2,0,0,0,0,0,0
2024/05/24 星期五 00:24:45.314,1716481485314,NH-DC-NM129-H06-ROCE-Leaf-16.GPU.S9825,TwoHundredGigE1/0/16:2,3141722,12616310240,3150073,12617278098,84.07,84.07
2024/05/24 星期五 00:24:45.941,1716481485941,NH-DC-NM129-H06-ROCE-Leaf-16.GPU.S9825,TwoHundredGigE1/0/16:2,0,0,0,0,0,0
2024/05/24 星期五 00:24:46.566,1716481486566,NH-DC-NM129-H06-ROCE-Leaf-16.GPU.S9825,TwoHundredGigE1/0/16:2,1645610,6522142684,1641092,6490962229,41.73,41.54
2024/05/24 星期五 00:24:47.225,1716481487225,NH-DC-NM129-H06-ROCE-Leaf-16.GPU.S9825,TwoHundredGigE1/0/16:2,2134161,8455890144,2144731,8484781118,51.29,51.47
2024/05/24 星期五 00:24:49.426,1716481489426,NH-DC-NM129-H06-ROCE-Leaf-16.GPU.S9825,TwoHundredGigE1/0/16:2,4490605,17958990836,4501093,17961609459,32.62,32.64
2024/05/24 星期五 00:24:49.992,1716481489992,NH-DC-NM129-H06-ROCE-Leaf-16.GPU.S9825,TwoHundredGigE1/0/16:2,0,0,0,0,0,0
2024/05/24 星期五 00:24:50.614,1716481490614,NH-DC-NM129-H06-ROCE-Leaf-16.GPU.S9825,TwoHundredGigE1/0/16:2,2162678,8569453548,2166304,8569095369,55.05,55.05
2024/05/24 星期五 00:24:51.232,1716481491232,NH-DC-NM129-H06-ROCE-Leaf-16.GPU.S9825,TwoHundredGigE1/0/16:2,1871991,7417381426,1874977,7417577974,47.96,47.96
2024/05/24 星期五 00:24:51.832,1716481491832,NH-DC-NM129-H06-ROCE-Leaf-16.GPU.S9825,TwoHundredGigE1/0/16:2,0,0,0,0,0,0
2024/05/24 星期五 00:24:52.390,1716481492390,NH-DC-NM129-H06-ROCE-Leaf-16.GPU.S9825,TwoHundredGigE1/0/16:2,2880104,11578498116,2889184,11579373853,82.94,82.94
2024/05/24 星期五 00:24:52.990,1716481492990,NH-DC-NM129-H06-ROCE-Leaf-16.GPU.S9825,TwoHundredGigE1/0/16:2,1742821,6905833566,1745883,6906035118,46,46
2024/05/24 星期五 00:24:53.638,1716481493638,NH-DC-NM129-H06-ROCE-Leaf-16.GPU.S9825,TwoHundredGigE1/0/16:2,0,0,0,0,0,0
2024/05/24 星期五 00:24:54.150,1716481494150,NH-DC-NM129-H06-ROCE-Leaf-16.GPU.S9825,TwoHundredGigE1/0/16:2,2195044,8696265688,2198739,8696855419,67.89,67.89
2024/05/24 星期五 00:24:54.712,1716481494712,NH-DC-NM129-H06-ROCE-Leaf-16.GPU.S9825,TwoHundredGigE1/0/16:2,1976749,7819941788,1978946,7817659928,55.59,55.59
2024/05/24 星期五 00:24:55.645,1716481495645,NH-DC-NM129-H06-ROCE-Leaf-16.GPU.S9825,TwoHundredGigE1/0/16:2,0,0,0,0,0,0
2024/05/24 星期五 00:24:56.308,1716481496308,NH-DC-NM129-H06-ROCE-Leaf-16.GPU.S9825,TwoHundredGigE1/0/16:2,2904885,11688393240,2913728,11690937617,70.47,70.53
2024/05/24 星期五 00:24:56.947,1716481496947,NH-DC-NM129-H06-ROCE-Leaf-16.GPU.S9825,TwoHundredGigE1/0/16:2,0,0,0,0,0,0
2024/05/24 星期五 00:24:57.538,1716481497538,NH-DC-NM129-H06-ROCE-Leaf-16.GPU.S9825,TwoHundredGigE1/0/16:2,2000858,7928910056,2004663,7929578918,53.60,53.60
2024/05/24 星期五 00:24:58.041,1716481498041,NH-DC-NM129-H06-ROCE-Leaf-16.GPU.S9825,TwoHundredGigE1/0/16:2,1839985,7291114490,1843148,7289723421,57.97,57.89
2024/05/24 星期五 00:24:58.628,1716481498628,NH-DC-NM129-H06-ROCE-Leaf-16.GPU.S9825,TwoHundredGigE1/0/16:2,0,0,0,0,0,0
2024/05/24 星期五 00:24:59.251,1716481499251,NH-DC-NM129-H06-ROCE-Leaf-16.GPU.S9825,TwoHundredGigE1/0/16:2,2230250,8951797936,2235357,8952134854,57.46,57.46
2024/05/24 星期五 00:25:00.433,1716481500433,NH-DC-NM129-H06-ROCE-Leaf-16.GPU.S9825,TwoHundredGigE1/0/16:2,2263359,9020974158,2268892,9021897004,30.52,30.52
2024/05/24 星期五 00:25:01.020,1716481501020,NH-DC-NM129-H06-ROCE-Leaf-16.GPU.S9825,TwoHundredGigE1/0/16:2,0,0,0,0,0,0
2024/05/24 星期五 00:25:01.534,1716481501534,NH-DC-NM129-H06-ROCE-Leaf-16.GPU.S9825,TwoHundredGigE1/0/16:2,2162362,8568347696,2166261,8568952554,66.61,66.61
2024/05/24 星期五 00:25:02.093,1716481502093,NH-DC-NM129-H06-ROCE-Leaf-16.GPU.S9825,TwoHundredGigE1/0/16:2,1840588,7290826804,1843654,7289763201,52.16,52.09
2024/05/24 星期五 00:25:02.653,1716481502653,NH-DC-NM129-H06-ROCE-Leaf-16.GPU.S9825,TwoHundredGigE1/0/16:2,0,0,0,0,0,0
2024/05/24 星期五 00:25:03.162,1716481503162,NH-DC-NM129-H06-ROCE-Leaf-16.GPU.S9825,TwoHundredGigE1/0/16:2,3043761,12225672328,3051464,12227828544,96.03,96.03
2024/05/24 星期五 00:25:03.832,1716481503832,NH-DC-NM129-H06-ROCE-Leaf-16.GPU.S9825,TwoHundredGigE1/0/16:2,0,0,0,0,0,0
2024/05/24 星期五 00:25:04.340,1716481504340,NH-DC-NM129-H06-ROCE-Leaf-16.GPU.S9825,TwoHundredGigE1/0/16:2,1861223,7375252244,1864114,7372881671,58.03,58.03
2024/05/24 星期五 00:25:04.842,1716481504842,NH-DC-NM129-H06-ROCE-Leaf-16.GPU.S9825,TwoHundredGigE1/0/16:2,0,0,0,0,0,0
2024/05/24 星期五 00:25:05.486,1716481505486,NH-DC-NM129-H06-ROCE-Leaf-16.GPU.S9825,TwoHundredGigE1/0/16:2,2074340,8219093908,2078573,8221191640,50.99,51.06
2024/05/24 星期五 00:25:05.997,1716481505997,NH-DC-NM129-H06-ROCE-Leaf-16.GPU.S9825,TwoHundredGigE1/0/16:2,0,0,0,0,0,0
2024/05/24 星期五 00:25:06.498,1716481506498,NH-DC-NM129-H06-ROCE-Leaf-16.GPU.S9825,TwoHundredGigE1/0/16:2,1955129,7759947860,1958299,7759006949,61.88,61.88
2024/05/24 星期五 00:25:07.637,1716481507637,NH-DC-NM129-H06-ROCE-Leaf-16.GPU.S9825,TwoHundredGigE1/0/16:2,2712848,10903335402,2722006,10910589026,38.28,38.31
2024/05/24 星期五 00:25:08.138,1716481508138,NH-DC-NM129-H06-ROCE-Leaf-16.GPU.S9825,TwoHundredGigE1/0/16:2,1786756,7081056298,1788465,7073948243,56.53,56.45
2024/05/24 星期五 00:25:08.821,1716481508821,NH-DC-NM129-H06-ROCE-Leaf-16.GPU.S9825,TwoHundredGigE1/0/16:2,0,0,0,0,0,0
2024/05/24 星期五 00:25:09.408,1716481509408,NH-DC-NM129-H06-ROCE-Leaf-16.GPU.S9825,TwoHundredGigE1/0/16:2,2067073,8191156690,2071361,8193405154,55.81,55.81
2024/05/24 星期五 00:25:09.997,1716481509997,NH-DC-NM129-H06-ROCE-Leaf-16.GPU.S9825,TwoHundredGigE1/0/16:2,2484172,10004397844,2493510,10005664337,67.91,67.91
2024/05/24 星期五 00:25:10.717,1716481510717,NH-DC-NM129-H06-ROCE-Leaf-16.GPU.S9825,TwoHundredGigE1/0/16:2,0,0,0,0,0,0
2024/05/24 星期五 00:25:11.284,1716481511284,NH-DC-NM129-H06-ROCE-Leaf-16.GPU.S9825,TwoHundredGigE1/0/16:2,2146804,8510837390,2148779,8503282142,60.04,59.96
2024/05/24 星期五 00:25:11.785,1716481511785,NH-DC-NM129-H06-ROCE-Leaf-16.GPU.S9825,TwoHundredGigE1/0/16:2,0,0,0,0,0,0
2024/05/24 星期五 00:25:12.485,1716481512485,NH-DC-NM129-H06-ROCE-Leaf-16.GPU.S9825,TwoHundredGigE1/0/16:2,2291331,9079882706,2295555,9080508835,51.83,51.89
2024/05/24 星期五 00:25:13.153,1716481513153,NH-DC-NM129-H06-ROCE-Leaf-16.GPU.S9825,TwoHundredGigE1/0/16:2,1566365,6207110388,1568686,6204898442,37.13,37.13
2024/05/24 星期五 00:25:13.775,1716481513775,NH-DC-NM129-H06-ROCE-Leaf-16.GPU.S9825,TwoHundredGigE1/0/16:2,0,0,0,0,0,0
2024/05/24 星期五 00:25:14.360,1716481514360,NH-DC-NM129-H06-ROCE-Leaf-16.GPU.S9825,TwoHundredGigE1/0/16:2,2589040,10426933114,2599151,10430095497,71.25,71.32
2024/05/24 星期五 00:25:14.986,1716481514986,NH-DC-NM129-H06-ROCE-Leaf-16.GPU.S9825,TwoHundredGigE1/0/16:2,0,0,0,0,0,0
2024/05/24 星期五 00:25:15.485,1716481515485,NH-DC-NM129-H06-ROCE-Leaf-16.GPU.S9825,TwoHundredGigE1/0/16:2,1959730,7762842800,1962750,7762262448,62.20,62.20
2024/05/24 星期五 00:25:16.228,1716481516228,NH-DC-NM129-H06-ROCE-Leaf-16.GPU.S9825,TwoHundredGigE1/0/16:2,2187236,8666443916,2191324,8668264689,46.62,46.62
2024/05/24 星期五 00:25:16.931,1716481516931,NH-DC-NM129-H06-ROCE-Leaf-16.GPU.S9825,TwoHundredGigE1/0/16:2,0,0,0,0,0,0
2024/05/24 星期五 00:25:17.496,1716481517496,NH-DC-NM129-H06-ROCE-Leaf-16.GPU.S9825,TwoHundredGigE1/0/16:2,2120173,8408482792,2123738,8407499184,59.47,59.47
2024/05/24 星期五 00:25:18.044,1716481518044,NH-DC-NM129-H06-ROCE-Leaf-16.GPU.S9825,TwoHundredGigE1/0/16:2,2696836,10843190950,2705022,10845299017,79.12,79.12
2024/05/24 星期五 00:25:18.545,1716481518545,NH-DC-NM129-H06-ROCE-Leaf-16.GPU.S9825,TwoHundredGigE1/0/16:2,0,0,0,0,0,0
2024/05/24 星期五 00:25:19.059,1716481519059,NH-DC-NM129-H06-ROCE-Leaf-16.GPU.S9825,TwoHundredGigE1/0/16:2,1936309,7673138242,1939919,7673863546,59.69,59.69
2024/05/24 星期五 00:25:19.774,1716481519774,NH-DC-NM129-H06-ROCE-Leaf-16.GPU.S9825,TwoHundredGigE1/0/16:2,0,0,0,0,0,0
2024/05/24 星期五 00:25:20.513,1716481520513,NH-DC-NM129-H06-ROCE-Leaf-16.GPU.S9825,TwoHundredGigE1/0/16:2,4526558,18100703362,4538817,18108390113,97.97,97.97
2024/05/24 星期五 00:25:22.262,1716481522262,NH-DC-NM129-H06-ROCE-Leaf-16.GPU.S9825,TwoHundredGigE1/0/16:2,2161906,8567467908,2161813,8549832175,19.58,19.53
2024/05/24 星期五 00:25:23.577,1716481523577,NH-DC-NM129-H06-ROCE-Leaf-16.GPU.S9825,TwoHundredGigE1/0/16:2,2022123,8011698698,2027470,8020098080,24.37,24.40
2024/05/24 星期五 00:25:24.142,1716481524142,NH-DC-NM129-H06-ROCE-Leaf-16.GPU.S9825,TwoHundredGigE1/0/16:2,1794583,7107453742,1797925,7108554955,50.27,50.27
2024/05/24 星期五 00:25:24.706,1716481524706,NH-DC-NM129-H06-ROCE-Leaf-16.GPU.S9825,TwoHundredGigE1/0/16:2,0,0,0,0,0,0
2024/05/24 星期五 00:25:25.314,1716481525314,NH-DC-NM129-H06-ROCE-Leaf-16.GPU.S9825,TwoHundredGigE1/0/16:2,3260842,13087108982,3269456,13088840684,86.05,86.05
2024/05/24 星期五 00:25:25.818,1716481525818,NH-DC-NM129-H06-ROCE-Leaf-16.GPU.S9825,TwoHundredGigE1/0/16:2,0,0,0,0,0,0
2024/05/24 星期五 00:25:26.321,1716481526321,NH-DC-NM129-H06-ROCE-Leaf-16.GPU.S9825,TwoHundredGigE1/0/16:2,1710421,6777939110,1713693,6778154963,53.84,53.84
2024/05/24 星期五 00:25:27.185,1716481527185,NH-DC-NM129-H06-ROCE-Leaf-16.GPU.S9825,TwoHundredGigE1/0/16:2,2097828,8312577332,2101765,8313324514,38.47,38.47
2024/05/24 星期五 00:25:27.694,1716481527694,NH-DC-NM129-H06-ROCE-Leaf-16.GPU.S9825,TwoHundredGigE1/0/16:2,0,0,0,0,0,0
2024/05/24 星期五 00:25:28.272,1716481528272,NH-DC-NM129-H06-ROCE-Leaf-16.GPU.S9825,TwoHundredGigE1/0/16:2,2256410,9025440542,2261303,9024375047,62.42,62.42
2024/05/24 星期五 00:25:28.872,1716481528872,NH-DC-NM129-H06-ROCE-Leaf-16.GPU.S9825,TwoHundredGigE1/0/16:2,0,0,0,0,0,0
2024/05/24 星期五 00:25:29.374,1716481529374,NH-DC-NM129-H06-ROCE-Leaf-16.GPU.S9825,TwoHundredGigE1/0/16:2,2431387,9714682136,2437100,9716725136,77.37,77.37
2024/05/24 星期五 00:25:30.137,1716481530137,NH-DC-NM129-H06-ROCE-Leaf-16.GPU.S9825,TwoHundredGigE1/0/16:2,2118052,8392918420,2122051,8393959718,43.98,43.98
2024/05/24 星期五 00:25:30.914,1716481530914,NH-DC-NM129-H06-ROCE-Leaf-16.GPU.S9825,TwoHundredGigE1/0/16:2,0,0,0,0,0,0
2024/05/24 星期五 00:25:31.439,1716481531439,NH-DC-NM129-H06-ROCE-Leaf-16.GPU.S9825,TwoHundredGigE1/0/16:2,1754877,6953380294,1758360,6953334100,52.95,52.95
2024/05/24 星期五 00:25:32.013,1716481532013,NH-DC-NM129-H06-ROCE-Leaf-16.GPU.S9825,TwoHundredGigE1/0/16:2,0,0,0,0,0,0
2024/05/24 星期五 00:25:32.516,1716481532516,NH-DC-NM129-H06-ROCE-Leaf-16.GPU.S9825,TwoHundredGigE1/0/16:2,2946798,11842456158,2953691,11843724803,94.16,94.16
2024/05/24 星期五 00:25:33.017,1716481533017,NH-DC-NM129-H06-ROCE-Leaf-16.GPU.S9825,TwoHundredGigE1/0/16:2,1741511,6897707812,1743854,6897388508,55.01,55.01
2024/05/24 星期五 00:25:33.846,1716481533846,NH-DC-NM129-H06-ROCE-Leaf-16.GPU.S9825,TwoHundredGigE1/0/16:2,0,0,0,0,0,0
2024/05/24 星期五 00:25:34.447,1716481534447,NH-DC-NM129-H06-ROCE-Leaf-16.GPU.S9825,TwoHundredGigE1/0/16:2,2259770,8952051044,2263983,8952815047,59.57,59.57
2024/05/24 星期五 00:25:35.027,1716481535027,NH-DC-NM129-H06-ROCE-Leaf-16.GPU.S9825,TwoHundredGigE1/0/16:2,1779651,7048209384,1783530,7052766670,48.55,48.62
2024/05/24 星期五 00:25:35.650,1716481535650,NH-DC-NM129-H06-ROCE-Leaf-16.GPU.S9825,TwoHundredGigE1/0/16:2,0,0,0,0,0,0
2024/05/24 星期五 00:25:36.150,1716481536150,NH-DC-NM129-H06-ROCE-Leaf-16.GPU.S9825,TwoHundredGigE1/0/16:2,2909729,11692036764,2915374,11688578591,93.52,93.44
2024/05/24 星期五 00:25:36.691,1716481536691,NH-DC-NM129-H06-ROCE-Leaf-16.GPU.S9825,TwoHundredGigE1/0/16:2,1701967,6745034054,1706185,6749173856,49.83,49.83
2024/05/24 星期五 00:25:37.704,1716481537704,NH-DC-NM129-H06-ROCE-Leaf-16.GPU.S9825,TwoHundredGigE1/0/16:2,0,0,0,0,0,0
2024/05/24 星期五 00:25:38.205,1716481538205,NH-DC-NM129-H06-ROCE-Leaf-16.GPU.S9825,TwoHundredGigE1/0/16:2,1847885,7322382346,1850410,7318896915,58.44,58.36
2024/05/24 星期五 00:25:38.764,1716481538764,NH-DC-NM129-H06-ROCE-Leaf-16.GPU.S9825,TwoHundredGigE1/0/16:2,0,0,0,0,0,0
2024/05/24 星期五 00:25:39.311,1716481539311,NH-DC-NM129-H06-ROCE-Leaf-16.GPU.S9825,TwoHundredGigE1/0/16:2,2589267,10359421716,2595728,10362755620,75.69,75.76
2024/05/24 星期五 00:25:39.812,1716481539812,NH-DC-NM129-H06-ROCE-Leaf-16.GPU.S9825,TwoHundredGigE1/0/16:2,0,0,0,0,0,0
2024/05/24 星期五 00:25:40.313,1716481540313,NH-DC-NM129-H06-ROCE-Leaf-16.GPU.S9825,TwoHundredGigE1/0/16:2,2432787,9705962036,2433624,9686930793,77.45,77.29
2024/05/24 星期五 00:25:41.280,1716481541280,NH-DC-NM129-H06-ROCE-Leaf-16.GPU.S9825,TwoHundredGigE1/0/16:2,2183361,8650372466,2191018,8667436436,35.78,35.82
2024/05/24 星期五 00:25:41.783,1716481541783,NH-DC-NM129-H06-ROCE-Leaf-16.GPU.S9825,TwoHundredGigE1/0/16:2,0,0,0,0,0,0
2024/05/24 星期五 00:25:42.348,1716481542348,NH-DC-NM129-H06-ROCE-Leaf-16.GPU.S9825,TwoHundredGigE1/0/16:2,1812019,7180046434,1815790,7181413799,50.83,50.83
2024/05/24 星期五 00:25:42.944,1716481542944,NH-DC-NM129-H06-ROCE-Leaf-16.GPU.S9825,TwoHundredGigE1/0/16:2,0,0,0,0,0,0
2024/05/24 星期五 00:25:43.475,1716481543475,NH-DC-NM129-H06-ROCE-Leaf-16.GPU.S9825,TwoHundredGigE1/0/16:2,3068839,12324085416,3076014,12325400970,92.81,92.81
2024/05/24 星期五 00:25:44.082,1716481544082,NH-DC-NM129-H06-ROCE-Leaf-16.GPU.S9825,TwoHundredGigE1/0/16:2,1841524,7292897246,1844637,7291277479,48.04,48.04
2024/05/24 星期五 00:25:45.021,1716481545021,NH-DC-NM129-H06-ROCE-Leaf-16.GPU.S9825,TwoHundredGigE1/0/16:2,0,0,0,0,0,0
2024/05/24 星期五 00:25:45.525,1716481545525,NH-DC-NM129-H06-ROCE-Leaf-16.GPU.S9825,TwoHundredGigE1/0/16:2,2162201,8568336918,2166314,8568956368,67.94,67.94
2024/05/24 星期五 00:25:46.105,1716481546105,NH-DC-NM129-H06-ROCE-Leaf-16.GPU.S9825,TwoHundredGigE1/0/16:2,2384342,9540313598,2389949,9541658843,65.79,65.79
2024/05/24 星期五 00:25:46.629,1716481546629,NH-DC-NM129-H06-ROCE-Leaf-16.GPU.S9825,TwoHundredGigE1/0/16:2,0,0,0,0,0,0
2024/05/24 星期五 00:25:47.130,1716481547130,NH-DC-NM129-H06-ROCE-Leaf-16.GPU.S9825,TwoHundredGigE1/0/16:2,2432087,9711321140,2437391,9711113210,77.52,77.52
2024/05/24 星期五 00:25:47.777,1716481547777,NH-DC-NM129-H06-ROCE-Leaf-16.GPU.S9825,TwoHundredGigE1/0/16:2,1807487,7161614502,1810762,7162457845,44.27,44.27
2024/05/24 星期五 00:25:48.616,1716481548616,NH-DC-NM129-H06-ROCE-Leaf-16.GPU.S9825,TwoHundredGigE1/0/16:2,0,0,0,0,0,0
2024/05/24 星期五 00:25:49.201,1716481549201,NH-DC-NM129-H06-ROCE-Leaf-16.GPU.S9825,TwoHundredGigE1/0/16:2,1937186,7673205336,1940656,7673429276,52.44,52.44
2024/05/24 星期五 00:25:49.799,1716481549799,NH-DC-NM129-H06-ROCE-Leaf-16.GPU.S9825,TwoHundredGigE1/0/16:2,0,0,0,0,0,0
2024/05/24 星期五 00:25:50.298,1716481550298,NH-DC-NM129-H06-ROCE-Leaf-16.GPU.S9825,TwoHundredGigE1/0/16:2,2879947,11578486494,2887428,11579398129,92.75,92.75
2024/05/24 星期五 00:25:50.847,1716481550847,NH-DC-NM129-H06-ROCE-Leaf-16.GPU.S9825,TwoHundredGigE1/0/16:2,0,0,0,0,0,0
2024/05/24 星期五 00:25:51.351,1716481551351,NH-DC-NM129-H06-ROCE-Leaf-16.GPU.S9825,TwoHundredGigE1/0/16:2,2001061,7928922930,2004601,7929155878,62.86,62.86
2024/05/24 星期五 00:25:52.173,1716481552173,NH-DC-NM129-H06-ROCE-Leaf-16.GPU.S9825,TwoHundredGigE1/0/16:2,2130717,8440512142,2134315,8441093235,41.07,41.07
2024/05/24 星期五 00:25:52.779,1716481552779,NH-DC-NM129-H06-ROCE-Leaf-16.GPU.S9825,TwoHundredGigE1/0/16:2,0,0,0,0,0,0
2024/05/24 星期五 00:25:53.284,1716481553284,NH-DC-NM129-H06-ROCE-Leaf-16.GPU.S9825,TwoHundredGigE1/0/16:2,1655234,6558605682,1659381,6563759908,51.88,51.96
2024/05/24 星期五 00:25:53.788,1716481553788,NH-DC-NM129-H06-ROCE-Leaf-16.GPU.S9825,TwoHundredGigE1/0/16:2,0,0,0,0,0,0
2024/05/24 星期五 00:25:54.290,1716481554290,NH-DC-NM129-H06-ROCE-Leaf-16.GPU.S9825,TwoHundredGigE1/0/16:2,2967960,11925741210,2974331,11921392369,94.98,94.98
2024/05/24 星期五 00:25:54.975,1716481554975,NH-DC-NM129-H06-ROCE-Leaf-16.GPU.S9825,TwoHundredGigE1/0/16:2,1714514,6794346172,1717789,6795601064,39.65,39.65
2024/05/24 星期五 00:25:56.270,1716481556270,NH-DC-NM129-H06-ROCE-Leaf-16.GPU.S9825,TwoHundredGigE1/0/16:2,2127227,8424151138,2130045,8423774841,26.01,26.01
2024/05/24 星期五 00:25:56.935,1716481556935,NH-DC-NM129-H06-ROCE-Leaf-16.GPU.S9825,TwoHundredGigE1/0/16:2,0,0,0,0,0,0
2024/05/24 星期五 00:25:57.481,1716481557481,NH-DC-NM129-H06-ROCE-Leaf-16.GPU.S9825,TwoHundredGigE1/0/16:2,2352524,9420707142,2355102,9409731104,69.01,68.86
2024/05/24 星期五 00:25:58.090,1716481558090,NH-DC-NM129-H06-ROCE-Leaf-16.GPU.S9825,TwoHundredGigE1/0/16:2,2235756,8924662470,2245867,8947734827,58.59,58.72
2024/05/24 星期五 00:25:58.608,1716481558608,NH-DC-NM129-H06-ROCE-Leaf-16.GPU.S9825,TwoHundredGigE1/0/16:2,0,0,0,0,0,0
2024/05/24 星期五 00:25:59.512,1716481559512,NH-DC-NM129-H06-ROCE-Leaf-16.GPU.S9825,TwoHundredGigE1/0/16:2,2068136,8195779968,2069394,8185368356,36.24,36.19
2024/05/24 星期五 00:26:00.120,1716481560120,NH-DC-NM129-H06-ROCE-Leaf-16.GPU.S9825,TwoHundredGigE1/0/16:2,1936484,7673149716,1939822,7673369488,50.46,50.46
2024/05/24 星期五 00:26:00.621,1716481560621,NH-DC-NM129-H06-ROCE-Leaf-16.GPU.S9825,TwoHundredGigE1/0/16:2,0,0,0,0,0,0
2024/05/24 星期五 00:26:01.123,1716481561123,NH-DC-NM129-H06-ROCE-Leaf-16.GPU.S9825,TwoHundredGigE1/0/16:2,2930870,11779591680,2935420,11767167048,93.78,93.71
2024/05/24 星期五 00:26:02.220,1716481562220,NH-DC-NM129-H06-ROCE-Leaf-16.GPU.S9825,TwoHundredGigE1/0/16:2,1906753,7554998044,1912899,7567096757,27.53,27.57
2024/05/24 星期五 00:26:03.164,1716481563164,NH-DC-NM129-H06-ROCE-Leaf-16.GPU.S9825,TwoHundredGigE1/0/16:2,2044682,8101757494,2048618,8103814266,34.32,34.32
2024/05/24 星期五 00:26:03.746,1716481563746,NH-DC-NM129-H06-ROCE-Leaf-16.GPU.S9825,TwoHundredGigE1/0/16:2,0,0,0,0,0,0
2024/05/24 星期五 00:26:04.246,1716481564246,NH-DC-NM129-H06-ROCE-Leaf-16.GPU.S9825,TwoHundredGigE1/0/16:2,1929096,7634456968,1932277,7634669231,61.04,61.04
2024/05/24 星期五 00:26:04.758,1716481564758,NH-DC-NM129-H06-ROCE-Leaf-16.GPU.S9825,TwoHundredGigE1/0/16:2,0,0,0,0,0,0
2024/05/24 星期五 00:26:05.257,1716481565257,NH-DC-NM129-H06-ROCE-Leaf-16.GPU.S9825,TwoHundredGigE1/0/16:2,2952497,11872991010,2960778,11873885144,95.15,95.15
2024/05/24 星期五 00:26:05.757,1716481565757,NH-DC-NM129-H06-ROCE-Leaf-16.GPU.S9825,TwoHundredGigE1/0/16:2,0,0,0,0,0,0
2024/05/24 星期五 00:26:06.349,1716481566349,NH-DC-NM129-H06-ROCE-Leaf-16.GPU.S9825,TwoHundredGigE1/0/16:2,1936375,7673142970,1939911,7673585383,51.82,51.82
2024/05/24 星期五 00:26:07.386,1716481567386,NH-DC-NM129-H06-ROCE-Leaf-16.GPU.S9825,TwoHundredGigE1/0/16:2,2065383,8184679822,2069249,8184933966,31.55,31.55
2024/05/24 星期五 00:26:07.886,1716481567886,NH-DC-NM129-H06-ROCE-Leaf-16.GPU.S9825,TwoHundredGigE1/0/16:2,0,0,0,0,0,0
2024/05/24 星期五 00:26:08.414,1716481568414,NH-DC-NM129-H06-ROCE-Leaf-16.GPU.S9825,TwoHundredGigE1/0/16:2,2428500,9788103708,2434981,9788531691,74.09,74.09
2024/05/24 星期五 00:26:08.983,1716481568983,NH-DC-NM129-H06-ROCE-Leaf-16.GPU.S9825,TwoHundredGigE1/0/16:2,0,0,0,0,0,0
2024/05/24 星期五 00:26:09.486,1716481569486,NH-DC-NM129-H06-ROCE-Leaf-16.GPU.S9825,TwoHundredGigE1/0/16:2,2178462,8632698492,2182141,8631495648,68.63,68.63
2024/05/24 星期五 00:26:10.656,1716481570656,NH-DC-NM129-H06-ROCE-Leaf-16.GPU.S9825,TwoHundredGigE1/0/16:2,2210738,8759770832,2215759,8762456153,29.91,29.95
2024/05/24 星期五 00:26:11.158,1716481571158,NH-DC-NM129-H06-ROCE-Leaf-16.GPU.S9825,TwoHundredGigE1/0/16:2,1710503,6777945534,1713585,6778148734,53.94,53.94
2024/05/24 星期五 00:26:11.768,1716481571768,NH-DC-NM129-H06-ROCE-Leaf-16.GPU.S9825,TwoHundredGigE1/0/16:2,0,0,0,0,0,0
2024/05/24 星期五 00:26:12.342,1716481572342,NH-DC-NM129-H06-ROCE-Leaf-16.GPU.S9825,TwoHundredGigE1/0/16:2,2911813,11706343634,2922208,11707447249,81.53,81.53
2024/05/24 星期五 00:26:13.024,1716481573024,NH-DC-NM129-H06-ROCE-Leaf-16.GPU.S9825,TwoHundredGigE1/0/16:2,1678235,6650059458,1681441,6650272374,39.00,39.00
2024/05/24 星期五 00:26:13.674,1716481573674,NH-DC-NM129-H06-ROCE-Leaf-16.GPU.S9825,TwoHundredGigE1/0/16:2,0,0,0,0,0,0
2024/05/24 星期五 00:26:14.347,1716481574347,NH-DC-NM129-H06-ROCE-Leaf-16.GPU.S9825,TwoHundredGigE1/0/16:2,2130102,8440463192,2133999,8441067899,50.16,50.16
2024/05/24 星期五 00:26:14.846,1716481574846,NH-DC-NM129-H06-ROCE-Leaf-16.GPU.S9825,TwoHundredGigE1/0/16:2,0,0,0,0,0,0
2024/05/24 星期五 00:26:15.347,1716481575347,NH-DC-NM129-H06-ROCE-Leaf-16.GPU.S9825,TwoHundredGigE1/0/16:2,1830253,7237090214,1832879,7236638834,57.72,57.72
2024/05/24 星期五 00:26:16.795,1716481576795,NH-DC-NM129-H06-ROCE-Leaf-16.GPU.S9825,TwoHundredGigE1/0/16:2,2857286,11503641520,2866069,11504709215,31.77,31.77
2024/05/24 星期五 00:26:17.370,1716481577370,NH-DC-NM129-H06-ROCE-Leaf-16.GPU.S9825,TwoHundredGigE1/0/16:2,2001337,7931274926,2005000,7930681162,55.17,55.17
2024/05/24 星期五 00:26:17.884,1716481577884,NH-DC-NM129-H06-ROCE-Leaf-16.GPU.S9825,TwoHundredGigE1/0/16:2,0,0,0,0,0,0
2024/05/24 星期五 00:26:18.799,1716481578799,NH-DC-NM129-H06-ROCE-Leaf-16.GPU.S9825,TwoHundredGigE1/0/16:2,1742210,6903459632,1745518,6904861163,30.16,30.16
2024/05/24 星期五 00:26:19.302,1716481579302,NH-DC-NM129-H06-ROCE-Leaf-16.GPU.S9825,TwoHundredGigE1/0/16:2,2365173,9490169530,2370755,9491703434,75.47,75.47
2024/05/24 星期五 00:26:20.037,1716481580037,NH-DC-NM129-H06-ROCE-Leaf-16.GPU.S9825,TwoHundredGigE1/0/16:2,2322546,9249947408,2327629,9249396271,50.29,50.29
2024/05/24 星期五 00:26:20.854,1716481580854,NH-DC-NM129-H06-ROCE-Leaf-16.GPU.S9825,TwoHundredGigE1/0/16:2,2194568,8696229268,2198546,8696908664,42.55,42.55
2024/05/24 星期五 00:26:22.656,1716481582656,NH-DC-NM129-H06-ROCE-Leaf-16.GPU.S9825,TwoHundredGigE1/0/16:2,1807346,7161604436,1810572,7161816345,15.89,15.89
2024/05/24 星期五 00:26:23.604,1716481583604,NH-DC-NM129-H06-ROCE-Leaf-16.GPU.S9825,TwoHundredGigE1/0/16:2,2557304,10299633640,2563510,10300530968,43.42,43.46
2024/05/24 星期五 00:26:24.244,1716481584244,NH-DC-NM129-H06-ROCE-Leaf-16.GPU.S9825,TwoHundredGigE1/0/16:2,1968610,7801025268,1972457,7802064581,48.75,48.75
2024/05/24 星期五 00:26:24.745,1716481584745,NH-DC-NM129-H06-ROCE-Leaf-16.GPU.S9825,TwoHundredGigE1/0/16:2,0,0,0,0,0,0
2024/05/24 星期五 00:26:25.336,1716481585336,NH-DC-NM129-H06-ROCE-Leaf-16.GPU.S9825,TwoHundredGigE1/0/16:2,2115302,8382317656,2120139,8387141600,56.72,56.72
2024/05/24 星期五 00:26:25.894,1716481585894,NH-DC-NM129-H06-ROCE-Leaf-16.GPU.S9825,TwoHundredGigE1/0/16:2,0,0,0,0,0,0
2024/05/24 星期五 00:26:26.494,1716481586494,NH-DC-NM129-H06-ROCE-Leaf-16.GPU.S9825,TwoHundredGigE1/0/16:2,1911405,7564700866,1912858,7559644589,50.4,50.33
2024/05/24 星期五 00:26:27.095,1716481587095,NH-DC-NM129-H06-ROCE-Leaf-16.GPU.S9825,TwoHundredGigE1/0/16:2,2952256,11872975224,2960832,11873960408,79.00,79.00
2024/05/24 星期五 00:26:27.728,1716481587728,NH-DC-NM129-H06-ROCE-Leaf-16.GPU.S9825,TwoHundredGigE1/0/16:2,0,0,0,0,0,0
2024/05/24 星期五 00:26:28.285,1716481588285,NH-DC-NM129-H06-ROCE-Leaf-16.GPU.S9825,TwoHundredGigE1/0/16:2,1540165,6103246784,1542879,6102853505,43.81,43.81
2024/05/24 星期五 00:26:28.903,1716481588903,NH-DC-NM129-H06-ROCE-Leaf-16.GPU.S9825,TwoHundredGigE1/0/16:2,0,0,0,0,0,0
2024/05/24 星期五 00:26:29.401,1716481589401,NH-DC-NM129-H06-ROCE-Leaf-16.GPU.S9825,TwoHundredGigE1/0/16:2,2106693,8347840204,2110671,8349162176,66.99,66.99
2024/05/24 星期五 00:26:32.887,1716481592887,NH-DC-NM129-H06-ROCE-Leaf-16.GPU.S9825,TwoHundredGigE1/0/16:2,6979308,27820021384,6993987,27821890703,31.92,31.92
2024/05/24 星期五 00:26:33.548,1716481593548,NH-DC-NM129-H06-ROCE-Leaf-16.GPU.S9825,TwoHundredGigE1/0/16:2,1614051,6394315506,1616546,6394476120,38.67,38.67
2024/05/24 星期五 00:26:34.146,1716481594146,NH-DC-NM129-H06-ROCE-Leaf-16.GPU.S9825,TwoHundredGigE1/0/16:2,3196373,12829496044,3205053,12833479615,85.75,85.82
2024/05/24 星期五 00:26:34.713,1716481594713,NH-DC-NM129-H06-ROCE-Leaf-16.GPU.S9825,TwoHundredGigE1/0/16:2,0,0,0,0,0,0
2024/05/24 星期五 00:26:35.295,1716481595295,NH-DC-NM129-H06-ROCE-Leaf-16.GPU.S9825,TwoHundredGigE1/0/16:2,1764534,6992015018,1767602,6991712326,48.04,48.04
2024/05/24 星期五 00:26:35.916,1716481595916,NH-DC-NM129-H06-ROCE-Leaf-16.GPU.S9825,TwoHundredGigE1/0/16:2,0,0,0,0,0,0
2024/05/24 星期五 00:26:36.429,1716481596429,NH-DC-NM129-H06-ROCE-Leaf-16.GPU.S9825,TwoHundredGigE1/0/16:2,2129737,8439247976,2132621,8435021945,65.73,65.73
2024/05/24 星期五 00:26:37.199,1716481597199,NH-DC-NM129-H06-ROCE-Leaf-16.GPU.S9825,TwoHundredGigE1/0/16:2,2481014,9920853156,2493138,9947678584,51.53,51.64
2024/05/24 星期五 00:26:37.815,1716481597815,NH-DC-NM129-H06-ROCE-Leaf-16.GPU.S9825,TwoHundredGigE1/0/16:2,0,0,0,0,0,0
2024/05/24 星期五 00:26:38.317,1716481598317,NH-DC-NM129-H06-ROCE-Leaf-16.GPU.S9825,TwoHundredGigE1/0/16:2,2339484,9344466596,2339672,9323993157,74.42,74.26
2024/05/24 星期五 00:26:38.880,1716481598880,NH-DC-NM129-H06-ROCE-Leaf-16.GPU.S9825,TwoHundredGigE1/0/16:2,0,0,0,0,0,0
2024/05/24 星期五 00:26:39.384,1716481599384,NH-DC-NM129-H06-ROCE-Leaf-16.GPU.S9825,TwoHundredGigE1/0/16:2,2151029,8523736288,2154115,8521168154,67.62,67.62
2024/05/24 星期五 00:26:39.966,1716481599966,NH-DC-NM129-H06-ROCE-Leaf-16.GPU.S9825,TwoHundredGigE1/0/16:2,1864040,7386115934,1867115,7384437513,50.72,50.72
2024/05/24 星期五 00:26:40.674,1716481600674,NH-DC-NM129-H06-ROCE-Leaf-16.GPU.S9825,TwoHundredGigE1/0/16:2,0,0,0,0,0,0
2024/05/24 星期五 00:26:41.308,1716481601308,NH-DC-NM129-H06-ROCE-Leaf-16.GPU.S9825,TwoHundredGigE1/0/16:2,2727484,10967720128,2734559,10968884662,69.15,69.15
2024/05/24 星期五 00:26:41.818,1716481601818,NH-DC-NM129-H06-ROCE-Leaf-16.GPU.S9825,TwoHundredGigE1/0/16:2,0,0,0,0,0,0
2024/05/24 星期五 00:26:42.353,1716481602353,NH-DC-NM129-H06-ROCE-Leaf-16.GPU.S9825,TwoHundredGigE1/0/16:2,1963925,7782520888,1966888,7779712999,58.17,58.09
2024/05/24 星期五 00:26:42.912,1716481602912,NH-DC-NM129-H06-ROCE-Leaf-16.GPU.S9825,TwoHundredGigE1/0/16:2,0,0,0,0,0,0
2024/05/24 星期五 00:26:43.496,1716481603496,NH-DC-NM129-H06-ROCE-Leaf-16.GPU.S9825,TwoHundredGigE1/0/16:2,2151327,8522206046,2154314,8519778628,58.36,58.29
2024/05/24 星期五 00:26:44.220,1716481604220,NH-DC-NM129-H06-ROCE-Leaf-16.GPU.S9825,TwoHundredGigE1/0/16:2,1666475,6603497624,1669638,6604441445,36.46,36.46
2024/05/24 星期五 00:26:44.975,1716481604975,NH-DC-NM129-H06-ROCE-Leaf-16.GPU.S9825,TwoHundredGigE1/0/16:2,0,0,0,0,0,0
2024/05/24 星期五 00:26:46.118,1716481606118,NH-DC-NM129-H06-ROCE-Leaf-16.GPU.S9825,TwoHundredGigE1/0/16:2,5121514,20459349362,5133241,20460743419,71.57,71.60
2024/05/24 星期五 00:26:46.619,1716481606619,NH-DC-NM129-H06-ROCE-Leaf-16.GPU.S9825,TwoHundredGigE1/0/16:2,0,0,0,0,0,0
2024/05/24 星期五 00:26:47.305,1716481607305,NH-DC-NM129-H06-ROCE-Leaf-16.GPU.S9825,TwoHundredGigE1/0/16:2,1978559,7839457354,1982206,7839636888,45.66,45.66
2024/05/24 星期五 00:26:47.881,1716481607881,NH-DC-NM129-H06-ROCE-Leaf-16.GPU.S9825,TwoHundredGigE1/0/16:2,2557274,10299632532,2565075,10300423423,71.46,71.53
2024/05/24 星期五 00:26:48.520,1716481608520,NH-DC-NM129-H06-ROCE-Leaf-16.GPU.S9825,TwoHundredGigE1/0/16:2,0,0,0,0,0,0
2024/05/24 星期五 00:26:49.030,1716481609030,NH-DC-NM129-H06-ROCE-Leaf-16.GPU.S9825,TwoHundredGigE1/0/16:2,2115131,8381572890,2118969,8381816534,65.73,65.73
2024/05/24 星期五 00:26:49.598,1716481609598,NH-DC-NM129-H06-ROCE-Leaf-16.GPU.S9825,TwoHundredGigE1/0/16:2,0,0,0,0,0,0
2024/05/24 星期五 00:26:50.110,1716481610110,NH-DC-NM129-H06-ROCE-Leaf-16.GPU.S9825,TwoHundredGigE1/0/16:2,2241796,8883003280,2246113,8883788583,69.38,69.38
2024/05/24 星期五 00:26:50.874,1716481610874,NH-DC-NM129-H06-ROCE-Leaf-16.GPU.S9825,TwoHundredGigE1/0/16:2,0,0,0,0,0,0
2024/05/24 星期五 00:26:51.449,1716481611449,NH-DC-NM129-H06-ROCE-Leaf-16.GPU.S9825,TwoHundredGigE1/0/16:2,1742781,6905831894,1746030,6906046260,48,48
2024/05/24 星期五 00:26:52.011,1716481612011,NH-DC-NM129-H06-ROCE-Leaf-16.GPU.S9825,TwoHundredGigE1/0/16:2,2976638,11962134092,2984142,11963115997,85.12,85.12
2024/05/24 星期五 00:26:52.642,1716481612642,NH-DC-NM129-H06-ROCE-Leaf-16.GPU.S9825,TwoHundredGigE1/0/16:2,0,0,0,0,0,0
2024/05/24 星期五 00:26:53.165,1716481613165,NH-DC-NM129-H06-ROCE-Leaf-16.GPU.S9825,TwoHundredGigE1/0/16:2,1628924,6455737472,1626879,6434561898,49.33,49.18
2024/05/24 星期五 00:26:53.702,1716481613702,NH-DC-NM129-H06-ROCE-Leaf-16.GPU.S9825,TwoHundredGigE1/0/16:2,0,0,0,0,0,0
2024/05/24 星期五 00:26:54.407,1716481614407,NH-DC-NM129-H06-ROCE-Leaf-16.GPU.S9825,TwoHundredGigE1/0/16:2,2082394,8251114076,2091404,8273167581,46.81,46.92
2024/05/24 星期五 00:26:55.296,1716481615296,NH-DC-NM129-H06-ROCE-Leaf-16.GPU.S9825,TwoHundredGigE1/0/16:2,2580849,10315758878,2586809,10316152034,46.39,46.39
2024/05/24 星期五 00:26:56.040,1716481616040,NH-DC-NM129-H06-ROCE-Leaf-16.GPU.S9825,TwoHundredGigE1/0/16:2,2526401,10086871402,2531842,10087647717,54.19,54.19
2024/05/24 星期五 00:26:56.632,1716481616632,NH-DC-NM129-H06-ROCE-Leaf-16.GPU.S9825,TwoHundredGigE1/0/16:2,0,0,0,0,0,0
2024/05/24 星期五 00:26:57.201,1716481617201,NH-DC-NM129-H06-ROCE-Leaf-16.GPU.S9825,TwoHundredGigE1/0/16:2,2194672,8696236128,2198695,8696919042,61.09,61.09
2024/05/24 星期五 00:26:57.892,1716481617892,NH-DC-NM129-H06-ROCE-Leaf-16.GPU.S9825,TwoHundredGigE1/0/16:2,0,0,0,0,0,0
2024/05/24 星期五 00:26:58.433,1716481618433,NH-DC-NM129-H06-ROCE-Leaf-16.GPU.S9825,TwoHundredGigE1/0/16:2,1582424,6266480292,1584453,6266603895,46.28,46.28
2024/05/24 星期五 00:26:59.023,1716481619023,NH-DC-NM129-H06-ROCE-Leaf-16.GPU.S9825,TwoHundredGigE1/0/16:2,2815784,11322740048,2823381,11323728262,76.75,76.75
2024/05/24 星期五 00:26:59.611,1716481619611,NH-DC-NM129-H06-ROCE-Leaf-16.GPU.S9825,TwoHundredGigE1/0/16:2,0,0,0,0,0,0
2024/05/24 星期五 00:27:00.154,1716481620154,NH-DC-NM129-H06-ROCE-Leaf-16.GPU.S9825,TwoHundredGigE1/0/16:2,2007399,7954668310,2012492,7959897290,58.56,58.56
2024/05/24 星期五 00:27:00.846,1716481620846,NH-DC-NM129-H06-ROCE-Leaf-16.GPU.S9825,TwoHundredGigE1/0/16:2,0,0,0,0,0,0
2024/05/24 星期五 00:27:01.461,1716481621461,NH-DC-NM129-H06-ROCE-Leaf-16.GPU.S9825,TwoHundredGigE1/0/16:2,2091264,8286817036,2094182,8282327230,53.85,53.85
2024/05/24 星期五 00:27:01.995,1716481621995,NH-DC-NM129-H06-ROCE-Leaf-16.GPU.S9825,TwoHundredGigE1/0/16:2,0,0,0,0,0,0
2024/05/24 星期五 00:27:03.018,1716481623018,NH-DC-NM129-H06-ROCE-Leaf-16.GPU.S9825,TwoHundredGigE1/0/16:2,2158153,8555444592,2161175,8554247701,33.43,33.43
2024/05/24 星期五 00:27:03.524,1716481623524,NH-DC-NM129-H06-ROCE-Leaf-16.GPU.S9825,TwoHundredGigE1/0/16:2,2723079,10951981108,2731457,10954208028,86.56,86.56
2024/05/24 星期五 00:27:04.164,1716481624164,NH-DC-NM129-H06-ROCE-Leaf-16.GPU.S9825,TwoHundredGigE1/0/16:2,1936290,7673137432,1939867,7673860167,47.94,47.94
2024/05/24 星期五 00:27:04.794,1716481624794,NH-DC-NM129-H06-ROCE-Leaf-16.GPU.S9825,TwoHundredGigE1/0/16:2,0,0,0,0,0,0
2024/05/24 星期五 00:27:05.296,1716481625296,NH-DC-NM129-H06-ROCE-Leaf-16.GPU.S9825,TwoHundredGigE1/0/16:2,1936402,7673144436,1939930,7673377464,61.12,61.12
2024/05/24 星期五 00:27:06.027,1716481626027,NH-DC-NM129-H06-ROCE-Leaf-16.GPU.S9825,TwoHundredGigE1/0/16:2,2863238,11506041500,2868117,11507183431,62.93,62.93
2024/05/24 星期五 00:27:06.639,1716481626639,NH-DC-NM129-H06-ROCE-Leaf-16.GPU.S9825,TwoHundredGigE1/0/16:2,0,0,0,0,0,0
2024/05/24 星期五 00:27:07.290,1716481627290,NH-DC-NM129-H06-ROCE-Leaf-16.GPU.S9825,TwoHundredGigE1/0/16:2,2032502,8053975812,2036012,8052018666,49.46,49.46
2024/05/24 星期五 00:27:08.020,1716481628020,NH-DC-NM129-H06-ROCE-Leaf-16.GPU.S9825,TwoHundredGigE1/0/16:2,2117113,8388638630,2121885,8392340337,45.92,45.97
2024/05/24 星期五 00:27:09.027,1716481629027,NH-DC-NM129-H06-ROCE-Leaf-16.GPU.S9825,TwoHundredGigE1/0/16:2,1645987,6522176134,1651063,6530892474,25.90,25.94
2024/05/24 星期五 00:27:09.619,1716481629619,NH-DC-NM129-H06-ROCE-Leaf-16.GPU.S9825,TwoHundredGigE1/0/16:2,0,0,0,0,0,0
2024/05/24 星期五 00:27:10.172,1716481630172,NH-DC-NM129-H06-ROCE-Leaf-16.GPU.S9825,TwoHundredGigE1/0/16:2,3333636,13369026072,3338368,13361428981,96.64,96.64
2024/05/24 星期五 00:27:10.774,1716481630774,NH-DC-NM129-H06-ROCE-Leaf-16.GPU.S9825,TwoHundredGigE1/0/16:2,0,0,0,0,0,0
2024/05/24 星期五 00:27:11.439,1716481631439,NH-DC-NM129-H06-ROCE-Leaf-16.GPU.S9825,TwoHundredGigE1/0/16:2,1702154,6744021504,1707196,6753289902,40.54,40.60
2024/05/24 星期五 00:27:11.940,1716481631940,NH-DC-NM129-H06-ROCE-Leaf-16.GPU.S9825,TwoHundredGigE1/0/16:2,0,0,0,0,0,0
2024/05/24 星期五 00:27:12.598,1716481632598,NH-DC-NM129-H06-ROCE-Leaf-16.GPU.S9825,TwoHundredGigE1/0/16:2,2074414,8220651168,2076139,8210176161,49.97,49.91
2024/05/24 星期五 00:27:13.241,1716481633241,NH-DC-NM129-H06-ROCE-Leaf-16.GPU.S9825,TwoHundredGigE1/0/16:2,2699449,10853421340,2707003,10854772156,67.50,67.50
2024/05/24 星期五 00:27:13.746,1716481633746,NH-DC-NM129-H06-ROCE-Leaf-16.GPU.S9825,TwoHundredGigE1/0/16:2,0,0,0,0,0,0
2024/05/24 星期五 00:27:14.413,1716481634413,NH-DC-NM129-H06-ROCE-Leaf-16.GPU.S9825,TwoHundredGigE1/0/16:2,2182174,8654028418,2186415,8653876793,51.87,51.87
2024/05/24 星期五 00:27:15.034,1716481635034,NH-DC-NM129-H06-ROCE-Leaf-16.GPU.S9825,TwoHundredGigE1/0/16:2,2323900,9207782776,2317437,9165661158,59.26,59.00
2024/05/24 星期五 00:27:15.548,1716481635548,NH-DC-NM129-H06-ROCE-Leaf-16.GPU.S9825,TwoHundredGigE1/0/16:2,0,0,0,0,0,0
2024/05/24 星期五 00:27:16.103,1716481636103,NH-DC-NM129-H06-ROCE-Leaf-16.GPU.S9825,TwoHundredGigE1/0/16:2,1710868,6777980572,1724020,6820745373,48.79,49.15
2024/05/24 星期五 00:27:16.758,1716481636758,NH-DC-NM129-H06-ROCE-Leaf-16.GPU.S9825,TwoHundredGigE1/0/16:2,0,0,0,0,0,0
2024/05/24 星期五 00:27:18.004,1716481638004,NH-DC-NM129-H06-ROCE-Leaf-16.GPU.S9825,TwoHundredGigE1/0/16:2,4796186,19169090254,4807761,19174676157,61.51,61.54
2024/05/24 星期五 00:27:18.550,1716481638550,NH-DC-NM129-H06-ROCE-Leaf-16.GPU.S9825,TwoHundredGigE1/0/16:2,0,0,0,0,0,0
2024/05/24 星期五 00:27:19.073,1716481639073,NH-DC-NM129-H06-ROCE-Leaf-16.GPU.S9825,TwoHundredGigE1/0/16:2,2146820,8507311772,2149747,8503658420,65.01,65.01
2024/05/24 星期五 00:27:19.719,1716481639719,NH-DC-NM129-H06-ROCE-Leaf-16.GPU.S9825,TwoHundredGigE1/0/16:2,0,0,0,0,0,0
2024/05/24 星期五 00:27:20.358,1716481640358,NH-DC-NM129-H06-ROCE-Leaf-16.GPU.S9825,TwoHundredGigE1/0/16:2,2313053,9260058262,2327356,9290043745,57.97,58.15
2024/05/24 星期五 00:27:21.828,1716481641828,NH-DC-NM129-H06-ROCE-Leaf-16.GPU.S9825,TwoHundredGigE1/0/16:2,4604716,18319853338,4607417,18291538479,49.82,49.77
2024/05/24 星期五 00:27:23.105,1716481643105,NH-DC-NM129-H06-ROCE-Leaf-16.GPU.S9825,TwoHundredGigE1/0/16:2,1678163,6650054730,1681092,6650247432,20.83,20.83
2024/05/24 星期五 00:27:23.904,1716481643904,NH-DC-NM129-H06-ROCE-Leaf-16.GPU.S9825,TwoHundredGigE1/0/16:2,0,0,0,0,0,0
2024/05/24 星期五 00:27:24.458,1716481644458,NH-DC-NM129-H06-ROCE-Leaf-16.GPU.S9825,TwoHundredGigE1/0/16:2,2729127,10980920868,2735809,10979390967,79.28,79.21
2024/05/24 星期五 00:27:24.982,1716481644982,NH-DC-NM129-H06-ROCE-Leaf-16.GPU.S9825,TwoHundredGigE1/0/16:2,2023396,8016555830,2027136,8017692012,61.15,61.15
2024/05/24 星期五 00:27:25.863,1716481645863,NH-DC-NM129-H06-ROCE-Leaf-16.GPU.S9825,TwoHundredGigE1/0/16:2,0,0,0,0,0,0
2024/05/24 星期五 00:27:26.363,1716481646363,NH-DC-NM129-H06-ROCE-Leaf-16.GPU.S9825,TwoHundredGigE1/0/16:2,2130656,8440505596,2134987,8441347575,67.52,67.52
2024/05/24 星期五 00:27:27.131,1716481647131,NH-DC-NM129-H06-ROCE-Leaf-16.GPU.S9825,TwoHundredGigE1/0/16:2,1801114,7132319470,1805493,7139181150,37.14,37.14
2024/05/24 星期五 00:27:27.709,1716481647709,NH-DC-NM129-H06-ROCE-Leaf-16.GPU.S9825,TwoHundredGigE1/0/16:2,0,0,0,0,0,0
2024/05/24 星期五 00:27:28.209,1716481648209,NH-DC-NM129-H06-ROCE-Leaf-16.GPU.S9825,TwoHundredGigE1/0/16:2,2885528,11604493868,2891923,11599449683,92.8,92.72
2024/05/24 星期五 00:27:28.855,1716481648855,NH-DC-NM129-H06-ROCE-Leaf-16.GPU.S9825,TwoHundredGigE1/0/16:2,0,0,0,0,0,0
2024/05/24 星期五 00:27:29.512,1716481649512,NH-DC-NM129-H06-ROCE-Leaf-16.GPU.S9825,TwoHundredGigE1/0/16:2,1743570,6909109042,1746626,6908482224,42.01,42.01
2024/05/24 星期五 00:27:30.053,1716481650053,NH-DC-NM129-H06-ROCE-Leaf-16.GPU.S9825,TwoHundredGigE1/0/16:2,2057086,8151417014,2060860,8151627264,60.26,60.26
2024/05/24 星期五 00:27:30.754,1716481650754,NH-DC-NM129-H06-ROCE-Leaf-16.GPU.S9825,TwoHundredGigE1/0/16:2,0,0,0,0,0,0
2024/05/24 星期五 00:27:31.277,1716481651277,NH-DC-NM129-H06-ROCE-Leaf-16.GPU.S9825,TwoHundredGigE1/0/16:2,2465761,9881647396,2470438,9881050264,75.56,75.56
2024/05/24 星期五 00:27:31.777,1716481651777,NH-DC-NM129-H06-ROCE-Leaf-16.GPU.S9825,TwoHundredGigE1/0/16:2,0,0,0,0,0,0
2024/05/24 星期五 00:27:32.280,1716481652280,NH-DC-NM129-H06-ROCE-Leaf-16.GPU.S9825,TwoHundredGigE1/0/16:2,2360154,9404631156,2365610,9405407581,74.75,74.75
2024/05/24 星期五 00:27:32.991,1716481652991,NH-DC-NM129-H06-ROCE-Leaf-16.GPU.S9825,TwoHundredGigE1/0/16:2,0,0,0,0,0,0
2024/05/24 星期五 00:27:33.494,1716481653494,NH-DC-NM129-H06-ROCE-Leaf-16.GPU.S9825,TwoHundredGigE1/0/16:2,2000958,7928916324,2004580,7929572796,62.98,62.98
2024/05/24 星期五 00:27:34.216,1716481654216,NH-DC-NM129-H06-ROCE-Leaf-16.GPU.S9825,TwoHundredGigE1/0/16:2,1808550,7166271790,1810799,7161833149,39.67,39.67
2024/05/24 星期五 00:27:34.724,1716481654724,NH-DC-NM129-H06-ROCE-Leaf-16.GPU.S9825,TwoHundredGigE1/0/16:2,0,0,0,0,0,0
2024/05/24 星期五 00:27:36.000,1716481656000,NH-DC-NM129-H06-ROCE-Leaf-16.GPU.S9825,TwoHundredGigE1/0/16:2,5009352,20015135802,5021794,20020139715,62.73,62.76
2024/05/24 星期五 00:27:36.613,1716481656613,NH-DC-NM129-H06-ROCE-Leaf-16.GPU.S9825,TwoHundredGigE1/0/16:2,0,0,0,0,0,0
2024/05/24 星期五 00:27:37.115,1716481657115,NH-DC-NM129-H06-ROCE-Leaf-16.GPU.S9825,TwoHundredGigE1/0/16:2,2105571,8342600388,2116797,8374312934,66.45,66.69
2024/05/24 星期五 00:27:37.825,1716481657825,NH-DC-NM129-H06-ROCE-Leaf-16.GPU.S9825,TwoHundredGigE1/0/16:2,0,0,0,0,0,0
2024/05/24 星期五 00:27:38.334,1716481658334,NH-DC-NM129-H06-ROCE-Leaf-16.GPU.S9825,TwoHundredGigE1/0/16:2,1650509,6529913096,1647275,6506304107,51.24,51.08
2024/05/24 星期五 00:27:38.834,1716481658834,NH-DC-NM129-H06-ROCE-Leaf-16.GPU.S9825,TwoHundredGigE1/0/16:2,0,0,0,0,0,0
2024/05/24 星期五 00:27:39.432,1716481659432,NH-DC-NM129-H06-ROCE-Leaf-16.GPU.S9825,TwoHundredGigE1/0/16:2,2932705,11796528238,2939338,11790089232,78.86,78.86
2024/05/24 星期五 00:27:40.115,1716481660115,NH-DC-NM129-H06-ROCE-Leaf-16.GPU.S9825,TwoHundredGigE1/0/16:2,1921525,7613995272,1924201,7611802403,44.57,44.57
2024/05/24 星期五 00:27:40.617,1716481660617,NH-DC-NM129-H06-ROCE-Leaf-16.GPU.S9825,TwoHundredGigE1/0/16:2,0,0,0,0,0,0
2024/05/24 星期五 00:27:41.346,1716481661346,NH-DC-NM129-H06-ROCE-Leaf-16.GPU.S9825,TwoHundredGigE1/0/16:2,2015930,7988071962,2020391,7991084550,43.79,43.84
2024/05/24 星期五 00:27:41.858,1716481661858,NH-DC-NM129-H06-ROCE-Leaf-16.GPU.S9825,TwoHundredGigE1/0/16:2,0,0,0,0,0,0
2024/05/24 星期五 00:27:42.357,1716481662357,NH-DC-NM129-H06-ROCE-Leaf-16.GPU.S9825,TwoHundredGigE1/0/16:2,2591131,10434004450,2599027,10434939343,83.61,83.61
2024/05/24 星期五 00:27:43.115,1716481663115,NH-DC-NM129-H06-ROCE-Leaf-16.GPU.S9825,TwoHundredGigE1/0/16:2,1918108,7600669818,1921499,7600430550,40.11,40.11
2024/05/24 星期五 00:27:43.833,1716481663833,NH-DC-NM129-H06-ROCE-Leaf-16.GPU.S9825,TwoHundredGigE1/0/16:2,0,0,0,0,0,0
2024/05/24 星期五 00:27:44.369,1716481664369,NH-DC-NM129-H06-ROCE-Leaf-16.GPU.S9825,TwoHundredGigE1/0/16:2,2179008,8634332474,2183101,8635765099,64.40,64.40
2024/05/24 星期五 00:27:45.356,1716481665356,NH-DC-NM129-H06-ROCE-Leaf-16.GPU.S9825,TwoHundredGigE1/0/16:2,1811749,7178055786,1814219,7175060272,29.06,29.06
2024/05/24 星期五 00:27:45.857,1716481665857,NH-DC-NM129-H06-ROCE-Leaf-16.GPU.S9825,TwoHundredGigE1/0/16:2,0,0,0,0,0,0
2024/05/24 星期五 00:27:46.361,1716481666361,NH-DC-NM129-H06-ROCE-Leaf-16.GPU.S9825,TwoHundredGigE1/0/16:2,2976027,11957802386,2984617,11962243149,94.84,94.92
2024/05/24 星期五 00:27:47.196,1716481667196,NH-DC-NM129-H06-ROCE-Leaf-16.GPU.S9825,TwoHundredGigE1/0/16:2,1804217,7149535838,1807954,7149343676,34.20,34.20
2024/05/24 星期五 00:27:47.768,1716481667768,NH-DC-NM129-H06-ROCE-Leaf-16.GPU.S9825,TwoHundredGigE1/0/16:2,0,0,0,0,0,0
2024/05/24 星期五 00:27:48.380,1716481668380,NH-DC-NM129-H06-ROCE-Leaf-16.GPU.S9825,TwoHundredGigE1/0/16:2,1936479,7673194568,1940054,7673946418,50.13,50.13
2024/05/24 星期五 00:27:48.954,1716481668954,NH-DC-NM129-H06-ROCE-Leaf-16.GPU.S9825,TwoHundredGigE1/0/16:2,0,0,0,0,0,0
2024/05/24 星期五 00:27:49.453,1716481669453,NH-DC-NM129-H06-ROCE-Leaf-16.GPU.S9825,TwoHundredGigE1/0/16:2,1903436,7528966206,1905310,7525836756,60.28,60.28
2024/05/24 星期五 00:27:50.270,1716481670270,NH-DC-NM129-H06-ROCE-Leaf-16.GPU.S9825,TwoHundredGigE1/0/16:2,2881046,11594804750,2890331,11599089119,56.74,56.74
2024/05/24 星期五 00:27:50.860,1716481670860,NH-DC-NM129-H06-ROCE-Leaf-16.GPU.S9825,TwoHundredGigE1/0/16:2,0,0,0,0,0,0
2024/05/24 星期五 00:27:51.361,1716481671361,NH-DC-NM129-H06-ROCE-Leaf-16.GPU.S9825,TwoHundredGigE1/0/16:2,1953648,7741797620,1956665,7739959170,61.80,61.72
2024/05/24 星期五 00:27:51.948,1716481671948,NH-DC-NM129-H06-ROCE-Leaf-16.GPU.S9825,TwoHundredGigE1/0/16:2,0,0,0,0,0,0
2024/05/24 星期五 00:27:52.479,1716481672479,NH-DC-NM129-H06-ROCE-Leaf-16.GPU.S9825,TwoHundredGigE1/0/16:2,2016628,7990290412,2021215,7993437435,60.19,60.19
2024/05/24 星期五 00:27:52.977,1716481672977,NH-DC-NM129-H06-ROCE-Leaf-16.GPU.S9825,TwoHundredGigE1/0/16:2,2100958,8438145740,2105701,8438141926,67.71,67.71
2024/05/24 星期五 00:27:53.749,1716481673749,NH-DC-NM129-H06-ROCE-Leaf-16.GPU.S9825,TwoHundredGigE1/0/16:2,0,0,0,0,0,0
2024/05/24 星期五 00:27:54.274,1716481674274,NH-DC-NM129-H06-ROCE-Leaf-16.GPU.S9825,TwoHundredGigE1/0/16:2,2315931,9229336666,2321458,9230216269,70.25,70.32
2024/05/24 星期五 00:27:55.063,1716481675063,NH-DC-NM129-H06-ROCE-Leaf-16.GPU.S9825,TwoHundredGigE1/0/16:2,2238805,8871522534,2242804,8872106248,44.97,44.97
2024/05/24 星期五 00:27:55.887,1716481675887,NH-DC-NM129-H06-ROCE-Leaf-16.GPU.S9825,TwoHundredGigE1/0/16:2,0,0,0,0,0,0
2024/05/24 星期五 00:27:56.390,1716481676390,NH-DC-NM129-H06-ROCE-Leaf-16.GPU.S9825,TwoHundredGigE1/0/16:2,1775093,7033719406,1778127,7033919203,55.90,55.90
2024/05/24 星期五 00:27:57.226,1716481677226,NH-DC-NM129-H06-ROCE-Leaf-16.GPU.S9825,TwoHundredGigE1/0/16:2,3203315,12857384858,3211372,12858264332,61.48,61.48
2024/05/24 星期五 00:27:57.790,1716481677790,NH-DC-NM129-H06-ROCE-Leaf-16.GPU.S9825,TwoHundredGigE1/0/16:2,0,0,0,0,0,0
2024/05/24 星期五 00:27:58.398,1716481678398,NH-DC-NM129-H06-ROCE-Leaf-16.GPU.S9825,TwoHundredGigE1/0/16:2,1613632,6394284040,1616520,6394475045,42.04,42.04
2024/05/24 星期五 00:27:58.995,1716481678995,NH-DC-NM129-H06-ROCE-Leaf-16.GPU.S9825,TwoHundredGigE1/0/16:2,2162004,8568316220,2159222,8539547246,57.35,57.15
2024/05/24 星期五 00:27:59.513,1716481679513,NH-DC-NM129-H06-ROCE-Leaf-16.GPU.S9825,TwoHundredGigE1/0/16:2,0,0,0,0,0,0
2024/05/24 星期五 00:28:00.044,1716481680044,NH-DC-NM129-H06-ROCE-Leaf-16.GPU.S9825,TwoHundredGigE1/0/16:2,1701344,6724941920,1710767,6754707324,50.62,50.85
2024/05/24 星期五 00:28:00.803,1716481680803,NH-DC-NM129-H06-ROCE-Leaf-16.GPU.S9825,TwoHundredGigE1/0/16:2,0,0,0,0,0,0
2024/05/24 星期五 00:28:01.351,1716481681351,NH-DC-NM129-H06-ROCE-Leaf-16.GPU.S9825,TwoHundredGigE1/0/16:2,2857185,11503634426,2866216,11504369104,83.94,83.94
2024/05/24 星期五 00:28:01.962,1716481681962,NH-DC-NM129-H06-ROCE-Leaf-16.GPU.S9825,TwoHundredGigE1/0/16:2,0,0,0,0,0,0
2024/05/24 星期五 00:28:02.552,1716481682552,NH-DC-NM129-H06-ROCE-Leaf-16.GPU.S9825,TwoHundredGigE1/0/16:2,1899334,7525283296,1902375,7524453819,50.98,50.98
2024/05/24 星期五 00:28:03.061,1716481683061,NH-DC-NM129-H06-ROCE-Leaf-16.GPU.S9825,TwoHundredGigE1/0/16:2,1780209,7053718910,1783791,7055332730,55.40,55.40
2024/05/24 星期五 00:28:03.710,1716481683710,NH-DC-NM129-H06-ROCE-Leaf-16.GPU.S9825,TwoHundredGigE1/0/16:2,0,0,0,0,0,0
2024/05/24 星期五 00:28:04.403,1716481684403,NH-DC-NM129-H06-ROCE-Leaf-16.GPU.S9825,TwoHundredGigE1/0/16:2,2391620,9591226840,2397739,9591630619,55.35,55.35
2024/05/24 星期五 00:28:04.928,1716481684928,NH-DC-NM129-H06-ROCE-Leaf-16.GPU.S9825,TwoHundredGigE1/0/16:2,0,0,0,0,0,0
2024/05/24 星期五 00:28:05.549,1716481685549,NH-DC-NM129-H06-ROCE-Leaf-16.GPU.S9825,TwoHundredGigE1/0/16:2,2360092,9404625320,2365756,9405346668,60.55,60.55
2024/05/24 星期五 00:28:06.153,1716481686153,NH-DC-NM129-H06-ROCE-Leaf-16.GPU.S9825,TwoHundredGigE1/0/16:2,2259132,8952001096,2263168,8952685129,59.27,59.27
2024/05/24 星期五 00:28:06.654,1716481686654,NH-DC-NM129-H06-ROCE-Leaf-16.GPU.S9825,TwoHundredGigE1/0/16:2,1759401,6971922608,1762836,6972361690,55.65,55.65
2024/05/24 星期五 00:28:07.687,1716481687687,NH-DC-NM129-H06-ROCE-Leaf-16.GPU.S9825,TwoHundredGigE1/0/16:2,0,0,0,0,0,0
2024/05/24 星期五 00:28:08.196,1716481688196,NH-DC-NM129-H06-ROCE-Leaf-16.GPU.S9825,TwoHundredGigE1/0/16:2,2540594,10233536666,2548796,10234352575,80.39,80.39
2024/05/24 星期五 00:28:08.857,1716481688857,NH-DC-NM129-H06-ROCE-Leaf-16.GPU.S9825,TwoHundredGigE1/0/16:2,0,0,0,0,0,0
2024/05/24 星期五 00:28:09.426,1716481689426,NH-DC-NM129-H06-ROCE-Leaf-16.GPU.S9825,TwoHundredGigE1/0/16:2,2000926,7928913732,2004594,7929155436,55.68,55.68
2024/05/24 星期五 00:28:09.927,1716481689927,NH-DC-NM129-H06-ROCE-Leaf-16.GPU.S9825,TwoHundredGigE1/0/16:2,0,0,0,0,0,0
2024/05/24 星期五 00:28:10.504,1716481690504,NH-DC-NM129-H06-ROCE-Leaf-16.GPU.S9825,TwoHundredGigE1/0/16:2,2097883,8312580446,2102014,8313203725,57.61,57.61
2024/05/24 星期五 00:28:11.169,1716481691169,NH-DC-NM129-H06-ROCE-Leaf-16.GPU.S9825,TwoHundredGigE1/0/16:2,1809866,7165761780,1811293,7159731430,43.07,43.01
2024/05/24 星期五 00:28:11.692,1716481691692,NH-DC-NM129-H06-ROCE-Leaf-16.GPU.S9825,TwoHundredGigE1/0/16:2,0,0,0,0,0,0
2024/05/24 星期五 00:28:12.379,1716481692379,NH-DC-NM129-H06-ROCE-Leaf-16.GPU.S9825,TwoHundredGigE1/0/16:2,3038733,12213752254,3048652,12220951269,71.09,71.15
2024/05/24 星期五 00:28:12.999,1716481692999,NH-DC-NM129-H06-ROCE-Leaf-16.GPU.S9825,TwoHundredGigE1/0/16:2,0,0,0,0,0,0
2024/05/24 星期五 00:28:13.503,1716481693503,NH-DC-NM129-H06-ROCE-Leaf-16.GPU.S9825,TwoHundredGigE1/0/16:2,1484781,5882759454,1487300,5882923680,46.67,46.67
2024/05/24 星期五 00:28:14.176,1716481694176,NH-DC-NM129-H06-ROCE-Leaf-16.GPU.S9825,TwoHundredGigE1/0/16:2,2082844,8250809628,2087095,8255800819,49.03,49.03
2024/05/24 星期五 00:28:14.784,1716481694784,NH-DC-NM129-H06-ROCE-Leaf-16.GPU.S9825,TwoHundredGigE1/0/16:2,0,0,0,0,0,0
2024/05/24 星期五 00:28:15.361,1716481695361,NH-DC-NM129-H06-ROCE-Leaf-16.GPU.S9825,TwoHundredGigE1/0/16:2,2504498,10036729800,2509267,10032596174,69.53,69.53
2024/05/24 星期五 00:28:15.936,1716481695936,NH-DC-NM129-H06-ROCE-Leaf-16.GPU.S9825,TwoHundredGigE1/0/16:2,0,0,0,0,0,0
2024/05/24 星期五 00:28:16.522,1716481696522,NH-DC-NM129-H06-ROCE-Leaf-16.GPU.S9825,TwoHundredGigE1/0/16:2,2277469,9076283726,2286248,9091322985,61.91,62.05
2024/05/24 星期五 00:28:17.032,1716481697032,NH-DC-NM129-H06-ROCE-Leaf-16.GPU.S9825,TwoHundredGigE1/0/16:2,2169762,8598610132,2171519,8588446032,67.37,67.29
2024/05/24 星期五 00:28:17.698,1716481697698,NH-DC-NM129-H06-ROCE-Leaf-16.GPU.S9825,TwoHundredGigE1/0/16:2,0,0,0,0,0,0
2024/05/24 星期五 00:28:18.268,1716481698268,NH-DC-NM129-H06-ROCE-Leaf-16.GPU.S9825,TwoHundredGigE1/0/16:2,1656776,6564493188,1659177,6561519249,46.04,46.04
2024/05/24 星期五 00:28:18.769,1716481698769,NH-DC-NM129-H06-ROCE-Leaf-16.GPU.S9825,TwoHundredGigE1/0/16:2,0,0,0,0,0,0
2024/05/24 星期五 00:28:19.384,1716481699384,NH-DC-NM129-H06-ROCE-Leaf-16.GPU.S9825,TwoHundredGigE1/0/16:2,2821787,11346078706,2829638,11348705388,73.76,73.76
2024/05/24 星期五 00:28:19.977,1716481699977,NH-DC-NM129-H06-ROCE-Leaf-16.GPU.S9825,TwoHundredGigE1/0/16:2,0,0,0,0,0,0
2024/05/24 星期五 00:28:22.658,1716481702658,NH-DC-NM129-H06-ROCE-Leaf-16.GPU.S9825,TwoHundredGigE1/0/16:2,5990151,23724775514,5999530,23724038530,35.39,35.39
2024/05/24 星期五 00:28:23.412,1716481703412,NH-DC-NM129-H06-ROCE-Leaf-16.GPU.S9825,TwoHundredGigE1/0/16:2,2696013,10850035558,2702068,10850907140,57.56,57.56
2024/05/24 星期五 00:28:23.914,1716481703914,NH-DC-NM129-H06-ROCE-Leaf-16.GPU.S9825,TwoHundredGigE1/0/16:2,0,0,0,0,0,0
2024/05/24 星期五 00:28:24.604,1716481704604,NH-DC-NM129-H06-ROCE-Leaf-16.GPU.S9825,TwoHundredGigE1/0/16:2,1743129,6905857342,1745134,6901162487,40,40
2024/05/24 星期五 00:28:25.272,1716481705272,NH-DC-NM129-H06-ROCE-Leaf-16.GPU.S9825,TwoHundredGigE1/0/16:2,2115867,8383743142,2121941,8394023084,50.18,50.24
2024/05/24 星期五 00:28:25.849,1716481705849,NH-DC-NM129-H06-ROCE-Leaf-16.GPU.S9825,TwoHundredGigE1/0/16:2,0,0,0,0,0,0
2024/05/24 星期五 00:28:26.414,1716481706414,NH-DC-NM129-H06-ROCE-Leaf-16.GPU.S9825,TwoHundredGigE1/0/16:2,2240033,8965736018,2244279,8961451219,63.43,63.43
2024/05/24 星期五 00:28:27.009,1716481707009,NH-DC-NM129-H06-ROCE-Leaf-16.GPU.S9825,TwoHundredGigE1/0/16:2,0,0,0,0,0,0
2024/05/24 星期五 00:28:27.513,1716481707513,NH-DC-NM129-H06-ROCE-Leaf-16.GPU.S9825,TwoHundredGigE1/0/16:2,2455904,9809921942,2461020,9808941876,77.78,77.78
2024/05/24 星期五 00:28:28.357,1716481708357,NH-DC-NM129-H06-ROCE-Leaf-16.GPU.S9825,TwoHundredGigE1/0/16:2,1877246,7438513386,1881011,7440844591,35.21,35.26
2024/05/24 星期五 00:28:28.964,1716481708964,NH-DC-NM129-H06-ROCE-Leaf-16.GPU.S9825,TwoHundredGigE1/0/16:2,0,0,0,0,0,0
2024/05/24 星期五 00:28:29.530,1716481709530,NH-DC-NM129-H06-ROCE-Leaf-16.GPU.S9825,TwoHundredGigE1/0/16:2,1872170,7417396600,1875865,7417641930,52.37,52.37
2024/05/24 星期五 00:28:30.344,1716481710344,NH-DC-NM129-H06-ROCE-Leaf-16.GPU.S9825,TwoHundredGigE1/0/16:2,2926341,11760311890,2934365,11763435726,57.79,57.79
2024/05/24 星期五 00:28:30.848,1716481710848,NH-DC-NM129-H06-ROCE-Leaf-16.GPU.S9825,TwoHundredGigE1/0/16:2,0,0,0,0,0,0
2024/05/24 星期五 00:28:31.577,1716481711577,NH-DC-NM129-H06-ROCE-Leaf-16.GPU.S9825,TwoHundredGigE1/0/16:2,1987411,7875013718,1990377,7872970826,43.18,43.18
2024/05/24 星期五 00:28:32.181,1716481712181,NH-DC-NM129-H06-ROCE-Leaf-16.GPU.S9825,TwoHundredGigE1/0/16:2,2098296,8314801712,2101910,8313258013,55.03,55.03
2024/05/24 星期五 00:28:32.779,1716481712779,NH-DC-NM129-H06-ROCE-Leaf-16.GPU.S9825,TwoHundredGigE1/0/16:2,0,0,0,0,0,0
2024/05/24 星期五 00:28:33.286,1716481713286,NH-DC-NM129-H06-ROCE-Leaf-16.GPU.S9825,TwoHundredGigE1/0/16:2,1802822,7139010206,1805577,7139191955,56.25,56.25
2024/05/24 星期五 00:28:33.857,1716481713857,NH-DC-NM129-H06-ROCE-Leaf-16.GPU.S9825,TwoHundredGigE1/0/16:2,0,0,0,0,0,0
2024/05/24 星期五 00:28:34.358,1716481714358,NH-DC-NM129-H06-ROCE-Leaf-16.GPU.S9825,TwoHundredGigE1/0/16:2,3078594,12368428848,3086800,12369387697,98.68,98.68
2024/05/24 星期五 00:28:35.096,1716481715096,NH-DC-NM129-H06-ROCE-Leaf-16.GPU.S9825,TwoHundredGigE1/0/16:2,1871890,7417375616,1875244,7418014900,40.16,40.16
2024/05/24 星期五 00:28:35.690,1716481715690,NH-DC-NM129-H06-ROCE-Leaf-16.GPU.S9825,TwoHundredGigE1/0/16:2,0,0,0,0,0,0
2024/05/24 星期五 00:28:36.266,1716481716266,NH-DC-NM129-H06-ROCE-Leaf-16.GPU.S9825,TwoHundredGigE1/0/16:2,2033187,8056798566,2036890,8057042661,55.90,55.90
2024/05/24 星期五 00:28:36.831,1716481716831,NH-DC-NM129-H06-ROCE-Leaf-16.GPU.S9825,TwoHundredGigE1/0/16:2,0,0,0,0,0,0
2024/05/24 星期五 00:28:37.365,1716481717365,NH-DC-NM129-H06-ROCE-Leaf-16.GPU.S9825,TwoHundredGigE1/0/16:2,2230287,8962046376,2236023,8963525222,67.12,67.12
2024/05/24 星期五 00:28:37.930,1716481717930,NH-DC-NM129-H06-ROCE-Leaf-16.GPU.S9825,TwoHundredGigE1/0/16:2,2116782,8430471200,2123162,8437323801,59.68,59.68
2024/05/24 星期五 00:28:38.588,1716481718588,NH-DC-NM129-H06-ROCE-Leaf-16.GPU.S9825,TwoHundredGigE1/0/16:2,0,0,0,0,0,0
2024/05/24 星期五 00:28:39.810,1716481719810,NH-DC-NM129-H06-ROCE-Leaf-16.GPU.S9825,TwoHundredGigE1/0/16:2,2115150,8381282342,2117600,8374888116,27.43,27.40
2024/05/24 星期五 00:28:40.339,1716481720339,NH-DC-NM129-H06-ROCE-Leaf-16.GPU.S9825,TwoHundredGigE1/0/16:2,1911839,7576336296,1912818,7565556301,57.24,57.16
2024/05/24 星期五 00:28:40.841,1716481720841,NH-DC-NM129-H06-ROCE-Leaf-16.GPU.S9825,TwoHundredGigE1/0/16:2,0,0,0,0,0,0
2024/05/24 星期五 00:28:41.342,1716481721342,NH-DC-NM129-H06-ROCE-Leaf-16.GPU.S9825,TwoHundredGigE1/0/16:2,2841055,11424608288,2851254,11437494574,91.18,91.26
2024/05/24 星期五 00:28:42.813,1716481722813,NH-DC-NM129-H06-ROCE-Leaf-16.GPU.S9825,TwoHundredGigE1/0/16:2,1935106,7668044360,1938423,7667174753,20.83,20.83
2024/05/24 星期五 00:28:43.362,1716481723362,NH-DC-NM129-H06-ROCE-Leaf-16.GPU.S9825,TwoHundredGigE1/0/16:2,2000939,7928915674,2004932,7929527760,57.70,57.70
2024/05/24 星期五 00:28:43.999,1716481723999,NH-DC-NM129-H06-ROCE-Leaf-16.GPU.S9825,TwoHundredGigE1/0/16:2,0,0,0,0,0,0
2024/05/24 星期五 00:28:44.536,1716481724536,NH-DC-NM129-H06-ROCE-Leaf-16.GPU.S9825,TwoHundredGigE1/0/16:2,1929127,7635023660,1931773,7634632567,56.83,56.83
2024/05/24 星期五 00:28:45.311,1716481725311,NH-DC-NM129-H06-ROCE-Leaf-16.GPU.S9825,TwoHundredGigE1/0/16:2,2952374,11872417918,2960555,11874067810,61.26,61.26
2024/05/24 星期五 00:28:45.933,1716481725933,NH-DC-NM129-H06-ROCE-Leaf-16.GPU.S9825,TwoHundredGigE1/0/16:2,0,0,0,0,0,0
2024/05/24 星期五 00:28:46.500,1716481726500,NH-DC-NM129-H06-ROCE-Leaf-16.GPU.S9825,TwoHundredGigE1/0/16:2,2017588,7994719002,2021592,7997055405,56.37,56.37
2024/05/24 星期五 00:28:47.067,1716481727067,NH-DC-NM129-H06-ROCE-Leaf-16.GPU.S9825,TwoHundredGigE1/0/16:2,1984395,7863119236,1987599,7861669942,55.45,55.45
2024/05/24 星期五 00:28:47.607,1716481727607,NH-DC-NM129-H06-ROCE-Leaf-16.GPU.S9825,TwoHundredGigE1/0/16:2,0,0,0,0,0,0
2024/05/24 星期五 00:28:48.109,1716481728109,NH-DC-NM129-H06-ROCE-Leaf-16.GPU.S9825,TwoHundredGigE1/0/16:2,2873893,11552441906,2880865,11551960137,92.03,92.03
2024/05/24 星期五 00:28:48.804,1716481728804,NH-DC-NM129-H06-ROCE-Leaf-16.GPU.S9825,TwoHundredGigE1/0/16:2,0,0,0,0,0,0
2024/05/24 星期五 00:28:49.327,1716481729327,NH-DC-NM129-H06-ROCE-Leaf-16.GPU.S9825,TwoHundredGigE1/0/16:2,2009243,7955125254,2011758,7956773406,60.80,60.80
2024/05/24 星期五 00:28:49.945,1716481729945,NH-DC-NM129-H06-ROCE-Leaf-16.GPU.S9825,TwoHundredGigE1/0/16:2,0,0,0,0,0,0
2024/05/24 星期五 00:28:50.562,1716481730562,NH-DC-NM129-H06-ROCE-Leaf-16.GPU.S9825,TwoHundredGigE1/0/16:2,2194704,8696238224,2198902,8697003529,56.34,56.34
2024/05/24 星期五 00:28:51.065,1716481731065,NH-DC-NM129-H06-ROCE-Leaf-16.GPU.S9825,TwoHundredGigE1/0/16:2,2013217,7961928680,2017237,7966068802,63.30,63.30
2024/05/24 星期五 00:28:51.660,1716481731660,NH-DC-NM129-H06-ROCE-Leaf-16.GPU.S9825,TwoHundredGigE1/0/16:2,0,0,0,0,0,0
2024/05/24 星期五 00:28:52.340,1716481732340,NH-DC-NM129-H06-ROCE-Leaf-16.GPU.S9825,TwoHundredGigE1/0/16:2,2965052,11929166350,2972850,11926154501,70.12,70.12
2024/05/24 星期五 00:28:52.921,1716481732921,NH-DC-NM129-H06-ROCE-Leaf-16.GPU.S9825,TwoHundredGigE1/0/16:2,0,0,0,0,0,0
2024/05/24 星期五 00:28:53.462,1716481733462,NH-DC-NM129-H06-ROCE-Leaf-16.GPU.S9825,TwoHundredGigE1/0/16:2,1785664,7073678212,1789424,7075960728,52.27,52.27
2024/05/24 星期五 00:28:54.054,1716481734054,NH-DC-NM129-H06-ROCE-Leaf-16.GPU.S9825,TwoHundredGigE1/0/16:2,2042239,8092975228,2045608,8089947107,54.66,54.59
2024/05/24 星期五 00:28:54.555,1716481734555,NH-DC-NM129-H06-ROCE-Leaf-16.GPU.S9825,TwoHundredGigE1/0/16:2,0,0,0,0,0,0
2024/05/24 星期五 00:28:55.879,1716481735879,NH-DC-NM129-H06-ROCE-Leaf-16.GPU.S9825,TwoHundredGigE1/0/16:2,3055669,12272874698,3064040,12275133754,37.07,37.07
2024/05/24 星期五 00:28:56.481,1716481736481,NH-DC-NM129-H06-ROCE-Leaf-16.GPU.S9825,TwoHundredGigE1/0/16:2,2022420,8014216444,2025152,8011233025,53.22,53.22
2024/05/24 星期五 00:28:57.015,1716481737015,NH-DC-NM129-H06-ROCE-Leaf-16.GPU.S9825,TwoHundredGigE1/0/16:2,0,0,0,0,0,0
2024/05/24 星期五 00:28:57.608,1716481737608,NH-DC-NM129-H06-ROCE-Leaf-16.GPU.S9825,TwoHundredGigE1/0/16:2,2108960,8353560262,2113722,8356274660,56.32,56.32
2024/05/24 星期五 00:28:58.109,1716481738109,NH-DC-NM129-H06-ROCE-Leaf-16.GPU.S9825,TwoHundredGigE1/0/16:2,1783392,7061491108,1786133,7061194931,56.37,56.37
2024/05/24 星期五 00:28:58.803,1716481738803,NH-DC-NM129-H06-ROCE-Leaf-16.GPU.S9825,TwoHundredGigE1/0/16:2,0,0,0,0,0,0
2024/05/24 星期五 00:28:59.475,1716481739475,NH-DC-NM129-H06-ROCE-Leaf-16.GPU.S9825,TwoHundredGigE1/0/16:2,3098162,12445953380,3106696,12447411344,74.05,74.05
2024/05/24 星期五 00:29:00.065,1716481740065,NH-DC-NM129-H06-ROCE-Leaf-16.GPU.S9825,TwoHundredGigE1/0/16:2,2002116,7931582648,2004777,7929547858,53.76,53.69
2024/05/24 星期五 00:29:00.623,1716481740623,NH-DC-NM129-H06-ROCE-Leaf-16.GPU.S9825,TwoHundredGigE1/0/16:2,0,0,0,0,0,0
2024/05/24 星期五 00:29:01.171,1716481741171,NH-DC-NM129-H06-ROCE-Leaf-16.GPU.S9825,TwoHundredGigE1/0/16:2,1968765,7801035498,1972536,7801285552,56.93,56.93
2024/05/24 星期五 00:29:01.673,1716481741673,NH-DC-NM129-H06-ROCE-Leaf-16.GPU.S9825,TwoHundredGigE1/0/16:2,0,0,0,0,0,0
2024/05/24 星期五 00:29:02.359,1716481742359,NH-DC-NM129-H06-ROCE-Leaf-16.GPU.S9825,TwoHundredGigE1/0/16:2,2976790,11962145208,2985541,11963144151,69.74,69.74
2024/05/24 星期五 00:29:02.961,1716481742961,NH-DC-NM129-H06-ROCE-Leaf-16.GPU.S9825,TwoHundredGigE1/0/16:2,0,0,0,0,0,0
2024/05/24 星期五 00:29:03.474,1716481743474,NH-DC-NM129-H06-ROCE-Leaf-16.GPU.S9825,TwoHundredGigE1/0/16:2,1807286,7161599820,1810619,7161819426,55.83,55.83
2024/05/24 星期五 00:29:04.055,1716481744055,NH-DC-NM129-H06-ROCE-Leaf-16.GPU.S9825,TwoHundredGigE1/0/16:2,2292068,9079938476,2296507,9080860507,62.44,62.51
2024/05/24 星期五 00:29:04.618,1716481744618,NH-DC-NM129-H06-ROCE-Leaf-16.GPU.S9825,TwoHundredGigE1/0/16:2,0,0,0,0,0,0
2024/05/24 星期五 00:29:05.119,1716481745119,NH-DC-NM129-H06-ROCE-Leaf-16.GPU.S9825,TwoHundredGigE1/0/16:2,1698058,6727143978,1702050,6731987012,53.65,53.73
2024/05/24 星期五 00:29:05.877,1716481745877,NH-DC-NM129-H06-ROCE-Leaf-16.GPU.S9825,TwoHundredGigE1/0/16:2,0,0,0,0,0,0
2024/05/24 星期五 00:29:06.523,1716481746523,NH-DC-NM129-H06-ROCE-Leaf-16.GPU.S9825,TwoHundredGigE1/0/16:2,3183420,12780295890,3190708,12776683909,79.13,79.07
2024/05/24 星期五 00:29:07.398,1716481747398,NH-DC-NM129-H06-ROCE-Leaf-16.GPU.S9825,TwoHundredGigE1/0/16:2,1973104,7818977500,1976751,7819193178,35.70,35.70
2024/05/24 星期五 00:29:08.405,1716481748405,NH-DC-NM129-H06-ROCE-Leaf-16.GPU.S9825,TwoHundredGigE1/0/16:2,1826084,7233528052,1830044,7236953183,28.72,28.72
2024/05/24 星期五 00:29:08.992,1716481748992,NH-DC-NM129-H06-ROCE-Leaf-16.GPU.S9825,TwoHundredGigE1/0/16:2,0,0,0,0,0,0
2024/05/24 星期五 00:29:09.534,1716481749534,NH-DC-NM129-H06-ROCE-Leaf-16.GPU.S9825,TwoHundredGigE1/0/16:2,2243492,9000995252,2254198,9025736060,66.42,66.57
2024/05/24 星期五 00:29:10.177,1716481750177,NH-DC-NM129-H06-ROCE-Leaf-16.GPU.S9825,TwoHundredGigE1/0/16:2,2324188,9265596656,2323066,9239112855,57.60,57.42
2024/05/24 星期五 00:29:10.685,1716481750685,NH-DC-NM129-H06-ROCE-Leaf-16.GPU.S9825,TwoHundredGigE1/0/16:2,0,0,0,0,0,0
2024/05/24 星期五 00:29:11.223,1716481751223,NH-DC-NM129-H06-ROCE-Leaf-16.GPU.S9825,TwoHundredGigE1/0/16:2,2187150,8667462576,2190055,8662579888,64.39,64.39
2024/05/24 星期五 00:29:11.819,1716481751819,NH-DC-NM129-H06-ROCE-Leaf-16.GPU.S9825,TwoHundredGigE1/0/16:2,0,0,0,0,0,0
2024/05/24 星期五 00:29:12.523,1716481752523,NH-DC-NM129-H06-ROCE-Leaf-16.GPU.S9825,TwoHundredGigE1/0/16:2,1814549,7190356482,1819257,7196089709,40.85,40.85
2024/05/24 星期五 00:29:13.141,1716481753141,NH-DC-NM129-H06-ROCE-Leaf-16.GPU.S9825,TwoHundredGigE1/0/16:2,3016392,12117284846,3024504,12119400594,78.38,78.38
2024/05/24 星期五 00:29:13.759,1716481753759,NH-DC-NM129-H06-ROCE-Leaf-16.GPU.S9825,TwoHundredGigE1/0/16:2,0,0,0,0,0,0
2024/05/24 星期五 00:29:14.259,1716481754259,NH-DC-NM129-H06-ROCE-Leaf-16.GPU.S9825,TwoHundredGigE1/0/16:2,1864963,7390146100,1868380,7389350743,59.12,59.04
2024/05/24 星期五 00:29:14.848,1716481754848,NH-DC-NM129-H06-ROCE-Leaf-16.GPU.S9825,TwoHundredGigE1/0/16:2,0,0,0,0,0,0
2024/05/24 星期五 00:29:15.530,1716481755530,NH-DC-NM129-H06-ROCE-Leaf-16.GPU.S9825,TwoHundredGigE1/0/16:2,2130122,8440464464,2133965,8441135050,49.50,49.50
2024/05/24 星期五 00:29:16.101,1716481756101,NH-DC-NM129-H06-ROCE-Leaf-16.GPU.S9825,TwoHundredGigE1/0/16:2,2419441,9676327590,2425218,9676708685,67.74,67.74
2024/05/24 星期五 00:29:16.702,1716481756702,NH-DC-NM129-H06-ROCE-Leaf-16.GPU.S9825,TwoHundredGigE1/0/16:2,0,0,0,0,0,0
2024/05/24 星期五 00:29:17.299,1716481757299,NH-DC-NM129-H06-ROCE-Leaf-16.GPU.S9825,TwoHundredGigE1/0/16:2,2397304,9575328248,2402541,9575951590,64.12,64.12
2024/05/24 星期五 00:29:17.871,1716481757871,NH-DC-NM129-H06-ROCE-Leaf-16.GPU.S9825,TwoHundredGigE1/0/16:2,0,0,0,0,0,0
2024/05/24 星期五 00:29:18.374,1716481758374,NH-DC-NM129-H06-ROCE-Leaf-16.GPU.S9825,TwoHundredGigE1/0/16:2,1890547,7491483614,1894644,7494593555,59.56,59.56
2024/05/24 星期五 00:29:19.006,1716481759006,NH-DC-NM129-H06-ROCE-Leaf-16.GPU.S9825,TwoHundredGigE1/0/16:2,0,0,0,0,0,0
2024/05/24 星期五 00:29:19.564,1716481759564,NH-DC-NM129-H06-ROCE-Leaf-16.GPU.S9825,TwoHundredGigE1/0/16:2,1917925,7599050170,1920785,7596676956,54.41,54.41
2024/05/24 星期五 00:29:20.172,1716481760172,NH-DC-NM129-H06-ROCE-Leaf-16.GPU.S9825,TwoHundredGigE1/0/16:2,2622031,10555417632,2627108,10552816105,69.41,69.41
2024/05/24 星期五 00:29:21.468,1716481761468,NH-DC-NM129-H06-ROCE-Leaf-16.GPU.S9825,TwoHundredGigE1/0/16:2,4389279,17392471232,4397712,17396658793,53.67,53.67
2024/05/24 星期五 00:29:23.513,1716481763513,NH-DC-NM129-H06-ROCE-Leaf-16.GPU.S9825,TwoHundredGigE1/0/16:2,1484597,5882746026,1487246,5882920584,11.50,11.50
2024/05/24 星期五 00:29:25.002,1716481765002,NH-DC-NM129-H06-ROCE-Leaf-16.GPU.S9825,TwoHundredGigE1/0/16:2,2912870,11706415872,2920281,11707508415,31.43,31.43
2024/05/24 星期五 00:29:25.502,1716481765502,NH-DC-NM129-H06-ROCE-Leaf-16.GPU.S9825,TwoHundredGigE1/0/16:2,1839645,7289490702,1843027,7289713578,58.24,58.24
2024/05/24 星期五 00:29:27.008,1716481767008,NH-DC-NM129-H06-ROCE-Leaf-16.GPU.S9825,TwoHundredGigE1/0/16:2,2129994,8440456164,2134129,8441287343,22.42,22.42
2024/05/24 星期五 00:29:27.574,1716481767574,NH-DC-NM129-H06-ROCE-Leaf-16.GPU.S9825,TwoHundredGigE1/0/16:2,2281250,9118628798,2285900,9117605100,64.38,64.38
2024/05/24 星期五 00:29:28.143,1716481768143,NH-DC-NM129-H06-ROCE-Leaf-16.GPU.S9825,TwoHundredGigE1/0/16:2,2341543,9365691656,2347209,9367743923,65.80,65.80
2024/05/24 星期五 00:29:28.642,1716481768642,NH-DC-NM129-H06-ROCE-Leaf-16.GPU.S9825,TwoHundredGigE1/0/16:2,0,0,0,0,0,0
2024/05/24 星期五 00:29:29.154,1716481769154,NH-DC-NM129-H06-ROCE-Leaf-16.GPU.S9825,TwoHundredGigE1/0/16:2,2117857,8391644338,2121489,8391389206,65.55,65.55
2024/05/24 星期五 00:29:30.075,1716481770075,NH-DC-NM129-H06-ROCE-Leaf-16.GPU.S9825,TwoHundredGigE1/0/16:2,1834604,7269648324,1838181,7271818480,31.53,31.57
2024/05/24 星期五 00:29:30.654,1716481770654,NH-DC-NM129-H06-ROCE-Leaf-16.GPU.S9825,TwoHundredGigE1/0/16:2,0,0,0,0,0,0
2024/05/24 星期五 00:29:31.238,1716481771238,NH-DC-NM129-H06-ROCE-Leaf-16.GPU.S9825,TwoHundredGigE1/0/16:2,2671492,10751959304,2678378,10751810558,73.63,73.63
2024/05/24 星期五 00:29:31.832,1716481771832,NH-DC-NM129-H06-ROCE-Leaf-16.GPU.S9825,TwoHundredGigE1/0/16:2,0,0,0,0,0,0
2024/05/24 星期五 00:29:32.348,1716481772348,NH-DC-NM129-H06-ROCE-Leaf-16.GPU.S9825,TwoHundredGigE1/0/16:2,2074066,8218899976,2077272,8216254463,63.64,63.64
2024/05/24 星期五 00:29:33.049,1716481773049,NH-DC-NM129-H06-ROCE-Leaf-16.GPU.S9825,TwoHundredGigE1/0/16:2,2121538,8406250616,2126033,8409890576,47.93,47.93
2024/05/24 星期五 00:29:33.651,1716481773651,NH-DC-NM129-H06-ROCE-Leaf-16.GPU.S9825,TwoHundredGigE1/0/16:2,0,0,0,0,0,0
2024/05/24 星期五 00:29:34.199,1716481774199,NH-DC-NM129-H06-ROCE-Leaf-16.GPU.S9825,TwoHundredGigE1/0/16:2,1666823,6604743170,1669011,6601161075,48.18,48.18
2024/05/24 星期五 00:29:34.803,1716481774803,NH-DC-NM129-H06-ROCE-Leaf-16.GPU.S9825,TwoHundredGigE1/0/16:2,0,0,0,0,0,0
2024/05/24 星期五 00:29:35.318,1716481775318,NH-DC-NM129-H06-ROCE-Leaf-16.GPU.S9825,TwoHundredGigE1/0/16:2,2875063,11557188472,2884179,11564832402,89.71,89.79
2024/05/24 星期五 00:29:35.821,1716481775821,NH-DC-NM129-H06-ROCE-Leaf-16.GPU.S9825,TwoHundredGigE1/0/16:2,0,0,0,0,0,0
2024/05/24 星期五 00:29:37.031,1716481777031,NH-DC-NM129-H06-ROCE-Leaf-16.GPU.S9825,TwoHundredGigE1/0/16:2,1843677,7305657294,1846835,7305197349,24.13,24.13
2024/05/24 星期五 00:29:37.555,1716481777555,NH-DC-NM129-H06-ROCE-Leaf-16.GPU.S9825,TwoHundredGigE1/0/16:2,2156308,8543915518,2160834,8547246454,65.19,65.19
2024/05/24 星期五 00:29:38.120,1716481778120,NH-DC-NM129-H06-ROCE-Leaf-16.GPU.S9825,TwoHundredGigE1/0/16:2,2309507,9239721574,2313982,9235242709,65.35,65.35
2024/05/24 星期五 00:29:38.671,1716481778671,NH-DC-NM129-H06-ROCE-Leaf-16.GPU.S9825,TwoHundredGigE1/0/16:2,0,0,0,0,0,0
2024/05/24 星期五 00:29:39.171,1716481779171,NH-DC-NM129-H06-ROCE-Leaf-16.GPU.S9825,TwoHundredGigE1/0/16:2,2526490,10086877304,2531964,10087688484,80.64,80.64
2024/05/24 星期五 00:29:40.047,1716481780047,NH-DC-NM129-H06-ROCE-Leaf-16.GPU.S9825,TwoHundredGigE1/0/16:2,2230253,8837515788,2234560,8839565893,40.32,40.32
2024/05/24 星期五 00:29:40.670,1716481780670,NH-DC-NM129-H06-ROCE-Leaf-16.GPU.S9825,TwoHundredGigE1/0/16:2,0,0,0,0,0,0
2024/05/24 星期五 00:29:41.198,1716481781198,NH-DC-NM129-H06-ROCE-Leaf-16.GPU.S9825,TwoHundredGigE1/0/16:2,1771647,7020315916,1774460,7019082856,53.18,53.11
2024/05/24 星期五 00:29:41.804,1716481781804,NH-DC-NM129-H06-ROCE-Leaf-16.GPU.S9825,TwoHundredGigE1/0/16:2,0,0,0,0,0,0
2024/05/24 星期五 00:29:42.307,1716481782307,NH-DC-NM129-H06-ROCE-Leaf-16.GPU.S9825,TwoHundredGigE1/0/16:2,2880365,11578513386,2888173,11579236707,92.01,92.01
2024/05/24 星期五 00:29:42.817,1716481782817,NH-DC-NM129-H06-ROCE-Leaf-16.GPU.S9825,TwoHundredGigE1/0/16:2,1710453,6777941346,1713690,6778154604,53.10,53.10
2024/05/24 星期五 00:29:43.637,1716481783637,NH-DC-NM129-H06-ROCE-Leaf-16.GPU.S9825,TwoHundredGigE1/0/16:2,0,0,0,0,0,0
2024/05/24 星期五 00:29:44.419,1716481784419,NH-DC-NM129-H06-ROCE-Leaf-16.GPU.S9825,TwoHundredGigE1/0/16:2,2130214,8440471468,2133860,8441198081,43.17,43.17
2024/05/24 星期五 00:29:44.921,1716481784921,NH-DC-NM129-H06-ROCE-Leaf-16.GPU.S9825,TwoHundredGigE1/0/16:2,0,0,0,0,0,0
2024/05/24 星期五 00:29:45.526,1716481785526,NH-DC-NM129-H06-ROCE-Leaf-16.GPU.S9825,TwoHundredGigE1/0/16:2,2184475,8669025132,2188141,8669041094,57.26,57.26
2024/05/24 星期五 00:29:46.044,1716481786044,NH-DC-NM129-H06-ROCE-Leaf-16.GPU.S9825,TwoHundredGigE1/0/16:2,0,0,0,0,0,0
2024/05/24 星期五 00:29:46.560,1716481786560,NH-DC-NM129-H06-ROCE-Leaf-16.GPU.S9825,TwoHundredGigE1/0/16:2,2858164,11477829274,2865805,11478837783,88.91,88.91
2024/05/24 星期五 00:29:47.296,1716481787296,NH-DC-NM129-H06-ROCE-Leaf-16.GPU.S9825,TwoHundredGigE1/0/16:2,2089727,8281917816,2091105,8270915872,45,44.95
2024/05/24 星期五 00:29:47.966,1716481787966,NH-DC-NM129-H06-ROCE-Leaf-16.GPU.S9825,TwoHundredGigE1/0/16:2,0,0,0,0,0,0
2024/05/24 星期五 00:29:48.467,1716481788467,NH-DC-NM129-H06-ROCE-Leaf-16.GPU.S9825,TwoHundredGigE1/0/16:2,1718340,6808587234,1724149,6820480389,54.29,54.45
2024/05/24 星期五 00:29:48.996,1716481788996,NH-DC-NM129-H06-ROCE-Leaf-16.GPU.S9825,TwoHundredGigE1/0/16:2,0,0,0,0,0,0
2024/05/24 星期五 00:29:49.499,1716481789499,NH-DC-NM129-H06-ROCE-Leaf-16.GPU.S9825,TwoHundredGigE1/0/16:2,2748660,11058537960,2757090,11063783776,87.87,87.95
2024/05/24 星期五 00:29:50.012,1716481790012,NH-DC-NM129-H06-ROCE-Leaf-16.GPU.S9825,TwoHundredGigE1/0/16:2,2055704,8145785292,2058458,8141989083,63.47,63.47
2024/05/24 星期五 00:29:50.855,1716481790855,NH-DC-NM129-H06-ROCE-Leaf-16.GPU.S9825,TwoHundredGigE1/0/16:2,0,0,0,0,0,0
2024/05/24 星期五 00:29:51.440,1716481791440,NH-DC-NM129-H06-ROCE-Leaf-16.GPU.S9825,TwoHundredGigE1/0/16:2,2271089,8999307182,2275295,8999916820,61.47,61.47
2024/05/24 星期五 00:29:51.969,1716481791969,NH-DC-NM129-H06-ROCE-Leaf-16.GPU.S9825,TwoHundredGigE1/0/16:2,0,0,0,0,0,0
2024/05/24 星期五 00:29:52.576,1716481792576,NH-DC-NM129-H06-ROCE-Leaf-16.GPU.S9825,TwoHundredGigE1/0/16:2,1748043,6923800480,1752473,6930125515,45.60,45.67
2024/05/24 星期五 00:29:53.623,1716481793623,NH-DC-NM129-H06-ROCE-Leaf-16.GPU.S9825,TwoHundredGigE1/0/16:2,3124280,12547903600,3130770,12540386377,47.91,47.91
2024/05/24 星期五 00:29:54.462,1716481794462,NH-DC-NM129-H06-ROCE-Leaf-16.GPU.S9825,TwoHundredGigE1/0/16:2,1720455,6817425106,1724012,6819236641,32.47,32.47
2024/05/24 星期五 00:29:55.250,1716481795250,NH-DC-NM129-H06-ROCE-Leaf-16.GPU.S9825,TwoHundredGigE1/0/16:2,2064605,8180937810,2068646,8182441048,41.52,41.52
2024/05/24 星期五 00:29:57.587,1716481797587,NH-DC-NM129-H06-ROCE-Leaf-16.GPU.S9825,TwoHundredGigE1/0/16:2,4634764,18531217548,4645732,18534273457,31.72,31.72
2024/05/24 星期五 00:29:58.196,1716481798196,NH-DC-NM129-H06-ROCE-Leaf-16.GPU.S9825,TwoHundredGigE1/0/16:2,1953449,7740152206,1958197,7745423309,50.84,50.84
2024/05/24 星期五 00:29:58.706,1716481798706,NH-DC-NM129-H06-ROCE-Leaf-16.GPU.S9825,TwoHundredGigE1/0/16:2,0,0,0,0,0,0
2024/05/24 星期五 00:29:59.224,1716481799224,NH-DC-NM129-H06-ROCE-Leaf-16.GPU.S9825,TwoHundredGigE1/0/16:2,1845409,7312997112,1847114,7303912346,56.45,56.37
2024/05/24 星期五 00:29:59.727,1716481799727,NH-DC-NM129-H06-ROCE-Leaf-16.GPU.S9825,TwoHundredGigE1/0/16:2,0,0,0,0,0,0
2024/05/24 星期五 00:30:00.228,1716481800228,NH-DC-NM129-H06-ROCE-Leaf-16.GPU.S9825,TwoHundredGigE1/0/16:2,3094539,12426718258,3103204,12430142650,99.16,99.24
2024/05/24 星期五 00:30:01.005,1716481801005,NH-DC-NM129-H06-ROCE-Leaf-16.GPU.S9825,TwoHundredGigE1/0/16:2,0,0,0,0,0,0
2024/05/24 星期五 00:30:01.589,1716481801589,NH-DC-NM129-H06-ROCE-Leaf-16.GPU.S9825,TwoHundredGigE1/0/16:2,1883775,7464903376,1887683,7467178922,51.10,51.10
2024/05/24 星期五 00:30:02.136,1716481802136,NH-DC-NM129-H06-ROCE-Leaf-16.GPU.S9825,TwoHundredGigE1/0/16:2,2159772,8558301388,2163412,8557113991,62.52,62.52
2024/05/24 星期五 00:30:02.711,1716481802711,NH-DC-NM129-H06-ROCE-Leaf-16.GPU.S9825,TwoHundredGigE1/0/16:2,0,0,0,0,0,0
2024/05/24 星期五 00:30:03.211,1716481803211,NH-DC-NM129-H06-ROCE-Leaf-16.GPU.S9825,TwoHundredGigE1/0/16:2,2142383,8532675816,2146128,8529642354,68.24,68.16
2024/05/24 星期五 00:30:03.828,1716481803828,NH-DC-NM129-H06-ROCE-Leaf-16.GPU.S9825,TwoHundredGigE1/0/16:2,0,0,0,0,0,0
2024/05/24 星期五 00:30:04.573,1716481804573,NH-DC-NM129-H06-ROCE-Leaf-16.GPU.S9825,TwoHundredGigE1/0/16:2,2722527,10908146176,2730582,10915385607,58.52,58.58
2024/05/24 星期五 00:30:05.206,1716481805206,NH-DC-NM129-H06-ROCE-Leaf-16.GPU.S9825,TwoHundredGigE1/0/16:2,2147330,8507132836,2150477,8504605194,53.71,53.71
2024/05/24 星期五 00:30:05.765,1716481805765,NH-DC-NM129-H06-ROCE-Leaf-16.GPU.S9825,TwoHundredGigE1/0/16:2,0,0,0,0,0,0
2024/05/24 星期五 00:30:06.353,1716481806353,NH-DC-NM129-H06-ROCE-Leaf-16.GPU.S9825,TwoHundredGigE1/0/16:2,1871808,7415511646,1874282,7412095533,50.41,50.41
2024/05/24 星期五 00:30:06.864,1716481806864,NH-DC-NM129-H06-ROCE-Leaf-16.GPU.S9825,TwoHundredGigE1/0/16:2,2848437,11452519208,2858069,11457144726,89.63,89.63
2024/05/24 星期五 00:30:07.686,1716481807686,NH-DC-NM129-H06-ROCE-Leaf-16.GPU.S9825,TwoHundredGigE1/0/16:2,0,0,0,0,0,0
2024/05/24 星期五 00:30:08.254,1716481808254,NH-DC-NM129-H06-ROCE-Leaf-16.GPU.S9825,TwoHundredGigE1/0/16:2,1775072,7033717800,1778264,7033928781,49.51,49.51
2024/05/24 星期五 00:30:08.790,1716481808790,NH-DC-NM129-H06-ROCE-Leaf-16.GPU.S9825,TwoHundredGigE1/0/16:2,0,0,0,0,0,0
2024/05/24 星期五 00:30:09.373,1716481809373,NH-DC-NM129-H06-ROCE-Leaf-16.GPU.S9825,TwoHundredGigE1/0/16:2,2162648,8568371292,2167316,8569307116,58.73,58.73
2024/05/24 星期五 00:30:09.903,1716481809903,NH-DC-NM129-H06-ROCE-Leaf-16.GPU.S9825,TwoHundredGigE1/0/16:2,0,0,0,0,0,0
2024/05/24 星期五 00:30:10.405,1716481810405,NH-DC-NM129-H06-ROCE-Leaf-16.GPU.S9825,TwoHundredGigE1/0/16:2,1924005,7615234736,1926016,7611266921,60.64,60.64
2024/05/24 星期五 00:30:11.209,1716481811209,NH-DC-NM129-H06-ROCE-Leaf-16.GPU.S9825,TwoHundredGigE1/0/16:2,2957382,11892198682,2967010,11897212984,59.15,59.15
2024/05/24 星期五 00:30:11.785,1716481811785,NH-DC-NM129-H06-ROCE-Leaf-16.GPU.S9825,TwoHundredGigE1/0/16:2,0,0,0,0,0,0
2024/05/24 星期五 00:30:12.412,1716481812412,NH-DC-NM129-H06-ROCE-Leaf-16.GPU.S9825,TwoHundredGigE1/0/16:2,1807680,7161631880,1810761,7162107979,45.68,45.68
2024/05/24 星期五 00:30:13.026,1716481813026,NH-DC-NM129-H06-ROCE-Leaf-16.GPU.S9825,TwoHundredGigE1/0/16:2,1884349,7467543548,1888099,7468571542,48.60,48.60
2024/05/24 星期五 00:30:13.535,1716481813535,NH-DC-NM129-H06-ROCE-Leaf-16.GPU.S9825,TwoHundredGigE1/0/16:2,0,0,0,0,0,0
2024/05/24 星期五 00:30:14.254,1716481814254,NH-DC-NM129-H06-ROCE-Leaf-16.GPU.S9825,TwoHundredGigE1/0/16:2,2583316,10377723444,2588484,10376507237,57.69,57.69
2024/05/24 星期五 00:30:14.929,1716481814929,NH-DC-NM129-H06-ROCE-Leaf-16.GPU.S9825,TwoHundredGigE1/0/16:2,2230434,0,2235876,0,0,0
2024/05/24 星期五 00:30:15.579,1716481815579,NH-DC-NM129-H06-ROCE-Leaf-16.GPU.S9825,TwoHundredGigE1/0/16:2,0,8859637580,0,8861643868,54.46,54.52
2024/05/24 星期五 00:30:16.116,1716481816116,NH-DC-NM129-H06-ROCE-Leaf-16.GPU.S9825,TwoHundredGigE1/0/16:2,2280219,9036020584,2284604,9036143633,67.26,67.26
2024/05/24 星期五 00:30:16.709,1716481816709,NH-DC-NM129-H06-ROCE-Leaf-16.GPU.S9825,TwoHundredGigE1/0/16:2,0,0,0,0,0,0
2024/05/24 星期五 00:30:17.210,1716481817210,NH-DC-NM129-H06-ROCE-Leaf-16.GPU.S9825,TwoHundredGigE1/0/16:2,1712663,6785980590,1715703,6786447606,54.13,54.13
2024/05/24 星期五 00:30:17.956,1716481817956,NH-DC-NM129-H06-ROCE-Leaf-16.GPU.S9825,TwoHundredGigE1/0/16:2,2742244,11031520460,2750805,11038503067,59.14,59.14
2024/05/24 星期五 00:30:18.515,1716481818515,NH-DC-NM129-H06-ROCE-Leaf-16.GPU.S9825,TwoHundredGigE1/0/16:2,0,0,0,0,0,0
2024/05/24 星期五 00:30:19.074,1716481819074,NH-DC-NM129-H06-ROCE-Leaf-16.GPU.S9825,TwoHundredGigE1/0/16:2,1880785,7452814982,1882716,7446942736,53.31,53.24
2024/05/24 星期五 00:30:19.653,1716481819653,NH-DC-NM129-H06-ROCE-Leaf-16.GPU.S9825,TwoHundredGigE1/0/16:2,0,0,0,0,0,0
2024/05/24 星期五 00:30:20.203,1716481820203,NH-DC-NM129-H06-ROCE-Leaf-16.GPU.S9825,TwoHundredGigE1/0/16:2,2162537,8568372070,2166528,8568901457,62.25,62.25
2024/05/24 星期五 00:30:21.113,1716481821113,NH-DC-NM129-H06-ROCE-Leaf-16.GPU.S9825,TwoHundredGigE1/0/16:2,4766666,19052582198,4776608,19053600957,83.74,83.74
2024/05/24 星期五 00:30:22.989,1716481822989,NH-DC-NM129-H06-ROCE-Leaf-16.GPU.S9825,TwoHundredGigE1/0/16:2,1825295,7232806616,1828771,7233572402,15.42,15.42
2024/05/24 星期五 00:30:23.638,1716481823638,NH-DC-NM129-H06-ROCE-Leaf-16.GPU.S9825,TwoHundredGigE1/0/16:2,0,0,0,0,0,0
2024/05/24 星期五 00:30:24.137,1716481824137,NH-DC-NM129-H06-ROCE-Leaf-16.GPU.S9825,TwoHundredGigE1/0/16:2,2034200,8056876820,2037126,8057061557,64.53,64.53
2024/05/24 星期五 00:30:25.191,1716481825191,NH-DC-NM129-H06-ROCE-Leaf-16.GPU.S9825,TwoHundredGigE1/0/16:2,2626937,10574822196,2633464,10574056260,40.11,40.11
2024/05/24 星期五 00:30:25.859,1716481825859,NH-DC-NM129-H06-ROCE-Leaf-16.GPU.S9825,TwoHundredGigE1/0/16:2,0,0,0,0,0,0
2024/05/24 星期五 00:30:27.237,1716481827237,NH-DC-NM129-H06-ROCE-Leaf-16.GPU.S9825,TwoHundredGigE1/0/16:2,4367364,17306171634,4375465,17306221989,50.22,50.22
2024/05/24 星期五 00:30:27.815,1716481827815,NH-DC-NM129-H06-ROCE-Leaf-16.GPU.S9825,TwoHundredGigE1/0/16:2,0,0,0,0,0,0
2024/05/24 星期五 00:30:28.347,1716481828347,NH-DC-NM129-H06-ROCE-Leaf-16.GPU.S9825,TwoHundredGigE1/0/16:2,1502050,5949672396,1504704,5952360067,44.66,44.74
2024/05/24 星期五 00:30:29.142,1716481829142,NH-DC-NM129-H06-ROCE-Leaf-16.GPU.S9825,TwoHundredGigE1/0/16:2,3393998,13615354608,3402635,13615629470,68.48,68.48
2024/05/24 星期五 00:30:29.959,1716481829959,NH-DC-NM129-H06-ROCE-Leaf-16.GPU.S9825,TwoHundredGigE1/0/16:2,0,0,0,0,0,0
2024/05/24 星期五 00:30:30.558,1716481830558,NH-DC-NM129-H06-ROCE-Leaf-16.GPU.S9825,TwoHundredGigE1/0/16:2,1745201,6915139602,1748510,6916381712,46.14,46.14
2024/05/24 星期五 00:30:31.059,1716481831059,NH-DC-NM129-H06-ROCE-Leaf-16.GPU.S9825,TwoHundredGigE1/0/16:2,2000982,7928917524,2004788,7929170276,63.23,63.23
2024/05/24 星期五 00:30:31.660,1716481831660,NH-DC-NM129-H06-ROCE-Leaf-16.GPU.S9825,TwoHundredGigE1/0/16:2,0,0,0,0,0,0
2024/05/24 星期五 00:30:32.397,1716481832397,NH-DC-NM129-H06-ROCE-Leaf-16.GPU.S9825,TwoHundredGigE1/0/16:2,2193627,8781136298,2199060,8781493001,47.65,47.65
2024/05/24 星期五 00:30:33.078,1716481833078,NH-DC-NM129-H06-ROCE-Leaf-16.GPU.S9825,TwoHundredGigE1/0/16:2,2300488,9191704264,2305574,9192473268,53.98,53.98
2024/05/24 星期五 00:30:33.663,1716481833663,NH-DC-NM129-H06-ROCE-Leaf-16.GPU.S9825,TwoHundredGigE1/0/16:2,0,0,0,0,0,0
2024/05/24 星期五 00:30:34.166,1716481834166,NH-DC-NM129-H06-ROCE-Leaf-16.GPU.S9825,TwoHundredGigE1/0/16:2,2097733,8312570918,2101608,8313313733,66.08,66.08
2024/05/24 星期五 00:30:34.698,1716481834698,NH-DC-NM129-H06-ROCE-Leaf-16.GPU.S9825,TwoHundredGigE1/0/16:2,0,0,0,0,0,0
2024/05/24 星期五 00:30:35.201,1716481835201,NH-DC-NM129-H06-ROCE-Leaf-16.GPU.S9825,TwoHundredGigE1/0/16:2,1937020,7673190888,1940153,7673395146,60.99,60.99
2024/05/24 星期五 00:30:35.915,1716481835915,NH-DC-NM129-H06-ROCE-Leaf-16.GPU.S9825,TwoHundredGigE1/0/16:2,0,0,0,0,0,0
2024/05/24 星期五 00:30:36.563,1716481836563,NH-DC-NM129-H06-ROCE-Leaf-16.GPU.S9825,TwoHundredGigE1/0/16:2,3074171,12345839110,3082451,12346873663,76.17,76.17
2024/05/24 星期五 00:30:37.165,1716481837165,NH-DC-NM129-H06-ROCE-Leaf-16.GPU.S9825,TwoHundredGigE1/0/16:2,1932609,7658637070,1937345,7663046378,50.83,50.90
2024/05/24 星期五 00:30:37.668,1716481837668,NH-DC-NM129-H06-ROCE-Leaf-16.GPU.S9825,TwoHundredGigE1/0/16:2,0,0,0,0,0,0
2024/05/24 星期五 00:30:38.174,1716481838174,NH-DC-NM129-H06-ROCE-Leaf-16.GPU.S9825,TwoHundredGigE1/0/16:2,1972406,7815532644,1974922,7811949969,61.74,61.74
2024/05/24 星期五 00:30:38.866,1716481838866,NH-DC-NM129-H06-ROCE-Leaf-16.GPU.S9825,TwoHundredGigE1/0/16:2,0,0,0,0,0,0
2024/05/24 星期五 00:30:39.423,1716481839423,NH-DC-NM129-H06-ROCE-Leaf-16.GPU.S9825,TwoHundredGigE1/0/16:2,2171565,8623392356,2174853,8620150824,61.90,61.90
2024/05/24 星期五 00:30:40.110,1716481840110,NH-DC-NM129-H06-ROCE-Leaf-16.GPU.S9825,TwoHundredGigE1/0/16:2,2765609,11104432608,2773432,11107090573,64.63,64.63
2024/05/24 星期五 00:30:40.638,1716481840638,NH-DC-NM129-H06-ROCE-Leaf-16.GPU.S9825,TwoHundredGigE1/0/16:2,0,0,0,0,0,0
2024/05/24 星期五 00:30:41.138,1716481841138,NH-DC-NM129-H06-ROCE-Leaf-16.GPU.S9825,TwoHundredGigE1/0/16:2,2106766,8347968816,2111027,8350192940,66.72,66.8
2024/05/24 星期五 00:30:41.733,1716481841733,NH-DC-NM129-H06-ROCE-Leaf-16.GPU.S9825,TwoHundredGigE1/0/16:2,0,0,0,0,0,0
2024/05/24 星期五 00:30:42.464,1716481842464,NH-DC-NM129-H06-ROCE-Leaf-16.GPU.S9825,TwoHundredGigE1/0/16:2,1936705,7673166474,1939865,7673372643,41.97,41.97
2024/05/24 星期五 00:30:43.130,1716481843130,NH-DC-NM129-H06-ROCE-Leaf-16.GPU.S9825,TwoHundredGigE1/0/16:2,2663593,10722526562,2667575,10706090122,64.38,64.26
2024/05/24 星期五 00:30:43.868,1716481843868,NH-DC-NM129-H06-ROCE-Leaf-16.GPU.S9825,TwoHundredGigE1/0/16:2,0,0,0,0,0,0
2024/05/24 星期五 00:30:44.386,1716481844386,NH-DC-NM129-H06-ROCE-Leaf-16.GPU.S9825,TwoHundredGigE1/0/16:2,1991302,7889669240,2000793,7915654255,60.85,61.08
2024/05/24 星期五 00:30:44.887,1716481844887,NH-DC-NM129-H06-ROCE-Leaf-16.GPU.S9825,TwoHundredGigE1/0/16:2,0,0,0,0,0,0
2024/05/24 星期五 00:30:45.608,1716481845608,NH-DC-NM129-H06-ROCE-Leaf-16.GPU.S9825,TwoHundredGigE1/0/16:2,2227266,8824258608,2229267,8816557026,48.93,48.88
2024/05/24 星期五 00:30:46.267,1716481846267,NH-DC-NM129-H06-ROCE-Leaf-16.GPU.S9825,TwoHundredGigE1/0/16:2,2009957,7949696438,2012182,7947195529,48.19,48.19
2024/05/24 星期五 00:30:48.271,1716481848271,NH-DC-NM129-H06-ROCE-Leaf-16.GPU.S9825,TwoHundredGigE1/0/16:2,4860821,19440124190,4873283,19443010089,38.80,38.80
2024/05/24 星期五 00:30:48.803,1716481848803,NH-DC-NM129-H06-ROCE-Leaf-16.GPU.S9825,TwoHundredGigE1/0/16:2,0,0,0,0,0,0
2024/05/24 星期五 00:30:49.505,1716481849505,NH-DC-NM129-H06-ROCE-Leaf-16.GPU.S9825,TwoHundredGigE1/0/16:2,1951117,7730200728,1954887,7732529124,44.05,44.05
2024/05/24 星期五 00:30:50.008,1716481850008,NH-DC-NM129-H06-ROCE-Leaf-16.GPU.S9825,TwoHundredGigE1/0/16:2,2554667,10291020640,2563595,10289421679,81.83,81.75
2024/05/24 星期五 00:30:50.721,1716481850721,NH-DC-NM129-H06-ROCE-Leaf-16.GPU.S9825,TwoHundredGigE1/0/16:2,0,0,0,0,0,0
2024/05/24 星期五 00:30:51.223,1716481851223,NH-DC-NM129-H06-ROCE-Leaf-16.GPU.S9825,TwoHundredGigE1/0/16:2,2162487,8568357138,2166486,8568622152,68.21,68.21
2024/05/24 星期五 00:30:51.726,1716481851726,NH-DC-NM129-H06-ROCE-Leaf-16.GPU.S9825,TwoHundredGigE1/0/16:2,0,0,0,0,0,0
2024/05/24 星期五 00:30:52.226,1716481852226,NH-DC-NM129-H06-ROCE-Leaf-16.GPU.S9825,TwoHundredGigE1/0/16:2,2291901,9082053076,2295952,9080466523,72.64,72.64
2024/05/24 星期五 00:30:53.012,1716481853012,NH-DC-NM129-H06-ROCE-Leaf-16.GPU.S9825,TwoHundredGigE1/0/16:2,0,0,0,0,0,0
2024/05/24 星期五 00:30:53.514,1716481853514,NH-DC-NM129-H06-ROCE-Leaf-16.GPU.S9825,TwoHundredGigE1/0/16:2,1484097,5880579516,1487316,5882927432,46.85,46.85
2024/05/24 星期五 00:30:54.251,1716481854251,NH-DC-NM129-H06-ROCE-Leaf-16.GPU.S9825,TwoHundredGigE1/0/16:2,2917892,11728992462,2925343,11730637595,63.61,63.66
2024/05/24 星期五 00:30:54.808,1716481854808,NH-DC-NM129-H06-ROCE-Leaf-16.GPU.S9825,TwoHundredGigE1/0/16:2,0,0,0,0,0,0
2024/05/24 星期五 00:30:56.201,1716481856201,NH-DC-NM129-H06-ROCE-Leaf-16.GPU.S9825,TwoHundredGigE1/0/16:2,4028473,15963093692,4035564,15963236649,45.83,45.83
2024/05/24 星期五 00:30:56.800,1716481856800,NH-DC-NM129-H06-ROCE-Leaf-16.GPU.S9825,TwoHundredGigE1/0/16:2,0,0,0,0,0,0
2024/05/24 星期五 00:30:57.542,1716481857542,NH-DC-NM129-H06-ROCE-Leaf-16.GPU.S9825,TwoHundredGigE1/0/16:2,2419487,9676330622,2425708,9676746888,52.13,52.13
2024/05/24 星期五 00:30:58.152,1716481858152,NH-DC-NM129-H06-ROCE-Leaf-16.GPU.S9825,TwoHundredGigE1/0/16:2,2268278,9063789988,2273351,9064681263,59.41,59.41
2024/05/24 星期五 00:30:58.656,1716481858656,NH-DC-NM129-H06-ROCE-Leaf-16.GPU.S9825,TwoHundredGigE1/0/16:2,0,0,0,0,0,0
2024/05/24 星期五 00:30:59.189,1716481859189,NH-DC-NM129-H06-ROCE-Leaf-16.GPU.S9825,TwoHundredGigE1/0/16:2,2000865,7928910474,2004711,7929513574,59.44,59.44
2024/05/24 星期五 00:31:00.049,1716481860049,NH-DC-NM129-H06-ROCE-Leaf-16.GPU.S9825,TwoHundredGigE1/0/16:2,0,0,0,0,0,0
2024/05/24 星期五 00:31:00.551,1716481860551,NH-DC-NM129-H06-ROCE-Leaf-16.GPU.S9825,TwoHundredGigE1/0/16:2,1904868,7548139956,1907717,7545496522,60.08,60.08
2024/05/24 星期五 00:31:01.316,1716481861316,NH-DC-NM129-H06-ROCE-Leaf-16.GPU.S9825,TwoHundredGigE1/0/16:2,3055161,12270954792,3062991,12271113764,64.16,64.16
2024/05/24 星期五 00:31:01.876,1716481861876,NH-DC-NM129-H06-ROCE-Leaf-16.GPU.S9825,TwoHundredGigE1/0/16:2,0,0,0,0,0,0
2024/05/24 星期五 00:31:02.377,1716481862377,NH-DC-NM129-H06-ROCE-Leaf-16.GPU.S9825,TwoHundredGigE1/0/16:2,1948010,7718590656,1953789,7728396991,61.56,61.64
2024/05/24 星期五 00:31:03.166,1716481863166,NH-DC-NM129-H06-ROCE-Leaf-16.GPU.S9825,TwoHundredGigE1/0/16:2,2040582,8086236238,2042279,8078117428,40.96,40.91
2024/05/24 星期五 00:31:03.741,1716481863741,NH-DC-NM129-H06-ROCE-Leaf-16.GPU.S9825,TwoHundredGigE1/0/16:2,0,0,0,0,0,0
2024/05/24 星期五 00:31:04.241,1716481864241,NH-DC-NM129-H06-ROCE-Leaf-16.GPU.S9825,TwoHundredGigE1/0/16:2,1782929,7061285650,1784650,7055734293,56.48,56.4
2024/05/24 星期五 00:31:05.009,1716481865009,NH-DC-NM129-H06-ROCE-Leaf-16.GPU.S9825,TwoHundredGigE1/0/16:2,0,0,0,0,0,0
2024/05/24 星期五 00:31:05.554,1716481865554,NH-DC-NM129-H06-ROCE-Leaf-16.GPU.S9825,TwoHundredGigE1/0/16:2,3065968,12318248608,3075550,12325175912,90.35,90.42
2024/05/24 星期五 00:31:06.057,1716481866057,NH-DC-NM129-H06-ROCE-Leaf-16.GPU.S9825,TwoHundredGigE1/0/16:2,1722187,6823148912,1725554,6825749191,54.23,54.23
2024/05/24 星期五 00:31:07.019,1716481867019,NH-DC-NM129-H06-ROCE-Leaf-16.GPU.S9825,TwoHundredGigE1/0/16:2,2086435,8267396364,2089744,8265860158,34.35,34.35
2024/05/24 星期五 00:31:07.623,1716481867623,NH-DC-NM129-H06-ROCE-Leaf-16.GPU.S9825,TwoHundredGigE1/0/16:2,0,0,0,0,0,0
2024/05/24 星期五 00:31:08.364,1716481868364,NH-DC-NM129-H06-ROCE-Leaf-16.GPU.S9825,TwoHundredGigE1/0/16:2,2751416,11066979828,2758579,11067730843,59.70,59.70
2024/05/24 星期五 00:31:08.865,1716481868865,NH-DC-NM129-H06-ROCE-Leaf-16.GPU.S9825,TwoHundredGigE1/0/16:2,0,0,0,0,0,0
2024/05/24 星期五 00:31:09.367,1716481869367,NH-DC-NM129-H06-ROCE-Leaf-16.GPU.S9825,TwoHundredGigE1/0/16:2,2097768,8312573176,2101468,8312816568,66.22,66.22
2024/05/24 星期五 00:31:10.267,1716481870267,NH-DC-NM129-H06-ROCE-Leaf-16.GPU.S9825,TwoHundredGigE1/0/16:2,2294243,9091053258,2299357,9093669935,40.4,40.4
2024/05/24 星期五 00:31:10.770,1716481870770,NH-DC-NM129-H06-ROCE-Leaf-16.GPU.S9825,TwoHundredGigE1/0/16:2,0,0,0,0,0,0
2024/05/24 星期五 00:31:11.274,1716481871274,NH-DC-NM129-H06-ROCE-Leaf-16.GPU.S9825,TwoHundredGigE1/0/16:2,1707664,6766774840,1710347,6764950978,53.65,53.65
2024/05/24 星期五 00:31:12.092,1716481872092,NH-DC-NM129-H06-ROCE-Leaf-16.GPU.S9825,TwoHundredGigE1/0/16:2,3332401,13368934734,3340742,13369832097,65.33,65.33
2024/05/24 星期五 00:31:12.687,1716481872687,NH-DC-NM129-H06-ROCE-Leaf-16.GPU.S9825,TwoHundredGigE1/0/16:2,0,0,0,0,0,0
2024/05/24 星期五 00:31:13.185,1716481873185,NH-DC-NM129-H06-ROCE-Leaf-16.GPU.S9825,TwoHundredGigE1/0/16:2,1549238,6138518128,1552145,6138795990,49.24,49.24
2024/05/24 星期五 00:31:13.989,1716481873989,NH-DC-NM129-H06-ROCE-Leaf-16.GPU.S9825,TwoHundredGigE1/0/16:2,0,0,0,0,0,0
2024/05/24 星期五 00:31:14.493,1716481874493,NH-DC-NM129-H06-ROCE-Leaf-16.GPU.S9825,TwoHundredGigE1/0/16:2,2130026,8440463784,2134096,8440802969,66.98,66.98
2024/05/24 星期五 00:31:14.994,1716481874994,NH-DC-NM129-H06-ROCE-Leaf-16.GPU.S9825,TwoHundredGigE1/0/16:2,3009673,12090071706,3018150,12090979024,96.53,96.53
2024/05/24 星期五 00:31:15.739,1716481875739,NH-DC-NM129-H06-ROCE-Leaf-16.GPU.S9825,TwoHundredGigE1/0/16:2,0,0,0,0,0,0
2024/05/24 星期五 00:31:16.244,1716481876244,NH-DC-NM129-H06-ROCE-Leaf-16.GPU.S9825,TwoHundredGigE1/0/16:2,2065888,8184715216,2069267,8184935647,64.79,64.79
2024/05/24 星期五 00:31:16.978,1716481876978,NH-DC-NM129-H06-ROCE-Leaf-16.GPU.S9825,TwoHundredGigE1/0/16:2,0,0,0,0,0,0
2024/05/24 星期五 00:31:17.624,1716481877624,NH-DC-NM129-H06-ROCE-Leaf-16.GPU.S9825,TwoHundredGigE1/0/16:2,2194919,8698065718,2199314,8696963596,53.81,53.81
2024/05/24 星期五 00:31:18.125,1716481878125,NH-DC-NM129-H06-ROCE-Leaf-16.GPU.S9825,TwoHundredGigE1/0/16:2,1484511,5882739658,1487265,5882921987,46.95,46.95
2024/05/24 星期五 00:31:18.678,1716481878678,NH-DC-NM129-H06-ROCE-Leaf-16.GPU.S9825,TwoHundredGigE1/0/16:2,0,0,0,0,0,0
2024/05/24 星期五 00:31:19.342,1716481879342,NH-DC-NM129-H06-ROCE-Leaf-16.GPU.S9825,TwoHundredGigE1/0/16:2,3396294,13624655800,3404812,13625635180,82.05,82.05
2024/05/24 星期五 00:31:19.846,1716481879846,NH-DC-NM129-H06-ROCE-Leaf-16.GPU.S9825,TwoHundredGigE1/0/16:2,0,0,0,0,0,0
2024/05/24 星期五 00:31:20.562,1716481880562,NH-DC-NM129-H06-ROCE-Leaf-16.GPU.S9825,TwoHundredGigE1/0/16:2,3743821,14834752686,3750847,14835634699,82.85,82.85
2024/05/24 星期五 00:31:22.620,1716481882620,NH-DC-NM129-H06-ROCE-Leaf-16.GPU.S9825,TwoHundredGigE1/0/16:2,2456582,9847026112,2461793,9847371343,19.13,19.13
2024/05/24 星期五 00:31:23.306,1716481883306,NH-DC-NM129-H06-ROCE-Leaf-16.GPU.S9825,TwoHundredGigE1/0/16:2,2166426,8637309220,2171807,8637942338,50.32,50.32
2024/05/24 星期五 00:31:24.085,1716481884085,NH-DC-NM129-H06-ROCE-Leaf-16.GPU.S9825,TwoHundredGigE1/0/16:2,2065459,8184685162,2069264,8185456057,42.00,42.00
2024/05/24 星期五 00:31:24.679,1716481884679,NH-DC-NM129-H06-ROCE-Leaf-16.GPU.S9825,TwoHundredGigE1/0/16:2,0,0,0,0,0,0
2024/05/24 星期五 00:31:25.181,1716481885181,NH-DC-NM129-H06-ROCE-Leaf-16.GPU.S9825,TwoHundredGigE1/0/16:2,1873016,7417460988,1875560,7417620904,59.04,59.04
2024/05/24 星期五 00:31:25.773,1716481885773,NH-DC-NM129-H06-ROCE-Leaf-16.GPU.S9825,TwoHundredGigE1/0/16:2,0,0,0,0,0,0
2024/05/24 星期五 00:31:26.478,1716481886478,NH-DC-NM129-H06-ROCE-Leaf-16.GPU.S9825,TwoHundredGigE1/0/16:2,3245569,13024781924,3254509,13026791043,73.87,73.87
2024/05/24 星期五 00:31:27.055,1716481887055,NH-DC-NM129-H06-ROCE-Leaf-16.GPU.S9825,TwoHundredGigE1/0/16:2,1862016,7378747278,1865156,7377220510,51.09,51.09
2024/05/24 星期五 00:31:27.688,1716481887688,NH-DC-NM129-H06-ROCE-Leaf-16.GPU.S9825,TwoHundredGigE1/0/16:2,0,0,0,0,0,0
2024/05/24 星期五 00:31:28.211,1716481888211,NH-DC-NM129-H06-ROCE-Leaf-16.GPU.S9825,TwoHundredGigE1/0/16:2,1913329,7582128596,1917230,7583100639,57.97,57.97
2024/05/24 星期五 00:31:28.709,1716481888709,NH-DC-NM129-H06-ROCE-Leaf-16.GPU.S9825,TwoHundredGigE1/0/16:2,0,0,0,0,0,0
2024/05/24 星期五 00:31:29.213,1716481889213,NH-DC-NM129-H06-ROCE-Leaf-16.GPU.S9825,TwoHundredGigE1/0/16:2,1824364,7217790862,1826241,7213975438,57.22,57.22
2024/05/24 星期五 00:31:29.983,1716481889983,NH-DC-NM129-H06-ROCE-Leaf-16.GPU.S9825,TwoHundredGigE1/0/16:2,2918532,11741548900,2927856,11745648396,60.99,60.99
2024/05/24 星期五 00:31:30.802,1716481890802,NH-DC-NM129-H06-ROCE-Leaf-16.GPU.S9825,TwoHundredGigE1/0/16:2,0,0,0,0,0,0
2024/05/24 星期五 00:31:31.384,1716481891384,NH-DC-NM129-H06-ROCE-Leaf-16.GPU.S9825,TwoHundredGigE1/0/16:2,1871841,7417372018,1875430,7417956616,50.93,50.93
2024/05/24 星期五 00:31:31.885,1716481891885,NH-DC-NM129-H06-ROCE-Leaf-16.GPU.S9825,TwoHundredGigE1/0/16:2,0,0,0,0,0,0
2024/05/24 星期五 00:31:32.385,1716481892385,NH-DC-NM129-H06-ROCE-Leaf-16.GPU.S9825,TwoHundredGigE1/0/16:2,2015324,7985820204,2020707,7992950755,63.84,63.92
2024/05/24 星期五 00:31:33.004,1716481893004,NH-DC-NM129-H06-ROCE-Leaf-16.GPU.S9825,TwoHundredGigE1/0/16:2,0,0,0,0,0,0
2024/05/24 星期五 00:31:33.505,1716481893505,NH-DC-NM129-H06-ROCE-Leaf-16.GPU.S9825,TwoHundredGigE1/0/16:2,2866231,11521624914,2872359,11515951498,91.98,91.90
2024/05/24 星期五 00:31:34.444,1716481894444,NH-DC-NM129-H06-ROCE-Leaf-16.GPU.S9825,TwoHundredGigE1/0/16:2,2076931,8230433158,2081487,8233499403,35.06,35.06
2024/05/24 星期五 00:31:34.948,1716481894948,NH-DC-NM129-H06-ROCE-Leaf-16.GPU.S9825,TwoHundredGigE1/0/16:2,0,0,0,0,0,0
2024/05/24 星期五 00:31:35.462,1716481895462,NH-DC-NM129-H06-ROCE-Leaf-16.GPU.S9825,TwoHundredGigE1/0/16:2,2247601,8906249218,2251266,8904142224,69.26,69.26
2024/05/24 星期五 00:31:36.075,1716481896075,NH-DC-NM129-H06-ROCE-Leaf-16.GPU.S9825,TwoHundredGigE1/0/16:2,1708607,6765528304,1709223,6759182683,44.11,44.05
2024/05/24 星期五 00:31:36.745,1716481896745,NH-DC-NM129-H06-ROCE-Leaf-16.GPU.S9825,TwoHundredGigE1/0/16:2,0,0,0,0,0,0
2024/05/24 星期五 00:31:37.462,1716481897462,NH-DC-NM129-H06-ROCE-Leaf-16.GPU.S9825,TwoHundredGigE1/0/16:2,3093710,12426951138,3104842,12436440884,69.29,69.34
2024/05/24 星期五 00:31:38.068,1716481898068,NH-DC-NM129-H06-ROCE-Leaf-16.GPU.S9825,TwoHundredGigE1/0/16:2,1541965,6110038864,1544917,6111350757,40.33,40.33
2024/05/24 星期五 00:31:38.589,1716481898589,NH-DC-NM129-H06-ROCE-Leaf-16.GPU.S9825,TwoHundredGigE1/0/16:2,0,0,0,0,0,0
2024/05/24 星期五 00:31:39.090,1716481899090,NH-DC-NM129-H06-ROCE-Leaf-16.GPU.S9825,TwoHundredGigE1/0/16:2,2139089,8475364624,2141796,8471345696,67.62,67.62
2024/05/24 星期五 00:31:39.713,1716481899713,NH-DC-NM129-H06-ROCE-Leaf-16.GPU.S9825,TwoHundredGigE1/0/16:2,0,0,0,0,0,0
2024/05/24 星期五 00:31:40.295,1716481900295,NH-DC-NM129-H06-ROCE-Leaf-16.GPU.S9825,TwoHundredGigE1/0/16:2,2926176,11759226476,2934739,11763625025,80.76,80.82
2024/05/24 星期五 00:31:41.124,1716481901124,NH-DC-NM129-H06-ROCE-Leaf-16.GPU.S9825,TwoHundredGigE1/0/16:2,2144491,8497783270,2147560,8495026826,40.97,40.97
2024/05/24 星期五 00:31:41.649,1716481901649,NH-DC-NM129-H06-ROCE-Leaf-16.GPU.S9825,TwoHundredGigE1/0/16:2,0,0,0,0,0,0
2024/05/24 星期五 00:31:42.151,1716481902151,NH-DC-NM129-H06-ROCE-Leaf-16.GPU.S9825,TwoHundredGigE1/0/16:2,2323920,9208497580,2329138,9211834849,73.31,73.39
2024/05/24 星期五 00:31:42.755,1716481902755,NH-DC-NM129-H06-ROCE-Leaf-16.GPU.S9825,TwoHundredGigE1/0/16:2,0,0,0,0,0,0
2024/05/24 星期五 00:31:43.456,1716481903456,NH-DC-NM129-H06-ROCE-Leaf-16.GPU.S9825,TwoHundredGigE1/0/16:2,1499440,5940938520,1504840,5952997096,33.89,33.95
2024/05/24 星期五 00:31:44.159,1716481904159,NH-DC-NM129-H06-ROCE-Leaf-16.GPU.S9825,TwoHundredGigE1/0/16:2,3401287,13636460978,3405251,13625965539,77.55,77.50
2024/05/24 星期五 00:31:44.881,1716481904881,NH-DC-NM129-H06-ROCE-Leaf-16.GPU.S9825,TwoHundredGigE1/0/16:2,0,0,0,0,0,0
2024/05/24 星期五 00:31:45.384,1716481905384,NH-DC-NM129-H06-ROCE-Leaf-16.GPU.S9825,TwoHundredGigE1/0/16:2,1743070,6905853192,1746129,6906479286,54.87,54.87
2024/05/24 星期五 00:31:45.930,1716481905930,NH-DC-NM129-H06-ROCE-Leaf-16.GPU.S9825,TwoHundredGigE1/0/16:2,0,0,0,0,0,0
2024/05/24 星期五 00:31:46.523,1716481906523,NH-DC-NM129-H06-ROCE-Leaf-16.GPU.S9825,TwoHundredGigE1/0/16:2,2091287,8284150884,2095026,8284665145,55.85,55.85
2024/05/24 星期五 00:31:47.125,1716481907125,NH-DC-NM129-H06-ROCE-Leaf-16.GPU.S9825,TwoHundredGigE1/0/16:2,2165010,8677768970,2176803,8708223590,57.61,57.81
2024/05/24 星期五 00:31:47.942,1716481907942,NH-DC-NM129-H06-ROCE-Leaf-16.GPU.S9825,TwoHundredGigE1/0/16:2,2175554,8687126304,2172476,8654471033,42.50,42.35
2024/05/24 星期五 00:31:48.490,1716481908490,NH-DC-NM129-H06-ROCE-Leaf-16.GPU.S9825,TwoHundredGigE1/0/16:2,0,0,0,0,0,0
2024/05/24 星期五 00:31:48.990,1716481908990,NH-DC-NM129-H06-ROCE-Leaf-16.GPU.S9825,TwoHundredGigE1/0/16:2,0,0,0,0,0,0
2024/05/24 星期五 00:31:49.551,1716481909551,NH-DC-NM129-H06-ROCE-Leaf-16.GPU.S9825,TwoHundredGigE1/0/16:2,1871986,7417382536,1875349,7417883054,52.83,52.83
2024/05/24 星期五 00:31:50.171,1716481910171,NH-DC-NM129-H06-ROCE-Leaf-16.GPU.S9825,TwoHundredGigE1/0/16:2,2004551,7943722246,2008566,7944803147,51.23,51.23
2024/05/24 星期五 00:31:50.752,1716481910752,NH-DC-NM129-H06-ROCE-Leaf-16.GPU.S9825,TwoHundredGigE1/0/16:2,0,0,0,0,0,0
2024/05/24 星期五 00:31:51.568,1716481911568,NH-DC-NM129-H06-ROCE-Leaf-16.GPU.S9825,TwoHundredGigE1/0/16:2,2876123,11563663998,2883035,11563651944,56.67,56.67
2024/05/24 星期五 00:31:52.095,1716481912095,NH-DC-NM129-H06-ROCE-Leaf-16.GPU.S9825,TwoHundredGigE1/0/16:2,0,0,0,0,0,0
2024/05/24 星期五 00:31:52.595,1716481912595,NH-DC-NM129-H06-ROCE-Leaf-16.GPU.S9825,TwoHundredGigE1/0/16:2,2021243,8005082652,2024168,8006295403,64,64
2024/05/24 星期五 00:31:53.097,1716481913097,NH-DC-NM129-H06-ROCE-Leaf-16.GPU.S9825,TwoHundredGigE1/0/16:2,2175374,8620145662,2179182,8619733570,68.69,68.61
2024/05/24 星期五 00:31:53.716,1716481913716,NH-DC-NM129-H06-ROCE-Leaf-16.GPU.S9825,TwoHundredGigE1/0/16:2,0,0,0,0,0,0
2024/05/24 星期五 00:31:54.343,1716481914343,NH-DC-NM129-H06-ROCE-Leaf-16.GPU.S9825,TwoHundredGigE1/0/16:2,1685893,6679623312,1689833,6685080799,42.55,42.62
2024/05/24 星期五 00:31:55.337,1716481915337,NH-DC-NM129-H06-ROCE-Leaf-16.GPU.S9825,TwoHundredGigE1/0/16:2,3195080,12827783094,3201669,12823437518,51.59,51.59
2024/05/24 星期五 00:31:55.928,1716481915928,NH-DC-NM129-H06-ROCE-Leaf-16.GPU.S9825,TwoHundredGigE1/0/16:2,0,0,0,0,0,0
2024/05/24 星期五 00:31:56.495,1716481916495,NH-DC-NM129-H06-ROCE-Leaf-16.GPU.S9825,TwoHundredGigE1/0/16:2,1966704,7791345496,1971260,7798171593,54.96,54.96
2024/05/24 星期五 00:31:57.181,1716481917181,NH-DC-NM129-H06-ROCE-Leaf-16.GPU.S9825,TwoHundredGigE1/0/16:2,1971203,7810757334,1973285,7804990978,45.54,45.48
2024/05/24 星期五 00:31:57.707,1716481917707,NH-DC-NM129-H06-ROCE-Leaf-16.GPU.S9825,TwoHundredGigE1/0/16:2,0,0,0,0,0,0
2024/05/24 星期五 00:31:58.480,1716481918480,NH-DC-NM129-H06-ROCE-Leaf-16.GPU.S9825,TwoHundredGigE1/0/16:2,2815702,11322734532,2822637,11323609635,58.58,58.58
2024/05/24 星期五 00:31:59.033,1716481919033,NH-DC-NM129-H06-ROCE-Leaf-16.GPU.S9825,TwoHundredGigE1/0/16:2,0,0,0,0,0,0
2024/05/24 星期五 00:31:59.537,1716481919537,NH-DC-NM129-H06-ROCE-Leaf-16.GPU.S9825,TwoHundredGigE1/0/16:2,2065514,8184687972,2069395,8184944182,64.92,64.92
2024/05/24 星期五 00:32:00.155,1716481920155,NH-DC-NM129-H06-ROCE-Leaf-16.GPU.S9825,TwoHundredGigE1/0/16:2,2259128,8952001732,2263717,8952723666,57.93,57.93
2024/05/24 星期五 00:32:00.808,1716481920808,NH-DC-NM129-H06-ROCE-Leaf-16.GPU.S9825,TwoHundredGigE1/0/16:2,0,0,0,0,0,0
2024/05/24 星期五 00:32:01.309,1716481921309,NH-DC-NM129-H06-ROCE-Leaf-16.GPU.S9825,TwoHundredGigE1/0/16:2,1657505,6567907110,1661684,6573849440,52.38,52.46
2024/05/24 星期五 00:32:02.031,1716481922031,NH-DC-NM129-H06-ROCE-Leaf-16.GPU.S9825,TwoHundredGigE1/0/16:2,0,0,0,0,0,0
2024/05/24 星期五 00:32:02.553,1716481922553,NH-DC-NM129-H06-ROCE-Leaf-16.GPU.S9825,TwoHundredGigE1/0/16:2,3070982,12335868488,3077963,12332527463,94.48,94.48
2024/05/24 星期五 00:32:03.053,1716481923053,NH-DC-NM129-H06-ROCE-Leaf-16.GPU.S9825,TwoHundredGigE1/0/16:2,1540067,6102705006,1542770,6101298656,48.8,48.8
2024/05/24 星期五 00:32:03.614,1716481923614,NH-DC-NM129-H06-ROCE-Leaf-16.GPU.S9825,TwoHundredGigE1/0/16:2,0,0,0,0,0,0
2024/05/24 星期五 00:32:04.243,1716481924243,NH-DC-NM129-H06-ROCE-Leaf-16.GPU.S9825,TwoHundredGigE1/0/16:2,2130040,8440459036,2133915,8441201403,53.67,53.67
2024/05/24 星期五 00:32:04.975,1716481924975,NH-DC-NM129-H06-ROCE-Leaf-16.GPU.S9825,TwoHundredGigE1/0/16:2,2322581,9292667842,2327929,9293020954,50.77,50.77
2024/05/24 星期五 00:32:05.643,1716481925643,NH-DC-NM129-H06-ROCE-Leaf-16.GPU.S9825,TwoHundredGigE1/0/16:2,0,0,0,0,0,0
2024/05/24 星期五 00:32:06.144,1716481926144,NH-DC-NM129-H06-ROCE-Leaf-16.GPU.S9825,TwoHundredGigE1/0/16:2,2268229,9063786510,2273161,9064530923,72.34,72.34
2024/05/24 星期五 00:32:06.717,1716481926717,NH-DC-NM129-H06-ROCE-Leaf-16.GPU.S9825,TwoHundredGigE1/0/16:2,0,0,0,0,0,0
2024/05/24 星期五 00:32:07.440,1716481927440,NH-DC-NM129-H06-ROCE-Leaf-16.GPU.S9825,TwoHundredGigE1/0/16:2,2057087,8151129724,2061003,8151008010,45.09,45.09
2024/05/24 星期五 00:32:08.035,1716481928035,NH-DC-NM129-H06-ROCE-Leaf-16.GPU.S9825,TwoHundredGigE1/0/16:2,1751241,6939392012,1754621,6940413707,46.59,46.66
2024/05/24 星期五 00:32:08.796,1716481928796,NH-DC-NM129-H06-ROCE-Leaf-16.GPU.S9825,TwoHundredGigE1/0/16:2,0,0,0,0,0,0
2024/05/24 星期五 00:32:10.570,1716481930570,NH-DC-NM129-H06-ROCE-Leaf-16.GPU.S9825,TwoHundredGigE1/0/16:2,4751677,18995853332,4762380,18996838154,42.82,42.82
2024/05/24 星期五 00:32:11.074,1716481931074,NH-DC-NM129-H06-ROCE-Leaf-16.GPU.S9825,TwoHundredGigE1/0/16:2,2259095,8951999054,2263350,8952697092,71.03,71.03
2024/05/24 星期五 00:32:11.781,1716481931781,NH-DC-NM129-H06-ROCE-Leaf-16.GPU.S9825,TwoHundredGigE1/0/16:2,0,0,0,0,0,0
2024/05/24 星期五 00:32:12.489,1716481932489,NH-DC-NM129-H06-ROCE-Leaf-16.GPU.S9825,TwoHundredGigE1/0/16:2,1653618,6552721218,1656514,6550623125,37.01,37.01
2024/05/24 星期五 00:32:12.997,1716481932997,NH-DC-NM129-H06-ROCE-Leaf-16.GPU.S9825,TwoHundredGigE1/0/16:2,0,0,0,0,0,0
2024/05/24 星期五 00:32:14.103,1716481934103,NH-DC-NM129-H06-ROCE-Leaf-16.GPU.S9825,TwoHundredGigE1/0/16:2,4970722,19860555370,4982125,19864363891,71.83,71.83
2024/05/24 星期五 00:32:14.707,1716481934707,NH-DC-NM129-H06-ROCE-Leaf-16.GPU.S9825,TwoHundredGigE1/0/16:2,0,0,0,0,0,0
2024/05/24 星期五 00:32:15.523,1716481935523,NH-DC-NM129-H06-ROCE-Leaf-16.GPU.S9825,TwoHundredGigE1/0/16:2,2130199,8441455222,2134069,8440725362,41.37,41.37
2024/05/24 星期五 00:32:16.118,1716481936118,NH-DC-NM129-H06-ROCE-Leaf-16.GPU.S9825,TwoHundredGigE1/0/16:2,2750072,11062619356,2757315,11064417001,74.35,74.35
2024/05/24 星期五 00:32:16.617,1716481936617,NH-DC-NM129-H06-ROCE-Leaf-16.GPU.S9825,TwoHundredGigE1/0/16:2,0,0,0,0,0,0
2024/05/24 星期五 00:32:17.129,1716481937129,NH-DC-NM129-H06-ROCE-Leaf-16.GPU.S9825,TwoHundredGigE1/0/16:2,2159178,8555717794,2163471,8557517152,66.80,66.80
2024/05/24 星期五 00:32:17.778,1716481937778,NH-DC-NM129-H06-ROCE-Leaf-16.GPU.S9825,TwoHundredGigE1/0/16:2,0,0,0,0,0,0
2024/05/24 星期五 00:32:18.279,1716481938279,NH-DC-NM129-H06-ROCE-Leaf-16.GPU.S9825,TwoHundredGigE1/0/16:2,1862588,7380643040,1866005,7380694407,58.92,58.92
2024/05/24 星期五 00:32:19.077,1716481939077,NH-DC-NM129-H06-ROCE-Leaf-16.GPU.S9825,TwoHundredGigE1/0/16:2,1835248,7272024708,1837829,7269183862,36.44,36.39
2024/05/24 星期五 00:32:19.620,1716481939620,NH-DC-NM129-H06-ROCE-Leaf-16.GPU.S9825,TwoHundredGigE1/0/16:2,0,0,0,0,0,0
2024/05/24 星期五 00:32:21.146,1716481941146,NH-DC-NM129-H06-ROCE-Leaf-16.GPU.S9825,TwoHundredGigE1/0/16:2,7190975,28658506628,7207072,28661662130,75.10,75.12
2024/05/24 星期五 00:32:23.137,1716481943137,NH-DC-NM129-H06-ROCE-Leaf-16.GPU.S9825,TwoHundredGigE1/0/16:2,1880996,7487429594,1884099,7484470908,15.03,15.03
2024/05/24 星期五 00:32:23.667,1716481943667,NH-DC-NM129-H06-ROCE-Leaf-16.GPU.S9825,TwoHundredGigE1/0/16:2,0,0,0,0,0,0
2024/05/24 星期五 00:32:24.229,1716481944229,NH-DC-NM129-H06-ROCE-Leaf-16.GPU.S9825,TwoHundredGigE1/0/16:2,2709797,10869023400,2717306,10873099919,77.30,77.37
2024/05/24 星期五 00:32:24.918,1716481944918,NH-DC-NM129-H06-ROCE-Leaf-16.GPU.S9825,TwoHundredGigE1/0/16:2,0,0,0,0,0,0
2024/05/24 星期五 00:32:25.419,1716481945419,NH-DC-NM129-H06-ROCE-Leaf-16.GPU.S9825,TwoHundredGigE1/0/16:2,2130152,8440466556,2134097,8441144918,67.39,67.39
2024/05/24 星期五 00:32:26.099,1716481946099,NH-DC-NM129-H06-ROCE-Leaf-16.GPU.S9825,TwoHundredGigE1/0/16:2,1930146,7648387350,1933881,7649976527,44.94,44.94
2024/05/24 星期五 00:32:26.792,1716481946792,NH-DC-NM129-H06-ROCE-Leaf-16.GPU.S9825,TwoHundredGigE1/0/16:2,0,0,0,0,0,0
2024/05/24 星期五 00:32:27.293,1716481947293,NH-DC-NM129-H06-ROCE-Leaf-16.GPU.S9825,TwoHundredGigE1/0/16:2,2708239,10896123442,2714439,10893755904,86.95,86.95
2024/05/24 星期五 00:32:27.920,1716481947920,NH-DC-NM129-H06-ROCE-Leaf-16.GPU.S9825,TwoHundredGigE1/0/16:2,1850977,7334512620,1855607,7340134069,46.76,46.83
2024/05/24 星期五 00:32:29.195,1716481949195,NH-DC-NM129-H06-ROCE-Leaf-16.GPU.S9825,TwoHundredGigE1/0/16:2,2265147,8974723590,2268668,8971978444,28.14,28.14
2024/05/24 星期五 00:32:30.297,1716481950297,NH-DC-NM129-H06-ROCE-Leaf-16.GPU.S9825,TwoHundredGigE1/0/16:2,1802797,7139004998,1805578,7139188764,25.88,25.88
2024/05/24 星期五 00:32:30.798,1716481950798,NH-DC-NM129-H06-ROCE-Leaf-16.GPU.S9825,TwoHundredGigE1/0/16:2,0,0,0,0,0,0
2024/05/24 星期五 00:32:31.413,1716481951413,NH-DC-NM129-H06-ROCE-Leaf-16.GPU.S9825,TwoHundredGigE1/0/16:2,3078491,12368421864,3087365,12370415570,80.39,80.46
2024/05/24 星期五 00:32:32.189,1716481952189,NH-DC-NM129-H06-ROCE-Leaf-16.GPU.S9825,TwoHundredGigE1/0/16:2,2048415,8116132260,2052455,8115594725,41.80,41.80
2024/05/24 星期五 00:32:32.690,1716481952690,NH-DC-NM129-H06-ROCE-Leaf-16.GPU.S9825,TwoHundredGigE1/0/16:2,0,0,0,0,0,0
2024/05/24 星期五 00:32:33.480,1716481953480,NH-DC-NM129-H06-ROCE-Leaf-16.GPU.S9825,TwoHundredGigE1/0/16:2,1801883,7140683450,1804780,7138448112,36.15,36.10
2024/05/24 星期五 00:32:34.714,1716481954714,NH-DC-NM129-H06-ROCE-Leaf-16.GPU.S9825,TwoHundredGigE1/0/16:2,2580248,10389136448,2587648,10392575231,33.65,33.68
2024/05/24 星期五 00:32:35.213,1716481955213,NH-DC-NM129-H06-ROCE-Leaf-16.GPU.S9825,TwoHundredGigE1/0/16:2,2130749,8440517490,2134435,8440756634,67.66,67.66
2024/05/24 星期五 00:32:35.806,1716481955806,NH-DC-NM129-H06-ROCE-Leaf-16.GPU.S9825,TwoHundredGigE1/0/16:2,0,0,0,0,0,0
2024/05/24 星期五 00:32:36.334,1716481956334,NH-DC-NM129-H06-ROCE-Leaf-16.GPU.S9825,TwoHundredGigE1/0/16:2,2284231,9051597204,2289302,9054989251,68.56,68.56
2024/05/24 星期五 00:32:37.175,1716481957175,NH-DC-NM129-H06-ROCE-Leaf-16.GPU.S9825,TwoHundredGigE1/0/16:2,1723333,6828890440,1726599,6828950468,32.44,32.44
2024/05/24 星期五 00:32:37.679,1716481957679,NH-DC-NM129-H06-ROCE-Leaf-16.GPU.S9825,TwoHundredGigE1/0/16:2,0,0,0,0,0,0
2024/05/24 星期五 00:32:38.783,1716481958783,NH-DC-NM129-H06-ROCE-Leaf-16.GPU.S9825,TwoHundredGigE1/0/16:2,3171475,12732439416,3178782,12729992145,46.12,46.09
2024/05/24 星期五 00:32:39.293,1716481959293,NH-DC-NM129-H06-ROCE-Leaf-16.GPU.S9825,TwoHundredGigE1/0/16:2,1736297,6880524336,1739736,6881161092,53.96,53.96
2024/05/24 星期五 00:32:39.887,1716481959887,NH-DC-NM129-H06-ROCE-Leaf-16.GPU.S9825,TwoHundredGigE1/0/16:2,2066626,8186410804,2069787,8185533891,55.08,55.08
2024/05/24 星期五 00:32:40.677,1716481960677,NH-DC-NM129-H06-ROCE-Leaf-16.GPU.S9825,TwoHundredGigE1/0/16:2,0,0,0,0,0,0
2024/05/24 星期五 00:32:41.178,1716481961178,NH-DC-NM129-H06-ROCE-Leaf-16.GPU.S9825,TwoHundredGigE1/0/16:2,2901170,11662403936,2901785,11631084144,93.09,92.85
2024/05/24 星期五 00:32:42.732,1716481962732,NH-DC-NM129-H06-ROCE-Leaf-16.GPU.S9825,TwoHundredGigE1/0/16:2,2109265,8356569210,2120748,8388968847,21.49,21.57
2024/05/24 星期五 00:32:43.266,1716481963266,NH-DC-NM129-H06-ROCE-Leaf-16.GPU.S9825,TwoHundredGigE1/0/16:2,1975612,7828620824,1981462,7838397588,58.58,58.65
2024/05/24 星期五 00:32:44.124,1716481964124,NH-DC-NM129-H06-ROCE-Leaf-16.GPU.S9825,TwoHundredGigE1/0/16:2,1767625,7004917352,1768150,6993617523,32.63,32.59
2024/05/24 星期五 00:32:44.629,1716481964629,NH-DC-NM129-H06-ROCE-Leaf-16.GPU.S9825,TwoHundredGigE1/0/16:2,0,0,0,0,0,0
2024/05/24 星期五 00:32:45.195,1716481965195,NH-DC-NM129-H06-ROCE-Leaf-16.GPU.S9825,TwoHundredGigE1/0/16:2,3235855,12986464232,3244301,12989869876,91.73,91.73
2024/05/24 星期五 00:32:45.942,1716481965942,NH-DC-NM129-H06-ROCE-Leaf-16.GPU.S9825,TwoHundredGigE1/0/16:2,0,0,0,0,0,0
2024/05/24 星期五 00:32:46.443,1716481966443,NH-DC-NM129-H06-ROCE-Leaf-16.GPU.S9825,TwoHundredGigE1/0/16:2,1775776,7036929582,1778201,7033335685,56.13,56.13
2024/05/24 星期五 00:32:47.043,1716481967043,NH-DC-NM129-H06-ROCE-Leaf-16.GPU.S9825,TwoHundredGigE1/0/16:2,2124069,8417011790,2128354,8419051414,56.07,56.07
2024/05/24 星期五 00:32:47.779,1716481967779,NH-DC-NM129-H06-ROCE-Leaf-16.GPU.S9825,TwoHundredGigE1/0/16:2,0,0,0,0,0,0
2024/05/24 星期五 00:32:48.284,1716481968284,NH-DC-NM129-H06-ROCE-Leaf-16.GPU.S9825,TwoHundredGigE1/0/16:2,1954945,7780888732,1957937,7778607263,61.62,61.54
2024/05/24 星期五 00:32:48.807,1716481968807,NH-DC-NM129-H06-ROCE-Leaf-16.GPU.S9825,TwoHundredGigE1/0/16:2,0,0,0,0,0,0
2024/05/24 星期五 00:32:49.441,1716481969441,NH-DC-NM129-H06-ROCE-Leaf-16.GPU.S9825,TwoHundredGigE1/0/16:2,2512794,10087475736,2519893,10090088598,63.60,63.66
2024/05/24 星期五 00:32:49.942,1716481969942,NH-DC-NM129-H06-ROCE-Leaf-16.GPU.S9825,TwoHundredGigE1/0/16:2,0,0,0,0,0,0
2024/05/24 星期五 00:32:50.511,1716481970511,NH-DC-NM129-H06-ROCE-Leaf-16.GPU.S9825,TwoHundredGigE1/0/16:2,2033195,8056799690,2036914,8057253573,56.59,56.59
2024/05/24 星期五 00:32:51.271,1716481971271,NH-DC-NM129-H06-ROCE-Leaf-16.GPU.S9825,TwoHundredGigE1/0/16:2,1904179,7545261334,1907746,7545498128,39.68,39.68
2024/05/24 星期五 00:32:51.771,1716481971771,NH-DC-NM129-H06-ROCE-Leaf-16.GPU.S9825,TwoHundredGigE1/0/16:2,0,0,0,0,0,0
2024/05/24 星期五 00:32:52.270,1716481972270,NH-DC-NM129-H06-ROCE-Leaf-16.GPU.S9825,TwoHundredGigE1/0/16:2,2654579,10683321826,2661416,10684260701,85.61,85.61
2024/05/24 星期五 00:32:53.010,1716481973010,NH-DC-NM129-H06-ROCE-Leaf-16.GPU.S9825,TwoHundredGigE1/0/16:2,0,0,0,0,0,0
2024/05/24 星期五 00:32:53.513,1716481973513,NH-DC-NM129-H06-ROCE-Leaf-16.GPU.S9825,TwoHundredGigE1/0/16:2,1968814,7801038900,1972287,7801267446,62.03,62.03
2024/05/24 星期五 00:32:54.104,1716481974104,NH-DC-NM129-H06-ROCE-Leaf-16.GPU.S9825,TwoHundredGigE1/0/16:2,2216046,8781502866,2219614,8780080293,59.42,59.42
2024/05/24 星期五 00:32:54.849,1716481974849,NH-DC-NM129-H06-ROCE-Leaf-16.GPU.S9825,TwoHundredGigE1/0/16:2,0,0,0,0,0,0
2024/05/24 星期五 00:32:55.523,1716481975523,NH-DC-NM129-H06-ROCE-Leaf-16.GPU.S9825,TwoHundredGigE1/0/16:2,1744177,6911626896,1748274,6915174230,41.01,41.01
2024/05/24 星期五 00:32:56.238,1716481976238,NH-DC-NM129-H06-ROCE-Leaf-16.GPU.S9825,TwoHundredGigE1/0/16:2,2857778,11487465308,2864608,11487269423,64.22,64.22
2024/05/24 星期五 00:32:56.818,1716481976818,NH-DC-NM129-H06-ROCE-Leaf-16.GPU.S9825,TwoHundredGigE1/0/16:2,0,0,0,0,0,0
2024/05/24 星期五 00:32:57.365,1716481977365,NH-DC-NM129-H06-ROCE-Leaf-16.GPU.S9825,TwoHundredGigE1/0/16:2,1871850,7417371900,1875272,7417597476,54.19,54.19
2024/05/24 星期五 00:32:59.773,1716481979773,NH-DC-NM129-H06-ROCE-Leaf-16.GPU.S9825,TwoHundredGigE1/0/16:2,3831121,15165477346,3837509,15166214303,25.18,25.18
2024/05/24 星期五 00:33:00.273,1716481980273,NH-DC-NM129-H06-ROCE-Leaf-16.GPU.S9825,TwoHundredGigE1/0/16:2,2857589,11503661458,2866147,11504716598,92,92
2024/05/24 星期五 00:33:00.882,1716481980882,NH-DC-NM129-H06-ROCE-Leaf-16.GPU.S9825,TwoHundredGigE1/0/16:2,0,0,0,0,0,0
2024/05/24 星期五 00:33:01.557,1716481981557,NH-DC-NM129-H06-ROCE-Leaf-16.GPU.S9825,TwoHundredGigE1/0/16:2,1904125,7545258514,1907636,7545781188,44.68,44.68
2024/05/24 星期五 00:33:02.057,1716481982057,NH-DC-NM129-H06-ROCE-Leaf-16.GPU.S9825,TwoHundredGigE1/0/16:2,2039341,0,2043199,0,0,0
2024/05/24 星期五 00:33:02.644,1716481982644,NH-DC-NM129-H06-ROCE-Leaf-16.GPU.S9825,TwoHundredGigE1/0/16:2,0,8081265148,0,8081755799,55.06,55.06
2024/05/24 星期五 00:33:03.278,1716481983278,NH-DC-NM129-H06-ROCE-Leaf-16.GPU.S9825,TwoHundredGigE1/0/16:2,2425090,9767931058,2433433,9770482798,61.58,61.64
2024/05/24 星期五 00:33:03.786,1716481983786,NH-DC-NM129-H06-ROCE-Leaf-16.GPU.S9825,TwoHundredGigE1/0/16:2,0,0,0,0,0,0
2024/05/24 星期五 00:33:04.381,1716481984381,NH-DC-NM129-H06-ROCE-Leaf-16.GPU.S9825,TwoHundredGigE1/0/16:2,2159170,8564031592,2164489,8562497103,57.55,57.55
2024/05/24 星期五 00:33:05.088,1716481985088,NH-DC-NM129-H06-ROCE-Leaf-16.GPU.S9825,TwoHundredGigE1/0/16:2,2291490,9079897058,2295661,9080589035,51.32,51.37
2024/05/24 星期五 00:33:05.603,1716481985603,NH-DC-NM129-H06-ROCE-Leaf-16.GPU.S9825,TwoHundredGigE1/0/16:2,0,0,0,0,0,0
2024/05/24 星期五 00:33:06.110,1716481986110,NH-DC-NM129-H06-ROCE-Leaf-16.GPU.S9825,TwoHundredGigE1/0/16:2,1711361,6778012730,1714414,6778274713,53.41,53.41
2024/05/24 星期五 00:33:06.853,1716481986853,NH-DC-NM129-H06-ROCE-Leaf-16.GPU.S9825,TwoHundredGigE1/0/16:2,0,0,0,0,0,0
2024/05/24 星期五 00:33:07.489,1716481987489,NH-DC-NM129-H06-ROCE-Leaf-16.GPU.S9825,TwoHundredGigE1/0/16:2,3429221,13752583598,3437167,13753664718,86.48,86.48
2024/05/24 星期五 00:33:08.308,1716481988308,NH-DC-NM129-H06-ROCE-Leaf-16.GPU.S9825,TwoHundredGigE1/0/16:2,1549059,6138504894,1552049,6138833243,29.94,29.94
2024/05/24 星期五 00:33:08.809,1716481988809,NH-DC-NM129-H06-ROCE-Leaf-16.GPU.S9825,TwoHundredGigE1/0/16:2,0,0,0,0,0,0
2024/05/24 星期五 00:33:09.310,1716481989310,NH-DC-NM129-H06-ROCE-Leaf-16.GPU.S9825,TwoHundredGigE1/0/16:2,2097784,8312580440,2101892,8313200312,66.35,66.35
2024/05/24 星期五 00:33:09.897,1716481989897,NH-DC-NM129-H06-ROCE-Leaf-16.GPU.S9825,TwoHundredGigE1/0/16:2,2785234,11195002304,2821353,11321397187,76.25,77.14
2024/05/24 星期五 00:33:10.553,1716481990553,NH-DC-NM129-H06-ROCE-Leaf-16.GPU.S9825,TwoHundredGigE1/0/16:2,0,0,0,0,0,0
2024/05/24 星期五 00:33:11.113,1716481991113,NH-DC-NM129-H06-ROCE-Leaf-16.GPU.S9825,TwoHundredGigE1/0/16:2,2140900,8488558844,2115356,8361599260,60.57,59.71
2024/05/24 星期五 00:33:11.837,1716481991837,NH-DC-NM129-H06-ROCE-Leaf-16.GPU.S9825,TwoHundredGigE1/0/16:2,0,0,0,0,0,0
2024/05/24 星期五 00:33:12.377,1716481992377,NH-DC-NM129-H06-ROCE-Leaf-16.GPU.S9825,TwoHundredGigE1/0/16:2,2248245,8906428954,2251456,8906106417,65.93,65.93
2024/05/24 星期五 00:33:12.953,1716481992953,NH-DC-NM129-H06-ROCE-Leaf-16.GPU.S9825,TwoHundredGigE1/0/16:2,1578594,6255717156,1583628,6263920240,43.40,43.47
2024/05/24 星期五 00:33:14.347,1716481994347,NH-DC-NM129-H06-ROCE-Leaf-16.GPU.S9825,TwoHundredGigE1/0/16:2,3365837,13502132270,3371198,13489889023,38.74,38.68
2024/05/24 星期五 00:33:15.101,1716481995101,NH-DC-NM129-H06-ROCE-Leaf-16.GPU.S9825,TwoHundredGigE1/0/16:2,1744399,6911191354,1748353,6916593084,36.66,36.66
2024/05/24 星期五 00:33:15.669,1716481995669,NH-DC-NM129-H06-ROCE-Leaf-16.GPU.S9825,TwoHundredGigE1/0/16:2,0,0,0,0,0,0
2024/05/24 星期五 00:33:16.173,1716481996173,NH-DC-NM129-H06-ROCE-Leaf-16.GPU.S9825,TwoHundredGigE1/0/16:2,2130067,8440466758,2133958,8441071269,66.98,66.98
2024/05/24 星期五 00:33:16.730,1716481996730,NH-DC-NM129-H06-ROCE-Leaf-16.GPU.S9825,TwoHundredGigE1/0/16:2,0,0,0,0,0,0
2024/05/24 星期五 00:33:17.356,1716481997356,NH-DC-NM129-H06-ROCE-Leaf-16.GPU.S9825,TwoHundredGigE1/0/16:2,2783639,11194862190,2793195,11203504908,71.50,71.57
2024/05/24 星期五 00:33:18.363,1716481998363,NH-DC-NM129-H06-ROCE-Leaf-16.GPU.S9825,TwoHundredGigE1/0/16:2,1969967,7801131318,1971016,7793530023,30.98,30.94
2024/05/24 星期五 00:33:18.958,1716481998958,NH-DC-NM129-H06-ROCE-Leaf-16.GPU.S9825,TwoHundredGigE1/0/16:2,0,0,0,0,0,0
2024/05/24 星期五 00:33:19.458,1716481999458,NH-DC-NM129-H06-ROCE-Leaf-16.GPU.S9825,TwoHundredGigE1/0/16:2,2194594,8696230920,2198536,8696908096,69.52,69.52
2024/05/24 星期五 00:33:19.990,1716481999990,NH-DC-NM129-H06-ROCE-Leaf-16.GPU.S9825,TwoHundredGigE1/0/16:2,0,0,0,0,0,0
2024/05/24 星期五 00:33:22.751,1716482002751,NH-DC-NM129-H06-ROCE-Leaf-16.GPU.S9825,TwoHundredGigE1/0/16:2,6462813,25773836462,6477455,25775229648,37.33,37.33
2024/05/24 星期五 00:33:23.450,1716482003450,NH-DC-NM129-H06-ROCE-Leaf-16.GPU.S9825,TwoHundredGigE1/0/16:2,1970078,7806685306,1972723,7803266164,44.64,44.64
2024/05/24 星期五 00:33:24.153,1716482004153,NH-DC-NM129-H06-ROCE-Leaf-16.GPU.S9825,TwoHundredGigE1/0/16:2,1931376,7637902006,1935592,7649750027,43.41,43.47
2024/05/24 星期五 00:33:24.663,1716482004663,NH-DC-NM129-H06-ROCE-Leaf-16.GPU.S9825,TwoHundredGigE1/0/16:2,0,0,0,0,0,0
2024/05/24 星期五 00:33:25.280,1716482005280,NH-DC-NM129-H06-ROCE-Leaf-16.GPU.S9825,TwoHundredGigE1/0/16:2,810898,3311741660,812478,3304481396,21.46,21.39
2024/05/24 星期五 00:33:26.016,1716482006016,NH-DC-NM129-H06-ROCE-Leaf-16.GPU.S9825,TwoHundredGigE1/0/16:2,0,0,0,0,0,0
2024/05/24 星期五 00:33:26.518,1716482006518,NH-DC-NM129-H06-ROCE-Leaf-16.GPU.S9825,TwoHundredGigE1/0/16:2,654178,2669463964,647137,2630986207,21.20,20.96
2024/05/24 星期五 00:33:27.106,1716482007106,NH-DC-NM129-H06-ROCE-Leaf-16.GPU.S9825,TwoHundredGigE1/0/16:2,2079612,8239394706,2093158,8281333864,55.99,56.33
2024/05/24 星期五 00:33:27.770,1716482007770,NH-DC-NM129-H06-ROCE-Leaf-16.GPU.S9825,TwoHundredGigE1/0/16:2,0,0,0,0,0,0
2024/05/24 星期五 00:33:28.274,1716482008274,NH-DC-NM129-H06-ROCE-Leaf-16.GPU.S9825,TwoHundredGigE1/0/16:2,2057028,8151042794,2060954,8151743469,64.68,64.68
2024/05/24 星期五 00:33:28.901,1716482008901,NH-DC-NM129-H06-ROCE-Leaf-16.GPU.S9825,TwoHundredGigE1/0/16:2,0,0,0,0,0,0
2024/05/24 星期五 00:33:29.513,1716482009513,NH-DC-NM129-H06-ROCE-Leaf-16.GPU.S9825,TwoHundredGigE1/0/16:2,1830675,7255070012,1824775,7215935806,47.39,47.12
2024/05/24 星期五 00:33:30.907,1716482010907,NH-DC-NM129-H06-ROCE-Leaf-16.GPU.S9825,TwoHundredGigE1/0/16:2,2851376,11463994954,2866840,11501538676,32.88,33.00
2024/05/24 星期五 00:33:31.409,1716482011409,NH-DC-NM129-H06-ROCE-Leaf-16.GPU.S9825,TwoHundredGigE1/0/16:2,1871825,7417370270,1875278,7417598544,59.04,59.04
2024/05/24 星期五 00:33:31.985,1716482011985,NH-DC-NM129-H06-ROCE-Leaf-16.GPU.S9825,TwoHundredGigE1/0/16:2,0,0,0,0,0,0
2024/05/24 星期五 00:33:32.568,1716482012568,NH-DC-NM129-H06-ROCE-Leaf-16.GPU.S9825,TwoHundredGigE1/0/16:2,2139345,8478081818,2139973,8464656807,58.11,58.04
2024/05/24 星期五 00:33:33.078,1716482013078,NH-DC-NM129-H06-ROCE-Leaf-16.GPU.S9825,TwoHundredGigE1/0/16:2,2133025,8490098500,2140323,8502357100,66.59,66.67
2024/05/24 星期五 00:33:33.720,1716482013720,NH-DC-NM129-H06-ROCE-Leaf-16.GPU.S9825,TwoHundredGigE1/0/16:2,0,0,0,0,0,0
2024/05/24 星期五 00:33:34.348,1716482014348,NH-DC-NM129-H06-ROCE-Leaf-16.GPU.S9825,TwoHundredGigE1/0/16:2,2771449,11107605676,2778777,11110508285,70.70,70.76
2024/05/24 星期五 00:33:34.894,1716482014894,NH-DC-NM129-H06-ROCE-Leaf-16.GPU.S9825,TwoHundredGigE1/0/16:2,0,0,0,0,0,0
2024/05/24 星期五 00:33:35.474,1716482015474,NH-DC-NM129-H06-ROCE-Leaf-16.GPU.S9825,TwoHundredGigE1/0/16:2,2184519,8656267772,2190692,8666518844,59.66,59.72
2024/05/24 星期五 00:33:36.111,1716482016111,NH-DC-NM129-H06-ROCE-Leaf-16.GPU.S9825,TwoHundredGigE1/0/16:2,1817398,7201565898,1818414,7192276061,45.21,45.15
2024/05/24 星期五 00:33:36.745,1716482016745,NH-DC-NM129-H06-ROCE-Leaf-16.GPU.S9825,TwoHundredGigE1/0/16:2,0,0,0,0,0,0
2024/05/24 星期五 00:33:37.326,1716482017326,NH-DC-NM129-H06-ROCE-Leaf-16.GPU.S9825,TwoHundredGigE1/0/16:2,2751596,11066998860,2757752,11069346708,76.14,76.14
2024/05/24 星期五 00:33:37.940,1716482017940,NH-DC-NM129-H06-ROCE-Leaf-16.GPU.S9825,TwoHundredGigE1/0/16:2,0,0,0,0,0,0
2024/05/24 星期五 00:33:38.463,1716482018463,NH-DC-NM129-H06-ROCE-Leaf-16.GPU.S9825,TwoHundredGigE1/0/16:2,1807313,7161601026,1810566,7161815493,54.76,54.76
2024/05/24 星期五 00:33:38.965,1716482018965,NH-DC-NM129-H06-ROCE-Leaf-16.GPU.S9825,TwoHundredGigE1/0/16:2,0,0,0,0,0,0
2024/05/24 星期五 00:33:39.531,1716482019531,NH-DC-NM129-H06-ROCE-Leaf-16.GPU.S9825,TwoHundredGigE1/0/16:2,2227085,8825354398,2230996,8824667760,62.33,62.33
2024/05/24 星期五 00:33:40.202,1716482020202,NH-DC-NM129-H06-ROCE-Leaf-16.GPU.S9825,TwoHundredGigE1/0/16:2,1790658,7091094482,1794745,7096190059,42.27,42.27
2024/05/24 星期五 00:33:40.707,1716482020707,NH-DC-NM129-H06-ROCE-Leaf-16.GPU.S9825,TwoHundredGigE1/0/16:2,0,0,0,0,0,0
2024/05/24 星期五 00:33:41.266,1716482021266,NH-DC-NM129-H06-ROCE-Leaf-16.GPU.S9825,TwoHundredGigE1/0/16:2,3090804,12416344398,3097569,12412312978,88.80,88.80
2024/05/24 星期五 00:33:41.836,1716482021836,NH-DC-NM129-H06-ROCE-Leaf-16.GPU.S9825,TwoHundredGigE1/0/16:2,0,0,0,0,0,0
2024/05/24 星期五 00:33:42.343,1716482022343,NH-DC-NM129-H06-ROCE-Leaf-16.GPU.S9825,TwoHundredGigE1/0/16:2,1613621,6394283998,1617361,6395023359,50.41,50.41
2024/05/24 星期五 00:33:42.995,1716482022995,NH-DC-NM129-H06-ROCE-Leaf-16.GPU.S9825,TwoHundredGigE1/0/16:2,1936491,7673221230,1940025,7673383178,47.06,47.06
2024/05/24 星期五 00:33:43.693,1716482023693,NH-DC-NM129-H06-ROCE-Leaf-16.GPU.S9825,TwoHundredGigE1/0/16:2,0,0,0,0,0,0
2024/05/24 星期五 00:33:44.281,1716482024281,NH-DC-NM129-H06-ROCE-Leaf-16.GPU.S9825,TwoHundredGigE1/0/16:2,3025925,12154527232,3034242,12157088839,82.65,82.65
2024/05/24 星期五 00:33:44.854,1716482024854,NH-DC-NM129-H06-ROCE-Leaf-16.GPU.S9825,TwoHundredGigE1/0/16:2,0,0,0,0,0,0
2024/05/24 星期五 00:33:45.487,1716482025487,NH-DC-NM129-H06-ROCE-Leaf-16.GPU.S9825,TwoHundredGigE1/0/16:2,2081542,8248117286,2084912,8246674362,52.07,52.07
2024/05/24 星期五 00:33:46.044,1716482026044,NH-DC-NM129-H06-ROCE-Leaf-16.GPU.S9825,TwoHundredGigE1/0/16:2,2291451,9079890874,2295699,9080657783,65.13,65.21
2024/05/24 星期五 00:33:46.732,1716482026732,NH-DC-NM129-H06-ROCE-Leaf-16.GPU.S9825,TwoHundredGigE1/0/16:2,0,0,0,0,0,0
2024/05/24 星期五 00:33:47.338,1716482027338,NH-DC-NM129-H06-ROCE-Leaf-16.GPU.S9825,TwoHundredGigE1/0/16:2,1689085,6692790682,1694001,6701322538,44.16,44.22
2024/05/24 星期五 00:33:47.912,1716482027912,NH-DC-NM129-H06-ROCE-Leaf-16.GPU.S9825,TwoHundredGigE1/0/16:2,0,0,0,0,0,0
2024/05/24 星期五 00:33:48.428,1716482028428,NH-DC-NM129-H06-ROCE-Leaf-16.GPU.S9825,TwoHundredGigE1/0/16:2,2804452,11279974540,2809293,11271319131,87.36,87.36
2024/05/24 星期五 00:33:49.038,1716482029038,NH-DC-NM129-H06-ROCE-Leaf-16.GPU.S9825,TwoHundredGigE1/0/16:2,1785446,7074476642,1788524,7074534402,46.36,46.36
2024/05/24 星期五 00:33:49.570,1716482029570,NH-DC-NM129-H06-ROCE-Leaf-16.GPU.S9825,TwoHundredGigE1/0/16:2,0,0,0,0,0,0
2024/05/24 星期五 00:33:50.340,1716482030340,NH-DC-NM129-H06-ROCE-Leaf-16.GPU.S9825,TwoHundredGigE1/0/16:2,2120027,8399729976,2124205,8401681289,43.58,43.64
2024/05/24 星期五 00:33:50.928,1716482030928,NH-DC-NM129-H06-ROCE-Leaf-16.GPU.S9825,TwoHundredGigE1/0/16:2,0,0,0,0,0,0
2024/05/24 星期五 00:33:51.434,1716482031434,NH-DC-NM129-H06-ROCE-Leaf-16.GPU.S9825,TwoHundredGigE1/0/16:2,2587733,10356671624,2594528,10361646062,81.82,81.90
2024/05/24 星期五 00:33:52.010,1716482032010,NH-DC-NM129-H06-ROCE-Leaf-16.GPU.S9825,TwoHundredGigE1/0/16:2,0,0,0,0,0,0
2024/05/24 星期五 00:33:52.597,1716482032597,NH-DC-NM129-H06-ROCE-Leaf-16.GPU.S9825,TwoHundredGigE1/0/16:2,2455020,9790190726,2459405,9786568245,66.71,66.64
2024/05/24 星期五 00:33:53.099,1716482033099,NH-DC-NM129-H06-ROCE-Leaf-16.GPU.S9825,TwoHundredGigE1/0/16:2,1944796,7705633568,1948488,7706490820,61.35,61.35
2024/05/24 星期五 00:33:53.746,1716482033746,NH-DC-NM129-H06-ROCE-Leaf-16.GPU.S9825,TwoHundredGigE1/0/16:2,0,0,0,0,0,0
2024/05/24 星期五 00:33:54.330,1716482034330,NH-DC-NM129-H06-ROCE-Leaf-16.GPU.S9825,TwoHundredGigE1/0/16:2,1864019,7384927822,1867306,7385153501,50.55,50.55
2024/05/24 星期五 00:33:55.144,1716482035144,NH-DC-NM129-H06-ROCE-Leaf-16.GPU.S9825,TwoHundredGigE1/0/16:2,3309107,13276956402,3317235,13277933754,65.21,65.21
2024/05/24 星期五 00:33:55.983,1716482035983,NH-DC-NM129-H06-ROCE-Leaf-16.GPU.S9825,TwoHundredGigE1/0/16:2,1770688,7016699168,1774329,7018845873,33.42,33.42
2024/05/24 星期五 00:33:56.670,1716482036670,NH-DC-NM129-H06-ROCE-Leaf-16.GPU.S9825,TwoHundredGigE1/0/16:2,0,0,0,0,0,0
2024/05/24 星期五 00:33:57.354,1716482037354,NH-DC-NM129-H06-ROCE-Leaf-16.GPU.S9825,TwoHundredGigE1/0/16:2,2157618,8549442076,2161455,8548939170,49.94,49.94
2024/05/24 星期五 00:33:57.918,1716482037918,NH-DC-NM129-H06-ROCE-Leaf-16.GPU.S9825,TwoHundredGigE1/0/16:2,0,0,0,0,0,0
2024/05/24 星期五 00:33:58.504,1716482038504,NH-DC-NM129-H06-ROCE-Leaf-16.GPU.S9825,TwoHundredGigE1/0/16:2,1695701,6717258762,1698039,6716700137,45.80,45.80
2024/05/24 星期五 00:33:59.095,1716482039095,NH-DC-NM129-H06-ROCE-Leaf-16.GPU.S9825,TwoHundredGigE1/0/16:2,2765871,11127643046,2773580,11128316332,75.26,75.26
2024/05/24 星期五 00:33:59.722,1716482039722,NH-DC-NM129-H06-ROCE-Leaf-16.GPU.S9825,TwoHundredGigE1/0/16:2,0,0,0,0,0,0
2024/05/24 星期五 00:34:00.369,1716482040369,NH-DC-NM129-H06-ROCE-Leaf-16.GPU.S9825,TwoHundredGigE1/0/16:2,2000969,7928911998,2002257,7919651596,48.96,48.90
2024/05/24 星期五 00:34:01.477,1716482041477,NH-DC-NM129-H06-ROCE-Leaf-16.GPU.S9825,TwoHundredGigE1/0/16:2,2001354,7928952492,2007854,7939146518,28.59,28.63
2024/05/24 星期五 00:34:02.014,1716482042014,NH-DC-NM129-H06-ROCE-Leaf-16.GPU.S9825,TwoHundredGigE1/0/16:2,0,0,0,0,0,0
2024/05/24 星期五 00:34:02.571,1716482042571,NH-DC-NM129-H06-ROCE-Leaf-16.GPU.S9825,TwoHundredGigE1/0/16:2,3009584,12090064660,3017184,12090913945,86.82,86.82
2024/05/24 星期五 00:34:03.071,1716482043071,NH-DC-NM129-H06-ROCE-Leaf-16.GPU.S9825,TwoHundredGigE1/0/16:2,1807238,7161596208,1810695,7161824634,57.28,57.28
2024/05/24 星期五 00:34:04.607,1716482044607,NH-DC-NM129-H06-ROCE-Leaf-16.GPU.S9825,TwoHundredGigE1/0/16:2,2259157,8952003406,2263230,8952619477,23.31,23.31
2024/05/24 星期五 00:34:05.547,1716482045547,NH-DC-NM129-H06-ROCE-Leaf-16.GPU.S9825,TwoHundredGigE1/0/16:2,1929431,7635765438,1932102,7634657564,32.47,32.47
2024/05/24 星期五 00:34:06.068,1716482046068,NH-DC-NM129-H06-ROCE-Leaf-16.GPU.S9825,TwoHundredGigE1/0/16:2,3017176,12128773152,3025276,12129653477,93.05,93.05
2024/05/24 星期五 00:34:06.992,1716482046992,NH-DC-NM129-H06-ROCE-Leaf-16.GPU.S9825,TwoHundredGigE1/0/16:2,2041879,8091217322,2045919,8092450862,35.02,35.02
2024/05/24 星期五 00:34:07.656,1716482047656,NH-DC-NM129-H06-ROCE-Leaf-16.GPU.S9825,TwoHundredGigE1/0/16:2,0,0,0,0,0,0
2024/05/24 星期五 00:34:08.163,1716482048163,NH-DC-NM129-H06-ROCE-Leaf-16.GPU.S9825,TwoHundredGigE1/0/16:2,1766271,6999292274,1769377,6998879647,55.15,55.15
2024/05/24 星期五 00:34:08.889,1716482048889,NH-DC-NM129-H06-ROCE-Leaf-16.GPU.S9825,TwoHundredGigE1/0/16:2,0,0,0,0,0,0
2024/05/24 星期五 00:34:10.126,1716482050126,NH-DC-NM129-H06-ROCE-Leaf-16.GPU.S9825,TwoHundredGigE1/0/16:2,5172094,20658422328,5183977,20659623019,66.77,66.77
2024/05/24 星期五 00:34:10.722,1716482050722,NH-DC-NM129-H06-ROCE-Leaf-16.GPU.S9825,TwoHundredGigE1/0/16:2,0,0,0,0,0,0
2024/05/24 星期五 00:34:11.228,1716482051228,NH-DC-NM129-H06-ROCE-Leaf-16.GPU.S9825,TwoHundredGigE1/0/16:2,2162411,8568351314,2166299,8569095378,67.67,67.67
2024/05/24 星期五 00:34:11.729,1716482051729,NH-DC-NM129-H06-ROCE-Leaf-16.GPU.S9825,TwoHundredGigE1/0/16:2,0,0,0,0,0,0
2024/05/24 星期五 00:34:12.410,1716482052410,NH-DC-NM129-H06-ROCE-Leaf-16.GPU.S9825,TwoHundredGigE1/0/16:2,2099641,8330551544,2102507,8327430293,48.93,48.87
2024/05/24 星期五 00:34:13.179,1716482053179,NH-DC-NM129-H06-ROCE-Leaf-16.GPU.S9825,TwoHundredGigE1/0/16:2,2676595,10757128700,2681238,10748919938,55.92,55.86
2024/05/24 星期五 00:34:13.727,1716482053727,NH-DC-NM129-H06-ROCE-Leaf-16.GPU.S9825,TwoHundredGigE1/0/16:2,0,0,0,0,0,0
2024/05/24 星期五 00:34:14.313,1716482054313,NH-DC-NM129-H06-ROCE-Leaf-16.GPU.S9825,TwoHundredGigE1/0/16:2,2041644,8090060228,2047812,8100297783,55.22,55.29
2024/05/24 星期五 00:34:14.871,1716482054871,NH-DC-NM129-H06-ROCE-Leaf-16.GPU.S9825,TwoHundredGigE1/0/16:2,0,0,0,0,0,0
2024/05/24 星期五 00:34:15.374,1716482055374,NH-DC-NM129-H06-ROCE-Leaf-16.GPU.S9825,TwoHundredGigE1/0/16:2,1938069,7679558818,1941638,7679242976,60.99,60.99
2024/05/24 星期五 00:34:16.109,1716482056109,NH-DC-NM129-H06-ROCE-Leaf-16.GPU.S9825,TwoHundredGigE1/0/16:2,3235404,12984494236,3243470,12986278937,70.64,70.64
2024/05/24 星期五 00:34:16.858,1716482056858,NH-DC-NM129-H06-ROCE-Leaf-16.GPU.S9825,TwoHundredGigE1/0/16:2,0,0,0,0,0,0
2024/05/24 星期五 00:34:17.362,1716482057362,NH-DC-NM129-H06-ROCE-Leaf-16.GPU.S9825,TwoHundredGigE1/0/16:2,1904102,7545256440,1907731,7545495990,59.84,59.84
2024/05/24 星期五 00:34:17.949,1716482057949,NH-DC-NM129-H06-ROCE-Leaf-16.GPU.S9825,TwoHundredGigE1/0/16:2,0,0,0,0,0,0
2024/05/24 星期五 00:34:18.456,1716482058456,NH-DC-NM129-H06-ROCE-Leaf-16.GPU.S9825,TwoHundredGigE1/0/16:2,1960178,7767537384,1962184,7761279343,61.22,61.22
2024/05/24 星期五 00:34:18.958,1716482058958,NH-DC-NM129-H06-ROCE-Leaf-16.GPU.S9825,TwoHundredGigE1/0/16:2,0,0,0,0,0,0
2024/05/24 星期五 00:34:19.630,1716482059630,NH-DC-NM129-H06-ROCE-Leaf-16.GPU.S9825,TwoHundredGigE1/0/16:2,1995631,7892044476,1999624,7896583950,46.96,46.96
2024/05/24 星期五 00:34:20.459,1716482060459,NH-DC-NM129-H06-ROCE-Leaf-16.GPU.S9825,TwoHundredGigE1/0/16:2,5056799,20217242752,5070321,20221435527,97.52,97.56
2024/05/24 星期五 00:34:22.067,1716482062067,NH-DC-NM129-H06-ROCE-Leaf-16.GPU.S9825,TwoHundredGigE1/0/16:2,1904102,7545256440,1907610,7545488361,18.76,18.76
2024/05/24 星期五 00:34:22.978,1716482062978,NH-DC-NM129-H06-ROCE-Leaf-16.GPU.S9825,TwoHundredGigE1/0/16:2,2377380,9585001668,2385557,9593220636,42.06,42.11
2024/05/24 星期五 00:34:23.947,1716482063947,NH-DC-NM129-H06-ROCE-Leaf-16.GPU.S9825,TwoHundredGigE1/0/16:2,0,0,0,0,0,0
2024/05/24 星期五 00:34:24.451,1716482064451,NH-DC-NM129-H06-ROCE-Leaf-16.GPU.S9825,TwoHundredGigE1/0/16:2,2149068,8515693388,2151200,8508641599,67.54,67.46
2024/05/24 星期五 00:34:25.075,1716482065075,NH-DC-NM129-H06-ROCE-Leaf-16.GPU.S9825,TwoHundredGigE1/0/16:2,2333251,9245945472,2337739,9247370470,59.23,59.23
2024/05/24 星期五 00:34:25.598,1716482065598,NH-DC-NM129-H06-ROCE-Leaf-16.GPU.S9825,TwoHundredGigE1/0/16:2,0,0,0,0,0,0
2024/05/24 星期五 00:34:26.098,1716482066098,NH-DC-NM129-H06-ROCE-Leaf-16.GPU.S9825,TwoHundredGigE1/0/16:2,1669095,6613843504,1674396,6623207153,52.88,52.96
2024/05/24 星期五 00:34:26.870,1716482066870,NH-DC-NM129-H06-ROCE-Leaf-16.GPU.S9825,TwoHundredGigE1/0/16:2,2750784,11065010220,2755539,11055876326,57.31,57.25
2024/05/24 星期五 00:34:27.618,1716482067618,NH-DC-NM129-H06-ROCE-Leaf-16.GPU.S9825,TwoHundredGigE1/0/16:2,0,0,0,0,0,0
2024/05/24 星期五 00:34:28.216,1716482068216,NH-DC-NM129-H06-ROCE-Leaf-16.GPU.S9825,TwoHundredGigE1/0/16:2,1683970,6673182938,1685902,6667966037,44.62,44.55
2024/05/24 星期五 00:34:28.855,1716482068855,NH-DC-NM129-H06-ROCE-Leaf-16.GPU.S9825,TwoHundredGigE1/0/16:2,0,0,0,0,0,0
2024/05/24 星期五 00:34:29.357,1716482069357,NH-DC-NM129-H06-ROCE-Leaf-16.GPU.S9825,TwoHundredGigE1/0/16:2,2081886,8249581408,2086896,8253653682,65.66,65.74
2024/05/24 星期五 00:34:30.555,1716482070555,NH-DC-NM129-H06-ROCE-Leaf-16.GPU.S9825,TwoHundredGigE1/0/16:2,1866949,7387576906,1869197,7385708564,24.64,24.64
2024/05/24 星期五 00:34:31.200,1716482071200,NH-DC-NM129-H06-ROCE-Leaf-16.GPU.S9825,TwoHundredGigE1/0/16:2,2927542,11776054726,2937891,11781057858,72.99,73.05
2024/05/24 星期五 00:34:31.815,1716482071815,NH-DC-NM129-H06-ROCE-Leaf-16.GPU.S9825,TwoHundredGigE1/0/16:2,0,0,0,0,0,0
2024/05/24 星期五 00:34:32.374,1716482072374,NH-DC-NM129-H06-ROCE-Leaf-16.GPU.S9825,TwoHundredGigE1/0/16:2,1839601,7289489142,1843146,7290210785,52.09,52.16
2024/05/24 星期五 00:34:33.556,1716482073556,NH-DC-NM129-H06-ROCE-Leaf-16.GPU.S9825,TwoHundredGigE1/0/16:2,1871959,7417379446,1875319,7417600566,25.08,25.08
2024/05/24 星期五 00:34:34.404,1716482074404,NH-DC-NM129-H06-ROCE-Leaf-16.GPU.S9825,TwoHundredGigE1/0/16:2,2813195,11312127340,2820681,11312512031,53.35,53.35
2024/05/24 星期五 00:34:35.561,1716482075561,NH-DC-NM129-H06-ROCE-Leaf-16.GPU.S9825,TwoHundredGigE1/0/16:2,2100415,8323188664,2104381,8323925558,28.76,28.76
2024/05/24 星期五 00:34:36.079,1716482076079,NH-DC-NM129-H06-ROCE-Leaf-16.GPU.S9825,TwoHundredGigE1/0/16:2,2305068,9134223342,2309996,9136255427,70.50,70.50
2024/05/24 星期五 00:34:36.683,1716482076683,NH-DC-NM129-H06-ROCE-Leaf-16.GPU.S9825,TwoHundredGigE1/0/16:2,0,0,0,0,0,0
2024/05/24 星期五 00:34:37.277,1716482077277,NH-DC-NM129-H06-ROCE-Leaf-16.GPU.S9825,TwoHundredGigE1/0/16:2,1632226,6467834038,1635080,6466665206,43.50,43.50
2024/05/24 星期五 00:34:38.064,1716482078064,NH-DC-NM129-H06-ROCE-Leaf-16.GPU.S9825,TwoHundredGigE1/0/16:2,2799275,11259568826,2806846,11261564917,57.18,57.23
2024/05/24 星期五 00:34:38.674,1716482078674,NH-DC-NM129-H06-ROCE-Leaf-16.GPU.S9825,TwoHundredGigE1/0/16:2,0,0,0,0,0,0
2024/05/24 星期五 00:34:39.177,1716482079177,NH-DC-NM129-H06-ROCE-Leaf-16.GPU.S9825,TwoHundredGigE1/0/16:2,1792302,7098602696,1794389,7095999230,56.38,56.38
2024/05/24 星期五 00:34:39.683,1716482079683,NH-DC-NM129-H06-ROCE-Leaf-16.GPU.S9825,TwoHundredGigE1/0/16:2,0,0,0,0,0,0
2024/05/24 星期五 00:34:40.193,1716482080193,NH-DC-NM129-H06-ROCE-Leaf-16.GPU.S9825,TwoHundredGigE1/0/16:2,2097858,8312579392,2101701,8313252143,65.18,65.18
2024/05/24 星期五 00:34:40.844,1716482080844,NH-DC-NM129-H06-ROCE-Leaf-16.GPU.S9825,TwoHundredGigE1/0/16:2,0,0,0,0,0,0
2024/05/24 星期五 00:34:41.563,1716482081563,NH-DC-NM129-H06-ROCE-Leaf-16.GPU.S9825,TwoHundredGigE1/0/16:2,2051105,8143161260,2054492,8143756916,45.29,45.29
2024/05/24 星期五 00:34:42.139,1716482082139,NH-DC-NM129-H06-ROCE-Leaf-16.GPU.S9825,TwoHundredGigE1/0/16:2,2644826,10628541892,2654770,10640677067,73.75,73.89
2024/05/24 星期五 00:34:42.639,1716482082639,NH-DC-NM129-H06-ROCE-Leaf-16.GPU.S9825,TwoHundredGigE1/0/16:2,0,0,0,0,0,0
2024/05/24 星期五 00:34:43.150,1716482083150,NH-DC-NM129-H06-ROCE-Leaf-16.GPU.S9825,TwoHundredGigE1/0/16:2,1702294,6746359262,1702840,6735172978,52.76,52.68
2024/05/24 星期五 00:34:43.806,1716482083806,NH-DC-NM129-H06-ROCE-Leaf-16.GPU.S9825,TwoHundredGigE1/0/16:2,0,0,0,0,0,0
2024/05/24 星期五 00:34:44.652,1716482084652,NH-DC-NM129-H06-ROCE-Leaf-16.GPU.S9825,TwoHundredGigE1/0/16:2,2066169,8186165266,2069709,8184969387,38.68,38.68
2024/05/24 星期五 00:34:45.303,1716482085303,NH-DC-NM129-H06-ROCE-Leaf-16.GPU.S9825,TwoHundredGigE1/0/16:2,2523700,10148382570,2529630,10148515380,62.30,62.30
2024/05/24 星期五 00:34:45.884,1716482085884,NH-DC-NM129-H06-ROCE-Leaf-16.GPU.S9825,TwoHundredGigE1/0/16:2,0,0,0,0,0,0
2024/05/24 星期五 00:34:46.384,1716482086384,NH-DC-NM129-H06-ROCE-Leaf-16.GPU.S9825,TwoHundredGigE1/0/16:2,2245219,8915608746,2250943,8915419099,71.28,71.28
2024/05/24 星期五 00:34:46.889,1716482086889,NH-DC-NM129-H06-ROCE-Leaf-16.GPU.S9825,TwoHundredGigE1/0/16:2,0,0,0,0,0,0
2024/05/24 星期五 00:34:47.397,1716482087397,NH-DC-NM129-H06-ROCE-Leaf-16.GPU.S9825,TwoHundredGigE1/0/16:2,2268681,8989876004,2273322,8992662104,70.71,70.79
2024/05/24 星期五 00:34:48.160,1716482088160,NH-DC-NM129-H06-ROCE-Leaf-16.GPU.S9825,TwoHundredGigE1/0/16:2,1490174,5904622332,1492829,5904151691,30.93,30.93
2024/05/24 星期五 00:34:50.079,1716482090079,NH-DC-NM129-H06-ROCE-Leaf-16.GPU.S9825,TwoHundredGigE1/0/16:2,5067471,20240098016,5077395,20239928613,42.19,42.17
2024/05/24 星期五 00:34:50.686,1716482090686,NH-DC-NM129-H06-ROCE-Leaf-16.GPU.S9825,TwoHundredGigE1/0/16:2,0,0,0,0,0,0
2024/05/24 星期五 00:34:51.298,1716482091298,NH-DC-NM129-H06-ROCE-Leaf-16.GPU.S9825,TwoHundredGigE1/0/16:2,2041956,8091540418,2046128,8093388274,52.88,52.88
2024/05/24 星期五 00:34:52.018,1716482092018,NH-DC-NM129-H06-ROCE-Leaf-16.GPU.S9825,TwoHundredGigE1/0/16:2,0,0,0,0,0,0
2024/05/24 星期五 00:34:52.586,1716482092586,NH-DC-NM129-H06-ROCE-Leaf-16.GPU.S9825,TwoHundredGigE1/0/16:2,2367430,9467851204,2372068,9466249775,66.62,66.62
2024/05/24 星期五 00:34:53.089,1716482093089,NH-DC-NM129-H06-ROCE-Leaf-16.GPU.S9825,TwoHundredGigE1/0/16:2,2287401,9144340122,2292944,9147030366,72.68,72.68
2024/05/24 星期五 00:34:53.644,1716482093644,NH-DC-NM129-H06-ROCE-Leaf-16.GPU.S9825,TwoHundredGigE1/0/16:2,0,0,0,0,0,0
2024/05/24 星期五 00:34:54.274,1716482094274,NH-DC-NM129-H06-ROCE-Leaf-16.GPU.S9825,TwoHundredGigE1/0/16:2,2114208,8378203512,2117537,8375515255,53.14,53.14
2024/05/24 星期五 00:34:55.153,1716482095153,NH-DC-NM129-H06-ROCE-Leaf-16.GPU.S9825,TwoHundredGigE1/0/16:2,1919853,7607506830,1924263,7611123594,34.58,34.63
2024/05/24 星期五 00:34:56.052,1716482096052,NH-DC-NM129-H06-ROCE-Leaf-16.GPU.S9825,TwoHundredGigE1/0/16:2,0,0,0,0,0,0
2024/05/24 星期五 00:34:56.553,1716482096553,NH-DC-NM129-H06-ROCE-Leaf-16.GPU.S9825,TwoHundredGigE1/0/16:2,2968915,11929740084,2977511,11931962191,95.17,95.25
2024/05/24 星期五 00:34:57.104,1716482097104,NH-DC-NM129-H06-ROCE-Leaf-16.GPU.S9825,TwoHundredGigE1/0/16:2,1944564,7705568282,1947827,7704478942,55.90,55.90
2024/05/24 星期五 00:34:57.816,1716482097816,NH-DC-NM129-H06-ROCE-Leaf-16.GPU.S9825,TwoHundredGigE1/0/16:2,0,0,0,0,0,0
2024/05/24 星期五 00:34:59.127,1716482099127,NH-DC-NM129-H06-ROCE-Leaf-16.GPU.S9825,TwoHundredGigE1/0/16:2,3803604,15067911592,3809940,15068816501,45.95,45.95
2024/05/24 星期五 00:34:59.666,1716482099666,NH-DC-NM129-H06-ROCE-Leaf-16.GPU.S9825,TwoHundredGigE1/0/16:2,0,0,0,0,0,0
2024/05/24 星期五 00:35:00.168,1716482100168,NH-DC-NM129-H06-ROCE-Leaf-16.GPU.S9825,TwoHundredGigE1/0/16:2,2955323,11873906538,2961928,11875878520,94.58,94.58
2024/05/24 星期五 00:35:00.723,1716482100723,NH-DC-NM129-H06-ROCE-Leaf-16.GPU.S9825,TwoHundredGigE1/0/16:2,0,0,0,0,0,0
2024/05/24 星期五 00:35:01.364,1716482101364,NH-DC-NM129-H06-ROCE-Leaf-16.GPU.S9825,TwoHundredGigE1/0/16:2,1740572,6896862834,1743372,6896867228,43.00,43.00
2024/05/24 星期五 00:35:01.897,1716482101897,NH-DC-NM129-H06-ROCE-Leaf-16.GPU.S9825,TwoHundredGigE1/0/16:2,0,0,0,0,0,0
2024/05/24 星期五 00:35:02.582,1716482102582,NH-DC-NM129-H06-ROCE-Leaf-16.GPU.S9825,TwoHundredGigE1/0/16:2,2128511,8432566092,2132807,8432314111,49.23,49.23
2024/05/24 星期五 00:35:03.084,1716482103084,NH-DC-NM129-H06-ROCE-Leaf-16.GPU.S9825,TwoHundredGigE1/0/16:2,2096607,8397463614,2102231,8397834926,66.85,66.85
2024/05/24 星期五 00:35:03.584,1716482103584,NH-DC-NM129-H06-ROCE-Leaf-16.GPU.S9825,TwoHundredGigE1/0/16:2,0,0,0,0,0,0
2024/05/24 星期五 00:35:04.654,1716482104654,NH-DC-NM129-H06-ROCE-Leaf-16.GPU.S9825,TwoHundredGigE1/0/16:2,2364391,9447399694,2369823,9448036563,35.29,35.29
2024/05/24 星期五 00:35:05.165,1716482105165,NH-DC-NM129-H06-ROCE-Leaf-16.GPU.S9825,TwoHundredGigE1/0/16:2,2097775,8312573430,2101606,8313313308,65.05,65.05
2024/05/24 星期五 00:35:05.828,1716482105828,NH-DC-NM129-H06-ROCE-Leaf-16.GPU.S9825,TwoHundredGigE1/0/16:2,0,0,0,0,0,0
2024/05/24 星期五 00:35:06.391,1716482106391,NH-DC-NM129-H06-ROCE-Leaf-16.GPU.S9825,TwoHundredGigE1/0/16:2,1844638,7305575842,1847460,7303587697,51.87,51.87
2024/05/24 星期五 00:35:07.057,1716482107057,NH-DC-NM129-H06-ROCE-Leaf-16.GPU.S9825,TwoHundredGigE1/0/16:2,2876052,11563699092,2884873,11565728366,69.43,69.43
2024/05/24 星期五 00:35:07.862,1716482107862,NH-DC-NM129-H06-ROCE-Leaf-16.GPU.S9825,TwoHundredGigE1/0/16:2,0,0,0,0,0,0
2024/05/24 星期五 00:35:08.405,1716482108405,NH-DC-NM129-H06-ROCE-Leaf-16.GPU.S9825,TwoHundredGigE1/0/16:2,1774635,7032476804,1778423,7033940499,51.79,51.79
2024/05/24 星期五 00:35:09.015,1716482109015,NH-DC-NM129-H06-ROCE-Leaf-16.GPU.S9825,TwoHundredGigE1/0/16:2,2260018,8954707776,2264058,8952679908,58.69,58.69
2024/05/24 星期五 00:35:09.721,1716482109721,NH-DC-NM129-H06-ROCE-Leaf-16.GPU.S9825,TwoHundredGigE1/0/16:2,0,0,0,0,0,0
2024/05/24 星期五 00:35:10.254,1716482110254,NH-DC-NM129-H06-ROCE-Leaf-16.GPU.S9825,TwoHundredGigE1/0/16:2,1833675,7260062522,1835844,7257772937,54.48,54.41
2024/05/24 星期五 00:35:11.654,1716482111654,NH-DC-NM129-H06-ROCE-Leaf-16.GPU.S9825,TwoHundredGigE1/0/16:2,3047380,12247349144,3056319,12250858634,34.97,35
2024/05/24 星期五 00:35:12.153,1716482112153,NH-DC-NM129-H06-ROCE-Leaf-16.GPU.S9825,TwoHundredGigE1/0/16:2,1969109,7801809890,1972331,7801583847,62.53,62.53
2024/05/24 星期五 00:35:12.838,1716482112838,NH-DC-NM129-H06-ROCE-Leaf-16.GPU.S9825,TwoHundredGigE1/0/16:2,0,0,0,0,0,0
2024/05/24 星期五 00:35:13.482,1716482113482,NH-DC-NM129-H06-ROCE-Leaf-16.GPU.S9825,TwoHundredGigE1/0/16:2,1775695,7033764318,1781502,7042532694,43.66,43.73
2024/05/24 星期五 00:35:13.984,1716482113984,NH-DC-NM129-H06-ROCE-Leaf-16.GPU.S9825,TwoHundredGigE1/0/16:2,2981166,0,2986849,0,0,0
2024/05/24 星期五 00:35:14.637,1716482114637,NH-DC-NM129-H06-ROCE-Leaf-16.GPU.S9825,TwoHundredGigE1/0/16:2,0,11977967290,0,11970194697,73.32,73.32
2024/05/24 星期五 00:35:15.380,1716482115380,NH-DC-NM129-H06-ROCE-Leaf-16.GPU.S9825,TwoHundredGigE1/0/16:2,2061962,8168923738,2065786,8169289214,43.93,43.93
2024/05/24 星期五 00:35:15.881,1716482115881,NH-DC-NM129-H06-ROCE-Leaf-16.GPU.S9825,TwoHundredGigE1/0/16:2,0,0,0,0,0,0
2024/05/24 星期五 00:35:16.501,1716482116501,NH-DC-NM129-H06-ROCE-Leaf-16.GPU.S9825,TwoHundredGigE1/0/16:2,2291707,9079911646,2296260,9081890017,58.52,58.58
2024/05/24 星期五 00:35:17.118,1716482117118,NH-DC-NM129-H06-ROCE-Leaf-16.GPU.S9825,TwoHundredGigE1/0/16:2,0,0,0,0,0,0
2024/05/24 星期五 00:35:17.618,1716482117618,NH-DC-NM129-H06-ROCE-Leaf-16.GPU.S9825,TwoHundredGigE1/0/16:2,1626267,6444131070,1627297,6436473810,51.52,51.44
2024/05/24 星期五 00:35:18.286,1716482118286,NH-DC-NM129-H06-ROCE-Leaf-16.GPU.S9825,TwoHundredGigE1/0/16:2,2707111,10889292762,2715621,10897992163,65.15,65.21
2024/05/24 星期五 00:35:18.870,1716482118870,NH-DC-NM129-H06-ROCE-Leaf-16.GPU.S9825,TwoHundredGigE1/0/16:2,0,0,0,0,0,0
2024/05/24 星期五 00:35:19.372,1716482119372,NH-DC-NM129-H06-ROCE-Leaf-16.GPU.S9825,TwoHundredGigE1/0/16:2,1871829,7417370618,1875310,7417600004,59.04,59.04
2024/05/24 星期五 00:35:20.065,1716482120065,NH-DC-NM129-H06-ROCE-Leaf-16.GPU.S9825,TwoHundredGigE1/0/16:2,2067774,8193792852,2071310,8191536635,47.27,47.27
2024/05/24 星期五 00:35:20.828,1716482120828,NH-DC-NM129-H06-ROCE-Leaf-16.GPU.S9825,TwoHundredGigE1/0/16:2,1972118,7833014482,1975178,7832221426,41.05,41.05
2024/05/24 星期五 00:35:22.665,1716482122665,NH-DC-NM129-H06-ROCE-Leaf-16.GPU.S9825,TwoHundredGigE1/0/16:2,2681756,10771975962,2689144,10774968333,23.45,23.45
2024/05/24 星期五 00:35:23.340,1716482123340,NH-DC-NM129-H06-ROCE-Leaf-16.GPU.S9825,TwoHundredGigE1/0/16:2,1807215,7161594910,1810550,7162023604,42.43,42.43
2024/05/24 星期五 00:35:24.088,1716482124088,NH-DC-NM129-H06-ROCE-Leaf-16.GPU.S9825,TwoHundredGigE1/0/16:2,2065638,8184696192,2069196,8184930525,43.74,43.74
2024/05/24 星期五 00:35:24.589,1716482124589,NH-DC-NM129-H06-ROCE-Leaf-16.GPU.S9825,TwoHundredGigE1/0/16:2,0,0,0,0,0,0
2024/05/24 星期五 00:35:25.093,1716482125093,NH-DC-NM129-H06-ROCE-Leaf-16.GPU.S9825,TwoHundredGigE1/0/16:2,2881509,11578599626,2888358,11579249904,91.83,91.83
2024/05/24 星期五 00:35:27.256,1716482127256,NH-DC-NM129-H06-ROCE-Leaf-16.GPU.S9825,TwoHundredGigE1/0/16:2,4260136,16880921420,4268192,16882009675,31.22,31.22
2024/05/24 星期五 00:35:27.752,1716482127752,NH-DC-NM129-H06-ROCE-Leaf-16.GPU.S9825,TwoHundredGigE1/0/16:2,0,0,0,0,0,0
2024/05/24 星期五 00:35:28.254,1716482128254,NH-DC-NM129-H06-ROCE-Leaf-16.GPU.S9825,TwoHundredGigE1/0/16:2,1548999,6138501538,1552305,6138721723,48.84,48.84
2024/05/24 星期五 00:35:29.248,1716482129248,NH-DC-NM129-H06-ROCE-Leaf-16.GPU.S9825,TwoHundredGigE1/0/16:2,3332248,13368922868,3340901,13369911106,53.76,53.76
2024/05/24 星期五 00:35:29.979,1716482129979,NH-DC-NM129-H06-ROCE-Leaf-16.GPU.S9825,TwoHundredGigE1/0/16:2,1807186,7161593296,1810700,7162312924,39.18,39.18
2024/05/24 星期五 00:35:30.683,1716482130683,NH-DC-NM129-H06-ROCE-Leaf-16.GPU.S9825,TwoHundredGigE1/0/16:2,0,0,0,0,0,0
2024/05/24 星期五 00:35:31.750,1716482131750,NH-DC-NM129-H06-ROCE-Leaf-16.GPU.S9825,TwoHundredGigE1/0/16:2,2088582,8275851332,2095418,8288031332,31.00,31.04
2024/05/24 星期五 00:35:32.269,1716482132269,NH-DC-NM129-H06-ROCE-Leaf-16.GPU.S9825,TwoHundredGigE1/0/16:2,2456565,9888487368,2459863,9875469267,76.15,76.07
2024/05/24 星期五 00:35:32.887,1716482132887,NH-DC-NM129-H06-ROCE-Leaf-16.GPU.S9825,TwoHundredGigE1/0/16:2,0,0,0,0,0,0
2024/05/24 星期五 00:35:33.389,1716482133389,NH-DC-NM129-H06-ROCE-Leaf-16.GPU.S9825,TwoHundredGigE1/0/16:2,2014418,7993151210,2018691,7995287402,63.67,63.67
2024/05/24 星期五 00:35:33.953,1716482133953,NH-DC-NM129-H06-ROCE-Leaf-16.GPU.S9825,TwoHundredGigE1/0/16:2,0,0,0,0,0,0
2024/05/24 星期五 00:35:34.517,1716482134517,NH-DC-NM129-H06-ROCE-Leaf-16.GPU.S9825,TwoHundredGigE1/0/16:2,2159347,8555864256,2162596,8552910481,60.64,60.64
2024/05/24 星期五 00:35:35.051,1716482135051,NH-DC-NM129-H06-ROCE-Leaf-16.GPU.S9825,TwoHundredGigE1/0/16:2,1810550,7174102898,1814729,7177963846,53.71,53.71
2024/05/24 星期五 00:35:35.705,1716482135705,NH-DC-NM129-H06-ROCE-Leaf-16.GPU.S9825,TwoHundredGigE1/0/16:2,0,0,0,0,0,0
2024/05/24 星期五 00:35:36.348,1716482136348,NH-DC-NM129-H06-ROCE-Leaf-16.GPU.S9825,TwoHundredGigE1/0/16:2,3384775,13576221138,3394513,13584797923,84.42,84.48
2024/05/24 星期五 00:35:36.924,1716482136924,NH-DC-NM129-H06-ROCE-Leaf-16.GPU.S9825,TwoHundredGigE1/0/16:2,0,0,0,0,0,0
2024/05/24 星期五 00:35:37.425,1716482137425,NH-DC-NM129-H06-ROCE-Leaf-16.GPU.S9825,TwoHundredGigE1/0/16:2,1723207,6828200702,1724295,6819014106,54.45,54.37
2024/05/24 星期五 00:35:38.024,1716482138024,NH-DC-NM129-H06-ROCE-Leaf-16.GPU.S9825,TwoHundredGigE1/0/16:2,1904619,7545295394,1907685,7546082607,50.35,50.35
2024/05/24 星期五 00:35:38.596,1716482138596,NH-DC-NM129-H06-ROCE-Leaf-16.GPU.S9825,TwoHundredGigE1/0/16:2,0,0,0,0,0,0
2024/05/24 星期五 00:35:39.292,1716482139292,NH-DC-NM129-H06-ROCE-Leaf-16.GPU.S9825,TwoHundredGigE1/0/16:2,2451771,9804540370,2457147,9804572362,56.32,56.32
2024/05/24 星期五 00:35:40.017,1716482140017,NH-DC-NM129-H06-ROCE-Leaf-16.GPU.S9825,TwoHundredGigE1/0/16:2,0,0,0,0,0,0
2024/05/24 星期五 00:35:40.914,1716482140914,NH-DC-NM129-H06-ROCE-Leaf-16.GPU.S9825,TwoHundredGigE1/0/16:2,2494366,9959004276,2500891,9959922847,44.37,44.37
2024/05/24 星期五 00:35:41.416,1716482141416,NH-DC-NM129-H06-ROCE-Leaf-16.GPU.S9825,TwoHundredGigE1/0/16:2,2151007,8523456366,2155892,8527757648,67.89,67.89
2024/05/24 星期五 00:35:41.999,1716482141999,NH-DC-NM129-H06-ROCE-Leaf-16.GPU.S9825,TwoHundredGigE1/0/16:2,1818964,7207830596,1821305,7203248095,49.40,49.40
2024/05/24 星期五 00:35:42.625,1716482142625,NH-DC-NM129-H06-ROCE-Leaf-16.GPU.S9825,TwoHundredGigE1/0/16:2,0,0,0,0,0,0
2024/05/24 星期五 00:35:43.286,1716482143286,NH-DC-NM129-H06-ROCE-Leaf-16.GPU.S9825,TwoHundredGigE1/0/16:2,2557455,10299643918,2563944,10300350576,62.27,62.33
2024/05/24 星期五 00:35:43.929,1716482143929,NH-DC-NM129-H06-ROCE-Leaf-16.GPU.S9825,TwoHundredGigE1/0/16:2,0,0,0,0,0,0
2024/05/24 星期五 00:35:44.464,1716482144464,NH-DC-NM129-H06-ROCE-Leaf-16.GPU.S9825,TwoHundredGigE1/0/16:2,2001265,7928939706,2004585,7929155031,59.21,59.21
2024/05/24 星期五 00:35:45.077,1716482145077,NH-DC-NM129-H06-ROCE-Leaf-16.GPU.S9825,TwoHundredGigE1/0/16:2,2195195,8698542030,2198846,8696930344,56.70,56.70
2024/05/24 星期五 00:35:45.787,1716482145787,NH-DC-NM129-H06-ROCE-Leaf-16.GPU.S9825,TwoHundredGigE1/0/16:2,0,0,0,0,0,0
2024/05/24 星期五 00:35:46.328,1716482146328,NH-DC-NM129-H06-ROCE-Leaf-16.GPU.S9825,TwoHundredGigE1/0/16:2,1803083,7139027166,1805994,7139357081,52.72,52.72
2024/05/24 星期五 00:35:46.901,1716482146901,NH-DC-NM129-H06-ROCE-Leaf-16.GPU.S9825,TwoHundredGigE1/0/16:2,0,0,0,0,0,0
2024/05/24 星期五 00:35:47.472,1716482147472,NH-DC-NM129-H06-ROCE-Leaf-16.GPU.S9825,TwoHundredGigE1/0/16:2,3078477,12368420986,3086354,12369497904,86.58,86.58
2024/05/24 星期五 00:35:48.032,1716482148032,NH-DC-NM129-H06-ROCE-Leaf-16.GPU.S9825,TwoHundredGigE1/0/16:2,1516901,6010634478,1519561,6010808139,42.93,42.93
2024/05/24 星期五 00:35:48.609,1716482148609,NH-DC-NM129-H06-ROCE-Leaf-16.GPU.S9825,TwoHundredGigE1/0/16:2,0,0,0,0,0,0
2024/05/24 星期五 00:35:49.300,1716482149300,NH-DC-NM129-H06-ROCE-Leaf-16.GPU.S9825,TwoHundredGigE1/0/16:2,2136091,8464995960,2140470,8465682832,48.97,48.97
2024/05/24 星期五 00:35:50.355,1716482150355,NH-DC-NM129-H06-ROCE-Leaf-16.GPU.S9825,TwoHundredGigE1/0/16:2,2286630,9160788878,2301612,9191981409,34.73,34.84
2024/05/24 星期五 00:35:50.863,1716482150863,NH-DC-NM129-H06-ROCE-Leaf-16.GPU.S9825,TwoHundredGigE1/0/16:2,0,0,0,0,0,0
2024/05/24 星期五 00:35:51.378,1716482151378,NH-DC-NM129-H06-ROCE-Leaf-16.GPU.S9825,TwoHundredGigE1/0/16:2,2426320,9682612408,2424874,9652673176,75.18,74.95
2024/05/24 星期五 00:35:51.983,1716482151983,NH-DC-NM129-H06-ROCE-Leaf-16.GPU.S9825,TwoHundredGigE1/0/16:2,0,0,0,0,0,0
2024/05/24 星期五 00:35:52.595,1716482152595,NH-DC-NM129-H06-ROCE-Leaf-16.GPU.S9825,TwoHundredGigE1/0/16:2,2130094,8440463324,2133917,8441201719,55.16,55.16
2024/05/24 星期五 00:35:53.138,1716482153138,NH-DC-NM129-H06-ROCE-Leaf-16.GPU.S9825,TwoHundredGigE1/0/16:2,1676800,6645514482,1678238,6638380844,48.91,48.84
2024/05/24 星期五 00:35:53.691,1716482153691,NH-DC-NM129-H06-ROCE-Leaf-16.GPU.S9825,TwoHundredGigE1/0/16:2,0,0,0,0,0,0
2024/05/24 星期五 00:35:54.883,1716482154883,NH-DC-NM129-H06-ROCE-Leaf-16.GPU.S9825,TwoHundredGigE1/0/16:2,5044741,20151450468,5057348,20159642477,67.62,67.62
2024/05/24 星期五 00:35:55.786,1716482155786,NH-DC-NM129-H06-ROCE-Leaf-16.GPU.S9825,TwoHundredGigE1/0/16:2,0,0,0,0,0,0
2024/05/24 星期五 00:35:56.663,1716482156663,NH-DC-NM129-H06-ROCE-Leaf-16.GPU.S9825,TwoHundredGigE1/0/16:2,2101680,8327953112,2106393,8332114877,37.95,37.99
2024/05/24 星期五 00:35:57.402,1716482157402,NH-DC-NM129-H06-ROCE-Leaf-16.GPU.S9825,TwoHundredGigE1/0/16:2,2425229,9690738140,2429121,9685542286,52.45,52.40
2024/05/24 星期五 00:35:58.025,1716482158025,NH-DC-NM129-H06-ROCE-Leaf-16.GPU.S9825,TwoHundredGigE1/0/16:2,2322864,9289755074,2328823,9292583229,59.58,59.65
2024/05/24 星期五 00:35:58.631,1716482158631,NH-DC-NM129-H06-ROCE-Leaf-16.GPU.S9825,TwoHundredGigE1/0/16:2,0,0,0,0,0,0
2024/05/24 星期五 00:35:59.233,1716482159233,NH-DC-NM129-H06-ROCE-Leaf-16.GPU.S9825,TwoHundredGigE1/0/16:2,2065525,8184688986,2069359,8185151018,54.35,54.35
2024/05/24 星期五 00:35:59.894,1716482159894,NH-DC-NM129-H06-ROCE-Leaf-16.GPU.S9825,TwoHundredGigE1/0/16:2,0,0,0,0,0,0
2024/05/24 星期五 00:36:00.511,1716482160511,NH-DC-NM129-H06-ROCE-Leaf-16.GPU.S9825,TwoHundredGigE1/0/16:2,1946273,7712679092,1949973,7712694918,49.98,49.98
2024/05/24 星期五 00:36:01.081,1716482161081,NH-DC-NM129-H06-ROCE-Leaf-16.GPU.S9825,TwoHundredGigE1/0/16:2,2679145,10782276464,2686133,10782929266,75.65,75.65
2024/05/24 星期五 00:36:01.675,1716482161675,NH-DC-NM129-H06-ROCE-Leaf-16.GPU.S9825,TwoHundredGigE1/0/16:2,0,0,0,0,0,0
2024/05/24 星期五 00:36:02.217,1716482162217,NH-DC-NM129-H06-ROCE-Leaf-16.GPU.S9825,TwoHundredGigE1/0/16:2,2062796,8174047252,2066688,8174619493,60.30,60.30
2024/05/24 星期五 00:36:02.810,1716482162810,NH-DC-NM129-H06-ROCE-Leaf-16.GPU.S9825,TwoHundredGigE1/0/16:2,0,0,0,0,0,0
2024/05/24 星期五 00:36:03.438,1716482163438,NH-DC-NM129-H06-ROCE-Leaf-16.GPU.S9825,TwoHundredGigE1/0/16:2,2184515,8655686428,2189961,8662673334,55.10,55.16
2024/05/24 星期五 00:36:04.001,1716482164001,NH-DC-NM129-H06-ROCE-Leaf-16.GPU.S9825,TwoHundredGigE1/0/16:2,0,0,0,0,0,0
2024/05/24 星期五 00:36:04.501,1716482164501,NH-DC-NM129-H06-ROCE-Leaf-16.GPU.S9825,TwoHundredGigE1/0/16:2,1569779,6220324716,1573538,6224105329,49.76,49.76
2024/05/24 星期五 00:36:05.150,1716482165150,NH-DC-NM129-H06-ROCE-Leaf-16.GPU.S9825,TwoHundredGigE1/0/16:2,3321498,13327641328,3328056,13318904844,82.10,82.03
2024/05/24 星期五 00:36:05.730,1716482165730,NH-DC-NM129-H06-ROCE-Leaf-16.GPU.S9825,TwoHundredGigE1/0/16:2,0,0,0,0,0,0
2024/05/24 星期五 00:36:06.229,1716482166229,NH-DC-NM129-H06-ROCE-Leaf-16.GPU.S9825,TwoHundredGigE1/0/16:2,1777759,7044909490,1780245,7041954609,56.43,56.43
2024/05/24 星期五 00:36:07.086,1716482167086,NH-DC-NM129-H06-ROCE-Leaf-16.GPU.S9825,TwoHundredGigE1/0/16:2,2031987,8045722610,2035218,8049598314,37.53,37.53
2024/05/24 星期五 00:36:07.703,1716482167703,NH-DC-NM129-H06-ROCE-Leaf-16.GPU.S9825,TwoHundredGigE1/0/16:2,0,0,0,0,0,0
2024/05/24 星期五 00:36:08.323,1716482168323,NH-DC-NM129-H06-ROCE-Leaf-16.GPU.S9825,TwoHundredGigE1/0/16:2,2751281,11066970962,2758426,11067651029,71.35,71.35
2024/05/24 星期五 00:36:08.913,1716482168913,NH-DC-NM129-H06-ROCE-Leaf-16.GPU.S9825,TwoHundredGigE1/0/16:2,0,0,0,0,0,0
2024/05/24 星期五 00:36:09.437,1716482169437,NH-DC-NM129-H06-ROCE-Leaf-16.GPU.S9825,TwoHundredGigE1/0/16:2,2097829,8312576982,2101700,8312833200,63.44,63.44
2024/05/24 星期五 00:36:10.104,1716482170104,NH-DC-NM129-H06-ROCE-Leaf-16.GPU.S9825,TwoHundredGigE1/0/16:2,2259112,8951994762,2263229,8951913391,53.67,53.67
2024/05/24 星期五 00:36:10.704,1716482170704,NH-DC-NM129-H06-ROCE-Leaf-16.GPU.S9825,TwoHundredGigE1/0/16:2,0,0,0,0,0,0
2024/05/24 星期五 00:36:11.207,1716482171207,NH-DC-NM129-H06-ROCE-Leaf-16.GPU.S9825,TwoHundredGigE1/0/16:2,1646058,6522186198,1649351,6523107230,51.85,51.85
2024/05/24 星期五 00:36:11.897,1716482171897,NH-DC-NM129-H06-ROCE-Leaf-16.GPU.S9825,TwoHundredGigE1/0/16:2,0,0,0,0,0,0
2024/05/24 星期五 00:36:12.543,1716482172543,NH-DC-NM129-H06-ROCE-Leaf-16.GPU.S9825,TwoHundredGigE1/0/16:2,3396838,13624690680,3405300,13625667073,84.33,84.33
2024/05/24 星期五 00:36:13.231,1716482173231,NH-DC-NM129-H06-ROCE-Leaf-16.GPU.S9825,TwoHundredGigE1/0/16:2,1527386,6052664088,1529445,6049694634,35.17,35.12
2024/05/24 星期五 00:36:13.791,1716482173791,NH-DC-NM129-H06-ROCE-Leaf-16.GPU.S9825,TwoHundredGigE1/0/16:2,0,0,0,0,0,0
2024/05/24 星期五 00:36:14.358,1716482174358,NH-DC-NM129-H06-ROCE-Leaf-16.GPU.S9825,TwoHundredGigE1/0/16:2,2054916,8142650232,2059526,8146336961,57.43,57.43
2024/05/24 星期五 00:36:14.914,1716482174914,NH-DC-NM129-H06-ROCE-Leaf-16.GPU.S9825,TwoHundredGigE1/0/16:2,0,0,0,0,0,0
2024/05/24 星期五 00:36:15.543,1716482175543,NH-DC-NM129-H06-ROCE-Leaf-16.GPU.S9825,TwoHundredGigE1/0/16:2,2977047,11962161526,2984273,11963194202,76.06,76.06
2024/05/24 星期五 00:36:16.124,1716482176124,NH-DC-NM129-H06-ROCE-Leaf-16.GPU.S9825,TwoHundredGigE1/0/16:2,2130854,8440520836,2134612,8440765801,58.11,58.11
2024/05/24 星期五 00:36:16.771,1716482176771,NH-DC-NM129-H06-ROCE-Leaf-16.GPU.S9825,TwoHundredGigE1/0/16:2,0,0,0,0,0,0
2024/05/24 星期五 00:36:17.977,1716482177977,NH-DC-NM129-H06-ROCE-Leaf-16.GPU.S9825,TwoHundredGigE1/0/16:2,2323602,9207767900,2327906,9208329708,30.51,30.51
2024/05/24 星期五 00:36:18.523,1716482178523,NH-DC-NM129-H06-ROCE-Leaf-16.GPU.S9825,TwoHundredGigE1/0/16:2,1484591,5882745606,1487247,5882920815,43.08,43.08
2024/05/24 星期五 00:36:19.117,1716482179117,NH-DC-NM129-H06-ROCE-Leaf-16.GPU.S9825,TwoHundredGigE1/0/16:2,3009196,12090039188,3017782,12091023972,81.41,81.41
2024/05/24 星期五 00:36:19.731,1716482179731,NH-DC-NM129-H06-ROCE-Leaf-16.GPU.S9825,TwoHundredGigE1/0/16:2,0,0,0,0,0,0
2024/05/24 星期五 00:36:20.351,1716482180351,NH-DC-NM129-H06-ROCE-Leaf-16.GPU.S9825,TwoHundredGigE1/0/16:2,1807300,7161600168,1810536,7161813537,46.19,46.19
2024/05/24 星期五 00:36:21.927,1716482181927,NH-DC-NM129-H06-ROCE-Leaf-16.GPU.S9825,TwoHundredGigE1/0/16:2,4484849,17861009402,4495901,17862232875,45.33,45.33
2024/05/24 星期五 00:36:23.265,1716482183265,NH-DC-NM129-H06-ROCE-Leaf-16.GPU.S9825,TwoHundredGigE1/0/16:2,2138806,8552221864,2143710,8553032492,25.56,25.56
2024/05/24 星期五 00:36:23.931,1716482183931,NH-DC-NM129-H06-ROCE-Leaf-16.GPU.S9825,TwoHundredGigE1/0/16:2,0,0,0,0,0,0
2024/05/24 星期五 00:36:24.995,1716482184995,NH-DC-NM129-H06-ROCE-Leaf-16.GPU.S9825,TwoHundredGigE1/0/16:2,3969749,15729953990,3976946,15730776937,59.10,59.14
2024/05/24 星期五 00:36:25.584,1716482185584,NH-DC-NM129-H06-ROCE-Leaf-16.GPU.S9825,TwoHundredGigE1/0/16:2,0,0,0,0,0,0
2024/05/24 星期五 00:36:26.133,1716482186133,NH-DC-NM129-H06-ROCE-Leaf-16.GPU.S9825,TwoHundredGigE1/0/16:2,3026108,12156049344,3033482,12156720713,88.52,88.52
2024/05/24 星期五 00:36:26.779,1716482186779,NH-DC-NM129-H06-ROCE-Leaf-16.GPU.S9825,TwoHundredGigE1/0/16:2,0,0,0,0,0,0
2024/05/24 星期五 00:36:27.443,1716482187443,NH-DC-NM129-H06-ROCE-Leaf-16.GPU.S9825,TwoHundredGigE1/0/16:2,1977384,7834171000,1984555,7850463584,47.17,47.29
2024/05/24 星期五 00:36:27.953,1716482187953,NH-DC-NM129-H06-ROCE-Leaf-16.GPU.S9825,TwoHundredGigE1/0/16:2,0,0,0,0,0,0
2024/05/24 星期五 00:36:28.458,1716482188458,NH-DC-NM129-H06-ROCE-Leaf-16.GPU.S9825,TwoHundredGigE1/0/16:2,2104901,8341339434,2105014,8325993279,66.06,65.90
2024/05/24 星期五 00:36:29.196,1716482189196,NH-DC-NM129-H06-ROCE-Leaf-16.GPU.S9825,TwoHundredGigE1/0/16:2,1556979,6169938134,1558022,6162281956,33.39,33.39
2024/05/24 星期五 00:36:29.940,1716482189940,NH-DC-NM129-H06-ROCE-Leaf-16.GPU.S9825,TwoHundredGigE1/0/16:2,2905739,11675048894,2914313,11683750690,62.74,62.80
2024/05/24 星期五 00:36:30.629,1716482190629,NH-DC-NM129-H06-ROCE-Leaf-16.GPU.S9825,TwoHundredGigE1/0/16:2,0,0,0,0,0,0
2024/05/24 星期五 00:36:31.247,1716482191247,NH-DC-NM129-H06-ROCE-Leaf-16.GPU.S9825,TwoHundredGigE1/0/16:2,1822390,7221317510,1825355,7220505612,46.73,46.73
2024/05/24 星期五 00:36:31.759,1716482191759,NH-DC-NM129-H06-ROCE-Leaf-16.GPU.S9825,TwoHundredGigE1/0/16:2,0,0,0,0,0,0
2024/05/24 星期五 00:36:32.432,1716482192432,NH-DC-NM129-H06-ROCE-Leaf-16.GPU.S9825,TwoHundredGigE1/0/16:2,2084137,8252966924,2086817,8254484845,49.03,49.03
2024/05/24 星期五 00:36:33.067,1716482193067,NH-DC-NM129-H06-ROCE-Leaf-16.GPU.S9825,TwoHundredGigE1/0/16:2,2395027,9583197068,2400935,9584738740,60.35,60.35
2024/05/24 星期五 00:36:33.719,1716482193719,NH-DC-NM129-H06-ROCE-Leaf-16.GPU.S9825,TwoHundredGigE1/0/16:2,0,0,0,0,0,0
2024/05/24 星期五 00:36:34.289,1716482194289,NH-DC-NM129-H06-ROCE-Leaf-16.GPU.S9825,TwoHundredGigE1/0/16:2,2486254,9924503978,2491435,9923907305,69.61,69.61
2024/05/24 星期五 00:36:34.830,1716482194830,NH-DC-NM129-H06-ROCE-Leaf-16.GPU.S9825,TwoHundredGigE1/0/16:2,0,0,0,0,0,0
2024/05/24 星期五 00:36:35.329,1716482195329,NH-DC-NM129-H06-ROCE-Leaf-16.GPU.S9825,TwoHundredGigE1/0/16:2,2194730,8696240036,2198526,8696977052,69.66,69.66
2024/05/24 星期五 00:36:36.026,1716482196026,NH-DC-NM129-H06-ROCE-Leaf-16.GPU.S9825,TwoHundredGigE1/0/16:2,1775284,0,1778455,0,0,0
2024/05/24 星期五 00:36:36.624,1716482196624,NH-DC-NM129-H06-ROCE-Leaf-16.GPU.S9825,TwoHundredGigE1/0/16:2,0,7034447852,0,7033943047,47.02,47.02
2024/05/24 星期五 00:36:37.323,1716482197323,NH-DC-NM129-H06-ROCE-Leaf-16.GPU.S9825,TwoHundredGigE1/0/16:2,2742220,11033602914,2751779,11037313936,63.12,63.12
2024/05/24 星期五 00:36:37.919,1716482197919,NH-DC-NM129-H06-ROCE-Leaf-16.GPU.S9825,TwoHundredGigE1/0/16:2,0,0,0,0,0,0
2024/05/24 星期五 00:36:38.421,1716482198421,NH-DC-NM129-H06-ROCE-Leaf-16.GPU.S9825,TwoHundredGigE1/0/16:2,1783496,7067043414,1785990,7064548051,56.25,56.25
2024/05/24 星期五 00:36:38.926,1716482198926,NH-DC-NM129-H06-ROCE-Leaf-16.GPU.S9825,TwoHundredGigE1/0/16:2,0,0,0,0,0,0
2024/05/24 星期五 00:36:39.571,1716482199571,NH-DC-NM129-H06-ROCE-Leaf-16.GPU.S9825,TwoHundredGigE1/0/16:2,2195165,8696274902,2199463,8696840954,53.89,53.89
2024/05/24 星期五 00:36:40.071,1716482200071,NH-DC-NM129-H06-ROCE-Leaf-16.GPU.S9825,TwoHundredGigE1/0/16:2,2023865,8003776526,2026691,8003962907,64,64
2024/05/24 星期五 00:36:40.697,1716482200697,NH-DC-NM129-H06-ROCE-Leaf-16.GPU.S9825,TwoHundredGigE1/0/16:2,0,0,0,0,0,0
2024/05/24 星期五 00:36:41.295,1716482201295,NH-DC-NM129-H06-ROCE-Leaf-16.GPU.S9825,TwoHundredGigE1/0/16:2,3013131,12120421106,3020639,12117182530,81.07,81.00
2024/05/24 星期五 00:36:41.798,1716482201798,NH-DC-NM129-H06-ROCE-Leaf-16.GPU.S9825,TwoHundredGigE1/0/16:2,0,0,0,0,0,0
2024/05/24 星期五 00:36:42.309,1716482202309,NH-DC-NM129-H06-ROCE-Leaf-16.GPU.S9825,TwoHundredGigE1/0/16:2,2103745,8335253962,2108744,8340427281,65.21,65.28
2024/05/24 星期五 00:36:43.081,1716482203081,NH-DC-NM129-H06-ROCE-Leaf-16.GPU.S9825,TwoHundredGigE1/0/16:2,1614125,6394322334,1617057,6394516026,33.11,33.11
2024/05/24 星期五 00:36:43.828,1716482203828,NH-DC-NM129-H06-ROCE-Leaf-16.GPU.S9825,TwoHundredGigE1/0/16:2,0,0,0,0,0,0
2024/05/24 星期五 00:36:44.350,1716482204350,NH-DC-NM129-H06-ROCE-Leaf-16.GPU.S9825,TwoHundredGigE1/0/16:2,3171491,12729534494,3179168,12730315965,97.47,97.55
2024/05/24 星期五 00:36:45.653,1716482205653,NH-DC-NM129-H06-ROCE-Leaf-16.GPU.S9825,TwoHundredGigE1/0/16:2,1986815,7873646292,1990176,7872414392,24.16,24.16
2024/05/24 星期五 00:36:46.154,1716482206154,NH-DC-NM129-H06-ROCE-Leaf-16.GPU.S9825,TwoHundredGigE1/0/16:2,2111722,8367829866,2116135,8370063695,66.75,66.83
2024/05/24 星期五 00:36:46.853,1716482206853,NH-DC-NM129-H06-ROCE-Leaf-16.GPU.S9825,TwoHundredGigE1/0/16:2,0,0,0,0,0,0
2024/05/24 星期五 00:36:47.496,1716482207496,NH-DC-NM129-H06-ROCE-Leaf-16.GPU.S9825,TwoHundredGigE1/0/16:2,1957279,7740133810,1959542,7738258308,48.15,48.09
2024/05/24 星期五 00:36:48.080,1716482208080,NH-DC-NM129-H06-ROCE-Leaf-16.GPU.S9825,TwoHundredGigE1/0/16:2,2859413,11511518726,2868157,11514608547,78.84,78.84
2024/05/24 星期五 00:36:48.612,1716482208612,NH-DC-NM129-H06-ROCE-Leaf-16.GPU.S9825,TwoHundredGigE1/0/16:2,0,0,0,0,0,0
2024/05/24 星期五 00:36:49.115,1716482209115,NH-DC-NM129-H06-ROCE-Leaf-16.GPU.S9825,TwoHundredGigE1/0/16:2,1840285,7289542038,1842934,7290057216,57.89,57.97
2024/05/24 星期五 00:36:49.885,1716482209885,NH-DC-NM129-H06-ROCE-Leaf-16.GPU.S9825,TwoHundredGigE1/0/16:2,2000770,0,2004435,0,0,0
2024/05/24 星期五 00:36:50.599,1716482210599,NH-DC-NM129-H06-ROCE-Leaf-16.GPU.S9825,TwoHundredGigE1/0/16:2,0,7928903256,0,7929145143,44.37,44.37
2024/05/24 星期五 00:36:51.132,1716482211132,NH-DC-NM129-H06-ROCE-Leaf-16.GPU.S9825,TwoHundredGigE1/0/16:2,3080808,12372448988,3088431,12372300524,92.83,92.83
2024/05/24 星期五 00:36:51.712,1716482211712,NH-DC-NM129-H06-ROCE-Leaf-16.GPU.S9825,TwoHundredGigE1/0/16:2,0,0,0,0,0,0
2024/05/24 星期五 00:36:52.225,1716482212225,NH-DC-NM129-H06-ROCE-Leaf-16.GPU.S9825,TwoHundredGigE1/0/16:2,2026598,8030192460,2030422,8031348811,62.61,62.61
2024/05/24 星期五 00:36:52.726,1716482212726,NH-DC-NM129-H06-ROCE-Leaf-16.GPU.S9825,TwoHundredGigE1/0/16:2,0,0,0,0,0,0
2024/05/24 星期五 00:36:53.363,1716482213363,NH-DC-NM129-H06-ROCE-Leaf-16.GPU.S9825,TwoHundredGigE1/0/16:2,2130929,8442355410,2134550,8441250408,53.00,53.00
2024/05/24 星期五 00:36:54.104,1716482214104,NH-DC-NM129-H06-ROCE-Leaf-16.GPU.S9825,TwoHundredGigE1/0/16:2,1663029,6589294592,1666794,6593507677,35.52,35.57
2024/05/24 星期五 00:36:54.605,1716482214605,NH-DC-NM129-H06-ROCE-Leaf-16.GPU.S9825,TwoHundredGigE1/0/16:2,0,0,0,0,0,0
2024/05/24 星期五 00:36:55.520,1716482215520,NH-DC-NM129-H06-ROCE-Leaf-16.GPU.S9825,TwoHundredGigE1/0/16:2,3218356,12918138666,3225877,12914949014,56.44,56.44
2024/05/24 星期五 00:36:56.047,1716482216047,NH-DC-NM129-H06-ROCE-Leaf-16.GPU.S9825,TwoHundredGigE1/0/16:2,1995427,0,1991419,0,0,0
2024/05/24 星期五 00:36:56.660,1716482216660,NH-DC-NM129-H06-ROCE-Leaf-16.GPU.S9825,TwoHundredGigE1/0/16:2,0,7908675872,0,7876190465,51.55,51.35
2024/05/24 星期五 00:36:57.584,1716482217584,NH-DC-NM129-H06-ROCE-Leaf-16.GPU.S9825,TwoHundredGigE1/0/16:2,1985479,7866441988,1995762,7895660428,34.03,34.16
2024/05/24 星期五 00:36:58.081,1716482218081,NH-DC-NM129-H06-ROCE-Leaf-16.GPU.S9825,TwoHundredGigE1/0/16:2,2306107,9283395888,2312933,9287009897,74.69,74.69
2024/05/24 星期五 00:36:58.675,1716482218675,NH-DC-NM129-H06-ROCE-Leaf-16.GPU.S9825,TwoHundredGigE1/0/16:2,0,0,0,0,0,0
2024/05/24 星期五 00:36:59.237,1716482219237,NH-DC-NM129-H06-ROCE-Leaf-16.GPU.S9825,TwoHundredGigE1/0/16:2,2208616,8772098458,2213393,8773695062,62.42,62.42
2024/05/24 星期五 00:36:59.739,1716482219739,NH-DC-NM129-H06-ROCE-Leaf-16.GPU.S9825,TwoHundredGigE1/0/16:2,0,0,0,0,0,0
2024/05/24 星期五 00:37:00.326,1716482220326,NH-DC-NM129-H06-ROCE-Leaf-16.GPU.S9825,TwoHundredGigE1/0/16:2,2170259,8599796572,2174261,8598303482,58.53,58.53
2024/05/24 星期五 00:37:01.111,1716482221111,NH-DC-NM129-H06-ROCE-Leaf-16.GPU.S9825,TwoHundredGigE1/0/16:2,1792435,7101379114,1796452,7105633260,36.18,36.18
2024/05/24 星期五 00:37:01.615,1716482221615,NH-DC-NM129-H06-ROCE-Leaf-16.GPU.S9825,TwoHundredGigE1/0/16:2,0,0,0,0,0,0
2024/05/24 星期五 00:37:02.174,1716482222174,NH-DC-NM129-H06-ROCE-Leaf-16.GPU.S9825,TwoHundredGigE1/0/16:2,2790659,11223642196,2797679,11222718771,80.29,80.29
2024/05/24 星期五 00:37:02.701,1716482222701,NH-DC-NM129-H06-ROCE-Leaf-16.GPU.S9825,TwoHundredGigE1/0/16:2,0,0,0,0,0,0
2024/05/24 星期五 00:37:03.232,1716482223232,NH-DC-NM129-H06-ROCE-Leaf-16.GPU.S9825,TwoHundredGigE1/0/16:2,1695775,6719397568,1701530,6731065544,50.55,50.70
2024/05/24 星期五 00:37:04.056,1716482224056,NH-DC-NM129-H06-ROCE-Leaf-16.GPU.S9825,TwoHundredGigE1/0/16:2,2113264,8374465126,2113858,8360131353,40.63,40.58
2024/05/24 星期五 00:37:04.719,1716482224719,NH-DC-NM129-H06-ROCE-Leaf-16.GPU.S9825,TwoHundredGigE1/0/16:2,0,0,0,0,0,0
2024/05/24 星期五 00:37:05.309,1716482225309,NH-DC-NM129-H06-ROCE-Leaf-16.GPU.S9825,TwoHundredGigE1/0/16:2,1906998,7548394584,1907441,7538884134,51.12,51.05
2024/05/24 星期五 00:37:05.902,1716482225902,NH-DC-NM129-H06-ROCE-Leaf-16.GPU.S9825,TwoHundredGigE1/0/16:2,0,0,0,0,0,0
2024/05/24 星期五 00:37:06.405,1716482226405,NH-DC-NM129-H06-ROCE-Leaf-16.GPU.S9825,TwoHundredGigE1/0/16:2,2974886,11962728228,2984016,11969701977,95.11,95.11
2024/05/24 星期五 00:37:07.104,1716482227104,NH-DC-NM129-H06-ROCE-Leaf-16.GPU.S9825,TwoHundredGigE1/0/16:2,1839556,7289485420,1842942,7290056572,41.66,41.72
2024/05/24 星期五 00:37:08.096,1716482228096,NH-DC-NM129-H06-ROCE-Leaf-16.GPU.S9825,TwoHundredGigE1/0/16:2,1790671,7094680250,1793859,7095431693,28.59,28.59
2024/05/24 星期五 00:37:08.626,1716482228626,NH-DC-NM129-H06-ROCE-Leaf-16.GPU.S9825,TwoHundredGigE1/0/16:2,0,0,0,0,0,0
2024/05/24 星期五 00:37:09.224,1716482229224,NH-DC-NM129-H06-ROCE-Leaf-16.GPU.S9825,TwoHundredGigE1/0/16:2,2221665,8893233156,2227156,8895721688,59.46,59.46
2024/05/24 星期五 00:37:09.725,1716482229725,NH-DC-NM129-H06-ROCE-Leaf-16.GPU.S9825,TwoHundredGigE1/0/16:2,0,0,0,0,0,0
2024/05/24 星期五 00:37:10.226,1716482230226,NH-DC-NM129-H06-ROCE-Leaf-16.GPU.S9825,TwoHundredGigE1/0/16:2,2433501,9718549050,2437124,9711111283,77.52,77.52
2024/05/24 星期五 00:37:10.825,1716482230825,NH-DC-NM129-H06-ROCE-Leaf-16.GPU.S9825,TwoHundredGigE1/0/16:2,2110007,8360538076,2115939,8367896120,55.83,55.83
2024/05/24 星期五 00:37:11.797,1716482231797,NH-DC-NM129-H06-ROCE-Leaf-16.GPU.S9825,TwoHundredGigE1/0/16:2,0,0,0,0,0,0
2024/05/24 星期五 00:37:12.434,1716482232434,NH-DC-NM129-H06-ROCE-Leaf-16.GPU.S9825,TwoHundredGigE1/0/16:2,1849267,7327885764,1852569,7327341925,45.97,45.97
2024/05/24 星期五 00:37:13.036,1716482233036,NH-DC-NM129-H06-ROCE-Leaf-16.GPU.S9825,TwoHundredGigE1/0/16:2,0,0,0,0,0,0
2024/05/24 星期五 00:37:13.539,1716482233539,NH-DC-NM129-H06-ROCE-Leaf-16.GPU.S9825,TwoHundredGigE1/0/16:2,2608452,10500438622,2616095,10503978088,83.50,83.50
2024/05/24 星期五 00:37:14.073,1716482234073,NH-DC-NM129-H06-ROCE-Leaf-16.GPU.S9825,TwoHundredGigE1/0/16:2,2009926,7964933724,2013124,7962236231,59.63,59.63
2024/05/24 星期五 00:37:14.964,1716482234964,NH-DC-NM129-H06-ROCE-Leaf-16.GPU.S9825,TwoHundredGigE1/0/16:2,2194597,8696231198,2198937,8696866534,39.01,39.01
2024/05/24 星期五 00:37:16.249,1716482236249,NH-DC-NM129-H06-ROCE-Leaf-16.GPU.S9825,TwoHundredGigE1/0/16:2,1802746,7139001652,1805481,7139181919,22.19,22.19
2024/05/24 星期五 00:37:16.750,1716482236750,NH-DC-NM129-H06-ROCE-Leaf-16.GPU.S9825,TwoHundredGigE1/0/16:2,0,0,0,0,0,0
2024/05/24 星期五 00:37:17.252,1716482237252,NH-DC-NM129-H06-ROCE-Leaf-16.GPU.S9825,TwoHundredGigE1/0/16:2,3078071,12368394078,3086394,12369430592,98.49,98.49
2024/05/24 星期五 00:37:17.832,1716482237832,NH-DC-NM129-H06-ROCE-Leaf-16.GPU.S9825,TwoHundredGigE1/0/16:2,0,0,0,0,0,0
2024/05/24 星期五 00:37:18.335,1716482238335,NH-DC-NM129-H06-ROCE-Leaf-16.GPU.S9825,TwoHundredGigE1/0/16:2,1484547,5882741646,1487614,5882945501,46.76,46.76
2024/05/24 星期五 00:37:19.187,1716482239187,NH-DC-NM129-H06-ROCE-Leaf-16.GPU.S9825,TwoHundredGigE1/0/16:2,2130483,8440492998,2134983,8441072118,39.62,39.62
2024/05/24 星期五 00:37:19.722,1716482239722,NH-DC-NM129-H06-ROCE-Leaf-16.GPU.S9825,TwoHundredGigE1/0/16:2,0,0,0,0,0,0
2024/05/24 星期五 00:37:20.222,1716482240222,NH-DC-NM129-H06-ROCE-Leaf-16.GPU.S9825,TwoHundredGigE1/0/16:2,2912830,11706411768,2920393,11707258691,93.6,93.6
2024/05/24 星期五 00:37:21.368,1716482241368,NH-DC-NM129-H06-ROCE-Leaf-16.GPU.S9825,TwoHundredGigE1/0/16:2,4374805,17333444972,4384695,17342815895,60.49,60.52
2024/05/24 星期五 00:37:23.228,1716482243228,NH-DC-NM129-H06-ROCE-Leaf-16.GPU.S9825,TwoHundredGigE1/0/16:2,1531846,6070120630,1532508,6061502400,13.05,13.03
2024/05/24 星期五 00:37:23.736,1716482243736,NH-DC-NM129-H06-ROCE-Leaf-16.GPU.S9825,TwoHundredGigE1/0/16:2,0,0,0,0,0,0
2024/05/24 星期五 00:37:24.316,1716482244316,NH-DC-NM129-H06-ROCE-Leaf-16.GPU.S9825,TwoHundredGigE1/0/16:2,3304159,13257082094,3314925,13266644223,91.38,91.45
2024/05/24 星期五 00:37:25.290,1716482245290,NH-DC-NM129-H06-ROCE-Leaf-16.GPU.S9825,TwoHundredGigE1/0/16:2,1706399,6761899118,1707474,6753607132,27.76,27.72
2024/05/24 星期五 00:37:26.083,1716482246083,NH-DC-NM129-H06-ROCE-Leaf-16.GPU.S9825,TwoHundredGigE1/0/16:2,2162709,8569452538,2166522,8568971945,43.18,43.18
2024/05/24 星期五 00:37:26.768,1716482246768,NH-DC-NM129-H06-ROCE-Leaf-16.GPU.S9825,TwoHundredGigE1/0/16:2,0,0,0,0,0,0
2024/05/24 星期五 00:37:27.269,1716482247269,NH-DC-NM129-H06-ROCE-Leaf-16.GPU.S9825,TwoHundredGigE1/0/16:2,2368671,9492774524,2371830,9484150432,75.77,75.69
2024/05/24 星期五 00:37:27.847,1716482247847,NH-DC-NM129-H06-ROCE-Leaf-16.GPU.S9825,TwoHundredGigE1/0/16:2,0,0,0,0,0,0
2024/05/24 星期五 00:37:28.350,1716482248350,NH-DC-NM129-H06-ROCE-Leaf-16.GPU.S9825,TwoHundredGigE1/0/16:2,2157657,8607913308,2164837,8617847083,68.39,68.47
2024/05/24 星期五 00:37:28.854,1716482248854,NH-DC-NM129-H06-ROCE-Leaf-16.GPU.S9825,TwoHundredGigE1/0/16:2,0,0,0,0,0,0
2024/05/24 星期五 00:37:29.646,1716482249646,NH-DC-NM129-H06-ROCE-Leaf-16.GPU.S9825,TwoHundredGigE1/0/16:2,2033386,8056814244,2037317,8057421466,40.66,40.66
2024/05/24 星期五 00:37:30.389,1716482250389,NH-DC-NM129-H06-ROCE-Leaf-16.GPU.S9825,TwoHundredGigE1/0/16:2,1916880,7593081042,1920789,7594813044,40.86,40.86
2024/05/24 星期五 00:37:30.943,1716482250943,NH-DC-NM129-H06-ROCE-Leaf-16.GPU.S9825,TwoHundredGigE1/0/16:2,0,0,0,0,0,0
2024/05/24 星期五 00:37:31.528,1716482251528,NH-DC-NM129-H06-ROCE-Leaf-16.GPU.S9825,TwoHundredGigE1/0/16:2,3169049,12721697068,3176919,12722234924,86.97,86.97
2024/05/24 星期五 00:37:32.029,1716482252029,NH-DC-NM129-H06-ROCE-Leaf-16.GPU.S9825,TwoHundredGigE1/0/16:2,0,0,0,0,0,0
2024/05/24 星期五 00:37:32.539,1716482252539,NH-DC-NM129-H06-ROCE-Leaf-16.GPU.S9825,TwoHundredGigE1/0/16:2,1894022,7505289288,1897351,7504502471,58.82,58.82
2024/05/24 星期五 00:37:33.476,1716482253476,NH-DC-NM129-H06-ROCE-Leaf-16.GPU.S9825,TwoHundredGigE1/0/16:2,1936204,7672878620,1939904,7673717268,32.74,32.74
2024/05/24 星期五 00:37:33.991,1716482253991,NH-DC-NM129-H06-ROCE-Leaf-16.GPU.S9825,TwoHundredGigE1/0/16:2,0,0,0,0,0,0
2024/05/24 星期五 00:37:34.502,1716482254502,NH-DC-NM129-H06-ROCE-Leaf-16.GPU.S9825,TwoHundredGigE1/0/16:2,2215732,8800942922,2218926,8797273685,68.88,68.81
2024/05/24 星期五 00:37:35.133,1716482255133,NH-DC-NM129-H06-ROCE-Leaf-16.GPU.S9825,TwoHundredGigE1/0/16:2,2730678,10964540962,2738527,10967049474,69.48,69.48
2024/05/24 星期五 00:37:35.651,1716482255651,NH-DC-NM129-H06-ROCE-Leaf-16.GPU.S9825,TwoHundredGigE1/0/16:2,0,0,0,0,0,0
2024/05/24 星期五 00:37:36.151,1716482256151,NH-DC-NM129-H06-ROCE-Leaf-16.GPU.S9825,TwoHundredGigE1/0/16:2,2097737,8312571126,2101610,8313313673,66.48,66.48
2024/05/24 星期五 00:37:37.015,1716482257015,NH-DC-NM129-H06-ROCE-Leaf-16.GPU.S9825,TwoHundredGigE1/0/16:2,0,0,0,0,0,0
2024/05/24 星期五 00:37:37.563,1716482257563,NH-DC-NM129-H06-ROCE-Leaf-16.GPU.S9825,TwoHundredGigE1/0/16:2,1936298,7673130524,1938317,7667327474,55.99,55.91
2024/05/24 星期五 00:37:38.075,1716482258075,NH-DC-NM129-H06-ROCE-Leaf-16.GPU.S9825,TwoHundredGigE1/0/16:2,2266737,9148662234,2274415,9155448647,71.41,71.48
2024/05/24 星期五 00:37:38.646,1716482258646,NH-DC-NM129-H06-ROCE-Leaf-16.GPU.S9825,TwoHundredGigE1/0/16:2,0,0,0,0,0,0
2024/05/24 星期五 00:37:39.149,1716482259149,NH-DC-NM129-H06-ROCE-Leaf-16.GPU.S9825,TwoHundredGigE1/0/16:2,2097905,8314102724,2101308,8311658144,66.08,66.08
2024/05/24 星期五 00:37:39.775,1716482259775,NH-DC-NM129-H06-ROCE-Leaf-16.GPU.S9825,TwoHundredGigE1/0/16:2,2162386,8568355622,2166746,8570279309,54.70,54.76
2024/05/24 星期五 00:37:40.643,1716482260643,NH-DC-NM129-H06-ROCE-Leaf-16.GPU.S9825,TwoHundredGigE1/0/16:2,0,0,0,0,0,0
2024/05/24 星期五 00:37:41.142,1716482261142,NH-DC-NM129-H06-ROCE-Leaf-16.GPU.S9825,TwoHundredGigE1/0/16:2,1774996,7033713660,1778252,7033928596,56.35,56.35
2024/05/24 星期五 00:37:42.343,1716482262343,NH-DC-NM129-H06-ROCE-Leaf-16.GPU.S9825,TwoHundredGigE1/0/16:2,3300048,13241040216,3308222,13241995217,44.10,44.10
2024/05/24 星期五 00:37:42.846,1716482262846,NH-DC-NM129-H06-ROCE-Leaf-16.GPU.S9825,TwoHundredGigE1/0/16:2,0,0,0,0,0,0
2024/05/24 星期五 00:37:45.344,1716482265344,NH-DC-NM129-H06-ROCE-Leaf-16.GPU.S9825,TwoHundredGigE1/0/16:2,6038482,24015508390,6056759,24035851969,38.45,38.48
2024/05/24 星期五 00:37:45.927,1716482265927,NH-DC-NM129-H06-ROCE-Leaf-16.GPU.S9825,TwoHundredGigE1/0/16:2,0,0,0,0,0,0
2024/05/24 星期五 00:37:46.429,1716482266429,NH-DC-NM129-H06-ROCE-Leaf-16.GPU.S9825,TwoHundredGigE1/0/16:2,2478434,9899115902,2481478,9888115841,78.80,78.73
2024/05/24 星期五 00:37:47.058,1716482267058,NH-DC-NM129-H06-ROCE-Leaf-16.GPU.S9825,TwoHundredGigE1/0/16:2,2204493,8736445994,2205807,8724602052,55.52,55.45
2024/05/24 星期五 00:37:49.357,1716482269357,NH-DC-NM129-H06-ROCE-Leaf-16.GPU.S9825,TwoHundredGigE1/0/16:2,4204250,16825464400,4214829,16831544511,29.26,29.28
2024/05/24 星期五 00:37:49.871,1716482269871,NH-DC-NM129-H06-ROCE-Leaf-16.GPU.S9825,TwoHundredGigE1/0/16:2,0,0,0,0,0,0
2024/05/24 星期五 00:37:50.373,1716482270373,NH-DC-NM129-H06-ROCE-Leaf-16.GPU.S9825,TwoHundredGigE1/0/16:2,2065622,8184701656,2069329,8184939943,65.18,65.18
2024/05/24 星期五 00:37:51.215,1716482271215,NH-DC-NM129-H06-ROCE-Leaf-16.GPU.S9825,TwoHundredGigE1/0/16:2,2259199,8952006558,2263278,8952716960,42.52,42.52
2024/05/24 星期五 00:37:51.821,1716482271821,NH-DC-NM129-H06-ROCE-Leaf-16.GPU.S9825,TwoHundredGigE1/0/16:2,0,0,0,0,0,0
2024/05/24 星期五 00:37:52.383,1716482272383,NH-DC-NM129-H06-ROCE-Leaf-16.GPU.S9825,TwoHundredGigE1/0/16:2,1704097,6751316968,1709607,6759633107,48.04,48.04
2024/05/24 星期五 00:37:52.887,1716482272887,NH-DC-NM129-H06-ROCE-Leaf-16.GPU.S9825,TwoHundredGigE1/0/16:2,0,0,0,0,0,0
2024/05/24 星期五 00:37:53.410,1716482273410,NH-DC-NM129-H06-ROCE-Leaf-16.GPU.S9825,TwoHundredGigE1/0/16:2,2983280,11988783526,2991532,11981931504,91.63,91.63
2024/05/24 星期五 00:37:53.951,1716482273951,NH-DC-NM129-H06-ROCE-Leaf-16.GPU.S9825,TwoHundredGigE1/0/16:2,1742714,6905819964,1745958,6906033897,51.02,51.02
2024/05/24 星期五 00:37:54.769,1716482274769,NH-DC-NM129-H06-ROCE-Leaf-16.GPU.S9825,TwoHundredGigE1/0/16:2,2149152,8515998994,2152418,8513639016,41.61,41.61
2024/05/24 星期五 00:37:55.681,1716482275681,NH-DC-NM129-H06-ROCE-Leaf-16.GPU.S9825,TwoHundredGigE1/0/16:2,0,0,0,0,0,0
2024/05/24 星期五 00:37:56.202,1716482276202,NH-DC-NM129-H06-ROCE-Leaf-16.GPU.S9825,TwoHundredGigE1/0/16:2,2991507,12018266380,2998732,12018488193,92.21,92.21
2024/05/24 星期五 00:37:56.783,1716482276783,NH-DC-NM129-H06-ROCE-Leaf-16.GPU.S9825,TwoHundredGigE1/0/16:2,0,0,0,0,0,0
2024/05/24 星期五 00:37:57.389,1716482277389,NH-DC-NM129-H06-ROCE-Leaf-16.GPU.S9825,TwoHundredGigE1/0/16:2,2065856,8186024384,2069262,8184935772,53.99,53.99
2024/05/24 星期五 00:37:58.138,1716482278138,NH-DC-NM129-H06-ROCE-Leaf-16.GPU.S9825,TwoHundredGigE1/0/16:2,2042065,8091780102,2047868,8100684921,43.20,43.26
2024/05/24 星期五 00:37:58.770,1716482278770,NH-DC-NM129-H06-ROCE-Leaf-16.GPU.S9825,TwoHundredGigE1/0/16:2,0,0,0,0,0,0
2024/05/24 星期五 00:37:59.317,1716482279317,NH-DC-NM129-H06-ROCE-Leaf-16.GPU.S9825,TwoHundredGigE1/0/16:2,1707048,6764464734,1708651,6757690386,49.43,49.36
2024/05/24 星期五 00:37:59.817,1716482279817,NH-DC-NM129-H06-ROCE-Leaf-16.GPU.S9825,TwoHundredGigE1/0/16:2,0,0,0,0,0,0
2024/05/24 星期五 00:38:00.414,1716482280414,NH-DC-NM129-H06-ROCE-Leaf-16.GPU.S9825,TwoHundredGigE1/0/16:2,3442375,13804940852,3449955,13803202926,92.46,92.46
2024/05/24 星期五 00:38:00.994,1716482280994,NH-DC-NM129-H06-ROCE-Leaf-16.GPU.S9825,TwoHundredGigE1/0/16:2,1692466,6706161984,1695505,6706037246,46.21,46.21
2024/05/24 星期五 00:38:01.851,1716482281851,NH-DC-NM129-H06-ROCE-Leaf-16.GPU.S9825,TwoHundredGigE1/0/16:2,0,0,0,0,0,0
2024/05/24 星期五 00:38:02.415,1716482282415,NH-DC-NM129-H06-ROCE-Leaf-16.GPU.S9825,TwoHundredGigE1/0/16:2,2097895,8312580522,2101555,8312821935,58.94,58.94
2024/05/24 星期五 00:38:02.913,1716482282913,NH-DC-NM129-H06-ROCE-Leaf-16.GPU.S9825,TwoHundredGigE1/0/16:2,0,0,0,0,0,0
2024/05/24 星期五 00:38:03.419,1716482283419,NH-DC-NM129-H06-ROCE-Leaf-16.GPU.S9825,TwoHundredGigE1/0/16:2,2064546,8269591944,2069497,8269919222,65.30,65.30
2024/05/24 星期五 00:38:03.965,1716482283965,NH-DC-NM129-H06-ROCE-Leaf-16.GPU.S9825,TwoHundredGigE1/0/16:2,0,0,0,0,0,0
2024/05/24 星期五 00:38:04.464,1716482284464,NH-DC-NM129-H06-ROCE-Leaf-16.GPU.S9825,TwoHundredGigE1/0/16:2,2395208,9560338344,2398123,9557884299,76.63,76.55
2024/05/24 星期五 00:38:05.459,1716482285459,NH-DC-NM129-H06-ROCE-Leaf-16.GPU.S9825,TwoHundredGigE1/0/16:2,2121068,8404644538,2124170,8401560634,33.77,33.77
2024/05/24 星期五 00:38:06.042,1716482286042,NH-DC-NM129-H06-ROCE-Leaf-16.GPU.S9825,TwoHundredGigE1/0/16:2,0,0,0,0,0,0
2024/05/24 星期五 00:38:06.541,1716482286541,NH-DC-NM129-H06-ROCE-Leaf-16.GPU.S9825,TwoHundredGigE1/0/16:2,1801539,7138782368,1804660,7138943535,57.15,57.15
2024/05/24 星期五 00:38:07.491,1716482287491,NH-DC-NM129-H06-ROCE-Leaf-16.GPU.S9825,TwoHundredGigE1/0/16:2,2801145,11264404548,2810238,11272792444,47.41,47.45
2024/05/24 星期五 00:38:07.990,1716482287990,NH-DC-NM129-H06-ROCE-Leaf-16.GPU.S9825,TwoHundredGigE1/0/16:2,1808949,7168348808,1811624,7165599577,57.39,57.39
2024/05/24 星期五 00:38:08.729,1716482288729,NH-DC-NM129-H06-ROCE-Leaf-16.GPU.S9825,TwoHundredGigE1/0/16:2,0,0,0,0,0,0
2024/05/24 星期五 00:38:09.461,1716482289461,NH-DC-NM129-H06-ROCE-Leaf-16.GPU.S9825,TwoHundredGigE1/0/16:2,2291304,9079880776,2295812,9080456400,49.56,49.62
2024/05/24 星期五 00:38:09.966,1716482289966,NH-DC-NM129-H06-ROCE-Leaf-16.GPU.S9825,TwoHundredGigE1/0/16:2,0,0,0,0,0,0
2024/05/24 星期五 00:38:10.481,1716482290481,NH-DC-NM129-H06-ROCE-Leaf-16.GPU.S9825,TwoHundredGigE1/0/16:2,1646574,6524147036,1650745,6529663173,50.64,50.64
2024/05/24 星期五 00:38:11.097,1716482291097,NH-DC-NM129-H06-ROCE-Leaf-16.GPU.S9825,TwoHundredGigE1/0/16:2,0,0,0,0,0,0
2024/05/24 星期五 00:38:11.598,1716482291598,NH-DC-NM129-H06-ROCE-Leaf-16.GPU.S9825,TwoHundredGigE1/0/16:2,1095773,4431049146,1098284,4425973866,35.37,35.29
2024/05/24 星期五 00:38:12.350,1716482292350,NH-DC-NM129-H06-ROCE-Leaf-16.GPU.S9825,TwoHundredGigE1/0/16:2,517451,2116158478,519320,2116682225,11.22,11.22
2024/05/24 星期五 00:38:13.056,1716482293056,NH-DC-NM129-H06-ROCE-Leaf-16.GPU.S9825,TwoHundredGigE1/0/16:2,2008956,7970713128,2012822,7971124692,45.16,45.16
2024/05/24 星期五 00:38:13.557,1716482293557,NH-DC-NM129-H06-ROCE-Leaf-16.GPU.S9825,TwoHundredGigE1/0/16:2,0,0,0,0,0,0
2024/05/24 星期五 00:38:14.063,1716482294063,NH-DC-NM129-H06-ROCE-Leaf-16.GPU.S9825,TwoHundredGigE1/0/16:2,2210506,8759861608,2214744,8760325091,69.17,69.25
2024/05/24 星期五 00:38:14.622,1716482294622,NH-DC-NM129-H06-ROCE-Leaf-16.GPU.S9825,TwoHundredGigE1/0/16:2,0,0,0,0,0,0
2024/05/24 星期五 00:38:15.282,1716482295282,NH-DC-NM129-H06-ROCE-Leaf-16.GPU.S9825,TwoHundredGigE1/0/16:2,1823661,7225857246,1826833,7226252724,43.76,43.76
2024/05/24 星期五 00:38:16.035,1716482296035,NH-DC-NM129-H06-ROCE-Leaf-16.GPU.S9825,TwoHundredGigE1/0/16:2,2717149,10928996220,2722057,10924362515,58.01,58.01
2024/05/24 星期五 00:38:16.636,1716482296636,NH-DC-NM129-H06-ROCE-Leaf-16.GPU.S9825,TwoHundredGigE1/0/16:2,0,0,0,0,0,0
2024/05/24 星期五 00:38:17.136,1716482297136,NH-DC-NM129-H06-ROCE-Leaf-16.GPU.S9825,TwoHundredGigE1/0/16:2,1939522,7683330214,1944011,7688908106,61.44,61.44
2024/05/24 星期五 00:38:17.726,1716482297726,NH-DC-NM129-H06-ROCE-Leaf-16.GPU.S9825,TwoHundredGigE1/0/16:2,0,0,0,0,0,0
2024/05/24 星期五 00:38:18.227,1716482298227,NH-DC-NM129-H06-ROCE-Leaf-16.GPU.S9825,TwoHundredGigE1/0/16:2,2000919,7928914174,2004791,7929517083,63.23,63.23
2024/05/24 星期五 00:38:18.803,1716482298803,NH-DC-NM129-H06-ROCE-Leaf-16.GPU.S9825,TwoHundredGigE1/0/16:2,1774016,7026117472,1778931,7034358792,48.75,48.82
2024/05/24 星期五 00:38:19.643,1716482299643,NH-DC-NM129-H06-ROCE-Leaf-16.GPU.S9825,TwoHundredGigE1/0/16:2,0,0,0,0,0,0
2024/05/24 星期五 00:38:20.196,1716482300196,NH-DC-NM129-H06-ROCE-Leaf-16.GPU.S9825,TwoHundredGigE1/0/16:2,3044760,12235755516,3053190,12229671523,88.46,88.39
2024/05/24 星期五 00:38:20.923,1716482300923,NH-DC-NM129-H06-ROCE-Leaf-16.GPU.S9825,TwoHundredGigE1/0/16:2,1707908,6767693500,1710903,6767449474,37.19,37.19
2024/05/24 星期五 00:38:22.793,1716482302793,NH-DC-NM129-H06-ROCE-Leaf-16.GPU.S9825,TwoHundredGigE1/0/16:2,4706558,18801635482,4716731,18801074427,40.21,40.21
2024/05/24 星期五 00:38:23.683,1716482303683,NH-DC-NM129-H06-ROCE-Leaf-16.GPU.S9825,TwoHundredGigE1/0/16:2,0,0,0,0,0,0
2024/05/24 星期五 00:38:24.188,1716482304188,NH-DC-NM129-H06-ROCE-Leaf-16.GPU.S9825,TwoHundredGigE1/0/16:2,2208576,8762640478,2213346,8764532789,69.39,69.39
2024/05/24 星期五 00:38:24.749,1716482304749,NH-DC-NM129-H06-ROCE-Leaf-16.GPU.S9825,TwoHundredGigE1/0/16:2,0,0,0,0,0,0
2024/05/24 星期五 00:38:25.391,1716482305391,NH-DC-NM129-H06-ROCE-Leaf-16.GPU.S9825,TwoHundredGigE1/0/16:2,2291544,9079897080,2295812,9080736020,56.51,56.57
2024/05/24 星期五 00:38:26.514,1716482306514,NH-DC-NM129-H06-ROCE-Leaf-16.GPU.S9825,TwoHundredGigE1/0/16:2,1711122,6777994368,1713597,6778149371,24.11,24.11
2024/05/24 星期五 00:38:27.118,1716482307118,NH-DC-NM129-H06-ROCE-Leaf-16.GPU.S9825,TwoHundredGigE1/0/16:2,898578,3596745136,903397,3609633866,23.77,23.84
2024/05/24 星期五 00:38:27.620,1716482307620,NH-DC-NM129-H06-ROCE-Leaf-16.GPU.S9825,TwoHundredGigE1/0/16:2,0,0,0,0,0,0
2024/05/24 星期五 00:38:28.237,1716482308237,NH-DC-NM129-H06-ROCE-Leaf-16.GPU.S9825,TwoHundredGigE1/0/16:2,0,0,1,123,0,0
2024/05/24 星期五 00:38:29.047,1716482309047,NH-DC-NM129-H06-ROCE-Leaf-16.GPU.S9825,TwoHundredGigE1/0/16:2,359163,1475704526,357711,1463038318,7.26,7.21
2024/05/24 星期五 00:38:29.601,1716482309601,NH-DC-NM129-H06-ROCE-Leaf-16.GPU.S9825,TwoHundredGigE1/0/16:2,0,0,0,0,0,0
2024/05/24 星期五 00:38:30.547,1716482310547,NH-DC-NM129-H06-ROCE-Leaf-16.GPU.S9825,TwoHundredGigE1/0/16:2,1,106,2,544,0,0
2024/05/24 星期五 00:38:31.063,1716482311063,NH-DC-NM129-H06-ROCE-Leaf-16.GPU.S9825,TwoHundredGigE1/0/16:2,0,0,0,0,0,0
2024/05/24 星期五 00:38:31.566,1716482311566,NH-DC-NM129-H06-ROCE-Leaf-16.GPU.S9825,TwoHundredGigE1/0/16:2,2,172,2,148,0,0
2024/05/24 星期五 00:38:32.081,1716482312081,NH-DC-NM129-H06-ROCE-Leaf-16.GPU.S9825,TwoHundredGigE1/0/16:2,2139599,8552281478,2144796,8552935997,66.41,66.41
2024/05/24 星期五 00:38:32.762,1716482312762,NH-DC-NM129-H06-ROCE-Leaf-16.GPU.S9825,TwoHundredGigE1/0/16:2,0,0,0,0,0,0
2024/05/24 星期五 00:38:33.336,1716482313336,NH-DC-NM129-H06-ROCE-Leaf-16.GPU.S9825,TwoHundredGigE1/0/16:2,1626238,6444033350,1629131,6444857603,44.88,44.88
2024/05/24 星期五 00:38:34.050,1716482314050,NH-DC-NM129-H06-ROCE-Leaf-16.GPU.S9825,TwoHundredGigE1/0/16:2,2117524,8390719176,2121470,8390973697,47.00,47.00
2024/05/24 星期五 00:38:34.556,1716482314556,NH-DC-NM129-H06-ROCE-Leaf-16.GPU.S9825,TwoHundredGigE1/0/16:2,0,0,0,0,0,0
2024/05/24 星期五 00:38:35.058,1716482315058,NH-DC-NM129-H06-ROCE-Leaf-16.GPU.S9825,TwoHundredGigE1/0/16:2,2328024,9335523080,2332432,9335809040,74.34,74.34
2024/05/24 星期五 00:38:35.684,1716482315684,NH-DC-NM129-H06-ROCE-Leaf-16.GPU.S9825,TwoHundredGigE1/0/16:2,0,0,0,0,0,0
2024/05/24 星期五 00:38:36.307,1716482316307,NH-DC-NM129-H06-ROCE-Leaf-16.GPU.S9825,TwoHundredGigE1/0/16:2,2359093,9399130518,2365727,9404366465,60.29,60.35
2024/05/24 星期五 00:38:37.045,1716482317045,NH-DC-NM129-H06-ROCE-Leaf-16.GPU.S9825,TwoHundredGigE1/0/16:2,2195974,8701754524,2198953,8698125412,47.15,47.10
2024/05/24 星期五 00:38:37.671,1716482317671,NH-DC-NM129-H06-ROCE-Leaf-16.GPU.S9825,TwoHundredGigE1/0/16:2,0,0,0,0,0,0
2024/05/24 星期五 00:38:38.184,1716482318184,NH-DC-NM129-H06-ROCE-Leaf-16.GPU.S9825,TwoHundredGigE1/0/16:2,1645906,6522170056,1648889,6522366823,50.84,50.84
2024/05/24 星期五 00:38:38.773,1716482318773,NH-DC-NM129-H06-ROCE-Leaf-16.GPU.S9825,TwoHundredGigE1/0/16:2,0,0,0,0,0,0
2024/05/24 星期五 00:38:39.362,1716482319362,NH-DC-NM129-H06-ROCE-Leaf-16.GPU.S9825,TwoHundredGigE1/0/16:2,2753247,11067122566,2757268,11067982396,75.11,75.11
2024/05/24 星期五 00:38:39.937,1716482319937,NH-DC-NM129-H06-ROCE-Leaf-16.GPU.S9825,TwoHundredGigE1/0/16:2,1995731,7907821514,1998734,7905775417,54.96,54.96
2024/05/24 星期五 00:38:40.640,1716482320640,NH-DC-NM129-H06-ROCE-Leaf-16.GPU.S9825,TwoHundredGigE1/0/16:2,0,0,0,0,0,0
2024/05/24 星期五 00:38:41.216,1716482321216,NH-DC-NM129-H06-ROCE-Leaf-16.GPU.S9825,TwoHundredGigE1/0/16:2,2070930,8205797340,2075482,8208480984,56.94,56.94
2024/05/24 星期五 00:38:41.717,1716482321717,NH-DC-NM129-H06-ROCE-Leaf-16.GPU.S9825,TwoHundredGigE1/0/16:2,0,0,0,0,0,0
2024/05/24 星期五 00:38:42.221,1716482322221,NH-DC-NM129-H06-ROCE-Leaf-16.GPU.S9825,TwoHundredGigE1/0/16:2,2344474,9325111646,2349234,9325185193,73.97,73.97
2024/05/24 星期五 00:38:43.121,1716482323121,NH-DC-NM129-H06-ROCE-Leaf-16.GPU.S9825,TwoHundredGigE1/0/16:2,2601551,10438099840,2608377,10439279210,46.36,46.36
2024/05/24 星期五 00:38:43.824,1716482323824,NH-DC-NM129-H06-ROCE-Leaf-16.GPU.S9825,TwoHundredGigE1/0/16:2,0,0,0,0,0,0
2024/05/24 星期五 00:38:44.490,1716482324490,NH-DC-NM129-H06-ROCE-Leaf-16.GPU.S9825,TwoHundredGigE1/0/16:2,2033099,8056793578,2036840,8057457709,48.35,48.35
2024/05/24 星期五 00:38:44.993,1716482324993,NH-DC-NM129-H06-ROCE-Leaf-16.GPU.S9825,TwoHundredGigE1/0/16:2,0,0,0,0,0,0
2024/05/24 星期五 00:38:45.538,1716482325538,NH-DC-NM129-H06-ROCE-Leaf-16.GPU.S9825,TwoHundredGigE1/0/16:2,1936339,7673139690,1939794,7673367204,56.29,56.29
2024/05/24 星期五 00:38:46.126,1716482326126,NH-DC-NM129-H06-ROCE-Leaf-16.GPU.S9825,TwoHundredGigE1/0/16:2,2912762,11706407120,2920203,11707315991,79.59,79.59
2024/05/24 星期五 00:38:47.607,1716482327607,NH-DC-NM129-H06-ROCE-Leaf-16.GPU.S9825,TwoHundredGigE1/0/16:2,1968680,7801030020,1972405,7801275750,21.07,21.07
2024/05/24 星期五 00:38:48.110,1716482328110,NH-DC-NM129-H06-ROCE-Leaf-16.GPU.S9825,TwoHundredGigE1/0/16:2,2130045,8440459418,2134244,8441085625,67.12,67.12
2024/05/24 星期五 00:38:48.618,1716482328618,NH-DC-NM129-H06-ROCE-Leaf-16.GPU.S9825,TwoHundredGigE1/0/16:2,0,0,0,0,0,0
2024/05/24 星期五 00:38:49.139,1716482329139,NH-DC-NM129-H06-ROCE-Leaf-16.GPU.S9825,TwoHundredGigE1/0/16:2,1729915,6852641874,1734473,6859220586,52.59,52.59
2024/05/24 星期五 00:38:49.739,1716482329739,NH-DC-NM129-H06-ROCE-Leaf-16.GPU.S9825,TwoHundredGigE1/0/16:2,0,0,0,0,0,0
2024/05/24 星期五 00:38:50.258,1716482330258,NH-DC-NM129-H06-ROCE-Leaf-16.GPU.S9825,TwoHundredGigE1/0/16:2,3029773,12174126606,3036392,12169267307,93.80,93.72
2024/05/24 星期五 00:38:51.018,1716482331018,NH-DC-NM129-H06-ROCE-Leaf-16.GPU.S9825,TwoHundredGigE1/0/16:2,0,0,0,0,0,0
2024/05/24 星期五 00:38:51.556,1716482331556,NH-DC-NM129-H06-ROCE-Leaf-16.GPU.S9825,TwoHundredGigE1/0/16:2,1742419,6904378832,1745426,6904496012,51.30,51.30
2024/05/24 星期五 00:38:52.057,1716482332057,NH-DC-NM129-H06-ROCE-Leaf-16.GPU.S9825,TwoHundredGigE1/0/16:2,2122980,8411268438,2126725,8411284093,67.15,67.15
2024/05/24 星期五 00:38:52.896,1716482332896,NH-DC-NM129-H06-ROCE-Leaf-16.GPU.S9825,TwoHundredGigE1/0/16:2,0,0,0,0,0,0
2024/05/24 星期五 00:38:53.438,1716482333438,NH-DC-NM129-H06-ROCE-Leaf-16.GPU.S9825,TwoHundredGigE1/0/16:2,2592809,10425582700,2599599,10426840668,76.90,76.90
2024/05/24 星期五 00:38:54.226,1716482334226,NH-DC-NM129-H06-ROCE-Leaf-16.GPU.S9825,TwoHundredGigE1/0/16:2,2204329,8748091552,2208879,8748997923,44.37,44.37
2024/05/24 星期五 00:38:54.900,1716482334900,NH-DC-NM129-H06-ROCE-Leaf-16.GPU.S9825,TwoHundredGigE1/0/16:2,0,0,0,0,0,0
2024/05/24 星期五 00:38:55.563,1716482335563,NH-DC-NM129-H06-ROCE-Leaf-16.GPU.S9825,TwoHundredGigE1/0/16:2,2213939,8772859094,2217949,8773577804,52.91,52.91
2024/05/24 星期五 00:38:56.175,1716482336175,NH-DC-NM129-H06-ROCE-Leaf-16.GPU.S9825,TwoHundredGigE1/0/16:2,1697210,6725451492,1700125,6723865435,43.92,43.92
2024/05/24 星期五 00:38:56.802,1716482336802,NH-DC-NM129-H06-ROCE-Leaf-16.GPU.S9825,TwoHundredGigE1/0/16:2,0,0,0,0,0,0
2024/05/24 星期五 00:38:57.612,1716482337612,NH-DC-NM129-H06-ROCE-Leaf-16.GPU.S9825,TwoHundredGigE1/0/16:2,2861704,11504478050,2869537,11507340398,56.79,56.79
2024/05/24 星期五 00:38:58.185,1716482338185,NH-DC-NM129-H06-ROCE-Leaf-16.GPU.S9825,TwoHundredGigE1/0/16:2,1710442,6777940698,1713288,6777014737,47.26,47.26
2024/05/24 星期五 00:38:58.687,1716482338687,NH-DC-NM129-H06-ROCE-Leaf-16.GPU.S9825,TwoHundredGigE1/0/16:2,0,0,0,0,0,0
2024/05/24 星期五 00:38:59.263,1716482339263,NH-DC-NM129-H06-ROCE-Leaf-16.GPU.S9825,TwoHundredGigE1/0/16:2,2099655,8319299638,2102643,8316654178,57.71,57.71
2024/05/24 星期五 00:38:59.925,1716482339925,NH-DC-NM129-H06-ROCE-Leaf-16.GPU.S9825,TwoHundredGigE1/0/16:2,0,0,0,0,0,0
2024/05/24 星期五 00:39:00.555,1716482340555,NH-DC-NM129-H06-ROCE-Leaf-16.GPU.S9825,TwoHundredGigE1/0/16:2,1958544,7744116170,1961254,7744793732,49.14,49.14
2024/05/24 星期五 00:39:01.290,1716482341290,NH-DC-NM129-H06-ROCE-Leaf-16.GPU.S9825,TwoHundredGigE1/0/16:2,2986017,12012396192,2993921,12012639766,65.36,65.36
2024/05/24 星期五 00:39:01.817,1716482341817,NH-DC-NM129-H06-ROCE-Leaf-16.GPU.S9825,TwoHundredGigE1/0/16:2,0,0,0,0,0,0
2024/05/24 星期五 00:39:02.317,1716482342317,NH-DC-NM129-H06-ROCE-Leaf-16.GPU.S9825,TwoHundredGigE1/0/16:2,2094378,8299355836,2099041,8302792511,66.32,66.4
2024/05/24 星期五 00:39:02.923,1716482342923,NH-DC-NM129-H06-ROCE-Leaf-16.GPU.S9825,TwoHundredGigE1/0/16:2,0,0,0,0,0,0
2024/05/24 星期五 00:39:03.455,1716482343455,NH-DC-NM129-H06-ROCE-Leaf-16.GPU.S9825,TwoHundredGigE1/0/16:2,1713788,6791161168,1717088,6791911132,51.05,51.05
2024/05/24 星期五 00:39:04.200,1716482344200,NH-DC-NM129-H06-ROCE-Leaf-16.GPU.S9825,TwoHundredGigE1/0/16:2,3096750,12436154546,3104001,12433687055,66.74,66.74
2024/05/24 星期五 00:39:04.829,1716482344829,NH-DC-NM129-H06-ROCE-Leaf-16.GPU.S9825,TwoHundredGigE1/0/16:2,0,0,0,0,0,0
2024/05/24 星期五 00:39:05.334,1716482345334,NH-DC-NM129-H06-ROCE-Leaf-16.GPU.S9825,TwoHundredGigE1/0/16:2,1979218,7841991130,1982700,7842390072,62.10,62.10
2024/05/24 星期五 00:39:06.155,1716482346155,NH-DC-NM129-H06-ROCE-Leaf-16.GPU.S9825,TwoHundredGigE1/0/16:2,2131637,8442965710,2134699,8441191775,41.12,41.12
2024/05/24 星期五 00:39:07.159,1716482347159,NH-DC-NM129-H06-ROCE-Leaf-16.GPU.S9825,TwoHundredGigE1/0/16:2,2240638,8904129426,2243803,8899652418,35.46,35.42
2024/05/24 星期五 00:39:08.042,1716482348042,NH-DC-NM129-H06-ROCE-Leaf-16.GPU.S9825,TwoHundredGigE1/0/16:2,2640508,10603287978,2648699,10608792323,48.02,48.02
2024/05/24 星期五 00:39:08.543,1716482348543,NH-DC-NM129-H06-ROCE-Leaf-16.GPU.S9825,TwoHundredGigE1/0/16:2,0,0,0,0,0,0
2024/05/24 星期五 00:39:09.045,1716482349045,NH-DC-NM129-H06-ROCE-Leaf-16.GPU.S9825,TwoHundredGigE1/0/16:2,2066063,8184731254,2069508,8185650452,65.18,65.18
2024/05/24 星期五 00:39:09.597,1716482349597,NH-DC-NM129-H06-ROCE-Leaf-16.GPU.S9825,TwoHundredGigE1/0/16:2,0,0,0,0,0,0
2024/05/24 星期五 00:39:10.098,1716482350098,NH-DC-NM129-H06-ROCE-Leaf-16.GPU.S9825,TwoHundredGigE1/0/16:2,1969022,7802084132,1972415,7801276515,62.28,62.28
2024/05/24 星期五 00:39:10.854,1716482350854,NH-DC-NM129-H06-ROCE-Leaf-16.GPU.S9825,TwoHundredGigE1/0/16:2,2589997,10427547706,2596852,10428419188,55.13,55.13
2024/05/24 星期五 00:39:11.702,1716482351702,NH-DC-NM129-H06-ROCE-Leaf-16.GPU.S9825,TwoHundredGigE1/0/16:2,0,0,0,0,0,0
2024/05/24 星期五 00:39:12.205,1716482352205,NH-DC-NM129-H06-ROCE-Leaf-16.GPU.S9825,TwoHundredGigE1/0/16:2,2124316,8417888498,2128459,8418280175,66.88,66.88
2024/05/24 星期五 00:39:12.802,1716482352802,NH-DC-NM129-H06-ROCE-Leaf-16.GPU.S9825,TwoHundredGigE1/0/16:2,0,0,0,0,0,0
2024/05/24 星期五 00:39:13.382,1716482353382,NH-DC-NM129-H06-ROCE-Leaf-16.GPU.S9825,TwoHundredGigE1/0/16:2,2098341,8312558960,2102973,8316455624,57.31,57.31
2024/05/24 星期五 00:39:13.931,1716482353931,NH-DC-NM129-H06-ROCE-Leaf-16.GPU.S9825,TwoHundredGigE1/0/16:2,0,0,0,0,0,0
2024/05/24 星期五 00:39:14.586,1716482354586,NH-DC-NM129-H06-ROCE-Leaf-16.GPU.S9825,TwoHundredGigE1/0/16:2,1651618,6544858880,1653897,6541866425,39.94,39.94
2024/05/24 星期五 00:39:15.358,1716482355358,NH-DC-NM129-H06-ROCE-Leaf-16.GPU.S9825,TwoHundredGigE1/0/16:2,903656,3618032240,904498,3613897524,18.70,18.70
2024/05/24 星期五 00:39:15.872,1716482355872,NH-DC-NM129-H06-ROCE-Leaf-16.GPU.S9825,TwoHundredGigE1/0/16:2,0,0,0,0,0,0
2024/05/24 星期五 00:39:16.373,1716482356373,NH-DC-NM129-H06-ROCE-Leaf-16.GPU.S9825,TwoHundredGigE1/0/16:2,354027,1454413550,356726,1458782125,11.58,11.58
2024/05/24 星期五 00:39:16.985,1716482356985,NH-DC-NM129-H06-ROCE-Leaf-16.GPU.S9825,TwoHundredGigE1/0/16:2,0,0,0,0,0,0
2024/05/24 星期五 00:39:17.567,1716482357567,NH-DC-NM129-H06-ROCE-Leaf-16.GPU.S9825,TwoHundredGigE1/0/16:2,2235950,8935902380,2241019,8936516890,61.37,61.37
2024/05/24 星期五 00:39:18.254,1716482358254,NH-DC-NM129-H06-ROCE-Leaf-16.GPU.S9825,TwoHundredGigE1/0/16:2,1783095,7066127692,1786023,7064733407,41.11,41.11
2024/05/24 星期五 00:39:18.890,1716482358890,NH-DC-NM129-H06-ROCE-Leaf-16.GPU.S9825,TwoHundredGigE1/0/16:2,0,0,0,0,0,0
2024/05/24 星期五 00:39:19.390,1716482359390,NH-DC-NM129-H06-ROCE-Leaf-16.GPU.S9825,TwoHundredGigE1/0/16:2,2044917,8103232248,2049023,8103861310,64.8,64.8
2024/05/24 星期五 00:39:23.712,1716482363712,NH-DC-NM129-H06-ROCE-Leaf-16.GPU.S9825,TwoHundredGigE1/0/16:2,8670646,34520695052,8689393,34523096832,31.95,31.95
2024/05/24 星期五 00:39:24.213,1716482364213,NH-DC-NM129-H06-ROCE-Leaf-16.GPU.S9825,TwoHundredGigE1/0/16:2,3009357,12090051642,3017098,12090909453,96.53,96.53
2024/05/24 星期五 00:39:24.759,1716482364759,NH-DC-NM129-H06-ROCE-Leaf-16.GPU.S9825,TwoHundredGigE1/0/16:2,0,0,0,0,0,0
2024/05/24 星期五 00:39:25.268,1716482365268,NH-DC-NM129-H06-ROCE-Leaf-16.GPU.S9825,TwoHundredGigE1/0/16:2,1775016,7033713756,1778157,7033920786,55.25,55.25
2024/05/24 星期五 00:39:25.881,1716482365881,NH-DC-NM129-H06-ROCE-Leaf-16.GPU.S9825,TwoHundredGigE1/0/16:2,0,0,0,0,0,0
2024/05/24 星期五 00:39:26.397,1716482366397,NH-DC-NM129-H06-ROCE-Leaf-16.GPU.S9825,TwoHundredGigE1/0/16:2,2057896,8154309626,2062312,8156734535,63.18,63.18
2024/05/24 星期五 00:39:27.023,1716482367023,NH-DC-NM129-H06-ROCE-Leaf-16.GPU.S9825,TwoHundredGigE1/0/16:2,0,0,0,0,0,0
2024/05/24 星期五 00:39:27.602,1716482367602,NH-DC-NM129-H06-ROCE-Leaf-16.GPU.S9825,TwoHundredGigE1/0/16:2,2295948,9177368614,2300733,9174974632,63.35,63.35
2024/05/24 星期五 00:39:28.103,1716482368103,NH-DC-NM129-H06-ROCE-Leaf-16.GPU.S9825,TwoHundredGigE1/0/16:2,2205996,8826546540,2211192,8827656585,70.42,70.42
2024/05/24 星期五 00:39:29.202,1716482369202,NH-DC-NM129-H06-ROCE-Leaf-16.GPU.S9825,TwoHundredGigE1/0/16:2,1936447,7673148722,1939981,7673659110,27.92,27.92
2024/05/24 星期五 00:39:29.921,1716482369921,NH-DC-NM129-H06-ROCE-Leaf-16.GPU.S9825,TwoHundredGigE1/0/16:2,0,0,0,0,0,0
2024/05/24 星期五 00:39:30.434,1716482370434,NH-DC-NM129-H06-ROCE-Leaf-16.GPU.S9825,TwoHundredGigE1/0/16:2,1979567,7837682856,1981954,7837763998,61.05,61.05
2024/05/24 星期五 00:39:31.083,1716482371083,NH-DC-NM129-H06-ROCE-Leaf-16.GPU.S9825,TwoHundredGigE1/0/16:2,1208816,4774365878,1209173,4770261556,29.40,29.40
2024/05/24 星期五 00:39:31.657,1716482371657,NH-DC-NM129-H06-ROCE-Leaf-16.GPU.S9825,TwoHundredGigE1/0/16:2,0,0,0,0,0,0
2024/05/24 星期五 00:39:32.158,1716482372158,NH-DC-NM129-H06-ROCE-Leaf-16.GPU.S9825,TwoHundredGigE1/0/16:2,2,176,2,241,0,0
2024/05/24 星期五 00:39:32.810,1716482372810,NH-DC-NM129-H06-ROCE-Leaf-16.GPU.S9825,TwoHundredGigE1/0/16:2,0,0,0,0,0,0
2024/05/24 星期五 00:39:33.367,1716482373367,NH-DC-NM129-H06-ROCE-Leaf-16.GPU.S9825,TwoHundredGigE1/0/16:2,1353707,5544866658,1356470,5534206672,39.78,39.71
2024/05/24 星期五 00:39:33.897,1716482373897,NH-DC-NM129-H06-ROCE-Leaf-16.GPU.S9825,TwoHundredGigE1/0/16:2,0,0,0,0,0,0
2024/05/24 星期五 00:39:34.397,1716482374397,NH-DC-NM129-H06-ROCE-Leaf-16.GPU.S9825,TwoHundredGigE1/0/16:2,2148726,8512280368,2153930,8515892555,68.08,68.08
2024/05/24 星期五 00:39:35.027,1716482375027,NH-DC-NM129-H06-ROCE-Leaf-16.GPU.S9825,TwoHundredGigE1/0/16:2,2323734,9207780484,2331177,9220938248,58.41,58.54
2024/05/24 星期五 00:39:35.655,1716482375655,NH-DC-NM129-H06-ROCE-Leaf-16.GPU.S9825,TwoHundredGigE1/0/16:2,0,0,0,0,0,0
2024/05/24 星期五 00:39:37.202,1716482377202,NH-DC-NM129-H06-ROCE-Leaf-16.GPU.S9825,TwoHundredGigE1/0/16:2,4525732,18100004306,4536963,18101869915,46.80,46.80
2024/05/24 星期五 00:39:37.756,1716482377756,NH-DC-NM129-H06-ROCE-Leaf-16.GPU.S9825,TwoHundredGigE1/0/16:2,0,0,0,0,0,0
2024/05/24 星期五 00:39:38.259,1716482378259,NH-DC-NM129-H06-ROCE-Leaf-16.GPU.S9825,TwoHundredGigE1/0/16:2,1649656,6536978656,1652803,6537655987,51.93,51.93
2024/05/24 星期五 00:39:38.774,1716482378774,NH-DC-NM129-H06-ROCE-Leaf-16.GPU.S9825,TwoHundredGigE1/0/16:2,0,0,0,0,0,0
2024/05/24 星期五 00:39:39.382,1716482379382,NH-DC-NM129-H06-ROCE-Leaf-16.GPU.S9825,TwoHundredGigE1/0/16:2,2126697,8426323748,2130154,8425929136,55.39,55.39
2024/05/24 星期五 00:39:40.016,1716482380016,NH-DC-NM129-H06-ROCE-Leaf-16.GPU.S9825,TwoHundredGigE1/0/16:2,0,0,0,0,0,0
2024/05/24 星期五 00:39:40.517,1716482380517,NH-DC-NM129-H06-ROCE-Leaf-16.GPU.S9825,TwoHundredGigE1/0/16:2,2419867,9659079424,2424701,9658350207,77.05,77.05
2024/05/24 星期五 00:39:41.018,1716482381018,NH-DC-NM129-H06-ROCE-Leaf-16.GPU.S9825,TwoHundredGigE1/0/16:2,2530819,10122793564,2537196,10126060124,80.80,80.80
2024/05/24 星期五 00:39:41.682,1716482381682,NH-DC-NM129-H06-ROCE-Leaf-16.GPU.S9825,TwoHundredGigE1/0/16:2,0,0,0,0,0,0
2024/05/24 星期五 00:39:42.183,1716482382183,NH-DC-NM129-H06-ROCE-Leaf-16.GPU.S9825,TwoHundredGigE1/0/16:2,2193223,8691869298,2197030,8690913119,69.38,69.38
2024/05/24 星期五 00:39:42.873,1716482382873,NH-DC-NM129-H06-ROCE-Leaf-16.GPU.S9825,TwoHundredGigE1/0/16:2,0,0,0,0,0,0
2024/05/24 星期五 00:39:43.551,1716482383551,NH-DC-NM129-H06-ROCE-Leaf-16.GPU.S9825,TwoHundredGigE1/0/16:2,1706815,6763617134,1710086,6763869982,39.88,39.88
2024/05/24 星期五 00:39:44.117,1716482384117,NH-DC-NM129-H06-ROCE-Leaf-16.GPU.S9825,TwoHundredGigE1/0/16:2,2798902,11256696654,2807380,11262145305,79.51,79.58
2024/05/24 星期五 00:39:44.687,1716482384687,NH-DC-NM129-H06-ROCE-Leaf-16.GPU.S9825,TwoHundredGigE1/0/16:2,0,0,0,0,0,0
2024/05/24 星期五 00:39:45.299,1716482385299,NH-DC-NM129-H06-ROCE-Leaf-16.GPU.S9825,TwoHundredGigE1/0/16:2,1985585,7867824144,1987888,7862825632,51.37,51.37
2024/05/24 星期五 00:39:45.868,1716482385868,NH-DC-NM129-H06-ROCE-Leaf-16.GPU.S9825,TwoHundredGigE1/0/16:2,0,0,0,0,0,0
2024/05/24 星期五 00:39:46.517,1716482386517,NH-DC-NM129-H06-ROCE-Leaf-16.GPU.S9825,TwoHundredGigE1/0/16:2,2141231,8482343882,2145957,8488931737,52.27,52.27
2024/05/24 星期五 00:39:47.132,1716482387132,NH-DC-NM129-H06-ROCE-Leaf-16.GPU.S9825,TwoHundredGigE1/0/16:2,1792252,7097169760,1793911,7091556368,46.11,46.11
2024/05/24 星期五 00:39:47.636,1716482387636,NH-DC-NM129-H06-ROCE-Leaf-16.GPU.S9825,TwoHundredGigE1/0/16:2,0,0,0,0,0,0
2024/05/24 星期五 00:39:48.255,1716482388255,NH-DC-NM129-H06-ROCE-Leaf-16.GPU.S9825,TwoHundredGigE1/0/16:2,939437,3816183818,943182,3816431045,24.62,24.62
2024/05/24 星期五 00:39:48.808,1716482388808,NH-DC-NM129-H06-ROCE-Leaf-16.GPU.S9825,TwoHundredGigE1/0/16:2,0,0,0,0,0,0
2024/05/24 星期五 00:39:49.343,1716482389343,NH-DC-NM129-H06-ROCE-Leaf-16.GPU.S9825,TwoHundredGigE1/0/16:2,782265,3176187404,785494,3181505914,23.70,23.78
2024/05/24 星期五 00:39:50.040,1716482390040,NH-DC-NM129-H06-ROCE-Leaf-16.GPU.S9825,TwoHundredGigE1/0/16:2,2081451,8248517868,2083679,8241519613,47.29,47.29
2024/05/24 星期五 00:39:50.621,1716482390621,NH-DC-NM129-H06-ROCE-Leaf-16.GPU.S9825,TwoHundredGigE1/0/16:2,0,0,0,0,0,0
2024/05/24 星期五 00:39:51.127,1716482391127,NH-DC-NM129-H06-ROCE-Leaf-16.GPU.S9825,TwoHundredGigE1/0/16:2,2280423,9034707758,2284986,9038114176,71.38,71.38
2024/05/24 星期五 00:39:51.769,1716482391769,NH-DC-NM129-H06-ROCE-Leaf-16.GPU.S9825,TwoHundredGigE1/0/16:2,0,0,0,0,0,0
2024/05/24 星期五 00:39:52.301,1716482392301,NH-DC-NM129-H06-ROCE-Leaf-16.GPU.S9825,TwoHundredGigE1/0/16:2,1706068,6760048648,1707755,6754582987,50.83,50.75
2024/05/24 星期五 00:39:52.933,1716482392933,NH-DC-NM129-H06-ROCE-Leaf-16.GPU.S9825,TwoHundredGigE1/0/16:2,3109904,12488488340,3119365,12493586899,78.99,79.05
2024/05/24 星期五 00:39:53.576,1716482393576,NH-DC-NM129-H06-ROCE-Leaf-16.GPU.S9825,TwoHundredGigE1/0/16:2,0,0,0,0,0,0
2024/05/24 星期五 00:39:54.097,1716482394097,NH-DC-NM129-H06-ROCE-Leaf-16.GPU.S9825,TwoHundredGigE1/0/16:2,1708276,6768988910,1711259,6769218699,51.90,51.90
2024/05/24 星期五 00:39:54.603,1716482394603,NH-DC-NM129-H06-ROCE-Leaf-16.GPU.S9825,TwoHundredGigE1/0/16:2,2122235,8409984500,2126916,8413398940,66.40,66.48
2024/05/24 星期五 00:39:55.659,1716482395659,NH-DC-NM129-H06-ROCE-Leaf-16.GPU.S9825,TwoHundredGigE1/0/16:2,0,0,0,0,0,0
2024/05/24 星期五 00:39:56.370,1716482396370,NH-DC-NM129-H06-ROCE-Leaf-16.GPU.S9825,TwoHundredGigE1/0/16:2,2579273,10359393830,2584298,10354120101,58.23,58.23
2024/05/24 星期五 00:39:57.035,1716482397035,NH-DC-NM129-H06-ROCE-Leaf-16.GPU.S9825,TwoHundredGigE1/0/16:2,2263939,8996743674,2269927,9003360514,54.08,54.14
2024/05/24 星期五 00:39:57.612,1716482397612,NH-DC-NM129-H06-ROCE-Leaf-16.GPU.S9825,TwoHundredGigE1/0/16:2,0,0,0,0,0,0
2024/05/24 星期五 00:39:58.128,1716482398128,NH-DC-NM129-H06-ROCE-Leaf-16.GPU.S9825,TwoHundredGigE1/0/16:2,1979269,7843240040,1981750,7839545997,60.78,60.70
2024/05/24 星期五 00:39:58.793,1716482398793,NH-DC-NM129-H06-ROCE-Leaf-16.GPU.S9825,TwoHundredGigE1/0/16:2,0,0,0,0,0,0
2024/05/24 星期五 00:39:59.387,1716482399387,NH-DC-NM129-H06-ROCE-Leaf-16.GPU.S9825,TwoHundredGigE1/0/16:2,1810674,7173292480,1813686,7173647460,48.28,48.28
2024/05/24 星期五 00:40:00.062,1716482400062,NH-DC-NM129-H06-ROCE-Leaf-16.GPU.S9825,TwoHundredGigE1/0/16:2,3397010,13624706996,3405411,13626341930,80.71,80.71
2024/05/24 星期五 00:40:00.641,1716482400641,NH-DC-NM129-H06-ROCE-Leaf-16.GPU.S9825,TwoHundredGigE1/0/16:2,0,0,0,0,0,0
2024/05/24 星期五 00:40:01.227,1716482401227,NH-DC-NM129-H06-ROCE-Leaf-16.GPU.S9825,TwoHundredGigE1/0/16:2,1775121,7033720810,1778209,7033924286,47.99,47.99
2024/05/24 星期五 00:40:01.729,1716482401729,NH-DC-NM129-H06-ROCE-Leaf-16.GPU.S9825,TwoHundredGigE1/0/16:2,0,0,0,0,0,0
2024/05/24 星期五 00:40:02.256,1716482402256,NH-DC-NM129-H06-ROCE-Leaf-16.GPU.S9825,TwoHundredGigE1/0/16:2,2065588,8184693676,2069135,8185275359,62.09,62.09
2024/05/24 星期五 00:40:02.893,1716482402893,NH-DC-NM129-H06-ROCE-Leaf-16.GPU.S9825,TwoHundredGigE1/0/16:2,0,0,0,0,0,0
2024/05/24 星期五 00:40:03.525,1716482403525,NH-DC-NM129-H06-ROCE-Leaf-16.GPU.S9825,TwoHundredGigE1/0/16:2,2191572,8762019750,2196000,8761847604,55.44,55.44
2024/05/24 星期五 00:40:04.101,1716482404101,NH-DC-NM129-H06-ROCE-Leaf-16.GPU.S9825,TwoHundredGigE1/0/16:2,67026,274919522,67457,275406979,1.88,1.88
2024/05/24 星期五 00:40:04.674,1716482404674,NH-DC-NM129-H06-ROCE-Leaf-16.GPU.S9825,TwoHundredGigE1/0/16:2,0,0,0,0,0,0
2024/05/24 星期五 00:40:05.173,1716482405173,NH-DC-NM129-H06-ROCE-Leaf-16.GPU.S9825,TwoHundredGigE1/0/16:2,1396846,5610871680,1400199,5611440642,44.97,44.97
2024/05/24 星期五 00:40:05.942,1716482405942,NH-DC-NM129-H06-ROCE-Leaf-16.GPU.S9825,TwoHundredGigE1/0/16:2,0,0,0,0,0,0
2024/05/24 星期五 00:40:06.596,1716482406596,NH-DC-NM129-H06-ROCE-Leaf-16.GPU.S9825,TwoHundredGigE1/0/16:2,1904006,7545249872,1907613,7545487711,46.12,46.12
2024/05/24 星期五 00:40:07.531,1716482407531,NH-DC-NM129-H06-ROCE-Leaf-16.GPU.S9825,TwoHundredGigE1/0/16:2,2137667,8469762754,2141307,8470912670,36.19,36.24
2024/05/24 星期五 00:40:08.863,1716482408863,NH-DC-NM129-H06-ROCE-Leaf-16.GPU.S9825,TwoHundredGigE1/0/16:2,1719413,6804619908,1720905,6800620557,20.42,20.42
2024/05/24 星期五 00:40:09.509,1716482409509,NH-DC-NM129-H06-ROCE-Leaf-16.GPU.S9825,TwoHundredGigE1/0/16:2,2960970,11906214778,2970163,11910842148,73.68,73.75
2024/05/24 星期五 00:40:10.170,1716482410170,NH-DC-NM129-H06-ROCE-Leaf-16.GPU.S9825,TwoHundredGigE1/0/16:2,1936793,7673173658,1940118,7673739293,46.41,46.41
2024/05/24 星期五 00:40:10.735,1716482410735,NH-DC-NM129-H06-ROCE-Leaf-16.GPU.S9825,TwoHundredGigE1/0/16:2,0,0,0,0,0,0
2024/05/24 星期五 00:40:11.340,1716482411340,NH-DC-NM129-H06-ROCE-Leaf-16.GPU.S9825,TwoHundredGigE1/0/16:2,2052060,8131699458,2056332,8133620686,53.75,53.75
2024/05/24 星期五 00:40:11.842,1716482411842,NH-DC-NM129-H06-ROCE-Leaf-16.GPU.S9825,TwoHundredGigE1/0/16:2,0,0,0,0,0,0
2024/05/24 星期五 00:40:12.350,1716482412350,NH-DC-NM129-H06-ROCE-Leaf-16.GPU.S9825,TwoHundredGigE1/0/16:2,2441916,9841089390,2448045,9839854425,77.48,77.40
2024/05/24 星期五 00:40:13.261,1716482413261,NH-DC-NM129-H06-ROCE-Leaf-16.GPU.S9825,TwoHundredGigE1/0/16:2,1957588,7757222858,1960911,7756123506,34.03,34.03
2024/05/24 星期五 00:40:14.376,1716482414376,NH-DC-NM129-H06-ROCE-Leaf-16.GPU.S9825,TwoHundredGigE1/0/16:2,2208508,8751621972,2213260,8754718921,31.39,31.39
2024/05/24 星期五 00:40:15.002,1716482415002,NH-DC-NM129-H06-ROCE-Leaf-16.GPU.S9825,TwoHundredGigE1/0/16:2,1772075,7022129820,1775422,7021790876,44.86,44.86
2024/05/24 星期五 00:40:16.381,1716482416381,NH-DC-NM129-H06-ROCE-Leaf-16.GPU.S9825,TwoHundredGigE1/0/16:2,3039261,12207199676,3048665,12213461067,35.39,35.42
2024/05/24 星期五 00:40:17.888,1716482417888,NH-DC-NM129-H06-ROCE-Leaf-16.GPU.S9825,TwoHundredGigE1/0/16:2,1843297,7304227732,1845563,7299447730,19.38,19.35
2024/05/24 星期五 00:40:18.393,1716482418393,NH-DC-NM129-H06-ROCE-Leaf-16.GPU.S9825,TwoHundredGigE1/0/16:2,1935429,7669163674,1939094,7669321141,60.67,60.67
2024/05/24 星期五 00:40:20.397,1716482420397,NH-DC-NM129-H06-ROCE-Leaf-16.GPU.S9825,TwoHundredGigE1/0/16:2,2613074,10443641468,2619347,10444055535,20.84,20.84
2024/05/24 星期五 00:40:22.063,1716482422063,NH-DC-NM129-H06-ROCE-Leaf-16.GPU.S9825,TwoHundredGigE1/0/16:2,2138690,8552214412,2143561,8553162531,20.53,20.53
2024/05/24 星期五 00:40:22.905,1716482422905,NH-DC-NM129-H06-ROCE-Leaf-16.GPU.S9825,TwoHundredGigE1/0/16:2,1613684,6394288532,1616580,6394966540,30.36,30.36
2024/05/24 星期五 00:40:23.910,1716482423910,NH-DC-NM129-H06-ROCE-Leaf-16.GPU.S9825,TwoHundredGigE1/0/16:2,0,0,0,0,0,0
2024/05/24 星期五 00:40:24.430,1716482424430,NH-DC-NM129-H06-ROCE-Leaf-16.GPU.S9825,TwoHundredGigE1/0/16:2,2125370,8422116630,2130289,8426528497,64.77,64.77
2024/05/24 星期五 00:40:25.049,1716482425049,NH-DC-NM129-H06-ROCE-Leaf-16.GPU.S9825,TwoHundredGigE1/0/16:2,2322773,9317103180,2336947,9343393980,60.16,60.36
2024/05/24 星期五 00:40:25.645,1716482425645,NH-DC-NM129-H06-ROCE-Leaf-16.GPU.S9825,TwoHundredGigE1/0/16:2,0,0,0,0,0,0
2024/05/24 星期五 00:40:26.164,1716482426164,NH-DC-NM129-H06-ROCE-Leaf-16.GPU.S9825,TwoHundredGigE1/0/16:2,2432245,9692267646,2430824,9662452481,74.68,74.45
2024/05/24 星期五 00:40:26.872,1716482426872,NH-DC-NM129-H06-ROCE-Leaf-16.GPU.S9825,TwoHundredGigE1/0/16:2,2195883,8701052914,2200074,8702508700,49.15,49.15
2024/05/24 星期五 00:40:27.692,1716482427692,NH-DC-NM129-H06-ROCE-Leaf-16.GPU.S9825,TwoHundredGigE1/0/16:2,0,0,0,0,0,0
2024/05/24 星期五 00:40:28.213,1716482428213,NH-DC-NM129-H06-ROCE-Leaf-16.GPU.S9825,TwoHundredGigE1/0/16:2,1613774,6394294348,1616701,6394487595,49.06,49.06
2024/05/24 星期五 00:40:28.866,1716482428866,NH-DC-NM129-H06-ROCE-Leaf-16.GPU.S9825,TwoHundredGigE1/0/16:2,0,0,0,0,0,0
2024/05/24 星期五 00:40:29.369,1716482429369,NH-DC-NM129-H06-ROCE-Leaf-16.GPU.S9825,TwoHundredGigE1/0/16:2,3028630,12167125630,3036472,12169130976,96.70,96.70
2024/05/24 星期五 00:40:29.957,1716482429957,NH-DC-NM129-H06-ROCE-Leaf-16.GPU.S9825,TwoHundredGigE1/0/16:2,1889957,7489144570,1893284,7488898984,50.88,50.88
2024/05/24 星期五 00:40:30.830,1716482430830,NH-DC-NM129-H06-ROCE-Leaf-16.GPU.S9825,TwoHundredGigE1/0/16:2,0,0,0,0,0,0
2024/05/24 星期五 00:40:31.432,1716482431432,NH-DC-NM129-H06-ROCE-Leaf-16.GPU.S9825,TwoHundredGigE1/0/16:2,2157046,8547370726,2160820,8547362896,56.74,56.74
2024/05/24 星期五 00:40:31.971,1716482431971,NH-DC-NM129-H06-ROCE-Leaf-16.GPU.S9825,TwoHundredGigE1/0/16:2,0,0,0,0,0,0
2024/05/24 星期五 00:40:32.975,1716482432975,NH-DC-NM129-H06-ROCE-Leaf-16.GPU.S9825,TwoHundredGigE1/0/16:2,2609264,10447463202,2612757,10437496775,41.59,41.55
2024/05/24 星期五 00:40:33.938,1716482433938,NH-DC-NM129-H06-ROCE-Leaf-16.GPU.S9825,TwoHundredGigE1/0/16:2,4413597,17544972860,4425304,17556764693,72.86,72.90
2024/05/24 星期五 00:40:34.693,1716482434693,NH-DC-NM129-H06-ROCE-Leaf-16.GPU.S9825,TwoHundredGigE1/0/16:2,0,0,0,0,0,0
2024/05/24 星期五 00:40:36.941,1716482436941,NH-DC-NM129-H06-ROCE-Leaf-16.GPU.S9825,TwoHundredGigE1/0/16:2,2662204,10533994100,2664060,10525610153,18.74,18.72
2024/05/24 星期五 00:40:37.527,1716482437527,NH-DC-NM129-H06-ROCE-Leaf-16.GPU.S9825,TwoHundredGigE1/0/16:2,0,0,0,0,0,0
2024/05/24 星期五 00:40:38.228,1716482438228,NH-DC-NM129-H06-ROCE-Leaf-16.GPU.S9825,TwoHundredGigE1/0/16:2,2338665,9440574258,2346301,9449654651,53.87,53.87
2024/05/24 星期五 00:40:38.806,1716482438806,NH-DC-NM129-H06-ROCE-Leaf-16.GPU.S9825,TwoHundredGigE1/0/16:2,0,0,0,0,0,0
2024/05/24 星期五 00:40:39.349,1716482439349,NH-DC-NM129-H06-ROCE-Leaf-16.GPU.S9825,TwoHundredGigE1/0/16:2,1839782,7289500056,1842738,7289694492,53.63,53.63
2024/05/24 星期五 00:40:40.465,1716482440465,NH-DC-NM129-H06-ROCE-Leaf-16.GPU.S9825,TwoHundredGigE1/0/16:2,2130050,8440459416,2133927,8441202211,30.25,30.25
2024/05/24 星期五 00:40:41.225,1716482441225,NH-DC-NM129-H06-ROCE-Leaf-16.GPU.S9825,TwoHundredGigE1/0/16:2,2243890,8960597234,2249459,8960833062,47.16,47.16
2024/05/24 星期五 00:40:41.905,1716482441905,NH-DC-NM129-H06-ROCE-Leaf-16.GPU.S9825,TwoHundredGigE1/0/16:2,0,0,0,0,0,0
2024/05/24 星期五 00:40:42.492,1716482442492,NH-DC-NM129-H06-ROCE-Leaf-16.GPU.S9825,TwoHundredGigE1/0/16:2,2512547,10054482512,2518875,10056819395,68.48,68.48
2024/05/24 星期五 00:40:43.038,1716482443038,NH-DC-NM129-H06-ROCE-Leaf-16.GPU.S9825,TwoHundredGigE1/0/16:2,1931515,7653906526,1934777,7653168458,56.04,56.04
2024/05/24 星期五 00:40:43.656,1716482443656,NH-DC-NM129-H06-ROCE-Leaf-16.GPU.S9825,TwoHundredGigE1/0/16:2,0,0,0,0,0,0
2024/05/24 星期五 00:40:44.245,1716482444245,NH-DC-NM129-H06-ROCE-Leaf-16.GPU.S9825,TwoHundredGigE1/0/16:2,1968736,7801033488,1972167,7801259571,52.97,52.97
2024/05/24 星期五 00:40:45.158,1716482445158,NH-DC-NM129-H06-ROCE-Leaf-16.GPU.S9825,TwoHundredGigE1/0/16:2,2493539,10043924082,2500223,10044564326,43.99,43.99
2024/05/24 星期五 00:40:45.762,1716482445762,NH-DC-NM129-H06-ROCE-Leaf-16.GPU.S9825,TwoHundredGigE1/0/16:2,0,0,0,0,0,0
2024/05/24 星期五 00:40:46.300,1716482446300,NH-DC-NM129-H06-ROCE-Leaf-16.GPU.S9825,TwoHundredGigE1/0/16:2,2097833,8312577170,2101607,8312825471,61.78,61.78
2024/05/24 星期五 00:40:46.801,1716482446801,NH-DC-NM129-H06-ROCE-Leaf-16.GPU.S9825,TwoHundredGigE1/0/16:2,0,0,0,0,0,0
2024/05/24 星期五 00:40:47.404,1716482447404,NH-DC-NM129-H06-ROCE-Leaf-16.GPU.S9825,TwoHundredGigE1/0/16:2,2356031,9335664058,2360223,9336427454,61.89,61.89
2024/05/24 星期五 00:40:48.044,1716482448044,NH-DC-NM129-H06-ROCE-Leaf-16.GPU.S9825,TwoHundredGigE1/0/16:2,1484596,5882745972,1487188,5882916825,36.75,36.75
2024/05/24 星期五 00:40:48.844,1716482448844,NH-DC-NM129-H06-ROCE-Leaf-16.GPU.S9825,TwoHundredGigE1/0/16:2,0,0,0,0,0,0
2024/05/24 星期五 00:40:49.429,1716482449429,NH-DC-NM129-H06-ROCE-Leaf-16.GPU.S9825,TwoHundredGigE1/0/16:2,2912251,11706374246,2918837,11707295154,80,80
2024/05/24 星期五 00:40:49.932,1716482449932,NH-DC-NM129-H06-ROCE-Leaf-16.GPU.S9825,TwoHundredGigE1/0/16:2,0,0,0,0,0,0
2024/05/24 星期五 00:40:50.433,1716482450433,NH-DC-NM129-H06-ROCE-Leaf-16.GPU.S9825,TwoHundredGigE1/0/16:2,1839579,7289486390,1842875,7289703707,58.12,58.12
2024/05/24 星期五 00:40:51.057,1716482451057,NH-DC-NM129-H06-ROCE-Leaf-16.GPU.S9825,TwoHundredGigE1/0/16:2,2131776,8447924188,2135994,8449413176,54.10,54.10
2024/05/24 星期五 00:40:51.690,1716482451690,NH-DC-NM129-H06-ROCE-Leaf-16.GPU.S9825,TwoHundredGigE1/0/16:2,0,0,0,0,0,0
2024/05/24 星期五 00:40:52.447,1716482452447,NH-DC-NM129-H06-ROCE-Leaf-16.GPU.S9825,TwoHundredGigE1/0/16:2,2353673,9413131862,2359293,9412707747,49.72,49.72
2024/05/24 星期五 00:40:52.990,1716482452990,NH-DC-NM129-H06-ROCE-Leaf-16.GPU.S9825,TwoHundredGigE1/0/16:2,0,0,0,0,0,0
2024/05/24 星期五 00:40:53.491,1716482453491,NH-DC-NM129-H06-ROCE-Leaf-16.GPU.S9825,TwoHundredGigE1/0/16:2,0,0,0,0,0,0
2024/05/24 星期五 00:40:53.994,1716482453994,NH-DC-NM129-H06-ROCE-Leaf-16.GPU.S9825,TwoHundredGigE1/0/16:2,0,0,0,0,0,0
2024/05/24 星期五 00:40:55.030,1716482455030,NH-DC-NM129-H06-ROCE-Leaf-16.GPU.S9825,TwoHundredGigE1/0/16:2,2803153,11183789878,2809179,11184523027,43.17,43.17
2024/05/24 星期五 00:40:56.300,1716482456300,NH-DC-NM129-H06-ROCE-Leaf-16.GPU.S9825,TwoHundredGigE1/0/16:2,2355437,9333782556,2359835,9334486255,29.39,29.39
2024/05/24 星期五 00:40:56.924,1716482456924,NH-DC-NM129-H06-ROCE-Leaf-16.GPU.S9825,TwoHundredGigE1/0/16:2,0,0,0,0,0,0
2024/05/24 星期五 00:40:57.463,1716482457463,NH-DC-NM129-H06-ROCE-Leaf-16.GPU.S9825,TwoHundredGigE1/0/16:2,1636088,6481666814,1636915,6473871130,48.09,48.01
2024/05/24 星期五 00:40:58.076,1716482458076,NH-DC-NM129-H06-ROCE-Leaf-16.GPU.S9825,TwoHundredGigE1/0/16:2,2678439,10779748458,2688662,10788568613,70.28,70.34
2024/05/24 星期五 00:40:58.607,1716482458607,NH-DC-NM129-H06-ROCE-Leaf-16.GPU.S9825,TwoHundredGigE1/0/16:2,0,0,0,0,0,0
2024/05/24 星期五 00:40:59.534,1716482459534,NH-DC-NM129-H06-ROCE-Leaf-16.GPU.S9825,TwoHundredGigE1/0/16:2,1871802,7417368792,1875242,7417595448,31.97,31.97
2024/05/24 星期五 00:41:00.185,1716482460185,NH-DC-NM129-H06-ROCE-Leaf-16.GPU.S9825,TwoHundredGigE1/0/16:2,2154601,8537129820,2159381,8541147580,52.41,52.47
2024/05/24 星期五 00:41:00.704,1716482460704,NH-DC-NM129-H06-ROCE-Leaf-16.GPU.S9825,TwoHundredGigE1/0/16:2,0,0,0,0,0,0
2024/05/24 星期五 00:41:01.256,1716482461256,NH-DC-NM129-H06-ROCE-Leaf-16.GPU.S9825,TwoHundredGigE1/0/16:2,2036945,8099037202,2039621,8094450372,58.62,58.62
2024/05/24 星期五 00:41:01.881,1716482461881,NH-DC-NM129-H06-ROCE-Leaf-16.GPU.S9825,TwoHundredGigE1/0/16:2,0,0,0,0,0,0
2024/05/24 星期五 00:41:02.452,1716482462452,NH-DC-NM129-H06-ROCE-Leaf-16.GPU.S9825,TwoHundredGigE1/0/16:2,2716919,10904941892,2723660,10902866355,76.36,76.36
2024/05/24 星期五 00:41:03.290,1716482463290,NH-DC-NM129-H06-ROCE-Leaf-16.GPU.S9825,TwoHundredGigE1/0/16:2,1845968,7312824600,1850247,7319098792,34.89,34.89
2024/05/24 星期五 00:41:03.831,1716482463831,NH-DC-NM129-H06-ROCE-Leaf-16.GPU.S9825,TwoHundredGigE1/0/16:2,0,0,0,0,0,0
2024/05/24 星期五 00:41:04.335,1716482464335,NH-DC-NM129-H06-ROCE-Leaf-16.GPU.S9825,TwoHundredGigE1/0/16:2,2000849,7928908574,2004526,7929151097,62.86,62.86
2024/05/24 星期五 00:41:04.971,1716482464971,NH-DC-NM129-H06-ROCE-Leaf-16.GPU.S9825,TwoHundredGigE1/0/16:2,0,0,0,0,0,0
2024/05/24 星期五 00:41:05.497,1716482465497,NH-DC-NM129-H06-ROCE-Leaf-16.GPU.S9825,TwoHundredGigE1/0/16:2,2741364,11030852638,2751289,11033207328,83.88,83.88
2024/05/24 星期五 00:41:06.175,1716482466175,NH-DC-NM129-H06-ROCE-Leaf-16.GPU.S9825,TwoHundredGigE1/0/16:2,2074618,8220752630,2078211,8219777413,48.50,48.44
2024/05/24 星期五 00:41:07.152,1716482467152,NH-DC-NM129-H06-ROCE-Leaf-16.GPU.S9825,TwoHundredGigE1/0/16:2,2259460,8952025768,2263246,8952550824,36.64,36.64
2024/05/24 星期五 00:41:07.703,1716482467703,NH-DC-NM129-H06-ROCE-Leaf-16.GPU.S9825,TwoHundredGigE1/0/16:2,0,0,0,0,0,0
2024/05/24 星期五 00:41:08.207,1716482468207,NH-DC-NM129-H06-ROCE-Leaf-16.GPU.S9825,TwoHundredGigE1/0/16:2,1569515,6219066134,1573784,6225141201,49.29,49.37
2024/05/24 星期五 00:41:08.759,1716482468759,NH-DC-NM129-H06-ROCE-Leaf-16.GPU.S9825,TwoHundredGigE1/0/16:2,0,0,0,0,0,0
2024/05/24 星期五 00:41:09.433,1716482469433,NH-DC-NM129-H06-ROCE-Leaf-16.GPU.S9825,TwoHundredGigE1/0/16:2,2859756,11497948084,2865578,11492956480,68.19,68.19
2024/05/24 星期五 00:41:10.188,1716482470188,NH-DC-NM129-H06-ROCE-Leaf-16.GPU.S9825,TwoHundredGigE1/0/16:2,1834754,7270197294,1841255,7284270109,38.52,38.57
2024/05/24 星期五 00:41:10.748,1716482470748,NH-DC-NM129-H06-ROCE-Leaf-16.GPU.S9825,TwoHundredGigE1/0/16:2,0,0,0,0,0,0
2024/05/24 星期五 00:41:11.249,1716482471249,NH-DC-NM129-H06-ROCE-Leaf-16.GPU.S9825,TwoHundredGigE1/0/16:2,2102468,8331854242,2103212,8318684650,66.51,66.35
2024/05/24 星期五 00:41:11.822,1716482471822,NH-DC-NM129-H06-ROCE-Leaf-16.GPU.S9825,TwoHundredGigE1/0/16:2,0,0,0,0,0,0
2024/05/24 星期五 00:41:12.342,1716482472342,NH-DC-NM129-H06-ROCE-Leaf-16.GPU.S9825,TwoHundredGigE1/0/16:2,2772358,11125301664,2778285,11122107595,85.54,85.54
2024/05/24 星期五 00:41:13.056,1716482473056,NH-DC-NM129-H06-ROCE-Leaf-16.GPU.S9825,TwoHundredGigE1/0/16:2,2076905,8254257278,2081860,8258445948,46.22,46.22
2024/05/24 星期五 00:41:13.737,1716482473737,NH-DC-NM129-H06-ROCE-Leaf-16.GPU.S9825,TwoHundredGigE1/0/16:2,0,0,0,0,0,0
2024/05/24 星期五 00:41:14.267,1716482474267,NH-DC-NM129-H06-ROCE-Leaf-16.GPU.S9825,TwoHundredGigE1/0/16:2,2148802,8515012930,2153046,8516933819,64.23,64.23
2024/05/24 星期五 00:41:14.769,1716482474769,NH-DC-NM129-H06-ROCE-Leaf-16.GPU.S9825,TwoHundredGigE1/0/16:2,0,0,0,0,0,0
2024/05/24 星期五 00:41:15.401,1716482475401,NH-DC-NM129-H06-ROCE-Leaf-16.GPU.S9825,TwoHundredGigE1/0/16:2,1821082,7216182086,1824003,7213992024,45.63,45.63
2024/05/24 星期五 00:41:19.067,1716482479067,NH-DC-NM129-H06-ROCE-Leaf-16.GPU.S9825,TwoHundredGigE1/0/16:2,8531660,33969346194,8551090,33978954386,37.05,37.06
2024/05/24 星期五 00:41:19.691,1716482479691,NH-DC-NM129-H06-ROCE-Leaf-16.GPU.S9825,TwoHundredGigE1/0/16:2,0,0,0,0,0,0
2024/05/24 星期五 00:41:20.224,1716482480224,NH-DC-NM129-H06-ROCE-Leaf-16.GPU.S9825,TwoHundredGigE1/0/16:2,2990227,12019559576,2997047,12014454295,90.13,90.13
2024/05/24 星期五 00:41:21.490,1716482481490,NH-DC-NM129-H06-ROCE-Leaf-16.GPU.S9825,TwoHundredGigE1/0/16:2,3856196,15278966108,3862586,15277181765,48.25,48.25
2024/05/24 星期五 00:41:23.033,1716482483033,NH-DC-NM129-H06-ROCE-Leaf-16.GPU.S9825,TwoHundredGigE1/0/16:2,2096937,8397485474,2102402,8397845996,21.75,21.75
2024/05/24 星期五 00:41:23.754,1716482483754,NH-DC-NM129-H06-ROCE-Leaf-16.GPU.S9825,TwoHundredGigE1/0/16:2,0,0,0,0,0,0
2024/05/24 星期五 00:41:24.310,1716482484310,NH-DC-NM129-H06-ROCE-Leaf-16.GPU.S9825,TwoHundredGigE1/0/16:2,0,0,1,123,0,0
2024/05/24 星期五 00:41:24.905,1716482484905,NH-DC-NM129-H06-ROCE-Leaf-16.GPU.S9825,TwoHundredGigE1/0/16:2,0,0,0,0,0,0
2024/05/24 星期五 00:41:25.492,1716482485492,NH-DC-NM129-H06-ROCE-Leaf-16.GPU.S9825,TwoHundredGigE1/0/16:2,1427051,5730372118,1431006,5734022692,39.05,39.05
2024/05/24 星期五 00:41:25.994,1716482485994,NH-DC-NM129-H06-ROCE-Leaf-16.GPU.S9825,TwoHundredGigE1/0/16:2,1874652,7428543928,1877508,7426178129,59.12,59.12
2024/05/24 星期五 00:41:26.744,1716482486744,NH-DC-NM129-H06-ROCE-Leaf-16.GPU.S9825,TwoHundredGigE1/0/16:2,0,0,0,0,0,0
2024/05/24 星期五 00:41:27.421,1716482487421,NH-DC-NM129-H06-ROCE-Leaf-16.GPU.S9825,TwoHundredGigE1/0/16:2,2097348,8310977436,2100866,8310111204,49.10,49.10
2024/05/24 星期五 00:41:27.926,1716482487926,NH-DC-NM129-H06-ROCE-Leaf-16.GPU.S9825,TwoHundredGigE1/0/16:2,0,0,0,0,0,0
2024/05/24 星期五 00:41:28.481,1716482488481,NH-DC-NM129-H06-ROCE-Leaf-16.GPU.S9825,TwoHundredGigE1/0/16:2,1920874,7604144668,1923192,7602741857,54.77,54.77
2024/05/24 星期五 00:41:29.011,1716482489011,NH-DC-NM129-H06-ROCE-Leaf-16.GPU.S9825,TwoHundredGigE1/0/16:2,0,0,0,0,0,0
2024/05/24 星期五 00:41:29.579,1716482489579,NH-DC-NM129-H06-ROCE-Leaf-16.GPU.S9825,TwoHundredGigE1/0/16:2,2928063,11775392070,2936345,11777841610,82.89,82.89
2024/05/24 星期五 00:41:30.436,1716482490436,NH-DC-NM129-H06-ROCE-Leaf-16.GPU.S9825,TwoHundredGigE1/0/16:2,2065391,8184680346,2069252,8185492452,38.18,38.18
2024/05/24 星期五 00:41:31.089,1716482491089,NH-DC-NM129-H06-ROCE-Leaf-16.GPU.S9825,TwoHundredGigE1/0/16:2,1883682,7461777106,1888107,7463968192,45.70,45.70
2024/05/24 星期五 00:41:31.633,1716482491633,NH-DC-NM129-H06-ROCE-Leaf-16.GPU.S9825,TwoHundredGigE1/0/16:2,0,0,0,0,0,0
2024/05/24 星期五 00:41:32.141,1716482492141,NH-DC-NM129-H06-ROCE-Leaf-16.GPU.S9825,TwoHundredGigE1/0/16:2,2675709,10766856536,2682479,10765970851,84.72,84.72
2024/05/24 星期五 00:41:32.647,1716482492647,NH-DC-NM129-H06-ROCE-Leaf-16.GPU.S9825,TwoHundredGigE1/0/16:2,0,0,0,0,0,0
2024/05/24 星期五 00:41:33.307,1716482493307,NH-DC-NM129-H06-ROCE-Leaf-16.GPU.S9825,TwoHundredGigE1/0/16:2,1895633,7511158974,1898571,7509579190,45.52,45.45
2024/05/24 星期五 00:41:33.891,1716482493891,NH-DC-NM129-H06-ROCE-Leaf-16.GPU.S9825,TwoHundredGigE1/0/16:2,0,0,0,0,0,0
2024/05/24 星期五 00:41:34.390,1716482494390,NH-DC-NM129-H06-ROCE-Leaf-16.GPU.S9825,TwoHundredGigE1/0/16:2,2295668,9096489902,2300225,9098168641,72.87,72.87
2024/05/24 星期五 00:41:34.950,1716482494950,NH-DC-NM129-H06-ROCE-Leaf-16.GPU.S9825,TwoHundredGigE1/0/16:2,0,0,0,0,0,0
2024/05/24 星期五 00:41:35.530,1716482495530,NH-DC-NM129-H06-ROCE-Leaf-16.GPU.S9825,TwoHundredGigE1/0/16:2,1690817,6699016100,1691808,6691956618,46.14,46.14
2024/05/24 星期五 00:41:36.853,1716482496853,NH-DC-NM129-H06-ROCE-Leaf-16.GPU.S9825,TwoHundredGigE1/0/16:2,3324459,13337499646,3334514,13346329697,40.30,40.33
2024/05/24 星期五 00:41:37.508,1716482497508,NH-DC-NM129-H06-ROCE-Leaf-16.GPU.S9825,TwoHundredGigE1/0/16:2,1794951,7111772226,1798322,7113639708,43.42,43.42
2024/05/24 星期五 00:41:38.044,1716482498044,NH-DC-NM129-H06-ROCE-Leaf-16.GPU.S9825,TwoHundredGigE1/0/16:2,1905135,7549281116,1907927,7546709255,56.27,56.27
2024/05/24 星期五 00:41:38.615,1716482498615,NH-DC-NM129-H06-ROCE-Leaf-16.GPU.S9825,TwoHundredGigE1/0/16:2,0,0,0,0,0,0
2024/05/24 星期五 00:41:39.148,1716482499148,NH-DC-NM129-H06-ROCE-Leaf-16.GPU.S9825,TwoHundredGigE1/0/16:2,2140830,8571201970,2148008,8572990676,64.32,64.32
2024/05/24 星期五 00:41:39.689,1716482499689,NH-DC-NM129-H06-ROCE-Leaf-16.GPU.S9825,TwoHundredGigE1/0/16:2,0,0,0,0,0,0
2024/05/24 星期五 00:41:40.397,1716482500397,NH-DC-NM129-H06-ROCE-Leaf-16.GPU.S9825,TwoHundredGigE1/0/16:2,0,0,1,123,0,0
2024/05/24 星期五 00:41:41.031,1716482501031,NH-DC-NM129-H06-ROCE-Leaf-16.GPU.S9825,TwoHundredGigE1/0/16:2,0,0,0,0,0,0
2024/05/24 星期五 00:41:41.547,1716482501547,NH-DC-NM129-H06-ROCE-Leaf-16.GPU.S9825,TwoHundredGigE1/0/16:2,1208298,4862862276,1210717,4862103798,37.67,37.67
2024/05/24 星期五 00:41:42.061,1716482502061,NH-DC-NM129-H06-ROCE-Leaf-16.GPU.S9825,TwoHundredGigE1/0/16:2,0,0,0,0,0,0
2024/05/24 星期五 00:41:42.564,1716482502564,NH-DC-NM129-H06-ROCE-Leaf-16.GPU.S9825,TwoHundredGigE1/0/16:2,1996005,7909624198,1999990,7911291109,62.82,62.90
2024/05/24 星期五 00:41:43.198,1716482503198,NH-DC-NM129-H06-ROCE-Leaf-16.GPU.S9825,TwoHundredGigE1/0/16:2,2033113,8056794374,2036976,8057397156,50.79,50.79
2024/05/24 星期五 00:41:43.964,1716482503964,NH-DC-NM129-H06-ROCE-Leaf-16.GPU.S9825,TwoHundredGigE1/0/16:2,1648868,6533767324,1650268,6527910659,34.10,34.05
2024/05/24 星期五 00:41:44.625,1716482504625,NH-DC-NM129-H06-ROCE-Leaf-16.GPU.S9825,TwoHundredGigE1/0/16:2,0,0,0,0,0,0
2024/05/24 星期五 00:41:45.128,1716482505128,NH-DC-NM129-H06-ROCE-Leaf-16.GPU.S9825,TwoHundredGigE1/0/16:2,2934414,11789910544,2942273,11799001404,93.68,93.76
2024/05/24 星期五 00:41:45.727,1716482505727,NH-DC-NM129-H06-ROCE-Leaf-16.GPU.S9825,TwoHundredGigE1/0/16:2,0,0,0,0,0,0
2024/05/24 星期五 00:41:46.236,1716482506236,NH-DC-NM129-H06-ROCE-Leaf-16.GPU.S9825,TwoHundredGigE1/0/16:2,1751439,6938696998,1753911,6936431787,54.46,54.46
2024/05/24 星期五 00:41:46.827,1716482506827,NH-DC-NM129-H06-ROCE-Leaf-16.GPU.S9825,TwoHundredGigE1/0/16:2,0,0,0,0,0,0
2024/05/24 星期五 00:41:47.608,1716482507608,NH-DC-NM129-H06-ROCE-Leaf-16.GPU.S9825,TwoHundredGigE1/0/16:2,2130038,8440458944,2134111,8441076350,43.23,43.23
2024/05/24 星期五 00:41:48.240,1716482508240,NH-DC-NM129-H06-ROCE-Leaf-16.GPU.S9825,TwoHundredGigE1/0/16:2,2489081,9974926270,2494241,9975266683,63.10,63.10
2024/05/24 星期五 00:41:48.741,1716482508741,NH-DC-NM129-H06-ROCE-Leaf-16.GPU.S9825,TwoHundredGigE1/0/16:2,0,0,0,0,0,0
2024/05/24 星期五 00:41:49.268,1716482509268,NH-DC-NM129-H06-ROCE-Leaf-16.GPU.S9825,TwoHundredGigE1/0/16:2,2373258,9456773222,2378900,9457419676,71.73,71.73
2024/05/24 星期五 00:41:49.769,1716482509769,NH-DC-NM129-H06-ROCE-Leaf-16.GPU.S9825,TwoHundredGigE1/0/16:2,0,0,0,0,0,0
2024/05/24 星期五 00:41:50.272,1716482510272,NH-DC-NM129-H06-ROCE-Leaf-16.GPU.S9825,TwoHundredGigE1/0/16:2,2181433,8644083496,2185772,8645002537,68.71,68.71
2024/05/24 星期五 00:41:50.960,1716482510960,NH-DC-NM129-H06-ROCE-Leaf-16.GPU.S9825,TwoHundredGigE1/0/16:2,1807255,7161598250,1810573,7161816370,41.63,41.63
2024/05/24 星期五 00:41:51.592,1716482511592,NH-DC-NM129-H06-ROCE-Leaf-16.GPU.S9825,TwoHundredGigE1/0/16:2,0,0,0,0,0,0
2024/05/24 星期五 00:41:52.093,1716482512093,NH-DC-NM129-H06-ROCE-Leaf-16.GPU.S9825,TwoHundredGigE1/0/16:2,2879798,11578477264,2889715,11579478423,92.38,92.38
2024/05/24 星期五 00:41:52.706,1716482512706,NH-DC-NM129-H06-ROCE-Leaf-16.GPU.S9825,TwoHundredGigE1/0/16:2,0,0,0,0,0,0
2024/05/24 星期五 00:41:53.248,1716482513248,NH-DC-NM129-H06-ROCE-Leaf-16.GPU.S9825,TwoHundredGigE1/0/16:2,1678238,6650059452,1681069,6650245914,49.08,49.08
2024/05/24 星期五 00:41:53.980,1716482513980,NH-DC-NM129-H06-ROCE-Leaf-16.GPU.S9825,TwoHundredGigE1/0/16:2,0,0,0,0,0,0
2024/05/24 星期五 00:41:54.505,1716482514505,NH-DC-NM129-H06-ROCE-Leaf-16.GPU.S9825,TwoHundredGigE1/0/16:2,2149555,8515733906,2156483,8529558321,64.84,64.91
2024/05/24 星期五 00:41:55.391,1716482515391,NH-DC-NM129-H06-ROCE-Leaf-16.GPU.S9825,TwoHundredGigE1/0/16:2,2432276,9691336238,2434125,9676731582,43.75,43.66
2024/05/24 星期五 00:41:56.127,1716482516127,NH-DC-NM129-H06-ROCE-Leaf-16.GPU.S9825,TwoHundredGigE1/0/16:2,2656728,10636116406,2663948,10638921639,57.77,57.77
2024/05/24 星期五 00:41:56.649,1716482516649,NH-DC-NM129-H06-ROCE-Leaf-16.GPU.S9825,TwoHundredGigE1/0/16:2,0,0,0,0,0,0
2024/05/24 星期五 00:41:57.365,1716482517365,NH-DC-NM129-H06-ROCE-Leaf-16.GPU.S9825,TwoHundredGigE1/0/16:2,2159984,8560130506,2162160,8552820980,47.82,47.77
2024/05/24 星期五 00:41:57.945,1716482517945,NH-DC-NM129-H06-ROCE-Leaf-16.GPU.S9825,TwoHundredGigE1/0/16:2,1680356,6658258894,1685205,6666449443,45.86,45.93
2024/05/24 星期五 00:41:58.734,1716482518734,NH-DC-NM129-H06-ROCE-Leaf-16.GPU.S9825,TwoHundredGigE1/0/16:2,0,0,0,0,0,0
2024/05/24 星期五 00:41:59.772,1716482519772,NH-DC-NM129-H06-ROCE-Leaf-16.GPU.S9825,TwoHundredGigE1/0/16:2,2977287,11962177526,2984823,11962882946,46.09,46.09
2024/05/24 星期五 00:42:00.274,1716482520274,NH-DC-NM129-H06-ROCE-Leaf-16.GPU.S9825,TwoHundredGigE1/0/16:2,1914116,7584255214,1917858,7585171394,60.40,60.40
2024/05/24 星期五 00:42:00.989,1716482520989,NH-DC-NM129-H06-ROCE-Leaf-16.GPU.S9825,TwoHundredGigE1/0/16:2,0,0,0,0,0,0
2024/05/24 星期五 00:42:01.558,1716482521558,NH-DC-NM129-H06-ROCE-Leaf-16.GPU.S9825,TwoHundredGigE1/0/16:2,2152612,8529368982,2156303,8529261904,59.89,59.89
2024/05/24 星期五 00:42:02.123,1716482522123,NH-DC-NM129-H06-ROCE-Leaf-16.GPU.S9825,TwoHundredGigE1/0/16:2,1839300,7278960446,1843633,7285624887,51.47,51.54
2024/05/24 星期五 00:42:02.745,1716482522745,NH-DC-NM129-H06-ROCE-Leaf-16.GPU.S9825,TwoHundredGigE1/0/16:2,0,0,0,0,0,0
2024/05/24 星期五 00:42:03.272,1716482523272,NH-DC-NM129-H06-ROCE-Leaf-16.GPU.S9825,TwoHundredGigE1/0/16:2,2880037,11588999020,2886325,11583453638,87.89,87.89
2024/05/24 星期五 00:42:03.880,1716482523880,NH-DC-NM129-H06-ROCE-Leaf-16.GPU.S9825,TwoHundredGigE1/0/16:2,0,0,0,0,0,0
2024/05/24 星期五 00:42:04.430,1716482524430,NH-DC-NM129-H06-ROCE-Leaf-16.GPU.S9825,TwoHundredGigE1/0/16:2,1711264,6781573262,1713696,6778573495,49.31,49.24
2024/05/24 星期五 00:42:04.995,1716482524995,NH-DC-NM129-H06-ROCE-Leaf-16.GPU.S9825,TwoHundredGigE1/0/16:2,2129438,8436843362,2133903,8440712544,59.68,59.75
2024/05/24 星期五 00:42:05.602,1716482525602,NH-DC-NM129-H06-ROCE-Leaf-16.GPU.S9825,TwoHundredGigE1/0/16:2,0,0,0,0,0,0
2024/05/24 星期五 00:42:06.139,1716482526139,NH-DC-NM129-H06-ROCE-Leaf-16.GPU.S9825,TwoHundredGigE1/0/16:2,2848256,11450639520,2855601,11451541667,85.29,85.29
2024/05/24 星期五 00:42:06.713,1716482526713,NH-DC-NM129-H06-ROCE-Leaf-16.GPU.S9825,TwoHundredGigE1/0/16:2,2120870,8404516640,2125359,8406485912,58.54,58.54
2024/05/24 星期五 00:42:07.689,1716482527689,NH-DC-NM129-H06-ROCE-Leaf-16.GPU.S9825,TwoHundredGigE1/0/16:2,0,0,0,0,0,0
2024/05/24 星期五 00:42:08.225,1716482528225,NH-DC-NM129-H06-ROCE-Leaf-16.GPU.S9825,TwoHundredGigE1/0/16:2,2010008,7964849988,2013344,7963674623,59.40,59.40
2024/05/24 星期五 00:42:08.798,1716482528798,NH-DC-NM129-H06-ROCE-Leaf-16.GPU.S9825,TwoHundredGigE1/0/16:2,0,0,0,0,0,0
2024/05/24 星期五 00:42:09.400,1716482529400,NH-DC-NM129-H06-ROCE-Leaf-16.GPU.S9825,TwoHundredGigE1/0/16:2,1751157,6938893010,1754516,6939447921,46.05,46.05
2024/05/24 星期五 00:42:09.941,1716482529941,NH-DC-NM129-H06-ROCE-Leaf-16.GPU.S9825,TwoHundredGigE1/0/16:2,0,0,0,0,0,0
2024/05/24 星期五 00:42:10.820,1716482530820,NH-DC-NM129-H06-ROCE-Leaf-16.GPU.S9825,TwoHundredGigE1/0/16:2,2807830,11289715022,2815677,11290385783,51.33,51.38
2024/05/24 星期五 00:42:11.460,1716482531460,NH-DC-NM129-H06-ROCE-Leaf-16.GPU.S9825,TwoHundredGigE1/0/16:2,1871880,7417374964,1875340,7417602100,46.31,46.31
2024/05/24 星期五 00:42:11.965,1716482531965,NH-DC-NM129-H06-ROCE-Leaf-16.GPU.S9825,TwoHundredGigE1/0/16:2,2130107,0,2133998,0,0,0
2024/05/24 星期五 00:42:13.121,1716482533121,NH-DC-NM129-H06-ROCE-Leaf-16.GPU.S9825,TwoHundredGigE1/0/16:2,1670895,15051833560,1673379,15052881791,52.08,52.08
2024/05/24 星期五 00:42:13.622,1716482533622,NH-DC-NM129-H06-ROCE-Leaf-16.GPU.S9825,TwoHundredGigE1/0/16:2,0,0,0,0,0,0
2024/05/24 星期五 00:42:14.121,1716482534121,NH-DC-NM129-H06-ROCE-Leaf-16.GPU.S9825,TwoHundredGigE1/0/16:2,2952012,11872959380,2960603,11873664427,95.15,95.15
2024/05/24 星期五 00:42:14.744,1716482534744,NH-DC-NM129-H06-ROCE-Leaf-16.GPU.S9825,TwoHundredGigE1/0/16:2,0,0,0,0,0,0
2024/05/24 星期五 00:42:15.264,1716482535264,NH-DC-NM129-H06-ROCE-Leaf-16.GPU.S9825,TwoHundredGigE1/0/16:2,1936431,7673146430,1939985,7673937646,59,59
2024/05/24 星期五 00:42:15.857,1716482535857,NH-DC-NM129-H06-ROCE-Leaf-16.GPU.S9825,TwoHundredGigE1/0/16:2,0,0,0,0,0,0
2024/05/24 星期五 00:42:16.358,1716482536358,NH-DC-NM129-H06-ROCE-Leaf-16.GPU.S9825,TwoHundredGigE1/0/16:2,2034708,8056914276,2036886,8057043105,64.27,64.27
2024/05/24 星期五 00:42:16.903,1716482536903,NH-DC-NM129-H06-ROCE-Leaf-16.GPU.S9825,TwoHundredGigE1/0/16:2,0,0,0,0,0,0
2024/05/24 星期五 00:42:17.586,1716482537586,NH-DC-NM129-H06-ROCE-Leaf-16.GPU.S9825,TwoHundredGigE1/0/16:2,2686733,10811204870,2693477,10812062206,63.31,63.31
2024/05/24 星期五 00:42:18.093,1716482538093,NH-DC-NM129-H06-ROCE-Leaf-16.GPU.S9825,TwoHundredGigE1/0/16:2,1936421,7673145354,1940023,7673382435,60.51,60.51
2024/05/24 星期五 00:42:18.627,1716482538627,NH-DC-NM129-H06-ROCE-Leaf-16.GPU.S9825,TwoHundredGigE1/0/16:2,0,0,0,0,0,0
2024/05/24 星期五 00:42:19.250,1716482539250,NH-DC-NM129-H06-ROCE-Leaf-16.GPU.S9825,TwoHundredGigE1/0/16:2,2254084,8931161762,2259991,8939035618,57.34,57.34
2024/05/24 星期五 00:42:19.947,1716482539947,NH-DC-NM129-H06-ROCE-Leaf-16.GPU.S9825,TwoHundredGigE1/0/16:2,0,0,0,0,0,0
2024/05/24 星期五 00:42:22.566,1716482542566,NH-DC-NM129-H06-ROCE-Leaf-16.GPU.S9825,TwoHundredGigE1/0/16:2,6436176,25666841210,6447783,25660881196,39.19,39.19
2024/05/24 星期五 00:42:23.540,1716482543540,NH-DC-NM129-H06-ROCE-Leaf-16.GPU.S9825,TwoHundredGigE1/0/16:2,1957364,7755540566,1960363,7754816170,31.83,31.83
2024/05/24 星期五 00:42:24.042,1716482544042,NH-DC-NM129-H06-ROCE-Leaf-16.GPU.S9825,TwoHundredGigE1/0/16:2,1977243,7837991506,1980620,7836877169,62.39,62.39
2024/05/24 星期五 00:42:24.797,1716482544797,NH-DC-NM129-H06-ROCE-Leaf-16.GPU.S9825,TwoHundredGigE1/0/16:2,0,0,0,0,0,0
2024/05/24 星期五 00:42:25.446,1716482545446,NH-DC-NM129-H06-ROCE-Leaf-16.GPU.S9825,TwoHundredGigE1/0/16:2,2735715,11000772192,2742080,10997047872,67.80,67.73
2024/05/24 星期五 00:42:25.946,1716482545946,NH-DC-NM129-H06-ROCE-Leaf-16.GPU.S9825,TwoHundredGigE1/0/16:2,0,0,0,0,0,0
2024/05/24 星期五 00:42:26.499,1716482546499,NH-DC-NM129-H06-ROCE-Leaf-16.GPU.S9825,TwoHundredGigE1/0/16:2,2020763,8007615992,2026511,8016150623,57.87,57.94
2024/05/24 星期五 00:42:27.164,1716482547164,NH-DC-NM129-H06-ROCE-Leaf-16.GPU.S9825,TwoHundredGigE1/0/16:2,1968394,7797151786,1971685,7796796366,46.86,46.86
2024/05/24 星期五 00:42:27.700,1716482547700,NH-DC-NM129-H06-ROCE-Leaf-16.GPU.S9825,TwoHundredGigE1/0/16:2,0,0,0,0,0,0
2024/05/24 星期五 00:42:28.489,1716482548489,NH-DC-NM129-H06-ROCE-Leaf-16.GPU.S9825,TwoHundredGigE1/0/16:2,2069368,8312401360,2073846,8312696773,42.13,42.13
2024/05/24 星期五 00:42:29.047,1716482549047,NH-DC-NM129-H06-ROCE-Leaf-16.GPU.S9825,TwoHundredGigE1/0/16:2,2332849,0,2338278,0,0,0
2024/05/24 星期五 00:42:29.563,1716482549563,NH-DC-NM129-H06-ROCE-Leaf-16.GPU.S9825,TwoHundredGigE1/0/16:2,0,9296502862,0,9296987222,72.02,72.02
2024/05/24 星期五 00:42:30.556,1716482550556,NH-DC-NM129-H06-ROCE-Leaf-16.GPU.S9825,TwoHundredGigE1/0/16:2,2267798,8986009104,2271678,8985601702,36.17,36.17
2024/05/24 星期五 00:42:31.172,1716482551172,NH-DC-NM129-H06-ROCE-Leaf-16.GPU.S9825,TwoHundredGigE1/0/16:2,1820184,7212648574,1823203,7211451178,46.82,46.82
2024/05/24 星期五 00:42:31.829,1716482551829,NH-DC-NM129-H06-ROCE-Leaf-16.GPU.S9825,TwoHundredGigE1/0/16:2,0,0,0,0,0,0
2024/05/24 星期五 00:42:32.409,1716482552409,NH-DC-NM129-H06-ROCE-Leaf-16.GPU.S9825,TwoHundredGigE1/0/16:2,2597380,10453085294,2603556,10454054813,72.07,72.07
2024/05/24 星期五 00:42:32.911,1716482552911,NH-DC-NM129-H06-ROCE-Leaf-16.GPU.S9825,TwoHundredGigE1/0/16:2,0,0,0,0,0,0
2024/05/24 星期五 00:42:33.415,1716482553415,NH-DC-NM129-H06-ROCE-Leaf-16.GPU.S9825,TwoHundredGigE1/0/16:2,1743053,6905853114,1746183,6906057378,54.76,54.76
2024/05/24 星期五 00:42:34.124,1716482554124,NH-DC-NM129-H06-ROCE-Leaf-16.GPU.S9825,TwoHundredGigE1/0/16:2,2227842,8824191356,2231490,8824845453,49.76,49.76
2024/05/24 星期五 00:42:34.739,1716482554739,NH-DC-NM129-H06-ROCE-Leaf-16.GPU.S9825,TwoHundredGigE1/0/16:2,0,0,0,0,0,0
2024/05/24 星期五 00:42:35.410,1716482555410,NH-DC-NM129-H06-ROCE-Leaf-16.GPU.S9825,TwoHundredGigE1/0/16:2,1638550,6492121842,1641062,6488341100,38.69,38.63
2024/05/24 星期五 00:42:35.993,1716482555993,NH-DC-NM129-H06-ROCE-Leaf-16.GPU.S9825,TwoHundredGigE1/0/16:2,0,0,0,0,0,0
2024/05/24 星期五 00:42:37.147,1716482557147,NH-DC-NM129-H06-ROCE-Leaf-16.GPU.S9825,TwoHundredGigE1/0/16:2,4976539,19884410636,4989433,19891490917,68.91,68.94
2024/05/24 星期五 00:42:37.740,1716482557740,NH-DC-NM129-H06-ROCE-Leaf-16.GPU.S9825,TwoHundredGigE1/0/16:2,0,0,0,0,0,0
2024/05/24 星期五 00:42:38.303,1716482558303,NH-DC-NM129-H06-ROCE-Leaf-16.GPU.S9825,TwoHundredGigE1/0/16:2,1892824,7497168348,1895519,7496586233,53.21,53.21
2024/05/24 星期五 00:42:38.892,1716482558892,NH-DC-NM129-H06-ROCE-Leaf-16.GPU.S9825,TwoHundredGigE1/0/16:2,0,0,0,0,0,0
2024/05/24 星期五 00:42:39.408,1716482559408,NH-DC-NM129-H06-ROCE-Leaf-16.GPU.S9825,TwoHundredGigE1/0/16:2,2901894,11663423708,2909356,11663294492,90.39,90.39
2024/05/24 星期五 00:42:39.911,1716482559911,NH-DC-NM129-H06-ROCE-Leaf-16.GPU.S9825,TwoHundredGigE1/0/16:2,0,0,0,0,0,0
2024/05/24 星期五 00:42:40.472,1716482560472,NH-DC-NM129-H06-ROCE-Leaf-16.GPU.S9825,TwoHundredGigE1/0/16:2,2065527,8184689478,2069696,8184966981,58.32,58.32
2024/05/24 星期五 00:42:41.426,1716482561426,NH-DC-NM129-H06-ROCE-Leaf-16.GPU.S9825,TwoHundredGigE1/0/16:2,2163226,8568415260,2166706,8569101672,35.89,35.89
2024/05/24 星期五 00:42:42.012,1716482562012,NH-DC-NM129-H06-ROCE-Leaf-16.GPU.S9825,TwoHundredGigE1/0/16:2,0,0,0,0,0,0
2024/05/24 星期五 00:42:42.602,1716482562602,NH-DC-NM129-H06-ROCE-Leaf-16.GPU.S9825,TwoHundredGigE1/0/16:2,1742818,6905834268,1746216,6906060261,46.78,46.78
2024/05/24 星期五 00:42:43.164,1716482563164,NH-DC-NM129-H06-ROCE-Leaf-16.GPU.S9825,TwoHundredGigE1/0/16:2,2750010,11061773032,2757817,11065778362,78.72,78.72
2024/05/24 星期五 00:42:43.794,1716482563794,NH-DC-NM129-H06-ROCE-Leaf-16.GPU.S9825,TwoHundredGigE1/0/16:2,0,0,0,0,0,0
2024/05/24 星期五 00:42:44.591,1716482564591,NH-DC-NM129-H06-ROCE-Leaf-16.GPU.S9825,TwoHundredGigE1/0/16:2,1873172,7422572428,1876254,7419575161,37.24,37.19
2024/05/24 星期五 00:42:45.228,1716482565228,NH-DC-NM129-H06-ROCE-Leaf-16.GPU.S9825,TwoHundredGigE1/0/16:2,2069058,8197230244,2073378,8201557324,51.43,51.49
2024/05/24 星期五 00:42:46.432,1716482566432,NH-DC-NM129-H06-ROCE-Leaf-16.GPU.S9825,TwoHundredGigE1/0/16:2,2207039,8774673300,2209467,8768143313,29.14,29.10
2024/05/24 星期五 00:42:46.938,1716482566938,NH-DC-NM129-H06-ROCE-Leaf-16.GPU.S9825,TwoHundredGigE1/0/16:2,0,0,0,0,0,0
2024/05/24 星期五 00:42:47.437,1716482567437,NH-DC-NM129-H06-ROCE-Leaf-16.GPU.S9825,TwoHundredGigE1/0/16:2,2606629,10464477072,2614747,10468493032,83.85,83.85
2024/05/24 星期五 00:42:48.209,1716482568209,NH-DC-NM129-H06-ROCE-Leaf-16.GPU.S9825,TwoHundredGigE1/0/16:2,1742859,6905836966,1746468,6906495575,35.75,35.75
2024/05/24 星期五 00:42:48.847,1716482568847,NH-DC-NM129-H06-ROCE-Leaf-16.GPU.S9825,TwoHundredGigE1/0/16:2,0,0,0,0,0,0
2024/05/24 星期五 00:42:49.370,1716482569370,NH-DC-NM129-H06-ROCE-Leaf-16.GPU.S9825,TwoHundredGigE1/0/16:2,1968591,7801024290,1972241,7801264530,59.66,59.66
2024/05/24 星期五 00:42:49.873,1716482569873,NH-DC-NM129-H06-ROCE-Leaf-16.GPU.S9825,TwoHundredGigE1/0/16:2,0,0,0,0,0,0
2024/05/24 星期五 00:42:50.378,1716482570378,NH-DC-NM129-H06-ROCE-Leaf-16.GPU.S9825,TwoHundredGigE1/0/16:2,3092911,12419787616,3100570,12418753733,98.30,98.30
2024/05/24 星期五 00:42:50.981,1716482570981,NH-DC-NM129-H06-ROCE-Leaf-16.GPU.S9825,TwoHundredGigE1/0/16:2,1982548,7854993282,1986485,7857278174,52.07,52.07
2024/05/24 星期五 00:42:51.698,1716482571698,NH-DC-NM129-H06-ROCE-Leaf-16.GPU.S9825,TwoHundredGigE1/0/16:2,0,0,0,0,0,0
2024/05/24 星期五 00:42:52.390,1716482572390,NH-DC-NM129-H06-ROCE-Leaf-16.GPU.S9825,TwoHundredGigE1/0/16:2,2226949,8824121994,2231027,8824808955,50.98,50.98
2024/05/24 星期五 00:42:52.912,1716482572912,NH-DC-NM129-H06-ROCE-Leaf-16.GPU.S9825,TwoHundredGigE1/0/16:2,0,0,0,0,0,0
2024/05/24 星期五 00:42:53.427,1716482573427,NH-DC-NM129-H06-ROCE-Leaf-16.GPU.S9825,TwoHundredGigE1/0/16:2,1579306,6258349612,1581682,6256574508,48.54,48.54
2024/05/24 星期五 00:42:53.929,1716482573929,NH-DC-NM129-H06-ROCE-Leaf-16.GPU.S9825,TwoHundredGigE1/0/16:2,0,0,0,0,0,0
2024/05/24 星期五 00:42:54.430,1716482574430,NH-DC-NM129-H06-ROCE-Leaf-16.GPU.S9825,TwoHundredGigE1/0/16:2,3082576,12378624720,3091558,12386464759,98.76,98.84
2024/05/24 星期五 00:42:55.500,1716482575500,NH-DC-NM129-H06-ROCE-Leaf-16.GPU.S9825,TwoHundredGigE1/0/16:2,1743694,6907858036,1746132,6905357022,25.79,25.79
2024/05/24 星期五 00:42:56.372,1716482576372,NH-DC-NM129-H06-ROCE-Leaf-16.GPU.S9825,TwoHundredGigE1/0/16:2,2086600,8267120912,2089946,8263252673,37.89,37.89
2024/05/24 星期五 00:42:57.438,1716482577438,NH-DC-NM129-H06-ROCE-Leaf-16.GPU.S9825,TwoHundredGigE1/0/16:2,2473312,9913110404,2478166,9913562492,37.19,37.19
2024/05/24 星期五 00:42:57.981,1716482577981,NH-DC-NM129-H06-ROCE-Leaf-16.GPU.S9825,TwoHundredGigE1/0/16:2,0,0,0,0,0,0
2024/05/24 星期五 00:42:58.505,1716482578505,NH-DC-NM129-H06-ROCE-Leaf-16.GPU.S9825,TwoHundredGigE1/0/16:2,2194543,8746659190,2199521,8745991573,66.72,66.72
2024/05/24 星期五 00:42:59.452,1716482579452,NH-DC-NM129-H06-ROCE-Leaf-16.GPU.S9825,TwoHundredGigE1/0/16:2,2155228,8539809852,2159780,8543660246,36.03,36.07
2024/05/24 星期五 00:42:59.977,1716482579977,NH-DC-NM129-H06-ROCE-Leaf-16.GPU.S9825,TwoHundredGigE1/0/16:2,0,0,0,0,0,0
2024/05/24 星期五 00:43:00.489,1716482580489,NH-DC-NM129-H06-ROCE-Leaf-16.GPU.S9825,TwoHundredGigE1/0/16:2,1872039,7417385578,1875385,7417606846,57.89,57.89
2024/05/24 星期五 00:43:01.117,1716482581117,NH-DC-NM129-H06-ROCE-Leaf-16.GPU.S9825,TwoHundredGigE1/0/16:2,2558414,10299720564,2565377,10300712122,65.54,65.61
2024/05/24 星期五 00:43:01.642,1716482581642,NH-DC-NM129-H06-ROCE-Leaf-16.GPU.S9825,TwoHundredGigE1/0/16:2,0,0,0,0,0,0
2024/05/24 星期五 00:43:02.141,1716482582141,NH-DC-NM129-H06-ROCE-Leaf-16.GPU.S9825,TwoHundredGigE1/0/16:2,2033306,8057019854,2037338,8058414819,64.53,64.53
2024/05/24 星期五 00:43:03.047,1716482583047,NH-DC-NM129-H06-ROCE-Leaf-16.GPU.S9825,TwoHundredGigE1/0/16:2,2162318,8568132046,2166123,8567601416,37.79,37.79
2024/05/24 星期五 00:43:03.554,1716482583554,NH-DC-NM129-H06-ROCE-Leaf-16.GPU.S9825,TwoHundredGigE1/0/16:2,0,0,0,0,0,0
2024/05/24 星期五 00:43:04.054,1716482584054,NH-DC-NM129-H06-ROCE-Leaf-16.GPU.S9825,TwoHundredGigE1/0/16:2,1564824,6201367272,1566038,6193723061,49.6,49.52
2024/05/24 星期五 00:43:04.633,1716482584633,NH-DC-NM129-H06-ROCE-Leaf-16.GPU.S9825,TwoHundredGigE1/0/16:2,0,0,0,0,0,0
2024/05/24 星期五 00:43:05.180,1716482585180,NH-DC-NM129-H06-ROCE-Leaf-16.GPU.S9825,TwoHundredGigE1/0/16:2,3316489,13306065944,3326503,13314971599,97.26,97.33
2024/05/24 星期五 00:43:05.782,1716482585782,NH-DC-NM129-H06-ROCE-Leaf-16.GPU.S9825,TwoHundredGigE1/0/16:2,0,0,0,0,0,0
2024/05/24 星期五 00:43:06.653,1716482586653,NH-DC-NM129-H06-ROCE-Leaf-16.GPU.S9825,TwoHundredGigE1/0/16:2,1871853,7417372746,1875398,7417955921,34.03,34.03
2024/05/24 星期五 00:43:07.368,1716482587368,NH-DC-NM129-H06-ROCE-Leaf-16.GPU.S9825,TwoHundredGigE1/0/16:2,2065500,8184686736,2069274,8184935880,45.76,45.76
2024/05/24 星期五 00:43:07.941,1716482587941,NH-DC-NM129-H06-ROCE-Leaf-16.GPU.S9825,TwoHundredGigE1/0/16:2,0,0,0,0,0,0
2024/05/24 星期五 00:43:08.446,1716482588446,NH-DC-NM129-H06-ROCE-Leaf-16.GPU.S9825,TwoHundredGigE1/0/16:2,1912926,7669172178,1918092,7671419623,60.67,60.75
2024/05/24 星期五 00:43:08.946,1716482588946,NH-DC-NM129-H06-ROCE-Leaf-16.GPU.S9825,TwoHundredGigE1/0/16:2,2450406,9784272502,2457173,9791072528,78.24,78.32
2024/05/24 星期五 00:43:09.674,1716482589674,NH-DC-NM129-H06-ROCE-Leaf-16.GPU.S9825,TwoHundredGigE1/0/16:2,0,0,0,0,0,0
2024/05/24 星期五 00:43:10.362,1716482590362,NH-DC-NM129-H06-ROCE-Leaf-16.GPU.S9825,TwoHundredGigE1/0/16:2,2191570,8684618712,2193215,8675157539,50.47,50.41
2024/05/24 星期五 00:43:10.886,1716482590886,NH-DC-NM129-H06-ROCE-Leaf-16.GPU.S9825,TwoHundredGigE1/0/16:2,0,0,0,0,0,0
2024/05/24 星期五 00:43:11.523,1716482591523,NH-DC-NM129-H06-ROCE-Leaf-16.GPU.S9825,TwoHundredGigE1/0/16:2,1823343,7224847134,1827490,7227703694,45.34,45.34
2024/05/24 星期五 00:43:12.028,1716482592028,NH-DC-NM129-H06-ROCE-Leaf-16.GPU.S9825,TwoHundredGigE1/0/16:2,0,0,0,0,0,0
2024/05/24 星期五 00:43:13.480,1716482593480,NH-DC-NM129-H06-ROCE-Leaf-16.GPU.S9825,TwoHundredGigE1/0/16:2,4677028,18697151888,4687888,18697393459,51.49,51.49
2024/05/24 星期五 00:43:13.984,1716482593984,NH-DC-NM129-H06-ROCE-Leaf-16.GPU.S9825,TwoHundredGigE1/0/16:2,0,0,0,0,0,0
2024/05/24 星期五 00:43:14.485,1716482594485,NH-DC-NM129-H06-ROCE-Leaf-16.GPU.S9825,TwoHundredGigE1/0/16:2,2065617,8184696446,2069459,8185089279,65.31,65.31
2024/05/24 星期五 00:43:15.081,1716482595081,NH-DC-NM129-H06-ROCE-Leaf-16.GPU.S9825,TwoHundredGigE1/0/16:2,1833473,7260271646,1835093,7254634126,48.72,48.66
2024/05/24 星期五 00:43:15.601,1716482595601,NH-DC-NM129-H06-ROCE-Leaf-16.GPU.S9825,TwoHundredGigE1/0/16:2,0,0,0,0,0,0
2024/05/24 星期五 00:43:16.106,1716482596106,NH-DC-NM129-H06-ROCE-Leaf-16.GPU.S9825,TwoHundredGigE1/0/16:2,3020086,12139745646,3030075,12146701043,96.08,96.16
2024/05/24 星期五 00:43:17.068,1716482597068,NH-DC-NM129-H06-ROCE-Leaf-16.GPU.S9825,TwoHundredGigE1/0/16:2,0,0,0,0,0,0
2024/05/24 星期五 00:43:17.569,1716482597569,NH-DC-NM129-H06-ROCE-Leaf-16.GPU.S9825,TwoHundredGigE1/0/16:2,1633970,6475072838,1639256,6484400544,51.66,51.74
2024/05/24 星期五 00:43:18.083,1716482598083,NH-DC-NM129-H06-ROCE-Leaf-16.GPU.S9825,TwoHundredGigE1/0/16:2,1879377,7444011534,1880021,7435214899,57.90,57.82
2024/05/24 星期五 00:43:18.660,1716482598660,NH-DC-NM129-H06-ROCE-Leaf-16.GPU.S9825,TwoHundredGigE1/0/16:2,0,0,0,0,0,0
2024/05/24 星期五 00:43:19.161,1716482599161,NH-DC-NM129-H06-ROCE-Leaf-16.GPU.S9825,TwoHundredGigE1/0/16:2,2354922,9420557900,2360683,9420938078,75.21,75.21
2024/05/24 星期五 00:43:19.801,1716482599801,NH-DC-NM129-H06-ROCE-Leaf-16.GPU.S9825,TwoHundredGigE1/0/16:2,2295269,9172166806,2299452,9169334297,57.31,57.25
2024/05/24 星期五 00:43:20.799,1716482600799,NH-DC-NM129-H06-ROCE-Leaf-16.GPU.S9825,TwoHundredGigE1/0/16:2,2080321,8243358514,2085045,8248246484,33.03,33.03
2024/05/24 星期五 00:43:22.560,1716482602560,NH-DC-NM129-H06-ROCE-Leaf-16.GPU.S9825,TwoHundredGigE1/0/16:2,1874012,7421735396,1876286,7422031053,16.85,16.85
2024/05/24 星期五 00:43:23.280,1716482603280,NH-DC-NM129-H06-ROCE-Leaf-16.GPU.S9825,TwoHundredGigE1/0/16:2,2804893,11279280010,2812403,11279432400,62.61,62.61
2024/05/24 星期五 00:43:24.147,1716482604147,NH-DC-NM129-H06-ROCE-Leaf-16.GPU.S9825,TwoHundredGigE1/0/16:2,1968700,7801031184,1972084,7801254093,35.99,35.99
2024/05/24 星期五 00:43:24.648,1716482604648,NH-DC-NM129-H06-ROCE-Leaf-16.GPU.S9825,TwoHundredGigE1/0/16:2,0,0,0,0,0,0
2024/05/24 星期五 00:43:25.183,1716482605183,NH-DC-NM129-H06-ROCE-Leaf-16.GPU.S9825,TwoHundredGigE1/0/16:2,2194959,8696258926,2198960,8696801260,64.97,64.97
2024/05/24 星期五 00:43:25.792,1716482605792,NH-DC-NM129-H06-ROCE-Leaf-16.GPU.S9825,TwoHundredGigE1/0/16:2,0,0,0,0,0,0
2024/05/24 星期五 00:43:26.311,1716482606311,NH-DC-NM129-H06-ROCE-Leaf-16.GPU.S9825,TwoHundredGigE1/0/16:2,1694884,6714833704,1699434,6721597229,51.71,51.79
2024/05/24 星期五 00:43:27.100,1716482607100,NH-DC-NM129-H06-ROCE-Leaf-16.GPU.S9825,TwoHundredGigE1/0/16:2,2918963,11732453694,2925050,11725524906,59.47,59.42
2024/05/24 星期五 00:43:27.889,1716482607889,NH-DC-NM129-H06-ROCE-Leaf-16.GPU.S9825,TwoHundredGigE1/0/16:2,0,0,0,0,0,0
2024/05/24 星期五 00:43:28.390,1716482608390,NH-DC-NM129-H06-ROCE-Leaf-16.GPU.S9825,TwoHundredGigE1/0/16:2,1590817,6303465650,1593938,6305096663,50.30,50.30
2024/05/24 星期五 00:43:28.964,1716482608964,NH-DC-NM129-H06-ROCE-Leaf-16.GPU.S9825,TwoHundredGigE1/0/16:2,0,0,0,0,0,0
2024/05/24 星期五 00:43:29.476,1716482609476,NH-DC-NM129-H06-ROCE-Leaf-16.GPU.S9825,TwoHundredGigE1/0/16:2,2098289,8312612926,2101561,8313240786,64.92,64.92
2024/05/24 星期五 00:43:29.979,1716482609979,NH-DC-NM129-H06-ROCE-Leaf-16.GPU.S9825,TwoHundredGigE1/0/16:2,0,0,0,0,0,0
2024/05/24 星期五 00:43:30.674,1716482610674,NH-DC-NM129-H06-ROCE-Leaf-16.GPU.S9825,TwoHundredGigE1/0/16:2,1909335,7579933676,1913198,7579930278,43.57,43.57
2024/05/24 星期五 00:43:31.498,1716482611498,NH-DC-NM129-H06-ROCE-Leaf-16.GPU.S9825,TwoHundredGigE1/0/16:2,2714108,10904432498,2721691,10905558560,52.91,52.91
2024/05/24 星期五 00:43:31.999,1716482611999,NH-DC-NM129-H06-ROCE-Leaf-16.GPU.S9825,TwoHundredGigE1/0/16:2,0,0,0,0,0,0
2024/05/24 星期五 00:43:32.599,1716482612599,NH-DC-NM129-H06-ROCE-Leaf-16.GPU.S9825,TwoHundredGigE1/0/16:2,2038360,8077235174,2042173,8078046897,53.8,53.8
2024/05/24 星期五 00:43:33.155,1716482613155,NH-DC-NM129-H06-ROCE-Leaf-16.GPU.S9825,TwoHundredGigE1/0/16:2,1815091,7192516616,1816110,7183290144,51.73,51.65
2024/05/24 星期五 00:43:33.657,1716482613657,NH-DC-NM129-H06-ROCE-Leaf-16.GPU.S9825,TwoHundredGigE1/0/16:2,0,0,0,0,0,0
2024/05/24 星期五 00:43:34.253,1716482614253,NH-DC-NM129-H06-ROCE-Leaf-16.GPU.S9825,TwoHundredGigE1/0/16:2,2927978,11767193546,2939114,11783462987,78.93,79.06
2024/05/24 星期五 00:43:35.019,1716482615019,NH-DC-NM129-H06-ROCE-Leaf-16.GPU.S9825,TwoHundredGigE1/0/16:2,0,0,0,0,0,0
2024/05/24 星期五 00:43:35.519,1716482615519,NH-DC-NM129-H06-ROCE-Leaf-16.GPU.S9825,TwoHundredGigE1/0/16:2,2004840,7944651862,2007062,7938970680,63.52,63.44
2024/05/24 星期五 00:43:36.118,1716482616118,NH-DC-NM129-H06-ROCE-Leaf-16.GPU.S9825,TwoHundredGigE1/0/16:2,2226997,8824126406,2230931,8824801811,58.90,58.90
2024/05/24 星期五 00:43:36.675,1716482616675,NH-DC-NM129-H06-ROCE-Leaf-16.GPU.S9825,TwoHundredGigE1/0/16:2,0,0,0,0,0,0
2024/05/24 星期五 00:43:37.177,1716482617177,NH-DC-NM129-H06-ROCE-Leaf-16.GPU.S9825,TwoHundredGigE1/0/16:2,1806527,7153680306,1810299,7156425698,56.97,56.97
2024/05/24 星期五 00:43:38.077,1716482618077,NH-DC-NM129-H06-ROCE-Leaf-16.GPU.S9825,TwoHundredGigE1/0/16:2,3075211,12354652342,3082441,12351967175,54.89,54.89
2024/05/24 星期五 00:43:38.683,1716482618683,NH-DC-NM129-H06-ROCE-Leaf-16.GPU.S9825,TwoHundredGigE1/0/16:2,0,0,0,0,0,0
2024/05/24 星期五 00:43:39.187,1716482619187,NH-DC-NM129-H06-ROCE-Leaf-16.GPU.S9825,TwoHundredGigE1/0/16:2,1775129,7033721574,1778294,7034278496,55.79,55.79
2024/05/24 星期五 00:43:39.773,1716482619773,NH-DC-NM129-H06-ROCE-Leaf-16.GPU.S9825,TwoHundredGigE1/0/16:2,0,0,0,0,0,0
2024/05/24 星期五 00:43:40.279,1716482620279,NH-DC-NM129-H06-ROCE-Leaf-16.GPU.S9825,TwoHundredGigE1/0/16:2,2065638,8184698112,2069231,8184933327,64.66,64.66
2024/05/24 星期五 00:43:40.780,1716482620780,NH-DC-NM129-H06-ROCE-Leaf-16.GPU.S9825,TwoHundredGigE1/0/16:2,0,0,0,0,0,0
2024/05/24 星期五 00:43:41.281,1716482621281,NH-DC-NM129-H06-ROCE-Leaf-16.GPU.S9825,TwoHundredGigE1/0/16:2,2783949,11194886926,2790713,11196028030,89.34,89.34
2024/05/24 星期五 00:43:42.102,1716482622102,NH-DC-NM129-H06-ROCE-Leaf-16.GPU.S9825,TwoHundredGigE1/0/16:2,0,0,0,0,0,0
2024/05/24 星期五 00:43:42.602,1716482622602,NH-DC-NM129-H06-ROCE-Leaf-16.GPU.S9825,TwoHundredGigE1/0/16:2,2119447,8398885428,2121773,8392437815,67.12,67.12
2024/05/24 星期五 00:43:43.268,1716482623268,NH-DC-NM129-H06-ROCE-Leaf-16.GPU.S9825,TwoHundredGigE1/0/16:2,2022028,8011728960,2027924,8021288888,48.11,48.17
2024/05/24 星期五 00:43:43.905,1716482623905,NH-DC-NM129-H06-ROCE-Leaf-16.GPU.S9825,TwoHundredGigE1/0/16:2,0,0,0,0,0,0
2024/05/24 星期五 00:43:44.409,1716482624409,NH-DC-NM129-H06-ROCE-Leaf-16.GPU.S9825,TwoHundredGigE1/0/16:2,1732975,6864643778,1735091,6862556745,54.44,54.44
2024/05/24 星期五 00:43:45.271,1716482625271,NH-DC-NM129-H06-ROCE-Leaf-16.GPU.S9825,TwoHundredGigE1/0/16:2,2880102,11578495184,2887757,11579347942,53.69,53.69
2024/05/24 星期五 00:43:46.006,1716482626006,NH-DC-NM129-H06-ROCE-Leaf-16.GPU.S9825,TwoHundredGigE1/0/16:2,0,0,0,0,0,0
2024/05/24 星期五 00:43:46.510,1716482626510,NH-DC-NM129-H06-ROCE-Leaf-16.GPU.S9825,TwoHundredGigE1/0/16:2,1839545,7289484030,1842821,7289700519,57.78,57.78
2024/05/24 星期五 00:43:47.144,1716482627144,NH-DC-NM129-H06-ROCE-Leaf-16.GPU.S9825,TwoHundredGigE1/0/16:2,2097803,8312575634,2101697,8313250554,52.43,52.43
2024/05/24 星期五 00:43:47.653,1716482627653,NH-DC-NM129-H06-ROCE-Leaf-16.GPU.S9825,TwoHundredGigE1/0/16:2,0,0,0,0,0,0
2024/05/24 星期五 00:43:48.158,1716482628158,NH-DC-NM129-H06-ROCE-Leaf-16.GPU.S9825,TwoHundredGigE1/0/16:2,1975474,7841540620,1978741,7841756383,62.10,62.10
2024/05/24 星期五 00:43:49.113,1716482629113,NH-DC-NM129-H06-ROCE-Leaf-16.GPU.S9825,TwoHundredGigE1/0/16:2,2841462,11410128356,2848793,11410959698,47.79,47.79
2024/05/24 星期五 00:43:49.680,1716482629680,NH-DC-NM129-H06-ROCE-Leaf-16.GPU.S9825,TwoHundredGigE1/0/16:2,0,0,0,0,0,0
2024/05/24 星期五 00:43:50.207,1716482630207,NH-DC-NM129-H06-ROCE-Leaf-16.GPU.S9825,TwoHundredGigE1/0/16:2,2090043,8280794162,2093191,8280189547,62.85,62.85
2024/05/24 星期五 00:43:50.803,1716482630803,NH-DC-NM129-H06-ROCE-Leaf-16.GPU.S9825,TwoHundredGigE1/0/16:2,0,0,0,0,0,0
2024/05/24 星期五 00:43:51.652,1716482631652,NH-DC-NM129-H06-ROCE-Leaf-16.GPU.S9825,TwoHundredGigE1/0/16:2,1912530,7578263836,1915935,7578537782,35.67,35.67
2024/05/24 星期五 00:43:52.155,1716482632155,NH-DC-NM129-H06-ROCE-Leaf-16.GPU.S9825,TwoHundredGigE1/0/16:2,2492903,10043872510,2499444,10044680961,79.84,79.84
2024/05/24 星期五 00:43:52.978,1716482632978,NH-DC-NM129-H06-ROCE-Leaf-16.GPU.S9825,TwoHundredGigE1/0/16:2,0,0,0,0,0,0
2024/05/24 星期五 00:43:53.516,1716482633516,NH-DC-NM129-H06-ROCE-Leaf-16.GPU.S9825,TwoHundredGigE1/0/16:2,1909766,7567745850,1913221,7567907674,56.21,56.21
2024/05/24 星期五 00:43:54.101,1716482634101,NH-DC-NM129-H06-ROCE-Leaf-16.GPU.S9825,TwoHundredGigE1/0/16:2,2286053,9057422348,2290422,9058263837,61.88,61.88
2024/05/24 星期五 00:43:54.601,1716482634601,NH-DC-NM129-H06-ROCE-Leaf-16.GPU.S9825,TwoHundredGigE1/0/16:2,0,0,0,0,0,0
2024/05/24 星期五 00:43:55.439,1716482635439,NH-DC-NM129-H06-ROCE-Leaf-16.GPU.S9825,TwoHundredGigE1/0/16:2,1687504,6686584494,1690656,6687450330,31.89,31.89
2024/05/24 星期五 00:43:56.438,1716482636438,NH-DC-NM129-H06-ROCE-Leaf-16.GPU.S9825,TwoHundredGigE1/0/16:2,2741739,11030429068,2749382,11030763371,44.16,44.16
2024/05/24 星期五 00:43:56.986,1716482636986,NH-DC-NM129-H06-ROCE-Leaf-16.GPU.S9825,TwoHundredGigE1/0/16:2,0,0,0,0,0,0
2024/05/24 星期五 00:43:57.586,1716482637586,NH-DC-NM129-H06-ROCE-Leaf-16.GPU.S9825,TwoHundredGigE1/0/16:2,1903352,7542505918,1907411,7544213280,50.27,50.27
2024/05/24 星期五 00:43:58.087,1716482638087,NH-DC-NM129-H06-ROCE-Leaf-16.GPU.S9825,TwoHundredGigE1/0/16:2,1948963,7722522880,1952837,7724972989,61.64,61.64
2024/05/24 星期五 00:43:59.175,1716482639175,NH-DC-NM129-H06-ROCE-Leaf-16.GPU.S9825,TwoHundredGigE1/0/16:2,1820407,7204169446,1823812,7201247436,26.47,26.47
2024/05/24 星期五 00:44:00.678,1716482640678,NH-DC-NM129-H06-ROCE-Leaf-16.GPU.S9825,TwoHundredGigE1/0/16:2,2951664,11872935744,2961739,11873880842,31.59,31.59
2024/05/24 星期五 00:44:01.178,1716482641178,NH-DC-NM129-H06-ROCE-Leaf-16.GPU.S9825,TwoHundredGigE1/0/16:2,1871993,7417383158,1875794,7418053924,59.28,59.28
2024/05/24 星期五 00:44:01.689,1716482641689,NH-DC-NM129-H06-ROCE-Leaf-16.GPU.S9825,TwoHundredGigE1/0/16:2,0,0,0,0,0,0
2024/05/24 星期五 00:44:02.190,1716482642190,NH-DC-NM129-H06-ROCE-Leaf-16.GPU.S9825,TwoHundredGigE1/0/16:2,2065652,8184698748,2069266,8184935697,65.31,65.31
2024/05/24 星期五 00:44:02.716,1716482642716,NH-DC-NM129-H06-ROCE-Leaf-16.GPU.S9825,TwoHundredGigE1/0/16:2,0,0,0,0,0,0
2024/05/24 星期五 00:44:03.545,1716482643545,NH-DC-NM129-H06-ROCE-Leaf-16.GPU.S9825,TwoHundredGigE1/0/16:2,2096950,8420076084,2094873,8390993386,40.63,40.48
2024/05/24 星期五 00:44:04.144,1716482644144,NH-DC-NM129-H06-ROCE-Leaf-16.GPU.S9825,TwoHundredGigE1/0/16:2,2311427,9211507954,2323236,9242131663,61.50,61.70
2024/05/24 星期五 00:44:04.664,1716482644664,NH-DC-NM129-H06-ROCE-Leaf-16.GPU.S9825,TwoHundredGigE1/0/16:2,0,0,0,0,0,0
2024/05/24 星期五 00:44:05.166,1716482645166,NH-DC-NM129-H06-ROCE-Leaf-16.GPU.S9825,TwoHundredGigE1/0/16:2,2151747,8526649834,2155805,8526224248,67.89,67.89
2024/05/24 星期五 00:44:05.733,1716482645733,NH-DC-NM129-H06-ROCE-Leaf-16.GPU.S9825,TwoHundredGigE1/0/16:2,0,0,0,0,0,0
2024/05/24 星期五 00:44:06.235,1716482646235,NH-DC-NM129-H06-ROCE-Leaf-16.GPU.S9825,TwoHundredGigE1/0/16:2,1807489,7161615918,1811022,7161848881,57.05,57.05
2024/05/24 星期五 00:44:07.431,1716482647431,NH-DC-NM129-H06-ROCE-Leaf-16.GPU.S9825,TwoHundredGigE1/0/16:2,3204442,12855443234,3211591,12857316104,42.98,42.98
2024/05/24 星期五 00:44:07.986,1716482647986,NH-DC-NM129-H06-ROCE-Leaf-16.GPU.S9825,TwoHundredGigE1/0/16:2,0,0,0,0,0,0
2024/05/24 星期五 00:44:08.486,1716482648486,NH-DC-NM129-H06-ROCE-Leaf-16.GPU.S9825,TwoHundredGigE1/0/16:2,1622975,6429444690,1625814,6428344967,51.36,51.36
2024/05/24 星期五 00:44:09.091,1716482649091,NH-DC-NM129-H06-ROCE-Leaf-16.GPU.S9825,TwoHundredGigE1/0/16:2,2085392,8263597626,2087684,8257520408,54.61,54.55
2024/05/24 星期五 00:44:09.616,1716482649616,NH-DC-NM129-H06-ROCE-Leaf-16.GPU.S9825,TwoHundredGigE1/0/16:2,0,0,0,0,0,0
2024/05/24 星期五 00:44:10.148,1716482650148,NH-DC-NM129-H06-ROCE-Leaf-16.GPU.S9825,TwoHundredGigE1/0/16:2,2587448,10331878156,2593591,10339162269,77.67,77.67
2024/05/24 星期五 00:44:10.935,1716482650935,NH-DC-NM129-H06-ROCE-Leaf-16.GPU.S9825,TwoHundredGigE1/0/16:2,0,0,0,0,0,0
2024/05/24 星期五 00:44:12.216,1716482652216,NH-DC-NM129-H06-ROCE-Leaf-16.GPU.S9825,TwoHundredGigE1/0/16:2,4559507,18145359458,4568823,18145047311,56.64,56.64
2024/05/24 星期五 00:44:12.954,1716482652954,NH-DC-NM129-H06-ROCE-Leaf-16.GPU.S9825,TwoHundredGigE1/0/16:2,1646244,6522195144,1649601,6522417794,35.34,35.34
2024/05/24 星期五 00:44:13.525,1716482653525,NH-DC-NM129-H06-ROCE-Leaf-16.GPU.S9825,TwoHundredGigE1/0/16:2,0,0,0,0,0,0
2024/05/24 星期五 00:44:14.207,1716482654207,NH-DC-NM129-H06-ROCE-Leaf-16.GPU.S9825,TwoHundredGigE1/0/16:2,2912687,11706402510,2920271,11707390287,68.62,68.62
2024/05/24 星期五 00:44:14.841,1716482654841,NH-DC-NM129-H06-ROCE-Leaf-16.GPU.S9825,TwoHundredGigE1/0/16:2,0,0,0,0,0,0
2024/05/24 星期五 00:44:15.342,1716482655342,NH-DC-NM129-H06-ROCE-Leaf-16.GPU.S9825,TwoHundredGigE1/0/16:2,1969290,7801077300,1972192,7801261484,62.28,62.28
2024/05/24 星期五 00:44:15.864,1716482655864,NH-DC-NM129-H06-ROCE-Leaf-16.GPU.S9825,TwoHundredGigE1/0/16:2,0,0,0,0,0,0
2024/05/24 星期五 00:44:16.504,1716482656504,NH-DC-NM129-H06-ROCE-Leaf-16.GPU.S9825,TwoHundredGigE1/0/16:2,2130041,8440458538,2133860,8441128129,52.75,52.75
2024/05/24 星期五 00:44:17.055,1716482657055,NH-DC-NM129-H06-ROCE-Leaf-16.GPU.S9825,TwoHundredGigE1/0/16:2,1682662,6667023868,1687148,6674136156,48.35,48.42
2024/05/24 星期五 00:44:17.727,1716482657727,NH-DC-NM129-H06-ROCE-Leaf-16.GPU.S9825,TwoHundredGigE1/0/16:2,0,0,0,0,0,0
2024/05/24 星期五 00:44:18.329,1716482658329,NH-DC-NM129-H06-ROCE-Leaf-16.GPU.S9825,TwoHundredGigE1/0/16:2,2875638,11561529240,2881414,11555511225,76.81,76.74
2024/05/24 星期五 00:44:18.843,1716482658843,NH-DC-NM129-H06-ROCE-Leaf-16.GPU.S9825,TwoHundredGigE1/0/16:2,0,0,0,0,0,0
2024/05/24 星期五 00:44:19.346,1716482659346,NH-DC-NM129-H06-ROCE-Leaf-16.GPU.S9825,TwoHundredGigE1/0/16:2,1692566,6706951752,1696066,6708570472,53.28,53.28
2024/05/24 星期五 00:44:20.074,1716482660074,NH-DC-NM129-H06-ROCE-Leaf-16.GPU.S9825,TwoHundredGigE1/0/16:2,2115939,8383583882,2119255,8383161991,46.04,46.04
2024/05/24 星期五 00:44:20.577,1716482660577,NH-DC-NM129-H06-ROCE-Leaf-16.GPU.S9825,TwoHundredGigE1/0/16:2,2853476,11458133746,2860880,11458646736,91.05,91.05
2024/05/24 星期五 00:44:22.694,1716482662694,NH-DC-NM129-H06-ROCE-Leaf-16.GPU.S9825,TwoHundredGigE1/0/16:2,4205876,16679346698,4213981,16679588273,31.50,31.50
2024/05/24 星期五 00:44:23.702,1716482663702,NH-DC-NM129-H06-ROCE-Leaf-16.GPU.S9825,TwoHundredGigE1/0/16:2,0,0,0,0,0,0
2024/05/24 星期五 00:44:24.202,1716482664202,NH-DC-NM129-H06-ROCE-Leaf-16.GPU.S9825,TwoHundredGigE1/0/16:2,1824050,7227792364,1827771,7229143385,57.76,57.76
2024/05/24 星期五 00:44:24.964,1716482664964,NH-DC-NM129-H06-ROCE-Leaf-16.GPU.S9825,TwoHundredGigE1/0/16:2,2945029,11834292570,2952351,11835262794,62.10,62.10
2024/05/24 星期五 00:44:26.277,1716482666277,NH-DC-NM129-H06-ROCE-Leaf-16.GPU.S9825,TwoHundredGigE1/0/16:2,1904153,7545259902,1907632,7545489765,22.97,22.97
2024/05/24 星期五 00:44:27.792,1716482667792,NH-DC-NM129-H06-ROCE-Leaf-16.GPU.S9825,TwoHundredGigE1/0/16:2,2162471,8568355178,2166251,8569161142,22.60,22.60
2024/05/24 星期五 00:44:28.351,1716482668351,NH-DC-NM129-H06-ROCE-Leaf-16.GPU.S9825,TwoHundredGigE1/0/16:2,1480021,5860145550,1482721,5860323399,41.93,41.93
2024/05/24 星期五 00:44:28.932,1716482668932,NH-DC-NM129-H06-ROCE-Leaf-16.GPU.S9825,TwoHundredGigE1/0/16:2,0,0,0,0,0,0
2024/05/24 星期五 00:44:29.476,1716482669476,NH-DC-NM129-H06-ROCE-Leaf-16.GPU.S9825,TwoHundredGigE1/0/16:2,3018740,12129786380,3025414,12124332026,89.12,89.12
2024/05/24 星期五 00:44:30.424,1716482670424,NH-DC-NM129-H06-ROCE-Leaf-16.GPU.S9825,TwoHundredGigE1/0/16:2,1706137,6760848598,1711008,6767891724,28.52,28.52
2024/05/24 星期五 00:44:30.971,1716482670971,NH-DC-NM129-H06-ROCE-Leaf-16.GPU.S9825,TwoHundredGigE1/0/16:2,0,0,0,0,0,0
2024/05/24 星期五 00:44:31.618,1716482671618,NH-DC-NM129-H06-ROCE-Leaf-16.GPU.S9825,TwoHundredGigE1/0/16:2,2097821,8312576022,2101646,8312829884,51.38,51.38
2024/05/24 星期五 00:44:32.379,1716482672379,NH-DC-NM129-H06-ROCE-Leaf-16.GPU.S9825,TwoHundredGigE1/0/16:2,2326988,9335449624,2332572,9335818249,49.04,49.04
2024/05/24 星期五 00:44:32.883,1716482672883,NH-DC-NM129-H06-ROCE-Leaf-16.GPU.S9825,TwoHundredGigE1/0/16:2,0,0,0,0,0,0
2024/05/24 星期五 00:44:33.518,1716482673518,NH-DC-NM129-H06-ROCE-Leaf-16.GPU.S9825,TwoHundredGigE1/0/16:2,2176167,8675541162,2180061,8671390374,54.61,54.61
2024/05/24 星期五 00:44:34.179,1716482674179,NH-DC-NM129-H06-ROCE-Leaf-16.GPU.S9825,TwoHundredGigE1/0/16:2,2066536,8186642868,2070643,8191338985,49.50,49.56
2024/05/24 星期五 00:44:34.682,1716482674682,NH-DC-NM129-H06-ROCE-Leaf-16.GPU.S9825,TwoHundredGigE1/0/16:2,0,0,0,0,0,0
2024/05/24 星期五 00:44:35.292,1716482675292,NH-DC-NM129-H06-ROCE-Leaf-16.GPU.S9825,TwoHundredGigE1/0/16:2,1887073,7478575930,1888454,7469455526,48.98,48.92
2024/05/24 星期五 00:44:35.977,1716482675977,NH-DC-NM129-H06-ROCE-Leaf-16.GPU.S9825,TwoHundredGigE1/0/16:2,0,0,0,0,0,0
2024/05/24 星期五 00:44:36.478,1716482676478,NH-DC-NM129-H06-ROCE-Leaf-16.GPU.S9825,TwoHundredGigE1/0/16:2,2499375,10070387762,2508899,10081527187,80.40,80.48
2024/05/24 星期五 00:44:37.337,1716482677337,NH-DC-NM129-H06-ROCE-Leaf-16.GPU.S9825,TwoHundredGigE1/0/16:2,2097763,8312571866,2101619,8312826206,38.70,38.70
2024/05/24 星期五 00:44:37.838,1716482677838,NH-DC-NM129-H06-ROCE-Leaf-16.GPU.S9825,TwoHundredGigE1/0/16:2,0,0,0,0,0,0
2024/05/24 星期五 00:44:38.354,1716482678354,NH-DC-NM129-H06-ROCE-Leaf-16.GPU.S9825,TwoHundredGigE1/0/16:2,2056185,8143168646,2060248,8148209713,63.10,63.10
2024/05/24 星期五 00:44:39.043,1716482679043,NH-DC-NM129-H06-ROCE-Leaf-16.GPU.S9825,TwoHundredGigE1/0/16:2,1635710,6480543876,1638278,6479661002,37.62,37.56
2024/05/24 星期五 00:44:39.589,1716482679589,NH-DC-NM129-H06-ROCE-Leaf-16.GPU.S9825,TwoHundredGigE1/0/16:2,0,0,0,0,0,0
2024/05/24 星期五 00:44:40.902,1716482680902,NH-DC-NM129-H06-ROCE-Leaf-16.GPU.S9825,TwoHundredGigE1/0/16:2,3385587,13580064294,3393358,13577816143,41.37,41.34
2024/05/24 星期五 00:44:41.402,1716482681402,NH-DC-NM129-H06-ROCE-Leaf-16.GPU.S9825,TwoHundredGigE1/0/16:2,1678881,6650109678,1681164,6650600964,53.2,53.2
2024/05/24 星期五 00:44:41.956,1716482681956,NH-DC-NM129-H06-ROCE-Leaf-16.GPU.S9825,TwoHundredGigE1/0/16:2,0,0,0,0,0,0
2024/05/24 星期五 00:44:42.525,1716482682525,NH-DC-NM129-H06-ROCE-Leaf-16.GPU.S9825,TwoHundredGigE1/0/16:2,2091150,8286949686,2094951,8287072739,58.21,58.21
2024/05/24 星期五 00:44:43.116,1716482683116,NH-DC-NM129-H06-ROCE-Leaf-16.GPU.S9825,TwoHundredGigE1/0/16:2,2053720,8210908036,2057159,8209118008,55.57,55.50
2024/05/24 星期五 00:44:43.831,1716482683831,NH-DC-NM129-H06-ROCE-Leaf-16.GPU.S9825,TwoHundredGigE1/0/16:2,2420642,9679520930,2426561,9680174455,54.10,54.15
2024/05/24 星期五 00:44:44.535,1716482684535,NH-DC-NM129-H06-ROCE-Leaf-16.GPU.S9825,TwoHundredGigE1/0/16:2,0,0,0,0,0,0
2024/05/24 星期五 00:44:45.037,1716482685037,NH-DC-NM129-H06-ROCE-Leaf-16.GPU.S9825,TwoHundredGigE1/0/16:2,2125791,8421831734,2130209,8423840096,67.09,67.09
2024/05/24 星期五 00:44:45.675,1716482685675,NH-DC-NM129-H06-ROCE-Leaf-16.GPU.S9825,TwoHundredGigE1/0/16:2,0,0,0,0,0,0
2024/05/24 星期五 00:44:46.386,1716482686386,NH-DC-NM129-H06-ROCE-Leaf-16.GPU.S9825,TwoHundredGigE1/0/16:2,1732956,6867547256,1735352,6864791257,38.59,38.59
2024/05/24 星期五 00:44:46.918,1716482686918,NH-DC-NM129-H06-ROCE-Leaf-16.GPU.S9825,TwoHundredGigE1/0/16:2,2881332,11580861652,2889300,11583236158,87.07,87.07
2024/05/24 星期五 00:44:47.745,1716482687745,NH-DC-NM129-H06-ROCE-Leaf-16.GPU.S9825,TwoHundredGigE1/0/16:2,0,0,0,0,0,0
2024/05/24 星期五 00:44:48.245,1716482688245,NH-DC-NM129-H06-ROCE-Leaf-16.GPU.S9825,TwoHundredGigE1/0/16:2,1816389,7197553510,1820123,7199334017,57.52,57.52
2024/05/24 星期五 00:44:48.746,1716482688746,NH-DC-NM129-H06-ROCE-Leaf-16.GPU.S9825,TwoHundredGigE1/0/16:2,0,0,0,0,0,0
2024/05/24 星期五 00:44:49.365,1716482689365,NH-DC-NM129-H06-ROCE-Leaf-16.GPU.S9825,TwoHundredGigE1/0/16:2,2238980,8869321298,2242064,8865873800,57.25,57.25
2024/05/24 星期五 00:44:49.995,1716482689995,NH-DC-NM129-H06-ROCE-Leaf-16.GPU.S9825,TwoHundredGigE1/0/16:2,0,0,0,0,0,0
2024/05/24 星期五 00:44:50.495,1716482690495,NH-DC-NM129-H06-ROCE-Leaf-16.GPU.S9825,TwoHundredGigE1/0/16:2,1603276,6353095498,1606264,6353468833,50.8,50.8
2024/05/24 星期五 00:44:51.360,1716482691360,NH-DC-NM129-H06-ROCE-Leaf-16.GPU.S9825,TwoHundredGigE1/0/16:2,3297690,13231900446,3305923,13233260474,61.18,61.18
2024/05/24 星期五 00:44:51.861,1716482691861,NH-DC-NM129-H06-ROCE-Leaf-16.GPU.S9825,TwoHundredGigE1/0/16:2,0,0,0,0,0,0
2024/05/24 星期五 00:44:52.371,1716482692371,NH-DC-NM129-H06-ROCE-Leaf-16.GPU.S9825,TwoHundredGigE1/0/16:2,1678050,6648469498,1681801,6649993447,52.08,52.08
2024/05/24 星期五 00:44:53.089,1716482693089,NH-DC-NM129-H06-ROCE-Leaf-16.GPU.S9825,TwoHundredGigE1/0/16:2,1880765,7452229064,1884132,7451969270,41.50,41.50
2024/05/24 星期五 00:44:53.591,1716482693591,NH-DC-NM129-H06-ROCE-Leaf-16.GPU.S9825,TwoHundredGigE1/0/16:2,0,0,0,0,0,0
2024/05/24 星期五 00:44:55.400,1716482695400,NH-DC-NM129-H06-ROCE-Leaf-16.GPU.S9825,TwoHundredGigE1/0/16:2,4616646,18460361142,4629972,18460864323,40.82,40.82
2024/05/24 星期五 00:44:55.989,1716482695989,NH-DC-NM129-H06-ROCE-Leaf-16.GPU.S9825,TwoHundredGigE1/0/16:2,0,0,0,0,0,0
2024/05/24 星期五 00:44:56.594,1716482696594,NH-DC-NM129-H06-ROCE-Leaf-16.GPU.S9825,TwoHundredGigE1/0/16:2,2101366,8326924280,2105739,8328113601,55.01,55.01
2024/05/24 星期五 00:44:57.109,1716482697109,NH-DC-NM129-H06-ROCE-Leaf-16.GPU.S9825,TwoHundredGigE1/0/16:2,1868208,7403018100,1871615,7402622068,57.48,57.48
2024/05/24 星期五 00:44:57.807,1716482697807,NH-DC-NM129-H06-ROCE-Leaf-16.GPU.S9825,TwoHundredGigE1/0/16:2,0,0,0,0,0,0
2024/05/24 星期五 00:44:58.488,1716482698488,NH-DC-NM129-H06-ROCE-Leaf-16.GPU.S9825,TwoHundredGigE1/0/16:2,2396271,9660229322,2403966,9661089115,56.74,56.74
2024/05/24 星期五 00:44:58.992,1716482698992,NH-DC-NM129-H06-ROCE-Leaf-16.GPU.S9825,TwoHundredGigE1/0/16:2,0,0,0,0,0,0
2024/05/24 星期五 00:44:59.516,1716482699516,NH-DC-NM129-H06-ROCE-Leaf-16.GPU.S9825,TwoHundredGigE1/0/16:2,2162239,8568339018,2166302,8568606524,65.34,65.34
2024/05/24 星期五 00:45:00.123,1716482700123,NH-DC-NM129-H06-ROCE-Leaf-16.GPU.S9825,TwoHundredGigE1/0/16:2,2291773,9079915774,2295686,9080727512,59.77,59.84
2024/05/24 星期五 00:45:00.624,1716482700624,NH-DC-NM129-H06-ROCE-Leaf-16.GPU.S9825,TwoHundredGigE1/0/16:2,0,0,0,0,0,0
2024/05/24 星期五 00:45:01.408,1716482701408,NH-DC-NM129-H06-ROCE-Leaf-16.GPU.S9825,TwoHundredGigE1/0/16:2,1599359,6334387620,1602829,6337531764,32.30,32.30
2024/05/24 星期五 00:45:01.954,1716482701954,NH-DC-NM129-H06-ROCE-Leaf-16.GPU.S9825,TwoHundredGigE1/0/16:2,0,0,0,0,0,0
2024/05/24 星期五 00:45:03.038,1716482703038,NH-DC-NM129-H06-ROCE-Leaf-16.GPU.S9825,TwoHundredGigE1/0/16:2,4870425,19463871778,4880613,19461055117,71.81,71.81
2024/05/24 星期五 00:45:03.630,1716482703630,NH-DC-NM129-H06-ROCE-Leaf-16.GPU.S9825,TwoHundredGigE1/0/16:2,0,0,0,0,0,0
2024/05/24 星期五 00:45:04.131,1716482704131,NH-DC-NM129-H06-ROCE-Leaf-16.GPU.S9825,TwoHundredGigE1/0/16:2,2091961,8288239440,2095754,8289625433,66.11,66.11
2024/05/24 星期五 00:45:04.826,1716482704826,NH-DC-NM129-H06-ROCE-Leaf-16.GPU.S9825,TwoHundredGigE1/0/16:2,0,0,0,0,0,0
2024/05/24 星期五 00:45:05.468,1716482705468,NH-DC-NM129-H06-ROCE-Leaf-16.GPU.S9825,TwoHundredGigE1/0/16:2,2290920,9164828268,2295899,9165151038,57.07,57.07
2024/05/24 星期五 00:45:06.021,1716482706021,NH-DC-NM129-H06-ROCE-Leaf-16.GPU.S9825,TwoHundredGigE1/0/16:2,0,0,0,0,0,0
2024/05/24 星期五 00:45:06.578,1716482706578,NH-DC-NM129-H06-ROCE-Leaf-16.GPU.S9825,TwoHundredGigE1/0/16:2,2461703,9831090154,2466869,9832057319,70.59,70.59
2024/05/24 星期五 00:45:07.576,1716482707576,NH-DC-NM129-H06-ROCE-Leaf-16.GPU.S9825,TwoHundredGigE1/0/16:2,2115673,8382336670,2124894,8405836536,33.59,33.67
2024/05/24 星期五 00:45:08.305,1716482708305,NH-DC-NM129-H06-ROCE-Leaf-16.GPU.S9825,TwoHundredGigE1/0/16:2,1629279,6455808734,1626326,6429619421,35.39,35.23
2024/05/24 星期五 00:45:08.831,1716482708831,NH-DC-NM129-H06-ROCE-Leaf-16.GPU.S9825,TwoHundredGigE1/0/16:2,0,0,0,0,0,0
2024/05/24 星期五 00:45:09.361,1716482709361,NH-DC-NM129-H06-ROCE-Leaf-16.GPU.S9825,TwoHundredGigE1/0/16:2,3025646,12156119226,3033317,12157418412,91.70,91.70
2024/05/24 星期五 00:45:09.937,1716482709937,NH-DC-NM129-H06-ROCE-Leaf-16.GPU.S9825,TwoHundredGigE1/0/16:2,0,0,0,0,0,0
2024/05/24 星期五 00:45:10.461,1716482710461,NH-DC-NM129-H06-ROCE-Leaf-16.GPU.S9825,TwoHundredGigE1/0/16:2,1920292,7607846810,1923356,7606775571,58.02,58.02
2024/05/24 星期五 00:45:11.072,1716482711072,NH-DC-NM129-H06-ROCE-Leaf-16.GPU.S9825,TwoHundredGigE1/0/16:2,2065521,8184689802,2069256,8185492440,53.55,53.55
2024/05/24 星期五 00:45:11.812,1716482711812,NH-DC-NM129-H06-ROCE-Leaf-16.GPU.S9825,TwoHundredGigE1/0/16:2,0,0,0,0,0,0
2024/05/24 星期五 00:45:12.393,1716482712393,NH-DC-NM129-H06-ROCE-Leaf-16.GPU.S9825,TwoHundredGigE1/0/16:2,1802629,7138993830,1805724,7139198997,49.09,49.09
2024/05/24 星期五 00:45:13.024,1716482713024,NH-DC-NM129-H06-ROCE-Leaf-16.GPU.S9825,TwoHundredGigE1/0/16:2,2610118,10511595476,2616633,10511441704,66.62,66.62
2024/05/24 星期五 00:45:13.605,1716482713605,NH-DC-NM129-H06-ROCE-Leaf-16.GPU.S9825,TwoHundredGigE1/0/16:2,0,0,0,0,0,0
2024/05/24 星期五 00:45:14.147,1716482714147,NH-DC-NM129-H06-ROCE-Leaf-16.GPU.S9825,TwoHundredGigE1/0/16:2,1824517,7228081126,1827842,7229153991,53.28,53.28
2024/05/24 星期五 00:45:14.851,1716482714851,NH-DC-NM129-H06-ROCE-Leaf-16.GPU.S9825,TwoHundredGigE1/0/16:2,2075578,8223973654,2079372,8225517700,46.70,46.70
2024/05/24 星期五 00:45:15.599,1716482715599,NH-DC-NM129-H06-ROCE-Leaf-16.GPU.S9825,TwoHundredGigE1/0/16:2,0,0,0,0,0,0
2024/05/24 星期五 00:45:16.103,1716482716103,NH-DC-NM129-H06-ROCE-Leaf-16.GPU.S9825,TwoHundredGigE1/0/16:2,2595395,10386645536,2600781,10385797271,82.38,82.38
2024/05/24 星期五 00:45:16.706,1716482716706,NH-DC-NM129-H06-ROCE-Leaf-16.GPU.S9825,TwoHundredGigE1/0/16:2,0,0,0,0,0,0
2024/05/24 星期五 00:45:17.345,1716482717345,NH-DC-NM129-H06-ROCE-Leaf-16.GPU.S9825,TwoHundredGigE1/0/16:2,2341936,9337387988,2347404,9338485996,58.40,58.40
2024/05/24 星期五 00:45:17.924,1716482717924,NH-DC-NM129-H06-ROCE-Leaf-16.GPU.S9825,TwoHundredGigE1/0/16:2,0,0,0,0,0,0
2024/05/24 星期五 00:45:18.517,1716482718517,NH-DC-NM129-H06-ROCE-Leaf-16.GPU.S9825,TwoHundredGigE1/0/16:2,1937130,7673202024,1940103,7673808351,51.74,51.74
2024/05/24 星期五 00:45:19.111,1716482719111,NH-DC-NM129-H06-ROCE-Leaf-16.GPU.S9825,TwoHundredGigE1/0/16:2,1807037,7160565366,1810983,7161841338,48.22,48.22
2024/05/24 星期五 00:45:19.657,1716482719657,NH-DC-NM129-H06-ROCE-Leaf-16.GPU.S9825,TwoHundredGigE1/0/16:2,0,0,0,0,0,0
2024/05/24 星期五 00:45:21.135,1716482721135,NH-DC-NM129-H06-ROCE-Leaf-16.GPU.S9825,TwoHundredGigE1/0/16:2,7270561,28972078414,7286112,28972981390,78.40,78.40
2024/05/24 星期五 00:45:22.987,1716482722987,NH-DC-NM129-H06-ROCE-Leaf-16.GPU.S9825,TwoHundredGigE1/0/16:2,1785909,7073314868,1788220,7072255428,15.27,15.27
2024/05/24 星期五 00:45:23.686,1716482723686,NH-DC-NM129-H06-ROCE-Leaf-16.GPU.S9825,TwoHundredGigE1/0/16:2,0,0,0,0,0,0
2024/05/24 星期五 00:45:24.242,1716482724242,NH-DC-NM129-H06-ROCE-Leaf-16.GPU.S9825,TwoHundredGigE1/0/16:2,2912918,11710709390,2921248,11711918273,84.24,84.24
2024/05/24 星期五 00:45:24.777,1716482724777,NH-DC-NM129-H06-ROCE-Leaf-16.GPU.S9825,TwoHundredGigE1/0/16:2,0,0,0,0,0,0
2024/05/24 星期五 00:45:25.402,1716482725402,NH-DC-NM129-H06-ROCE-Leaf-16.GPU.S9825,TwoHundredGigE1/0/16:2,2119365,8396583618,2123189,8398151010,53.70,53.70
2024/05/24 星期五 00:45:25.965,1716482725965,NH-DC-NM129-H06-ROCE-Leaf-16.GPU.S9825,TwoHundredGigE1/0/16:2,0,0,0,0,0,0
2024/05/24 星期五 00:45:26.608,1716482726608,NH-DC-NM129-H06-ROCE-Leaf-16.GPU.S9825,TwoHundredGigE1/0/16:2,1904302,7545271724,1907732,7545497489,46.91,46.91
2024/05/24 星期五 00:45:27.374,1716482727374,NH-DC-NM129-H06-ROCE-Leaf-16.GPU.S9825,TwoHundredGigE1/0/16:2,2978002,11962231744,2984779,11963090558,62.45,62.45
2024/05/24 星期五 00:45:27.902,1716482727902,NH-DC-NM129-H06-ROCE-Leaf-16.GPU.S9825,TwoHundredGigE1/0/16:2,0,0,0,0,0,0
2024/05/24 星期五 00:45:28.420,1716482728420,NH-DC-NM129-H06-ROCE-Leaf-16.GPU.S9825,TwoHundredGigE1/0/16:2,1742711,6905826126,1746118,6906052845,53.28,53.28
2024/05/24 星期五 00:45:28.992,1716482728992,NH-DC-NM129-H06-ROCE-Leaf-16.GPU.S9825,TwoHundredGigE1/0/16:2,2195118,8696271456,2198657,8696846866,60.77,60.77
2024/05/24 星期五 00:45:29.692,1716482729692,NH-DC-NM129-H06-ROCE-Leaf-16.GPU.S9825,TwoHundredGigE1/0/16:2,0,0,0,0,0,0
2024/05/24 星期五 00:45:30.379,1716482730379,NH-DC-NM129-H06-ROCE-Leaf-16.GPU.S9825,TwoHundredGigE1/0/16:2,1790910,7092191392,1793073,7089245074,41.28,41.22
2024/05/24 星期五 00:45:30.981,1716482730981,NH-DC-NM129-H06-ROCE-Leaf-16.GPU.S9825,TwoHundredGigE1/0/16:2,0,0,0,0,0,0
2024/05/24 星期五 00:45:31.528,1716482731528,NH-DC-NM129-H06-ROCE-Leaf-16.GPU.S9825,TwoHundredGigE1/0/16:2,3094623,12430955780,3104562,12438939044,90.90,90.90
2024/05/24 星期五 00:45:32.039,1716482732039,NH-DC-NM129-H06-ROCE-Leaf-16.GPU.S9825,TwoHundredGigE1/0/16:2,0,0,0,0,0,0
2024/05/24 星期五 00:45:32.985,1716482732985,NH-DC-NM129-H06-ROCE-Leaf-16.GPU.S9825,TwoHundredGigE1/0/16:2,1997519,7913255752,1999603,7910125247,33.45,33.45
2024/05/24 星期五 00:45:33.506,1716482733506,NH-DC-NM129-H06-ROCE-Leaf-16.GPU.S9825,TwoHundredGigE1/0/16:2,1775093,7033715342,1778148,7032618002,53.97,53.97
2024/05/24 星期五 00:45:34.005,1716482734005,NH-DC-NM129-H06-ROCE-Leaf-16.GPU.S9825,TwoHundredGigE1/0/16:2,2687385,10811252150,2696169,10820668915,86.65,86.73
2024/05/24 星期五 00:45:34.585,1716482734585,NH-DC-NM129-H06-ROCE-Leaf-16.GPU.S9825,TwoHundredGigE1/0/16:2,0,0,0,0,0,0
2024/05/24 星期五 00:45:35.225,1716482735225,NH-DC-NM129-H06-ROCE-Leaf-16.GPU.S9825,TwoHundredGigE1/0/16:2,2162224,8568338024,2164416,8561430974,53.5,53.5
2024/05/24 星期五 00:45:35.776,1716482735776,NH-DC-NM129-H06-ROCE-Leaf-16.GPU.S9825,TwoHundredGigE1/0/16:2,0,0,0,0,0,0
2024/05/24 星期五 00:45:36.442,1716482736442,NH-DC-NM129-H06-ROCE-Leaf-16.GPU.S9825,TwoHundredGigE1/0/16:2,2212691,8767221042,2221273,8787082541,52.61,52.73
2024/05/24 星期五 00:45:37.076,1716482737076,NH-DC-NM129-H06-ROCE-Leaf-16.GPU.S9825,TwoHundredGigE1/0/16:2,0,0,0,0,0,0
2024/05/24 星期五 00:45:37.596,1716482737596,NH-DC-NM129-H06-ROCE-Leaf-16.GPU.S9825,TwoHundredGigE1/0/16:2,1659862,6579043120,1648649,6517390700,50.54,50.08
2024/05/24 星期五 00:45:38.165,1716482738165,NH-DC-NM129-H06-ROCE-Leaf-16.GPU.S9825,TwoHundredGigE1/0/16:2,3103528,12461188696,3120833,12503044905,87.59,87.87
2024/05/24 星期五 00:45:38.786,1716482738786,NH-DC-NM129-H06-ROCE-Leaf-16.GPU.S9825,TwoHundredGigE1/0/16:2,0,0,0,0,0,0
2024/05/24 星期五 00:45:39.298,1716482739298,NH-DC-NM129-H06-ROCE-Leaf-16.GPU.S9825,TwoHundredGigE1/0/16:2,1763327,6985141616,1769454,6998838554,54.53,54.61
2024/05/24 星期五 00:45:39.998,1716482739998,NH-DC-NM129-H06-ROCE-Leaf-16.GPU.S9825,TwoHundredGigE1/0/16:2,0,0,0,0,0,0
2024/05/24 星期五 00:45:40.568,1716482740568,NH-DC-NM129-H06-ROCE-Leaf-16.GPU.S9825,TwoHundredGigE1/0/16:2,2048655,8117979184,2049863,8106783131,56.91,56.84
2024/05/24 星期五 00:45:41.122,1716482741122,NH-DC-NM129-H06-ROCE-Leaf-16.GPU.S9825,TwoHundredGigE1/0/16:2,2139091,8529207620,2143276,8528566648,61.52,61.52
2024/05/24 星期五 00:45:41.750,1716482741750,NH-DC-NM129-H06-ROCE-Leaf-16.GPU.S9825,TwoHundredGigE1/0/16:2,0,0,0,0,0,0
2024/05/24 星期五 00:45:42.253,1716482742253,NH-DC-NM129-H06-ROCE-Leaf-16.GPU.S9825,TwoHundredGigE1/0/16:2,2451787,9827252852,2457970,9828993605,78.09,78.09
2024/05/24 星期五 00:45:42.886,1716482742886,NH-DC-NM129-H06-ROCE-Leaf-16.GPU.S9825,TwoHundredGigE1/0/16:2,1646085,6522183926,1648884,6522714712,41.20,41.20
2024/05/24 星期五 00:45:43.586,1716482743586,NH-DC-NM129-H06-ROCE-Leaf-16.GPU.S9825,TwoHundredGigE1/0/16:2,0,0,0,0,0,0
2024/05/24 星期五 00:45:44.172,1716482744172,NH-DC-NM129-H06-ROCE-Leaf-16.GPU.S9825,TwoHundredGigE1/0/16:2,2034841,8061256746,2037592,8057096897,55.02,54.95
2024/05/24 星期五 00:45:44.806,1716482744806,NH-DC-NM129-H06-ROCE-Leaf-16.GPU.S9825,TwoHundredGigE1/0/16:2,0,0,0,0,0,0
2024/05/24 星期五 00:45:45.492,1716482745492,NH-DC-NM129-H06-ROCE-Leaf-16.GPU.S9825,TwoHundredGigE1/0/16:2,2998610,12046337376,3006576,12049165372,70.20,70.20
2024/05/24 星期五 00:45:46.077,1716482746077,NH-DC-NM129-H06-ROCE-Leaf-16.GPU.S9825,TwoHundredGigE1/0/16:2,2076540,8228420244,2079838,8226821581,56.21,56.21
2024/05/24 星期五 00:45:49.491,1716482749491,NH-DC-NM129-H06-ROCE-Leaf-16.GPU.S9825,TwoHundredGigE1/0/16:2,6527229,26029602706,6541687,26031184337,30.49,30.50
2024/05/24 星期五 00:45:50.057,1716482750057,NH-DC-NM129-H06-ROCE-Leaf-16.GPU.S9825,TwoHundredGigE1/0/16:2,1839617,7289489158,1843042,7289715441,51.45,51.45
2024/05/24 星期五 00:45:50.642,1716482750642,NH-DC-NM129-H06-ROCE-Leaf-16.GPU.S9825,TwoHundredGigE1/0/16:2,0,0,0,0,0,0
2024/05/24 星期五 00:45:51.173,1716482751173,NH-DC-NM129-H06-ROCE-Leaf-16.GPU.S9825,TwoHundredGigE1/0/16:2,2130057,8440460798,2133850,8441058816,63.58,63.58
2024/05/24 星期五 00:45:51.760,1716482751760,NH-DC-NM129-H06-ROCE-Leaf-16.GPU.S9825,TwoHundredGigE1/0/16:2,0,0,0,0,0,0
2024/05/24 星期五 00:45:52.258,1716482752258,NH-DC-NM129-H06-ROCE-Leaf-16.GPU.S9825,TwoHundredGigE1/0/16:2,2007907,7976278320,2010811,7972861963,64.02,64.02
2024/05/24 星期五 00:45:52.805,1716482752805,NH-DC-NM129-H06-ROCE-Leaf-16.GPU.S9825,TwoHundredGigE1/0/16:2,0,0,0,0,0,0
2024/05/24 星期五 00:45:53.468,1716482753468,NH-DC-NM129-H06-ROCE-Leaf-16.GPU.S9825,TwoHundredGigE1/0/16:2,2614624,10508025074,2622707,10512470794,63.35,63.41
2024/05/24 星期五 00:45:54.038,1716482754038,NH-DC-NM129-H06-ROCE-Leaf-16.GPU.S9825,TwoHundredGigE1/0/16:2,0,0,0,0,0,0
2024/05/24 星期五 00:45:54.541,1716482754541,NH-DC-NM129-H06-ROCE-Leaf-16.GPU.S9825,TwoHundredGigE1/0/16:2,1886168,7472533566,1890093,7476452677,59.40,59.40
2024/05/24 星期五 00:45:55.485,1716482755485,NH-DC-NM129-H06-ROCE-Leaf-16.GPU.S9825,TwoHundredGigE1/0/16:2,1990629,7888362044,1993762,7885880034,33.39,33.39
2024/05/24 星期五 00:45:56.335,1716482756335,NH-DC-NM129-H06-ROCE-Leaf-16.GPU.S9825,TwoHundredGigE1/0/16:2,2581051,10391665422,2582241,10370652327,48.89,48.8
2024/05/24 星期五 00:45:57.077,1716482757077,NH-DC-NM129-H06-ROCE-Leaf-16.GPU.S9825,TwoHundredGigE1/0/16:2,2071045,8206017874,2080120,8227568260,44.20,44.31
2024/05/24 星期五 00:45:57.713,1716482757713,NH-DC-NM129-H06-ROCE-Leaf-16.GPU.S9825,TwoHundredGigE1/0/16:2,0,0,0,0,0,0
2024/05/24 星期五 00:45:58.329,1716482758329,NH-DC-NM129-H06-ROCE-Leaf-16.GPU.S9825,TwoHundredGigE1/0/16:2,1985771,7867308800,1988910,7867405791,51.04,51.04
2024/05/24 星期五 00:45:58.829,1716482758829,NH-DC-NM129-H06-ROCE-Leaf-16.GPU.S9825,TwoHundredGigE1/0/16:2,0,0,0,0,0,0
2024/05/24 星期五 00:45:59.343,1716482759343,NH-DC-NM129-H06-ROCE-Leaf-16.GPU.S9825,TwoHundredGigE1/0/16:2,1838178,7281666382,1841152,7281741546,56.65,56.65
2024/05/24 星期五 00:46:00.008,1716482760008,NH-DC-NM129-H06-ROCE-Leaf-16.GPU.S9825,TwoHundredGigE1/0/16:2,3096560,12435428510,3104979,12437790602,74.77,74.77
2024/05/24 星期五 00:46:00.684,1716482760684,NH-DC-NM129-H06-ROCE-Leaf-16.GPU.S9825,TwoHundredGigE1/0/16:2,0,0,0,0,0,0
2024/05/24 星期五 00:46:01.232,1716482761232,NH-DC-NM129-H06-ROCE-Leaf-16.GPU.S9825,TwoHundredGigE1/0/16:2,1835507,7269462252,1837889,7269224270,52.99,52.99
2024/05/24 星期五 00:46:01.804,1716482761804,NH-DC-NM129-H06-ROCE-Leaf-16.GPU.S9825,TwoHundredGigE1/0/16:2,0,0,0,0,0,0
2024/05/24 星期五 00:46:02.373,1716482762373,NH-DC-NM129-H06-ROCE-Leaf-16.GPU.S9825,TwoHundredGigE1/0/16:2,2094432,8299750172,2096250,8290527587,58.28,58.28
2024/05/24 星期五 00:46:03.597,1716482763597,NH-DC-NM129-H06-ROCE-Leaf-16.GPU.S9825,TwoHundredGigE1/0/16:2,2306466,9211498566,2314436,9223025438,30.10,30.13
2024/05/24 星期五 00:46:04.160,1716482764160,NH-DC-NM129-H06-ROCE-Leaf-16.GPU.S9825,TwoHundredGigE1/0/16:2,2514296,10053032710,2521025,10053208503,71.40,71.40
2024/05/24 星期五 00:46:04.660,1716482764660,NH-DC-NM129-H06-ROCE-Leaf-16.GPU.S9825,TwoHundredGigE1/0/16:2,0,0,0,0,0,0
2024/05/24 星期五 00:46:05.162,1716482765162,NH-DC-NM129-H06-ROCE-Leaf-16.GPU.S9825,TwoHundredGigE1/0/16:2,2097763,8312572802,2101690,8313110048,66.22,66.22
2024/05/24 星期五 00:46:05.761,1716482765761,NH-DC-NM129-H06-ROCE-Leaf-16.GPU.S9825,TwoHundredGigE1/0/16:2,0,0,0,0,0,0
2024/05/24 星期五 00:46:06.323,1716482766323,NH-DC-NM129-H06-ROCE-Leaf-16.GPU.S9825,TwoHundredGigE1/0/16:2,1774958,7033710828,1778475,7033944771,50.04,50.04
2024/05/24 星期五 00:46:07.603,1716482767603,NH-DC-NM129-H06-ROCE-Leaf-16.GPU.S9825,TwoHundredGigE1/0/16:2,3203826,12857425960,3212004,12858242748,40.16,40.16
2024/05/24 星期五 00:46:08.112,1716482768112,NH-DC-NM129-H06-ROCE-Leaf-16.GPU.S9825,TwoHundredGigE1/0/16:2,1678205,6650057874,1681261,6650258943,52.26,52.26
2024/05/24 星期五 00:46:08.678,1716482768678,NH-DC-NM129-H06-ROCE-Leaf-16.GPU.S9825,TwoHundredGigE1/0/16:2,0,0,0,0,0,0
2024/05/24 星期五 00:46:09.179,1716482769179,NH-DC-NM129-H06-ROCE-Leaf-16.GPU.S9825,TwoHundredGigE1/0/16:2,2066609,8185639690,2069813,8185396366,65.31,65.31
2024/05/24 星期五 00:46:09.727,1716482769727,NH-DC-NM129-H06-ROCE-Leaf-16.GPU.S9825,TwoHundredGigE1/0/16:2,0,0,0,0,0,0
2024/05/24 星期五 00:46:10.481,1716482770481,NH-DC-NM129-H06-ROCE-Leaf-16.GPU.S9825,TwoHundredGigE1/0/16:2,2004676,7928190452,2007857,7927886669,42.02,42.02
2024/05/24 星期五 00:46:11.093,1716482771093,NH-DC-NM129-H06-ROCE-Leaf-16.GPU.S9825,TwoHundredGigE1/0/16:2,2983045,12000440182,2993353,12009514420,78.43,78.43
2024/05/24 星期五 00:46:11.643,1716482771643,NH-DC-NM129-H06-ROCE-Leaf-16.GPU.S9825,TwoHundredGigE1/0/16:2,0,0,0,0,0,0
2024/05/24 星期五 00:46:12.243,1716482772243,NH-DC-NM129-H06-ROCE-Leaf-16.GPU.S9825,TwoHundredGigE1/0/16:2,1959799,7763543234,1960870,7756701773,51.73,51.67
2024/05/24 星期五 00:46:12.864,1716482772864,NH-DC-NM129-H06-ROCE-Leaf-16.GPU.S9825,TwoHundredGigE1/0/16:2,0,0,0,0,0,0
2024/05/24 星期五 00:46:13.471,1716482773471,NH-DC-NM129-H06-ROCE-Leaf-16.GPU.S9825,TwoHundredGigE1/0/16:2,1678507,6650081106,1681585,6650284614,43.82,43.82
2024/05/24 星期五 00:46:14.057,1716482774057,NH-DC-NM129-H06-ROCE-Leaf-16.GPU.S9825,TwoHundredGigE1/0/16:2,2326926,9335445604,2331936,9335776201,63.69,63.69
2024/05/24 星期五 00:46:14.642,1716482774642,NH-DC-NM129-H06-ROCE-Leaf-16.GPU.S9825,TwoHundredGigE1/0/16:2,0,0,0,0,0,0
2024/05/24 星期五 00:46:15.271,1716482775271,NH-DC-NM129-H06-ROCE-Leaf-16.GPU.S9825,TwoHundredGigE1/0/16:2,2360185,9404631834,2365708,9405344524,59.78,59.78
2024/05/24 星期五 00:46:15.828,1716482775828,NH-DC-NM129-H06-ROCE-Leaf-16.GPU.S9825,TwoHundredGigE1/0/16:2,0,0,0,0,0,0
2024/05/24 星期五 00:46:16.401,1716482776401,NH-DC-NM129-H06-ROCE-Leaf-16.GPU.S9825,TwoHundredGigE1/0/16:2,2213779,8769192142,2218376,8775087597,61.15,61.22
2024/05/24 星期五 00:46:17.080,1716482777080,NH-DC-NM129-H06-ROCE-Leaf-16.GPU.S9825,TwoHundredGigE1/0/16:2,1788970,7088703928,1791019,7083869142,41.71,41.71
2024/05/24 星期五 00:46:17.653,1716482777653,NH-DC-NM129-H06-ROCE-Leaf-16.GPU.S9825,TwoHundredGigE1/0/16:2,0,0,0,0,0,0
2024/05/24 星期五 00:46:18.216,1716482778216,NH-DC-NM129-H06-ROCE-Leaf-16.GPU.S9825,TwoHundredGigE1/0/16:2,2824307,11355726320,2831880,11357531409,80.64,80.64
2024/05/24 星期五 00:46:18.778,1716482778778,NH-DC-NM129-H06-ROCE-Leaf-16.GPU.S9825,TwoHundredGigE1/0/16:2,0,0,0,0,0,0
2024/05/24 星期五 00:46:19.279,1716482779279,NH-DC-NM129-H06-ROCE-Leaf-16.GPU.S9825,TwoHundredGigE1/0/16:2,1928271,7640440780,1931496,7639439284,61.00,60.92
2024/05/24 星期五 00:46:19.847,1716482779847,NH-DC-NM129-H06-ROCE-Leaf-16.GPU.S9825,TwoHundredGigE1/0/16:2,0,0,0,0,0,0
2024/05/24 星期五 00:46:20.549,1716482780549,NH-DC-NM129-H06-ROCE-Leaf-16.GPU.S9825,TwoHundredGigE1/0/16:2,4243563,16849994676,4256913,16870753493,95.95,96.13
2024/05/24 星期五 00:46:22.667,1716482782667,NH-DC-NM129-H06-ROCE-Leaf-16.GPU.S9825,TwoHundredGigE1/0/16:2,2606270,10458454522,2609926,10439720087,19.74,19.70
2024/05/24 星期五 00:46:23.451,1716482783451,NH-DC-NM129-H06-ROCE-Leaf-16.GPU.S9825,TwoHundredGigE1/0/16:2,1803764,7147602556,1807291,7147376518,36.43,36.43
2024/05/24 星期五 00:46:24.107,1716482784107,NH-DC-NM129-H06-ROCE-Leaf-16.GPU.S9825,TwoHundredGigE1/0/16:2,1940632,7687195252,1944404,7690058563,46.83,46.89
2024/05/24 星期五 00:46:25.237,1716482785237,NH-DC-NM129-H06-ROCE-Leaf-16.GPU.S9825,TwoHundredGigE1/0/16:2,2577067,10377166140,2582211,10372258788,36.71,36.71
2024/05/24 星期五 00:46:25.848,1716482785848,NH-DC-NM129-H06-ROCE-Leaf-16.GPU.S9825,TwoHundredGigE1/0/16:2,0,0,0,0,0,0
2024/05/24 星期五 00:46:26.415,1716482786415,NH-DC-NM129-H06-ROCE-Leaf-16.GPU.S9825,TwoHundredGigE1/0/16:2,2130944,8444830216,2135189,8447640701,59.54,59.54
2024/05/24 星期五 00:46:27.002,1716482787002,NH-DC-NM129-H06-ROCE-Leaf-16.GPU.S9825,TwoHundredGigE1/0/16:2,0,0,0,0,0,0
2024/05/24 星期五 00:46:27.605,1716482787605,NH-DC-NM129-H06-ROCE-Leaf-16.GPU.S9825,TwoHundredGigE1/0/16:2,2226633,8821339952,2230947,8824754018,58.51,58.51
2024/05/24 星期五 00:46:28.224,1716482788224,NH-DC-NM129-H06-ROCE-Leaf-16.GPU.S9825,TwoHundredGigE1/0/16:2,1593746,6315201452,1596344,6314010551,40.78,40.78
2024/05/24 星期五 00:46:28.839,1716482788839,NH-DC-NM129-H06-ROCE-Leaf-16.GPU.S9825,TwoHundredGigE1/0/16:2,0,0,0,0,0,0
2024/05/24 星期五 00:46:29.423,1716482789423,NH-DC-NM129-H06-ROCE-Leaf-16.GPU.S9825,TwoHundredGigE1/0/16:2,3117726,12518932288,3126344,12522165186,85.68,85.75
2024/05/24 星期五 00:46:31.228,1716482791228,NH-DC-NM129-H06-ROCE-Leaf-16.GPU.S9825,TwoHundredGigE1/0/16:2,3912275,15503075110,3917583,15496130314,34.35,34.33
2024/05/24 星期五 00:46:31.787,1716482791787,NH-DC-NM129-H06-ROCE-Leaf-16.GPU.S9825,TwoHundredGigE1/0/16:2,0,0,0,0,0,0
2024/05/24 星期五 00:46:32.318,1716482792318,NH-DC-NM129-H06-ROCE-Leaf-16.GPU.S9825,TwoHundredGigE1/0/16:2,2135135,8510910964,2140761,8515685685,64.11,64.11
2024/05/24 星期五 00:46:32.932,1716482792932,NH-DC-NM129-H06-ROCE-Leaf-16.GPU.S9825,TwoHundredGigE1/0/16:2,0,0,0,0,0,0
2024/05/24 星期五 00:46:33.433,1716482793433,NH-DC-NM129-H06-ROCE-Leaf-16.GPU.S9825,TwoHundredGigE1/0/16:2,2404348,9643511270,2410950,9645567928,76.97,76.97
2024/05/24 星期五 00:46:34.109,1716482794109,NH-DC-NM129-H06-ROCE-Leaf-16.GPU.S9825,TwoHundredGigE1/0/16:2,1975152,7825598294,1978240,7825622817,46.27,46.27
2024/05/24 星期五 00:46:34.680,1716482794680,NH-DC-NM129-H06-ROCE-Leaf-16.GPU.S9825,TwoHundredGigE1/0/16:2,0,0,0,0,0,0
2024/05/24 星期五 00:46:35.185,1716482795185,NH-DC-NM129-H06-ROCE-Leaf-16.GPU.S9825,TwoHundredGigE1/0/16:2,1926261,7628244206,1918430,7586070704,60.36,60.04
2024/05/24 星期五 00:46:35.874,1716482795874,NH-DC-NM129-H06-ROCE-Leaf-16.GPU.S9825,TwoHundredGigE1/0/16:2,0,0,0,0,0,0
2024/05/24 星期五 00:46:36.447,1716482796447,NH-DC-NM129-H06-ROCE-Leaf-16.GPU.S9825,TwoHundredGigE1/0/16:2,2929503,11770632202,2947367,11815338397,82.16,82.44
2024/05/24 星期五 00:46:37.102,1716482797102,NH-DC-NM129-H06-ROCE-Leaf-16.GPU.S9825,TwoHundredGigE1/0/16:2,2023806,8018961556,2027658,8019977314,48.92,48.92
2024/05/24 星期五 00:46:37.725,1716482797725,NH-DC-NM129-H06-ROCE-Leaf-16.GPU.S9825,TwoHundredGigE1/0/16:2,0,0,0,0,0,0
2024/05/24 星期五 00:46:38.318,1716482798318,NH-DC-NM129-H06-ROCE-Leaf-16.GPU.S9825,TwoHundredGigE1/0/16:2,2096309,8306689128,2099772,8305834001,55.99,55.99
2024/05/24 星期五 00:46:38.821,1716482798821,NH-DC-NM129-H06-ROCE-Leaf-16.GPU.S9825,TwoHundredGigE1/0/16:2,0,0,0,0,0,0
2024/05/24 星期五 00:46:39.331,1716482799331,NH-DC-NM129-H06-ROCE-Leaf-16.GPU.S9825,TwoHundredGigE1/0/16:2,1678182,6650050400,1681440,6650266804,52.16,52.16
2024/05/24 星期五 00:46:39.945,1716482799945,NH-DC-NM129-H06-ROCE-Leaf-16.GPU.S9825,TwoHundredGigE1/0/16:2,0,0,0,0,0,0
2024/05/24 星期五 00:46:40.552,1716482800552,NH-DC-NM129-H06-ROCE-Leaf-16.GPU.S9825,TwoHundredGigE1/0/16:2,3034804,12193246342,3044096,12193973805,80.33,80.33
2024/05/24 星期五 00:46:41.135,1716482801135,NH-DC-NM129-H06-ROCE-Leaf-16.GPU.S9825,TwoHundredGigE1/0/16:2,1779837,7053371744,1784021,7056639200,48.37,48.37
2024/05/24 星期五 00:46:41.707,1716482801707,NH-DC-NM129-H06-ROCE-Leaf-16.GPU.S9825,TwoHundredGigE1/0/16:2,0,0,0,0,0,0
2024/05/24 星期五 00:46:42.212,1716482802212,NH-DC-NM129-H06-ROCE-Leaf-16.GPU.S9825,TwoHundredGigE1/0/16:2,2034542,8061793420,2037569,8059513881,63.84,63.76
2024/05/24 星期五 00:46:42.862,1716482802862,NH-DC-NM129-H06-ROCE-Leaf-16.GPU.S9825,TwoHundredGigE1/0/16:2,0,0,0,0,0,0
2024/05/24 星期五 00:46:43.502,1716482803502,NH-DC-NM129-H06-ROCE-Leaf-16.GPU.S9825,TwoHundredGigE1/0/16:2,1767715,7012724780,1771147,7014940136,43.81,43.81
2024/05/24 星期五 00:46:44.215,1716482804215,NH-DC-NM129-H06-ROCE-Leaf-16.GPU.S9825,TwoHundredGigE1/0/16:2,2758640,11087963818,2766165,11087029667,62.16,62.16
2024/05/24 星期五 00:46:44.718,1716482804718,NH-DC-NM129-H06-ROCE-Leaf-16.GPU.S9825,TwoHundredGigE1/0/16:2,0,0,0,0,0,0
2024/05/24 星期五 00:46:45.343,1716482805343,NH-DC-NM129-H06-ROCE-Leaf-16.GPU.S9825,TwoHundredGigE1/0/16:2,1968633,7801027162,1972342,7801620300,49.92,49.92
2024/05/24 星期五 00:46:46.322,1716482806322,NH-DC-NM129-H06-ROCE-Leaf-16.GPU.S9825,TwoHundredGigE1/0/16:2,1969103,7801690954,1972427,7801279211,31.87,31.87
2024/05/24 星期五 00:46:47.830,1716482807830,NH-DC-NM129-H06-ROCE-Leaf-16.GPU.S9825,TwoHundredGigE1/0/16:2,3179659,12761870444,3188285,12765590282,33.85,33.85
2024/05/24 星期五 00:46:48.334,1716482808334,NH-DC-NM129-H06-ROCE-Leaf-16.GPU.S9825,TwoHundredGigE1/0/16:2,1702341,6745607820,1704771,6743031403,53.49,53.49
2024/05/24 星期五 00:46:48.834,1716482808834,NH-DC-NM129-H06-ROCE-Leaf-16.GPU.S9825,TwoHundredGigE1/0/16:2,0,0,0,0,0,0
2024/05/24 星期五 00:46:49.334,1716482809334,NH-DC-NM129-H06-ROCE-Leaf-16.GPU.S9825,TwoHundredGigE1/0/16:2,2194693,8696238586,2198939,8696866770,69.52,69.52
2024/05/24 星期五 00:46:49.926,1716482809926,NH-DC-NM129-H06-ROCE-Leaf-16.GPU.S9825,TwoHundredGigE1/0/16:2,1708429,6765653774,1711597,6769469533,45.68,45.68
2024/05/24 星期五 00:46:50.605,1716482810605,NH-DC-NM129-H06-ROCE-Leaf-16.GPU.S9825,TwoHundredGigE1/0/16:2,0,0,0,0,0,0
2024/05/24 星期五 00:46:51.106,1716482811106,NH-DC-NM129-H06-ROCE-Leaf-16.GPU.S9825,TwoHundredGigE1/0/16:2,3077240,12361606360,3083478,12355348898,98.68,98.60
2024/05/24 星期五 00:46:51.699,1716482811699,NH-DC-NM129-H06-ROCE-Leaf-16.GPU.S9825,TwoHundredGigE1/0/16:2,0,0,0,0,0,0
2024/05/24 星期五 00:46:52.337,1716482812337,NH-DC-NM129-H06-ROCE-Leaf-16.GPU.S9825,TwoHundredGigE1/0/16:2,1645820,6522158200,1648753,6522604959,40.88,40.88
2024/05/24 星期五 00:46:52.970,1716482812970,NH-DC-NM129-H06-ROCE-Leaf-16.GPU.S9825,TwoHundredGigE1/0/16:2,0,0,0,0,0,0
2024/05/24 星期五 00:46:53.562,1716482813562,NH-DC-NM129-H06-ROCE-Leaf-16.GPU.S9825,TwoHundredGigE1/0/16:2,1865118,7389718576,1869481,7393336828,49.86,49.93
2024/05/24 星期五 00:46:54.212,1716482814212,NH-DC-NM129-H06-ROCE-Leaf-16.GPU.S9825,TwoHundredGigE1/0/16:2,2698117,10809683394,2703121,10806409487,66.46,66.46
2024/05/24 星期五 00:46:54.890,1716482814890,NH-DC-NM129-H06-ROCE-Leaf-16.GPU.S9825,TwoHundredGigE1/0/16:2,2319420,9236978232,2324952,9238338234,54.45,54.45
2024/05/24 星期五 00:46:55.672,1716482815672,NH-DC-NM129-H06-ROCE-Leaf-16.GPU.S9825,TwoHundredGigE1/0/16:2,0,0,0,0,0,0
2024/05/24 星期五 00:46:56.307,1716482816307,NH-DC-NM129-H06-ROCE-Leaf-16.GPU.S9825,TwoHundredGigE1/0/16:2,2102240,8330678812,2105577,8329073317,52.47,52.41
2024/05/24 星期五 00:46:56.954,1716482816954,NH-DC-NM129-H06-ROCE-Leaf-16.GPU.S9825,TwoHundredGigE1/0/16:2,1803010,7143509076,1806843,7145937944,44.14,44.14
2024/05/24 星期五 00:46:57.611,1716482817611,NH-DC-NM129-H06-ROCE-Leaf-16.GPU.S9825,TwoHundredGigE1/0/16:2,0,0,0,0,0,0
2024/05/24 星期五 00:46:58.163,1716482818163,NH-DC-NM129-H06-ROCE-Leaf-16.GPU.S9825,TwoHundredGigE1/0/16:2,2534802,10209811320,2540759,10208221799,73.91,73.91
2024/05/24 星期五 00:46:58.745,1716482818745,NH-DC-NM129-H06-ROCE-Leaf-16.GPU.S9825,TwoHundredGigE1/0/16:2,0,0,0,0,0,0
2024/05/24 星期五 00:46:59.270,1716482819270,NH-DC-NM129-H06-ROCE-Leaf-16.GPU.S9825,TwoHundredGigE1/0/16:2,2023388,8017218956,2027177,8019126134,61.03,61.03
2024/05/24 星期五 00:46:59.851,1716482819851,NH-DC-NM129-H06-ROCE-Leaf-16.GPU.S9825,TwoHundredGigE1/0/16:2,0,0,0,0,0,0
2024/05/24 星期五 00:47:01.900,1716482821900,NH-DC-NM129-H06-ROCE-Leaf-16.GPU.S9825,TwoHundredGigE1/0/16:2,3837466,15205217140,3844531,15206841158,29.67,29.67
2024/05/24 星期五 00:47:02.412,1716482822412,NH-DC-NM129-H06-ROCE-Leaf-16.GPU.S9825,TwoHundredGigE1/0/16:2,2886626,11604093404,2894599,11606243791,90.62,90.62
2024/05/24 星期五 00:47:03.007,1716482823007,NH-DC-NM129-H06-ROCE-Leaf-16.GPU.S9825,TwoHundredGigE1/0/16:2,0,0,0,0,0,0
2024/05/24 星期五 00:47:03.535,1716482823535,NH-DC-NM129-H06-ROCE-Leaf-16.GPU.S9825,TwoHundredGigE1/0/16:2,1611058,6383449820,1613466,6382191644,48.33,48.33
2024/05/24 星期五 00:47:04.182,1716482824182,NH-DC-NM129-H06-ROCE-Leaf-16.GPU.S9825,TwoHundredGigE1/0/16:2,2066853,8186541834,2069969,8185266623,50.57,50.57
2024/05/24 星期五 00:47:04.803,1716482824803,NH-DC-NM129-H06-ROCE-Leaf-16.GPU.S9825,TwoHundredGigE1/0/16:2,0,0,0,0,0,0
2024/05/24 星期五 00:47:05.360,1716482825360,NH-DC-NM129-H06-ROCE-Leaf-16.GPU.S9825,TwoHundredGigE1/0/16:2,2484322,9932124604,2490114,9932504032,71.31,71.31
2024/05/24 星期五 00:47:05.864,1716482825864,NH-DC-NM129-H06-ROCE-Leaf-16.GPU.S9825,TwoHundredGigE1/0/16:2,0,0,0,0,0,0
2024/05/24 星期五 00:47:06.549,1716482826549,NH-DC-NM129-H06-ROCE-Leaf-16.GPU.S9825,TwoHundredGigE1/0/16:2,2526666,10086891200,2532215,10087743087,58.86,58.86
2024/05/24 星期五 00:47:07.455,1716482827455,NH-DC-NM129-H06-ROCE-Leaf-16.GPU.S9825,TwoHundredGigE1/0/16:2,2194758,8696243400,2198723,8696921730,38.37,38.37
2024/05/24 星期五 00:47:08.142,1716482828142,NH-DC-NM129-H06-ROCE-Leaf-16.GPU.S9825,TwoHundredGigE1/0/16:2,1651518,6544762648,1654737,6545686439,38.08,38.08
2024/05/24 星期五 00:47:08.735,1716482828735,NH-DC-NM129-H06-ROCE-Leaf-16.GPU.S9825,TwoHundredGigE1/0/16:2,0,0,0,0,0,0
2024/05/24 星期五 00:47:09.236,1716482829236,NH-DC-NM129-H06-ROCE-Leaf-16.GPU.S9825,TwoHundredGigE1/0/16:2,2843215,11428090626,2850230,11428392888,91.18,91.18
2024/05/24 星期五 00:47:10.030,1716482830030,NH-DC-NM129-H06-ROCE-Leaf-16.GPU.S9825,TwoHundredGigE1/0/16:2,1935850,7671776306,1938840,7669055225,38.64,38.59
2024/05/24 星期五 00:47:11.433,1716482831433,NH-DC-NM129-H06-ROCE-Leaf-16.GPU.S9825,TwoHundredGigE1/0/16:2,2066109,8186061780,2070786,8189565668,23.32,23.32
2024/05/24 星期五 00:47:12.049,1716482832049,NH-DC-NM129-H06-ROCE-Leaf-16.GPU.S9825,TwoHundredGigE1/0/16:2,0,0,0,0,0,0
2024/05/24 星期五 00:47:12.595,1716482832595,NH-DC-NM129-H06-ROCE-Leaf-16.GPU.S9825,TwoHundredGigE1/0/16:2,1928971,7634447822,1931840,7634638077,55.90,55.90
2024/05/24 星期五 00:47:13.147,1716482833147,NH-DC-NM129-H06-ROCE-Leaf-16.GPU.S9825,TwoHundredGigE1/0/16:2,2758656,11105663808,2767270,11107608360,80.43,80.43
2024/05/24 星期五 00:47:13.891,1716482833891,NH-DC-NM129-H06-ROCE-Leaf-16.GPU.S9825,TwoHundredGigE1/0/16:2,0,0,0,0,0,0
2024/05/24 星期五 00:47:14.464,1716482834464,NH-DC-NM129-H06-ROCE-Leaf-16.GPU.S9825,TwoHundredGigE1/0/16:2,1710442,6777940664,1713504,6777117317,47.26,47.26
2024/05/24 星期五 00:47:15.100,1716482835100,NH-DC-NM129-H06-ROCE-Leaf-16.GPU.S9825,TwoHundredGigE1/0/16:2,2089546,8281616292,2085132,8246756162,52.08,51.82
2024/05/24 星期五 00:47:15.627,1716482835627,NH-DC-NM129-H06-ROCE-Leaf-16.GPU.S9825,TwoHundredGigE1/0/16:2,0,0,0,0,0,0
2024/05/24 星期五 00:47:16.129,1716482836129,NH-DC-NM129-H06-ROCE-Leaf-16.GPU.S9825,TwoHundredGigE1/0/16:2,2823779,11353674410,2839651,11389707853,90.44,90.68
2024/05/24 星期五 00:47:16.816,1716482836816,NH-DC-NM129-H06-ROCE-Leaf-16.GPU.S9825,TwoHundredGigE1/0/16:2,0,0,0,0,0,0
2024/05/24 星期五 00:47:17.602,1716482837602,NH-DC-NM129-H06-ROCE-Leaf-16.GPU.S9825,TwoHundredGigE1/0/16:2,2062650,8171472258,2069429,8185113618,41.58,41.63
2024/05/24 星期五 00:47:18.161,1716482838161,NH-DC-NM129-H06-ROCE-Leaf-16.GPU.S9825,TwoHundredGigE1/0/16:2,2004237,7942171404,2004736,7929799369,56.82,56.67
2024/05/24 星期五 00:47:18.732,1716482838732,NH-DC-NM129-H06-ROCE-Leaf-16.GPU.S9825,TwoHundredGigE1/0/16:2,0,0,0,0,0,0
2024/05/24 星期五 00:47:19.233,1716482839233,NH-DC-NM129-H06-ROCE-Leaf-16.GPU.S9825,TwoHundredGigE1/0/16:2,1807248,7161597152,1810536,7161813920,57.17,57.17
2024/05/24 星期五 00:47:19.789,1716482839789,NH-DC-NM129-H06-ROCE-Leaf-16.GPU.S9825,TwoHundredGigE1/0/16:2,0,0,0,0,0,0
2024/05/24 星期五 00:47:22.307,1716482842307,NH-DC-NM129-H06-ROCE-Leaf-16.GPU.S9825,TwoHundredGigE1/0/16:2,6882297,27436354306,6896725,27438067628,43.57,43.57
2024/05/24 星期五 00:47:23.173,1716482843173,NH-DC-NM129-H06-ROCE-Leaf-16.GPU.S9825,TwoHundredGigE1/0/16:2,1719331,6806413636,1720783,6802631882,31.41,31.41
2024/05/24 星期五 00:47:23.871,1716482843871,NH-DC-NM129-H06-ROCE-Leaf-16.GPU.S9825,TwoHundredGigE1/0/16:2,0,0,0,0,0,0
2024/05/24 星期五 00:47:24.378,1716482844378,NH-DC-NM129-H06-ROCE-Leaf-16.GPU.S9825,TwoHundredGigE1/0/16:2,3033403,12189510204,3042486,12194400293,96.09,96.17
2024/05/24 星期五 00:47:24.903,1716482844903,NH-DC-NM129-H06-ROCE-Leaf-16.GPU.S9825,TwoHundredGigE1/0/16:2,1804667,7149436274,1807314,7149608716,54.4,54.4
2024/05/24 星期五 00:47:25.808,1716482845808,NH-DC-NM129-H06-ROCE-Leaf-16.GPU.S9825,TwoHundredGigE1/0/16:2,0,0,0,0,0,0
2024/05/24 星期五 00:47:26.311,1716482846311,NH-DC-NM129-H06-ROCE-Leaf-16.GPU.S9825,TwoHundredGigE1/0/16:2,2068597,8196888726,2072550,8197632349,65.13,65.13
2024/05/24 星期五 00:47:26.879,1716482846879,NH-DC-NM129-H06-ROCE-Leaf-16.GPU.S9825,TwoHundredGigE1/0/16:2,0,0,0,0,0,0
2024/05/24 星期五 00:47:27.429,1716482847429,NH-DC-NM129-H06-ROCE-Leaf-16.GPU.S9825,TwoHundredGigE1/0/16:2,2817250,11330449244,2824962,11331993602,82.4,82.4
2024/05/24 星期五 00:47:27.929,1716482847929,NH-DC-NM129-H06-ROCE-Leaf-16.GPU.S9825,TwoHundredGigE1/0/16:2,0,0,0,0,0,0
2024/05/24 星期五 00:47:28.457,1716482848457,NH-DC-NM129-H06-ROCE-Leaf-16.GPU.S9825,TwoHundredGigE1/0/16:2,1870586,7409683516,1873266,7409374159,56.06,56.06
2024/05/24 星期五 00:47:29.286,1716482849286,NH-DC-NM129-H06-ROCE-Leaf-16.GPU.S9825,TwoHundredGigE1/0/16:2,2260035,8955234728,2264344,8957276756,43.18,43.18
2024/05/24 星期五 00:47:29.828,1716482849828,NH-DC-NM129-H06-ROCE-Leaf-16.GPU.S9825,TwoHundredGigE1/0/16:2,0,0,0,0,0,0
2024/05/24 星期五 00:47:30.331,1716482850331,NH-DC-NM129-H06-ROCE-Leaf-16.GPU.S9825,TwoHundredGigE1/0/16:2,1741986,6902607098,1745009,6901396702,54.87,54.87
2024/05/24 星期五 00:47:31.044,1716482851044,NH-DC-NM129-H06-ROCE-Leaf-16.GPU.S9825,TwoHundredGigE1/0/16:2,0,0,0,0,0,0
2024/05/24 星期五 00:47:31.545,1716482851545,NH-DC-NM129-H06-ROCE-Leaf-16.GPU.S9825,TwoHundredGigE1/0/16:2,2741112,11029483504,2747830,11023481486,87.98,87.98
2024/05/24 星期五 00:47:32.171,1716482852171,NH-DC-NM129-H06-ROCE-Leaf-16.GPU.S9825,TwoHundredGigE1/0/16:2,1818523,7199174938,1822079,7206331533,45.94,46.01
2024/05/24 星期五 00:47:32.814,1716482852814,NH-DC-NM129-H06-ROCE-Leaf-16.GPU.S9825,TwoHundredGigE1/0/16:2,0,0,0,0,0,0
2024/05/24 星期五 00:47:33.332,1716482853332,NH-DC-NM129-H06-ROCE-Leaf-16.GPU.S9825,TwoHundredGigE1/0/16:2,1936721,7673168390,1940430,7673830980,59.23,59.23
2024/05/24 星期五 00:47:33.938,1716482853938,NH-DC-NM129-H06-ROCE-Leaf-16.GPU.S9825,TwoHundredGigE1/0/16:2,1838528,7279059794,1842429,7282834263,47.99,48.05
2024/05/24 星期五 00:47:34.577,1716482854577,NH-DC-NM129-H06-ROCE-Leaf-16.GPU.S9825,TwoHundredGigE1/0/16:2,0,0,0,0,0,0
2024/05/24 星期五 00:47:35.081,1716482855081,NH-DC-NM129-H06-ROCE-Leaf-16.GPU.S9825,TwoHundredGigE1/0/16:2,2950417,11862952984,2955430,11851798240,94.13,94.05
2024/05/24 星期五 00:47:35.875,1716482855875,NH-DC-NM129-H06-ROCE-Leaf-16.GPU.S9825,TwoHundredGigE1/0/16:2,0,0,0,0,0,0
2024/05/24 星期五 00:47:36.490,1716482856490,NH-DC-NM129-H06-ROCE-Leaf-16.GPU.S9825,TwoHundredGigE1/0/16:2,1650646,6540328972,1651133,6531655797,42.54,42.47
2024/05/24 星期五 00:47:36.994,1716482856994,NH-DC-NM129-H06-ROCE-Leaf-16.GPU.S9825,TwoHundredGigE1/0/16:2,0,0,0,0,0,0
2024/05/24 星期五 00:47:37.593,1716482857593,NH-DC-NM129-H06-ROCE-Leaf-16.GPU.S9825,TwoHundredGigE1/0/16:2,2121572,8406131604,2129001,8421828356,56.09,56.23
2024/05/24 星期五 00:47:39.039,1716482859039,NH-DC-NM129-H06-ROCE-Leaf-16.GPU.S9825,TwoHundredGigE1/0/16:2,4880600,19503932026,4893018,19508190571,53.94,53.94
2024/05/24 星期五 00:47:39.675,1716482859675,NH-DC-NM129-H06-ROCE-Leaf-16.GPU.S9825,TwoHundredGigE1/0/16:2,0,0,0,0,0,0
2024/05/24 星期五 00:47:40.181,1716482860181,NH-DC-NM129-H06-ROCE-Leaf-16.GPU.S9825,TwoHundredGigE1/0/16:2,2228211,8827660032,2231498,8825061855,69.72,69.72
2024/05/24 星期五 00:47:40.749,1716482860749,NH-DC-NM129-H06-ROCE-Leaf-16.GPU.S9825,TwoHundredGigE1/0/16:2,0,0,0,0,0,0
2024/05/24 星期五 00:47:41.257,1716482861257,NH-DC-NM129-H06-ROCE-Leaf-16.GPU.S9825,TwoHundredGigE1/0/16:2,1742907,6905841038,1745998,6906044428,54.33,54.33
2024/05/24 星期五 00:47:41.766,1716482861766,NH-DC-NM129-H06-ROCE-Leaf-16.GPU.S9825,TwoHundredGigE1/0/16:2,0,0,0,0,0,0
2024/05/24 星期五 00:47:42.346,1716482862346,NH-DC-NM129-H06-ROCE-Leaf-16.GPU.S9825,TwoHundredGigE1/0/16:2,3008945,12090021530,3016610,12090944845,83.38,83.38
2024/05/24 星期五 00:47:43.111,1716482863111,NH-DC-NM129-H06-ROCE-Leaf-16.GPU.S9825,TwoHundredGigE1/0/16:2,1599136,6336042438,1602660,6339310486,33.10,33.10
2024/05/24 星期五 00:47:43.673,1716482863673,NH-DC-NM129-H06-ROCE-Leaf-16.GPU.S9825,TwoHundredGigE1/0/16:2,0,0,0,0,0,0
2024/05/24 星期五 00:47:44.256,1716482864256,NH-DC-NM129-H06-ROCE-Leaf-16.GPU.S9825,TwoHundredGigE1/0/16:2,2112675,8370846452,2115742,8368567535,57.43,57.36
2024/05/24 星期五 00:47:44.980,1716482864980,NH-DC-NM129-H06-ROCE-Leaf-16.GPU.S9825,TwoHundredGigE1/0/16:2,0,0,0,0,0,0
2024/05/24 星期五 00:47:45.481,1716482865481,NH-DC-NM129-H06-ROCE-Leaf-16.GPU.S9825,TwoHundredGigE1/0/16:2,2548782,10187886920,2554590,10188270704,81.28,81.28
2024/05/24 星期五 00:47:46.208,1716482866208,NH-DC-NM129-H06-ROCE-Leaf-16.GPU.S9825,TwoHundredGigE1/0/16:2,2494247,9958993462,2499834,9959712729,54.75,54.75
2024/05/24 星期五 00:47:46.874,1716482866874,NH-DC-NM129-H06-ROCE-Leaf-16.GPU.S9825,TwoHundredGigE1/0/16:2,0,0,0,0,0,0
2024/05/24 星期五 00:47:48.065,1716482868065,NH-DC-NM129-H06-ROCE-Leaf-16.GPU.S9825,TwoHundredGigE1/0/16:2,3781459,14982090886,3788738,14986781009,50.31,50.31
2024/05/24 星期五 00:47:48.566,1716482868566,NH-DC-NM129-H06-ROCE-Leaf-16.GPU.S9825,TwoHundredGigE1/0/16:2,0,0,0,0,0,0
2024/05/24 星期五 00:47:49.066,1716482869066,NH-DC-NM129-H06-ROCE-Leaf-16.GPU.S9825,TwoHundredGigE1/0/16:2,2810700,11303317112,2819611,11300370150,90.4,90.4
2024/05/24 星期五 00:47:49.816,1716482869816,NH-DC-NM129-H06-ROCE-Leaf-16.GPU.S9825,TwoHundredGigE1/0/16:2,0,0,0,0,0,0
2024/05/24 星期五 00:47:50.327,1716482870327,NH-DC-NM129-H06-ROCE-Leaf-16.GPU.S9825,TwoHundredGigE1/0/16:2,2001397,7928950290,2004556,7929153965,62.00,62.00
2024/05/24 星期五 00:47:50.884,1716482870884,NH-DC-NM129-H06-ROCE-Leaf-16.GPU.S9825,TwoHundredGigE1/0/16:2,0,0,0,0,0,0
2024/05/24 星期五 00:47:51.437,1716482871437,NH-DC-NM129-H06-ROCE-Leaf-16.GPU.S9825,TwoHundredGigE1/0/16:2,2130115,8440464202,2133910,8441061708,61.05,61.05
2024/05/24 星期五 00:47:51.999,1716482871999,NH-DC-NM129-H06-ROCE-Leaf-16.GPU.S9825,TwoHundredGigE1/0/16:2,0,0,0,0,0,0
2024/05/24 星期五 00:47:52.527,1716482872527,NH-DC-NM129-H06-ROCE-Leaf-16.GPU.S9825,TwoHundredGigE1/0/16:2,1930134,7638075512,1932024,7634650969,57.80,57.80
2024/05/24 星期五 00:47:53.329,1716482873329,NH-DC-NM129-H06-ROCE-Leaf-16.GPU.S9825,TwoHundredGigE1/0/16:2,2951993,11872957926,2960357,11873927370,59.20,59.20
2024/05/24 星期五 00:47:53.832,1716482873832,NH-DC-NM129-H06-ROCE-Leaf-16.GPU.S9825,TwoHundredGigE1/0/16:2,0,0,0,0,0,0
2024/05/24 星期五 00:47:54.336,1716482874336,NH-DC-NM129-H06-ROCE-Leaf-16.GPU.S9825,TwoHundredGigE1/0/16:2,1807272,7161598748,1810575,7162025351,56.83,56.83
2024/05/24 星期五 00:47:55.205,1716482875205,NH-DC-NM129-H06-ROCE-Leaf-16.GPU.S9825,TwoHundredGigE1/0/16:2,2065830,8184712404,2069422,8184947292,37.65,37.65
2024/05/24 星期五 00:47:56.000,1716482876000,NH-DC-NM129-H06-ROCE-Leaf-16.GPU.S9825,TwoHundredGigE1/0/16:2,3053382,12263806478,3059834,12258105663,61.69,61.64
2024/05/24 星期五 00:47:56.858,1716482876858,NH-DC-NM129-H06-ROCE-Leaf-16.GPU.S9825,TwoHundredGigE1/0/16:2,0,0,0,0,0,0
2024/05/24 星期五 00:47:57.362,1716482877362,NH-DC-NM129-H06-ROCE-Leaf-16.GPU.S9825,TwoHundredGigE1/0/16:2,1957280,7755181766,1962405,7762067728,61.51,61.59
2024/05/24 星期五 00:47:57.959,1716482877959,NH-DC-NM129-H06-ROCE-Leaf-16.GPU.S9825,TwoHundredGigE1/0/16:2,0,0,0,0,0,0
2024/05/24 星期五 00:47:58.532,1716482878532,NH-DC-NM129-H06-ROCE-Leaf-16.GPU.S9825,TwoHundredGigE1/0/16:2,2162782,8568381260,2166182,8569017269,59.76,59.76
2024/05/24 星期五 00:47:59.062,1716482879062,NH-DC-NM129-H06-ROCE-Leaf-16.GPU.S9825,TwoHundredGigE1/0/16:2,1639676,6496877652,1644557,6505407270,48.98,49.06
2024/05/24 星期五 00:47:59.727,1716482879727,NH-DC-NM129-H06-ROCE-Leaf-16.GPU.S9825,TwoHundredGigE1/0/16:2,0,0,0,0,0,0
2024/05/24 星期五 00:48:00.481,1716482880481,NH-DC-NM129-H06-ROCE-Leaf-16.GPU.S9825,TwoHundredGigE1/0/16:2,3015087,12115308890,3021425,12107937466,64.24,64.19
2024/05/24 星期五 00:48:00.982,1716482880982,NH-DC-NM129-H06-ROCE-Leaf-16.GPU.S9825,TwoHundredGigE1/0/16:2,0,0,0,0,0,0
2024/05/24 星期五 00:48:01.489,1716482881489,NH-DC-NM129-H06-ROCE-Leaf-16.GPU.S9825,TwoHundredGigE1/0/16:2,1731758,6861475476,1736030,6865942232,54.12,54.12
2024/05/24 星期五 00:48:02.090,1716482882090,NH-DC-NM129-H06-ROCE-Leaf-16.GPU.S9825,TwoHundredGigE1/0/16:2,2138274,8473613544,2140947,8468433079,56.37,56.31
2024/05/24 星期五 00:48:02.592,1716482882592,NH-DC-NM129-H06-ROCE-Leaf-16.GPU.S9825,TwoHundredGigE1/0/16:2,0,0,0,0,0,0
2024/05/24 星期五 00:48:03.135,1716482883135,NH-DC-NM129-H06-ROCE-Leaf-16.GPU.S9825,TwoHundredGigE1/0/16:2,2228730,8920225484,2234457,8922085194,65.71,65.71
2024/05/24 星期五 00:48:06.589,1716482886589,NH-DC-NM129-H06-ROCE-Leaf-16.GPU.S9825,TwoHundredGigE1/0/16:2,6528484,25944720300,6541516,25946516366,30.04,30.04
2024/05/24 星期五 00:48:07.310,1716482887310,NH-DC-NM129-H06-ROCE-Leaf-16.GPU.S9825,TwoHundredGigE1/0/16:2,3073435,12345790022,3081320,12346727772,68.46,68.46
2024/05/24 星期五 00:48:07.930,1716482887930,NH-DC-NM129-H06-ROCE-Leaf-16.GPU.S9825,TwoHundredGigE1/0/16:2,0,0,0,0,0,0
2024/05/24 星期五 00:48:08.429,1716482888429,NH-DC-NM129-H06-ROCE-Leaf-16.GPU.S9825,TwoHundredGigE1/0/16:2,1660069,6578699252,1662790,6577466449,52.67,52.67
2024/05/24 星期五 00:48:09.612,1716482889612,NH-DC-NM129-H06-ROCE-Leaf-16.GPU.S9825,TwoHundredGigE1/0/16:2,2083492,8256036326,2087654,8258141508,27.90,27.90
2024/05/24 星期五 00:48:10.113,1716482890113,NH-DC-NM129-H06-ROCE-Leaf-16.GPU.S9825,TwoHundredGigE1/0/16:2,1934019,7654324124,1936401,7652602315,61.08,61.08
2024/05/24 星期五 00:48:10.713,1716482890713,NH-DC-NM129-H06-ROCE-Leaf-16.GPU.S9825,TwoHundredGigE1/0/16:2,0,0,0,0,0,0
2024/05/24 星期五 00:48:11.229,1716482891229,NH-DC-NM129-H06-ROCE-Leaf-16.GPU.S9825,TwoHundredGigE1/0/16:2,2818030,11341550082,2826817,11344217302,87.91,87.91
2024/05/24 星期五 00:48:11.729,1716482891729,NH-DC-NM129-H06-ROCE-Leaf-16.GPU.S9825,TwoHundredGigE1/0/16:2,0,0,0,0,0,0
2024/05/24 星期五 00:48:12.231,1716482892231,NH-DC-NM129-H06-ROCE-Leaf-16.GPU.S9825,TwoHundredGigE1/0/16:2,1969349,7803698654,1973117,7804550575,62.15,62.15
2024/05/24 星期五 00:48:13.110,1716482893110,NH-DC-NM129-H06-ROCE-Leaf-16.GPU.S9825,TwoHundredGigE1/0/16:2,1831457,7256444386,1834676,7256741940,32.99,32.99
2024/05/24 星期五 00:48:13.776,1716482893776,NH-DC-NM129-H06-ROCE-Leaf-16.GPU.S9825,TwoHundredGigE1/0/16:2,0,0,0,0,0,0
2024/05/24 星期五 00:48:14.277,1716482894277,NH-DC-NM129-H06-ROCE-Leaf-16.GPU.S9825,TwoHundredGigE1/0/16:2,2736892,11009817614,2744281,11010628451,87.82,87.90
2024/05/24 星期五 00:48:14.853,1716482894853,NH-DC-NM129-H06-ROCE-Leaf-16.GPU.S9825,TwoHundredGigE1/0/16:2,0,0,0,0,0,0
2024/05/24 星期五 00:48:15.358,1716482895358,NH-DC-NM129-H06-ROCE-Leaf-16.GPU.S9825,TwoHundredGigE1/0/16:2,2087655,8272237664,2091389,8272517654,65.50,65.50
2024/05/24 星期五 00:48:15.918,1716482895918,NH-DC-NM129-H06-ROCE-Leaf-16.GPU.S9825,TwoHundredGigE1/0/16:2,2263530,8969627208,2267077,8967675435,64,64
2024/05/24 星期五 00:48:16.863,1716482896863,NH-DC-NM129-H06-ROCE-Leaf-16.GPU.S9825,TwoHundredGigE1/0/16:2,0,0,0,0,0,0
2024/05/24 星期五 00:48:17.424,1716482897424,NH-DC-NM129-H06-ROCE-Leaf-16.GPU.S9825,TwoHundredGigE1/0/16:2,1738358,6888198640,1742059,6890905598,49.06,49.13
2024/05/24 星期五 00:48:18.006,1716482898006,NH-DC-NM129-H06-ROCE-Leaf-16.GPU.S9825,TwoHundredGigE1/0/16:2,0,0,0,0,0,0
2024/05/24 星期五 00:48:18.520,1716482898520,NH-DC-NM129-H06-ROCE-Leaf-16.GPU.S9825,TwoHundredGigE1/0/16:2,2848181,11450639510,2855370,11451600645,89.11,89.11
2024/05/24 星期五 00:48:19.023,1716482899023,NH-DC-NM129-H06-ROCE-Leaf-16.GPU.S9825,TwoHundredGigE1/0/16:2,0,0,0,0,0,0
2024/05/24 星期五 00:48:19.620,1716482899620,NH-DC-NM129-H06-ROCE-Leaf-16.GPU.S9825,TwoHundredGigE1/0/16:2,1807242,7161596720,1810639,7161820394,47.97,47.97
2024/05/24 星期五 00:48:20.531,1716482900531,NH-DC-NM129-H06-ROCE-Leaf-16.GPU.S9825,TwoHundredGigE1/0/16:2,4300512,17098470860,4308532,17097471059,75.04,75.04
2024/05/24 星期五 00:48:22.302,1716482902302,NH-DC-NM129-H06-ROCE-Leaf-16.GPU.S9825,TwoHundredGigE1/0/16:2,2517556,10083550048,2524333,10085704401,22.77,22.77
2024/05/24 星期五 00:48:22.987,1716482902987,NH-DC-NM129-H06-ROCE-Leaf-16.GPU.S9825,TwoHundredGigE1/0/16:2,1807352,7161604736,1810668,7162240544,41.81,41.81
2024/05/24 星期五 00:48:24.003,1716482904003,NH-DC-NM129-H06-ROCE-Leaf-16.GPU.S9825,TwoHundredGigE1/0/16:2,0,0,0,0,0,0
2024/05/24 星期五 00:48:24.506,1716482904506,NH-DC-NM129-H06-ROCE-Leaf-16.GPU.S9825,TwoHundredGigE1/0/16:2,1986391,7870946316,1990168,7872483619,62.58,62.58
2024/05/24 星期五 00:48:25.064,1716482905064,NH-DC-NM129-H06-ROCE-Leaf-16.GPU.S9825,TwoHundredGigE1/0/16:2,2798131,11252827304,2804763,11252393924,80.65,80.65
2024/05/24 星期五 00:48:25.704,1716482905704,NH-DC-NM129-H06-ROCE-Leaf-16.GPU.S9825,TwoHundredGigE1/0/16:2,0,0,0,0,0,0
2024/05/24 星期五 00:48:26.206,1716482906206,NH-DC-NM129-H06-ROCE-Leaf-16.GPU.S9825,TwoHundredGigE1/0/16:2,2064424,8179091220,2067911,8174360095,65.10,65.10
2024/05/24 星期五 00:48:26.900,1716482906900,NH-DC-NM129-H06-ROCE-Leaf-16.GPU.S9825,TwoHundredGigE1/0/16:2,2196789,8703881258,2201416,8707592528,50.14,50.14
2024/05/24 星期五 00:48:29.145,1716482909145,NH-DC-NM129-H06-ROCE-Leaf-16.GPU.S9825,TwoHundredGigE1/0/16:2,4365071,17461268090,4374903,17462471811,31.11,31.11
2024/05/24 星期五 00:48:29.697,1716482909697,NH-DC-NM129-H06-ROCE-Leaf-16.GPU.S9825,TwoHundredGigE1/0/16:2,0,0,0,0,0,0
2024/05/24 星期五 00:48:30.198,1716482910198,NH-DC-NM129-H06-ROCE-Leaf-16.GPU.S9825,TwoHundredGigE1/0/16:2,1807301,7161600594,1810699,7161825178,57.17,57.17
2024/05/24 星期五 00:48:31.175,1716482911175,NH-DC-NM129-H06-ROCE-Leaf-16.GPU.S9825,TwoHundredGigE1/0/16:2,2129941,8440452314,2133914,8440852952,34.55,34.55
2024/05/24 星期五 00:48:31.684,1716482911684,NH-DC-NM129-H06-ROCE-Leaf-16.GPU.S9825,TwoHundredGigE1/0/16:2,0,0,0,0,0,0
2024/05/24 星期五 00:48:32.250,1716482912250,NH-DC-NM129-H06-ROCE-Leaf-16.GPU.S9825,TwoHundredGigE1/0/16:2,2484096,9932107676,2489896,9932488805,70.18,70.18
2024/05/24 星期五 00:48:32.832,1716482912832,NH-DC-NM129-H06-ROCE-Leaf-16.GPU.S9825,TwoHundredGigE1/0/16:2,0,0,0,0,0,0
2024/05/24 星期五 00:48:33.335,1716482913335,NH-DC-NM129-H06-ROCE-Leaf-16.GPU.S9825,TwoHundredGigE1/0/16:2,2333205,9319593384,2338696,9320374509,74.04,74.12
2024/05/24 星期五 00:48:33.883,1716482913883,NH-DC-NM129-H06-ROCE-Leaf-16.GPU.S9825,TwoHundredGigE1/0/16:2,2056655,8148965180,2064172,8166199233,59.42,59.56
2024/05/24 星期五 00:48:34.702,1716482914702,NH-DC-NM129-H06-ROCE-Leaf-16.GPU.S9825,TwoHundredGigE1/0/16:2,0,0,0,0,0,0
2024/05/24 星期五 00:48:35.201,1716482915201,NH-DC-NM129-H06-ROCE-Leaf-16.GPU.S9825,TwoHundredGigE1/0/16:2,1945330,7708872606,1945036,7692532756,61.72,61.64
2024/05/24 星期五 00:48:35.825,1716482915825,NH-DC-NM129-H06-ROCE-Leaf-16.GPU.S9825,TwoHundredGigE1/0/16:2,0,0,0,0,0,0
2024/05/24 星期五 00:48:36.379,1716482916379,NH-DC-NM129-H06-ROCE-Leaf-16.GPU.S9825,TwoHundredGigE1/0/16:2,2574615,10366720064,2581936,10367285855,74.80,74.80
2024/05/24 星期五 00:48:36.880,1716482916880,NH-DC-NM129-H06-ROCE-Leaf-16.GPU.S9825,TwoHundredGigE1/0/16:2,0,0,0,0,0,0
2024/05/24 星期五 00:48:37.379,1716482917379,NH-DC-NM129-H06-ROCE-Leaf-16.GPU.S9825,TwoHundredGigE1/0/16:2,2016708,7989771926,2020371,7990415836,63.97,64.05
2024/05/24 星期五 00:48:38.672,1716482918672,NH-DC-NM129-H06-ROCE-Leaf-16.GPU.S9825,TwoHundredGigE1/0/16:2,2120158,8401302894,2125709,8407304383,25.99,25.99
2024/05/24 星期五 00:48:39.173,1716482919173,NH-DC-NM129-H06-ROCE-Leaf-16.GPU.S9825,TwoHundredGigE1/0/16:2,1710868,6773582388,1721605,6811815458,54.05,54.37
2024/05/24 星期五 00:48:39.754,1716482919754,NH-DC-NM129-H06-ROCE-Leaf-16.GPU.S9825,TwoHundredGigE1/0/16:2,0,0,0,0,0,0
2024/05/24 星期五 00:48:40.783,1716482920783,NH-DC-NM129-H06-ROCE-Leaf-16.GPU.S9825,TwoHundredGigE1/0/16:2,3343573,13412575044,3341551,13369895799,52.13,51.93
2024/05/24 星期五 00:48:41.370,1716482921370,NH-DC-NM129-H06-ROCE-Leaf-16.GPU.S9825,TwoHundredGigE1/0/16:2,1807282,7161599952,1810774,7162458916,48.79,48.79
2024/05/24 星期五 00:48:42.055,1716482922055,NH-DC-NM129-H06-ROCE-Leaf-16.GPU.S9825,TwoHundredGigE1/0/16:2,2061921,8167689158,2059153,8142359323,47.65,47.53
2024/05/24 星期五 00:48:42.637,1716482922637,NH-DC-NM129-H06-ROCE-Leaf-16.GPU.S9825,TwoHundredGigE1/0/16:2,0,0,0,0,0,0
2024/05/24 星期五 00:48:43.257,1716482923257,NH-DC-NM129-H06-ROCE-Leaf-16.GPU.S9825,TwoHundredGigE1/0/16:2,2690645,10828231750,2705059,10854812318,69.81,70
2024/05/24 星期五 00:48:43.827,1716482923827,NH-DC-NM129-H06-ROCE-Leaf-16.GPU.S9825,TwoHundredGigE1/0/16:2,0,0,0,0,0,0
2024/05/24 星期五 00:48:44.327,1716482924327,NH-DC-NM129-H06-ROCE-Leaf-16.GPU.S9825,TwoHundredGigE1/0/16:2,2102675,8331918264,2106574,8332960513,66.64,66.64
2024/05/24 星期五 00:48:45.230,1716482925230,NH-DC-NM129-H06-ROCE-Leaf-16.GPU.S9825,TwoHundredGigE1/0/16:2,2321562,9200013994,2325706,9199997194,40.75,40.71
2024/05/24 星期五 00:48:45.869,1716482925869,NH-DC-NM129-H06-ROCE-Leaf-16.GPU.S9825,TwoHundredGigE1/0/16:2,0,0,0,0,0,0
2024/05/24 星期五 00:48:46.491,1716482926491,NH-DC-NM129-H06-ROCE-Leaf-16.GPU.S9825,TwoHundredGigE1/0/16:2,1650846,6542083684,1652053,6534275809,42.06,41.99
2024/05/24 星期五 00:48:47.222,1716482927222,NH-DC-NM129-H06-ROCE-Leaf-16.GPU.S9825,TwoHundredGigE1/0/16:2,2936741,11802841218,2946086,11811461072,64.57,64.62
2024/05/24 星期五 00:48:47.766,1716482927766,NH-DC-NM129-H06-ROCE-Leaf-16.GPU.S9825,TwoHundredGigE1/0/16:2,0,0,0,0,0,0
2024/05/24 星期五 00:48:48.369,1716482928369,NH-DC-NM129-H06-ROCE-Leaf-16.GPU.S9825,TwoHundredGigE1/0/16:2,1613874,6394303404,1617359,6394534947,42.39,42.39
2024/05/24 星期五 00:48:49.186,1716482929186,NH-DC-NM129-H06-ROCE-Leaf-16.GPU.S9825,TwoHundredGigE1/0/16:2,2130039,8440458722,2133906,8441131128,41.32,41.32
2024/05/24 星期五 00:48:50.194,1716482930194,NH-DC-NM129-H06-ROCE-Leaf-16.GPU.S9825,TwoHundredGigE1/0/16:2,2484063,9932104106,2490116,9932505173,39.40,39.40
2024/05/24 星期五 00:48:50.699,1716482930699,NH-DC-NM129-H06-ROCE-Leaf-16.GPU.S9825,TwoHundredGigE1/0/16:2,0,0,0,0,0,0
2024/05/24 星期五 00:48:51.207,1716482931207,NH-DC-NM129-H06-ROCE-Leaf-16.GPU.S9825,TwoHundredGigE1/0/16:2,2366350,9452027172,2370292,9448214732,74.41,74.33
2024/05/24 星期五 00:48:51.822,1716482931822,NH-DC-NM129-H06-ROCE-Leaf-16.GPU.S9825,TwoHundredGigE1/0/16:2,0,0,0,0,0,0
2024/05/24 星期五 00:48:52.652,1716482932652,NH-DC-NM129-H06-ROCE-Leaf-16.GPU.S9825,TwoHundredGigE1/0/16:2,2130232,8440472896,2134358,8441162821,40.67,40.67
2024/05/24 星期五 00:48:53.217,1716482933217,NH-DC-NM129-H06-ROCE-Leaf-16.GPU.S9825,TwoHundredGigE1/0/16:2,1742209,6903835184,1745348,6904053388,48.85,48.85
2024/05/24 星期五 00:48:53.723,1716482933723,NH-DC-NM129-H06-ROCE-Leaf-16.GPU.S9825,TwoHundredGigE1/0/16:2,0,0,0,0,0,0
2024/05/24 星期五 00:48:54.225,1716482934225,NH-DC-NM129-H06-ROCE-Leaf-16.GPU.S9825,TwoHundredGigE1/0/16:2,2525709,10173747696,2531975,10172704581,81.04,81.04
2024/05/24 星期五 00:48:54.941,1716482934941,NH-DC-NM129-H06-ROCE-Leaf-16.GPU.S9825,TwoHundredGigE1/0/16:2,2050262,8124114604,2055187,8129306810,45.36,45.36
2024/05/24 星期五 00:48:55.768,1716482935768,NH-DC-NM129-H06-ROCE-Leaf-16.GPU.S9825,TwoHundredGigE1/0/16:2,2338914,9268349052,2342589,9266005525,44.79,44.79
2024/05/24 星期五 00:48:56.598,1716482936598,NH-DC-NM129-H06-ROCE-Leaf-16.GPU.S9825,TwoHundredGigE1/0/16:2,0,0,0,0,0,0
2024/05/24 星期五 00:48:57.157,1716482937157,NH-DC-NM129-H06-ROCE-Leaf-16.GPU.S9825,TwoHundredGigE1/0/16:2,1621431,6425702842,1622732,6418064068,45.94,45.87
2024/05/24 星期五 00:48:57.658,1716482937658,NH-DC-NM129-H06-ROCE-Leaf-16.GPU.S9825,TwoHundredGigE1/0/16:2,0,0,0,0,0,0
2024/05/24 星期五 00:48:58.280,1716482938280,NH-DC-NM129-H06-ROCE-Leaf-16.GPU.S9825,TwoHundredGigE1/0/16:2,2763749,11115863748,2773773,11129127863,71.45,71.51
2024/05/24 星期五 00:48:58.802,1716482938802,NH-DC-NM129-H06-ROCE-Leaf-16.GPU.S9825,TwoHundredGigE1/0/16:2,0,0,0,0,0,0
2024/05/24 星期五 00:48:59.540,1716482939540,NH-DC-NM129-H06-ROCE-Leaf-16.GPU.S9825,TwoHundredGigE1/0/16:2,1825751,7234654602,1827141,7226987182,39.19,39.13
2024/05/24 星期五 00:49:00.270,1716482940270,NH-DC-NM129-H06-ROCE-Leaf-16.GPU.S9825,TwoHundredGigE1/0/16:2,2091477,8287103460,2096063,8290983986,45.37,45.42
2024/05/24 星期五 00:49:00.778,1716482940778,NH-DC-NM129-H06-ROCE-Leaf-16.GPU.S9825,TwoHundredGigE1/0/16:2,0,0,0,0,0,0
2024/05/24 星期五 00:49:01.284,1716482941284,NH-DC-NM129-H06-ROCE-Leaf-16.GPU.S9825,TwoHundredGigE1/0/16:2,2172583,8652297548,2176878,8653091712,68.38,68.38
2024/05/24 星期五 00:49:01.869,1716482941869,NH-DC-NM129-H06-ROCE-Leaf-16.GPU.S9825,TwoHundredGigE1/0/16:2,0,0,0,0,0,0
2024/05/24 星期五 00:49:02.424,1716482942424,NH-DC-NM129-H06-ROCE-Leaf-16.GPU.S9825,TwoHundredGigE1/0/16:2,2562374,10274705998,2569099,10274974391,74.02,74.02
2024/05/24 星期五 00:49:03.113,1716482943113,NH-DC-NM129-H06-ROCE-Leaf-16.GPU.S9825,TwoHundredGigE1/0/16:2,1792369,7102602530,1795775,7103257654,41.22,41.22
2024/05/24 星期五 00:49:03.784,1716482943784,NH-DC-NM129-H06-ROCE-Leaf-16.GPU.S9825,TwoHundredGigE1/0/16:2,0,0,0,0,0,0
2024/05/24 星期五 00:49:04.286,1716482944286,NH-DC-NM129-H06-ROCE-Leaf-16.GPU.S9825,TwoHundredGigE1/0/16:2,2033247,8056802466,2036860,8057040657,64.14,64.14
2024/05/24 星期五 00:49:04.819,1716482944819,NH-DC-NM129-H06-ROCE-Leaf-16.GPU.S9825,TwoHundredGigE1/0/16:2,0,0,0,0,0,0
2024/05/24 星期五 00:49:05.317,1716482945317,NH-DC-NM129-H06-ROCE-Leaf-16.GPU.S9825,TwoHundredGigE1/0/16:2,2815768,11322742104,2824149,11324046174,90.92,90.92
2024/05/24 星期五 00:49:05.835,1716482945835,NH-DC-NM129-H06-ROCE-Leaf-16.GPU.S9825,TwoHundredGigE1/0/16:2,0,0,0,0,0,0
2024/05/24 星期五 00:49:06.520,1716482946520,NH-DC-NM129-H06-ROCE-Leaf-16.GPU.S9825,TwoHundredGigE1/0/16:2,2056456,8148790368,2060431,8150084367,47.53,47.59
2024/05/24 星期五 00:49:07.505,1716482947505,NH-DC-NM129-H06-ROCE-Leaf-16.GPU.S9825,TwoHundredGigE1/0/16:2,2268255,8987903742,2272080,8987751252,36.47,36.47
2024/05/24 星期五 00:49:08.013,1716482948013,NH-DC-NM129-H06-ROCE-Leaf-16.GPU.S9825,TwoHundredGigE1/0/16:2,1482802,5875167306,1485722,5877329763,46.22,46.22
2024/05/24 星期五 00:49:08.611,1716482948611,NH-DC-NM129-H06-ROCE-Leaf-16.GPU.S9825,TwoHundredGigE1/0/16:2,0,0,0,0,0,0
2024/05/24 星期五 00:49:09.787,1716482949787,NH-DC-NM129-H06-ROCE-Leaf-16.GPU.S9825,TwoHundredGigE1/0/16:2,3398717,13632277804,3406884,13631121982,46.36,46.36
2024/05/24 星期五 00:49:10.598,1716482950598,NH-DC-NM129-H06-ROCE-Leaf-16.GPU.S9825,TwoHundredGigE1/0/16:2,1805310,7153135566,1810496,7162222981,35.27,35.31
2024/05/24 星期五 00:49:11.146,1716482951146,NH-DC-NM129-H06-ROCE-Leaf-16.GPU.S9825,TwoHundredGigE1/0/16:2,2035299,8065273972,2037057,8057060698,58.83,58.76
2024/05/24 星期五 00:49:11.748,1716482951748,NH-DC-NM129-H06-ROCE-Leaf-16.GPU.S9825,TwoHundredGigE1/0/16:2,0,0,0,0,0,0
2024/05/24 星期五 00:49:12.358,1716482952358,NH-DC-NM129-H06-ROCE-Leaf-16.GPU.S9825,TwoHundredGigE1/0/16:2,2318670,9312775360,2323522,9311565315,61.05,61.05
2024/05/24 星期五 00:49:13.057,1716482953057,NH-DC-NM129-H06-ROCE-Leaf-16.GPU.S9825,TwoHundredGigE1/0/16:2,2110990,8404264660,2116050,8406546066,48.07,48.07
2024/05/24 星期五 00:49:13.592,1716482953592,NH-DC-NM129-H06-ROCE-Leaf-16.GPU.S9825,TwoHundredGigE1/0/16:2,0,0,0,0,0,0
2024/05/24 星期五 00:49:14.334,1716482954334,NH-DC-NM129-H06-ROCE-Leaf-16.GPU.S9825,TwoHundredGigE1/0/16:2,2129635,8439479080,2133849,8440785749,45.44,45.50
2024/05/24 星期五 00:49:14.835,1716482954835,NH-DC-NM129-H06-ROCE-Leaf-16.GPU.S9825,TwoHundredGigE1/0/16:2,0,0,0,0,0,0
2024/05/24 星期五 00:49:15.382,1716482955382,NH-DC-NM129-H06-ROCE-Leaf-16.GPU.S9825,TwoHundredGigE1/0/16:2,1840003,7290468404,1843405,7290012256,53.31,53.31
2024/05/24 星期五 00:49:16.026,1716482956026,NH-DC-NM129-H06-ROCE-Leaf-16.GPU.S9825,TwoHundredGigE1/0/16:2,3277629,13152500836,3285728,13154451339,81.68,81.68
2024/05/24 星期五 00:49:16.649,1716482956649,NH-DC-NM129-H06-ROCE-Leaf-16.GPU.S9825,TwoHundredGigE1/0/16:2,0,0,0,0,0,0
2024/05/24 星期五 00:49:17.245,1716482957245,NH-DC-NM129-H06-ROCE-Leaf-16.GPU.S9825,TwoHundredGigE1/0/16:2,1824318,7228590586,1828584,7233648452,48.46,48.52
2024/05/24 星期五 00:49:18.829,1716482958829,NH-DC-NM129-H06-ROCE-Leaf-16.GPU.S9825,TwoHundredGigE1/0/16:2,1902060,7531747430,1902274,7524114365,19.02,18.99
2024/05/24 星期五 00:49:19.347,1716482959347,NH-DC-NM129-H06-ROCE-Leaf-16.GPU.S9825,TwoHundredGigE1/0/16:2,2098948,8339244064,2102775,8338660756,64.32,64.32
2024/05/24 星期五 00:49:20.859,1716482960859,NH-DC-NM129-H06-ROCE-Leaf-16.GPU.S9825,TwoHundredGigE1/0/16:2,4436636,17725489286,4447781,17730185659,46.88,46.90
2024/05/24 星期五 00:49:22.478,1716482962478,NH-DC-NM129-H06-ROCE-Leaf-16.GPU.S9825,TwoHundredGigE1/0/16:2,2033334,8056809528,2037378,8057076935,19.89,19.89
2024/05/24 星期五 00:49:23.245,1716482963245,NH-DC-NM129-H06-ROCE-Leaf-16.GPU.S9825,TwoHundredGigE1/0/16:2,2411309,9701331964,2417621,9702484522,50.59,50.59
2024/05/24 星期五 00:49:23.871,1716482963871,NH-DC-NM129-H06-ROCE-Leaf-16.GPU.S9825,TwoHundredGigE1/0/16:2,0,0,0,0,0,0
2024/05/24 星期五 00:49:24.526,1716482964526,NH-DC-NM129-H06-ROCE-Leaf-16.GPU.S9825,TwoHundredGigE1/0/16:2,2211149,8782966668,2215722,8782810533,53.62,53.62
2024/05/24 星期五 00:49:25.026,1716482965026,NH-DC-NM129-H06-ROCE-Leaf-16.GPU.S9825,TwoHundredGigE1/0/16:2,2221826,8804678304,2225592,8804045632,70.4,70.4
2024/05/24 星期五 00:49:25.600,1716482965600,NH-DC-NM129-H06-ROCE-Leaf-16.GPU.S9825,TwoHundredGigE1/0/16:2,0,0,0,0,0,0
2024/05/24 星期五 00:49:26.174,1716482966174,NH-DC-NM129-H06-ROCE-Leaf-16.GPU.S9825,TwoHundredGigE1/0/16:2,1779890,7053142772,1783573,7054613439,49.13,49.13
2024/05/24 星期五 00:49:26.850,1716482966850,NH-DC-NM129-H06-ROCE-Leaf-16.GPU.S9825,TwoHundredGigE1/0/16:2,0,0,0,0,0,0
2024/05/24 星期五 00:49:27.415,1716482967415,NH-DC-NM129-H06-ROCE-Leaf-16.GPU.S9825,TwoHundredGigE1/0/16:2,2993653,12027528426,3000866,12027144592,85.10,85.10
2024/05/24 星期五 00:49:28.019,1716482968019,NH-DC-NM129-H06-ROCE-Leaf-16.GPU.S9825,TwoHundredGigE1/0/16:2,0,0,0,0,0,0
2024/05/24 星期五 00:49:28.518,1716482968518,NH-DC-NM129-H06-ROCE-Leaf-16.GPU.S9825,TwoHundredGigE1/0/16:2,1590373,6299866804,1592772,6300035287,50.42,50.50
2024/05/24 星期五 00:49:29.037,1716482969037,NH-DC-NM129-H06-ROCE-Leaf-16.GPU.S9825,TwoHundredGigE1/0/16:2,0,0,0,0,0,0
2024/05/24 星期五 00:49:29.572,1716482969572,NH-DC-NM129-H06-ROCE-Leaf-16.GPU.S9825,TwoHundredGigE1/0/16:2,2105249,8341683304,2109366,8343493730,62.36,62.36
2024/05/24 星期五 00:49:30.437,1716482970437,NH-DC-NM129-H06-ROCE-Leaf-16.GPU.S9825,TwoHundredGigE1/0/16:2,2373455,9458873776,2377550,9456692662,43.70,43.70
2024/05/24 星期五 00:49:31.035,1716482971035,NH-DC-NM129-H06-ROCE-Leaf-16.GPU.S9825,TwoHundredGigE1/0/16:2,2661220,10654180098,2669412,10663414530,71.24,71.30
2024/05/24 星期五 00:49:31.602,1716482971602,NH-DC-NM129-H06-ROCE-Leaf-16.GPU.S9825,TwoHundredGigE1/0/16:2,0,0,0,0,0,0
2024/05/24 星期五 00:49:32.201,1716482972201,NH-DC-NM129-H06-ROCE-Leaf-16.GPU.S9825,TwoHundredGigE1/0/16:2,2138565,8474303102,2141150,8469000077,56.56,56.49
2024/05/24 星期五 00:49:32.740,1716482972740,NH-DC-NM129-H06-ROCE-Leaf-16.GPU.S9825,TwoHundredGigE1/0/16:2,0,0,0,0,0,0
2024/05/24 星期五 00:49:33.249,1716482973249,NH-DC-NM129-H06-ROCE-Leaf-16.GPU.S9825,TwoHundredGigE1/0/16:2,1710470,6777942580,1713627,6778150434,53.20,53.20
2024/05/24 星期五 00:49:33.881,1716482973881,NH-DC-NM129-H06-ROCE-Leaf-16.GPU.S9825,TwoHundredGigE1/0/16:2,0,0,0,0,0,0
2024/05/24 星期五 00:49:34.405,1716482974405,NH-DC-NM129-H06-ROCE-Leaf-16.GPU.S9825,TwoHundredGigE1/0/16:2,3184818,12784892030,3191881,12782290407,97.56,97.56
2024/05/24 星期五 00:49:35.012,1716482975012,NH-DC-NM129-H06-ROCE-Leaf-16.GPU.S9825,TwoHundredGigE1/0/16:2,1890232,0,1894482,0,0,0
2024/05/24 星期五 00:49:35.591,1716482975591,NH-DC-NM129-H06-ROCE-Leaf-16.GPU.S9825,TwoHundredGigE1/0/16:2,0,7489857406,0,7493553232,51.68,51.74
2024/05/24 星期五 00:49:36.113,1716482976113,NH-DC-NM129-H06-ROCE-Leaf-16.GPU.S9825,TwoHundredGigE1/0/16:2,2083438,8255642470,2086502,8253273693,63.22,63.22
2024/05/24 星期五 00:49:36.738,1716482976738,NH-DC-NM129-H06-ROCE-Leaf-16.GPU.S9825,TwoHundredGigE1/0/16:2,0,0,0,0,0,0
2024/05/24 星期五 00:49:37.433,1716482977433,NH-DC-NM129-H06-ROCE-Leaf-16.GPU.S9825,TwoHundredGigE1/0/16:2,2525340,10095433258,2531460,10097526982,58.07,58.07
2024/05/24 星期五 00:49:37.982,1716482977982,NH-DC-NM129-H06-ROCE-Leaf-16.GPU.S9825,TwoHundredGigE1/0/16:2,2338078,9341044356,2343627,9343019897,68.05,68.05
2024/05/24 星期五 00:49:38.545,1716482978545,NH-DC-NM129-H06-ROCE-Leaf-16.GPU.S9825,TwoHundredGigE1/0/16:2,0,0,0,0,0,0
2024/05/24 星期五 00:49:39.072,1716482979072,NH-DC-NM129-H06-ROCE-Leaf-16.GPU.S9825,TwoHundredGigE1/0/16:2,2098722,8312647896,2102012,8313276228,63.07,63.07
2024/05/24 星期五 00:49:39.569,1716482979569,NH-DC-NM129-H06-ROCE-Leaf-16.GPU.S9825,TwoHundredGigE1/0/16:2,0,0,0,0,0,0
2024/05/24 星期五 00:49:40.293,1716482980293,NH-DC-NM129-H06-ROCE-Leaf-16.GPU.S9825,TwoHundredGigE1/0/16:2,1904088,7545255624,1907635,7545489087,41.66,41.66
2024/05/24 星期五 00:49:40.901,1716482980901,NH-DC-NM129-H06-ROCE-Leaf-16.GPU.S9825,TwoHundredGigE1/0/16:2,0,0,0,0,0,0
2024/05/24 星期五 00:49:41.989,1716482981989,NH-DC-NM129-H06-ROCE-Leaf-16.GPU.S9825,TwoHundredGigE1/0/16:2,3234841,12985221608,3244100,12986249306,47.72,47.72
2024/05/24 星期五 00:49:42.580,1716482982580,NH-DC-NM129-H06-ROCE-Leaf-16.GPU.S9825,TwoHundredGigE1/0/16:2,1839461,7289478504,1842893,7289705529,49.27,49.27
2024/05/24 星期五 00:49:43.115,1716482983115,NH-DC-NM129-H06-ROCE-Leaf-16.GPU.S9825,TwoHundredGigE1/0/16:2,1903981,7545248782,1907707,7546121326,56.37,56.37
2024/05/24 星期五 00:49:43.883,1716482983883,NH-DC-NM129-H06-ROCE-Leaf-16.GPU.S9825,TwoHundredGigE1/0/16:2,0,0,0,0,0,0
2024/05/24 星期五 00:49:44.480,1716482984480,NH-DC-NM129-H06-ROCE-Leaf-16.GPU.S9825,TwoHundredGigE1/0/16:2,2128605,8444817684,2130727,8441042603,56.55,56.55
2024/05/24 星期五 00:49:45.086,1716482985086,NH-DC-NM129-H06-ROCE-Leaf-16.GPU.S9825,TwoHundredGigE1/0/16:2,2742840,11018833442,2755503,11042335776,72.67,72.87
2024/05/24 星期五 00:49:45.651,1716482985651,NH-DC-NM129-H06-ROCE-Leaf-16.GPU.S9825,TwoHundredGigE1/0/16:2,0,0,0,0,0,0
2024/05/24 星期五 00:49:46.238,1716482986238,NH-DC-NM129-H06-ROCE-Leaf-16.GPU.S9825,TwoHundredGigE1/0/16:2,2077074,8231286660,2075830,8210375147,56.08,55.95
2024/05/24 星期五 00:49:46.738,1716482986738,NH-DC-NM129-H06-ROCE-Leaf-16.GPU.S9825,TwoHundredGigE1/0/16:2,0,0,0,0,0,0
2024/05/24 星期五 00:49:47.509,1716482987509,NH-DC-NM129-H06-ROCE-Leaf-16.GPU.S9825,TwoHundredGigE1/0/16:2,1904073,7545254634,1907487,7545480126,39.12,39.12
2024/05/24 星期五 00:49:48.078,1716482988078,NH-DC-NM129-H06-ROCE-Leaf-16.GPU.S9825,TwoHundredGigE1/0/16:2,2363243,9532292226,2372452,9533108749,66.99,66.99
2024/05/24 星期五 00:49:48.629,1716482988629,NH-DC-NM129-H06-ROCE-Leaf-16.GPU.S9825,TwoHundredGigE1/0/16:2,0,0,0,0,0,0
2024/05/24 星期五 00:49:49.157,1716482989157,NH-DC-NM129-H06-ROCE-Leaf-16.GPU.S9825,TwoHundredGigE1/0/16:2,2149528,8515115976,2153066,8513161810,64.47,64.47
2024/05/24 星期五 00:49:49.697,1716482989697,NH-DC-NM129-H06-ROCE-Leaf-16.GPU.S9825,TwoHundredGigE1/0/16:2,0,0,0,0,0,0
2024/05/24 星期五 00:49:50.197,1716482990197,NH-DC-NM129-H06-ROCE-Leaf-16.GPU.S9825,TwoHundredGigE1/0/16:2,2274560,9013364354,2279023,9013762373,72.08,72.08
2024/05/24 星期五 00:49:50.977,1716482990977,NH-DC-NM129-H06-ROCE-Leaf-16.GPU.S9825,TwoHundredGigE1/0/16:2,0,0,0,0,0,0
2024/05/24 星期五 00:49:51.548,1716482991548,NH-DC-NM129-H06-ROCE-Leaf-16.GPU.S9825,TwoHundredGigE1/0/16:2,1709382,6773701158,1712273,6772614838,47.43,47.43
2024/05/24 星期五 00:49:52.102,1716482992102,NH-DC-NM129-H06-ROCE-Leaf-16.GPU.S9825,TwoHundredGigE1/0/16:2,3364545,13496803882,3372748,13497902029,97.40,97.40
2024/05/24 星期五 00:49:52.851,1716482992851,NH-DC-NM129-H06-ROCE-Leaf-16.GPU.S9825,TwoHundredGigE1/0/16:2,0,0,0,0,0,0
2024/05/24 星期五 00:49:53.366,1716482993366,NH-DC-NM129-H06-ROCE-Leaf-16.GPU.S9825,TwoHundredGigE1/0/16:2,1452943,5754910808,1455486,5755077477,44.66,44.66
2024/05/24 星期五 00:49:54.116,1716482994116,NH-DC-NM129-H06-ROCE-Leaf-16.GPU.S9825,TwoHundredGigE1/0/16:2,2098593,8315356530,2102918,8318545209,44.32,44.32
2024/05/24 星期五 00:49:54.770,1716482994770,NH-DC-NM129-H06-ROCE-Leaf-16.GPU.S9825,TwoHundredGigE1/0/16:2,2911917,11703618566,2918709,11701944254,71.56,71.56
2024/05/24 星期五 00:49:55.678,1716482995678,NH-DC-NM129-H06-ROCE-Leaf-16.GPU.S9825,TwoHundredGigE1/0/16:2,0,0,0,0,0,0
2024/05/24 星期五 00:49:56.321,1716482996321,NH-DC-NM129-H06-ROCE-Leaf-16.GPU.S9825,TwoHundredGigE1/0/16:2,2130247,8441694002,2134284,8440745997,52.50,52.50
2024/05/24 星期五 00:49:56.824,1716482996824,NH-DC-NM129-H06-ROCE-Leaf-16.GPU.S9825,TwoHundredGigE1/0/16:2,0,0,0,0,0,0
2024/05/24 星期五 00:49:57.804,1716482997804,NH-DC-NM129-H06-ROCE-Leaf-16.GPU.S9825,TwoHundredGigE1/0/16:2,2194977,8696255704,2192557,8669834558,35.47,35.35
2024/05/24 星期五 00:49:58.316,1716482998316,NH-DC-NM129-H06-ROCE-Leaf-16.GPU.S9825,TwoHundredGigE1/0/16:2,1555018,6160722110,1565148,6192296693,48.12,48.36
2024/05/24 星期五 00:49:58.939,1716482998939,NH-DC-NM129-H06-ROCE-Leaf-16.GPU.S9825,TwoHundredGigE1/0/16:2,0,0,0,0,0,0
2024/05/24 星期五 00:49:59.594,1716482999594,NH-DC-NM129-H06-ROCE-Leaf-16.GPU.S9825,TwoHundredGigE1/0/16:2,2803334,11273300344,2809214,11268708988,68.82,68.76
2024/05/24 星期五 00:50:01.477,1716483001477,NH-DC-NM129-H06-ROCE-Leaf-16.GPU.S9825,TwoHundredGigE1/0/16:2,4067179,16114602968,4074714,16115696022,34.22,34.22
2024/05/24 星期五 00:50:01.978,1716483001978,NH-DC-NM129-H06-ROCE-Leaf-16.GPU.S9825,TwoHundredGigE1/0/16:2,2055837,8153088958,2058814,8152446617,65.07,65.07
2024/05/24 星期五 00:50:02.637,1716483002637,NH-DC-NM129-H06-ROCE-Leaf-16.GPU.S9825,TwoHundredGigE1/0/16:2,0,0,0,0,0,0
2024/05/24 星期五 00:50:03.138,1716483003138,NH-DC-NM129-H06-ROCE-Leaf-16.GPU.S9825,TwoHundredGigE1/0/16:2,2703177,10869106720,2710695,10871693764,86.71,86.79
2024/05/24 星期五 00:50:03.655,1716483003655,NH-DC-NM129-H06-ROCE-Leaf-16.GPU.S9825,TwoHundredGigE1/0/16:2,0,0,0,0,0,0
2024/05/24 星期五 00:50:04.427,1716483004427,NH-DC-NM129-H06-ROCE-Leaf-16.GPU.S9825,TwoHundredGigE1/0/16:2,1936747,7673170730,1940740,7673992783,39.74,39.74
2024/05/24 星期五 00:50:04.948,1716483004948,NH-DC-NM129-H06-ROCE-Leaf-16.GPU.S9825,TwoHundredGigE1/0/16:2,0,0,0,0,0,0
2024/05/24 星期五 00:50:05.452,1716483005452,NH-DC-NM129-H06-ROCE-Leaf-16.GPU.S9825,TwoHundredGigE1/0/16:2,2000978,7928917380,2004644,7929159708,62.86,62.86
2024/05/24 星期五 00:50:06.173,1716483006173,NH-DC-NM129-H06-ROCE-Leaf-16.GPU.S9825,TwoHundredGigE1/0/16:2,3183023,12777639338,3191652,12778666921,70.85,70.85
2024/05/24 星期五 00:50:06.784,1716483006784,NH-DC-NM129-H06-ROCE-Leaf-16.GPU.S9825,TwoHundredGigE1/0/16:2,1931066,0,1933827,0,0,0
2024/05/24 星期五 00:50:07.628,1716483007628,NH-DC-NM129-H06-ROCE-Leaf-16.GPU.S9825,TwoHundredGigE1/0/16:2,0,7652371388,0,7648883932,36.26,36.21
2024/05/24 星期五 00:50:08.209,1716483008209,NH-DC-NM129-H06-ROCE-Leaf-16.GPU.S9825,TwoHundredGigE1/0/16:2,2026891,8029459450,2031482,8033669811,55.22,55.28
2024/05/24 星期五 00:50:08.732,1716483008732,NH-DC-NM129-H06-ROCE-Leaf-16.GPU.S9825,TwoHundredGigE1/0/16:2,0,0,0,0,0,0
2024/05/24 星期五 00:50:09.252,1716483009252,NH-DC-NM129-H06-ROCE-Leaf-16.GPU.S9825,TwoHundredGigE1/0/16:2,1802692,7138998036,1805556,7139186772,54.85,54.85
2024/05/24 星期五 00:50:09.873,1716483009873,NH-DC-NM129-H06-ROCE-Leaf-16.GPU.S9825,TwoHundredGigE1/0/16:2,0,0,0,0,0,0
2024/05/24 星期五 00:50:10.536,1716483010536,NH-DC-NM129-H06-ROCE-Leaf-16.GPU.S9825,TwoHundredGigE1/0/16:2,3078165,12368400166,3086724,12369312961,74.57,74.57
2024/05/24 星期五 00:50:11.257,1716483011257,NH-DC-NM129-H06-ROCE-Leaf-16.GPU.S9825,TwoHundredGigE1/0/16:2,1762112,6982215032,1766830,6989197274,38.72,38.72
2024/05/24 星期五 00:50:11.829,1716483011829,NH-DC-NM129-H06-ROCE-Leaf-16.GPU.S9825,TwoHundredGigE1/0/16:2,0,0,0,0,0,0
2024/05/24 星期五 00:50:12.329,1716483012329,NH-DC-NM129-H06-ROCE-Leaf-16.GPU.S9825,TwoHundredGigE1/0/16:2,2075720,8225438436,2078198,8219838981,65.76,65.68
2024/05/24 星期五 00:50:13.123,1716483013123,NH-DC-NM129-H06-ROCE-Leaf-16.GPU.S9825,TwoHundredGigE1/0/16:2,2782910,11191190066,2790246,11191231198,56.37,56.37
2024/05/24 星期五 00:50:13.679,1716483013679,NH-DC-NM129-H06-ROCE-Leaf-16.GPU.S9825,TwoHundredGigE1/0/16:2,0,0,0,0,0,0
2024/05/24 星期五 00:50:14.374,1716483014374,NH-DC-NM129-H06-ROCE-Leaf-16.GPU.S9825,TwoHundredGigE1/0/16:2,2117784,8392102448,2120764,8388283233,48.29,48.23
2024/05/24 星期五 00:50:14.997,1716483014997,NH-DC-NM129-H06-ROCE-Leaf-16.GPU.S9825,TwoHundredGigE1/0/16:2,0,0,0,0,0,0
2024/05/24 星期五 00:50:15.539,1716483015539,NH-DC-NM129-H06-ROCE-Leaf-16.GPU.S9825,TwoHundredGigE1/0/16:2,2339688,9270944534,2344914,9275517700,68.41,68.41
2024/05/24 星期五 00:50:16.064,1716483016064,NH-DC-NM129-H06-ROCE-Leaf-16.GPU.S9825,TwoHundredGigE1/0/16:2,1576149,6245583776,1578118,6241852365,47.54,47.54
2024/05/24 星期五 00:50:16.747,1716483016747,NH-DC-NM129-H06-ROCE-Leaf-16.GPU.S9825,TwoHundredGigE1/0/16:2,0,0,0,0,0,0
2024/05/24 星期五 00:50:17.360,1716483017360,NH-DC-NM129-H06-ROCE-Leaf-16.GPU.S9825,TwoHundredGigE1/0/16:2,2867342,11523781736,2875462,11528218412,75.17,75.17
2024/05/24 星期五 00:50:18.005,1716483018005,NH-DC-NM129-H06-ROCE-Leaf-16.GPU.S9825,TwoHundredGigE1/0/16:2,1632849,6469902464,1635862,6470410029,40.06,40.12
2024/05/24 星期五 00:50:18.587,1716483018587,NH-DC-NM129-H06-ROCE-Leaf-16.GPU.S9825,TwoHundredGigE1/0/16:2,0,0,0,0,0,0
2024/05/24 星期五 00:50:19.091,1716483019091,NH-DC-NM129-H06-ROCE-Leaf-16.GPU.S9825,TwoHundredGigE1/0/16:2,2133392,8453368364,2137480,8454333248,67.06,67.06
2024/05/24 星期五 00:50:19.677,1716483019677,NH-DC-NM129-H06-ROCE-Leaf-16.GPU.S9825,TwoHundredGigE1/0/16:2,0,0,0,0,0,0
2024/05/24 星期五 00:50:22.182,1716483022182,NH-DC-NM129-H06-ROCE-Leaf-16.GPU.S9825,TwoHundredGigE1/0/16:2,7024451,27999409354,7039742,27999688062,44.69,44.69
2024/05/24 星期五 00:50:23.235,1716483023235,NH-DC-NM129-H06-ROCE-Leaf-16.GPU.S9825,TwoHundredGigE1/0/16:2,1694301,6713570030,1697883,6715058986,25.49,25.49
2024/05/24 星期五 00:50:23.939,1716483023939,NH-DC-NM129-H06-ROCE-Leaf-16.GPU.S9825,TwoHundredGigE1/0/16:2,0,0,0,0,0,0
2024/05/24 星期五 00:50:25.239,1716483025239,NH-DC-NM129-H06-ROCE-Leaf-16.GPU.S9825,TwoHundredGigE1/0/16:2,5043014,20146880792,5054909,20148014187,61.97,61.97
2024/05/24 星期五 00:50:25.833,1716483025833,NH-DC-NM129-H06-ROCE-Leaf-16.GPU.S9825,TwoHundredGigE1/0/16:2,0,0,0,0,0,0
2024/05/24 星期五 00:50:26.333,1716483026333,NH-DC-NM129-H06-ROCE-Leaf-16.GPU.S9825,TwoHundredGigE1/0/16:2,2097639,8312565086,2101650,8313177889,66.48,66.48
2024/05/24 星期五 00:50:27.163,1716483027163,NH-DC-NM129-H06-ROCE-Leaf-16.GPU.S9825,TwoHundredGigE1/0/16:2,2613242,10443653348,2619749,10444082938,50.31,50.31
2024/05/24 星期五 00:50:28.089,1716483028089,NH-DC-NM129-H06-ROCE-Leaf-16.GPU.S9825,TwoHundredGigE1/0/16:2,2365059,9447443590,2370075,9448261899,40.78,40.78
2024/05/24 星期五 00:50:28.889,1716483028889,NH-DC-NM129-H06-ROCE-Leaf-16.GPU.S9825,TwoHundredGigE1/0/16:2,0,0,0,0,0,0
2024/05/24 星期五 00:50:29.576,1716483029576,NH-DC-NM129-H06-ROCE-Leaf-16.GPU.S9825,TwoHundredGigE1/0/16:2,2130076,8440463036,2134053,8441072270,49.14,49.14
2024/05/24 星期五 00:50:30.174,1716483030174,NH-DC-NM129-H06-ROCE-Leaf-16.GPU.S9825,TwoHundredGigE1/0/16:2,1799516,7131112250,1802572,7130234892,47.69,47.69
2024/05/24 星期五 00:50:30.924,1716483030924,NH-DC-NM129-H06-ROCE-Leaf-16.GPU.S9825,TwoHundredGigE1/0/16:2,0,0,0,0,0,0
2024/05/24 星期五 00:50:31.468,1716483031468,NH-DC-NM129-H06-ROCE-Leaf-16.GPU.S9825,TwoHundredGigE1/0/16:2,3307554,13271637618,3316355,13273724838,97.57,97.57
2024/05/24 星期五 00:50:31.973,1716483031973,NH-DC-NM129-H06-ROCE-Leaf-16.GPU.S9825,TwoHundredGigE1/0/16:2,1839791,7290421226,1842961,7289710011,57.74,57.66
2024/05/24 星期五 00:50:32.692,1716483032692,NH-DC-NM129-H06-ROCE-Leaf-16.GPU.S9825,TwoHundredGigE1/0/16:2,0,0,0,0,0,0
2024/05/24 星期五 00:50:33.255,1716483033255,NH-DC-NM129-H06-ROCE-Leaf-16.GPU.S9825,TwoHundredGigE1/0/16:2,1904156,7545260564,1907767,7545891586,53.57,53.57
2024/05/24 星期五 00:50:33.753,1716483033753,NH-DC-NM129-H06-ROCE-Leaf-16.GPU.S9825,TwoHundredGigE1/0/16:2,0,0,0,0,0,0
2024/05/24 星期五 00:50:34.310,1716483034310,NH-DC-NM129-H06-ROCE-Leaf-16.GPU.S9825,TwoHundredGigE1/0/16:2,2029096,8044564818,2032018,8043723881,57.74,57.74
2024/05/24 星期五 00:50:34.893,1716483034893,NH-DC-NM129-H06-ROCE-Leaf-16.GPU.S9825,TwoHundredGigE1/0/16:2,0,0,0,0,0,0
2024/05/24 星期五 00:50:35.394,1716483035394,NH-DC-NM129-H06-ROCE-Leaf-16.GPU.S9825,TwoHundredGigE1/0/16:2,2851637,11462827324,2859470,11464723876,91.50,91.50
2024/05/24 星期五 00:50:36.155,1716483036155,NH-DC-NM129-H06-ROCE-Leaf-16.GPU.S9825,TwoHundredGigE1/0/16:2,2033254,8056804536,2036924,8057463833,42.31,42.31
2024/05/24 星期五 00:50:36.738,1716483036738,NH-DC-NM129-H06-ROCE-Leaf-16.GPU.S9825,TwoHundredGigE1/0/16:2,0,0,0,0,0,0
2024/05/24 星期五 00:50:37.257,1716483037257,NH-DC-NM129-H06-ROCE-Leaf-16.GPU.S9825,TwoHundredGigE1/0/16:2,1904042,7545252396,1907662,7545490860,58.11,58.11
2024/05/24 星期五 00:50:37.983,1716483037983,NH-DC-NM129-H06-ROCE-Leaf-16.GPU.S9825,TwoHundredGigE1/0/16:2,2363375,9532293894,2370003,9532731627,52.51,52.51
2024/05/24 星期五 00:50:38.544,1716483038544,NH-DC-NM129-H06-ROCE-Leaf-16.GPU.S9825,TwoHundredGigE1/0/16:2,0,0,0,0,0,0
2024/05/24 星期五 00:50:39.059,1716483039059,NH-DC-NM129-H06-ROCE-Leaf-16.GPU.S9825,TwoHundredGigE1/0/16:2,2097876,8312587796,2101697,8313395610,64.54,64.54
2024/05/24 星期五 00:50:39.665,1716483039665,NH-DC-NM129-H06-ROCE-Leaf-16.GPU.S9825,TwoHundredGigE1/0/16:2,0,0,0,0,0,0
2024/05/24 星期五 00:50:40.242,1716483040242,NH-DC-NM129-H06-ROCE-Leaf-16.GPU.S9825,TwoHundredGigE1/0/16:2,2323646,9207769454,2327908,9208469405,63.78,63.78
2024/05/24 星期五 00:50:40.743,1716483040743,NH-DC-NM129-H06-ROCE-Leaf-16.GPU.S9825,TwoHundredGigE1/0/16:2,0,0,0,0,0,0
2024/05/24 星期五 00:50:41.307,1716483041307,NH-DC-NM129-H06-ROCE-Leaf-16.GPU.S9825,TwoHundredGigE1/0/16:2,1710840,6777972758,1713761,6778162378,48.01,48.01
2024/05/24 星期五 00:50:41.925,1716483041925,NH-DC-NM129-H06-ROCE-Leaf-16.GPU.S9825,TwoHundredGigE1/0/16:2,0,0,0,0,0,0
2024/05/24 星期五 00:50:42.553,1716483042553,NH-DC-NM129-H06-ROCE-Leaf-16.GPU.S9825,TwoHundredGigE1/0/16:2,2878991,11574742742,2888053,11577260789,73.69,73.69
2024/05/24 星期五 00:50:43.197,1716483043197,NH-DC-NM129-H06-ROCE-Leaf-16.GPU.S9825,TwoHundredGigE1/0/16:2,1647615,6528687222,1649559,6524591796,40.50,40.50
2024/05/24 星期五 00:50:43.857,1716483043857,NH-DC-NM129-H06-ROCE-Leaf-16.GPU.S9825,TwoHundredGigE1/0/16:2,0,0,0,0,0,0
2024/05/24 星期五 00:50:44.358,1716483044358,NH-DC-NM129-H06-ROCE-Leaf-16.GPU.S9825,TwoHundredGigE1/0/16:2,2100313,8312768574,2101891,8313128407,66.35,66.35
2024/05/24 星期五 00:50:45.018,1716483045018,NH-DC-NM129-H06-ROCE-Leaf-16.GPU.S9825,TwoHundredGigE1/0/16:2,1806509,7149129930,1807771,7143689568,43.27,43.27
2024/05/24 星期五 00:50:45.812,1716483045812,NH-DC-NM129-H06-ROCE-Leaf-16.GPU.S9825,TwoHundredGigE1/0/16:2,0,0,0,0,0,0
2024/05/24 星期五 00:50:46.341,1716483046341,NH-DC-NM129-H06-ROCE-Leaf-16.GPU.S9825,TwoHundredGigE1/0/16:2,2945601,11846748602,2955244,11853256119,89.53,89.60
2024/05/24 星期五 00:50:46.917,1716483046917,NH-DC-NM129-H06-ROCE-Leaf-16.GPU.S9825,TwoHundredGigE1/0/16:2,0,0,0,0,0,0
2024/05/24 星期五 00:50:48.181,1716483048181,NH-DC-NM129-H06-ROCE-Leaf-16.GPU.S9825,TwoHundredGigE1/0/16:2,3635410,14406523878,3642482,14407230159,45.57,45.57
2024/05/24 星期五 00:50:48.849,1716483048849,NH-DC-NM129-H06-ROCE-Leaf-16.GPU.S9825,TwoHundredGigE1/0/16:2,0,0,0,0,0,0
2024/05/24 星期五 00:50:50.180,1716483050180,NH-DC-NM129-H06-ROCE-Leaf-16.GPU.S9825,TwoHundredGigE1/0/16:2,4819168,19260797802,4830336,19261848183,57.88,57.88
2024/05/24 星期五 00:50:50.728,1716483050728,NH-DC-NM129-H06-ROCE-Leaf-16.GPU.S9825,TwoHundredGigE1/0/16:2,0,0,0,0,0,0
2024/05/24 星期五 00:50:51.240,1716483051240,NH-DC-NM129-H06-ROCE-Leaf-16.GPU.S9825,TwoHundredGigE1/0/16:2,2236352,8861577204,2240133,8860519234,69.22,69.22
2024/05/24 星期五 00:50:51.872,1716483051872,NH-DC-NM129-H06-ROCE-Leaf-16.GPU.S9825,TwoHundredGigE1/0/16:2,0,0,0,0,0,0
2024/05/24 星期五 00:50:52.581,1716483052581,NH-DC-NM129-H06-ROCE-Leaf-16.GPU.S9825,TwoHundredGigE1/0/16:2,1775059,7033717566,1778178,7033923297,39.66,39.66
2024/05/24 星期五 00:50:53.086,1716483053086,NH-DC-NM129-H06-ROCE-Leaf-16.GPU.S9825,TwoHundredGigE1/0/16:2,2956228,11879338908,2963526,11880401780,94.02,94.10
2024/05/24 星期五 00:50:56.231,1716483056231,NH-DC-NM129-H06-ROCE-Leaf-16.GPU.S9825,TwoHundredGigE1/0/16:2,6645792,26448723168,6658206,26447509706,33.63,33.63
2024/05/24 星期五 00:50:56.871,1716483056871,NH-DC-NM129-H06-ROCE-Leaf-16.GPU.S9825,TwoHundredGigE1/0/16:2,0,0,0,0,0,0
2024/05/24 星期五 00:50:57.467,1716483057467,NH-DC-NM129-H06-ROCE-Leaf-16.GPU.S9825,TwoHundredGigE1/0/16:2,2388362,9510975864,2391542,9500812728,63.83,63.76
2024/05/24 星期五 00:50:58.016,1716483058016,NH-DC-NM129-H06-ROCE-Leaf-16.GPU.S9825,TwoHundredGigE1/0/16:2,1859109,7365141662,1864960,7376109173,53.62,53.70
2024/05/24 星期五 00:50:58.608,1716483058608,NH-DC-NM129-H06-ROCE-Leaf-16.GPU.S9825,TwoHundredGigE1/0/16:2,0,0,0,0,0,0
2024/05/24 星期五 00:50:59.313,1716483059313,NH-DC-NM129-H06-ROCE-Leaf-16.GPU.S9825,TwoHundredGigE1/0/16:2,1885143,7469647514,1889155,7472674118,42.33,42.38
2024/05/24 星期五 00:50:59.858,1716483059858,NH-DC-NM129-H06-ROCE-Leaf-16.GPU.S9825,TwoHundredGigE1/0/16:2,0,0,0,0,0,0
2024/05/24 星期五 00:51:00.469,1716483060469,NH-DC-NM129-H06-ROCE-Leaf-16.GPU.S9825,TwoHundredGigE1/0/16:2,3030560,12175721810,3037459,12171630942,79.67,79.67
2024/05/24 星期五 00:51:00.970,1716483060970,NH-DC-NM129-H06-ROCE-Leaf-16.GPU.S9825,TwoHundredGigE1/0/16:2,0,0,0,0,0,0
2024/05/24 星期五 00:51:01.471,1716483061471,NH-DC-NM129-H06-ROCE-Leaf-16.GPU.S9825,TwoHundredGigE1/0/16:2,1914779,7587443188,1919501,7592719114,60.52,60.60
2024/05/24 星期五 00:51:02.123,1716483062123,NH-DC-NM129-H06-ROCE-Leaf-16.GPU.S9825,TwoHundredGigE1/0/16:2,2130077,8440461138,2133896,8441130461,51.78,51.78
2024/05/24 星期五 00:51:02.821,1716483062821,NH-DC-NM129-H06-ROCE-Leaf-16.GPU.S9825,TwoHundredGigE1/0/16:2,0,0,0,0,0,0
2024/05/24 星期五 00:51:03.356,1716483063356,NH-DC-NM129-H06-ROCE-Leaf-16.GPU.S9825,TwoHundredGigE1/0/16:2,2004816,7962766678,2007993,7961073698,59.51,59.51
2024/05/24 星期五 00:51:03.973,1716483063973,NH-DC-NM129-H06-ROCE-Leaf-16.GPU.S9825,TwoHundredGigE1/0/16:2,0,0,0,0,0,0
2024/05/24 星期五 00:51:04.480,1716483064480,NH-DC-NM129-H06-ROCE-Leaf-16.GPU.S9825,TwoHundredGigE1/0/16:2,2811558,11288864618,2820304,11291693209,88.99,89.07
2024/05/24 星期五 00:51:05.107,1716483065107,NH-DC-NM129-H06-ROCE-Leaf-16.GPU.S9825,TwoHundredGigE1/0/16:2,2081110,8246220720,2084816,8246400262,52.57,52.57
2024/05/24 星期五 00:51:05.730,1716483065730,NH-DC-NM129-H06-ROCE-Leaf-16.GPU.S9825,TwoHundredGigE1/0/16:2,0,0,0,0,0,0
2024/05/24 星期五 00:51:06.353,1716483066353,NH-DC-NM129-H06-ROCE-Leaf-16.GPU.S9825,TwoHundredGigE1/0/16:2,1921016,7611626996,1924547,7612342565,48.86,48.86
2024/05/24 星期五 00:51:07.195,1716483067195,NH-DC-NM129-H06-ROCE-Leaf-16.GPU.S9825,TwoHundredGigE1/0/16:2,2847277,11450573934,2857515,11451667254,54.39,54.39
2024/05/24 星期五 00:51:07.788,1716483067788,NH-DC-NM129-H06-ROCE-Leaf-16.GPU.S9825,TwoHundredGigE1/0/16:2,0,0,0,0,0,0
2024/05/24 星期五 00:51:08.289,1716483068289,NH-DC-NM129-H06-ROCE-Leaf-16.GPU.S9825,TwoHundredGigE1/0/16:2,1774939,7033708890,1778276,7033928685,56.13,56.13
2024/05/24 星期五 00:51:08.964,1716483068964,NH-DC-NM129-H06-ROCE-Leaf-16.GPU.S9825,TwoHundredGigE1/0/16:2,2259500,8952027816,2263171,8952685254,53.04,53.04
2024/05/24 星期五 00:51:09.635,1716483069635,NH-DC-NM129-H06-ROCE-Leaf-16.GPU.S9825,TwoHundredGigE1/0/16:2,0,0,0,0,0,0
2024/05/24 星期五 00:51:10.207,1716483070207,NH-DC-NM129-H06-ROCE-Leaf-16.GPU.S9825,TwoHundredGigE1/0/16:2,1747596,6921844278,1749433,6917553761,48.39,48.32
2024/05/24 星期五 00:51:10.796,1716483070796,NH-DC-NM129-H06-ROCE-Leaf-16.GPU.S9825,TwoHundredGigE1/0/16:2,0,0,0,0,0,0
2024/05/24 星期五 00:51:11.296,1716483071296,NH-DC-NM129-H06-ROCE-Leaf-16.GPU.S9825,TwoHundredGigE1/0/16:2,3069051,12329806136,3078826,12335141854,98.56,98.64
2024/05/24 星期五 00:51:11.951,1716483071951,NH-DC-NM129-H06-ROCE-Leaf-16.GPU.S9825,TwoHundredGigE1/0/16:2,0,0,0,0,0,0
2024/05/24 星期五 00:51:13.263,1716483073263,NH-DC-NM129-H06-ROCE-Leaf-16.GPU.S9825,TwoHundredGigE1/0/16:2,3647714,14451150852,3654212,14451926201,44.05,44.05
2024/05/24 星期五 00:51:13.791,1716483073791,NH-DC-NM129-H06-ROCE-Leaf-16.GPU.S9825,TwoHundredGigE1/0/16:2,0,0,0,0,0,0
2024/05/24 星期五 00:51:14.292,1716483074292,NH-DC-NM129-H06-ROCE-Leaf-16.GPU.S9825,TwoHundredGigE1/0/16:2,2848066,11450618880,2855374,11451102909,91.42,91.42
2024/05/24 星期五 00:51:14.817,1716483074817,NH-DC-NM129-H06-ROCE-Leaf-16.GPU.S9825,TwoHundredGigE1/0/16:2,0,0,0,0,0,0
2024/05/24 星期五 00:51:15.319,1716483075319,NH-DC-NM129-H06-ROCE-Leaf-16.GPU.S9825,TwoHundredGigE1/0/16:2,2150913,8523279168,2154172,8520363620,67.89,67.89
2024/05/24 星期五 00:51:16.085,1716483076085,NH-DC-NM129-H06-ROCE-Leaf-16.GPU.S9825,TwoHundredGigE1/0/16:2,2240720,8874889278,2243942,8873535989,46.32,46.32
2024/05/24 星期五 00:51:16.729,1716483076729,NH-DC-NM129-H06-ROCE-Leaf-16.GPU.S9825,TwoHundredGigE1/0/16:2,0,0,0,0,0,0
2024/05/24 星期五 00:51:17.279,1716483077279,NH-DC-NM129-H06-ROCE-Leaf-16.GPU.S9825,TwoHundredGigE1/0/16:2,1738662,6889703664,1741616,6888784390,50.04,50.04
2024/05/24 星期五 00:51:17.960,1716483077960,NH-DC-NM129-H06-ROCE-Leaf-16.GPU.S9825,TwoHundredGigE1/0/16:2,0,0,0,0,0,0
2024/05/24 星期五 00:51:18.476,1716483078476,NH-DC-NM129-H06-ROCE-Leaf-16.GPU.S9825,TwoHundredGigE1/0/16:2,2561048,10315736900,2569311,10317674241,79.92,79.92
2024/05/24 星期五 00:51:19.148,1716483079148,NH-DC-NM129-H06-ROCE-Leaf-16.GPU.S9825,TwoHundredGigE1/0/16:2,1936326,7673138772,1939881,7673373006,45.65,45.65
2024/05/24 星期五 00:51:19.949,1716483079949,NH-DC-NM129-H06-ROCE-Leaf-16.GPU.S9825,TwoHundredGigE1/0/16:2,0,0,0,0,0,0
2024/05/24 星期五 00:51:22.103,1716483082103,NH-DC-NM129-H06-ROCE-Leaf-16.GPU.S9825,TwoHundredGigE1/0/16:2,7117312,28368468448,7131223,28362090152,52.66,52.66
2024/05/24 星期五 00:51:23.569,1716483083569,NH-DC-NM129-H06-ROCE-Leaf-16.GPU.S9825,TwoHundredGigE1/0/16:2,1862648,7380444844,1867942,7389306840,20.14,20.14
2024/05/24 星期五 00:51:24.067,1716483084067,NH-DC-NM129-H06-ROCE-Leaf-16.GPU.S9825,TwoHundredGigE1/0/16:2,1936391,7673143170,1939887,7673373447,61.61,61.61
2024/05/24 星期五 00:51:24.636,1716483084636,NH-DC-NM129-H06-ROCE-Leaf-16.GPU.S9825,TwoHundredGigE1/0/16:2,0,0,0,0,0,0
2024/05/24 星期五 00:51:25.210,1716483085210,NH-DC-NM129-H06-ROCE-Leaf-16.GPU.S9825,TwoHundredGigE1/0/16:2,2623349,10555519526,2627565,10556565158,73.52,73.52
2024/05/24 星期五 00:51:25.713,1716483085713,NH-DC-NM129-H06-ROCE-Leaf-16.GPU.S9825,TwoHundredGigE1/0/16:2,0,0,0,0,0,0
2024/05/24 星期五 00:51:26.252,1716483086252,NH-DC-NM129-H06-ROCE-Leaf-16.GPU.S9825,TwoHundredGigE1/0/16:2,2104688,8339387192,2108592,8341439291,61.82,61.89
2024/05/24 星期五 00:51:27.260,1716483087260,NH-DC-NM129-H06-ROCE-Leaf-16.GPU.S9825,TwoHundredGigE1/0/16:2,2316876,9180966144,2320870,9179851878,36.43,36.39
2024/05/24 星期五 00:51:27.761,1716483087761,NH-DC-NM129-H06-ROCE-Leaf-16.GPU.S9825,TwoHundredGigE1/0/16:2,0,0,0,0,0,0
2024/05/24 星期五 00:51:28.262,1716483088262,NH-DC-NM129-H06-ROCE-Leaf-16.GPU.S9825,TwoHundredGigE1/0/16:2,1484543,5882742634,1487250,5882920917,46.95,46.95
2024/05/24 星期五 00:51:28.775,1716483088775,NH-DC-NM129-H06-ROCE-Leaf-16.GPU.S9825,TwoHundredGigE1/0/16:2,0,0,0,0,0,0
2024/05/24 星期五 00:51:29.291,1716483089291,NH-DC-NM129-H06-ROCE-Leaf-16.GPU.S9825,TwoHundredGigE1/0/16:2,3109298,12485704222,3117385,12488044758,96.74,96.74
2024/05/24 星期五 00:51:30.389,1716483090389,NH-DC-NM129-H06-ROCE-Leaf-16.GPU.S9825,TwoHundredGigE1/0/16:2,1772119,7021730376,1774904,7020385172,25.57,25.57
2024/05/24 星期五 00:51:30.932,1716483090932,NH-DC-NM129-H06-ROCE-Leaf-16.GPU.S9825,TwoHundredGigE1/0/16:2,0,0,0,0,0,0
2024/05/24 星期五 00:51:31.437,1716483091437,NH-DC-NM129-H06-ROCE-Leaf-16.GPU.S9825,TwoHundredGigE1/0/16:2,2100332,8323321542,2104488,8325199818,65.90,65.90
2024/05/24 星期五 00:51:32.040,1716483092040,NH-DC-NM129-H06-ROCE-Leaf-16.GPU.S9825,TwoHundredGigE1/0/16:2,0,0,0,0,0,0
2024/05/24 星期五 00:51:32.544,1716483092544,NH-DC-NM129-H06-ROCE-Leaf-16.GPU.S9825,TwoHundredGigE1/0/16:2,2260454,9046528884,2264854,9043464331,71.75,71.75
2024/05/24 星期五 00:51:33.045,1716483093045,NH-DC-NM129-H06-ROCE-Leaf-16.GPU.S9825,TwoHundredGigE1/0/16:2,2181129,8718952752,2186649,8723670102,69.54,69.62
2024/05/24 星期五 00:51:33.776,1716483093776,NH-DC-NM129-H06-ROCE-Leaf-16.GPU.S9825,TwoHundredGigE1/0/16:2,0,0,0,0,0,0
2024/05/24 星期五 00:51:34.339,1716483094339,NH-DC-NM129-H06-ROCE-Leaf-16.GPU.S9825,TwoHundredGigE1/0/16:2,2050797,8125483262,2053918,8124410045,57.69,57.69
2024/05/24 星期五 00:51:34.941,1716483094941,NH-DC-NM129-H06-ROCE-Leaf-16.GPU.S9825,TwoHundredGigE1/0/16:2,0,0,0,0,0,0
2024/05/24 星期五 00:51:35.516,1716483095516,NH-DC-NM129-H06-ROCE-Leaf-16.GPU.S9825,TwoHundredGigE1/0/16:2,1973992,7822473136,1977806,7823055418,54.4,54.4
2024/05/24 星期五 00:51:36.028,1716483096028,NH-DC-NM129-H06-ROCE-Leaf-16.GPU.S9825,TwoHundredGigE1/0/16:2,0,0,0,0,0,0
2024/05/24 星期五 00:51:36.603,1716483096603,NH-DC-NM129-H06-ROCE-Leaf-16.GPU.S9825,TwoHundredGigE1/0/16:2,3270954,13126066894,3279708,13127062707,91.27,91.27
2024/05/24 星期五 00:51:37.784,1716483097784,NH-DC-NM129-H06-ROCE-Leaf-16.GPU.S9825,TwoHundredGigE1/0/16:2,1798615,7127227564,1801752,7127091804,24.12,24.12
2024/05/24 星期五 00:51:38.844,1716483098844,NH-DC-NM129-H06-ROCE-Leaf-16.GPU.S9825,TwoHundredGigE1/0/16:2,1936629,7673162042,1940047,7673734307,28.94,28.94
2024/05/24 星期五 00:51:39.345,1716483099345,NH-DC-NM129-H06-ROCE-Leaf-16.GPU.S9825,TwoHundredGigE1/0/16:2,2167715,8593972976,2170820,8591031494,68.58,68.58
2024/05/24 星期五 00:51:39.882,1716483099882,NH-DC-NM129-H06-ROCE-Leaf-16.GPU.S9825,TwoHundredGigE1/0/16:2,2908152,11680839256,2916185,11684858593,87.00,87.00
2024/05/24 星期五 00:51:40.661,1716483100661,NH-DC-NM129-H06-ROCE-Leaf-16.GPU.S9825,TwoHundredGigE1/0/16:2,0,0,0,0,0,0
2024/05/24 星期五 00:51:41.222,1716483101222,NH-DC-NM129-H06-ROCE-Leaf-16.GPU.S9825,TwoHundredGigE1/0/16:2,1998488,7922644162,1982783,7839975242,56.47,55.83
2024/05/24 星期五 00:51:41.814,1716483101814,NH-DC-NM129-H06-ROCE-Leaf-16.GPU.S9825,TwoHundredGigE1/0/16:2,0,0,0,0,0,0
2024/05/24 星期五 00:51:42.338,1716483102338,NH-DC-NM129-H06-ROCE-Leaf-16.GPU.S9825,TwoHundredGigE1/0/16:2,1894918,7505950374,1917528,7587705827,57.25,57.86
2024/05/24 星期五 00:51:42.841,1716483102841,NH-DC-NM129-H06-ROCE-Leaf-16.GPU.S9825,TwoHundredGigE1/0/16:2,0,0,0,0,0,0
2024/05/24 星期五 00:51:43.399,1716483103399,NH-DC-NM129-H06-ROCE-Leaf-16.GPU.S9825,TwoHundredGigE1/0/16:2,2851619,11463471766,2858779,11463482970,82.15,82.15
2024/05/24 星期五 00:51:44.405,1716483104405,NH-DC-NM129-H06-ROCE-Leaf-16.GPU.S9825,TwoHundredGigE1/0/16:2,1945165,7706668984,1949399,7708870693,30.62,30.62
2024/05/24 星期五 00:51:44.919,1716483104919,NH-DC-NM129-H06-ROCE-Leaf-16.GPU.S9825,TwoHundredGigE1/0/16:2,0,0,0,0,0,0
2024/05/24 星期五 00:51:45.519,1716483105519,NH-DC-NM129-H06-ROCE-Leaf-16.GPU.S9825,TwoHundredGigE1/0/16:2,2194639,8696234130,2198671,8696987550,57.93,57.93
2024/05/24 星期五 00:51:46.089,1716483106089,NH-DC-NM129-H06-ROCE-Leaf-16.GPU.S9825,TwoHundredGigE1/0/16:2,0,0,0,0,0,0
2024/05/24 星期五 00:51:46.595,1716483106595,NH-DC-NM129-H06-ROCE-Leaf-16.GPU.S9825,TwoHundredGigE1/0/16:2,1879950,7441850006,1883383,7444390103,58.81,58.81
2024/05/24 星期五 00:51:47.100,1716483107100,NH-DC-NM129-H06-ROCE-Leaf-16.GPU.S9825,TwoHundredGigE1/0/16:2,3002220,12065643234,3008990,12064327024,95.52,95.52
2024/05/24 星期五 00:51:48.014,1716483108014,NH-DC-NM129-H06-ROCE-Leaf-16.GPU.S9825,TwoHundredGigE1/0/16:2,0,0,0,0,0,0
2024/05/24 星期五 00:51:48.531,1716483108531,NH-DC-NM129-H06-ROCE-Leaf-16.GPU.S9825,TwoHundredGigE1/0/16:2,1803645,7147521158,1806467,7145947411,55.24,55.24
2024/05/24 星期五 00:51:49.151,1716483109151,NH-DC-NM129-H06-ROCE-Leaf-16.GPU.S9825,TwoHundredGigE1/0/16:2,2069225,8199029682,2073466,8201123340,52.84,52.90
2024/05/24 星期五 00:51:49.673,1716483109673,NH-DC-NM129-H06-ROCE-Leaf-16.GPU.S9825,TwoHundredGigE1/0/16:2,0,0,0,0,0,0
2024/05/24 星期五 00:51:50.178,1716483110178,NH-DC-NM129-H06-ROCE-Leaf-16.GPU.S9825,TwoHundredGigE1/0/16:2,2557246,10299623640,2564970,10300133313,81.50,81.58
2024/05/24 星期五 00:51:50.769,1716483110769,NH-DC-NM129-H06-ROCE-Leaf-16.GPU.S9825,TwoHundredGigE1/0/16:2,0,0,0,0,0,0
2024/05/24 星期五 00:51:51.538,1716483111538,NH-DC-NM129-H06-ROCE-Leaf-16.GPU.S9825,TwoHundredGigE1/0/16:2,2130043,8440465558,2134053,8441217118,43.90,43.90
2024/05/24 星期五 00:51:52.179,1716483112179,NH-DC-NM129-H06-ROCE-Leaf-16.GPU.S9825,TwoHundredGigE1/0/16:2,2323623,9207769646,2327832,9208534045,57.41,57.41
2024/05/24 星期五 00:51:52.732,1716483112732,NH-DC-NM129-H06-ROCE-Leaf-16.GPU.S9825,TwoHundredGigE1/0/16:2,0,0,0,0,0,0
2024/05/24 星期五 00:51:53.233,1716483113233,NH-DC-NM129-H06-ROCE-Leaf-16.GPU.S9825,TwoHundredGigE1/0/16:2,1549047,6138510490,1551783,6138690670,48.94,48.94
2024/05/24 星期五 00:51:53.805,1716483113805,NH-DC-NM129-H06-ROCE-Leaf-16.GPU.S9825,TwoHundredGigE1/0/16:2,0,0,0,0,0,0
2024/05/24 星期五 00:51:54.340,1716483114340,NH-DC-NM129-H06-ROCE-Leaf-16.GPU.S9825,TwoHundredGigE1/0/16:2,3236044,12985305404,3244444,12986112543,97.05,97.05
2024/05/24 星期五 00:51:55.439,1716483115439,NH-DC-NM129-H06-ROCE-Leaf-16.GPU.S9825,TwoHundredGigE1/0/16:2,1775014,7033713552,1778292,7033929684,25.59,25.59
2024/05/24 星期五 00:51:56.212,1716483116212,NH-DC-NM129-H06-ROCE-Leaf-16.GPU.S9825,TwoHundredGigE1/0/16:2,2130147,8440467034,2134188,8441081237,43.67,43.67
2024/05/24 星期五 00:51:56.723,1716483116723,NH-DC-NM129-H06-ROCE-Leaf-16.GPU.S9825,TwoHundredGigE1/0/16:2,0,0,0,0,0,0
2024/05/24 星期五 00:51:57.328,1716483117328,NH-DC-NM129-H06-ROCE-Leaf-16.GPU.S9825,TwoHundredGigE1/0/16:2,2912803,11706412506,2920346,11707466016,77.36,77.36
2024/05/24 星期五 00:51:57.906,1716483117906,NH-DC-NM129-H06-ROCE-Leaf-16.GPU.S9825,TwoHundredGigE1/0/16:2,1968611,7801025286,1972361,7801272403,53.98,53.98
2024/05/24 星期五 00:51:58.676,1716483118676,NH-DC-NM129-H06-ROCE-Leaf-16.GPU.S9825,TwoHundredGigE1/0/16:2,0,0,0,0,0,0
2024/05/24 星期五 00:51:59.304,1716483119304,NH-DC-NM129-H06-ROCE-Leaf-16.GPU.S9825,TwoHundredGigE1/0/16:2,2281889,9042296218,2285773,9041643062,57.58,57.58
2024/05/24 星期五 00:51:59.811,1716483119811,NH-DC-NM129-H06-ROCE-Leaf-16.GPU.S9825,TwoHundredGigE1/0/16:2,0,0,0,0,0,0
2024/05/24 星期五 00:52:00.314,1716483120314,NH-DC-NM129-H06-ROCE-Leaf-16.GPU.S9825,TwoHundredGigE1/0/16:2,1735592,6877041050,1739714,6879766238,54.63,54.63
2024/05/24 星期五 00:52:01.015,1716483121015,NH-DC-NM129-H06-ROCE-Leaf-16.GPU.S9825,TwoHundredGigE1/0/16:2,0,0,0,0,0,0
2024/05/24 星期五 00:52:01.560,1716483121560,NH-DC-NM129-H06-ROCE-Leaf-16.GPU.S9825,TwoHundredGigE1/0/16:2,2710093,10905124414,2716750,10903801054,80,80
2024/05/24 星期五 00:52:02.352,1716483122352,NH-DC-NM129-H06-ROCE-Leaf-16.GPU.S9825,TwoHundredGigE1/0/16:2,1893177,7502250228,1896065,7500302071,37.88,37.88
2024/05/24 星期五 00:52:02.929,1716483122929,NH-DC-NM129-H06-ROCE-Leaf-16.GPU.S9825,TwoHundredGigE1/0/16:2,0,0,0,0,0,0
2024/05/24 星期五 00:52:03.434,1716483123434,NH-DC-NM129-H06-ROCE-Leaf-16.GPU.S9825,TwoHundredGigE1/0/16:2,1940496,7688649388,1944809,7692283390,60.83,60.91
2024/05/24 星期五 00:52:03.974,1716483123974,NH-DC-NM129-H06-ROCE-Leaf-16.GPU.S9825,TwoHundredGigE1/0/16:2,0,0,0,0,0,0
2024/05/24 星期五 00:52:04.480,1716483124480,NH-DC-NM129-H06-ROCE-Leaf-16.GPU.S9825,TwoHundredGigE1/0/16:2,2208068,8761026666,2211069,8757014895,69.25,69.17
2024/05/24 星期五 00:52:04.996,1716483124996,NH-DC-NM129-H06-ROCE-Leaf-16.GPU.S9825,TwoHundredGigE1/0/16:2,2866914,11513717974,2875387,11518975494,89.22,89.22
2024/05/24 星期五 00:52:05.667,1716483125667,NH-DC-NM129-H06-ROCE-Leaf-16.GPU.S9825,TwoHundredGigE1/0/16:2,0,0,0,0,0,0
2024/05/24 星期五 00:52:06.329,1716483126329,NH-DC-NM129-H06-ROCE-Leaf-16.GPU.S9825,TwoHundredGigE1/0/16:2,2130011,8440454902,2133790,8440116935,51.00,51.00
2024/05/24 星期五 00:52:06.894,1716483126894,NH-DC-NM129-H06-ROCE-Leaf-16.GPU.S9825,TwoHundredGigE1/0/16:2,1836278,7272623592,1840304,7276791210,51.47,51.47
2024/05/24 星期五 00:52:07.668,1716483127668,NH-DC-NM129-H06-ROCE-Leaf-16.GPU.S9825,TwoHundredGigE1/0/16:2,0,0,0,0,0,0
2024/05/24 星期五 00:52:08.363,1716483128363,NH-DC-NM129-H06-ROCE-Leaf-16.GPU.S9825,TwoHundredGigE1/0/16:2,2884523,11595445694,2891657,11593434899,66.71,66.71
2024/05/24 星期五 00:52:08.955,1716483128955,NH-DC-NM129-H06-ROCE-Leaf-16.GPU.S9825,TwoHundredGigE1/0/16:2,1968660,7801030882,1972335,7801273779,52.70,52.70
2024/05/24 星期五 00:52:09.753,1716483129753,NH-DC-NM129-H06-ROCE-Leaf-16.GPU.S9825,TwoHundredGigE1/0/16:2,0,0,0,0,0,0
2024/05/24 星期五 00:52:10.292,1716483130292,NH-DC-NM129-H06-ROCE-Leaf-16.GPU.S9825,TwoHundredGigE1/0/16:2,2065468,8184687060,2069306,8185286909,60.71,60.71
2024/05/24 星期五 00:52:10.862,1716483130862,NH-DC-NM129-H06-ROCE-Leaf-16.GPU.S9825,TwoHundredGigE1/0/16:2,0,0,0,0,0,0
2024/05/24 星期五 00:52:11.534,1716483131534,NH-DC-NM129-H06-ROCE-Leaf-16.GPU.S9825,TwoHundredGigE1/0/16:2,1928921,7634444998,1932639,7638372858,45.42,45.42
2024/05/24 星期五 00:52:12.140,1716483132140,NH-DC-NM129-H06-ROCE-Leaf-16.GPU.S9825,TwoHundredGigE1/0/16:2,2951813,11872946210,2961529,11870395871,78.35,78.35
2024/05/24 星期五 00:52:12.841,1716483132841,NH-DC-NM129-H06-ROCE-Leaf-16.GPU.S9825,TwoHundredGigE1/0/16:2,0,0,0,0,0,0
2024/05/24 星期五 00:52:13.460,1716483133460,NH-DC-NM129-H06-ROCE-Leaf-16.GPU.S9825,TwoHundredGigE1/0/16:2,1549085,6138506442,1551696,6138678156,39.61,39.61
2024/05/24 星期五 00:52:13.961,1716483133961,NH-DC-NM129-H06-ROCE-Leaf-16.GPU.S9825,TwoHundredGigE1/0/16:2,0,0,0,0,0,0
2024/05/24 星期五 00:52:15.004,1716483135004,NH-DC-NM129-H06-ROCE-Leaf-16.GPU.S9825,TwoHundredGigE1/0/16:2,4521812,18031701816,4531151,18032665763,69.15,69.15
2024/05/24 星期五 00:52:15.578,1716483135578,NH-DC-NM129-H06-ROCE-Leaf-16.GPU.S9825,TwoHundredGigE1/0/16:2,0,0,0,0,0,0
2024/05/24 星期五 00:52:16.087,1716483136087,NH-DC-NM129-H06-ROCE-Leaf-16.GPU.S9825,TwoHundredGigE1/0/16:2,2360029,9404621490,2366232,9405519611,73.87,73.87
2024/05/24 星期五 00:52:16.847,1716483136847,NH-DC-NM129-H06-ROCE-Leaf-16.GPU.S9825,TwoHundredGigE1/0/16:2,0,0,0,0,0,0
2024/05/24 星期五 00:52:17.356,1716483137356,NH-DC-NM129-H06-ROCE-Leaf-16.GPU.S9825,TwoHundredGigE1/0/16:2,2194549,8696228002,2198787,8697007754,68.29,68.29
2024/05/24 星期五 00:52:17.953,1716483137953,NH-DC-NM129-H06-ROCE-Leaf-16.GPU.S9825,TwoHundredGigE1/0/16:2,1614094,6394320840,1616621,6394482571,42.81,42.81
2024/05/24 星期五 00:52:18.642,1716483138642,NH-DC-NM129-H06-ROCE-Leaf-16.GPU.S9825,TwoHundredGigE1/0/16:2,0,0,0,0,0,0
2024/05/24 星期五 00:52:19.751,1716483139751,NH-DC-NM129-H06-ROCE-Leaf-16.GPU.S9825,TwoHundredGigE1/0/16:2,3332309,13368921342,3340914,13369837364,48.19,48.19
2024/05/24 星期五 00:52:20.482,1716483140482,NH-DC-NM129-H06-ROCE-Leaf-16.GPU.S9825,TwoHundredGigE1/0/16:2,1807402,7161607260,1810513,7161812235,39.18,39.18
2024/05/24 星期五 00:52:22.035,1716483142035,NH-DC-NM129-H06-ROCE-Leaf-16.GPU.S9825,TwoHundredGigE1/0/16:2,4618399,18409660320,4628185,18411325017,47.39,47.42
2024/05/24 星期五 00:52:23.155,1716483143155,NH-DC-NM129-H06-ROCE-Leaf-16.GPU.S9825,TwoHundredGigE1/0/16:2,2199383,8770917244,2204996,8770967014,31.32,31.32
2024/05/24 星期五 00:52:23.890,1716483143890,NH-DC-NM129-H06-ROCE-Leaf-16.GPU.S9825,TwoHundredGigE1/0/16:2,0,0,0,0,0,0
2024/05/24 星期五 00:52:24.408,1716483144408,NH-DC-NM129-H06-ROCE-Leaf-16.GPU.S9825,TwoHundredGigE1/0/16:2,2127305,8427557484,2131984,8434348289,65.02,65.10
2024/05/24 星期五 00:52:25.020,1716483145020,NH-DC-NM129-H06-ROCE-Leaf-16.GPU.S9825,TwoHundredGigE1/0/16:2,0,0,0,0,0,0
2024/05/24 星期五 00:52:25.608,1716483145608,NH-DC-NM129-H06-ROCE-Leaf-16.GPU.S9825,TwoHundredGigE1/0/16:2,1907278,7558193626,1909373,7552260458,51.36,51.36
2024/05/24 星期五 00:52:26.251,1716483146251,NH-DC-NM129-H06-ROCE-Leaf-16.GPU.S9825,TwoHundredGigE1/0/16:2,2580954,10391964030,2586732,10387123797,64.63,64.57
2024/05/24 星期五 00:52:26.838,1716483146838,NH-DC-NM129-H06-ROCE-Leaf-16.GPU.S9825,TwoHundredGigE1/0/16:2,0,0,0,0,0,0
2024/05/24 星期五 00:52:27.476,1716483147476,NH-DC-NM129-H06-ROCE-Leaf-16.GPU.S9825,TwoHundredGigE1/0/16:2,2009970,7964497410,2014830,7970352804,49.91,49.97
2024/05/24 星期五 00:52:28.002,1716483148002,NH-DC-NM129-H06-ROCE-Leaf-16.GPU.S9825,TwoHundredGigE1/0/16:2,2192088,8686667132,2196057,8685837487,66.01,66.01
2024/05/24 星期五 00:52:28.664,1716483148664,NH-DC-NM129-H06-ROCE-Leaf-16.GPU.S9825,TwoHundredGigE1/0/16:2,0,0,0,0,0,0
2024/05/24 星期五 00:52:29.273,1716483149273,NH-DC-NM129-H06-ROCE-Leaf-16.GPU.S9825,TwoHundredGigE1/0/16:2,1572311,6229933758,1576535,6236092442,40.85,40.92
2024/05/24 星期五 00:52:30.083,1716483150083,NH-DC-NM129-H06-ROCE-Leaf-16.GPU.S9825,TwoHundredGigE1/0/16:2,3312050,13288379236,3319364,13283487836,65.58,65.58
2024/05/24 星期五 00:52:30.809,1716483150809,NH-DC-NM129-H06-ROCE-Leaf-16.GPU.S9825,TwoHundredGigE1/0/16:2,0,0,0,0,0,0
2024/05/24 星期五 00:52:31.310,1716483151310,NH-DC-NM129-H06-ROCE-Leaf-16.GPU.S9825,TwoHundredGigE1/0/16:2,1857928,7362813540,1861551,7364246868,58.76,58.76
2024/05/24 星期五 00:52:31.908,1716483151908,NH-DC-NM129-H06-ROCE-Leaf-16.GPU.S9825,TwoHundredGigE1/0/16:2,0,0,0,0,0,0
2024/05/24 星期五 00:52:32.528,1716483152528,NH-DC-NM129-H06-ROCE-Leaf-16.GPU.S9825,TwoHundredGigE1/0/16:2,2014707,7983463738,2018367,7982929933,51.48,51.48
2024/05/24 星期五 00:52:33.135,1716483153135,NH-DC-NM129-H06-ROCE-Leaf-16.GPU.S9825,TwoHundredGigE1/0/16:2,2816016,11322755176,2823407,11323590542,74.60,74.60
2024/05/24 星期五 00:52:33.713,1716483153713,NH-DC-NM129-H06-ROCE-Leaf-16.GPU.S9825,TwoHundredGigE1/0/16:2,0,0,0,0,0,0
2024/05/24 星期五 00:52:34.353,1716483154353,NH-DC-NM129-H06-ROCE-Leaf-16.GPU.S9825,TwoHundredGigE1/0/16:2,2073270,8208853182,2075878,8209240337,51.25,51.25
2024/05/24 星期五 00:52:34.877,1716483154877,NH-DC-NM129-H06-ROCE-Leaf-16.GPU.S9825,TwoHundredGigE1/0/16:2,0,0,0,0,0,0
2024/05/24 星期五 00:52:38.088,1716483158088,NH-DC-NM129-H06-ROCE-Leaf-16.GPU.S9825,TwoHundredGigE1/0/16:2,8554160,34062352914,8572071,34064210540,42.43,42.43
2024/05/24 星期五 00:52:38.654,1716483158654,NH-DC-NM129-H06-ROCE-Leaf-16.GPU.S9825,TwoHundredGigE1/0/16:2,0,0,0,0,0,0
2024/05/24 星期五 00:52:39.155,1716483159155,NH-DC-NM129-H06-ROCE-Leaf-16.GPU.S9825,TwoHundredGigE1/0/16:2,2131038,8441406128,2134687,8441191982,67.39,67.39
2024/05/24 星期五 00:52:40.052,1716483160052,NH-DC-NM129-H06-ROCE-Leaf-16.GPU.S9825,TwoHundredGigE1/0/16:2,0,0,0,0,0,0
2024/05/24 星期五 00:52:40.553,1716483160553,NH-DC-NM129-H06-ROCE-Leaf-16.GPU.S9825,TwoHundredGigE1/0/16:2,2247263,8978194904,2251754,8977438643,71.62,71.62
2024/05/24 星期五 00:52:41.086,1716483161086,NH-DC-NM129-H06-ROCE-Leaf-16.GPU.S9825,TwoHundredGigE1/0/16:2,2375803,9506144200,2381476,9507988078,71.29,71.29
2024/05/24 星期五 00:52:41.681,1716483161681,NH-DC-NM129-H06-ROCE-Leaf-16.GPU.S9825,TwoHundredGigE1/0/16:2,0,0,0,0,0,0
2024/05/24 星期五 00:52:42.184,1716483162184,NH-DC-NM129-H06-ROCE-Leaf-16.GPU.S9825,TwoHundredGigE1/0/16:2,2035313,8065203236,2038805,8065101439,64.10,64.10
2024/05/24 星期五 00:52:42.910,1716483162910,NH-DC-NM129-H06-ROCE-Leaf-16.GPU.S9825,TwoHundredGigE1/0/16:2,1772999,7025318704,1776589,7026304762,38.68,38.68
2024/05/24 星期五 00:52:43.587,1716483163587,NH-DC-NM129-H06-ROCE-Leaf-16.GPU.S9825,TwoHundredGigE1/0/16:2,0,0,0,0,0,0
2024/05/24 星期五 00:52:44.201,1716483164201,NH-DC-NM129-H06-ROCE-Leaf-16.GPU.S9825,TwoHundredGigE1/0/16:2,3074590,12345871608,3082581,12346815195,80.39,80.39
2024/05/24 星期五 00:52:44.753,1716483164753,NH-DC-NM129-H06-ROCE-Leaf-16.GPU.S9825,TwoHundredGigE1/0/16:2,0,0,0,0,0,0
2024/05/24 星期五 00:52:45.357,1716483165357,NH-DC-NM129-H06-ROCE-Leaf-16.GPU.S9825,TwoHundredGigE1/0/16:2,1989840,7884879672,1994124,7888360908,52.19,52.19
2024/05/24 星期五 00:52:45.873,1716483165873,NH-DC-NM129-H06-ROCE-Leaf-16.GPU.S9825,TwoHundredGigE1/0/16:2,0,0,0,0,0,0
2024/05/24 星期五 00:52:46.595,1716483166595,NH-DC-NM129-H06-ROCE-Leaf-16.GPU.S9825,TwoHundredGigE1/0/16:2,2108805,8356603754,2112205,8353908411,46.26,46.26
2024/05/24 星期五 00:52:47.201,1716483167201,NH-DC-NM129-H06-ROCE-Leaf-16.GPU.S9825,TwoHundredGigE1/0/16:2,1848523,7318249086,1849820,7311870756,48.25,48.25
2024/05/24 星期五 00:52:47.827,1716483167827,NH-DC-NM129-H06-ROCE-Leaf-16.GPU.S9825,TwoHundredGigE1/0/16:2,0,0,0,0,0,0
2024/05/24 星期五 00:52:48.363,1716483168363,NH-DC-NM129-H06-ROCE-Leaf-16.GPU.S9825,TwoHundredGigE1/0/16:2,2932544,11794604690,2942184,11802006985,87.99,88.06
2024/05/24 星期五 00:52:48.962,1716483168962,NH-DC-NM129-H06-ROCE-Leaf-16.GPU.S9825,TwoHundredGigE1/0/16:2,0,0,0,0,0,0
2024/05/24 星期五 00:52:49.471,1716483169471,NH-DC-NM129-H06-ROCE-Leaf-16.GPU.S9825,TwoHundredGigE1/0/16:2,1622363,6428067144,1622959,6418818338,50.45,50.37
2024/05/24 星期五 00:52:50.230,1716483170230,NH-DC-NM129-H06-ROCE-Leaf-16.GPU.S9825,TwoHundredGigE1/0/16:2,2189858,8676813160,2195535,8683671655,45.69,45.74
2024/05/24 星期五 00:52:50.769,1716483170769,NH-DC-NM129-H06-ROCE-Leaf-16.GPU.S9825,TwoHundredGigE1/0/16:2,0,0,0,0,0,0
2024/05/24 星期五 00:52:51.314,1716483171314,NH-DC-NM129-H06-ROCE-Leaf-16.GPU.S9825,TwoHundredGigE1/0/16:2,3009660,12090069860,3017624,12090873996,88.73,88.73
2024/05/24 星期五 00:52:51.926,1716483171926,NH-DC-NM129-H06-ROCE-Leaf-16.GPU.S9825,TwoHundredGigE1/0/16:2,0,0,0,0,0,0
2024/05/24 星期五 00:52:52.461,1716483172461,NH-DC-NM129-H06-ROCE-Leaf-16.GPU.S9825,TwoHundredGigE1/0/16:2,2097874,8312579616,2101574,8312823285,62.13,62.13
2024/05/24 星期五 00:52:52.994,1716483172994,NH-DC-NM129-H06-ROCE-Leaf-16.GPU.S9825,TwoHundredGigE1/0/16:2,2183770,8653142980,2188429,8656411822,64.92,64.92
2024/05/24 星期五 00:52:53.612,1716483173612,NH-DC-NM129-H06-ROCE-Leaf-16.GPU.S9825,TwoHundredGigE1/0/16:2,0,0,0,0,0,0
2024/05/24 星期五 00:52:54.128,1716483174128,NH-DC-NM129-H06-ROCE-Leaf-16.GPU.S9825,TwoHundredGigE1/0/16:2,1593001,6311471198,1597591,6318954831,48.91,48.91
2024/05/24 星期五 00:52:55.090,1716483175090,NH-DC-NM129-H06-ROCE-Leaf-16.GPU.S9825,TwoHundredGigE1/0/16:2,3331641,13366949342,3337363,13358158010,55.55,55.51
2024/05/24 星期五 00:52:55.902,1716483175902,NH-DC-NM129-H06-ROCE-Leaf-16.GPU.S9825,TwoHundredGigE1/0/16:2,0,0,0,0,0,0
2024/05/24 星期五 00:52:56.556,1716483176556,NH-DC-NM129-H06-ROCE-Leaf-16.GPU.S9825,TwoHundredGigE1/0/16:2,1691077,6700732422,1696763,6711611015,40.98,41.04
2024/05/24 星期五 00:52:57.181,1716483177181,NH-DC-NM129-H06-ROCE-Leaf-16.GPU.S9825,TwoHundredGigE1/0/16:2,2117218,8389787768,2118670,8379869536,53.63,53.57
2024/05/24 星期五 00:52:58.593,1716483178593,NH-DC-NM129-H06-ROCE-Leaf-16.GPU.S9825,TwoHundredGigE1/0/16:2,2032163,8141698970,2038022,8142085733,23.06,23.06
2024/05/24 星期五 00:52:59.093,1716483179093,NH-DC-NM129-H06-ROCE-Leaf-16.GPU.S9825,TwoHundredGigE1/0/16:2,2377504,9497592928,2382354,9497915450,75.92,75.92
2024/05/24 星期五 00:52:59.716,1716483179716,NH-DC-NM129-H06-ROCE-Leaf-16.GPU.S9825,TwoHundredGigE1/0/16:2,0,0,0,0,0,0
2024/05/24 星期五 00:53:00.424,1716483180424,NH-DC-NM129-H06-ROCE-Leaf-16.GPU.S9825,TwoHundredGigE1/0/16:2,2085927,8264950906,2089230,8263516966,46.67,46.67
2024/05/24 星期五 00:53:00.965,1716483180965,NH-DC-NM129-H06-ROCE-Leaf-16.GPU.S9825,TwoHundredGigE1/0/16:2,0,0,0,0,0,0
2024/05/24 星期五 00:53:01.512,1716483181512,NH-DC-NM129-H06-ROCE-Leaf-16.GPU.S9825,TwoHundredGigE1/0/16:2,1904179,7545261618,1907528,7545482044,55.14,55.14
2024/05/24 星期五 00:53:02.100,1716483182100,NH-DC-NM129-H06-ROCE-Leaf-16.GPU.S9825,TwoHundredGigE1/0/16:2,2977250,11962174744,2984592,11963146621,81.36,81.36
2024/05/24 星期五 00:53:02.650,1716483182650,NH-DC-NM129-H06-ROCE-Leaf-16.GPU.S9825,TwoHundredGigE1/0/16:2,0,0,0,0,0,0
2024/05/24 星期五 00:53:03.165,1716483183165,NH-DC-NM129-H06-ROCE-Leaf-16.GPU.S9825,TwoHundredGigE1/0/16:2,1678367,6650069154,1681209,6650255190,51.65,51.65
2024/05/24 星期五 00:53:03.737,1716483183737,NH-DC-NM129-H06-ROCE-Leaf-16.GPU.S9825,TwoHundredGigE1/0/16:2,0,0,0,0,0,0
2024/05/24 星期五 00:53:05.124,1716483185124,NH-DC-NM129-H06-ROCE-Leaf-16.GPU.S9825,TwoHundredGigE1/0/16:2,4169297,16506831616,4175864,16502847918,47.58,47.58
2024/05/24 星期五 00:53:05.717,1716483185717,NH-DC-NM129-H06-ROCE-Leaf-16.GPU.S9825,TwoHundredGigE1/0/16:2,0,0,0,0,0,0
2024/05/24 星期五 00:53:06.298,1716483186298,NH-DC-NM129-H06-ROCE-Leaf-16.GPU.S9825,TwoHundredGigE1/0/16:2,3010347,12106432060,3014030,12086243105,83.30,83.17
2024/05/24 星期五 00:53:07.269,1716483187269,NH-DC-NM129-H06-ROCE-Leaf-16.GPU.S9825,TwoHundredGigE1/0/16:2,2094503,8298537042,2103707,8322853476,34.15,34.27
2024/05/24 星期五 00:53:07.841,1716483187841,NH-DC-NM129-H06-ROCE-Leaf-16.GPU.S9825,TwoHundredGigE1/0/16:2,0,0,0,0,0,0
2024/05/24 星期五 00:53:08.438,1716483188438,NH-DC-NM129-H06-ROCE-Leaf-16.GPU.S9825,TwoHundredGigE1/0/16:2,1668513,6611762296,1671465,6609740733,44.29,44.22
2024/05/24 星期五 00:53:09.024,1716483189024,NH-DC-NM129-H06-ROCE-Leaf-16.GPU.S9825,TwoHundredGigE1/0/16:2,0,0,0,0,0,0
2024/05/24 星期五 00:53:09.565,1716483189565,NH-DC-NM129-H06-ROCE-Leaf-16.GPU.S9825,TwoHundredGigE1/0/16:2,3114594,12506185368,3122034,12505641480,92.42,92.42
2024/05/24 星期五 00:53:10.563,1716483190563,NH-DC-NM129-H06-ROCE-Leaf-16.GPU.S9825,TwoHundredGigE1/0/16:2,1968042,7798857298,1972208,7801255935,31.22,31.26
2024/05/24 星期五 00:53:11.065,1716483191065,NH-DC-NM129-H06-ROCE-Leaf-16.GPU.S9825,TwoHundredGigE1/0/16:2,2130679,8442631476,2134068,8441057894,67.25,67.25
2024/05/24 星期五 00:53:11.714,1716483191714,NH-DC-NM129-H06-ROCE-Leaf-16.GPU.S9825,TwoHundredGigE1/0/16:2,0,0,0,0,0,0
2024/05/24 星期五 00:53:12.336,1716483192336,NH-DC-NM129-H06-ROCE-Leaf-16.GPU.S9825,TwoHundredGigE1/0/16:2,1914186,7576962468,1916310,7573314381,48.68,48.68
2024/05/24 星期五 00:53:13.032,1716483193032,NH-DC-NM129-H06-ROCE-Leaf-16.GPU.S9825,TwoHundredGigE1/0/16:2,2837979,11418919558,2847624,11423692504,65.57,65.63
2024/05/24 星期五 00:53:13.576,1716483193576,NH-DC-NM129-H06-ROCE-Leaf-16.GPU.S9825,TwoHundredGigE1/0/16:2,0,0,0,0,0,0
2024/05/24 星期五 00:53:14.164,1716483194164,NH-DC-NM129-H06-ROCE-Leaf-16.GPU.S9825,TwoHundredGigE1/0/16:2,1710552,6777949652,1713740,6778495265,46.05,46.05
2024/05/24 星期五 00:53:14.713,1716483194713,NH-DC-NM129-H06-ROCE-Leaf-16.GPU.S9825,TwoHundredGigE1/0/16:2,0,0,0,0,0,0
2024/05/24 星期五 00:53:15.299,1716483195299,NH-DC-NM129-H06-ROCE-Leaf-16.GPU.S9825,TwoHundredGigE1/0/16:2,2097923,8312582534,2101485,8312886998,56.72,56.72
2024/05/24 星期五 00:53:15.881,1716483195881,NH-DC-NM129-H06-ROCE-Leaf-16.GPU.S9825,TwoHundredGigE1/0/16:2,0,0,0,0,0,0
2024/05/24 星期五 00:53:16.528,1716483196528,NH-DC-NM129-H06-ROCE-Leaf-16.GPU.S9825,TwoHundredGigE1/0/16:2,2479924,9952479706,2485635,9953600901,61.51,61.51
2024/05/24 星期五 00:53:17.146,1716483197146,NH-DC-NM129-H06-ROCE-Leaf-16.GPU.S9825,TwoHundredGigE1/0/16:2,2304997,9171326096,2310899,9171529050,59.35,59.35
2024/05/24 星期五 00:53:17.719,1716483197719,NH-DC-NM129-H06-ROCE-Leaf-16.GPU.S9825,TwoHundredGigE1/0/16:2,0,0,0,0,0,0
2024/05/24 星期五 00:53:18.222,1716483198222,NH-DC-NM129-H06-ROCE-Leaf-16.GPU.S9825,TwoHundredGigE1/0/16:2,1935802,7670340106,1939869,7673715395,60.99,60.99
2024/05/24 星期五 00:53:18.748,1716483198748,NH-DC-NM129-H06-ROCE-Leaf-16.GPU.S9825,TwoHundredGigE1/0/16:2,0,0,0,0,0,0
2024/05/24 星期五 00:53:19.250,1716483199250,NH-DC-NM129-H06-ROCE-Leaf-16.GPU.S9825,TwoHundredGigE1/0/16:2,1840333,7292304264,1843027,7289720746,58.09,58.01
2024/05/24 星期五 00:53:23.641,1716483203641,NH-DC-NM129-H06-ROCE-Leaf-16.GPU.S9825,TwoHundredGigE1/0/16:2,8746272,34814994304,8764171,34816939976,31.71,31.71
2024/05/24 星期五 00:53:24.143,1716483204143,NH-DC-NM129-H06-ROCE-Leaf-16.GPU.S9825,TwoHundredGigE1/0/16:2,2952431,11872986814,2960891,11873894559,94.58,94.58
2024/05/24 星期五 00:53:24.642,1716483204642,NH-DC-NM129-H06-ROCE-Leaf-16.GPU.S9825,TwoHundredGigE1/0/16:2,0,0,0,0,0,0
2024/05/24 星期五 00:53:25.142,1716483205142,NH-DC-NM129-H06-ROCE-Leaf-16.GPU.S9825,TwoHundredGigE1/0/16:2,1872245,7417402718,1875277,7418155590,59.28,59.28
2024/05/24 星期五 00:53:25.755,1716483205755,NH-DC-NM129-H06-ROCE-Leaf-16.GPU.S9825,TwoHundredGigE1/0/16:2,0,0,0,0,0,0
2024/05/24 星期五 00:53:26.334,1716483206334,NH-DC-NM129-H06-ROCE-Leaf-16.GPU.S9825,TwoHundredGigE1/0/16:2,2033297,8056806310,2036931,8057046851,55.61,55.61
2024/05/24 星期五 00:53:27.034,1716483207034,NH-DC-NM129-H06-ROCE-Leaf-16.GPU.S9825,TwoHundredGigE1/0/16:2,0,0,0,0,0,0
2024/05/24 星期五 00:53:27.619,1716483207619,NH-DC-NM129-H06-ROCE-Leaf-16.GPU.S9825,TwoHundredGigE1/0/16:2,2577980,10379622680,2587512,10393627640,70.91,71.04
2024/05/24 星期五 00:53:28.123,1716483208123,NH-DC-NM129-H06-ROCE-Leaf-16.GPU.S9825,TwoHundredGigE1/0/16:2,1980630,7848951156,1981164,7835818041,62.22,62.14
2024/05/24 星期五 00:53:28.818,1716483208818,NH-DC-NM129-H06-ROCE-Leaf-16.GPU.S9825,TwoHundredGigE1/0/16:2,0,0,0,0,0,0
2024/05/24 星期五 00:53:29.374,1716483209374,NH-DC-NM129-H06-ROCE-Leaf-16.GPU.S9825,TwoHundredGigE1/0/16:2,2226838,8824114412,2230974,8824874344,63.45,63.45
2024/05/24 星期五 00:53:30.197,1716483210197,NH-DC-NM129-H06-ROCE-Leaf-16.GPU.S9825,TwoHundredGigE1/0/16:2,1775826,7033775152,1778981,7033981106,34.17,34.17
2024/05/24 星期五 00:53:30.778,1716483210778,NH-DC-NM129-H06-ROCE-Leaf-16.GPU.S9825,TwoHundredGigE1/0/16:2,0,0,0,0,0,0
2024/05/24 星期五 00:53:31.293,1716483211293,NH-DC-NM129-H06-ROCE-Leaf-16.GPU.S9825,TwoHundredGigE1/0/16:2,3138526,12601596924,3146492,12602679084,97.86,97.86
2024/05/24 星期五 00:53:31.809,1716483211809,NH-DC-NM129-H06-ROCE-Leaf-16.GPU.S9825,TwoHundredGigE1/0/16:2,0,0,0,0,0,0
2024/05/24 星期五 00:53:32.506,1716483212506,NH-DC-NM129-H06-ROCE-Leaf-16.GPU.S9825,TwoHundredGigE1/0/16:2,1807746,7160189064,1809692,7157994311,41.09,41.03
2024/05/24 星期五 00:53:33.016,1716483213016,NH-DC-NM129-H06-ROCE-Leaf-16.GPU.S9825,TwoHundredGigE1/0/16:2,1872318,7418853920,1876371,7421717356,58.12,58.20
2024/05/24 星期五 00:53:33.607,1716483213607,NH-DC-NM129-H06-ROCE-Leaf-16.GPU.S9825,TwoHundredGigE1/0/16:2,0,0,0,0,0,0
2024/05/24 星期五 00:53:34.187,1716483214187,NH-DC-NM129-H06-ROCE-Leaf-16.GPU.S9825,TwoHundredGigE1/0/16:2,2622552,10491774172,2628152,10488954757,72.34,72.28
2024/05/24 星期五 00:53:34.691,1716483214691,NH-DC-NM129-H06-ROCE-Leaf-16.GPU.S9825,TwoHundredGigE1/0/16:2,0,0,0,0,0,0
2024/05/24 星期五 00:53:35.194,1716483215194,NH-DC-NM129-H06-ROCE-Leaf-16.GPU.S9825,TwoHundredGigE1/0/16:2,2452492,9782975068,2458668,9787128124,77.77,77.77
2024/05/24 星期五 00:53:35.989,1716483215989,NH-DC-NM129-H06-ROCE-Leaf-16.GPU.S9825,TwoHundredGigE1/0/16:2,2161339,8564771356,2166156,8567864667,43.07,43.07
2024/05/24 星期五 00:53:36.674,1716483216674,NH-DC-NM129-H06-ROCE-Leaf-16.GPU.S9825,TwoHundredGigE1/0/16:2,0,0,0,0,0,0
2024/05/24 星期五 00:53:37.222,1716483217222,NH-DC-NM129-H06-ROCE-Leaf-16.GPU.S9825,TwoHundredGigE1/0/16:2,1808143,7165165026,1810810,7162845230,52.26,52.26
2024/05/24 星期五 00:53:37.805,1716483217805,NH-DC-NM129-H06-ROCE-Leaf-16.GPU.S9825,TwoHundredGigE1/0/16:2,0,0,0,0,0,0
2024/05/24 星期五 00:53:38.306,1716483218306,NH-DC-NM129-H06-ROCE-Leaf-16.GPU.S9825,TwoHundredGigE1/0/16:2,2457926,9905939466,2464755,9907187719,79.04,79.04
2024/05/24 星期五 00:53:38.807,1716483218807,NH-DC-NM129-H06-ROCE-Leaf-16.GPU.S9825,TwoHundredGigE1/0/16:2,0,0,0,0,0,0
2024/05/24 星期五 00:53:39.432,1716483219432,NH-DC-NM129-H06-ROCE-Leaf-16.GPU.S9825,TwoHundredGigE1/0/16:2,2035895,8066846314,2039284,8066689520,51.58,51.58
2024/05/24 星期五 00:53:40.142,1716483220142,NH-DC-NM129-H06-ROCE-Leaf-16.GPU.S9825,TwoHundredGigE1/0/16:2,2194567,8696229030,2198672,8697085217,48.96,48.96
2024/05/24 星期五 00:53:40.710,1716483220710,NH-DC-NM129-H06-ROCE-Leaf-16.GPU.S9825,TwoHundredGigE1/0/16:2,0,0,0,0,0,0
2024/05/24 星期五 00:53:41.290,1716483221290,NH-DC-NM129-H06-ROCE-Leaf-16.GPU.S9825,TwoHundredGigE1/0/16:2,1725140,6833664060,1730093,6842304934,47.10,47.17
2024/05/24 星期五 00:53:41.791,1716483221791,NH-DC-NM129-H06-ROCE-Leaf-16.GPU.S9825,TwoHundredGigE1/0/16:2,0,0,0,0,0,0
2024/05/24 星期五 00:53:43.129,1716483223129,NH-DC-NM129-H06-ROCE-Leaf-16.GPU.S9825,TwoHundredGigE1/0/16:2,4674383,18684499038,4682081,18677167723,55.84,55.81
2024/05/24 星期五 00:53:43.817,1716483223817,NH-DC-NM129-H06-ROCE-Leaf-16.GPU.S9825,TwoHundredGigE1/0/16:2,0,0,0,0,0,0
2024/05/24 星期五 00:53:44.411,1716483224411,NH-DC-NM129-H06-ROCE-Leaf-16.GPU.S9825,TwoHundredGigE1/0/16:2,2097813,8312576078,2101671,8313247923,55.96,55.96
2024/05/24 星期五 00:53:44.961,1716483224961,NH-DC-NM129-H06-ROCE-Leaf-16.GPU.S9825,TwoHundredGigE1/0/16:2,0,0,0,0,0,0
2024/05/24 星期五 00:53:45.462,1716483225462,NH-DC-NM129-H06-ROCE-Leaf-16.GPU.S9825,TwoHundredGigE1/0/16:2,2979472,11970626100,2986900,11970374414,95.57,95.57
2024/05/24 星期五 00:53:46.073,1716483226073,NH-DC-NM129-H06-ROCE-Leaf-16.GPU.S9825,TwoHundredGigE1/0/16:2,2084097,8258114848,2088210,8260321851,54.01,54.08
2024/05/24 星期五 00:53:46.823,1716483226823,NH-DC-NM129-H06-ROCE-Leaf-16.GPU.S9825,TwoHundredGigE1/0/16:2,0,0,0,0,0,0
2024/05/24 星期五 00:53:47.496,1716483227496,NH-DC-NM129-H06-ROCE-Leaf-16.GPU.S9825,TwoHundredGigE1/0/16:2,2207212,8742326110,2210676,8741979284,51.95,51.95
2024/05/24 星期五 00:53:48.061,1716483228061,NH-DC-NM129-H06-ROCE-Leaf-16.GPU.S9825,TwoHundredGigE1/0/16:2,1503848,5959491532,1505766,5956274461,42.12,42.12
2024/05/24 星期五 00:53:48.561,1716483228561,NH-DC-NM129-H06-ROCE-Leaf-16.GPU.S9825,TwoHundredGigE1/0/16:2,0,0,0,0,0,0
2024/05/24 星期五 00:53:49.062,1716483229062,NH-DC-NM129-H06-ROCE-Leaf-16.GPU.S9825,TwoHundredGigE1/0/16:2,2796291,11245977598,2804044,11250389284,89.74,89.82
2024/05/24 星期五 00:53:49.631,1716483229631,NH-DC-NM129-H06-ROCE-Leaf-16.GPU.S9825,TwoHundredGigE1/0/16:2,0,0,0,0,0,0
2024/05/24 星期五 00:53:50.401,1716483230401,NH-DC-NM129-H06-ROCE-Leaf-16.GPU.S9825,TwoHundredGigE1/0/16:2,1936404,7673143932,1939767,7673365515,39.84,39.84
2024/05/24 星期五 00:53:51.111,1716483231111,NH-DC-NM129-H06-ROCE-Leaf-16.GPU.S9825,TwoHundredGigE1/0/16:2,2065577,8184692890,2069238,8185351696,46.08,46.08
2024/05/24 星期五 00:53:51.667,1716483231667,NH-DC-NM129-H06-ROCE-Leaf-16.GPU.S9825,TwoHundredGigE1/0/16:2,0,0,0,0,0,0
2024/05/24 星期五 00:53:52.228,1716483232228,NH-DC-NM129-H06-ROCE-Leaf-16.GPU.S9825,TwoHundredGigE1/0/16:2,2495513,9957757426,2500438,9957087893,70.94,70.94
2024/05/24 星期五 00:53:52.873,1716483232873,NH-DC-NM129-H06-ROCE-Leaf-16.GPU.S9825,TwoHundredGigE1/0/16:2,0,0,0,0,0,0
2024/05/24 星期五 00:53:53.393,1716483233393,NH-DC-NM129-H06-ROCE-Leaf-16.GPU.S9825,TwoHundredGigE1/0/16:2,2389794,9562686888,2394721,9559979248,73.54,73.46
2024/05/24 星期五 00:53:54.283,1716483234283,NH-DC-NM129-H06-ROCE-Leaf-16.GPU.S9825,TwoHundredGigE1/0/16:2,2062616,8172923492,2067367,8176926637,36.72,36.72
2024/05/24 星期五 00:53:54.966,1716483234966,NH-DC-NM129-H06-ROCE-Leaf-16.GPU.S9825,TwoHundredGigE1/0/16:2,1904173,0,1907526,0,0,0
2024/05/24 星期五 00:53:55.604,1716483235604,NH-DC-NM129-H06-ROCE-Leaf-16.GPU.S9825,TwoHundredGigE1/0/16:2,0,7545262806,0,7545481860,47.27,47.27
2024/05/24 星期五 00:53:56.227,1716483236227,NH-DC-NM129-H06-ROCE-Leaf-16.GPU.S9825,TwoHundredGigE1/0/16:2,2849722,11456321770,2860326,11470363761,73.52,73.64
2024/05/24 星期五 00:53:56.755,1716483236755,NH-DC-NM129-H06-ROCE-Leaf-16.GPU.S9825,TwoHundredGigE1/0/16:2,0,0,0,0,0,0
2024/05/24 星期五 00:53:57.584,1716483237584,NH-DC-NM129-H06-ROCE-Leaf-16.GPU.S9825,TwoHundredGigE1/0/16:2,1999400,7923226898,1999924,7910405924,38.21,38.17
2024/05/24 星期五 00:53:58.235,1716483238235,NH-DC-NM129-H06-ROCE-Leaf-16.GPU.S9825,TwoHundredGigE1/0/16:2,2130116,8440463980,2133988,8441208665,51.86,51.86
2024/05/24 星期五 00:53:58.737,1716483238737,NH-DC-NM129-H06-ROCE-Leaf-16.GPU.S9825,TwoHundredGigE1/0/16:2,0,0,0,0,0,0
2024/05/24 星期五 00:53:59.245,1716483239245,NH-DC-NM129-H06-ROCE-Leaf-16.GPU.S9825,TwoHundredGigE1/0/16:2,1674583,6635317086,1677648,6635520804,52.20,52.20
2024/05/24 星期五 00:53:59.826,1716483239826,NH-DC-NM129-H06-ROCE-Leaf-16.GPU.S9825,TwoHundredGigE1/0/16:2,0,0,0,0,0,0
2024/05/24 星期五 00:54:00.386,1716483240386,NH-DC-NM129-H06-ROCE-Leaf-16.GPU.S9825,TwoHundredGigE1/0/16:2,3164840,12705810056,3173334,12708485868,90.71,90.71
2024/05/24 星期五 00:54:01.296,1716483241296,NH-DC-NM129-H06-ROCE-Leaf-16.GPU.S9825,TwoHundredGigE1/0/16:2,1692643,6706702282,1694928,6704560808,29.45,29.45
2024/05/24 星期五 00:54:01.870,1716483241870,NH-DC-NM129-H06-ROCE-Leaf-16.GPU.S9825,TwoHundredGigE1/0/16:2,0,0,0,0,0,0
2024/05/24 星期五 00:54:02.370,1716483242370,NH-DC-NM129-H06-ROCE-Leaf-16.GPU.S9825,TwoHundredGigE1/0/16:2,2157284,8548491528,2161936,8551389933,68.32,68.4
2024/05/24 星期五 00:54:02.903,1716483242903,NH-DC-NM129-H06-ROCE-Leaf-16.GPU.S9825,TwoHundredGigE1/0/16:2,0,0,0,0,0,0
2024/05/24 星期五 00:54:03.405,1716483243405,NH-DC-NM129-H06-ROCE-Leaf-16.GPU.S9825,TwoHundredGigE1/0/16:2,2784077,11196503490,2790826,11195969824,89.16,89.16
2024/05/24 星期五 00:54:03.909,1716483243909,NH-DC-NM129-H06-ROCE-Leaf-16.GPU.S9825,TwoHundredGigE1/0/16:2,2097847,8312579790,2101829,8312843043,65.95,65.95
2024/05/24 星期五 00:54:04.663,1716483244663,NH-DC-NM129-H06-ROCE-Leaf-16.GPU.S9825,TwoHundredGigE1/0/16:2,0,0,0,0,0,0
2024/05/24 星期五 00:54:05.322,1716483245322,NH-DC-NM129-H06-ROCE-Leaf-16.GPU.S9825,TwoHundredGigE1/0/16:2,2259223,8952007690,2263235,8952410666,54.32,54.32
2024/05/24 星期五 00:54:05.824,1716483245824,NH-DC-NM129-H06-ROCE-Leaf-16.GPU.S9825,TwoHundredGigE1/0/16:2,0,0,0,0,0,0
2024/05/24 星期五 00:54:06.325,1716483246325,NH-DC-NM129-H06-ROCE-Leaf-16.GPU.S9825,TwoHundredGigE1/0/16:2,1686076,6681481012,1687120,6673824769,53.33,53.25
2024/05/24 星期五 00:54:07.009,1716483247009,NH-DC-NM129-H06-ROCE-Leaf-16.GPU.S9825,TwoHundredGigE1/0/16:2,0,0,0,0,0,0
2024/05/24 星期五 00:54:07.674,1716483247674,NH-DC-NM129-H06-ROCE-Leaf-16.GPU.S9825,TwoHundredGigE1/0/16:2,3324612,13337509584,3335114,13346547064,80.18,80.24
2024/05/24 星期五 00:54:08.487,1716483248487,NH-DC-NM129-H06-ROCE-Leaf-16.GPU.S9825,TwoHundredGigE1/0/16:2,1589502,6298225564,1594689,6308645011,30.95,31.00
2024/05/24 星期五 00:54:08.988,1716483248988,NH-DC-NM129-H06-ROCE-Leaf-16.GPU.S9825,TwoHundredGigE1/0/16:2,0,0,0,0,0,0
2024/05/24 星期五 00:54:09.489,1716483249489,NH-DC-NM129-H06-ROCE-Leaf-16.GPU.S9825,TwoHundredGigE1/0/16:2,2154149,8536516394,2155830,8527036400,68.10,68.02
2024/05/24 星期五 00:54:10.062,1716483250062,NH-DC-NM129-H06-ROCE-Leaf-16.GPU.S9825,TwoHundredGigE1/0/16:2,2963564,11907015592,2972737,11913871699,83.07,83.14
2024/05/24 星期五 00:54:10.612,1716483250612,NH-DC-NM129-H06-ROCE-Leaf-16.GPU.S9825,TwoHundredGigE1/0/16:2,0,0,0,0,0,0
2024/05/24 星期五 00:54:11.129,1716483251129,NH-DC-NM129-H06-ROCE-Leaf-16.GPU.S9825,TwoHundredGigE1/0/16:2,2099401,8319197252,2102527,8316572518,64.29,64.29
2024/05/24 星期五 00:54:11.967,1716483251967,NH-DC-NM129-H06-ROCE-Leaf-16.GPU.S9825,TwoHundredGigE1/0/16:2,0,0,0,0,0,0
2024/05/24 星期五 00:54:12.588,1716483252588,NH-DC-NM129-H06-ROCE-Leaf-16.GPU.S9825,TwoHundredGigE1/0/16:2,2271883,9000589288,2275571,8998040347,57.97,57.91
2024/05/24 星期五 00:54:13.135,1716483253135,NH-DC-NM129-H06-ROCE-Leaf-16.GPU.S9825,TwoHundredGigE1/0/16:2,1516819,6010628390,1519749,6010821614,43.95,43.95
2024/05/24 星期五 00:54:13.757,1716483253757,NH-DC-NM129-H06-ROCE-Leaf-16.GPU.S9825,TwoHundredGigE1/0/16:2,0,0,0,0,0,0
2024/05/24 星期五 00:54:14.286,1716483254286,NH-DC-NM129-H06-ROCE-Leaf-16.GPU.S9825,TwoHundredGigE1/0/16:2,2653893,10683275510,2660877,10684080803,80.76,80.76
2024/05/24 星期五 00:54:14.886,1716483254886,NH-DC-NM129-H06-ROCE-Leaf-16.GPU.S9825,TwoHundredGigE1/0/16:2,1904108,7545256524,1907513,7545484534,50.27,50.27
2024/05/24 星期五 00:54:15.777,1716483255777,NH-DC-NM129-H06-ROCE-Leaf-16.GPU.S9825,TwoHundredGigE1/0/16:2,0,0,0,0,0,0
2024/05/24 星期五 00:54:16.277,1716483256277,NH-DC-NM129-H06-ROCE-Leaf-16.GPU.S9825,TwoHundredGigE1/0/16:2,2098038,8312593692,2101781,8313395711,66.48,66.48
2024/05/24 星期五 00:54:16.895,1716483256895,NH-DC-NM129-H06-ROCE-Leaf-16.GPU.S9825,TwoHundredGigE1/0/16:2,0,0,0,0,0,0
2024/05/24 星期五 00:54:17.537,1716483257537,NH-DC-NM129-H06-ROCE-Leaf-16.GPU.S9825,TwoHundredGigE1/0/16:2,2044777,8118239468,2048891,8118940092,50.53,50.53
2024/05/24 星期五 00:54:18.104,1716483258104,NH-DC-NM129-H06-ROCE-Leaf-16.GPU.S9825,TwoHundredGigE1/0/16:2,2642076,10621821126,2649565,10622234353,74.92,74.92
2024/05/24 星期五 00:54:18.709,1716483258709,NH-DC-NM129-H06-ROCE-Leaf-16.GPU.S9825,TwoHundredGigE1/0/16:2,0,0,0,0,0,0
2024/05/24 星期五 00:54:19.464,1716483259464,NH-DC-NM129-H06-ROCE-Leaf-16.GPU.S9825,TwoHundredGigE1/0/16:2,1710439,6777941306,1713616,6778637912,35.87,35.87
2024/05/24 星期五 00:54:19.965,1716483259965,NH-DC-NM129-H06-ROCE-Leaf-16.GPU.S9825,TwoHundredGigE1/0/16:2,0,0,0,0,0,0
2024/05/24 星期五 00:54:22.487,1716483262487,NH-DC-NM129-H06-ROCE-Leaf-16.GPU.S9825,TwoHundredGigE1/0/16:2,7096196,28280314640,7111573,28281364478,44.85,44.85
2024/05/24 星期五 00:54:23.466,1716483263466,NH-DC-NM129-H06-ROCE-Leaf-16.GPU.S9825,TwoHundredGigE1/0/16:2,2078517,8235994810,2082482,8236985130,33.63,33.63
2024/05/24 星期五 00:54:24.057,1716483264057,NH-DC-NM129-H06-ROCE-Leaf-16.GPU.S9825,TwoHundredGigE1/0/16:2,1657295,6566824758,1663747,6581730135,44.40,44.53
2024/05/24 星期五 00:54:24.719,1716483264719,NH-DC-NM129-H06-ROCE-Leaf-16.GPU.S9825,TwoHundredGigE1/0/16:2,0,0,0,0,0,0
2024/05/24 星期五 00:54:25.231,1716483265231,NH-DC-NM129-H06-ROCE-Leaf-16.GPU.S9825,TwoHundredGigE1/0/16:2,2982951,11987346566,2987317,11973123706,93.59,93.52
2024/05/24 星期五 00:54:25.796,1716483265796,NH-DC-NM129-H06-ROCE-Leaf-16.GPU.S9825,TwoHundredGigE1/0/16:2,0,0,0,0,0,0
2024/05/24 星期五 00:54:26.569,1716483266569,NH-DC-NM129-H06-ROCE-Leaf-16.GPU.S9825,TwoHundredGigE1/0/16:2,1821989,7219628662,1825441,7220408783,37.31,37.36
2024/05/24 星期五 00:54:27.073,1716483267073,NH-DC-NM129-H06-ROCE-Leaf-16.GPU.S9825,TwoHundredGigE1/0/16:2,2100314,8320402588,2103410,8315696054,66.03,65.95
2024/05/24 星期五 00:54:27.649,1716483267649,NH-DC-NM129-H06-ROCE-Leaf-16.GPU.S9825,TwoHundredGigE1/0/16:2,0,0,0,0,0,0
2024/05/24 星期五 00:54:28.371,1716483268371,NH-DC-NM129-H06-ROCE-Leaf-16.GPU.S9825,TwoHundredGigE1/0/16:2,1750743,6938360624,1754528,6943796123,38.39,38.45
2024/05/24 星期五 00:54:28.946,1716483268946,NH-DC-NM129-H06-ROCE-Leaf-16.GPU.S9825,TwoHundredGigE1/0/16:2,0,0,0,0,0,0
2024/05/24 星期五 00:54:29.622,1716483269622,NH-DC-NM129-H06-ROCE-Leaf-16.GPU.S9825,TwoHundredGigE1/0/16:2,2741439,11026663768,2749106,11027635784,65.21,65.21
2024/05/24 星期五 00:54:30.327,1716483270327,NH-DC-NM129-H06-ROCE-Leaf-16.GPU.S9825,TwoHundredGigE1/0/16:2,1921956,7616340238,1924906,7614595788,43.18,43.18
2024/05/24 星期五 00:54:30.952,1716483270952,NH-DC-NM129-H06-ROCE-Leaf-16.GPU.S9825,TwoHundredGigE1/0/16:2,0,0,0,0,0,0
2024/05/24 星期五 00:54:31.582,1716483271582,NH-DC-NM129-H06-ROCE-Leaf-16.GPU.S9825,TwoHundredGigE1/0/16:2,2048396,8117235420,2052948,8120767710,51.49,51.56
2024/05/24 星期五 00:54:32.083,1716483272083,NH-DC-NM129-H06-ROCE-Leaf-16.GPU.S9825,TwoHundredGigE1/0/16:2,2591866,10436788842,2599055,10437135917,83.27,83.27
2024/05/24 星期五 00:54:32.680,1716483272680,NH-DC-NM129-H06-ROCE-Leaf-16.GPU.S9825,TwoHundredGigE1/0/16:2,0,0,0,0,0,0
2024/05/24 星期五 00:54:33.429,1716483273429,NH-DC-NM129-H06-ROCE-Leaf-16.GPU.S9825,TwoHundredGigE1/0/16:2,1898186,7520735924,1900529,7517108098,40.16,40.11
2024/05/24 星期五 00:54:34.405,1716483274405,NH-DC-NM129-H06-ROCE-Leaf-16.GPU.S9825,TwoHundredGigE1/0/16:2,2198596,8711991330,2203089,8715119777,35.70,35.70
2024/05/24 星期五 00:54:34.948,1716483274948,NH-DC-NM129-H06-ROCE-Leaf-16.GPU.S9825,TwoHundredGigE1/0/16:2,0,0,0,0,0,0
2024/05/24 星期五 00:54:35.455,1716483275455,NH-DC-NM129-H06-ROCE-Leaf-16.GPU.S9825,TwoHundredGigE1/0/16:2,1779094,7049233796,1781849,7048047224,55.54,55.54
2024/05/24 星期五 00:54:36.102,1716483276102,NH-DC-NM129-H06-ROCE-Leaf-16.GPU.S9825,TwoHundredGigE1/0/16:2,2875479,11558881576,2883690,11562317057,71.41,71.47
2024/05/24 星期五 00:54:36.991,1716483276991,NH-DC-NM129-H06-ROCE-Leaf-16.GPU.S9825,TwoHundredGigE1/0/16:2,0,0,0,0,0,0
2024/05/24 星期五 00:54:37.493,1716483277493,NH-DC-NM129-H06-ROCE-Leaf-16.GPU.S9825,TwoHundredGigE1/0/16:2,1904102,7545256216,1907492,7545479604,60.08,60.08
2024/05/24 星期五 00:54:38.075,1716483278075,NH-DC-NM129-H06-ROCE-Leaf-16.GPU.S9825,TwoHundredGigE1/0/16:2,1904824,7548553948,1907823,7545922723,51.82,51.82
2024/05/24 星期五 00:54:38.686,1716483278686,NH-DC-NM129-H06-ROCE-Leaf-16.GPU.S9825,TwoHundredGigE1/0/16:2,0,0,0,0,0,0
2024/05/24 星期五 00:54:39.190,1716483279190,NH-DC-NM129-H06-ROCE-Leaf-16.GPU.S9825,TwoHundredGigE1/0/16:2,1864280,7378666872,1867014,7378847148,58.49,58.49
2024/05/24 星期五 00:54:39.986,1716483279986,NH-DC-NM129-H06-ROCE-Leaf-16.GPU.S9825,TwoHundredGigE1/0/16:2,0,0,0,0,0,0
2024/05/24 星期五 00:54:40.529,1716483280529,NH-DC-NM129-H06-ROCE-Leaf-16.GPU.S9825,TwoHundredGigE1/0/16:2,2951955,11872955286,2960167,11873844807,87.44,87.44
2024/05/24 星期五 00:54:41.030,1716483281030,NH-DC-NM129-H06-ROCE-Leaf-16.GPU.S9825,TwoHundredGigE1/0/16:2,0,0,0,0,0,0
2024/05/24 星期五 00:54:41.616,1716483281616,NH-DC-NM129-H06-ROCE-Leaf-16.GPU.S9825,TwoHundredGigE1/0/16:2,1968758,7801036100,1972293,7801826074,53.24,53.24
2024/05/24 星期五 00:54:42.182,1716483282182,NH-DC-NM129-H06-ROCE-Leaf-16.GPU.S9825,TwoHundredGigE1/0/16:2,1978157,7837729258,1983506,7842431007,55.34,55.41
2024/05/24 星期五 00:54:42.779,1716483282779,NH-DC-NM129-H06-ROCE-Leaf-16.GPU.S9825,TwoHundredGigE1/0/16:2,0,0,0,0,0,0
2024/05/24 星期五 00:54:43.523,1716483283523,NH-DC-NM129-H06-ROCE-Leaf-16.GPU.S9825,TwoHundredGigE1/0/16:2,2368491,9532433288,2374157,9530129824,51.24,51.24
2024/05/24 星期五 00:54:44.085,1716483284085,NH-DC-NM129-H06-ROCE-Leaf-16.GPU.S9825,TwoHundredGigE1/0/16:2,2181159,8659480284,2185093,8658418611,61.57,61.57
2024/05/24 星期五 00:54:44.617,1716483284617,NH-DC-NM129-H06-ROCE-Leaf-16.GPU.S9825,TwoHundredGigE1/0/16:2,0,0,0,0,0,0
2024/05/24 星期五 00:54:45.388,1716483285388,NH-DC-NM129-H06-ROCE-Leaf-16.GPU.S9825,TwoHundredGigE1/0/16:2,2323702,9207774804,2328016,9208546140,47.73,47.73
2024/05/24 星期五 00:54:45.905,1716483285905,NH-DC-NM129-H06-ROCE-Leaf-16.GPU.S9825,TwoHundredGigE1/0/16:2,0,0,0,0,0,0
2024/05/24 星期五 00:54:46.425,1716483286425,NH-DC-NM129-H06-ROCE-Leaf-16.GPU.S9825,TwoHundredGigE1/0/16:2,1728431,6848936240,1731966,6851292597,52.62,52.69
2024/05/24 星期五 00:54:47.279,1716483287279,NH-DC-NM129-H06-ROCE-Leaf-16.GPU.S9825,TwoHundredGigE1/0/16:2,2797977,11251756252,2804583,11250346698,52.69,52.69
2024/05/24 星期五 00:54:47.798,1716483287798,NH-DC-NM129-H06-ROCE-Leaf-16.GPU.S9825,TwoHundredGigE1/0/16:2,0,0,0,0,0,0
2024/05/24 星期五 00:54:48.299,1716483288299,NH-DC-NM129-H06-ROCE-Leaf-16.GPU.S9825,TwoHundredGigE1/0/16:2,1674537,6634865292,1678636,6640294513,52.93,53.01
2024/05/24 星期五 00:54:49.021,1716483289021,NH-DC-NM129-H06-ROCE-Leaf-16.GPU.S9825,TwoHundredGigE1/0/16:2,0,0,0,0,0,0
2024/05/24 星期五 00:54:49.526,1716483289526,NH-DC-NM129-H06-ROCE-Leaf-16.GPU.S9825,TwoHundredGigE1/0/16:2,2101568,8327775842,2104354,8323284196,65.90,65.90
2024/05/24 星期五 00:54:50.026,1716483290026,NH-DC-NM129-H06-ROCE-Leaf-16.GPU.S9825,TwoHundredGigE1/0/16:2,2170655,8616119212,2173402,8610380913,68.88,68.88
2024/05/24 星期五 00:54:50.823,1716483290823,NH-DC-NM129-H06-ROCE-Leaf-16.GPU.S9825,TwoHundredGigE1/0/16:2,0,0,0,0,0,0
2024/05/24 星期五 00:54:51.327,1716483291327,NH-DC-NM129-H06-ROCE-Leaf-16.GPU.S9825,TwoHundredGigE1/0/16:2,2679354,10767048714,2687921,10770256110,85.40,85.48
2024/05/24 星期五 00:54:51.923,1716483291923,NH-DC-NM129-H06-ROCE-Leaf-16.GPU.S9825,TwoHundredGigE1/0/16:2,0,0,0,0,0,0
2024/05/24 星期五 00:54:52.527,1716483292527,NH-DC-NM129-H06-ROCE-Leaf-16.GPU.S9825,TwoHundredGigE1/0/16:2,1905095,7549608560,1907719,7545915023,49.93,49.93
2024/05/24 星期五 00:54:53.030,1716483293030,NH-DC-NM129-H06-ROCE-Leaf-16.GPU.S9825,TwoHundredGigE1/0/16:2,1870739,7413013208,1875107,7417586566,58.93,58.93
2024/05/24 星期五 00:54:53.618,1716483293618,NH-DC-NM129-H06-ROCE-Leaf-16.GPU.S9825,TwoHundredGigE1/0/16:2,0,0,0,0,0,0
2024/05/24 星期五 00:54:54.346,1716483294346,NH-DC-NM129-H06-ROCE-Leaf-16.GPU.S9825,TwoHundredGigE1/0/16:2,3076055,12350118452,3084120,12352428789,67.86,67.86
2024/05/24 星期五 00:54:54.956,1716483294956,NH-DC-NM129-H06-ROCE-Leaf-16.GPU.S9825,TwoHundredGigE1/0/16:2,2000240,7924725702,2003338,7923630240,51.93,51.93
2024/05/24 星期五 00:54:57.506,1716483297506,NH-DC-NM129-H06-ROCE-Leaf-16.GPU.S9825,TwoHundredGigE1/0/16:2,3957727,15679502180,3966421,15688522839,24.58,24.60
2024/05/24 星期五 00:54:58.007,1716483298007,NH-DC-NM129-H06-ROCE-Leaf-16.GPU.S9825,TwoHundredGigE1/0/16:2,0,0,0,0,0,0
2024/05/24 星期五 00:54:58.506,1716483298506,NH-DC-NM129-H06-ROCE-Leaf-16.GPU.S9825,TwoHundredGigE1/0/16:2,2730272,10989487186,2735998,10982461745,88.02,88.02
2024/05/24 星期五 00:54:59.699,1716483299699,NH-DC-NM129-H06-ROCE-Leaf-16.GPU.S9825,TwoHundredGigE1/0/16:2,1807773,7161631574,1809300,7156860516,24.01,23.97
2024/05/24 星期五 00:55:00.198,1716483300198,NH-DC-NM129-H06-ROCE-Leaf-16.GPU.S9825,TwoHundredGigE1/0/16:2,2038237,8076491698,2042655,8079260882,64.69,64.69
2024/05/24 星期五 00:55:00.967,1716483300967,NH-DC-NM129-H06-ROCE-Leaf-16.GPU.S9825,TwoHundredGigE1/0/16:2,0,0,0,0,0,0
2024/05/24 星期五 00:55:01.466,1716483301466,NH-DC-NM129-H06-ROCE-Leaf-16.GPU.S9825,TwoHundredGigE1/0/16:2,2642078,10586026352,2647920,10586068934,84.81,84.81
2024/05/24 星期五 00:55:02.009,1716483302009,NH-DC-NM129-H06-ROCE-Leaf-16.GPU.S9825,TwoHundredGigE1/0/16:2,0,0,0,0,0,0
2024/05/24 星期五 00:55:02.536,1716483302536,NH-DC-NM129-H06-ROCE-Leaf-16.GPU.S9825,TwoHundredGigE1/0/16:2,2360905,9402734240,2366979,9406302151,71.35,71.35
2024/05/24 星期五 00:55:03.047,1716483303047,NH-DC-NM129-H06-ROCE-Leaf-16.GPU.S9825,TwoHundredGigE1/0/16:2,1904761,7542802524,1907197,7543683202,59.02,59.02
2024/05/24 星期五 00:55:03.652,1716483303652,NH-DC-NM129-H06-ROCE-Leaf-16.GPU.S9825,TwoHundredGigE1/0/16:2,0,0,0,0,0,0
2024/05/24 星期五 00:55:04.413,1716483304413,NH-DC-NM129-H06-ROCE-Leaf-16.GPU.S9825,TwoHundredGigE1/0/16:2,1875096,7430467268,1878561,7430545105,39.05,39.05
2024/05/24 星期五 00:55:04.918,1716483304918,NH-DC-NM129-H06-ROCE-Leaf-16.GPU.S9825,TwoHundredGigE1/0/16:2,0,0,0,0,0,0
2024/05/24 星期五 00:55:05.452,1716483305452,NH-DC-NM129-H06-ROCE-Leaf-16.GPU.S9825,TwoHundredGigE1/0/16:2,2569154,10346854610,2577227,10353822378,77.45,77.53
2024/05/24 星期五 00:55:06.088,1716483306088,NH-DC-NM129-H06-ROCE-Leaf-16.GPU.S9825,TwoHundredGigE1/0/16:2,2021326,8009577662,2023456,8003630669,50.31,50.31
2024/05/24 星期五 00:55:06.608,1716483306608,NH-DC-NM129-H06-ROCE-Leaf-16.GPU.S9825,TwoHundredGigE1/0/16:2,2227178,8824139540,2230942,8824872284,67.85,67.85
2024/05/24 星期五 00:55:07.847,1716483307847,NH-DC-NM129-H06-ROCE-Leaf-16.GPU.S9825,TwoHundredGigE1/0/16:2,0,0,0,0,0,0
2024/05/24 星期五 00:55:08.336,1716483308336,NH-DC-NM129-H06-ROCE-Leaf-16.GPU.S9825,TwoHundredGigE1/0/16:2,1531527,6067874780,1533853,6066750679,49.57,49.57
2024/05/24 星期五 00:55:08.879,1716483308879,NH-DC-NM129-H06-ROCE-Leaf-16.GPU.S9825,TwoHundredGigE1/0/16:2,0,0,0,0,0,0
2024/05/24 星期五 00:55:09.378,1716483309378,NH-DC-NM129-H06-ROCE-Leaf-16.GPU.S9825,TwoHundredGigE1/0/16:2,2963897,11905033652,2969333,11907244462,95.39,95.39
2024/05/24 星期五 00:55:09.972,1716483309972,NH-DC-NM129-H06-ROCE-Leaf-16.GPU.S9825,TwoHundredGigE1/0/16:2,0,0,0,0,0,0
2024/05/24 星期五 00:55:10.550,1716483310550,NH-DC-NM129-H06-ROCE-Leaf-16.GPU.S9825,TwoHundredGigE1/0/16:2,1816898,7200079824,1820816,7202577543,49.83,49.83
2024/05/24 星期五 00:55:11.324,1716483311324,NH-DC-NM129-H06-ROCE-Leaf-16.GPU.S9825,TwoHundredGigE1/0/16:2,2120627,8401992578,2123870,8400453558,43.41,43.41
2024/05/24 星期五 00:55:11.824,1716483311824,NH-DC-NM129-H06-ROCE-Leaf-16.GPU.S9825,TwoHundredGigE1/0/16:2,0,0,0,0,0,0
2024/05/24 星期五 00:55:12.440,1716483312440,NH-DC-NM129-H06-ROCE-Leaf-16.GPU.S9825,TwoHundredGigE1/0/16:2,2839908,11411633842,2846770,11411431257,74.09,74.09
2024/05/24 星期五 00:55:13.193,1716483313193,NH-DC-NM129-H06-ROCE-Leaf-16.GPU.S9825,TwoHundredGigE1/0/16:2,2008910,7964845500,2013353,7969185158,42.28,42.28
2024/05/24 星期五 00:55:13.716,1716483313716,NH-DC-NM129-H06-ROCE-Leaf-16.GPU.S9825,TwoHundredGigE1/0/16:2,0,0,0,0,0,0
2024/05/24 星期五 00:55:14.428,1716483314428,NH-DC-NM129-H06-ROCE-Leaf-16.GPU.S9825,TwoHundredGigE1/0/16:2,2221448,8802449546,2225883,8803932369,49.44,49.44
2024/05/24 星期五 00:55:15.109,1716483315109,NH-DC-NM129-H06-ROCE-Leaf-16.GPU.S9825,TwoHundredGigE1/0/16:2,1784413,7070543452,1788103,7072652002,41.53,41.53
2024/05/24 星期五 00:55:15.610,1716483315610,NH-DC-NM129-H06-ROCE-Leaf-16.GPU.S9825,TwoHundredGigE1/0/16:2,0,0,0,0,0,0
2024/05/24 星期五 00:55:16.139,1716483316139,NH-DC-NM129-H06-ROCE-Leaf-16.GPU.S9825,TwoHundredGigE1/0/16:2,3270467,13124259640,3277408,13119347631,99.21,99.13
2024/05/24 星期五 00:55:16.872,1716483316872,NH-DC-NM129-H06-ROCE-Leaf-16.GPU.S9825,TwoHundredGigE1/0/16:2,0,0,0,0,0,0
2024/05/24 星期五 00:55:17.372,1716483317372,NH-DC-NM129-H06-ROCE-Leaf-16.GPU.S9825,TwoHundredGigE1/0/16:2,1704539,6754771978,1707836,6755027086,54,54
2024/05/24 星期五 00:55:18.083,1716483318083,NH-DC-NM129-H06-ROCE-Leaf-16.GPU.S9825,TwoHundredGigE1/0/16:2,1968651,7801028842,1972528,7801494085,43.88,43.88
2024/05/24 星期五 00:55:18.737,1716483318737,NH-DC-NM129-H06-ROCE-Leaf-16.GPU.S9825,TwoHundredGigE1/0/16:2,0,0,0,0,0,0
2024/05/24 星期五 00:55:19.238,1716483319238,NH-DC-NM129-H06-ROCE-Leaf-16.GPU.S9825,TwoHundredGigE1/0/16:2,2381312,9515177642,2387011,9515688286,75.93,75.93
2024/05/24 星期五 00:55:20.593,1716483320593,NH-DC-NM129-H06-ROCE-Leaf-16.GPU.S9825,TwoHundredGigE1/0/16:2,4577781,18227304582,4585091,18217941371,53.79,53.76
2024/05/24 星期五 00:55:22.388,1716483322388,NH-DC-NM129-H06-ROCE-Leaf-16.GPU.S9825,TwoHundredGigE1/0/16:2,1859239,7366985876,1865439,7378081959,16.40,16.42
2024/05/24 星期五 00:55:23.067,1716483323067,NH-DC-NM129-H06-ROCE-Leaf-16.GPU.S9825,TwoHundredGigE1/0/16:2,2460823,9915999622,2467757,9916944722,58.38,58.38
2024/05/24 星期五 00:55:23.882,1716483323882,NH-DC-NM129-H06-ROCE-Leaf-16.GPU.S9825,TwoHundredGigE1/0/16:2,0,0,0,0,0,0
2024/05/24 星期五 00:55:24.621,1716483324621,NH-DC-NM129-H06-ROCE-Leaf-16.GPU.S9825,TwoHundredGigE1/0/16:2,2065581,8184692718,2069372,8184942165,44.28,44.28
2024/05/24 星期五 00:55:25.326,1716483325326,NH-DC-NM129-H06-ROCE-Leaf-16.GPU.S9825,TwoHundredGigE1/0/16:2,2323743,9207777766,2327932,9208513644,52.20,52.20
2024/05/24 星期五 00:55:25.999,1716483325999,NH-DC-NM129-H06-ROCE-Leaf-16.GPU.S9825,TwoHundredGigE1/0/16:2,0,0,0,0,0,0
2024/05/24 星期五 00:55:27.190,1716483327190,NH-DC-NM129-H06-ROCE-Leaf-16.GPU.S9825,TwoHundredGigE1/0/16:2,4882040,19507483056,4892751,19508462915,65.49,65.49
2024/05/24 星期五 00:55:27.706,1716483327706,NH-DC-NM129-H06-ROCE-Leaf-16.GPU.S9825,TwoHundredGigE1/0/16:2,0,0,0,0,0,0
2024/05/24 星期五 00:55:28.210,1716483328210,NH-DC-NM129-H06-ROCE-Leaf-16.GPU.S9825,TwoHundredGigE1/0/16:2,1549002,6138500616,1551832,6138756953,48.65,48.65
2024/05/24 星期五 00:55:28.764,1716483328764,NH-DC-NM129-H06-ROCE-Leaf-16.GPU.S9825,TwoHundredGigE1/0/16:2,0,0,0,0,0,0
2024/05/24 星期五 00:55:29.265,1716483329265,NH-DC-NM129-H06-ROCE-Leaf-16.GPU.S9825,TwoHundredGigE1/0/16:2,2130069,8440467146,2133926,8440999768,67.39,67.39
2024/05/24 星期五 00:55:30.004,1716483330004,NH-DC-NM129-H06-ROCE-Leaf-16.GPU.S9825,TwoHundredGigE1/0/16:2,2376535,9530783962,2376994,9509744720,51.58,51.42
2024/05/24 星期五 00:55:30.763,1716483330763,NH-DC-NM129-H06-ROCE-Leaf-16.GPU.S9825,TwoHundredGigE1/0/16:2,0,0,0,0,0,0
2024/05/24 星期五 00:55:31.265,1716483331265,NH-DC-NM129-H06-ROCE-Leaf-16.GPU.S9825,TwoHundredGigE1/0/16:2,2375402,9466560752,2386133,9487349896,75.38,75.54
2024/05/24 星期五 00:55:31.861,1716483331861,NH-DC-NM129-H06-ROCE-Leaf-16.GPU.S9825,TwoHundredGigE1/0/16:2,0,0,0,0,0,0
2024/05/24 星期五 00:55:32.504,1716483332504,NH-DC-NM129-H06-ROCE-Leaf-16.GPU.S9825,TwoHundredGigE1/0/16:2,2194665,8696235762,2198542,8696978309,54.06,54.06
2024/05/24 星期五 00:55:33.043,1716483333043,NH-DC-NM129-H06-ROCE-Leaf-16.GPU.S9825,TwoHundredGigE1/0/16:2,1613839,6394297918,1616539,6394476142,47.42,47.42
2024/05/24 星期五 00:55:33.553,1716483333553,NH-DC-NM129-H06-ROCE-Leaf-16.GPU.S9825,TwoHundredGigE1/0/16:2,0,0,0,0,0,0
2024/05/24 星期五 00:55:34.138,1716483334138,NH-DC-NM129-H06-ROCE-Leaf-16.GPU.S9825,TwoHundredGigE1/0/16:2,2869486,11535744684,2876531,11535983611,78.84,78.84
2024/05/24 星期五 00:55:34.695,1716483334695,NH-DC-NM129-H06-ROCE-Leaf-16.GPU.S9825,TwoHundredGigE1/0/16:2,0,0,0,0,0,0
2024/05/24 星期五 00:55:35.195,1716483335195,NH-DC-NM129-H06-ROCE-Leaf-16.GPU.S9825,TwoHundredGigE1/0/16:2,1947303,7716217546,1951153,7716881002,61.68,61.68
2024/05/24 星期五 00:55:35.912,1716483335912,NH-DC-NM129-H06-ROCE-Leaf-16.GPU.S9825,TwoHundredGigE1/0/16:2,0,0,0,0,0,0
2024/05/24 星期五 00:55:36.508,1716483336508,NH-DC-NM129-H06-ROCE-Leaf-16.GPU.S9825,TwoHundredGigE1/0/16:2,2130066,8440460424,2133915,8441062407,56.64,56.64
2024/05/24 星期五 00:55:37.053,1716483337053,NH-DC-NM129-H06-ROCE-Leaf-16.GPU.S9825,TwoHundredGigE1/0/16:2,2425785,9673618600,2430243,9671976638,70.97,70.97
2024/05/24 星期五 00:55:37.687,1716483337687,NH-DC-NM129-H06-ROCE-Leaf-16.GPU.S9825,TwoHundredGigE1/0/16:2,0,0,0,0,0,0
2024/05/24 星期五 00:55:38.277,1716483338277,NH-DC-NM129-H06-ROCE-Leaf-16.GPU.S9825,TwoHundredGigE1/0/16:2,2455703,9833821360,2462023,9836662859,66.64,66.64
2024/05/24 星期五 00:55:38.810,1716483338810,NH-DC-NM129-H06-ROCE-Leaf-16.GPU.S9825,TwoHundredGigE1/0/16:2,0,0,0,0,0,0
2024/05/24 星期五 00:55:39.377,1716483339377,NH-DC-NM129-H06-ROCE-Leaf-16.GPU.S9825,TwoHundredGigE1/0/16:2,2071496,8209164726,2075373,8209840582,57.85,57.85
2024/05/24 星期五 00:55:39.980,1716483339980,NH-DC-NM129-H06-ROCE-Leaf-16.GPU.S9825,TwoHundredGigE1/0/16:2,0,0,0,0,0,0
2024/05/24 星期五 00:55:40.482,1716483340482,NH-DC-NM129-H06-ROCE-Leaf-16.GPU.S9825,TwoHundredGigE1/0/16:2,1952414,7736108048,1959022,7749800693,61.59,61.67
2024/05/24 星期五 00:55:41.093,1716483341093,NH-DC-NM129-H06-ROCE-Leaf-16.GPU.S9825,TwoHundredGigE1/0/16:2,2664373,10723735084,2668595,10711032994,70.18,70.11
2024/05/24 星期五 00:55:41.687,1716483341687,NH-DC-NM129-H06-ROCE-Leaf-16.GPU.S9825,TwoHundredGigE1/0/16:2,0,0,0,0,0,0
2024/05/24 星期五 00:55:42.189,1716483342189,NH-DC-NM129-H06-ROCE-Leaf-16.GPU.S9825,TwoHundredGigE1/0/16:2,2065519,8185216418,2069462,8184949053,65.18,65.18
2024/05/24 星期五 00:55:42.907,1716483342907,NH-DC-NM129-H06-ROCE-Leaf-16.GPU.S9825,TwoHundredGigE1/0/16:2,0,0,0,0,0,0
2024/05/24 星期五 00:55:43.702,1716483343702,NH-DC-NM129-H06-ROCE-Leaf-16.GPU.S9825,TwoHundredGigE1/0/16:2,2194583,8696229674,2198625,8697032910,43.72,43.72
2024/05/24 星期五 00:55:44.295,1716483344295,NH-DC-NM129-H06-ROCE-Leaf-16.GPU.S9825,TwoHundredGigE1/0/16:2,1629312,6456167326,1633627,6462246287,43.51,43.58
2024/05/24 星期五 00:55:44.868,1716483344868,NH-DC-NM129-H06-ROCE-Leaf-16.GPU.S9825,TwoHundredGigE1/0/16:2,0,0,0,0,0,0
2024/05/24 星期五 00:55:46.224,1716483346224,NH-DC-NM129-H06-ROCE-Leaf-16.GPU.S9825,TwoHundredGigE1/0/16:2,5188552,20724415986,5198644,20719848037,61.12,61.09
2024/05/24 星期五 00:55:46.828,1716483346828,NH-DC-NM129-H06-ROCE-Leaf-16.GPU.S9825,TwoHundredGigE1/0/16:2,0,0,0,0,0,0
2024/05/24 星期五 00:55:47.331,1716483347331,NH-DC-NM129-H06-ROCE-Leaf-16.GPU.S9825,TwoHundredGigE1/0/16:2,2000912,7928913000,2004667,7929160206,62.98,62.98
2024/05/24 星期五 00:55:47.980,1716483347980,NH-DC-NM129-H06-ROCE-Leaf-16.GPU.S9825,TwoHundredGigE1/0/16:2,0,0,0,0,0,0
2024/05/24 星期五 00:55:48.493,1716483348493,NH-DC-NM129-H06-ROCE-Leaf-16.GPU.S9825,TwoHundredGigE1/0/16:2,2883997,11592113460,2889531,11585937075,90.37,90.29
2024/05/24 星期五 00:55:49.731,1716483349731,NH-DC-NM129-H06-ROCE-Leaf-16.GPU.S9825,TwoHundredGigE1/0/16:2,2030163,8043692436,2035410,8050579708,25.98,26.01
2024/05/24 星期五 00:55:50.233,1716483350233,NH-DC-NM129-H06-ROCE-Leaf-16.GPU.S9825,TwoHundredGigE1/0/16:2,2226859,8824116490,2231401,8824834199,70.28,70.28
2024/05/24 星期五 00:55:50.736,1716483350736,NH-DC-NM129-H06-ROCE-Leaf-16.GPU.S9825,TwoHundredGigE1/0/16:2,0,0,0,0,0,0
2024/05/24 星期五 00:55:51.241,1716483351241,NH-DC-NM129-H06-ROCE-Leaf-16.GPU.S9825,TwoHundredGigE1/0/16:2,1727965,6845290930,1732590,6851444478,54.18,54.26
2024/05/24 星期五 00:55:51.836,1716483351836,NH-DC-NM129-H06-ROCE-Leaf-16.GPU.S9825,TwoHundredGigE1/0/16:2,0,0,0,0,0,0
2024/05/24 星期五 00:55:52.483,1716483352483,NH-DC-NM129-H06-ROCE-Leaf-16.GPU.S9825,TwoHundredGigE1/0/16:2,3152723,12662096614,3160262,12657093255,78.27,78.21
2024/05/24 星期五 00:55:53.065,1716483353065,NH-DC-NM129-H06-ROCE-Leaf-16.GPU.S9825,TwoHundredGigE1/0/16:2,1517735,6013653266,1520014,6012540692,41.31,41.31
2024/05/24 星期五 00:55:53.594,1716483353594,NH-DC-NM129-H06-ROCE-Leaf-16.GPU.S9825,TwoHundredGigE1/0/16:2,0,0,0,0,0,0
2024/05/24 星期五 00:55:54.094,1716483354094,NH-DC-NM129-H06-ROCE-Leaf-16.GPU.S9825,TwoHundredGigE1/0/16:2,2160562,8559972792,2163453,8555315805,68.4,68.4
2024/05/24 星期五 00:55:54.814,1716483354814,NH-DC-NM129-H06-ROCE-Leaf-16.GPU.S9825,TwoHundredGigE1/0/16:2,2754290,11077931184,2761879,11079946008,61.5,61.5
2024/05/24 星期五 00:55:55.765,1716483355765,NH-DC-NM129-H06-ROCE-Leaf-16.GPU.S9825,TwoHundredGigE1/0/16:2,2130089,8440461542,2134204,8440736869,35.50,35.50
2024/05/24 星期五 00:55:56.633,1716483356633,NH-DC-NM129-H06-ROCE-Leaf-16.GPU.S9825,TwoHundredGigE1/0/16:2,0,0,0,0,0,0
2024/05/24 星期五 00:55:57.259,1716483357259,NH-DC-NM129-H06-ROCE-Leaf-16.GPU.S9825,TwoHundredGigE1/0/16:2,2259314,8952008616,2262796,8950630552,57.19,57.19
2024/05/24 星期五 00:55:57.890,1716483357890,NH-DC-NM129-H06-ROCE-Leaf-16.GPU.S9825,TwoHundredGigE1/0/16:2,0,0,0,0,0,0
2024/05/24 星期五 00:55:58.525,1716483358525,NH-DC-NM129-H06-ROCE-Leaf-16.GPU.S9825,TwoHundredGigE1/0/16:2,1530389,6064301174,1534400,6067748215,38.17,38.17
2024/05/24 星期五 00:55:59.217,1716483359217,NH-DC-NM129-H06-ROCE-Leaf-16.GPU.S9825,TwoHundredGigE1/0/16:2,2732521,10991614578,2739109,10988062880,63.53,63.47
2024/05/24 星期五 00:55:59.791,1716483359791,NH-DC-NM129-H06-ROCE-Leaf-16.GPU.S9825,TwoHundredGigE1/0/16:2,0,0,0,0,0,0
2024/05/24 星期五 00:56:00.377,1716483360377,NH-DC-NM129-H06-ROCE-Leaf-16.GPU.S9825,TwoHundredGigE1/0/16:2,1958779,7761235480,1963139,7764465322,52.97,52.97
2024/05/24 星期五 00:56:00.882,1716483360882,NH-DC-NM129-H06-ROCE-Leaf-16.GPU.S9825,TwoHundredGigE1/0/16:2,0,0,0,0,0,0
2024/05/24 星期五 00:56:01.474,1716483361474,NH-DC-NM129-H06-ROCE-Leaf-16.GPU.S9825,TwoHundredGigE1/0/16:2,2143211,8492861472,2146214,8489457358,57.36,57.30
2024/05/24 星期五 00:56:02.034,1716483362034,NH-DC-NM129-H06-ROCE-Leaf-16.GPU.S9825,TwoHundredGigE1/0/16:2,0,0,0,0,0,0
2024/05/24 星期五 00:56:02.654,1716483362654,NH-DC-NM129-H06-ROCE-Leaf-16.GPU.S9825,TwoHundredGigE1/0/16:2,1897204,7501352560,1901003,7505863845,48.39,48.39
2024/05/24 星期五 00:56:03.298,1716483363298,NH-DC-NM129-H06-ROCE-Leaf-16.GPU.S9825,TwoHundredGigE1/0/16:2,2857487,11503654602,2865375,11504592422,71.43,71.43
2024/05/24 星期五 00:56:03.875,1716483363875,NH-DC-NM129-H06-ROCE-Leaf-16.GPU.S9825,TwoHundredGigE1/0/16:2,0,0,0,0,0,0
2024/05/24 星期五 00:56:04.378,1716483364378,NH-DC-NM129-H06-ROCE-Leaf-16.GPU.S9825,TwoHundredGigE1/0/16:2,1743688,6905900212,1746769,6906381495,54.87,54.87
2024/05/24 星期五 00:56:05.070,1716483365070,NH-DC-NM129-H06-ROCE-Leaf-16.GPU.S9825,TwoHundredGigE1/0/16:2,2065541,8184689802,2069296,8184937464,47.28,47.28
2024/05/24 星期五 00:56:06.346,1716483366346,NH-DC-NM129-H06-ROCE-Leaf-16.GPU.S9825,TwoHundredGigE1/0/16:2,2665269,10726912306,2670424,10720834385,33.61,33.61
2024/05/24 星期五 00:56:07.319,1716483367319,NH-DC-NM129-H06-ROCE-Leaf-16.GPU.S9825,TwoHundredGigE1/0/16:2,2086818,8268969108,2092412,8276379032,33.96,34.00
2024/05/24 星期五 00:56:07.947,1716483367947,NH-DC-NM129-H06-ROCE-Leaf-16.GPU.S9825,TwoHundredGigE1/0/16:2,0,0,0,0,0,0
2024/05/24 星期五 00:56:08.472,1716483368472,NH-DC-NM129-H06-ROCE-Leaf-16.GPU.S9825,TwoHundredGigE1/0/16:2,2065869,8185972714,2069457,8185366927,62.32,62.32
2024/05/24 星期五 00:56:09.236,1716483369236,NH-DC-NM129-H06-ROCE-Leaf-16.GPU.S9825,TwoHundredGigE1/0/16:2,1742726,6905827492,1746332,6906067980,36.13,36.13
2024/05/24 星期五 00:56:09.805,1716483369805,NH-DC-NM129-H06-ROCE-Leaf-16.GPU.S9825,TwoHundredGigE1/0/16:2,0,0,0,0,0,0
2024/05/24 星期五 00:56:10.376,1716483370376,NH-DC-NM129-H06-ROCE-Leaf-16.GPU.S9825,TwoHundredGigE1/0/16:2,3429292,13752589020,3437463,13753475331,96.32,96.32
2024/05/24 星期五 00:56:10.960,1716483370960,NH-DC-NM129-H06-ROCE-Leaf-16.GPU.S9825,TwoHundredGigE1/0/16:2,0,0,0,0,0,0
2024/05/24 星期五 00:56:11.607,1716483371607,NH-DC-NM129-H06-ROCE-Leaf-16.GPU.S9825,TwoHundredGigE1/0/16:2,1710343,6777927618,1713490,6778135036,41.85,41.85
2024/05/24 星期五 00:56:16.018,1716483376018,NH-DC-NM129-H06-ROCE-Leaf-16.GPU.S9825,TwoHundredGigE1/0/16:2,8528928,33958579668,8547027,33961024028,30.79,30.80
2024/05/24 星期五 00:56:16.517,1716483376517,NH-DC-NM129-H06-ROCE-Leaf-16.GPU.S9825,TwoHundredGigE1/0/16:2,1968637,7801026918,1972452,7801280217,62.53,62.53
2024/05/24 星期五 00:56:17.303,1716483377303,NH-DC-NM129-H06-ROCE-Leaf-16.GPU.S9825,TwoHundredGigE1/0/16:2,2718442,10939048072,2725087,10939937002,55.62,55.62
2024/05/24 星期五 00:56:17.806,1716483377806,NH-DC-NM129-H06-ROCE-Leaf-16.GPU.S9825,TwoHundredGigE1/0/16:2,0,0,0,0,0,0
2024/05/24 星期五 00:56:18.506,1716483378506,NH-DC-NM129-H06-ROCE-Leaf-16.GPU.S9825,TwoHundredGigE1/0/16:2,1812649,7179940178,1814992,7179015727,40.97,40.97
2024/05/24 星期五 00:56:19.127,1716483379127,NH-DC-NM129-H06-ROCE-Leaf-16.GPU.S9825,TwoHundredGigE1/0/16:2,2319102,9189493020,2323530,9191204834,59.13,59.19
2024/05/24 星期五 00:56:19.782,1716483379782,NH-DC-NM129-H06-ROCE-Leaf-16.GPU.S9825,TwoHundredGigE1/0/16:2,0,0,0,0,0,0
2024/05/24 星期五 00:56:20.339,1716483380339,NH-DC-NM129-H06-ROCE-Leaf-16.GPU.S9825,TwoHundredGigE1/0/16:2,1710995,6779905074,1716412,6789918441,48.62,48.69
2024/05/24 星期五 00:56:21.531,1716483381531,NH-DC-NM129-H06-ROCE-Leaf-16.GPU.S9825,TwoHundredGigE1/0/16:2,5011212,20017109816,5019913,20008921777,67.15,67.11
2024/05/24 星期五 00:56:23.003,1716483383003,NH-DC-NM129-H06-ROCE-Leaf-16.GPU.S9825,TwoHundredGigE1/0/16:2,1840397,7289550186,1843139,7289723778,19.78,19.78
2024/05/24 星期五 00:56:23.746,1716483383746,NH-DC-NM129-H06-ROCE-Leaf-16.GPU.S9825,TwoHundredGigE1/0/16:2,0,0,0,0,0,0
2024/05/24 星期五 00:56:24.374,1716483384374,NH-DC-NM129-H06-ROCE-Leaf-16.GPU.S9825,TwoHundredGigE1/0/16:2,2977340,11962180872,2984563,11963075003,76.18,76.18
2024/05/24 星期五 00:56:25.091,1716483385091,NH-DC-NM129-H06-ROCE-Leaf-16.GPU.S9825,TwoHundredGigE1/0/16:2,2129965,8440452954,2133897,8440712106,47.09,47.09
2024/05/24 星期五 00:56:25.702,1716483385702,NH-DC-NM129-H06-ROCE-Leaf-16.GPU.S9825,TwoHundredGigE1/0/16:2,0,0,0,0,0,0
2024/05/24 星期五 00:56:26.207,1716483386207,NH-DC-NM129-H06-ROCE-Leaf-16.GPU.S9825,TwoHundredGigE1/0/16:2,2259234,8952008472,2263384,8952771213,70.89,70.89
2024/05/24 星期五 00:56:26.878,1716483386878,NH-DC-NM129-H06-ROCE-Leaf-16.GPU.S9825,TwoHundredGigE1/0/16:2,0,0,0,0,0,0
2024/05/24 星期五 00:56:27.444,1716483387444,NH-DC-NM129-H06-ROCE-Leaf-16.GPU.S9825,TwoHundredGigE1/0/16:2,1614754,6394371436,1617262,6394528588,45.16,45.16
2024/05/24 星期五 00:56:27.948,1716483387948,NH-DC-NM129-H06-ROCE-Leaf-16.GPU.S9825,TwoHundredGigE1/0/16:2,2769925,11143573748,2776416,11141990587,88.41,88.41
2024/05/24 星期五 00:56:28.644,1716483388644,NH-DC-NM129-H06-ROCE-Leaf-16.GPU.S9825,TwoHundredGigE1/0/16:2,0,0,0,0,0,0
2024/05/24 星期五 00:56:29.257,1716483389257,NH-DC-NM129-H06-ROCE-Leaf-16.GPU.S9825,TwoHundredGigE1/0/16:2,1917240,7596767474,1921173,7599126960,49.53,49.53
2024/05/24 星期五 00:56:30.164,1716483390164,NH-DC-NM129-H06-ROCE-Leaf-16.GPU.S9825,TwoHundredGigE1/0/16:2,2130152,8440468472,2133912,8441095480,37.22,37.22
2024/05/24 星期五 00:56:30.894,1716483390894,NH-DC-NM129-H06-ROCE-Leaf-16.GPU.S9825,TwoHundredGigE1/0/16:2,0,0,0,0,0,0
2024/05/24 星期五 00:56:31.395,1716483391395,NH-DC-NM129-H06-ROCE-Leaf-16.GPU.S9825,TwoHundredGigE1/0/16:2,2426018,9693465806,2431648,9693517550,77.37,77.37
2024/05/24 星期五 00:56:32.070,1716483392070,NH-DC-NM129-H06-ROCE-Leaf-16.GPU.S9825,TwoHundredGigE1/0/16:2,2521410,10069853666,2526040,10070847103,59.61,59.67
2024/05/24 星期五 00:56:32.718,1716483392718,NH-DC-NM129-H06-ROCE-Leaf-16.GPU.S9825,TwoHundredGigE1/0/16:2,0,0,0,0,0,0
2024/05/24 星期五 00:56:33.402,1716483393402,NH-DC-NM129-H06-ROCE-Leaf-16.GPU.S9825,TwoHundredGigE1/0/16:2,1775092,7033721404,1778313,7034280730,41.11,41.11
2024/05/24 星期五 00:56:35.446,1716483395446,NH-DC-NM129-H06-ROCE-Leaf-16.GPU.S9825,TwoHundredGigE1/0/16:2,4591062,18356472880,4601648,18357486033,35.91,35.91
2024/05/24 星期五 00:56:36.078,1716483396078,NH-DC-NM129-H06-ROCE-Leaf-16.GPU.S9825,TwoHundredGigE1/0/16:2,2130136,8440464544,2133897,8440687631,53.42,53.42
2024/05/24 星期五 00:56:36.769,1716483396769,NH-DC-NM129-H06-ROCE-Leaf-16.GPU.S9825,TwoHundredGigE1/0/16:2,0,0,0,0,0,0
2024/05/24 星期五 00:56:37.398,1716483397398,NH-DC-NM129-H06-ROCE-Leaf-16.GPU.S9825,TwoHundredGigE1/0/16:2,2228023,8824205906,2230971,8824807098,56.09,56.09
2024/05/24 星期五 00:56:37.911,1716483397911,NH-DC-NM129-H06-ROCE-Leaf-16.GPU.S9825,TwoHundredGigE1/0/16:2,0,0,0,0,0,0
2024/05/24 星期五 00:56:38.413,1716483398413,NH-DC-NM129-H06-ROCE-Leaf-16.GPU.S9825,TwoHundredGigE1/0/16:2,1516831,6010629322,1519699,6010818231,47.89,47.89
2024/05/24 星期五 00:56:39.084,1716483399084,NH-DC-NM129-H06-ROCE-Leaf-16.GPU.S9825,TwoHundredGigE1/0/16:2,2852030,11465603488,2860014,11467611186,68.32,68.32
2024/05/24 星期五 00:56:39.753,1716483399753,NH-DC-NM129-H06-ROCE-Leaf-16.GPU.S9825,TwoHundredGigE1/0/16:2,0,0,0,0,0,0
2024/05/24 星期五 00:56:40.472,1716483400472,NH-DC-NM129-H06-ROCE-Leaf-16.GPU.S9825,TwoHundredGigE1/0/16:2,1835785,7274518974,1838795,7273630833,40.45,40.45
2024/05/24 星期五 00:56:41.088,1716483401088,NH-DC-NM129-H06-ROCE-Leaf-16.GPU.S9825,TwoHundredGigE1/0/16:2,0,0,0,0,0,0
2024/05/24 星期五 00:56:41.590,1716483401590,NH-DC-NM129-H06-ROCE-Leaf-16.GPU.S9825,TwoHundredGigE1/0/16:2,2130096,8440462660,2134207,8441291674,67.25,67.25
2024/05/24 星期五 00:56:42.115,1716483402115,NH-DC-NM129-H06-ROCE-Leaf-16.GPU.S9825,TwoHundredGigE1/0/16:2,1694889,6700546642,1695784,6695648241,51.05,50.97
2024/05/24 星期五 00:56:42.814,1716483402814,NH-DC-NM129-H06-ROCE-Leaf-16.GPU.S9825,TwoHundredGigE1/0/16:2,0,0,0,0,0,0
2024/05/24 星期五 00:56:43.555,1716483403555,NH-DC-NM129-H06-ROCE-Leaf-16.GPU.S9825,TwoHundredGigE1/0/16:2,2864074,11528061172,2872797,11533792282,62.19,62.24
2024/05/24 星期五 00:56:44.211,1716483404211,NH-DC-NM129-H06-ROCE-Leaf-16.GPU.S9825,TwoHundredGigE1/0/16:2,1678091,6650050242,1681302,6650610501,40.55,40.55
2024/05/24 星期五 00:56:44.739,1716483404739,NH-DC-NM129-H06-ROCE-Leaf-16.GPU.S9825,TwoHundredGigE1/0/16:2,0,0,0,0,0,0
2024/05/24 星期五 00:56:45.241,1716483405241,NH-DC-NM129-H06-ROCE-Leaf-16.GPU.S9825,TwoHundredGigE1/0/16:2,2000964,7928917004,2004698,7929923816,63.11,63.11
2024/05/24 星期五 00:56:45.844,1716483405844,NH-DC-NM129-H06-ROCE-Leaf-16.GPU.S9825,TwoHundredGigE1/0/16:2,0,0,0,0,0,0
2024/05/24 星期五 00:56:46.545,1716483406545,NH-DC-NM129-H06-ROCE-Leaf-16.GPU.S9825,TwoHundredGigE1/0/16:2,2382978,9557073692,2381546,9530997045,54.49,54.38
2024/05/24 星期五 00:56:47.269,1716483407269,NH-DC-NM129-H06-ROCE-Leaf-16.GPU.S9825,TwoHundredGigE1/0/16:2,2370283,9440596702,2379932,9465517316,52.15,52.27
2024/05/24 星期五 00:56:47.866,1716483407866,NH-DC-NM129-H06-ROCE-Leaf-16.GPU.S9825,TwoHundredGigE1/0/16:2,0,0,0,0,0,0
2024/05/24 星期五 00:56:48.366,1716483408366,NH-DC-NM129-H06-ROCE-Leaf-16.GPU.S9825,TwoHundredGigE1/0/16:2,1936966,7673187368,1939868,7673791441,61.36,61.36
2024/05/24 星期五 00:56:48.870,1716483408870,NH-DC-NM129-H06-ROCE-Leaf-16.GPU.S9825,TwoHundredGigE1/0/16:2,0,0,0,0,0,0
2024/05/24 星期五 00:56:49.390,1716483409390,NH-DC-NM129-H06-ROCE-Leaf-16.GPU.S9825,TwoHundredGigE1/0/16:2,1871962,7417380804,1875261,7417597054,57,57
2024/05/24 星期五 00:56:50.120,1716483410120,NH-DC-NM129-H06-ROCE-Leaf-16.GPU.S9825,TwoHundredGigE1/0/16:2,3364628,13496810228,3372949,13497636943,73.92,73.92
2024/05/24 星期五 00:56:50.825,1716483410825,NH-DC-NM129-H06-ROCE-Leaf-16.GPU.S9825,TwoHundredGigE1/0/16:2,0,0,0,0,0,0
2024/05/24 星期五 00:56:52.050,1716483412050,NH-DC-NM129-H06-ROCE-Leaf-16.GPU.S9825,TwoHundredGigE1/0/16:2,1790811,7096650754,1794639,7098800228,23.15,23.15
2024/05/24 星期五 00:56:52.651,1716483412651,NH-DC-NM129-H06-ROCE-Leaf-16.GPU.S9825,TwoHundredGigE1/0/16:2,2082238,8251708312,2085544,8248463591,54.91,54.84
2024/05/24 星期五 00:56:53.319,1716483413319,NH-DC-NM129-H06-ROCE-Leaf-16.GPU.S9825,TwoHundredGigE1/0/16:2,2025471,8070908228,2029847,8071272318,48.32,48.32
2024/05/24 星期五 00:56:54.035,1716483414035,NH-DC-NM129-H06-ROCE-Leaf-16.GPU.S9825,TwoHundredGigE1/0/16:2,2500395,10029751936,2506873,10030589575,55.98,56.03
2024/05/24 星期五 00:56:54.620,1716483414620,NH-DC-NM129-H06-ROCE-Leaf-16.GPU.S9825,TwoHundredGigE1/0/16:2,0,0,0,0,0,0
2024/05/24 星期五 00:56:55.328,1716483415328,NH-DC-NM129-H06-ROCE-Leaf-16.GPU.S9825,TwoHundredGigE1/0/16:2,2020277,8006208670,2024238,8007492632,45.20,45.20
2024/05/24 星期五 00:56:56.002,1716483416002,NH-DC-NM129-H06-ROCE-Leaf-16.GPU.S9825,TwoHundredGigE1/0/16:2,0,0,0,0,0,0
2024/05/24 星期五 00:56:56.582,1716483416582,NH-DC-NM129-H06-ROCE-Leaf-16.GPU.S9825,TwoHundredGigE1/0/16:2,1916805,7595833694,1920445,7595679239,52.34,52.34
2024/05/24 星期五 00:56:57.411,1716483417411,NH-DC-NM129-H06-ROCE-Leaf-16.GPU.S9825,TwoHundredGigE1/0/16:2,1838700,7374396296,1843464,7374712532,35.56,35.56
2024/05/24 星期五 00:56:57.999,1716483417999,NH-DC-NM129-H06-ROCE-Leaf-16.GPU.S9825,TwoHundredGigE1/0/16:2,0,0,0,0,0,0
2024/05/24 星期五 00:56:58.503,1716483418503,NH-DC-NM129-H06-ROCE-Leaf-16.GPU.S9825,TwoHundredGigE1/0/16:2,0,0,1,123,0,0
2024/05/24 星期五 00:56:59.004,1716483419004,NH-DC-NM129-H06-ROCE-Leaf-16.GPU.S9825,TwoHundredGigE1/0/16:2,1429370,5740686564,1433934,5739428948,45.83,45.75
2024/05/24 星期五 00:56:59.589,1716483419589,NH-DC-NM129-H06-ROCE-Leaf-16.GPU.S9825,TwoHundredGigE1/0/16:2,0,0,0,0,0,0
2024/05/24 星期五 00:57:00.190,1716483420190,NH-DC-NM129-H06-ROCE-Leaf-16.GPU.S9825,TwoHundredGigE1/0/16:2,1871782,7417367340,1875238,7417595584,49.32,49.32
2024/05/24 星期五 00:57:01.060,1716483421060,NH-DC-NM129-H06-ROCE-Leaf-16.GPU.S9825,TwoHundredGigE1/0/16:2,2130082,8440461548,2133975,8441065978,38.80,38.80
2024/05/24 星期五 00:57:01.663,1716483421663,NH-DC-NM129-H06-ROCE-Leaf-16.GPU.S9825,TwoHundredGigE1/0/16:2,0,0,0,0,0,0
2024/05/24 星期五 00:57:02.164,1716483422164,NH-DC-NM129-H06-ROCE-Leaf-16.GPU.S9825,TwoHundredGigE1/0/16:2,2424076,9676487652,2429710,9677672865,77.21,77.21
2024/05/24 星期五 00:57:02.735,1716483422735,NH-DC-NM129-H06-ROCE-Leaf-16.GPU.S9825,TwoHundredGigE1/0/16:2,0,0,0,0,0,0
2024/05/24 星期五 00:57:03.306,1716483423306,NH-DC-NM129-H06-ROCE-Leaf-16.GPU.S9825,TwoHundredGigE1/0/16:2,2263770,9063637832,2268905,9063510934,63.47,63.47
2024/05/24 星期五 00:57:03.930,1716483423930,NH-DC-NM129-H06-ROCE-Leaf-16.GPU.S9825,TwoHundredGigE1/0/16:2,2065604,8184696028,2069224,8185351681,52.44,52.44
2024/05/24 星期五 00:57:04.623,1716483424623,NH-DC-NM129-H06-ROCE-Leaf-16.GPU.S9825,TwoHundredGigE1/0/16:2,0,0,0,0,0,0
2024/05/24 星期五 00:57:05.182,1716483425182,NH-DC-NM129-H06-ROCE-Leaf-16.GPU.S9825,TwoHundredGigE1/0/16:2,1968707,7801031550,1972200,7801261680,55.81,55.81
2024/05/24 星期五 00:57:05.686,1716483425686,NH-DC-NM129-H06-ROCE-Leaf-16.GPU.S9825,TwoHundredGigE1/0/16:2,0,0,0,0,0,0
2024/05/24 星期五 00:57:06.186,1716483426186,NH-DC-NM129-H06-ROCE-Leaf-16.GPU.S9825,TwoHundredGigE1/0/16:2,2734789,11003240344,2741090,11001584265,88,88
2024/05/24 星期五 00:57:06.808,1716483426808,NH-DC-NM129-H06-ROCE-Leaf-16.GPU.S9825,TwoHundredGigE1/0/16:2,2025122,8024502774,2028953,8025920348,51.58,51.58
2024/05/24 星期五 00:57:07.944,1716483427944,NH-DC-NM129-H06-ROCE-Leaf-16.GPU.S9825,TwoHundredGigE1/0/16:2,0,0,0,0,0,0
2024/05/24 星期五 00:57:08.504,1716483428504,NH-DC-NM129-H06-ROCE-Leaf-16.GPU.S9825,TwoHundredGigE1/0/16:2,2154498,8536482060,2158436,8538341067,60.93,60.93
2024/05/24 星期五 00:57:09.008,1716483429008,NH-DC-NM129-H06-ROCE-Leaf-16.GPU.S9825,TwoHundredGigE1/0/16:2,0,0,0,0,0,0
2024/05/24 星期五 00:57:09.534,1716483429534,NH-DC-NM129-H06-ROCE-Leaf-16.GPU.S9825,TwoHundredGigE1/0/16:2,1678658,6652015228,1684168,6662034600,50.57,50.65
2024/05/24 星期五 00:57:10.048,1716483430048,NH-DC-NM129-H06-ROCE-Leaf-16.GPU.S9825,TwoHundredGigE1/0/16:2,0,0,0,0,0,0
2024/05/24 星期五 00:57:11.622,1716483431622,NH-DC-NM129-H06-ROCE-Leaf-16.GPU.S9825,TwoHundredGigE1/0/16:2,5235962,20912220808,5245421,20903954255,53.14,53.11
2024/05/24 星期五 00:57:12.184,1716483432184,NH-DC-NM129-H06-ROCE-Leaf-16.GPU.S9825,TwoHundredGigE1/0/16:2,2033186,8056798500,2036871,8057041455,57.30,57.30
2024/05/24 星期五 00:57:12.756,1716483432756,NH-DC-NM129-H06-ROCE-Leaf-16.GPU.S9825,TwoHundredGigE1/0/16:2,0,0,0,0,0,0
2024/05/24 星期五 00:57:13.379,1716483433379,NH-DC-NM129-H06-ROCE-Leaf-16.GPU.S9825,TwoHundredGigE1/0/16:2,2433571,9802368036,2441081,9800657384,62.92,62.92
2024/05/24 星期五 00:57:13.882,1716483433882,NH-DC-NM129-H06-ROCE-Leaf-16.GPU.S9825,TwoHundredGigE1/0/16:2,0,0,0,0,0,0
2024/05/24 星期五 00:57:14.381,1716483434381,NH-DC-NM129-H06-ROCE-Leaf-16.GPU.S9825,TwoHundredGigE1/0/16:2,2189004,8681938302,2193745,8684944585,69.58,69.58
2024/05/24 星期五 00:57:15.453,1716483435453,NH-DC-NM129-H06-ROCE-Leaf-16.GPU.S9825,TwoHundredGigE1/0/16:2,2323607,9207768598,2328306,9208558904,34.33,34.33
2024/05/24 星期五 00:57:15.955,1716483435955,NH-DC-NM129-H06-ROCE-Leaf-16.GPU.S9825,TwoHundredGigE1/0/16:2,0,0,0,0,0,0
2024/05/24 星期五 00:57:16.457,1716483436457,NH-DC-NM129-H06-ROCE-Leaf-16.GPU.S9825,TwoHundredGigE1/0/16:2,1716999,6803778348,1719413,6801406259,54.18,54.18
2024/05/24 星期五 00:57:17.084,1716483437084,NH-DC-NM129-H06-ROCE-Leaf-16.GPU.S9825,TwoHundredGigE1/0/16:2,0,0,0,0,0,0
2024/05/24 星期五 00:57:17.587,1716483437587,NH-DC-NM129-H06-ROCE-Leaf-16.GPU.S9825,TwoHundredGigE1/0/16:2,2680541,10785390148,2688157,10788977286,85.73,85.73
2024/05/24 星期五 00:57:18.086,1716483438086,NH-DC-NM129-H06-ROCE-Leaf-16.GPU.S9825,TwoHundredGigE1/0/16:2,1740704,6896916696,1743979,6898418823,55.23,55.23
2024/05/24 星期五 00:57:19.023,1716483439023,NH-DC-NM129-H06-ROCE-Leaf-16.GPU.S9825,TwoHundredGigE1/0/16:2,0,0,0,0,0,0
2024/05/24 星期五 00:57:19.527,1716483439527,NH-DC-NM129-H06-ROCE-Leaf-16.GPU.S9825,TwoHundredGigE1/0/16:2,2100093,8321508542,2104194,8321008888,66.03,66.03
2024/05/24 星期五 00:57:20.089,1716483440089,NH-DC-NM129-H06-ROCE-Leaf-16.GPU.S9825,TwoHundredGigE1/0/16:2,1999432,7912845590,2002278,7912328523,56.30,56.30
2024/05/24 星期五 00:57:20.762,1716483440762,NH-DC-NM129-H06-ROCE-Leaf-16.GPU.S9825,TwoHundredGigE1/0/16:2,2934287,11801180788,2942595,11802428182,70.13,70.13
2024/05/24 星期五 00:57:22.850,1716483442850,NH-DC-NM129-H06-ROCE-Leaf-16.GPU.S9825,TwoHundredGigE1/0/16:2,3788510,15011834316,3795775,15013293745,28.75,28.75
2024/05/24 星期五 00:57:23.601,1716483443601,NH-DC-NM129-H06-ROCE-Leaf-16.GPU.S9825,TwoHundredGigE1/0/16:2,0,0,0,0,0,0
2024/05/24 星期五 00:57:24.149,1716483444149,NH-DC-NM129-H06-ROCE-Leaf-16.GPU.S9825,TwoHundredGigE1/0/16:2,2881882,11584143236,2889527,11586493289,84.53,84.53
2024/05/24 星期五 00:57:24.650,1716483444650,NH-DC-NM129-H06-ROCE-Leaf-16.GPU.S9825,TwoHundredGigE1/0/16:2,0,0,0,0,0,0
2024/05/24 星期五 00:57:25.209,1716483445209,NH-DC-NM129-H06-ROCE-Leaf-16.GPU.S9825,TwoHundredGigE1/0/16:2,2063927,8179053162,2067531,8177863156,58.46,58.46
2024/05/24 星期五 00:57:25.973,1716483445973,NH-DC-NM129-H06-ROCE-Leaf-16.GPU.S9825,TwoHundredGigE1/0/16:2,2228163,8824215218,2230915,8825164971,46.18,46.18
2024/05/24 星期五 00:57:26.615,1716483446615,NH-DC-NM129-H06-ROCE-Leaf-16.GPU.S9825,TwoHundredGigE1/0/16:2,0,0,0,0,0,0
2024/05/24 星期五 00:57:27.245,1716483447245,NH-DC-NM129-H06-ROCE-Leaf-16.GPU.S9825,TwoHundredGigE1/0/16:2,1719425,6811496010,1720471,6802843906,43.24,43.17
2024/05/24 星期五 00:57:27.747,1716483447747,NH-DC-NM129-H06-ROCE-Leaf-16.GPU.S9825,TwoHundredGigE1/0/16:2,0,0,0,0,0,0
2024/05/24 星期五 00:57:28.857,1716483448857,NH-DC-NM129-H06-ROCE-Leaf-16.GPU.S9825,TwoHundredGigE1/0/16:2,3163322,12701132320,3172232,12705688501,45.77,45.77
2024/05/24 星期五 00:57:29.545,1716483449545,NH-DC-NM129-H06-ROCE-Leaf-16.GPU.S9825,TwoHundredGigE1/0/16:2,1678184,6650056492,1681559,6650653406,38.66,38.66
2024/05/24 星期五 00:57:30.417,1716483450417,NH-DC-NM129-H06-ROCE-Leaf-16.GPU.S9825,TwoHundredGigE1/0/16:2,2065601,8184694830,2069378,8184943660,37.52,37.52
2024/05/24 星期五 00:57:30.934,1716483450934,NH-DC-NM129-H06-ROCE-Leaf-16.GPU.S9825,TwoHundredGigE1/0/16:2,0,0,0,0,0,0
2024/05/24 星期五 00:57:31.437,1716483451437,NH-DC-NM129-H06-ROCE-Leaf-16.GPU.S9825,TwoHundredGigE1/0/16:2,3009621,12090067078,3017316,12090922860,96.14,96.14
2024/05/24 星期五 00:57:32.227,1716483452227,NH-DC-NM129-H06-ROCE-Leaf-16.GPU.S9825,TwoHundredGigE1/0/16:2,2065451,8184683766,2069408,8184945105,41.42,41.42
2024/05/24 星期五 00:57:32.965,1716483452965,NH-DC-NM129-H06-ROCE-Leaf-16.GPU.S9825,TwoHundredGigE1/0/16:2,2150335,8521563534,2153588,8518784060,46.18,46.12
2024/05/24 星期五 00:57:33.677,1716483453677,NH-DC-NM129-H06-ROCE-Leaf-16.GPU.S9825,TwoHundredGigE1/0/16:2,0,0,0,0,0,0
2024/05/24 星期五 00:57:34.187,1716483454187,NH-DC-NM129-H06-ROCE-Leaf-16.GPU.S9825,TwoHundredGigE1/0/16:2,1657772,6568937776,1661493,6572594631,51.45,51.53
2024/05/24 星期五 00:57:34.688,1716483454688,NH-DC-NM129-H06-ROCE-Leaf-16.GPU.S9825,TwoHundredGigE1/0/16:2,0,0,0,0,0,0
2024/05/24 星期五 00:57:35.253,1716483455253,NH-DC-NM129-H06-ROCE-Leaf-16.GPU.S9825,TwoHundredGigE1/0/16:2,3332410,13368933788,3340864,13369980336,94.58,94.58
2024/05/24 星期五 00:57:35.788,1716483455788,NH-DC-NM129-H06-ROCE-Leaf-16.GPU.S9825,TwoHundredGigE1/0/16:2,0,0,0,0,0,0
2024/05/24 星期五 00:57:36.399,1716483456399,NH-DC-NM129-H06-ROCE-Leaf-16.GPU.S9825,TwoHundredGigE1/0/16:2,1710454,6777942108,1713854,6778517145,44.32,44.32
2024/05/24 星期五 00:57:37.172,1716483457172,NH-DC-NM129-H06-ROCE-Leaf-16.GPU.S9825,TwoHundredGigE1/0/16:2,2102565,8331411798,2106961,8334872460,43.10,43.10
2024/05/24 星期五 00:57:37.673,1716483457673,NH-DC-NM129-H06-ROCE-Leaf-16.GPU.S9825,TwoHundredGigE1/0/16:2,0,0,0,0,0,0
2024/05/24 星期五 00:57:38.173,1716483458173,NH-DC-NM129-H06-ROCE-Leaf-16.GPU.S9825,TwoHundredGigE1/0/16:2,2742955,11034240374,2748621,11028876645,88.24,88.16
2024/05/24 星期五 00:57:38.761,1716483458761,NH-DC-NM129-H06-ROCE-Leaf-16.GPU.S9825,TwoHundredGigE1/0/16:2,0,0,0,0,0,0
2024/05/24 星期五 00:57:39.291,1716483459291,NH-DC-NM129-H06-ROCE-Leaf-16.GPU.S9825,TwoHundredGigE1/0/16:2,2133714,8454359136,2138056,8457629544,63.77,63.77
2024/05/24 星期五 00:57:40.111,1716483460111,NH-DC-NM129-H06-ROCE-Leaf-16.GPU.S9825,TwoHundredGigE1/0/16:2,2335319,9254081312,2340124,9255553933,45.12,45.12
2024/05/24 星期五 00:57:40.737,1716483460737,NH-DC-NM129-H06-ROCE-Leaf-16.GPU.S9825,TwoHundredGigE1/0/16:2,0,0,0,0,0,0
2024/05/24 星期五 00:57:41.237,1716483461237,NH-DC-NM129-H06-ROCE-Leaf-16.GPU.S9825,TwoHundredGigE1/0/16:2,1603135,6348058856,1605272,6347448852,50.72,50.72
2024/05/24 星期五 00:57:41.794,1716483461794,NH-DC-NM129-H06-ROCE-Leaf-16.GPU.S9825,TwoHundredGigE1/0/16:2,0,0,0,0,0,0
2024/05/24 星期五 00:57:43.230,1716483463230,NH-DC-NM129-H06-ROCE-Leaf-16.GPU.S9825,TwoHundredGigE1/0/16:2,4655490,18612240124,4666270,18613508313,51.84,51.84
2024/05/24 星期五 00:57:44.063,1716483464063,NH-DC-NM129-H06-ROCE-Leaf-16.GPU.S9825,TwoHundredGigE1/0/16:2,2099698,8320198898,2103899,8322072189,39.95,39.95
2024/05/24 星期五 00:57:44.610,1716483464610,NH-DC-NM129-H06-ROCE-Leaf-16.GPU.S9825,TwoHundredGigE1/0/16:2,0,0,0,0,0,0
2024/05/24 星期五 00:57:45.134,1716483465134,NH-DC-NM129-H06-ROCE-Leaf-16.GPU.S9825,TwoHundredGigE1/0/16:2,2378060,9507063188,2383119,9506565984,72.52,72.52
2024/05/24 星期五 00:57:45.792,1716483465792,NH-DC-NM129-H06-ROCE-Leaf-16.GPU.S9825,TwoHundredGigE1/0/16:2,0,0,0,0,0,0
2024/05/24 星期五 00:57:46.312,1716483466312,NH-DC-NM129-H06-ROCE-Leaf-16.GPU.S9825,TwoHundredGigE1/0/16:2,2307580,9225418654,2312721,9225897831,70.92,70.92
2024/05/24 星期五 00:57:47.057,1716483467057,NH-DC-NM129-H06-ROCE-Leaf-16.GPU.S9825,TwoHundredGigE1/0/16:2,2066561,8184769346,2069962,8185336042,43.92,43.92
2024/05/24 星期五 00:57:47.763,1716483467763,NH-DC-NM129-H06-ROCE-Leaf-16.GPU.S9825,TwoHundredGigE1/0/16:2,0,0,0,0,0,0
2024/05/24 星期五 00:57:48.299,1716483468299,NH-DC-NM129-H06-ROCE-Leaf-16.GPU.S9825,TwoHundredGigE1/0/16:2,1764286,6991081394,1767833,6991807957,52.16,52.16
2024/05/24 星期五 00:57:48.893,1716483468893,NH-DC-NM129-H06-ROCE-Leaf-16.GPU.S9825,TwoHundredGigE1/0/16:2,0,0,0,0,0,0
2024/05/24 星期五 00:57:49.541,1716483469541,NH-DC-NM129-H06-ROCE-Leaf-16.GPU.S9825,TwoHundredGigE1/0/16:2,3052730,12260591962,3060696,12260976242,75.68,75.68
2024/05/24 星期五 00:57:50.147,1716483470147,NH-DC-NM129-H06-ROCE-Leaf-16.GPU.S9825,TwoHundredGigE1/0/16:2,1968670,7801029108,1972177,7801260219,51.49,51.49
2024/05/24 星期五 00:57:50.913,1716483470913,NH-DC-NM129-H06-ROCE-Leaf-16.GPU.S9825,TwoHundredGigE1/0/16:2,0,0,0,0,0,0
2024/05/24 星期五 00:57:51.461,1716483471461,NH-DC-NM129-H06-ROCE-Leaf-16.GPU.S9825,TwoHundredGigE1/0/16:2,2130081,8440462542,2134296,8441159436,61.61,61.61
2024/05/24 星期五 00:57:52.815,1716483472815,NH-DC-NM129-H06-ROCE-Leaf-16.GPU.S9825,TwoHundredGigE1/0/16:2,1851700,7327804984,1855927,7335739023,21.62,21.65
2024/05/24 星期五 00:57:53.315,1716483473315,NH-DC-NM129-H06-ROCE-Leaf-16.GPU.S9825,TwoHundredGigE1/0/16:2,2749622,11068351408,2756099,11061422308,88.48,88.48
2024/05/24 星期五 00:57:54.081,1716483474081,NH-DC-NM129-H06-ROCE-Leaf-16.GPU.S9825,TwoHundredGigE1/0/16:2,1773788,7029061390,1776790,7028341591,36.66,36.66
2024/05/24 星期五 00:57:54.731,1716483474731,NH-DC-NM129-H06-ROCE-Leaf-16.GPU.S9825,TwoHundredGigE1/0/16:2,0,0,0,0,0,0
2024/05/24 星期五 00:57:56.430,1716483476430,NH-DC-NM129-H06-ROCE-Leaf-16.GPU.S9825,TwoHundredGigE1/0/16:2,5064512,20231750922,5075868,20234003897,47.63,47.63
2024/05/24 星期五 00:57:57.004,1716483477004,NH-DC-NM129-H06-ROCE-Leaf-16.GPU.S9825,TwoHundredGigE1/0/16:2,2074279,8218690592,2078415,8220169978,57.21,57.28
2024/05/24 星期五 00:57:59.457,1716483479457,NH-DC-NM129-H06-ROCE-Leaf-16.GPU.S9825,TwoHundredGigE1/0/16:2,3834086,15192431722,3840880,15192105477,24.77,24.77
2024/05/24 星期五 00:57:59.958,1716483479958,NH-DC-NM129-H06-ROCE-Leaf-16.GPU.S9825,TwoHundredGigE1/0/16:2,0,0,0,0,0,0
2024/05/24 星期五 00:58:00.596,1716483480596,NH-DC-NM129-H06-ROCE-Leaf-16.GPU.S9825,TwoHundredGigE1/0/16:2,3287992,13193465316,3295890,13192869536,82.70,82.70
2024/05/24 星期五 00:58:01.273,1716483481273,NH-DC-NM129-H06-ROCE-Leaf-16.GPU.S9825,TwoHundredGigE1/0/16:2,1731781,6863109072,1730513,6843710606,40.53,40.41
2024/05/24 星期五 00:58:01.780,1716483481780,NH-DC-NM129-H06-ROCE-Leaf-16.GPU.S9825,TwoHundredGigE1/0/16:2,0,0,0,0,0,0
2024/05/24 星期五 00:58:02.281,1716483482281,NH-DC-NM129-H06-ROCE-Leaf-16.GPU.S9825,TwoHundredGigE1/0/16:2,2113653,8374731462,2123430,8400324433,66.83,67.07
2024/05/24 星期五 00:58:02.823,1716483482823,NH-DC-NM129-H06-ROCE-Leaf-16.GPU.S9825,TwoHundredGigE1/0/16:2,0,0,0,0,0,0
2024/05/24 星期五 00:58:03.796,1716483483796,NH-DC-NM129-H06-ROCE-Leaf-16.GPU.S9825,TwoHundredGigE1/0/16:2,2168580,8681387846,2172802,8677844880,35.68,35.64
2024/05/24 星期五 00:58:04.487,1716483484487,NH-DC-NM129-H06-ROCE-Leaf-16.GPU.S9825,TwoHundredGigE1/0/16:2,2396921,9575292350,2392477,9533658443,55.40,55.17
2024/05/24 星期五 00:58:04.990,1716483484990,NH-DC-NM129-H06-ROCE-Leaf-16.GPU.S9825,TwoHundredGigE1/0/16:2,0,0,0,0,0,0
2024/05/24 星期五 00:58:05.526,1716483485526,NH-DC-NM129-H06-ROCE-Leaf-16.GPU.S9825,TwoHundredGigE1/0/16:2,2066234,8184751288,2080023,8227904234,61.04,61.34
2024/05/24 星期五 00:58:06.072,1716483486072,NH-DC-NM129-H06-ROCE-Leaf-16.GPU.S9825,TwoHundredGigE1/0/16:2,0,0,0,0,0,0
2024/05/24 星期五 00:58:06.630,1716483486630,NH-DC-NM129-H06-ROCE-Leaf-16.GPU.S9825,TwoHundredGigE1/0/16:2,1936446,7673146788,1939872,7673372457,54.98,54.98
2024/05/24 星期五 00:58:07.721,1716483487721,NH-DC-NM129-H06-ROCE-Leaf-16.GPU.S9825,TwoHundredGigE1/0/16:2,2915969,11719814634,2922813,11719774110,42.93,42.93
2024/05/24 星期五 00:58:08.270,1716483488270,NH-DC-NM129-H06-ROCE-Leaf-16.GPU.S9825,TwoHundredGigE1/0/16:2,1739424,6892413836,1742814,6893616289,50.20,50.20
2024/05/24 星期五 00:58:08.780,1716483488780,NH-DC-NM129-H06-ROCE-Leaf-16.GPU.S9825,TwoHundredGigE1/0/16:2,0,0,0,0,0,0
2024/05/24 星期五 00:58:09.397,1716483489397,NH-DC-NM129-H06-ROCE-Leaf-16.GPU.S9825,TwoHundredGigE1/0/16:2,2162415,8568350958,2166380,8569100096,55.49,55.49
2024/05/24 星期五 00:58:09.958,1716483489958,NH-DC-NM129-H06-ROCE-Leaf-16.GPU.S9825,TwoHundredGigE1/0/16:2,0,0,0,0,0,0
2024/05/24 星期五 00:58:10.623,1716483490623,NH-DC-NM129-H06-ROCE-Leaf-16.GPU.S9825,TwoHundredGigE1/0/16:2,1776343,7035038566,1781571,7045121279,42.29,42.35
2024/05/24 星期五 00:58:11.458,1716483491458,NH-DC-NM129-H06-ROCE-Leaf-16.GPU.S9825,TwoHundredGigE1/0/16:2,3044461,12232571680,3050135,12223772134,58.59,58.54
2024/05/24 星期五 00:58:11.958,1716483491958,NH-DC-NM129-H06-ROCE-Leaf-16.GPU.S9825,TwoHundredGigE1/0/16:2,0,0,0,0,0,0
2024/05/24 星期五 00:58:12.606,1716483492606,NH-DC-NM129-H06-ROCE-Leaf-16.GPU.S9825,TwoHundredGigE1/0/16:2,1674159,6634104232,1677197,6634505959,40.93,40.93
2024/05/24 星期五 00:58:13.261,1716483493261,NH-DC-NM129-H06-ROCE-Leaf-16.GPU.S9825,TwoHundredGigE1/0/16:2,1936315,7673137850,1939972,7673379204,46.84,46.84
2024/05/24 星期五 00:58:13.765,1716483493765,NH-DC-NM129-H06-ROCE-Leaf-16.GPU.S9825,TwoHundredGigE1/0/16:2,0,0,0,0,0,0
2024/05/24 星期五 00:58:14.455,1716483494455,NH-DC-NM129-H06-ROCE-Leaf-16.GPU.S9825,TwoHundredGigE1/0/16:2,2792789,11218417372,2799704,11219175761,64.99,64.99
2024/05/24 星期五 00:58:15.194,1716483495194,NH-DC-NM129-H06-ROCE-Leaf-16.GPU.S9825,TwoHundredGigE1/0/16:2,2217856,8800570114,2222218,8800972840,47.63,47.63
2024/05/24 星期五 00:58:15.698,1716483495698,NH-DC-NM129-H06-ROCE-Leaf-16.GPU.S9825,TwoHundredGigE1/0/16:2,0,0,0,0,0,0
2024/05/24 星期五 00:58:16.238,1716483496238,NH-DC-NM129-H06-ROCE-Leaf-16.GPU.S9825,TwoHundredGigE1/0/16:2,2324327,9207822966,2327858,9208535817,68.15,68.15
2024/05/24 星期五 00:58:16.895,1716483496895,NH-DC-NM129-H06-ROCE-Leaf-16.GPU.S9825,TwoHundredGigE1/0/16:2,0,0,0,0,0,0
2024/05/24 星期五 00:58:17.392,1716483497392,NH-DC-NM129-H06-ROCE-Leaf-16.GPU.S9825,TwoHundredGigE1/0/16:2,1728812,6850685274,1732471,6851929482,55.13,55.13
2024/05/24 星期五 00:58:18.171,1716483498171,NH-DC-NM129-H06-ROCE-Leaf-16.GPU.S9825,TwoHundredGigE1/0/16:2,2997426,12041680614,3004434,12040023175,61.82,61.82
2024/05/24 星期五 00:58:18.732,1716483498732,NH-DC-NM129-H06-ROCE-Leaf-16.GPU.S9825,TwoHundredGigE1/0/16:2,0,0,0,0,0,0
2024/05/24 星期五 00:58:19.234,1716483499234,NH-DC-NM129-H06-ROCE-Leaf-16.GPU.S9825,TwoHundredGigE1/0/16:2,1768931,7009362806,1772543,7011181064,55.78,55.86
2024/05/24 星期五 00:58:19.818,1716483499818,NH-DC-NM129-H06-ROCE-Leaf-16.GPU.S9825,TwoHundredGigE1/0/16:2,0,0,0,0,0,0
2024/05/24 星期五 00:58:20.367,1716483500367,NH-DC-NM129-H06-ROCE-Leaf-16.GPU.S9825,TwoHundredGigE1/0/16:2,2130392,8442241452,2133991,8440998171,61.49,61.49
2024/05/24 星期五 00:58:21.806,1716483501806,NH-DC-NM129-H06-ROCE-Leaf-16.GPU.S9825,TwoHundredGigE1/0/16:2,4645325,18572414532,4654909,18569387131,51.62,51.59
2024/05/24 星期五 00:58:23.157,1716483503157,NH-DC-NM129-H06-ROCE-Leaf-16.GPU.S9825,TwoHundredGigE1/0/16:2,1752925,6945650392,1756992,6950412676,20.55,20.58
2024/05/24 星期五 00:58:23.888,1716483503888,NH-DC-NM129-H06-ROCE-Leaf-16.GPU.S9825,TwoHundredGigE1/0/16:2,0,0,0,0,0,0
2024/05/24 星期五 00:58:24.390,1716483504390,NH-DC-NM129-H06-ROCE-Leaf-16.GPU.S9825,TwoHundredGigE1/0/16:2,2033214,8056800348,2036876,8057041737,64.14,64.14
2024/05/24 星期五 00:58:25.045,1716483505045,NH-DC-NM129-H06-ROCE-Leaf-16.GPU.S9825,TwoHundredGigE1/0/16:2,2650506,10670552666,2656488,10666318692,65.16,65.10
2024/05/24 星期五 00:58:25.668,1716483505668,NH-DC-NM129-H06-ROCE-Leaf-16.GPU.S9825,TwoHundredGigE1/0/16:2,0,0,0,0,0,0
2024/05/24 星期五 00:58:26.256,1716483506256,NH-DC-NM129-H06-ROCE-Leaf-16.GPU.S9825,TwoHundredGigE1/0/16:2,2100928,8325278494,2103979,8321709871,56.60,56.60
2024/05/24 星期五 00:58:26.845,1716483506845,NH-DC-NM129-H06-ROCE-Leaf-16.GPU.S9825,TwoHundredGigE1/0/16:2,0,0,0,0,0,0
2024/05/24 星期五 00:58:30.397,1716483510397,NH-DC-NM129-H06-ROCE-Leaf-16.GPU.S9825,TwoHundredGigE1/0/16:2,8565341,34106633938,8585702,34116767903,38.40,38.41
2024/05/24 星期五 00:58:31.016,1716483511016,NH-DC-NM129-H06-ROCE-Leaf-16.GPU.S9825,TwoHundredGigE1/0/16:2,0,0,0,0,0,0
2024/05/24 星期五 00:58:31.574,1716483511574,NH-DC-NM129-H06-ROCE-Leaf-16.GPU.S9825,TwoHundredGigE1/0/16:2,2157257,8548106370,2161514,8549733582,61.22,61.22
2024/05/24 星期五 00:58:32.074,1716483512074,NH-DC-NM129-H06-ROCE-Leaf-16.GPU.S9825,TwoHundredGigE1/0/16:2,2912747,11706406774,2920355,11707428639,93.6,93.6
2024/05/24 星期五 00:58:32.813,1716483512813,NH-DC-NM129-H06-ROCE-Leaf-16.GPU.S9825,TwoHundredGigE1/0/16:2,0,0,0,0,0,0
2024/05/24 星期五 00:58:33.389,1716483513389,NH-DC-NM129-H06-ROCE-Leaf-16.GPU.S9825,TwoHundredGigE1/0/16:2,2000838,7928911510,2004549,7929156083,55,55
2024/05/24 星期五 00:58:33.999,1716483513999,NH-DC-NM129-H06-ROCE-Leaf-16.GPU.S9825,TwoHundredGigE1/0/16:2,2255866,8938925570,2259777,8939644251,58.56,58.56
2024/05/24 星期五 00:58:34.621,1716483514621,NH-DC-NM129-H06-ROCE-Leaf-16.GPU.S9825,TwoHundredGigE1/0/16:2,0,0,0,0,0,0
2024/05/24 星期五 00:58:35.271,1716483515271,NH-DC-NM129-H06-ROCE-Leaf-16.GPU.S9825,TwoHundredGigE1/0/16:2,1746205,6918921640,1749337,6919082710,42.52,42.52
2024/05/24 星期五 00:58:35.901,1716483515901,NH-DC-NM129-H06-ROCE-Leaf-16.GPU.S9825,TwoHundredGigE1/0/16:2,0,0,0,0,0,0
2024/05/24 星期五 00:58:36.552,1716483516552,NH-DC-NM129-H06-ROCE-Leaf-16.GPU.S9825,TwoHundredGigE1/0/16:2,3074129,12345836138,3081526,12346602025,75.82,75.82
2024/05/24 星期五 00:58:37.122,1716483517122,NH-DC-NM129-H06-ROCE-Leaf-16.GPU.S9825,TwoHundredGigE1/0/16:2,1818137,7204589804,1821765,7206191126,50.53,50.53
2024/05/24 星期五 00:58:37.688,1716483517688,NH-DC-NM129-H06-ROCE-Leaf-16.GPU.S9825,TwoHundredGigE1/0/16:2,0,0,0,0,0,0
2024/05/24 星期五 00:58:38.286,1716483518286,NH-DC-NM129-H06-ROCE-Leaf-16.GPU.S9825,TwoHundredGigE1/0/16:2,1925705,7630164128,1929125,7629516115,51.04,50.97
2024/05/24 星期五 00:58:38.828,1716483518828,NH-DC-NM129-H06-ROCE-Leaf-16.GPU.S9825,TwoHundredGigE1/0/16:2,0,0,0,0,0,0
2024/05/24 星期五 00:58:39.539,1716483519539,NH-DC-NM129-H06-ROCE-Leaf-16.GPU.S9825,TwoHundredGigE1/0/16:2,2032737,8069228688,2035706,8067766280,45.34,45.34
2024/05/24 星期五 00:58:40.097,1716483520097,NH-DC-NM129-H06-ROCE-Leaf-16.GPU.S9825,TwoHundredGigE1/0/16:2,2772211,11137354112,2779113,11136001997,79.78,79.78
2024/05/24 星期五 00:58:40.663,1716483520663,NH-DC-NM129-H06-ROCE-Leaf-16.GPU.S9825,TwoHundredGigE1/0/16:2,0,0,0,0,0,0
2024/05/24 星期五 00:58:41.383,1716483521383,NH-DC-NM129-H06-ROCE-Leaf-16.GPU.S9825,TwoHundredGigE1/0/16:2,2076975,8229739922,2081581,8234274892,45.67,45.72
2024/05/24 星期五 00:58:41.993,1716483521993,NH-DC-NM129-H06-ROCE-Leaf-16.GPU.S9825,TwoHundredGigE1/0/16:2,0,0,0,0,0,0
2024/05/24 星期五 00:58:42.590,1716483522590,NH-DC-NM129-H06-ROCE-Leaf-16.GPU.S9825,TwoHundredGigE1/0/16:2,1908699,7562691094,1911893,7561668005,50.65,50.65
2024/05/24 星期五 00:58:43.309,1716483523309,NH-DC-NM129-H06-ROCE-Leaf-16.GPU.S9825,TwoHundredGigE1/0/16:2,2912520,11705327620,2920239,11708455706,65.09,65.09
2024/05/24 星期五 00:58:43.924,1716483523924,NH-DC-NM129-H06-ROCE-Leaf-16.GPU.S9825,TwoHundredGigE1/0/16:2,0,0,0,0,0,0
2024/05/24 星期五 00:58:44.484,1716483524484,NH-DC-NM129-H06-ROCE-Leaf-16.GPU.S9825,TwoHundredGigE1/0/16:2,1996751,7912571450,2000418,7911848243,56.5,56.5
2024/05/24 星期五 00:58:45.275,1716483525275,NH-DC-NM129-H06-ROCE-Leaf-16.GPU.S9825,TwoHundredGigE1/0/16:2,2097998,8312590316,2101747,8313394094,42.02,42.02
2024/05/24 星期五 00:58:46.026,1716483526026,NH-DC-NM129-H06-ROCE-Leaf-16.GPU.S9825,TwoHundredGigE1/0/16:2,1887979,7472411186,1892765,7480203151,39.79,39.84
2024/05/24 星期五 00:58:46.638,1716483526638,NH-DC-NM129-H06-ROCE-Leaf-16.GPU.S9825,TwoHundredGigE1/0/16:2,0,0,0,0,0,0
2024/05/24 星期五 00:58:47.262,1716483527262,NH-DC-NM129-H06-ROCE-Leaf-16.GPU.S9825,TwoHundredGigE1/0/16:2,2960565,11907098878,2966687,11900376154,76.28,76.28
2024/05/24 星期五 00:58:47.774,1716483527774,NH-DC-NM129-H06-ROCE-Leaf-16.GPU.S9825,TwoHundredGigE1/0/16:2,0,0,0,0,0,0
2024/05/24 星期五 00:58:48.349,1716483528349,NH-DC-NM129-H06-ROCE-Leaf-16.GPU.S9825,TwoHundredGigE1/0/16:2,1678238,6650060808,1681478,6650832733,46.26,46.26
2024/05/24 星期五 00:58:48.955,1716483528955,NH-DC-NM129-H06-ROCE-Leaf-16.GPU.S9825,TwoHundredGigE1/0/16:2,2000833,7928907774,2004661,7929161670,52.28,52.28
2024/05/24 星期五 00:58:49.614,1716483529614,NH-DC-NM129-H06-ROCE-Leaf-16.GPU.S9825,TwoHundredGigE1/0/16:2,0,0,0,0,0,0
2024/05/24 星期五 00:58:50.187,1716483530187,NH-DC-NM129-H06-ROCE-Leaf-16.GPU.S9825,TwoHundredGigE1/0/16:2,2993047,12026546248,3002257,12030138621,83.91,83.98
2024/05/24 星期五 00:58:50.763,1716483530763,NH-DC-NM129-H06-ROCE-Leaf-16.GPU.S9825,TwoHundredGigE1/0/16:2,0,0,0,0,0,0
2024/05/24 星期五 00:58:51.293,1716483531293,NH-DC-NM129-H06-ROCE-Leaf-16.GPU.S9825,TwoHundredGigE1/0/16:2,2073984,8218322410,2076787,8214944044,61.96,61.96
2024/05/24 星期五 00:58:51.879,1716483531879,NH-DC-NM129-H06-ROCE-Leaf-16.GPU.S9825,TwoHundredGigE1/0/16:2,0,0,0,0,0,0
2024/05/24 星期五 00:58:52.377,1716483532377,NH-DC-NM129-H06-ROCE-Leaf-16.GPU.S9825,TwoHundredGigE1/0/16:2,2294175,9090640180,2298214,9090461821,73.01,73.01
2024/05/24 星期五 00:58:53.042,1716483533042,NH-DC-NM129-H06-ROCE-Leaf-16.GPU.S9825,TwoHundredGigE1/0/16:2,1489928,5903644742,1492838,5903931480,35.49,35.49
2024/05/24 星期五 00:58:53.615,1716483533615,NH-DC-NM129-H06-ROCE-Leaf-16.GPU.S9825,TwoHundredGigE1/0/16:2,0,0,0,0,0,0
2024/05/24 星期五 00:58:54.647,1716483534647,NH-DC-NM129-H06-ROCE-Leaf-16.GPU.S9825,TwoHundredGigE1/0/16:2,3138251,12601578362,3146398,12602533709,48.84,48.84
2024/05/24 星期五 00:58:55.567,1716483535567,NH-DC-NM129-H06-ROCE-Leaf-16.GPU.S9825,TwoHundredGigE1/0/16:2,1742866,6905837640,1746253,6906061342,30,30
2024/05/24 星期五 00:58:56.322,1716483536322,NH-DC-NM129-H06-ROCE-Leaf-16.GPU.S9825,TwoHundredGigE1/0/16:2,2146809,8507900198,2145361,8485199307,45.03,44.93
2024/05/24 星期五 00:58:56.915,1716483536915,NH-DC-NM129-H06-ROCE-Leaf-16.GPU.S9825,TwoHundredGigE1/0/16:2,0,0,0,0,0,0
2024/05/24 星期五 00:58:57.501,1716483537501,NH-DC-NM129-H06-ROCE-Leaf-16.GPU.S9825,TwoHundredGigE1/0/16:2,2405190,9637273654,2410759,9637919910,65.73,65.73
2024/05/24 星期五 00:58:58.025,1716483538025,NH-DC-NM129-H06-ROCE-Leaf-16.GPU.S9825,TwoHundredGigE1/0/16:2,2199043,8770204600,2208915,8794778789,66.95,67.10
2024/05/24 星期五 00:58:58.607,1716483538607,NH-DC-NM129-H06-ROCE-Leaf-16.GPU.S9825,TwoHundredGigE1/0/16:2,0,0,0,0,0,0
2024/05/24 星期五 00:58:59.976,1716483539976,NH-DC-NM129-H06-ROCE-Leaf-16.GPU.S9825,TwoHundredGigE1/0/16:2,2103652,8335081848,2107228,8335201814,24.34,24.34
2024/05/24 星期五 00:59:00.524,1716483540524,NH-DC-NM129-H06-ROCE-Leaf-16.GPU.S9825,TwoHundredGigE1/0/16:2,1901047,7533173754,1904237,7532132538,54.96,54.96
2024/05/24 星期五 00:59:01.132,1716483541132,NH-DC-NM129-H06-ROCE-Leaf-16.GPU.S9825,TwoHundredGigE1/0/16:2,2705267,10882220010,2711761,10881473970,71.58,71.58
2024/05/24 星期五 00:59:01.730,1716483541730,NH-DC-NM129-H06-ROCE-Leaf-16.GPU.S9825,TwoHundredGigE1/0/16:2,0,0,0,0,0,0
2024/05/24 星期五 00:59:02.240,1716483542240,NH-DC-NM129-H06-ROCE-Leaf-16.GPU.S9825,TwoHundredGigE1/0/16:2,2015402,7985834560,2019234,7987605401,62.59,62.59
2024/05/24 星期五 00:59:02.955,1716483542955,NH-DC-NM129-H06-ROCE-Leaf-16.GPU.S9825,TwoHundredGigE1/0/16:2,0,0,0,0,0,0
2024/05/24 星期五 00:59:03.486,1716483543486,NH-DC-NM129-H06-ROCE-Leaf-16.GPU.S9825,TwoHundredGigE1/0/16:2,2131219,8444174198,2134359,8441236678,63.58,63.58
2024/05/24 星期五 00:59:04.049,1716483544049,NH-DC-NM129-H06-ROCE-Leaf-16.GPU.S9825,TwoHundredGigE1/0/16:2,1674608,6635318832,1677489,6635508675,47.10,47.10
2024/05/24 星期五 00:59:04.572,1716483544572,NH-DC-NM129-H06-ROCE-Leaf-16.GPU.S9825,TwoHundredGigE1/0/16:2,0,0,0,0,0,0
2024/05/24 星期五 00:59:05.189,1716483545189,NH-DC-NM129-H06-ROCE-Leaf-16.GPU.S9825,TwoHundredGigE1/0/16:2,2995246,12034141776,3002868,12035196864,77.99,77.99
2024/05/24 星期五 00:59:05.796,1716483545796,NH-DC-NM129-H06-ROCE-Leaf-16.GPU.S9825,TwoHundredGigE1/0/16:2,0,0,0,0,0,0
2024/05/24 星期五 00:59:06.438,1716483546438,NH-DC-NM129-H06-ROCE-Leaf-16.GPU.S9825,TwoHundredGigE1/0/16:2,1732490,6865562514,1736327,6867849939,42.74,42.74
2024/05/24 星期五 00:59:08.015,1716483548015,NH-DC-NM129-H06-ROCE-Leaf-16.GPU.S9825,TwoHundredGigE1/0/16:2,2132856,8451490378,2134921,8445318188,21.43,21.41
2024/05/24 星期五 00:59:08.540,1716483548540,NH-DC-NM129-H06-ROCE-Leaf-16.GPU.S9825,TwoHundredGigE1/0/16:2,2119214,8477496708,2124749,8480617449,64.53,64.61
2024/05/24 星期五 00:59:09.183,1716483549183,NH-DC-NM129-H06-ROCE-Leaf-16.GPU.S9825,TwoHundredGigE1/0/16:2,2471260,9879793204,2477626,9883835380,61.40,61.46
2024/05/24 星期五 00:59:09.882,1716483549882,NH-DC-NM129-H06-ROCE-Leaf-16.GPU.S9825,TwoHundredGigE1/0/16:2,0,0,0,0,0,0
2024/05/24 星期五 00:59:10.392,1716483550392,NH-DC-NM129-H06-ROCE-Leaf-16.GPU.S9825,TwoHundredGigE1/0/16:2,2126786,8419267098,2128957,8420726659,65.96,66.04
2024/05/24 星期五 00:59:11.013,1716483551013,NH-DC-NM129-H06-ROCE-Leaf-16.GPU.S9825,TwoHundredGigE1/0/16:2,0,0,0,0,0,0
2024/05/24 星期五 00:59:11.513,1716483551513,NH-DC-NM129-H06-ROCE-Leaf-16.GPU.S9825,TwoHundredGigE1/0/16:2,1870604,7413004186,1872952,7408053612,59.28,59.2
2024/05/24 星期五 00:59:12.025,1716483552025,NH-DC-NM129-H06-ROCE-Leaf-16.GPU.S9825,TwoHundredGigE1/0/16:2,2656466,10691170290,2664097,10694602669,83.52,83.52
2024/05/24 星期五 00:59:12.762,1716483552762,NH-DC-NM129-H06-ROCE-Leaf-16.GPU.S9825,TwoHundredGigE1/0/16:2,0,0,0,0,0,0
2024/05/24 星期五 00:59:13.519,1716483553519,NH-DC-NM129-H06-ROCE-Leaf-16.GPU.S9825,TwoHundredGigE1/0/16:2,1834997,7270899870,1837773,7269794056,38.41,38.36
2024/05/24 星期五 00:59:14.021,1716483554021,NH-DC-NM129-H06-ROCE-Leaf-16.GPU.S9825,TwoHundredGigE1/0/16:2,2326273,9218504632,2330425,9217972783,73.39,73.39
2024/05/24 星期五 00:59:14.599,1716483554599,NH-DC-NM129-H06-ROCE-Leaf-16.GPU.S9825,TwoHundredGigE1/0/16:2,0,0,0,0,0,0
2024/05/24 星期五 00:59:15.135,1716483555135,NH-DC-NM129-H06-ROCE-Leaf-16.GPU.S9825,TwoHundredGigE1/0/16:2,1578621,6255750060,1580374,6250554832,46.64,46.64
2024/05/24 星期五 00:59:15.741,1716483555741,NH-DC-NM129-H06-ROCE-Leaf-16.GPU.S9825,TwoHundredGigE1/0/16:2,0,0,0,0,0,0
2024/05/24 星期五 00:59:16.396,1716483556396,NH-DC-NM129-H06-ROCE-Leaf-16.GPU.S9825,TwoHundredGigE1/0/16:2,3092021,12420143988,3100383,12425596887,75.85,75.85
2024/05/24 星期五 00:59:17.017,1716483557017,NH-DC-NM129-H06-ROCE-Leaf-16.GPU.S9825,TwoHundredGigE1/0/16:2,0,0,0,0,0,0
2024/05/24 星期五 00:59:17.518,1716483557518,NH-DC-NM129-H06-ROCE-Leaf-16.GPU.S9825,TwoHundredGigE1/0/16:2,1740869,6898956434,1743623,6894535222,55.01,55.01
2024/05/24 星期五 00:59:18.051,1716483558051,NH-DC-NM129-H06-ROCE-Leaf-16.GPU.S9825,TwoHundredGigE1/0/16:2,1955850,7749789660,1959364,7750425781,58.09,58.16
2024/05/24 星期五 00:59:18.558,1716483558558,NH-DC-NM129-H06-ROCE-Leaf-16.GPU.S9825,TwoHundredGigE1/0/16:2,0,0,0,0,0,0
2024/05/24 星期五 00:59:19.099,1716483559099,NH-DC-NM129-H06-ROCE-Leaf-16.GPU.S9825,TwoHundredGigE1/0/16:2,2354903,9420556918,2360289,9420912098,69.65,69.65
2024/05/24 星期五 00:59:19.789,1716483559789,NH-DC-NM129-H06-ROCE-Leaf-16.GPU.S9825,TwoHundredGigE1/0/16:2,0,0,0,0,0,0
2024/05/24 星期五 00:59:20.448,1716483560448,NH-DC-NM129-H06-ROCE-Leaf-16.GPU.S9825,TwoHundredGigE1/0/16:2,2397355,9575945354,2402684,9575955849,58.09,58.09
2024/05/24 星期五 00:59:21.958,1716483561958,NH-DC-NM129-H06-ROCE-Leaf-16.GPU.S9825,TwoHundredGigE1/0/16:2,4003090,15857921812,4009613,15858553315,41.99,41.99
2024/05/24 星期五 00:59:23.058,1716483563058,NH-DC-NM129-H06-ROCE-Leaf-16.GPU.S9825,TwoHundredGigE1/0/16:2,2789739,11219656754,2797476,11220741040,40.76,40.8
2024/05/24 星期五 00:59:23.914,1716483563914,NH-DC-NM129-H06-ROCE-Leaf-16.GPU.S9825,TwoHundredGigE1/0/16:2,0,0,0,0,0,0
2024/05/24 星期五 00:59:24.417,1716483564417,NH-DC-NM129-H06-ROCE-Leaf-16.GPU.S9825,TwoHundredGigE1/0/16:2,1943208,7698332190,1945155,7694096571,61.15,61.15
2024/05/24 星期五 00:59:25.029,1716483565029,NH-DC-NM129-H06-ROCE-Leaf-16.GPU.S9825,TwoHundredGigE1/0/16:2,2118327,8390569668,2122604,8395604596,54.84,54.84
2024/05/24 星期五 00:59:25.578,1716483565578,NH-DC-NM129-H06-ROCE-Leaf-16.GPU.S9825,TwoHundredGigE1/0/16:2,0,0,0,0,0,0
2024/05/24 星期五 00:59:26.085,1716483566085,NH-DC-NM129-H06-ROCE-Leaf-16.GPU.S9825,TwoHundredGigE1/0/16:2,1840275,7285857580,1841717,7279848913,57.44,57.36
2024/05/24 星期五 00:59:26.765,1716483566765,NH-DC-NM129-H06-ROCE-Leaf-16.GPU.S9825,TwoHundredGigE1/0/16:2,0,0,0,0,0,0
2024/05/24 星期五 00:59:27.482,1716483567482,NH-DC-NM129-H06-ROCE-Leaf-16.GPU.S9825,TwoHundredGigE1/0/16:2,3008150,12093644618,3018301,12100838144,67.45,67.50
2024/05/24 星期五 00:59:27.983,1716483567983,NH-DC-NM129-H06-ROCE-Leaf-16.GPU.S9825,TwoHundredGigE1/0/16:2,0,0,0,0,0,0
2024/05/24 星期五 00:59:28.551,1716483568551,NH-DC-NM129-H06-ROCE-Leaf-16.GPU.S9825,TwoHundredGigE1/0/16:2,1583527,6274300548,1588202,6283024441,44.15,44.23
2024/05/24 星期五 00:59:29.144,1716483569144,NH-DC-NM129-H06-ROCE-Leaf-16.GPU.S9825,TwoHundredGigE1/0/16:2,2119482,8398840516,2122315,8394682454,56.59,56.59
2024/05/24 星期五 00:59:29.719,1716483569719,NH-DC-NM129-H06-ROCE-Leaf-16.GPU.S9825,TwoHundredGigE1/0/16:2,0,0,0,0,0,0
2024/05/24 星期五 00:59:30.429,1716483570429,NH-DC-NM129-H06-ROCE-Leaf-16.GPU.S9825,TwoHundredGigE1/0/16:2,2890385,11612354676,2895428,11609410452,65.41,65.35
2024/05/24 星期五 00:59:31.086,1716483571086,NH-DC-NM129-H06-ROCE-Leaf-16.GPU.S9825,TwoHundredGigE1/0/16:2,0,0,0,0,0,0
2024/05/24 星期五 00:59:31.590,1716483571590,NH-DC-NM129-H06-ROCE-Leaf-16.GPU.S9825,TwoHundredGigE1/0/16:2,2130083,8440461066,2134105,8440725862,66.98,66.98
2024/05/24 星期五 00:59:32.642,1716483572642,NH-DC-NM129-H06-ROCE-Leaf-16.GPU.S9825,TwoHundredGigE1/0/16:2,2355910,9335656028,2360331,9336434667,35.48,35.48
2024/05/24 星期五 00:59:33.142,1716483573142,NH-DC-NM129-H06-ROCE-Leaf-16.GPU.S9825,TwoHundredGigE1/0/16:2,1452538,5754876644,1455525,5755074590,46,46
2024/05/24 星期五 00:59:33.885,1716483573885,NH-DC-NM129-H06-ROCE-Leaf-16.GPU.S9825,TwoHundredGigE1/0/16:2,0,0,0,0,0,0
2024/05/24 星期五 00:59:34.434,1716483574434,NH-DC-NM129-H06-ROCE-Leaf-16.GPU.S9825,TwoHundredGigE1/0/16:2,3335115,13379927114,3342934,13380671823,97.41,97.49
2024/05/24 星期五 00:59:34.952,1716483574952,NH-DC-NM129-H06-ROCE-Leaf-16.GPU.S9825,TwoHundredGigE1/0/16:2,0,0,0,0,0,0
2024/05/24 星期五 00:59:35.597,1716483575597,NH-DC-NM129-H06-ROCE-Leaf-16.GPU.S9825,TwoHundredGigE1/0/16:2,1662714,6585493500,1668854,6599613242,40.81,40.87
2024/05/24 星期五 00:59:36.098,1716483576098,NH-DC-NM129-H06-ROCE-Leaf-16.GPU.S9825,TwoHundredGigE1/0/16:2,2128631,8435012918,2128883,8420229141,67.31,67.23
2024/05/24 星期五 00:59:36.647,1716483576647,NH-DC-NM129-H06-ROCE-Leaf-16.GPU.S9825,TwoHundredGigE1/0/16:2,0,0,0,0,0,0
2024/05/24 星期五 00:59:37.449,1716483577449,NH-DC-NM129-H06-ROCE-Leaf-16.GPU.S9825,TwoHundredGigE1/0/16:2,2196579,8797976938,2204019,8808906064,43.84,43.89
2024/05/24 星期五 00:59:37.953,1716483577953,NH-DC-NM129-H06-ROCE-Leaf-16.GPU.S9825,TwoHundredGigE1/0/16:2,0,0,0,0,0,0
2024/05/24 星期五 00:59:38.502,1716483578502,NH-DC-NM129-H06-ROCE-Leaf-16.GPU.S9825,TwoHundredGigE1/0/16:2,2248215,8978146754,2250963,8969923891,65.36,65.28
2024/05/24 星期五 00:59:39.077,1716483579077,NH-DC-NM129-H06-ROCE-Leaf-16.GPU.S9825,TwoHundredGigE1/0/16:2,2065410,8184682280,2069542,8185513472,56.90,56.90
2024/05/24 星期五 00:59:39.650,1716483579650,NH-DC-NM129-H06-ROCE-Leaf-16.GPU.S9825,TwoHundredGigE1/0/16:2,0,0,0,0,0,0
2024/05/24 星期五 00:59:40.149,1716483580149,NH-DC-NM129-H06-ROCE-Leaf-16.GPU.S9825,TwoHundredGigE1/0/16:2,1936335,7673139354,1939780,7673366349,61.48,61.48
2024/05/24 星期五 00:59:41.375,1716483581375,NH-DC-NM129-H06-ROCE-Leaf-16.GPU.S9825,TwoHundredGigE1/0/16:2,2659701,10706312676,2666550,10704412094,34.91,34.91
2024/05/24 星期五 00:59:41.893,1716483581893,NH-DC-NM129-H06-ROCE-Leaf-16.GPU.S9825,TwoHundredGigE1/0/16:2,0,0,0,0,0,0
2024/05/24 星期五 00:59:42.394,1716483582394,NH-DC-NM129-H06-ROCE-Leaf-16.GPU.S9825,TwoHundredGigE1/0/16:2,2060255,8163473444,2064151,8164716933,65.15,65.15
2024/05/24 星期五 00:59:43.074,1716483583074,NH-DC-NM129-H06-ROCE-Leaf-16.GPU.S9825,TwoHundredGigE1/0/16:2,2194689,8696237174,2198668,8696987096,51.12,51.12
2024/05/24 星期五 00:59:43.787,1716483583787,NH-DC-NM129-H06-ROCE-Leaf-16.GPU.S9825,TwoHundredGigE1/0/16:2,0,0,0,0,0,0
2024/05/24 星期五 00:59:44.533,1716483584533,NH-DC-NM129-H06-ROCE-Leaf-16.GPU.S9825,TwoHundredGigE1/0/16:2,1644066,6514220648,1647603,6517222135,34.91,34.91
2024/05/24 星期五 00:59:45.654,1716483585654,NH-DC-NM129-H06-ROCE-Leaf-16.GPU.S9825,TwoHundredGigE1/0/16:2,3238060,12993267920,3245193,12991313906,46.35,46.35
2024/05/24 星期五 00:59:46.162,1716483586162,NH-DC-NM129-H06-ROCE-Leaf-16.GPU.S9825,TwoHundredGigE1/0/16:2,1969234,7801072000,1972282,7801616765,61.42,61.42
2024/05/24 星期五 00:59:46.774,1716483586774,NH-DC-NM129-H06-ROCE-Leaf-16.GPU.S9825,TwoHundredGigE1/0/16:2,0,0,0,0,0,0
2024/05/24 星期五 00:59:47.548,1716483587548,NH-DC-NM129-H06-ROCE-Leaf-16.GPU.S9825,TwoHundredGigE1/0/16:2,1977657,7836610118,1982010,7840881710,40.47,40.52
2024/05/24 星期五 00:59:48.106,1716483588106,NH-DC-NM129-H06-ROCE-Leaf-16.GPU.S9825,TwoHundredGigE1/0/16:2,2871423,11542935770,2878013,11539762569,82.72,82.65
2024/05/24 星期五 00:59:48.606,1716483588606,NH-DC-NM129-H06-ROCE-Leaf-16.GPU.S9825,TwoHundredGigE1/0/16:2,0,0,0,0,0,0
2024/05/24 星期五 00:59:49.165,1716483589165,NH-DC-NM129-H06-ROCE-Leaf-16.GPU.S9825,TwoHundredGigE1/0/16:2,2033153,8056796466,2036871,8057041518,57.60,57.60
2024/05/24 星期五 00:59:49.770,1716483589770,NH-DC-NM129-H06-ROCE-Leaf-16.GPU.S9825,TwoHundredGigE1/0/16:2,0,0,0,0,0,0
2024/05/24 星期五 00:59:50.275,1716483590275,NH-DC-NM129-H06-ROCE-Leaf-16.GPU.S9825,TwoHundredGigE1/0/16:2,2226977,8824124546,2230880,8824589405,69.86,69.86
2024/05/24 星期五 00:59:51.134,1716483591134,NH-DC-NM129-H06-ROCE-Leaf-16.GPU.S9825,TwoHundredGigE1/0/16:2,1821399,7211828010,1824683,7213125292,33.57,33.57
2024/05/24 星期五 00:59:51.650,1716483591650,NH-DC-NM129-H06-ROCE-Leaf-16.GPU.S9825,TwoHundredGigE1/0/16:2,0,0,0,0,0,0
2024/05/24 星期五 00:59:52.149,1716483592149,NH-DC-NM129-H06-ROCE-Leaf-16.GPU.S9825,TwoHundredGigE1/0/16:2,3097037,12443562722,3104506,12440437303,99.72,99.72
2024/05/24 星期五 00:59:52.752,1716483592752,NH-DC-NM129-H06-ROCE-Leaf-16.GPU.S9825,TwoHundredGigE1/0/16:2,0,0,0,0,0,0
2024/05/24 星期五 00:59:53.354,1716483593354,NH-DC-NM129-H06-ROCE-Leaf-16.GPU.S9825,TwoHundredGigE1/0/16:2,1745076,6915080502,1748982,6918274913,45.91,45.91
2024/05/24 星期五 00:59:53.903,1716483593903,NH-DC-NM129-H06-ROCE-Leaf-16.GPU.S9825,TwoHundredGigE1/0/16:2,2062273,8172191426,2066709,8174827417,59.53,59.53
2024/05/24 星期五 00:59:54.694,1716483594694,NH-DC-NM129-H06-ROCE-Leaf-16.GPU.S9825,TwoHundredGigE1/0/16:2,0,0,0,0,0,0
2024/05/24 星期五 00:59:55.363,1716483595363,NH-DC-NM129-H06-ROCE-Leaf-16.GPU.S9825,TwoHundredGigE1/0/16:2,2972982,11945572328,2980119,11944308376,71.39,71.39
2024/05/24 星期五 00:59:56.041,1716483596041,NH-DC-NM129-H06-ROCE-Leaf-16.GPU.S9825,TwoHundredGigE1/0/16:2,2065493,8184686550,2069226,8184932541,48.26,48.26
2024/05/24 星期五 00:59:56.657,1716483596657,NH-DC-NM129-H06-ROCE-Leaf-16.GPU.S9825,TwoHundredGigE1/0/16:2,0,0,0,0,0,0
2024/05/24 星期五 00:59:57.177,1716483597177,NH-DC-NM129-H06-ROCE-Leaf-16.GPU.S9825,TwoHundredGigE1/0/16:2,2194582,8696230240,2198528,8696907644,66.85,66.85
2024/05/24 星期五 00:59:58.020,1716483598020,NH-DC-NM129-H06-ROCE-Leaf-16.GPU.S9825,TwoHundredGigE1/0/16:2,0,0,0,0,0,0
2024/05/24 星期五 00:59:58.522,1716483598522,NH-DC-NM129-H06-ROCE-Leaf-16.GPU.S9825,TwoHundredGigE1/0/16:2,1549167,6138512766,1551913,6138693675,48.84,48.84
2024/05/24 星期五 00:59:59.043,1716483599043,NH-DC-NM129-H06-ROCE-Leaf-16.GPU.S9825,TwoHundredGigE1/0/16:2,3073832,12345821636,3082030,12346710464,94.74,94.74
2024/05/24 星期五 00:59:59.666,1716483599666,NH-DC-NM129-H06-ROCE-Leaf-16.GPU.S9825,TwoHundredGigE1/0/16:2,0,0,0,0,0,0
