SaveTime,SaveTimeUTC,DeviceName,PortName,InPkts,InOctets,OutPkts,OutOctets,InRatio,OutRatio
2024/05/24 星期五 00:00:00.933,1716480000933,NH-DC-NM129-D06-ROCE-Leaf-8.GPU.S9825,FourHundredGigE1/0/54,0,0,0,0,0,0
2024/05/24 星期五 00:04:08.603,1716480248603,NH-DC-NM129-D06-ROCE-Leaf-8.GPU.S9825,FourHundredGigE1/0/54,47160459,182443578172,49145468,196389956373,0.92,0.99
2024/05/24 星期五 00:04:13.170,1716480253170,NH-DC-NM129-D06-ROCE-Leaf-8.GPU.S9825,FourHundredGigE1/0/54,575921,2296452476,448925,1691765233,0.63,0.46
2024/05/24 星期五 00:04:13.723,1716480253723,NH-DC-NM129-D06-ROCE-Leaf-8.GPU.S9825,FourHundredGigE1/0/54,133111,492228202,177371,687104463,1.11,1.54
2024/05/24 星期五 00:04:14.306,1716480254306,NH-DC-NM129-D06-ROCE-Leaf-8.GPU.S9825,FourHundredGigE1/0/54,201818,786113652,268199,1082312842,1.67,2.32
2024/05/24 星期五 00:04:14.906,1716480254906,NH-DC-NM129-D06-ROCE-Leaf-8.GPU.S9825,FourHundredGigE1/0/54,0,0,0,0,0,0
2024/05/24 星期五 00:04:15.615,1716480255615,NH-DC-NM129-D06-ROCE-Leaf-8.GPU.S9825,FourHundredGigE1/0/54,174304,686581683,108700,400623679,1.20,0.71
2024/05/24 星期五 00:04:16.475,1716480256475,NH-DC-NM129-D06-ROCE-Leaf-8.GPU.S9825,FourHundredGigE1/0/54,123012,482247024,233662,907364392,0.70,1.31
2024/05/24 星期五 00:04:17.115,1716480257115,NH-DC-NM129-D06-ROCE-Leaf-8.GPU.S9825,FourHundredGigE1/0/54,0,0,0,0,0,0
2024/05/24 星期五 00:04:17.617,1716480257617,NH-DC-NM129-D06-ROCE-Leaf-8.GPU.S9825,FourHundredGigE1/0/54,285819,1107394661,509048,2073753369,2.74,5.15
2024/05/24 星期五 00:04:18.183,1716480258183,NH-DC-NM129-D06-ROCE-Leaf-8.GPU.S9825,FourHundredGigE1/0/54,145485,568219945,143646,542937490,1.24,1.19
2024/05/24 星期五 00:04:19.431,1716480259431,NH-DC-NM129-D06-ROCE-Leaf-8.GPU.S9825,FourHundredGigE1/0/54,244672,1004091531,57338,216064450,1.00,0.21
2024/05/24 星期五 00:04:20.068,1716480260068,NH-DC-NM129-D06-ROCE-Leaf-8.GPU.S9825,FourHundredGigE1/0/54,0,0,0,0,0,0
2024/05/24 星期五 00:04:20.684,1716480260684,NH-DC-NM129-D06-ROCE-Leaf-8.GPU.S9825,FourHundredGigE1/0/54,681515,2784115092,73194,238190281,5.64,0.47
2024/05/24 星期五 00:04:21.316,1716480261316,NH-DC-NM129-D06-ROCE-Leaf-8.GPU.S9825,FourHundredGigE1/0/54,99299,296878588,129156,500351153,0.57,0.99
2024/05/24 星期五 00:04:21.999,1716480261999,NH-DC-NM129-D06-ROCE-Leaf-8.GPU.S9825,FourHundredGigE1/0/54,0,0,0,0,0,0
2024/05/24 星期五 00:04:22.554,1716480262554,NH-DC-NM129-D06-ROCE-Leaf-8.GPU.S9825,FourHundredGigE1/0/54,106475,421882489,255468,981426598,0.95,2.21
2024/05/24 星期五 00:04:23.128,1716480263128,NH-DC-NM129-D06-ROCE-Leaf-8.GPU.S9825,FourHundredGigE1/0/54,0,0,0,0,0,0
2024/05/24 星期五 00:04:23.630,1716480263630,NH-DC-NM129-D06-ROCE-Leaf-8.GPU.S9825,FourHundredGigE1/0/54,255749,995224061,109338,339278386,2.47,0.82
2024/05/24 星期五 00:04:24.235,1716480264235,NH-DC-NM129-D06-ROCE-Leaf-8.GPU.S9825,FourHundredGigE1/0/54,317960,1297853333,414294,1623538309,2.67,3.35
2024/05/24 星期五 00:04:24.833,1716480264833,NH-DC-NM129-D06-ROCE-Leaf-8.GPU.S9825,FourHundredGigE1/0/54,0,0,0,0,0,0
2024/05/24 星期五 00:04:25.465,1716480265465,NH-DC-NM129-D06-ROCE-Leaf-8.GPU.S9825,FourHundredGigE1/0/54,129728,511767971,231724,883051538,1.01,1.74
2024/05/24 星期五 00:04:26.094,1716480266094,NH-DC-NM129-D06-ROCE-Leaf-8.GPU.S9825,FourHundredGigE1/0/54,0,0,0,0,0,0
2024/05/24 星期五 00:04:26.644,1716480266644,NH-DC-NM129-D06-ROCE-Leaf-8.GPU.S9825,FourHundredGigE1/0/54,175125,663873053,387504,1546381952,1.5,3.5
2024/05/24 星期五 00:04:27.172,1716480267172,NH-DC-NM129-D06-ROCE-Leaf-8.GPU.S9825,FourHundredGigE1/0/54,0,0,0,0,0,0
2024/05/24 星期五 00:04:27.686,1716480267686,NH-DC-NM129-D06-ROCE-Leaf-8.GPU.S9825,FourHundredGigE1/0/54,233212,891459143,395177,1551246270,2.16,3.77
2024/05/24 星期五 00:04:28.330,1716480268330,NH-DC-NM129-D06-ROCE-Leaf-8.GPU.S9825,FourHundredGigE1/0/54,294977,1173251403,173348,646511533,2.27,1.24
2024/05/24 星期五 00:04:29.030,1716480269030,NH-DC-NM129-D06-ROCE-Leaf-8.GPU.S9825,FourHundredGigE1/0/54,0,0,0,0,0,0
2024/05/24 星期五 00:04:29.547,1716480269547,NH-DC-NM129-D06-ROCE-Leaf-8.GPU.S9825,FourHundredGigE1/0/54,160625,621296110,182000,661227518,1.50,1.60
2024/05/24 星期五 00:04:30.080,1716480270080,NH-DC-NM129-D06-ROCE-Leaf-8.GPU.S9825,FourHundredGigE1/0/54,0,0,0,0,0,0
2024/05/24 星期五 00:04:30.581,1716480270581,NH-DC-NM129-D06-ROCE-Leaf-8.GPU.S9825,FourHundredGigE1/0/54,204740,744194104,153719,589190656,1.85,1.45
2024/05/24 星期五 00:04:31.153,1716480271153,NH-DC-NM129-D06-ROCE-Leaf-8.GPU.S9825,FourHundredGigE1/0/54,230637,876310866,130269,516339666,1.90,1.11
2024/05/24 星期五 00:04:31.817,1716480271817,NH-DC-NM129-D06-ROCE-Leaf-8.GPU.S9825,FourHundredGigE1/0/54,0,0,0,0,0,0
2024/05/24 星期五 00:04:32.512,1716480272512,NH-DC-NM129-D06-ROCE-Leaf-8.GPU.S9825,FourHundredGigE1/0/54,321651,1289389422,387657,1580790586,2.30,2.84
2024/05/24 星期五 00:04:33.090,1716480273090,NH-DC-NM129-D06-ROCE-Leaf-8.GPU.S9825,FourHundredGigE1/0/54,0,0,0,0,0,0
2024/05/24 星期五 00:04:33.594,1716480273594,NH-DC-NM129-D06-ROCE-Leaf-8.GPU.S9825,FourHundredGigE1/0/54,68720,269888740,140492,541493466,0.64,1.34
2024/05/24 星期五 00:04:34.258,1716480274258,NH-DC-NM129-D06-ROCE-Leaf-8.GPU.S9825,FourHundredGigE1/0/54,83018,308495738,215822,809841758,0.56,1.51
2024/05/24 星期五 00:04:34.840,1716480274840,NH-DC-NM129-D06-ROCE-Leaf-8.GPU.S9825,FourHundredGigE1/0/54,0,0,0,0,0,0
2024/05/24 星期五 00:04:35.386,1716480275386,NH-DC-NM129-D06-ROCE-Leaf-8.GPU.S9825,FourHundredGigE1/0/54,220491,838917174,176215,616488346,1.90,1.40
2024/05/24 星期五 00:04:35.954,1716480275954,NH-DC-NM129-D06-ROCE-Leaf-8.GPU.S9825,FourHundredGigE1/0/54,0,0,0,0,0,0
2024/05/24 星期五 00:04:36.567,1716480276567,NH-DC-NM129-D06-ROCE-Leaf-8.GPU.S9825,FourHundredGigE1/0/54,216659,816149524,319307,1274197524,1.65,2.59
2024/05/24 星期五 00:04:37.069,1716480277069,NH-DC-NM129-D06-ROCE-Leaf-8.GPU.S9825,FourHundredGigE1/0/54,150207,578519082,151850,594527069,1.42,1.47
2024/05/24 星期五 00:04:38.097,1716480278097,NH-DC-NM129-D06-ROCE-Leaf-8.GPU.S9825,FourHundredGigE1/0/54,156665,620247435,175539,673504170,0.75,0.81
2024/05/24 星期五 00:04:39.652,1716480279652,NH-DC-NM129-D06-ROCE-Leaf-8.GPU.S9825,FourHundredGigE1/0/54,130740,482439969,230128,858290160,0.39,0.68
2024/05/24 星期五 00:04:40.291,1716480280291,NH-DC-NM129-D06-ROCE-Leaf-8.GPU.S9825,FourHundredGigE1/0/54,195922,756059968,243807,924794385,1.47,1.80
2024/05/24 星期五 00:04:40.897,1716480280897,NH-DC-NM129-D06-ROCE-Leaf-8.GPU.S9825,FourHundredGigE1/0/54,0,0,0,0,0,0
2024/05/24 星期五 00:04:41.518,1716480281518,NH-DC-NM129-D06-ROCE-Leaf-8.GPU.S9825,FourHundredGigE1/0/54,296041,1143777754,69010,234300118,2.29,0.46
2024/05/24 星期五 00:04:42.073,1716480282073,NH-DC-NM129-D06-ROCE-Leaf-8.GPU.S9825,FourHundredGigE1/0/54,0,0,0,0,0,0
2024/05/24 星期五 00:04:42.625,1716480282625,NH-DC-NM129-D06-ROCE-Leaf-8.GPU.S9825,FourHundredGigE1/0/54,341361,1363607903,100454,368916756,3.08,0.82
2024/05/24 星期五 00:04:43.370,1716480283370,NH-DC-NM129-D06-ROCE-Leaf-8.GPU.S9825,FourHundredGigE1/0/54,488228,1951781448,238633,878051666,3.27,1.46
2024/05/24 星期五 00:04:43.956,1716480283956,NH-DC-NM129-D06-ROCE-Leaf-8.GPU.S9825,FourHundredGigE1/0/54,0,0,0,0,0,0
2024/05/24 星期五 00:04:44.458,1716480284458,NH-DC-NM129-D06-ROCE-Leaf-8.GPU.S9825,FourHundredGigE1/0/54,239546,942600134,245679,853692712,2.34,2.12
2024/05/24 星期五 00:04:45.017,1716480285017,NH-DC-NM129-D06-ROCE-Leaf-8.GPU.S9825,FourHundredGigE1/0/54,0,0,0,0,0,0
2024/05/24 星期五 00:04:45.540,1716480285540,NH-DC-NM129-D06-ROCE-Leaf-8.GPU.S9825,FourHundredGigE1/0/54,211877,823668290,295023,1050023182,1.96,2.51
2024/05/24 星期五 00:04:48.110,1716480288110,NH-DC-NM129-D06-ROCE-Leaf-8.GPU.S9825,FourHundredGigE1/0/54,552011,2010382309,704015,2592487227,0.98,1.26
2024/05/24 星期五 00:04:48.614,1716480288614,NH-DC-NM129-D06-ROCE-Leaf-8.GPU.S9825,FourHundredGigE1/0/54,176216,665398732,323677,1220834520,1.64,3.03
2024/05/24 星期五 00:04:49.871,1716480289871,NH-DC-NM129-D06-ROCE-Leaf-8.GPU.S9825,FourHundredGigE1/0/54,68700,217392862,86606,290332034,0.21,0.29
2024/05/24 星期五 00:04:50.396,1716480290396,NH-DC-NM129-D06-ROCE-Leaf-8.GPU.S9825,FourHundredGigE1/0/54,157893,433667354,300018,1206199894,1.02,2.86
2024/05/24 星期五 00:04:51.068,1716480291068,NH-DC-NM129-D06-ROCE-Leaf-8.GPU.S9825,FourHundredGigE1/0/54,0,0,0,0,0,0
2024/05/24 星期五 00:04:51.709,1716480291709,NH-DC-NM129-D06-ROCE-Leaf-8.GPU.S9825,FourHundredGigE1/0/54,268884,1062333605,475027,1819852958,2.07,3.53
2024/05/24 星期五 00:04:52.210,1716480292210,NH-DC-NM129-D06-ROCE-Leaf-8.GPU.S9825,FourHundredGigE1/0/54,152484,508689813,366861,1361676346,1.25,3.39
2024/05/24 星期五 00:04:52.786,1716480292786,NH-DC-NM129-D06-ROCE-Leaf-8.GPU.S9825,FourHundredGigE1/0/54,0,0,0,0,0,0
2024/05/24 星期五 00:04:53.388,1716480293388,NH-DC-NM129-D06-ROCE-Leaf-8.GPU.S9825,FourHundredGigE1/0/54,420311,1527294761,128720,503625257,3.16,1.04
2024/05/24 星期五 00:04:53.912,1716480293912,NH-DC-NM129-D06-ROCE-Leaf-8.GPU.S9825,FourHundredGigE1/0/54,0,0,0,0,0,0
2024/05/24 星期五 00:04:54.513,1716480294513,NH-DC-NM129-D06-ROCE-Leaf-8.GPU.S9825,FourHundredGigE1/0/54,245757,916848816,258404,1005610790,1.89,2.08
2024/05/24 星期五 00:04:55.070,1716480295070,NH-DC-NM129-D06-ROCE-Leaf-8.GPU.S9825,FourHundredGigE1/0/54,0,0,0,0,0,0
2024/05/24 星期五 00:04:55.571,1716480295571,NH-DC-NM129-D06-ROCE-Leaf-8.GPU.S9825,FourHundredGigE1/0/54,329317,1316920855,183486,681430501,3.27,1.70
2024/05/24 星期五 00:04:56.212,1716480296212,NH-DC-NM129-D06-ROCE-Leaf-8.GPU.S9825,FourHundredGigE1/0/54,448023,1744899370,132137,487673000,3.39,0.94
2024/05/24 星期五 00:04:56.846,1716480296846,NH-DC-NM129-D06-ROCE-Leaf-8.GPU.S9825,FourHundredGigE1/0/54,0,0,0,0,0,0
2024/05/24 星期五 00:04:57.346,1716480297346,NH-DC-NM129-D06-ROCE-Leaf-8.GPU.S9825,FourHundredGigE1/0/54,619874,2374165452,560081,1971866608,5.92,4.92
2024/05/24 星期五 00:04:57.948,1716480297948,NH-DC-NM129-D06-ROCE-Leaf-8.GPU.S9825,FourHundredGigE1/0/54,0,0,0,0,0,0
2024/05/24 星期五 00:04:58.602,1716480298602,NH-DC-NM129-D06-ROCE-Leaf-8.GPU.S9825,FourHundredGigE1/0/54,289735,1100842213,198165,621857354,2.10,1.19
2024/05/24 星期五 00:04:59.146,1716480299146,NH-DC-NM129-D06-ROCE-Leaf-8.GPU.S9825,FourHundredGigE1/0/54,319594,1265147345,129160,420277161,2.90,0.97
2024/05/24 星期五 00:04:59.816,1716480299816,NH-DC-NM129-D06-ROCE-Leaf-8.GPU.S9825,FourHundredGigE1/0/54,0,0,0,0,0,0
2024/05/24 星期五 00:05:00.379,1716480300379,NH-DC-NM129-D06-ROCE-Leaf-8.GPU.S9825,FourHundredGigE1/0/54,165682,666886386,109237,383296462,1.47,0.84
2024/05/24 星期五 00:05:00.932,1716480300932,NH-DC-NM129-D06-ROCE-Leaf-8.GPU.S9825,FourHundredGigE1/0/54,0,0,0,0,0,0
2024/05/24 星期五 00:05:01.433,1716480301433,NH-DC-NM129-D06-ROCE-Leaf-8.GPU.S9825,FourHundredGigE1/0/54,360703,1429583450,312569,1259135052,3.54,3.12
2024/05/24 星期五 00:05:02.028,1716480302028,NH-DC-NM129-D06-ROCE-Leaf-8.GPU.S9825,FourHundredGigE1/0/54,0,0,0,0,0,0
2024/05/24 星期五 00:05:02.529,1716480302529,NH-DC-NM129-D06-ROCE-Leaf-8.GPU.S9825,FourHundredGigE1/0/54,241575,954336107,193636,725055821,2.37,1.80
2024/05/24 星期五 00:05:03.225,1716480303225,NH-DC-NM129-D06-ROCE-Leaf-8.GPU.S9825,FourHundredGigE1/0/54,0,0,0,0,0,0
2024/05/24 星期五 00:05:03.729,1716480303729,NH-DC-NM129-D06-ROCE-Leaf-8.GPU.S9825,FourHundredGigE1/0/54,278768,1146755714,77738,202165319,2.83,0.50
2024/05/24 星期五 00:05:04.272,1716480304272,NH-DC-NM129-D06-ROCE-Leaf-8.GPU.S9825,FourHundredGigE1/0/54,242728,999908903,88382,319507459,2.28,0.71
2024/05/24 星期五 00:05:04.832,1716480304832,NH-DC-NM129-D06-ROCE-Leaf-8.GPU.S9825,FourHundredGigE1/0/54,0,0,0,0,0,0
2024/05/24 星期五 00:05:05.417,1716480305417,NH-DC-NM129-D06-ROCE-Leaf-8.GPU.S9825,FourHundredGigE1/0/54,135092,543382914,129163,450793690,1.15,0.96
2024/05/24 星期五 00:05:05.919,1716480305919,NH-DC-NM129-D06-ROCE-Leaf-8.GPU.S9825,FourHundredGigE1/0/54,0,0,0,0,0,0
2024/05/24 星期五 00:05:06.596,1716480306596,NH-DC-NM129-D06-ROCE-Leaf-8.GPU.S9825,FourHundredGigE1/0/54,63098,204176325,142075,538122503,0.37,0.98
2024/05/24 星期五 00:05:07.171,1716480307171,NH-DC-NM129-D06-ROCE-Leaf-8.GPU.S9825,FourHundredGigE1/0/54,0,0,0,0,0,0
2024/05/24 星期五 00:05:07.681,1716480307681,NH-DC-NM129-D06-ROCE-Leaf-8.GPU.S9825,FourHundredGigE1/0/54,62764,229911830,96418,375371531,0.54,0.91
2024/05/24 星期五 00:05:08.326,1716480308326,NH-DC-NM129-D06-ROCE-Leaf-8.GPU.S9825,FourHundredGigE1/0/54,366981,1493056849,538031,2170861711,2.89,4.21
2024/05/24 星期五 00:05:08.918,1716480308918,NH-DC-NM129-D06-ROCE-Leaf-8.GPU.S9825,FourHundredGigE1/0/54,0,0,0,0,0,0
2024/05/24 星期五 00:05:09.419,1716480309419,NH-DC-NM129-D06-ROCE-Leaf-8.GPU.S9825,FourHundredGigE1/0/54,150124,522070723,178044,808739866,1.30,2.00
2024/05/24 星期五 00:05:10.144,1716480310144,NH-DC-NM129-D06-ROCE-Leaf-8.GPU.S9825,FourHundredGigE1/0/54,447473,1788419558,162360,594332711,3.07,1.02
2024/05/24 星期五 00:05:10.760,1716480310760,NH-DC-NM129-D06-ROCE-Leaf-8.GPU.S9825,FourHundredGigE1/0/54,0,0,0,0,0,0
2024/05/24 星期五 00:05:11.447,1716480311447,NH-DC-NM129-D06-ROCE-Leaf-8.GPU.S9825,FourHundredGigE1/0/54,145910,447898118,361605,1460850632,0.80,2.66
2024/05/24 星期五 00:05:12.049,1716480312049,NH-DC-NM129-D06-ROCE-Leaf-8.GPU.S9825,FourHundredGigE1/0/54,0,0,0,0,0,0
2024/05/24 星期五 00:05:12.571,1716480312571,NH-DC-NM129-D06-ROCE-Leaf-8.GPU.S9825,FourHundredGigE1/0/54,438119,1698001368,428363,1730623567,4.05,4.14
2024/05/24 星期五 00:05:13.192,1716480313192,NH-DC-NM129-D06-ROCE-Leaf-8.GPU.S9825,FourHundredGigE1/0/54,212383,842283058,133451,494995496,1.69,0.99
2024/05/24 星期五 00:05:13.815,1716480313815,NH-DC-NM129-D06-ROCE-Leaf-8.GPU.S9825,FourHundredGigE1/0/54,0,0,0,0,0,0
2024/05/24 星期五 00:05:14.355,1716480314355,NH-DC-NM129-D06-ROCE-Leaf-8.GPU.S9825,FourHundredGigE1/0/54,193958,755244148,125658,475261290,1.74,1.09
2024/05/24 星期五 00:05:14.940,1716480314940,NH-DC-NM129-D06-ROCE-Leaf-8.GPU.S9825,FourHundredGigE1/0/54,0,0,0,0,0,0
2024/05/24 星期五 00:05:15.551,1716480315551,NH-DC-NM129-D06-ROCE-Leaf-8.GPU.S9825,FourHundredGigE1/0/54,154776,547857897,395502,1510080269,1.10,3.09
2024/05/24 星期五 00:05:16.054,1716480316054,NH-DC-NM129-D06-ROCE-Leaf-8.GPU.S9825,FourHundredGigE1/0/54,0,0,0,0,0,0
2024/05/24 星期五 00:05:16.591,1716480316591,NH-DC-NM129-D06-ROCE-Leaf-8.GPU.S9825,FourHundredGigE1/0/54,652444,2533950468,234108,896139046,5.89,2.07
2024/05/24 星期五 00:05:17.210,1716480317210,NH-DC-NM129-D06-ROCE-Leaf-8.GPU.S9825,FourHundredGigE1/0/54,0,0,0,0,0,0
2024/05/24 星期五 00:05:17.713,1716480317713,NH-DC-NM129-D06-ROCE-Leaf-8.GPU.S9825,FourHundredGigE1/0/54,148730,598633320,215711,853387997,1.47,2.11
2024/05/24 星期五 00:05:18.300,1716480318300,NH-DC-NM129-D06-ROCE-Leaf-8.GPU.S9825,FourHundredGigE1/0/54,365978,1455602932,138629,524641774,3.09,1.11
2024/05/24 星期五 00:05:19.610,1716480319610,NH-DC-NM129-D06-ROCE-Leaf-8.GPU.S9825,FourHundredGigE1/0/54,842616,3415717216,338407,1312392475,3.25,1.25
2024/05/24 星期五 00:05:20.285,1716480320285,NH-DC-NM129-D06-ROCE-Leaf-8.GPU.S9825,FourHundredGigE1/0/54,140608,535182072,224382,853256184,0.98,1.57
2024/05/24 星期五 00:05:20.840,1716480320840,NH-DC-NM129-D06-ROCE-Leaf-8.GPU.S9825,FourHundredGigE1/0/54,0,0,0,0,0,0
2024/05/24 星期五 00:05:21.400,1716480321400,NH-DC-NM129-D06-ROCE-Leaf-8.GPU.S9825,FourHundredGigE1/0/54,221294,885129272,170435,617296342,1.96,1.36
2024/05/24 星期五 00:05:21.992,1716480321992,NH-DC-NM129-D06-ROCE-Leaf-8.GPU.S9825,FourHundredGigE1/0/54,0,0,0,0,0,0
2024/05/24 星期五 00:05:22.559,1716480322559,NH-DC-NM129-D06-ROCE-Leaf-8.GPU.S9825,FourHundredGigE1/0/54,159984,612020698,308754,1216092540,1.34,2.67
2024/05/24 星期五 00:05:23.105,1716480323105,NH-DC-NM129-D06-ROCE-Leaf-8.GPU.S9825,FourHundredGigE1/0/54,0,0,0,0,0,0
2024/05/24 星期五 00:05:23.697,1716480323697,NH-DC-NM129-D06-ROCE-Leaf-8.GPU.S9825,FourHundredGigE1/0/54,199068,723787124,279112,1111002142,1.52,2.34
2024/05/24 星期五 00:05:24.264,1716480324264,NH-DC-NM129-D06-ROCE-Leaf-8.GPU.S9825,FourHundredGigE1/0/54,0,0,0,0,0,0
2024/05/24 星期五 00:05:24.765,1716480324765,NH-DC-NM129-D06-ROCE-Leaf-8.GPU.S9825,FourHundredGigE1/0/54,81885,322294747,138253,495496898,0.80,1.22
2024/05/24 星期五 00:05:25.363,1716480325363,NH-DC-NM129-D06-ROCE-Leaf-8.GPU.S9825,FourHundredGigE1/0/54,87364,296579180,117445,427675374,0.61,0.88
2024/05/24 星期五 00:05:25.921,1716480325921,NH-DC-NM129-D06-ROCE-Leaf-8.GPU.S9825,FourHundredGigE1/0/54,0,0,0,0,0,0
2024/05/24 星期五 00:05:26.421,1716480326421,NH-DC-NM129-D06-ROCE-Leaf-8.GPU.S9825,FourHundredGigE1/0/54,297644,1175055872,201927,771616890,2.92,1.92
2024/05/24 星期五 00:05:27.109,1716480327109,NH-DC-NM129-D06-ROCE-Leaf-8.GPU.S9825,FourHundredGigE1/0/54,0,0,0,0,0,0
2024/05/24 星期五 00:05:27.661,1716480327661,NH-DC-NM129-D06-ROCE-Leaf-8.GPU.S9825,FourHundredGigE1/0/54,95386,386219676,160821,614437914,0.86,1.38
2024/05/24 星期五 00:05:28.161,1716480328161,NH-DC-NM129-D06-ROCE-Leaf-8.GPU.S9825,FourHundredGigE1/0/54,161679,649240691,130673,525735964,1.6,1.3
2024/05/24 星期五 00:05:28.902,1716480328902,NH-DC-NM129-D06-ROCE-Leaf-8.GPU.S9825,FourHundredGigE1/0/54,0,0,0,0,0,0
2024/05/24 星期五 00:05:29.457,1716480329457,NH-DC-NM129-D06-ROCE-Leaf-8.GPU.S9825,FourHundredGigE1/0/54,113476,455106757,110558,410395052,1.01,0.92
2024/05/24 星期五 00:05:29.999,1716480329999,NH-DC-NM129-D06-ROCE-Leaf-8.GPU.S9825,FourHundredGigE1/0/54,0,0,0,0,0,0
2024/05/24 星期五 00:05:30.650,1716480330650,NH-DC-NM129-D06-ROCE-Leaf-8.GPU.S9825,FourHundredGigE1/0/54,310265,1249489414,334361,1278975228,2.38,2.44
2024/05/24 星期五 00:05:31.212,1716480331212,NH-DC-NM129-D06-ROCE-Leaf-8.GPU.S9825,FourHundredGigE1/0/54,0,0,0,0,0,0
2024/05/24 星期五 00:05:31.729,1716480331729,NH-DC-NM129-D06-ROCE-Leaf-8.GPU.S9825,FourHundredGigE1/0/54,119169,436559006,420787,1677844538,1.04,4.04
2024/05/24 星期五 00:05:32.415,1716480332415,NH-DC-NM129-D06-ROCE-Leaf-8.GPU.S9825,FourHundredGigE1/0/54,212861,833328684,2759823,11250592136,1.51,20.50
2024/05/24 星期五 00:05:32.980,1716480332980,NH-DC-NM129-D06-ROCE-Leaf-8.GPU.S9825,FourHundredGigE1/0/54,0,0,0,0,0,0
2024/05/24 星期五 00:05:33.482,1716480333482,NH-DC-NM129-D06-ROCE-Leaf-8.GPU.S9825,FourHundredGigE1/0/54,304564,1215848219,2267812,9241134148,3.01,23.01
2024/05/24 星期五 00:05:34.147,1716480334147,NH-DC-NM129-D06-ROCE-Leaf-8.GPU.S9825,FourHundredGigE1/0/54,0,0,0,0,0,0
2024/05/24 星期五 00:05:34.725,1716480334725,NH-DC-NM129-D06-ROCE-Leaf-8.GPU.S9825,FourHundredGigE1/0/54,210724,820346480,977101,3904621754,1.77,8.43
2024/05/24 星期五 00:05:35.247,1716480335247,NH-DC-NM129-D06-ROCE-Leaf-8.GPU.S9825,FourHundredGigE1/0/54,275187,1074190570,131843,502812746,2.56,1.20
2024/05/24 星期五 00:05:35.807,1716480335807,NH-DC-NM129-D06-ROCE-Leaf-8.GPU.S9825,FourHundredGigE1/0/54,0,0,0,0,0,0
2024/05/24 星期五 00:05:36.381,1716480336381,NH-DC-NM129-D06-ROCE-Leaf-8.GPU.S9825,FourHundredGigE1/0/54,178436,678146364,131638,514318485,1.46,1.11
2024/05/24 星期五 00:05:36.957,1716480336957,NH-DC-NM129-D06-ROCE-Leaf-8.GPU.S9825,FourHundredGigE1/0/54,372318,1528798327,270474,1101361516,3.30,2.39
2024/05/24 星期五 00:05:37.963,1716480337963,NH-DC-NM129-D06-ROCE-Leaf-8.GPU.S9825,FourHundredGigE1/0/54,71695,267864931,297680,1156125688,0.32,1.43
2024/05/24 星期五 00:05:39.541,1716480339541,NH-DC-NM129-D06-ROCE-Leaf-8.GPU.S9825,FourHundredGigE1/0/54,111489,452181341,111624,327988532,0.36,0.25
2024/05/24 星期五 00:05:40.211,1716480340211,NH-DC-NM129-D06-ROCE-Leaf-8.GPU.S9825,FourHundredGigE1/0/54,321806,1253449553,191033,763135833,2.33,1.42
2024/05/24 星期五 00:05:40.813,1716480340813,NH-DC-NM129-D06-ROCE-Leaf-8.GPU.S9825,FourHundredGigE1/0/54,0,0,0,0,0,0
2024/05/24 星期五 00:05:41.437,1716480341437,NH-DC-NM129-D06-ROCE-Leaf-8.GPU.S9825,FourHundredGigE1/0/54,316544,1283345676,240212,931705094,2.56,1.86
2024/05/24 星期五 00:05:41.939,1716480341939,NH-DC-NM129-D06-ROCE-Leaf-8.GPU.S9825,FourHundredGigE1/0/54,0,0,0,0,0,0
2024/05/24 星期五 00:05:42.509,1716480342509,NH-DC-NM129-D06-ROCE-Leaf-8.GPU.S9825,FourHundredGigE1/0/54,277555,1064934664,107233,424097310,2.32,0.92
2024/05/24 星期五 00:05:43.095,1716480343095,NH-DC-NM129-D06-ROCE-Leaf-8.GPU.S9825,FourHundredGigE1/0/54,0,0,0,0,0,0
2024/05/24 星期五 00:05:43.773,1716480343773,NH-DC-NM129-D06-ROCE-Leaf-8.GPU.S9825,FourHundredGigE1/0/54,240065,950766598,148264,556413431,1.75,1.01
2024/05/24 星期五 00:05:44.343,1716480344343,NH-DC-NM129-D06-ROCE-Leaf-8.GPU.S9825,FourHundredGigE1/0/54,151774,573848102,186252,657473669,1.25,1.43
2024/05/24 星期五 00:05:44.924,1716480344924,NH-DC-NM129-D06-ROCE-Leaf-8.GPU.S9825,FourHundredGigE1/0/54,0,0,0,0,0,0
2024/05/24 星期五 00:05:45.528,1716480345528,NH-DC-NM129-D06-ROCE-Leaf-8.GPU.S9825,FourHundredGigE1/0/54,241490,931685322,457697,1760093616,1.92,3.64
2024/05/24 星期五 00:05:46.090,1716480346090,NH-DC-NM129-D06-ROCE-Leaf-8.GPU.S9825,FourHundredGigE1/0/54,0,0,0,0,0,0
2024/05/24 星期五 00:05:46.639,1716480346639,NH-DC-NM129-D06-ROCE-Leaf-8.GPU.S9825,FourHundredGigE1/0/54,182197,688935814,296207,1158836670,1.55,2.62
2024/05/24 星期五 00:05:47.263,1716480347263,NH-DC-NM129-D06-ROCE-Leaf-8.GPU.S9825,FourHundredGigE1/0/54,178281,0,0,0,0,0
2024/05/24 星期五 00:05:47.765,1716480347765,NH-DC-NM129-D06-ROCE-Leaf-8.GPU.S9825,FourHundredGigE1/0/54,0,673863366,98372,371801487,1.67,0.92
2024/05/24 星期五 00:05:48.360,1716480348360,NH-DC-NM129-D06-ROCE-Leaf-8.GPU.S9825,FourHundredGigE1/0/54,272529,1058480722,769408,3144559224,2.21,6.60
2024/05/24 星期五 00:05:48.873,1716480348873,NH-DC-NM129-D06-ROCE-Leaf-8.GPU.S9825,FourHundredGigE1/0/54,0,0,0,0,0,0
2024/05/24 星期五 00:05:49.378,1716480349378,NH-DC-NM129-D06-ROCE-Leaf-8.GPU.S9825,FourHundredGigE1/0/54,191839,776346106,71757,256361418,1.91,0.62
2024/05/24 星期五 00:05:49.974,1716480349974,NH-DC-NM129-D06-ROCE-Leaf-8.GPU.S9825,FourHundredGigE1/0/54,0,0,0,0,0,0
2024/05/24 星期五 00:05:50.562,1716480350562,NH-DC-NM129-D06-ROCE-Leaf-8.GPU.S9825,FourHundredGigE1/0/54,183374,694825532,221232,665278302,1.47,1.40
2024/05/24 星期五 00:05:51.206,1716480351206,NH-DC-NM129-D06-ROCE-Leaf-8.GPU.S9825,FourHundredGigE1/0/54,248911,990428282,143035,389675534,1.92,0.74
2024/05/24 星期五 00:05:51.708,1716480351708,NH-DC-NM129-D06-ROCE-Leaf-8.GPU.S9825,FourHundredGigE1/0/54,0,0,0,0,0,0
2024/05/24 星期五 00:05:52.209,1716480352209,NH-DC-NM129-D06-ROCE-Leaf-8.GPU.S9825,FourHundredGigE1/0/54,101654,372163910,250726,938994679,0.92,2.32
2024/05/24 星期五 00:05:52.734,1716480352734,NH-DC-NM129-D06-ROCE-Leaf-8.GPU.S9825,FourHundredGigE1/0/54,0,0,0,0,0,0
2024/05/24 星期五 00:05:53.275,1716480353275,NH-DC-NM129-D06-ROCE-Leaf-8.GPU.S9825,FourHundredGigE1/0/54,0,0,0,0,0,0
2024/05/24 星期五 00:05:53.776,1716480353776,NH-DC-NM129-D06-ROCE-Leaf-8.GPU.S9825,FourHundredGigE1/0/54,213204,813795530,163824,626064655,2.02,1.55
2024/05/24 星期五 00:05:54.480,1716480354480,NH-DC-NM129-D06-ROCE-Leaf-8.GPU.S9825,FourHundredGigE1/0/54,89755,321733243,110749,349539167,0.57,0.60
2024/05/24 星期五 00:05:55.027,1716480355027,NH-DC-NM129-D06-ROCE-Leaf-8.GPU.S9825,FourHundredGigE1/0/54,0,0,0,0,0,0
2024/05/24 星期五 00:05:55.529,1716480355529,NH-DC-NM129-D06-ROCE-Leaf-8.GPU.S9825,FourHundredGigE1/0/54,559673,2271007238,369832,1421371237,5.65,3.54
2024/05/24 星期五 00:05:56.346,1716480356346,NH-DC-NM129-D06-ROCE-Leaf-8.GPU.S9825,FourHundredGigE1/0/54,118657,454390054,123325,446326840,0.69,0.67
2024/05/24 星期五 00:05:56.972,1716480356972,NH-DC-NM129-D06-ROCE-Leaf-8.GPU.S9825,FourHundredGigE1/0/54,0,0,0,0,0,0
2024/05/24 星期五 00:05:57.601,1716480357601,NH-DC-NM129-D06-ROCE-Leaf-8.GPU.S9825,FourHundredGigE1/0/54,117450,398414108,267804,1020033920,0.78,2.03
2024/05/24 星期五 00:05:58.306,1716480358306,NH-DC-NM129-D06-ROCE-Leaf-8.GPU.S9825,FourHundredGigE1/0/54,106869,399447866,293555,1172081800,0.69,2.07
2024/05/24 星期五 00:05:58.968,1716480358968,NH-DC-NM129-D06-ROCE-Leaf-8.GPU.S9825,FourHundredGigE1/0/54,0,0,0,0,0,0
2024/05/24 星期五 00:05:59.556,1716480359556,NH-DC-NM129-D06-ROCE-Leaf-8.GPU.S9825,FourHundredGigE1/0/54,230646,888979296,208096,791041259,1.87,1.68
2024/05/24 星期五 00:06:00.164,1716480360164,NH-DC-NM129-D06-ROCE-Leaf-8.GPU.S9825,FourHundredGigE1/0/54,389211,1522355374,323824,1127628745,3.12,2.30
2024/05/24 星期五 00:06:01.503,1716480361503,NH-DC-NM129-D06-ROCE-Leaf-8.GPU.S9825,FourHundredGigE1/0/54,456112,1820462608,199563,716691715,1.70,0.66
2024/05/24 星期五 00:06:02.104,1716480362104,NH-DC-NM129-D06-ROCE-Leaf-8.GPU.S9825,FourHundredGigE1/0/54,0,0,0,0,0,0
2024/05/24 星期五 00:06:02.619,1716480362619,NH-DC-NM129-D06-ROCE-Leaf-8.GPU.S9825,FourHundredGigE1/0/54,244074,883611564,217362,810559799,2.14,1.97
2024/05/24 星期五 00:06:03.148,1716480363148,NH-DC-NM129-D06-ROCE-Leaf-8.GPU.S9825,FourHundredGigE1/0/54,0,0,0,0,0,0
2024/05/24 星期五 00:06:03.716,1716480363716,NH-DC-NM129-D06-ROCE-Leaf-8.GPU.S9825,FourHundredGigE1/0/54,173422,653293544,130063,514290630,1.43,1.12
2024/05/24 星期五 00:06:04.445,1716480364445,NH-DC-NM129-D06-ROCE-Leaf-8.GPU.S9825,FourHundredGigE1/0/54,177165,685938256,107404,382518999,1.17,0.65
2024/05/24 星期五 00:06:04.947,1716480364947,NH-DC-NM129-D06-ROCE-Leaf-8.GPU.S9825,FourHundredGigE1/0/54,0,0,0,0,0,0
2024/05/24 星期五 00:06:05.570,1716480365570,NH-DC-NM129-D06-ROCE-Leaf-8.GPU.S9825,FourHundredGigE1/0/54,131160,430689778,204795,766680384,0.86,1.52
2024/05/24 星期五 00:06:06.148,1716480366148,NH-DC-NM129-D06-ROCE-Leaf-8.GPU.S9825,FourHundredGigE1/0/54,0,0,0,0,0,0
2024/05/24 星期五 00:06:06.649,1716480366649,NH-DC-NM129-D06-ROCE-Leaf-8.GPU.S9825,FourHundredGigE1/0/54,169218,596964648,317533,1177037673,1.47,2.92
2024/05/24 星期五 00:06:07.285,1716480367285,NH-DC-NM129-D06-ROCE-Leaf-8.GPU.S9825,FourHundredGigE1/0/54,213040,832784230,313799,1223548460,1.63,2.40
2024/05/24 星期五 00:06:07.922,1716480367922,NH-DC-NM129-D06-ROCE-Leaf-8.GPU.S9825,FourHundredGigE1/0/54,0,0,0,0,0,0
2024/05/24 星期五 00:06:08.425,1716480368425,NH-DC-NM129-D06-ROCE-Leaf-8.GPU.S9825,FourHundredGigE1/0/54,250660,911945894,311318,1231169162,2.26,3.06
2024/05/24 星期五 00:06:08.995,1716480368995,NH-DC-NM129-D06-ROCE-Leaf-8.GPU.S9825,FourHundredGigE1/0/54,0,0,0,0,0,0
2024/05/24 星期五 00:06:09.571,1716480369571,NH-DC-NM129-D06-ROCE-Leaf-8.GPU.S9825,FourHundredGigE1/0/54,203400,743123660,211793,797122752,1.61,1.71
2024/05/24 星期五 00:06:10.092,1716480370092,NH-DC-NM129-D06-ROCE-Leaf-8.GPU.S9825,FourHundredGigE1/0/54,0,0,0,0,0,0
2024/05/24 星期五 00:06:10.602,1716480370602,NH-DC-NM129-D06-ROCE-Leaf-8.GPU.S9825,FourHundredGigE1/0/54,232509,810442018,199228,705373103,1.99,1.72
2024/05/24 星期五 00:06:11.311,1716480371311,NH-DC-NM129-D06-ROCE-Leaf-8.GPU.S9825,FourHundredGigE1/0/54,138748,508407216,306400,1202724319,0.88,2.12
2024/05/24 星期五 00:06:11.883,1716480371883,NH-DC-NM129-D06-ROCE-Leaf-8.GPU.S9825,FourHundredGigE1/0/54,0,0,0,0,0,0
2024/05/24 星期五 00:06:12.387,1716480372387,NH-DC-NM129-D06-ROCE-Leaf-8.GPU.S9825,FourHundredGigE1/0/54,108792,409816704,93433,331421674,0.99,0.82
2024/05/24 星期五 00:06:12.941,1716480372941,NH-DC-NM129-D06-ROCE-Leaf-8.GPU.S9825,FourHundredGigE1/0/54,0,0,0,0,0,0
2024/05/24 星期五 00:06:13.564,1716480373564,NH-DC-NM129-D06-ROCE-Leaf-8.GPU.S9825,FourHundredGigE1/0/54,303650,1189268492,337606,1264980008,2.37,2.53
2024/05/24 星期五 00:06:14.146,1716480374146,NH-DC-NM129-D06-ROCE-Leaf-8.GPU.S9825,FourHundredGigE1/0/54,0,0,0,0,0,0
2024/05/24 星期五 00:06:14.649,1716480374649,NH-DC-NM129-D06-ROCE-Leaf-8.GPU.S9825,FourHundredGigE1/0/54,94695,364999976,284269,1124838992,0.89,2.78
2024/05/24 星期五 00:06:15.257,1716480375257,NH-DC-NM129-D06-ROCE-Leaf-8.GPU.S9825,FourHundredGigE1/0/54,131783,442565584,173662,679339777,0.90,1.38
2024/05/24 星期五 00:06:15.807,1716480375807,NH-DC-NM129-D06-ROCE-Leaf-8.GPU.S9825,FourHundredGigE1/0/54,0,0,0,0,0,0
2024/05/24 星期五 00:06:16.307,1716480376307,NH-DC-NM129-D06-ROCE-Leaf-8.GPU.S9825,FourHundredGigE1/0/54,72740,298736580,292345,1140112130,0.72,2.85
2024/05/24 星期五 00:06:16.842,1716480376842,NH-DC-NM129-D06-ROCE-Leaf-8.GPU.S9825,FourHundredGigE1/0/54,0,0,0,0,0,0
2024/05/24 星期五 00:06:17.527,1716480377527,NH-DC-NM129-D06-ROCE-Leaf-8.GPU.S9825,FourHundredGigE1/0/54,268485,1088816030,209460,775728130,1.97,1.41
2024/05/24 星期五 00:06:18.077,1716480378077,NH-DC-NM129-D06-ROCE-Leaf-8.GPU.S9825,FourHundredGigE1/0/54,119179,448851082,143818,549523671,1,1.23
2024/05/24 星期五 00:06:18.879,1716480378879,NH-DC-NM129-D06-ROCE-Leaf-8.GPU.S9825,FourHundredGigE1/0/54,106529,408325444,146987,512650836,0.62,0.79
2024/05/24 星期五 00:06:19.842,1716480379842,NH-DC-NM129-D06-ROCE-Leaf-8.GPU.S9825,FourHundredGigE1/0/54,0,0,0,0,0,0
2024/05/24 星期五 00:06:20.424,1716480380424,NH-DC-NM129-D06-ROCE-Leaf-8.GPU.S9825,FourHundredGigE1/0/54,313556,1265720894,358928,1445928724,2.71,3.09
2024/05/24 星期五 00:06:21.112,1716480381112,NH-DC-NM129-D06-ROCE-Leaf-8.GPU.S9825,FourHundredGigE1/0/54,0,0,0,0,0,0
2024/05/24 星期五 00:06:21.654,1716480381654,NH-DC-NM129-D06-ROCE-Leaf-8.GPU.S9825,FourHundredGigE1/0/54,110350,401687236,161669,631785176,0.92,1.45
2024/05/24 星期五 00:06:22.222,1716480382222,NH-DC-NM129-D06-ROCE-Leaf-8.GPU.S9825,FourHundredGigE1/0/54,149794,0,275277,0,0,0
2024/05/24 星期五 00:06:22.740,1716480382740,NH-DC-NM129-D06-ROCE-Leaf-8.GPU.S9825,FourHundredGigE1/0/54,0,600339284,0,850318198,1.45,2.05
2024/05/24 星期五 00:06:23.342,1716480383342,NH-DC-NM129-D06-ROCE-Leaf-8.GPU.S9825,FourHundredGigE1/0/54,152940,534925984,117547,340067715,1.10,0.71
2024/05/24 星期五 00:06:23.930,1716480383930,NH-DC-NM129-D06-ROCE-Leaf-8.GPU.S9825,FourHundredGigE1/0/54,0,0,0,0,0,0
2024/05/24 星期五 00:06:24.632,1716480384632,NH-DC-NM129-D06-ROCE-Leaf-8.GPU.S9825,FourHundredGigE1/0/54,120069,393221091,363293,1474790817,0.69,2.62
2024/05/24 星期五 00:06:25.154,1716480385154,NH-DC-NM129-D06-ROCE-Leaf-8.GPU.S9825,FourHundredGigE1/0/54,196932,429214766,469865,1717048238,1.01,4.09
2024/05/24 星期五 00:06:25.782,1716480385782,NH-DC-NM129-D06-ROCE-Leaf-8.GPU.S9825,FourHundredGigE1/0/54,0,0,0,0,0,0
2024/05/24 星期五 00:06:26.282,1716480386282,NH-DC-NM129-D06-ROCE-Leaf-8.GPU.S9825,FourHundredGigE1/0/54,460384,1728095790,245692,864250730,4.3,2.15
2024/05/24 星期五 00:06:26.777,1716480386777,NH-DC-NM129-D06-ROCE-Leaf-8.GPU.S9825,FourHundredGigE1/0/54,0,0,0,0,0,0
2024/05/24 星期五 00:06:27.366,1716480387366,NH-DC-NM129-D06-ROCE-Leaf-8.GPU.S9825,FourHundredGigE1/0/54,1055016,4303964024,530728,2151713383,9.13,4.56
2024/05/24 星期五 00:06:28.080,1716480388080,NH-DC-NM129-D06-ROCE-Leaf-8.GPU.S9825,FourHundredGigE1/0/54,0,0,0,0,0,0
2024/05/24 星期五 00:06:28.580,1716480388580,NH-DC-NM129-D06-ROCE-Leaf-8.GPU.S9825,FourHundredGigE1/0/54,573054,2283781084,136866,514100510,5.7,1.28
2024/05/24 星期五 00:06:29.165,1716480389165,NH-DC-NM129-D06-ROCE-Leaf-8.GPU.S9825,FourHundredGigE1/0/54,0,0,0,0,0,0
2024/05/24 星期五 00:06:29.732,1716480389732,NH-DC-NM129-D06-ROCE-Leaf-8.GPU.S9825,FourHundredGigE1/0/54,349202,1378605292,485175,1925310598,3.02,4.23
2024/05/24 星期五 00:06:30.245,1716480390245,NH-DC-NM129-D06-ROCE-Leaf-8.GPU.S9825,FourHundredGigE1/0/54,265850,1053246805,2012708,8223314878,2.56,20.03
2024/05/24 星期五 00:06:30.745,1716480390745,NH-DC-NM129-D06-ROCE-Leaf-8.GPU.S9825,FourHundredGigE1/0/54,0,0,0,0,0,0
2024/05/24 星期五 00:06:31.517,1716480391517,NH-DC-NM129-D06-ROCE-Leaf-8.GPU.S9825,FourHundredGigE1/0/54,248004,917695704,1896464,7734195124,1.47,12.52
2024/05/24 星期五 00:06:32.199,1716480392199,NH-DC-NM129-D06-ROCE-Leaf-8.GPU.S9825,FourHundredGigE1/0/54,165295,611122778,117513,392145642,1.12,0.71
2024/05/24 星期五 00:06:32.765,1716480392765,NH-DC-NM129-D06-ROCE-Leaf-8.GPU.S9825,FourHundredGigE1/0/54,0,0,0,0,0,0
2024/05/24 星期五 00:06:33.339,1716480393339,NH-DC-NM129-D06-ROCE-Leaf-8.GPU.S9825,FourHundredGigE1/0/54,123868,439128808,253112,1010591595,0.94,2.20
2024/05/24 星期五 00:06:33.865,1716480393865,NH-DC-NM129-D06-ROCE-Leaf-8.GPU.S9825,FourHundredGigE1/0/54,0,0,0,0,0,0
2024/05/24 星期五 00:06:35.016,1716480395016,NH-DC-NM129-D06-ROCE-Leaf-8.GPU.S9825,FourHundredGigE1/0/54,391929,1580568006,203101,764323529,1.72,0.83
2024/05/24 星期五 00:06:35.516,1716480395516,NH-DC-NM129-D06-ROCE-Leaf-8.GPU.S9825,FourHundredGigE1/0/54,173186,673074080,279153,1069484774,1.68,2.65
2024/05/24 星期五 00:06:36.093,1716480396093,NH-DC-NM129-D06-ROCE-Leaf-8.GPU.S9825,FourHundredGigE1/0/54,0,0,0,0,0,0
2024/05/24 星期五 00:06:36.595,1716480396595,NH-DC-NM129-D06-ROCE-Leaf-8.GPU.S9825,FourHundredGigE1/0/54,193474,544887572,138285,540623642,1.34,1.34
2024/05/24 星期五 00:06:37.150,1716480397150,NH-DC-NM129-D06-ROCE-Leaf-8.GPU.S9825,FourHundredGigE1/0/54,127130,454418784,165885,647298581,1.01,1.44
2024/05/24 星期五 00:06:38.366,1716480398366,NH-DC-NM129-D06-ROCE-Leaf-8.GPU.S9825,FourHundredGigE1/0/54,125612,453775336,333758,1315383958,0.46,1.35
2024/05/24 星期五 00:06:39.779,1716480399779,NH-DC-NM129-D06-ROCE-Leaf-8.GPU.S9825,FourHundredGigE1/0/54,191731,748746902,129394,487343334,0.65,0.42
2024/05/24 星期五 00:06:40.420,1716480400420,NH-DC-NM129-D06-ROCE-Leaf-8.GPU.S9825,FourHundredGigE1/0/54,439931,1750999350,95310,298672173,3.41,0.57
2024/05/24 星期五 00:06:41.022,1716480401022,NH-DC-NM129-D06-ROCE-Leaf-8.GPU.S9825,FourHundredGigE1/0/54,0,0,0,0,0,0
2024/05/24 星期五 00:06:41.577,1716480401577,NH-DC-NM129-D06-ROCE-Leaf-8.GPU.S9825,FourHundredGigE1/0/54,217493,878692962,142595,516552422,1.96,1.15
2024/05/24 星期五 00:06:42.089,1716480402089,NH-DC-NM129-D06-ROCE-Leaf-8.GPU.S9825,FourHundredGigE1/0/54,573336,2274118200,411319,1659803390,5.54,4.03
2024/05/24 星期五 00:06:42.869,1716480402869,NH-DC-NM129-D06-ROCE-Leaf-8.GPU.S9825,FourHundredGigE1/0/54,0,0,0,0,0,0
2024/05/24 星期五 00:06:43.482,1716480403482,NH-DC-NM129-D06-ROCE-Leaf-8.GPU.S9825,FourHundredGigE1/0/54,165320,614313892,179439,665617330,1.24,1.35
2024/05/24 星期五 00:06:43.986,1716480403986,NH-DC-NM129-D06-ROCE-Leaf-8.GPU.S9825,FourHundredGigE1/0/54,0,0,0,0,0,0
2024/05/24 星期五 00:06:44.536,1716480404536,NH-DC-NM129-D06-ROCE-Leaf-8.GPU.S9825,FourHundredGigE1/0/54,123479,426724698,122049,348922346,0.95,0.77
2024/05/24 星期五 00:06:45.037,1716480405037,NH-DC-NM129-D06-ROCE-Leaf-8.GPU.S9825,FourHundredGigE1/0/54,0,0,0,0,0,0
2024/05/24 星期五 00:06:45.541,1716480405541,NH-DC-NM129-D06-ROCE-Leaf-8.GPU.S9825,FourHundredGigE1/0/54,388595,1573136814,186343,705182978,3.89,1.74
2024/05/24 星期五 00:06:46.360,1716480406360,NH-DC-NM129-D06-ROCE-Leaf-8.GPU.S9825,FourHundredGigE1/0/54,792365,3146562994,341653,1297640286,4.79,1.97
2024/05/24 星期五 00:06:46.975,1716480406975,NH-DC-NM129-D06-ROCE-Leaf-8.GPU.S9825,FourHundredGigE1/0/54,0,0,0,0,0,0
2024/05/24 星期五 00:06:47.489,1716480407489,NH-DC-NM129-D06-ROCE-Leaf-8.GPU.S9825,FourHundredGigE1/0/54,55740,179570904,114300,421627752,0.41,1.02
2024/05/24 星期五 00:06:48.065,1716480408065,NH-DC-NM129-D06-ROCE-Leaf-8.GPU.S9825,FourHundredGigE1/0/54,0,0,0,0,0,0
2024/05/24 星期五 00:06:48.565,1716480408565,NH-DC-NM129-D06-ROCE-Leaf-8.GPU.S9825,FourHundredGigE1/0/54,114730,443523521,55157,173464757,1.1,0.42
2024/05/24 星期五 00:06:49.133,1716480409133,NH-DC-NM129-D06-ROCE-Leaf-8.GPU.S9825,FourHundredGigE1/0/54,178758,661934720,609388,2477977284,1.45,5.44
2024/05/24 星期五 00:06:49.813,1716480409813,NH-DC-NM129-D06-ROCE-Leaf-8.GPU.S9825,FourHundredGigE1/0/54,0,0,0,0,0,0
2024/05/24 星期五 00:06:51.213,1716480411213,NH-DC-NM129-D06-ROCE-Leaf-8.GPU.S9825,FourHundredGigE1/0/54,119220,465938452,152447,588259184,0.41,0.52
2024/05/24 星期五 00:06:51.714,1716480411714,NH-DC-NM129-D06-ROCE-Leaf-8.GPU.S9825,FourHundredGigE1/0/54,291365,1121207478,119537,384807875,2.79,0.95
2024/05/24 星期五 00:06:52.218,1716480412218,NH-DC-NM129-D06-ROCE-Leaf-8.GPU.S9825,FourHundredGigE1/0/54,133450,471352952,156730,583055206,1.17,1.44
2024/05/24 星期五 00:06:52.914,1716480412914,NH-DC-NM129-D06-ROCE-Leaf-8.GPU.S9825,FourHundredGigE1/0/54,0,0,0,0,0,0
2024/05/24 星期五 00:06:53.579,1716480413579,NH-DC-NM129-D06-ROCE-Leaf-8.GPU.S9825,FourHundredGigE1/0/54,229911,865509370,295899,1140735733,1.62,2.14
2024/05/24 星期五 00:06:54.097,1716480414097,NH-DC-NM129-D06-ROCE-Leaf-8.GPU.S9825,FourHundredGigE1/0/54,0,0,0,0,0,0
2024/05/24 星期五 00:06:54.651,1716480414651,NH-DC-NM129-D06-ROCE-Leaf-8.GPU.S9825,FourHundredGigE1/0/54,79888,311810426,106680,412328642,0.70,0.93
2024/05/24 星期五 00:06:55.183,1716480415183,NH-DC-NM129-D06-ROCE-Leaf-8.GPU.S9825,FourHundredGigE1/0/54,0,0,0,0,0,0
2024/05/24 星期五 00:06:55.684,1716480415684,NH-DC-NM129-D06-ROCE-Leaf-8.GPU.S9825,FourHundredGigE1/0/54,1269632,5161503368,60944,201222355,12.87,0.50
2024/05/24 星期五 00:06:56.364,1716480416364,NH-DC-NM129-D06-ROCE-Leaf-8.GPU.S9825,FourHundredGigE1/0/54,2414161,9877726338,101561,363751362,18.14,0.66
2024/05/24 星期五 00:06:57.060,1716480417060,NH-DC-NM129-D06-ROCE-Leaf-8.GPU.S9825,FourHundredGigE1/0/54,0,0,0,0,0,0
2024/05/24 星期五 00:06:58.266,1716480418266,NH-DC-NM129-D06-ROCE-Leaf-8.GPU.S9825,FourHundredGigE1/0/54,742431,3012311112,115555,460591102,3.12,0.48
2024/05/24 星期五 00:06:58.766,1716480418766,NH-DC-NM129-D06-ROCE-Leaf-8.GPU.S9825,FourHundredGigE1/0/54,205310,710770272,136808,524672147,1.78,1.3
2024/05/24 星期五 00:06:59.267,1716480419267,NH-DC-NM129-D06-ROCE-Leaf-8.GPU.S9825,FourHundredGigE1/0/54,84563,331349666,408470,1622449162,0.82,4.04
2024/05/24 星期五 00:07:00.034,1716480420034,NH-DC-NM129-D06-ROCE-Leaf-8.GPU.S9825,FourHundredGigE1/0/54,0,0,0,0,0,0
2024/05/24 星期五 00:07:00.665,1716480420665,NH-DC-NM129-D06-ROCE-Leaf-8.GPU.S9825,FourHundredGigE1/0/54,375936,1362382680,391596,1583745260,2.69,3.13
2024/05/24 星期五 00:07:01.242,1716480421242,NH-DC-NM129-D06-ROCE-Leaf-8.GPU.S9825,FourHundredGigE1/0/54,150218,593602908,190516,751382768,1.28,1.62
2024/05/24 星期五 00:07:01.846,1716480421846,NH-DC-NM129-D06-ROCE-Leaf-8.GPU.S9825,FourHundredGigE1/0/54,0,0,0,0,0,0
2024/05/24 星期五 00:07:02.346,1716480422346,NH-DC-NM129-D06-ROCE-Leaf-8.GPU.S9825,FourHundredGigE1/0/54,477782,1940284028,201186,741796975,4.85,1.85
2024/05/24 星期五 00:07:02.923,1716480422923,NH-DC-NM129-D06-ROCE-Leaf-8.GPU.S9825,FourHundredGigE1/0/54,506985,2070537431,220743,786357848,4.48,1.69
2024/05/24 星期五 00:07:03.804,1716480423804,NH-DC-NM129-D06-ROCE-Leaf-8.GPU.S9825,FourHundredGigE1/0/54,0,0,0,0,0,0
2024/05/24 星期五 00:07:04.338,1716480424338,NH-DC-NM129-D06-ROCE-Leaf-8.GPU.S9825,FourHundredGigE1/0/54,246746,983454336,633542,2566145633,2.29,5.99
2024/05/24 星期五 00:07:04.891,1716480424891,NH-DC-NM129-D06-ROCE-Leaf-8.GPU.S9825,FourHundredGigE1/0/54,0,0,0,0,0,0
2024/05/24 星期五 00:07:05.567,1716480425567,NH-DC-NM129-D06-ROCE-Leaf-8.GPU.S9825,FourHundredGigE1/0/54,230790,913912416,441693,1781289907,1.68,3.29
2024/05/24 星期五 00:07:06.065,1716480426065,NH-DC-NM129-D06-ROCE-Leaf-8.GPU.S9825,FourHundredGigE1/0/54,0,0,0,0,0,0
2024/05/24 星期五 00:07:06.575,1716480426575,NH-DC-NM129-D06-ROCE-Leaf-8.GPU.S9825,FourHundredGigE1/0/54,146819,569025132,147310,536618074,1.37,1.30
2024/05/24 星期五 00:07:07.354,1716480427354,NH-DC-NM129-D06-ROCE-Leaf-8.GPU.S9825,FourHundredGigE1/0/54,295114,1167630266,177522,682229310,1.86,1.09
2024/05/24 星期五 00:07:07.857,1716480427857,NH-DC-NM129-D06-ROCE-Leaf-8.GPU.S9825,FourHundredGigE1/0/54,0,0,0,0,0,0
2024/05/24 星期五 00:07:08.392,1716480428392,NH-DC-NM129-D06-ROCE-Leaf-8.GPU.S9825,FourHundredGigE1/0/54,128084,488286128,229161,896422656,1.12,2.08
2024/05/24 星期五 00:07:08.954,1716480428954,NH-DC-NM129-D06-ROCE-Leaf-8.GPU.S9825,FourHundredGigE1/0/54,0,0,0,0,0,0
2024/05/24 星期五 00:07:09.457,1716480429457,NH-DC-NM129-D06-ROCE-Leaf-8.GPU.S9825,FourHundredGigE1/0/54,72639,252623986,156550,607705722,0.62,1.49
2024/05/24 星期五 00:07:10.086,1716480430086,NH-DC-NM129-D06-ROCE-Leaf-8.GPU.S9825,FourHundredGigE1/0/54,139949,471386132,100496,380668949,0.93,0.76
2024/05/24 星期五 00:07:10.778,1716480430778,NH-DC-NM129-D06-ROCE-Leaf-8.GPU.S9825,FourHundredGigE1/0/54,0,0,0,0,0,0
2024/05/24 星期五 00:07:11.302,1716480431302,NH-DC-NM129-D06-ROCE-Leaf-8.GPU.S9825,FourHundredGigE1/0/54,149627,520391644,166944,592723230,1.24,1.41
2024/05/24 星期五 00:07:11.808,1716480431808,NH-DC-NM129-D06-ROCE-Leaf-8.GPU.S9825,FourHundredGigE1/0/54,0,0,0,0,0,0
2024/05/24 星期五 00:07:12.309,1716480432309,NH-DC-NM129-D06-ROCE-Leaf-8.GPU.S9825,FourHundredGigE1/0/54,111193,364205724,202843,532315426,0.90,1.32
2024/05/24 星期五 00:07:12.809,1716480432809,NH-DC-NM129-D06-ROCE-Leaf-8.GPU.S9825,FourHundredGigE1/0/54,0,0,0,0,0,0
2024/05/24 星期五 00:07:13.314,1716480433314,NH-DC-NM129-D06-ROCE-Leaf-8.GPU.S9825,FourHundredGigE1/0/54,93374,334095808,320099,1245491605,0.82,3.07
2024/05/24 星期五 00:07:14.123,1716480434123,NH-DC-NM129-D06-ROCE-Leaf-8.GPU.S9825,FourHundredGigE1/0/54,0,0,0,0,0,0
2024/05/24 星期五 00:07:14.641,1716480434641,NH-DC-NM129-D06-ROCE-Leaf-8.GPU.S9825,FourHundredGigE1/0/54,335129,1341458606,267005,1060275135,3.23,2.56
2024/05/24 星期五 00:07:15.197,1716480435197,NH-DC-NM129-D06-ROCE-Leaf-8.GPU.S9825,FourHundredGigE1/0/54,163383,626344330,60254,168165690,1.39,0.36
2024/05/24 星期五 00:07:15.796,1716480435796,NH-DC-NM129-D06-ROCE-Leaf-8.GPU.S9825,FourHundredGigE1/0/54,0,0,0,0,0,0
2024/05/24 星期五 00:07:16.297,1716480436297,NH-DC-NM129-D06-ROCE-Leaf-8.GPU.S9825,FourHundredGigE1/0/54,110534,369641597,167408,638148924,0.90,1.57
2024/05/24 星期五 00:07:16.861,1716480436861,NH-DC-NM129-D06-ROCE-Leaf-8.GPU.S9825,FourHundredGigE1/0/54,0,0,0,0,0,0
2024/05/24 星期五 00:07:17.703,1716480437703,NH-DC-NM129-D06-ROCE-Leaf-8.GPU.S9825,FourHundredGigE1/0/54,239599,830692798,172904,657515097,1.23,0.96
2024/05/24 星期五 00:07:18.287,1716480438287,NH-DC-NM129-D06-ROCE-Leaf-8.GPU.S9825,FourHundredGigE1/0/54,393386,1444624004,348631,1321412566,3.08,2.83
2024/05/24 星期五 00:07:19.840,1716480439840,NH-DC-NM129-D06-ROCE-Leaf-8.GPU.S9825,FourHundredGigE1/0/54,206783,716718242,221704,831854611,0.57,0.67
2024/05/24 星期五 00:07:20.487,1716480440487,NH-DC-NM129-D06-ROCE-Leaf-8.GPU.S9825,FourHundredGigE1/0/54,213876,769424332,327869,1332798148,1.47,2.57
2024/05/24 星期五 00:07:21.828,1716480441828,NH-DC-NM129-D06-ROCE-Leaf-8.GPU.S9825,FourHundredGigE1/0/54,89646,331650624,2331878,9537141640,0.31,8.88
2024/05/24 星期五 00:07:22.350,1716480442350,NH-DC-NM129-D06-ROCE-Leaf-8.GPU.S9825,FourHundredGigE1/0/54,240949,949710182,1800603,7314023142,2.25,17.50
2024/05/24 星期五 00:07:22.912,1716480442912,NH-DC-NM129-D06-ROCE-Leaf-8.GPU.S9825,FourHundredGigE1/0/54,0,0,0,0,0,0
2024/05/24 星期五 00:07:23.414,1716480443414,NH-DC-NM129-D06-ROCE-Leaf-8.GPU.S9825,FourHundredGigE1/0/54,159953,620328398,211640,702460068,1.54,1.74
2024/05/24 星期五 00:07:24.130,1716480444130,NH-DC-NM129-D06-ROCE-Leaf-8.GPU.S9825,FourHundredGigE1/0/54,359918,1438262981,115473,436925162,2.50,0.75
2024/05/24 星期五 00:07:24.803,1716480444803,NH-DC-NM129-D06-ROCE-Leaf-8.GPU.S9825,FourHundredGigE1/0/54,0,0,0,0,0,0
2024/05/24 星期五 00:07:25.440,1716480445440,NH-DC-NM129-D06-ROCE-Leaf-8.GPU.S9825,FourHundredGigE1/0/54,161857,626831030,191829,739169802,1.22,1.43
2024/05/24 星期五 00:07:25.955,1716480445955,NH-DC-NM129-D06-ROCE-Leaf-8.GPU.S9825,FourHundredGigE1/0/54,0,0,0,0,0,0
2024/05/24 星期五 00:07:26.533,1716480446533,NH-DC-NM129-D06-ROCE-Leaf-8.GPU.S9825,FourHundredGigE1/0/54,335372,1320650752,175289,668089104,2.85,1.43
2024/05/24 星期五 00:07:27.133,1716480447133,NH-DC-NM129-D06-ROCE-Leaf-8.GPU.S9825,FourHundredGigE1/0/54,302463,1176063450,89711,300068532,2.44,0.62
2024/05/24 星期五 00:07:27.751,1716480447751,NH-DC-NM129-D06-ROCE-Leaf-8.GPU.S9825,FourHundredGigE1/0/54,0,0,0,0,0,0
2024/05/24 星期五 00:07:28.472,1716480448472,NH-DC-NM129-D06-ROCE-Leaf-8.GPU.S9825,FourHundredGigE1/0/54,274214,1052873144,151175,555651502,1.82,0.95
2024/05/24 星期五 00:07:29.030,1716480449030,NH-DC-NM129-D06-ROCE-Leaf-8.GPU.S9825,FourHundredGigE1/0/54,0,0,0,0,0,0
2024/05/24 星期五 00:07:29.534,1716480449534,NH-DC-NM129-D06-ROCE-Leaf-8.GPU.S9825,FourHundredGigE1/0/54,215909,820203982,440399,1789814033,2.03,4.41
2024/05/24 星期五 00:07:30.107,1716480450107,NH-DC-NM129-D06-ROCE-Leaf-8.GPU.S9825,FourHundredGigE1/0/54,0,0,0,0,0,0
2024/05/24 星期五 00:07:30.620,1716480450620,NH-DC-NM129-D06-ROCE-Leaf-8.GPU.S9825,FourHundredGigE1/0/54,128051,492934016,136168,516180778,1.19,1.24
2024/05/24 星期五 00:07:31.230,1716480451230,NH-DC-NM129-D06-ROCE-Leaf-8.GPU.S9825,FourHundredGigE1/0/54,283923,1134832232,185934,701137657,2.32,1.43
2024/05/24 星期五 00:07:32.049,1716480452049,NH-DC-NM129-D06-ROCE-Leaf-8.GPU.S9825,FourHundredGigE1/0/54,0,0,0,0,0,0
2024/05/24 星期五 00:07:32.551,1716480452551,NH-DC-NM129-D06-ROCE-Leaf-8.GPU.S9825,FourHundredGigE1/0/54,213283,819584892,240051,933087021,2.02,2.32
2024/05/24 星期五 00:07:33.119,1716480453119,NH-DC-NM129-D06-ROCE-Leaf-8.GPU.S9825,FourHundredGigE1/0/54,124684,492688440,174054,688661497,1.08,1.50
2024/05/24 星期五 00:07:33.775,1716480453775,NH-DC-NM129-D06-ROCE-Leaf-8.GPU.S9825,FourHundredGigE1/0/54,0,0,0,0,0,0
2024/05/24 星期五 00:07:34.339,1716480454339,NH-DC-NM129-D06-ROCE-Leaf-8.GPU.S9825,FourHundredGigE1/0/54,167814,575973402,124042,489993069,1.26,1.06
2024/05/24 星期五 00:07:34.900,1716480454900,NH-DC-NM129-D06-ROCE-Leaf-8.GPU.S9825,FourHundredGigE1/0/54,0,0,0,0,0,0
2024/05/24 星期五 00:07:35.605,1716480455605,NH-DC-NM129-D06-ROCE-Leaf-8.GPU.S9825,FourHundredGigE1/0/54,105459,177063970,69992,267953536,0.30,0.46
2024/05/24 星期五 00:07:36.136,1716480456136,NH-DC-NM129-D06-ROCE-Leaf-8.GPU.S9825,FourHundredGigE1/0/54,0,0,0,0,0,0
2024/05/24 星期五 00:07:36.639,1716480456639,NH-DC-NM129-D06-ROCE-Leaf-8.GPU.S9825,FourHundredGigE1/0/54,214781,857183012,404723,1575691678,2.11,3.90
2024/05/24 星期五 00:07:37.375,1716480457375,NH-DC-NM129-D06-ROCE-Leaf-8.GPU.S9825,FourHundredGigE1/0/54,101518,335942403,335561,1300468025,0.56,2.21
2024/05/24 星期五 00:07:39.330,1716480459330,NH-DC-NM129-D06-ROCE-Leaf-8.GPU.S9825,FourHundredGigE1/0/54,122039,451311314,164299,636951121,0.29,0.40
2024/05/24 星期五 00:07:39.970,1716480459970,NH-DC-NM129-D06-ROCE-Leaf-8.GPU.S9825,FourHundredGigE1/0/54,0,0,0,0,0,0
2024/05/24 星期五 00:07:40.631,1716480460631,NH-DC-NM129-D06-ROCE-Leaf-8.GPU.S9825,FourHundredGigE1/0/54,99817,355356418,367069,1335620972,0.66,2.52
2024/05/24 星期五 00:07:41.217,1716480461217,NH-DC-NM129-D06-ROCE-Leaf-8.GPU.S9825,FourHundredGigE1/0/54,132641,480702518,157512,356964261,1.02,0.75
2024/05/24 星期五 00:07:41.797,1716480461797,NH-DC-NM129-D06-ROCE-Leaf-8.GPU.S9825,FourHundredGigE1/0/54,0,0,0,0,0,0
2024/05/24 星期五 00:07:42.442,1716480462442,NH-DC-NM129-D06-ROCE-Leaf-8.GPU.S9825,FourHundredGigE1/0/54,286975,1106379911,751834,2947651584,2.13,5.70
2024/05/24 星期五 00:07:42.943,1716480462943,NH-DC-NM129-D06-ROCE-Leaf-8.GPU.S9825,FourHundredGigE1/0/54,0,0,0,0,0,0
2024/05/24 星期五 00:07:43.544,1716480463544,NH-DC-NM129-D06-ROCE-Leaf-8.GPU.S9825,FourHundredGigE1/0/54,1124498,4578502328,1061702,4325412261,9.50,8.99
2024/05/24 星期五 00:07:44.226,1716480464226,NH-DC-NM129-D06-ROCE-Leaf-8.GPU.S9825,FourHundredGigE1/0/54,0,0,0,0,0,0
2024/05/24 星期五 00:07:44.731,1716480464731,NH-DC-NM129-D06-ROCE-Leaf-8.GPU.S9825,FourHundredGigE1/0/54,1114036,4554100368,1064607,4302036303,11.26,10.64
2024/05/24 星期五 00:07:45.364,1716480465364,NH-DC-NM129-D06-ROCE-Leaf-8.GPU.S9825,FourHundredGigE1/0/54,1001427,4066867038,1094920,4445099515,8.02,8.77
2024/05/24 星期五 00:07:45.997,1716480465997,NH-DC-NM129-D06-ROCE-Leaf-8.GPU.S9825,FourHundredGigE1/0/54,0,0,0,0,0,0
2024/05/24 星期五 00:07:46.499,1716480466499,NH-DC-NM129-D06-ROCE-Leaf-8.GPU.S9825,FourHundredGigE1/0/54,958851,3903429424,933774,3567510102,9.71,8.86
2024/05/24 星期五 00:07:47.152,1716480467152,NH-DC-NM129-D06-ROCE-Leaf-8.GPU.S9825,FourHundredGigE1/0/54,202720,746510604,383400,1350437162,1.42,2.58
2024/05/24 星期五 00:07:47.731,1716480467731,NH-DC-NM129-D06-ROCE-Leaf-8.GPU.S9825,FourHundredGigE1/0/54,0,0,0,0,0,0
2024/05/24 星期五 00:07:48.246,1716480468246,NH-DC-NM129-D06-ROCE-Leaf-8.GPU.S9825,FourHundredGigE1/0/54,511088,1925051478,112887,427274290,4.66,1.02
2024/05/24 星期五 00:07:48.765,1716480468765,NH-DC-NM129-D06-ROCE-Leaf-8.GPU.S9825,FourHundredGigE1/0/54,0,0,0,0,0,0
2024/05/24 星期五 00:07:49.340,1716480469340,NH-DC-NM129-D06-ROCE-Leaf-8.GPU.S9825,FourHundredGigE1/0/54,551323,2076145158,155219,587026391,4.5,1.26
2024/05/24 星期五 00:07:49.854,1716480469854,NH-DC-NM129-D06-ROCE-Leaf-8.GPU.S9825,FourHundredGigE1/0/54,0,0,0,0,0,0
2024/05/24 星期五 00:07:50.355,1716480470355,NH-DC-NM129-D06-ROCE-Leaf-8.GPU.S9825,FourHundredGigE1/0/54,618997,2383832634,368058,1373987690,5.94,3.42
2024/05/24 星期五 00:07:51.395,1716480471395,NH-DC-NM129-D06-ROCE-Leaf-8.GPU.S9825,FourHundredGigE1/0/54,259325,999066250,164261,593780770,1.19,0.71
2024/05/24 星期五 00:07:51.953,1716480471953,NH-DC-NM129-D06-ROCE-Leaf-8.GPU.S9825,FourHundredGigE1/0/54,0,0,0,0,0,0
2024/05/24 星期五 00:07:52.453,1716480472453,NH-DC-NM129-D06-ROCE-Leaf-8.GPU.S9825,FourHundredGigE1/0/54,142499,560032934,34864,127251067,1.4,0.3
2024/05/24 星期五 00:07:53.389,1716480473389,NH-DC-NM129-D06-ROCE-Leaf-8.GPU.S9825,FourHundredGigE1/0/54,127441,511590490,133007,511607732,0.68,0.68
2024/05/24 星期五 00:07:53.942,1716480473942,NH-DC-NM129-D06-ROCE-Leaf-8.GPU.S9825,FourHundredGigE1/0/54,0,0,0,0,0,0
2024/05/24 星期五 00:07:54.488,1716480474488,NH-DC-NM129-D06-ROCE-Leaf-8.GPU.S9825,FourHundredGigE1/0/54,119247,463477955,202018,623309894,1.05,1.42
2024/05/24 星期五 00:07:55.077,1716480475077,NH-DC-NM129-D06-ROCE-Leaf-8.GPU.S9825,FourHundredGigE1/0/54,0,0,0,0,0,0
2024/05/24 星期五 00:07:55.578,1716480475578,NH-DC-NM129-D06-ROCE-Leaf-8.GPU.S9825,FourHundredGigE1/0/54,75907,218164710,77448,146881044,0.52,0.35
2024/05/24 星期五 00:07:56.281,1716480476281,NH-DC-NM129-D06-ROCE-Leaf-8.GPU.S9825,FourHundredGigE1/0/54,74742,265271456,29776,115712112,0.46,0.20
2024/05/24 星期五 00:07:56.822,1716480476822,NH-DC-NM129-D06-ROCE-Leaf-8.GPU.S9825,FourHundredGigE1/0/54,0,0,0,0,0,0
2024/05/24 星期五 00:07:57.440,1716480477440,NH-DC-NM129-D06-ROCE-Leaf-8.GPU.S9825,FourHundredGigE1/0/54,50241,154223858,236098,908907448,0.30,1.82
2024/05/24 星期五 00:07:58.128,1716480478128,NH-DC-NM129-D06-ROCE-Leaf-8.GPU.S9825,FourHundredGigE1/0/54,42368,101328784,378199,1450665848,0.18,2.63
2024/05/24 星期五 00:07:58.779,1716480478779,NH-DC-NM129-D06-ROCE-Leaf-8.GPU.S9825,FourHundredGigE1/0/54,0,0,0,0,0,0
2024/05/24 星期五 00:07:59.326,1716480479326,NH-DC-NM129-D06-ROCE-Leaf-8.GPU.S9825,FourHundredGigE1/0/54,159865,612528946,219081,857348702,1.39,1.94
2024/05/24 星期五 00:07:59.962,1716480479962,NH-DC-NM129-D06-ROCE-Leaf-8.GPU.S9825,FourHundredGigE1/0/54,0,0,0,0,0,0
2024/05/24 星期五 00:08:00.650,1716480480650,NH-DC-NM129-D06-ROCE-Leaf-8.GPU.S9825,FourHundredGigE1/0/54,50694,183958068,42451,150241792,0.33,0.27
2024/05/24 星期五 00:08:01.236,1716480481236,NH-DC-NM129-D06-ROCE-Leaf-8.GPU.S9825,FourHundredGigE1/0/54,86442,273155756,54003,203610198,0.58,0.43
2024/05/24 星期五 00:08:01.810,1716480481810,NH-DC-NM129-D06-ROCE-Leaf-8.GPU.S9825,FourHundredGigE1/0/54,0,0,0,0,0,0
2024/05/24 星期五 00:08:02.343,1716480482343,NH-DC-NM129-D06-ROCE-Leaf-8.GPU.S9825,FourHundredGigE1/0/54,76953,249640640,75295,261047250,0.56,0.61
2024/05/24 星期五 00:08:02.888,1716480482888,NH-DC-NM129-D06-ROCE-Leaf-8.GPU.S9825,FourHundredGigE1/0/54,0,0,0,0,0,0
2024/05/24 星期五 00:08:03.473,1716480483473,NH-DC-NM129-D06-ROCE-Leaf-8.GPU.S9825,FourHundredGigE1/0/54,90285,319050412,122724,457134578,0.66,0.96
2024/05/24 星期五 00:08:04.126,1716480484126,NH-DC-NM129-D06-ROCE-Leaf-8.GPU.S9825,FourHundredGigE1/0/54,0,0,0,0,0,0
2024/05/24 星期五 00:08:04.658,1716480484658,NH-DC-NM129-D06-ROCE-Leaf-8.GPU.S9825,FourHundredGigE1/0/54,43214,124588756,115450,584751402,0.28,1.36
2024/05/24 星期五 00:08:05.292,1716480485292,NH-DC-NM129-D06-ROCE-Leaf-8.GPU.S9825,FourHundredGigE1/0/54,83468,299317340,88676,559380538,0.57,1.08
2024/05/24 星期五 00:08:05.796,1716480485796,NH-DC-NM129-D06-ROCE-Leaf-8.GPU.S9825,FourHundredGigE1/0/54,0,0,0,0,0,0
2024/05/24 星期五 00:08:06.927,1716480486927,NH-DC-NM129-D06-ROCE-Leaf-8.GPU.S9825,FourHundredGigE1/0/54,140329,507404330,101312,374174450,0.55,0.41
2024/05/24 星期五 00:08:07.425,1716480487425,NH-DC-NM129-D06-ROCE-Leaf-8.GPU.S9825,FourHundredGigE1/0/54,215999,632693322,144907,495299449,1.58,1.23
2024/05/24 星期五 00:08:08.033,1716480488033,NH-DC-NM129-D06-ROCE-Leaf-8.GPU.S9825,FourHundredGigE1/0/54,0,0,0,0,0,0
2024/05/24 星期五 00:08:08.533,1716480488533,NH-DC-NM129-D06-ROCE-Leaf-8.GPU.S9825,FourHundredGigE1/0/54,544877,2149850126,980094,3991467594,5.35,9.98
2024/05/24 星期五 00:08:09.034,1716480489034,NH-DC-NM129-D06-ROCE-Leaf-8.GPU.S9825,FourHundredGigE1/0/54,0,0,0,0,0,0
2024/05/24 星期五 00:08:09.533,1716480489533,NH-DC-NM129-D06-ROCE-Leaf-8.GPU.S9825,FourHundredGigE1/0/54,366772,1453410364,1060809,4315736168,3.63,10.80
2024/05/24 星期五 00:08:10.136,1716480490136,NH-DC-NM129-D06-ROCE-Leaf-8.GPU.S9825,FourHundredGigE1/0/54,0,0,0,0,0,0
2024/05/24 星期五 00:08:10.668,1716480490668,NH-DC-NM129-D06-ROCE-Leaf-8.GPU.S9825,FourHundredGigE1/0/54,142840,550157276,933818,3785138112,1.29,8.88
2024/05/24 星期五 00:08:11.290,1716480491290,NH-DC-NM129-D06-ROCE-Leaf-8.GPU.S9825,FourHundredGigE1/0/54,177562,657936504,1025945,4180270017,1.31,8.40
2024/05/24 星期五 00:08:11.854,1716480491854,NH-DC-NM129-D06-ROCE-Leaf-8.GPU.S9825,FourHundredGigE1/0/54,0,0,0,0,0,0
2024/05/24 星期五 00:08:12.357,1716480492357,NH-DC-NM129-D06-ROCE-Leaf-8.GPU.S9825,FourHundredGigE1/0/54,314869,1241522442,447923,1785611266,3.08,4.42
2024/05/24 星期五 00:08:12.858,1716480492858,NH-DC-NM129-D06-ROCE-Leaf-8.GPU.S9825,FourHundredGigE1/0/54,0,0,0,0,0,0
2024/05/24 星期五 00:08:13.543,1716480493543,NH-DC-NM129-D06-ROCE-Leaf-8.GPU.S9825,FourHundredGigE1/0/54,198455,741953898,85778,329109786,1.35,0.58
2024/05/24 星期五 00:08:14.253,1716480494253,NH-DC-NM129-D06-ROCE-Leaf-8.GPU.S9825,FourHundredGigE1/0/54,0,0,0,0,0,0
2024/05/24 星期五 00:08:14.754,1716480494754,NH-DC-NM129-D06-ROCE-Leaf-8.GPU.S9825,FourHundredGigE1/0/54,72508,271430876,39426,60094533,0.67,0.15
2024/05/24 星期五 00:08:15.392,1716480495392,NH-DC-NM129-D06-ROCE-Leaf-8.GPU.S9825,FourHundredGigE1/0/54,108980,393508148,93230,344665728,0.76,0.67
2024/05/24 星期五 00:08:15.893,1716480495893,NH-DC-NM129-D06-ROCE-Leaf-8.GPU.S9825,FourHundredGigE1/0/54,0,0,0,0,0,0
2024/05/24 星期五 00:08:16.739,1716480496739,NH-DC-NM129-D06-ROCE-Leaf-8.GPU.S9825,FourHundredGigE1/0/54,109802,399872428,171108,619830471,0.58,0.90
2024/05/24 星期五 00:08:17.467,1716480497467,NH-DC-NM129-D06-ROCE-Leaf-8.GPU.S9825,FourHundredGigE1/0/54,63325,236112900,71365,259653971,0.39,0.43
2024/05/24 星期五 00:08:17.969,1716480497969,NH-DC-NM129-D06-ROCE-Leaf-8.GPU.S9825,FourHundredGigE1/0/54,0,0,0,0,0,0
2024/05/24 星期五 00:08:18.503,1716480498503,NH-DC-NM129-D06-ROCE-Leaf-8.GPU.S9825,FourHundredGigE1/0/54,168261,622898148,102471,406747549,1.45,0.94
2024/05/24 星期五 00:08:19.541,1716480499541,NH-DC-NM129-D06-ROCE-Leaf-8.GPU.S9825,FourHundredGigE1/0/54,150427,552858498,100532,365861183,0.66,0.43
2024/05/24 星期五 00:08:20.245,1716480500245,NH-DC-NM129-D06-ROCE-Leaf-8.GPU.S9825,FourHundredGigE1/0/54,345439,1378577874,338407,1330171996,2.43,2.36
2024/05/24 星期五 00:08:20.970,1716480500970,NH-DC-NM129-D06-ROCE-Leaf-8.GPU.S9825,FourHundredGigE1/0/54,0,0,0,0,0,0
2024/05/24 星期五 00:08:21.492,1716480501492,NH-DC-NM129-D06-ROCE-Leaf-8.GPU.S9825,FourHundredGigE1/0/54,364240,1454306476,315723,1236975116,3.47,2.95
2024/05/24 星期五 00:08:22.083,1716480502083,NH-DC-NM129-D06-ROCE-Leaf-8.GPU.S9825,FourHundredGigE1/0/54,0,0,0,0,0,0
2024/05/24 星期五 00:08:22.597,1716480502597,NH-DC-NM129-D06-ROCE-Leaf-8.GPU.S9825,FourHundredGigE1/0/54,227137,905766442,167422,582186600,2.19,1.41
2024/05/24 星期五 00:08:23.097,1716480503097,NH-DC-NM129-D06-ROCE-Leaf-8.GPU.S9825,FourHundredGigE1/0/54,139176,495783480,107114,428094912,1.22,1.05
2024/05/24 星期五 00:08:23.853,1716480503853,NH-DC-NM129-D06-ROCE-Leaf-8.GPU.S9825,FourHundredGigE1/0/54,0,0,0,0,0,0
2024/05/24 星期五 00:08:24.538,1716480504538,NH-DC-NM129-D06-ROCE-Leaf-8.GPU.S9825,FourHundredGigE1/0/54,229528,914375293,436583,1760048598,1.66,3.21
2024/05/24 星期五 00:08:25.064,1716480505064,NH-DC-NM129-D06-ROCE-Leaf-8.GPU.S9825,FourHundredGigE1/0/54,0,0,0,0,0,0
2024/05/24 星期五 00:08:25.647,1716480505647,NH-DC-NM129-D06-ROCE-Leaf-8.GPU.S9825,FourHundredGigE1/0/54,122434,489048664,100334,374489941,1.03,0.79
2024/05/24 星期五 00:08:26.149,1716480506149,NH-DC-NM129-D06-ROCE-Leaf-8.GPU.S9825,FourHundredGigE1/0/54,0,0,0,0,0,0
2024/05/24 星期五 00:08:26.650,1716480506650,NH-DC-NM129-D06-ROCE-Leaf-8.GPU.S9825,FourHundredGigE1/0/54,55381,205535939,50951,185268712,0.50,0.45
2024/05/24 星期五 00:08:27.439,1716480507439,NH-DC-NM129-D06-ROCE-Leaf-8.GPU.S9825,FourHundredGigE1/0/54,319011,1263881434,59794,190751337,2.00,0.30
2024/05/24 星期五 00:08:28.087,1716480508087,NH-DC-NM129-D06-ROCE-Leaf-8.GPU.S9825,FourHundredGigE1/0/54,0,0,0,0,0,0
2024/05/24 星期五 00:08:28.663,1716480508663,NH-DC-NM129-D06-ROCE-Leaf-8.GPU.S9825,FourHundredGigE1/0/54,81499,241456806,54108,184497221,0.52,0.39
2024/05/24 星期五 00:08:29.251,1716480509251,NH-DC-NM129-D06-ROCE-Leaf-8.GPU.S9825,FourHundredGigE1/0/54,0,0,0,0,0,0
2024/05/24 星期五 00:08:29.762,1716480509762,NH-DC-NM129-D06-ROCE-Leaf-8.GPU.S9825,FourHundredGigE1/0/54,236444,915391092,217218,853146464,2.23,2.08
2024/05/24 星期五 00:08:30.271,1716480510271,NH-DC-NM129-D06-ROCE-Leaf-8.GPU.S9825,FourHundredGigE1/0/54,556980,2144604432,156852,593301732,5.26,1.45
2024/05/24 星期五 00:08:30.830,1716480510830,NH-DC-NM129-D06-ROCE-Leaf-8.GPU.S9825,FourHundredGigE1/0/54,0,0,0,0,0,0
2024/05/24 星期五 00:08:31.702,1716480511702,NH-DC-NM129-D06-ROCE-Leaf-8.GPU.S9825,FourHundredGigE1/0/54,499526,2038009150,152597,597146996,2.91,0.85
2024/05/24 星期五 00:08:32.251,1716480512251,NH-DC-NM129-D06-ROCE-Leaf-8.GPU.S9825,FourHundredGigE1/0/54,138798,333881351,149817,523034536,0.75,1.18
2024/05/24 星期五 00:08:32.755,1716480512755,NH-DC-NM129-D06-ROCE-Leaf-8.GPU.S9825,FourHundredGigE1/0/54,0,0,0,0,0,0
2024/05/24 星期五 00:08:33.257,1716480513257,NH-DC-NM129-D06-ROCE-Leaf-8.GPU.S9825,FourHundredGigE1/0/54,137066,543992496,120592,479221142,1.34,1.17
2024/05/24 星期五 00:08:33.991,1716480513991,NH-DC-NM129-D06-ROCE-Leaf-8.GPU.S9825,FourHundredGigE1/0/54,0,0,0,0,0,0
2024/05/24 星期五 00:08:34.740,1716480514740,NH-DC-NM129-D06-ROCE-Leaf-8.GPU.S9825,FourHundredGigE1/0/54,147957,558973170,143916,531722280,0.92,0.88
2024/05/24 星期五 00:08:35.246,1716480515246,NH-DC-NM129-D06-ROCE-Leaf-8.GPU.S9825,FourHundredGigE1/0/54,555837,2275463358,260205,1009909154,5.61,2.47
2024/05/24 星期五 00:08:35.822,1716480515822,NH-DC-NM129-D06-ROCE-Leaf-8.GPU.S9825,FourHundredGigE1/0/54,0,0,0,0,0,0
2024/05/24 星期五 00:08:36.455,1716480516455,NH-DC-NM129-D06-ROCE-Leaf-8.GPU.S9825,FourHundredGigE1/0/54,101248,381204312,91592,335236180,0.75,0.65
2024/05/24 星期五 00:08:36.962,1716480516962,NH-DC-NM129-D06-ROCE-Leaf-8.GPU.S9825,FourHundredGigE1/0/54,0,0,0,0,0,0
2024/05/24 星期五 00:08:37.975,1716480517975,NH-DC-NM129-D06-ROCE-Leaf-8.GPU.S9825,FourHundredGigE1/0/54,491653,1886320200,328470,1239271670,2.32,1.52
2024/05/24 星期五 00:08:39.722,1716480519722,NH-DC-NM129-D06-ROCE-Leaf-8.GPU.S9825,FourHundredGigE1/0/54,415453,1707661240,289512,1158880580,1.22,0.82
2024/05/24 星期五 00:08:40.371,1716480520371,NH-DC-NM129-D06-ROCE-Leaf-8.GPU.S9825,FourHundredGigE1/0/54,167297,646440558,219977,854175639,1.23,1.64
2024/05/24 星期五 00:08:40.905,1716480520905,NH-DC-NM129-D06-ROCE-Leaf-8.GPU.S9825,FourHundredGigE1/0/54,0,0,0,0,0,0
2024/05/24 星期五 00:08:41.505,1716480521505,NH-DC-NM129-D06-ROCE-Leaf-8.GPU.S9825,FourHundredGigE1/0/54,239141,956909342,83824,317948744,1.98,0.65
2024/05/24 星期五 00:08:42.073,1716480522073,NH-DC-NM129-D06-ROCE-Leaf-8.GPU.S9825,FourHundredGigE1/0/54,0,0,0,0,0,0
2024/05/24 星期五 00:08:42.703,1716480522703,NH-DC-NM129-D06-ROCE-Leaf-8.GPU.S9825,FourHundredGigE1/0/54,324468,1263516280,215981,839819110,2.5,1.65
2024/05/24 星期五 00:08:43.319,1716480523319,NH-DC-NM129-D06-ROCE-Leaf-8.GPU.S9825,FourHundredGigE1/0/54,210837,825877558,97323,323133306,1.66,0.65
2024/05/24 星期五 00:08:43.945,1716480523945,NH-DC-NM129-D06-ROCE-Leaf-8.GPU.S9825,FourHundredGigE1/0/54,0,0,0,0,0,0
2024/05/24 星期五 00:08:44.453,1716480524453,NH-DC-NM129-D06-ROCE-Leaf-8.GPU.S9825,FourHundredGigE1/0/54,179898,716729696,254654,964231240,1.75,2.36
2024/05/24 星期五 00:08:45.037,1716480525037,NH-DC-NM129-D06-ROCE-Leaf-8.GPU.S9825,FourHundredGigE1/0/54,0,0,0,0,0,0
2024/05/24 星期五 00:08:45.685,1716480525685,NH-DC-NM129-D06-ROCE-Leaf-8.GPU.S9825,FourHundredGigE1/0/54,182326,691422724,304654,1147171970,1.33,2.20
2024/05/24 星期五 00:08:46.322,1716480526322,NH-DC-NM129-D06-ROCE-Leaf-8.GPU.S9825,FourHundredGigE1/0/54,473519,1902157386,211138,736590351,3.73,1.43
2024/05/24 星期五 00:08:46.849,1716480526849,NH-DC-NM129-D06-ROCE-Leaf-8.GPU.S9825,FourHundredGigE1/0/54,0,0,0,0,0,0
2024/05/24 星期五 00:08:47.438,1716480527438,NH-DC-NM129-D06-ROCE-Leaf-8.GPU.S9825,FourHundredGigE1/0/54,172524,628694986,198733,732547277,1.32,1.55
2024/05/24 星期五 00:08:47.939,1716480527939,NH-DC-NM129-D06-ROCE-Leaf-8.GPU.S9825,FourHundredGigE1/0/54,0,0,0,0,0,0
2024/05/24 星期五 00:08:48.441,1716480528441,NH-DC-NM129-D06-ROCE-Leaf-8.GPU.S9825,FourHundredGigE1/0/54,153233,557752152,77727,293853041,1.37,0.72
2024/05/24 星期五 00:08:48.977,1716480528977,NH-DC-NM129-D06-ROCE-Leaf-8.GPU.S9825,FourHundredGigE1/0/54,0,0,0,0,0,0
2024/05/24 星期五 00:08:49.663,1716480529663,NH-DC-NM129-D06-ROCE-Leaf-8.GPU.S9825,FourHundredGigE1/0/54,391874,1564658476,258122,876691853,2.84,1.59
2024/05/24 星期五 00:08:50.250,1716480530250,NH-DC-NM129-D06-ROCE-Leaf-8.GPU.S9825,FourHundredGigE1/0/54,421366,1700631568,184136,708040206,3.62,1.49
2024/05/24 星期五 00:08:50.749,1716480530749,NH-DC-NM129-D06-ROCE-Leaf-8.GPU.S9825,FourHundredGigE1/0/54,0,0,0,0,0,0
2024/05/24 星期五 00:08:51.373,1716480531373,NH-DC-NM129-D06-ROCE-Leaf-8.GPU.S9825,FourHundredGigE1/0/54,96722,355799376,101392,331268642,0.70,0.66
2024/05/24 星期五 00:08:51.940,1716480531940,NH-DC-NM129-D06-ROCE-Leaf-8.GPU.S9825,FourHundredGigE1/0/54,0,0,0,0,0,0
2024/05/24 星期五 00:08:52.441,1716480532441,NH-DC-NM129-D06-ROCE-Leaf-8.GPU.S9825,FourHundredGigE1/0/54,113310,414019486,244622,988570268,1.02,2.45
2024/05/24 星期五 00:08:53.162,1716480533162,NH-DC-NM129-D06-ROCE-Leaf-8.GPU.S9825,FourHundredGigE1/0/54,0,0,0,0,0,0
2024/05/24 星期五 00:08:53.764,1716480533764,NH-DC-NM129-D06-ROCE-Leaf-8.GPU.S9825,FourHundredGigE1/0/54,380758,1342491338,461280,1833955780,2.78,3.80
2024/05/24 星期五 00:08:54.329,1716480534329,NH-DC-NM129-D06-ROCE-Leaf-8.GPU.S9825,FourHundredGigE1/0/54,131227,530382135,148744,576564844,1.17,1.26
2024/05/24 星期五 00:08:54.865,1716480534865,NH-DC-NM129-D06-ROCE-Leaf-8.GPU.S9825,FourHundredGigE1/0/54,0,0,0,0,0,0
2024/05/24 星期五 00:08:55.465,1716480535465,NH-DC-NM129-D06-ROCE-Leaf-8.GPU.S9825,FourHundredGigE1/0/54,328219,1253676138,135571,526133620,2.60,1.08
2024/05/24 星期五 00:08:56.001,1716480536001,NH-DC-NM129-D06-ROCE-Leaf-8.GPU.S9825,FourHundredGigE1/0/54,0,0,0,0,0,0
2024/05/24 星期五 00:08:56.646,1716480536646,NH-DC-NM129-D06-ROCE-Leaf-8.GPU.S9825,FourHundredGigE1/0/54,118108,461076896,90673,346141204,0.89,0.66
2024/05/24 星期五 00:08:57.172,1716480537172,NH-DC-NM129-D06-ROCE-Leaf-8.GPU.S9825,FourHundredGigE1/0/54,0,0,0,0,0,0
2024/05/24 星期五 00:08:57.726,1716480537726,NH-DC-NM129-D06-ROCE-Leaf-8.GPU.S9825,FourHundredGigE1/0/54,403517,1637620054,83918,177767873,3.68,0.38
2024/05/24 星期五 00:08:58.342,1716480538342,NH-DC-NM129-D06-ROCE-Leaf-8.GPU.S9825,FourHundredGigE1/0/54,152809,580287476,79955,251408319,1.18,0.51
2024/05/24 星期五 00:08:58.957,1716480538957,NH-DC-NM129-D06-ROCE-Leaf-8.GPU.S9825,FourHundredGigE1/0/54,0,0,0,0,0,0
2024/05/24 星期五 00:08:59.553,1716480539553,NH-DC-NM129-D06-ROCE-Leaf-8.GPU.S9825,FourHundredGigE1/0/54,147591,534213704,112661,400951849,1.11,0.84
2024/05/24 星期五 00:09:00.184,1716480540184,NH-DC-NM129-D06-ROCE-Leaf-8.GPU.S9825,FourHundredGigE1/0/54,363998,1339635024,345814,1344134324,2.63,2.65
2024/05/24 星期五 00:09:00.736,1716480540736,NH-DC-NM129-D06-ROCE-Leaf-8.GPU.S9825,FourHundredGigE1/0/54,0,0,0,0,0,0
2024/05/24 星期五 00:09:01.321,1716480541321,NH-DC-NM129-D06-ROCE-Leaf-8.GPU.S9825,FourHundredGigE1/0/54,227053,738832126,142699,510998791,1.56,1.09
2024/05/24 星期五 00:09:01.861,1716480541861,NH-DC-NM129-D06-ROCE-Leaf-8.GPU.S9825,FourHundredGigE1/0/54,0,0,0,0,0,0
2024/05/24 星期五 00:09:02.371,1716480542371,NH-DC-NM129-D06-ROCE-Leaf-8.GPU.S9825,FourHundredGigE1/0/54,166319,429038534,89341,301166137,1.03,0.74
2024/05/24 星期五 00:09:02.925,1716480542925,NH-DC-NM129-D06-ROCE-Leaf-8.GPU.S9825,FourHundredGigE1/0/54,0,0,0,0,0,0
2024/05/24 星期五 00:09:03.624,1716480543624,NH-DC-NM129-D06-ROCE-Leaf-8.GPU.S9825,FourHundredGigE1/0/54,234530,584764094,359265,1386695367,1.04,2.47
2024/05/24 星期五 00:09:04.168,1716480544168,NH-DC-NM129-D06-ROCE-Leaf-8.GPU.S9825,FourHundredGigE1/0/54,0,0,0,0,0,0
2024/05/24 星期五 00:09:04.763,1716480544763,NH-DC-NM129-D06-ROCE-Leaf-8.GPU.S9825,FourHundredGigE1/0/54,579822,2206328086,554784,2010661392,4.62,4.22
2024/05/24 星期五 00:09:05.428,1716480545428,NH-DC-NM129-D06-ROCE-Leaf-8.GPU.S9825,FourHundredGigE1/0/54,457495,1799865438,133308,413050460,3.36,0.77
2024/05/24 星期五 00:09:05.935,1716480545935,NH-DC-NM129-D06-ROCE-Leaf-8.GPU.S9825,FourHundredGigE1/0/54,0,0,0,0,0,0
2024/05/24 星期五 00:09:06.471,1716480546471,NH-DC-NM129-D06-ROCE-Leaf-8.GPU.S9825,FourHundredGigE1/0/54,280952,1138588852,45100,165406142,2.64,0.37
2024/05/24 星期五 00:09:07.043,1716480547043,NH-DC-NM129-D06-ROCE-Leaf-8.GPU.S9825,FourHundredGigE1/0/54,0,0,0,0,0,0
2024/05/24 星期五 00:09:08.024,1716480548024,NH-DC-NM129-D06-ROCE-Leaf-8.GPU.S9825,FourHundredGigE1/0/54,328387,1327514714,478959,1794616250,1.68,2.28
2024/05/24 星期五 00:09:08.526,1716480548526,NH-DC-NM129-D06-ROCE-Leaf-8.GPU.S9825,FourHundredGigE1/0/54,147552,560214790,164539,664837634,1.39,1.64
2024/05/24 星期五 00:09:09.071,1716480549071,NH-DC-NM129-D06-ROCE-Leaf-8.GPU.S9825,FourHundredGigE1/0/54,0,0,0,0,0,0
2024/05/24 星期五 00:09:09.663,1716480549663,NH-DC-NM129-D06-ROCE-Leaf-8.GPU.S9825,FourHundredGigE1/0/54,293772,1163091014,177657,657701322,2.45,1.37
2024/05/24 星期五 00:09:10.260,1716480550260,NH-DC-NM129-D06-ROCE-Leaf-8.GPU.S9825,FourHundredGigE1/0/54,163169,618337334,458722,1835838436,1.28,3.83
2024/05/24 星期五 00:09:10.763,1716480550763,NH-DC-NM129-D06-ROCE-Leaf-8.GPU.S9825,FourHundredGigE1/0/54,0,0,0,0,0,0
2024/05/24 星期五 00:09:11.438,1716480551438,NH-DC-NM129-D06-ROCE-Leaf-8.GPU.S9825,FourHundredGigE1/0/54,334845,1308517494,869792,3479634492,2.41,6.43
2024/05/24 星期五 00:09:12.009,1716480552009,NH-DC-NM129-D06-ROCE-Leaf-8.GPU.S9825,FourHundredGigE1/0/54,0,0,0,0,0,0
2024/05/24 星期五 00:09:12.513,1716480552513,NH-DC-NM129-D06-ROCE-Leaf-8.GPU.S9825,FourHundredGigE1/0/54,128687,484979066,358005,1398130768,1.19,3.45
2024/05/24 星期五 00:09:13.268,1716480553268,NH-DC-NM129-D06-ROCE-Leaf-8.GPU.S9825,FourHundredGigE1/0/54,137002,506429132,139197,498274970,0.83,0.81
2024/05/24 星期五 00:09:13.865,1716480553865,NH-DC-NM129-D06-ROCE-Leaf-8.GPU.S9825,FourHundredGigE1/0/54,0,0,0,0,0,0
2024/05/24 星期五 00:09:14.366,1716480554366,NH-DC-NM129-D06-ROCE-Leaf-8.GPU.S9825,FourHundredGigE1/0/54,190224,708646424,136216,484516997,1.75,1.20
2024/05/24 星期五 00:09:14.942,1716480554942,NH-DC-NM129-D06-ROCE-Leaf-8.GPU.S9825,FourHundredGigE1/0/54,0,0,0,0,0,0
2024/05/24 星期五 00:09:15.622,1716480555622,NH-DC-NM129-D06-ROCE-Leaf-8.GPU.S9825,FourHundredGigE1/0/54,343772,1392171748,161058,591180400,2.56,1.08
2024/05/24 星期五 00:09:16.125,1716480556125,NH-DC-NM129-D06-ROCE-Leaf-8.GPU.S9825,FourHundredGigE1/0/54,166637,630882862,92483,340842240,1.57,0.84
2024/05/24 星期五 00:09:16.733,1716480556733,NH-DC-NM129-D06-ROCE-Leaf-8.GPU.S9825,FourHundredGigE1/0/54,0,0,0,0,0,0
2024/05/24 星期五 00:09:17.310,1716480557310,NH-DC-NM129-D06-ROCE-Leaf-8.GPU.S9825,FourHundredGigE1/0/54,152925,565245038,126958,434516825,1.21,0.93
2024/05/24 星期五 00:09:17.812,1716480557812,NH-DC-NM129-D06-ROCE-Leaf-8.GPU.S9825,FourHundredGigE1/0/54,0,0,0,0,0,0
2024/05/24 星期五 00:09:19.094,1716480559094,NH-DC-NM129-D06-ROCE-Leaf-8.GPU.S9825,FourHundredGigE1/0/54,208684,787781948,741926,3009280240,0.76,2.93
2024/05/24 星期五 00:09:19.774,1716480559774,NH-DC-NM129-D06-ROCE-Leaf-8.GPU.S9825,FourHundredGigE1/0/54,147915,608933080,156362,617502105,1.10,1.12
2024/05/24 星期五 00:09:21.088,1716480561088,NH-DC-NM129-D06-ROCE-Leaf-8.GPU.S9825,FourHundredGigE1/0/54,151497,566170020,181638,690821649,0.53,0.66
2024/05/24 星期五 00:09:21.699,1716480561699,NH-DC-NM129-D06-ROCE-Leaf-8.GPU.S9825,FourHundredGigE1/0/54,105196,395187704,212159,820397905,0.80,1.68
2024/05/24 星期五 00:09:22.275,1716480562275,NH-DC-NM129-D06-ROCE-Leaf-8.GPU.S9825,FourHundredGigE1/0/54,0,0,0,0,0,0
2024/05/24 星期五 00:09:22.775,1716480562775,NH-DC-NM129-D06-ROCE-Leaf-8.GPU.S9825,FourHundredGigE1/0/54,369148,1475496660,697565,2749070194,3.68,6.85
2024/05/24 星期五 00:09:23.531,1716480563531,NH-DC-NM129-D06-ROCE-Leaf-8.GPU.S9825,FourHundredGigE1/0/54,106523,404052562,2810526,11457940652,0.66,18.93
2024/05/24 星期五 00:09:24.083,1716480564083,NH-DC-NM129-D06-ROCE-Leaf-8.GPU.S9825,FourHundredGigE1/0/54,0,0,0,0,0,0
2024/05/24 星期五 00:09:24.584,1716480564584,NH-DC-NM129-D06-ROCE-Leaf-8.GPU.S9825,FourHundredGigE1/0/54,243530,955885823,2374819,9670678916,2.37,24.13
2024/05/24 星期五 00:09:25.255,1716480565255,NH-DC-NM129-D06-ROCE-Leaf-8.GPU.S9825,FourHundredGigE1/0/54,426096,1635372146,1214585,4911567344,3.04,9.15
2024/05/24 星期五 00:09:25.856,1716480565856,NH-DC-NM129-D06-ROCE-Leaf-8.GPU.S9825,FourHundredGigE1/0/54,0,0,0,0,0,0
2024/05/24 星期五 00:09:26.357,1716480566357,NH-DC-NM129-D06-ROCE-Leaf-8.GPU.S9825,FourHundredGigE1/0/54,575297,2323148622,1470999,5957665828,5.79,14.85
2024/05/24 星期五 00:09:27.023,1716480567023,NH-DC-NM129-D06-ROCE-Leaf-8.GPU.S9825,FourHundredGigE1/0/54,0,0,0,0,0,0
2024/05/24 星期五 00:09:27.659,1716480567659,NH-DC-NM129-D06-ROCE-Leaf-8.GPU.S9825,FourHundredGigE1/0/54,233182,942142336,1797334,7188320408,1.85,14.11
2024/05/24 星期五 00:09:28.281,1716480568281,NH-DC-NM129-D06-ROCE-Leaf-8.GPU.S9825,FourHundredGigE1/0/54,184858,729236524,1718372,6911553806,1.45,13.89
2024/05/24 星期五 00:09:29.064,1716480569064,NH-DC-NM129-D06-ROCE-Leaf-8.GPU.S9825,FourHundredGigE1/0/54,0,0,0,0,0,0
2024/05/24 星期五 00:09:29.566,1716480569566,NH-DC-NM129-D06-ROCE-Leaf-8.GPU.S9825,FourHundredGigE1/0/54,464635,1789733686,2575087,10441062130,4.43,26.00
2024/05/24 星期五 00:09:30.281,1716480570281,NH-DC-NM129-D06-ROCE-Leaf-8.GPU.S9825,FourHundredGigE1/0/54,163654,607374392,2648727,10780792716,1.05,18.85
2024/05/24 星期五 00:09:30.859,1716480570859,NH-DC-NM129-D06-ROCE-Leaf-8.GPU.S9825,FourHundredGigE1/0/54,0,0,0,0,0,0
2024/05/24 星期五 00:09:31.379,1716480571379,NH-DC-NM129-D06-ROCE-Leaf-8.GPU.S9825,FourHundredGigE1/0/54,195131,777122598,331171,1313809515,1.85,3.15
2024/05/24 星期五 00:09:32.177,1716480572177,NH-DC-NM129-D06-ROCE-Leaf-8.GPU.S9825,FourHundredGigE1/0/54,0,0,0,0,0,0
2024/05/24 星期五 00:09:32.736,1716480572736,NH-DC-NM129-D06-ROCE-Leaf-8.GPU.S9825,FourHundredGigE1/0/54,118686,437406468,193319,747156598,0.96,1.65
2024/05/24 星期五 00:09:33.300,1716480573300,NH-DC-NM129-D06-ROCE-Leaf-8.GPU.S9825,FourHundredGigE1/0/54,245941,963802666,370414,1474373086,2.13,3.26
2024/05/24 星期五 00:09:33.985,1716480573985,NH-DC-NM129-D06-ROCE-Leaf-8.GPU.S9825,FourHundredGigE1/0/54,0,0,0,0,0,0
2024/05/24 星期五 00:09:34.484,1716480574484,NH-DC-NM129-D06-ROCE-Leaf-8.GPU.S9825,FourHundredGigE1/0/54,120173,461177946,228792,905156692,1.15,2.25
2024/05/24 星期五 00:09:34.985,1716480574985,NH-DC-NM129-D06-ROCE-Leaf-8.GPU.S9825,FourHundredGigE1/0/54,174418,673442812,288175,1140298022,1.67,2.84
2024/05/24 星期五 00:09:35.699,1716480575699,NH-DC-NM129-D06-ROCE-Leaf-8.GPU.S9825,FourHundredGigE1/0/54,0,0,0,0,0,0
2024/05/24 星期五 00:09:36.213,1716480576213,NH-DC-NM129-D06-ROCE-Leaf-8.GPU.S9825,FourHundredGigE1/0/54,0,0,0,0,0,0
2024/05/24 星期五 00:09:36.715,1716480576715,NH-DC-NM129-D06-ROCE-Leaf-8.GPU.S9825,FourHundredGigE1/0/54,314532,1245956810,190734,744903746,3.09,1.84
2024/05/24 星期五 00:09:37.400,1716480577400,NH-DC-NM129-D06-ROCE-Leaf-8.GPU.S9825,FourHundredGigE1/0/54,569531,2212900748,543170,2133934751,4.03,3.89
2024/05/24 星期五 00:09:39.335,1716480579335,NH-DC-NM129-D06-ROCE-Leaf-8.GPU.S9825,FourHundredGigE1/0/54,79049,223472930,123793,473916113,0.14,0.30
2024/05/24 星期五 00:09:39.936,1716480579936,NH-DC-NM129-D06-ROCE-Leaf-8.GPU.S9825,FourHundredGigE1/0/54,0,0,0,0,0,0
2024/05/24 星期五 00:09:40.631,1716480580631,NH-DC-NM129-D06-ROCE-Leaf-8.GPU.S9825,FourHundredGigE1/0/54,175443,697007772,198698,792347773,1.24,1.42
2024/05/24 星期五 00:09:41.298,1716480581298,NH-DC-NM129-D06-ROCE-Leaf-8.GPU.S9825,FourHundredGigE1/0/54,338584,1356924202,198818,713738839,2.53,1.33
2024/05/24 星期五 00:09:41.799,1716480581799,NH-DC-NM129-D06-ROCE-Leaf-8.GPU.S9825,FourHundredGigE1/0/54,0,0,0,0,0,0
2024/05/24 星期五 00:09:42.464,1716480582464,NH-DC-NM129-D06-ROCE-Leaf-8.GPU.S9825,FourHundredGigE1/0/54,152825,605080062,286751,1097933890,1.13,2.05
2024/05/24 星期五 00:09:43.041,1716480583041,NH-DC-NM129-D06-ROCE-Leaf-8.GPU.S9825,FourHundredGigE1/0/54,0,0,0,0,0,0
2024/05/24 星期五 00:09:43.564,1716480583564,NH-DC-NM129-D06-ROCE-Leaf-8.GPU.S9825,FourHundredGigE1/0/54,93121,337391446,146004,549111729,0.79,1.29
2024/05/24 星期五 00:09:44.267,1716480584267,NH-DC-NM129-D06-ROCE-Leaf-8.GPU.S9825,FourHundredGigE1/0/54,92269,326696692,77205,252813619,0.57,0.44
2024/05/24 星期五 00:09:45.231,1716480585231,NH-DC-NM129-D06-ROCE-Leaf-8.GPU.S9825,FourHundredGigE1/0/54,0,0,0,0,0,0
2024/05/24 星期五 00:09:45.733,1716480585733,NH-DC-NM129-D06-ROCE-Leaf-8.GPU.S9825,FourHundredGigE1/0/54,110455,412786772,166249,639652555,1.02,1.57
2024/05/24 星期五 00:09:46.356,1716480586356,NH-DC-NM129-D06-ROCE-Leaf-8.GPU.S9825,FourHundredGigE1/0/54,219236,793093668,76466,264271650,1.59,0.52
2024/05/24 星期五 00:09:46.888,1716480586888,NH-DC-NM129-D06-ROCE-Leaf-8.GPU.S9825,FourHundredGigE1/0/54,0,0,0,0,0,0
2024/05/24 星期五 00:09:47.594,1716480587594,NH-DC-NM129-D06-ROCE-Leaf-8.GPU.S9825,FourHundredGigE1/0/54,381347,1532999106,336285,1353690574,2.71,2.39
2024/05/24 星期五 00:09:48.154,1716480588154,NH-DC-NM129-D06-ROCE-Leaf-8.GPU.S9825,FourHundredGigE1/0/54,0,0,0,0,0,0
2024/05/24 星期五 00:09:48.657,1716480588657,NH-DC-NM129-D06-ROCE-Leaf-8.GPU.S9825,FourHundredGigE1/0/54,123485,419509420,190101,744195382,1.02,1.84
2024/05/24 星期五 00:09:49.285,1716480589285,NH-DC-NM129-D06-ROCE-Leaf-8.GPU.S9825,FourHundredGigE1/0/54,214440,863448446,158482,645968942,1.71,1.27
2024/05/24 星期五 00:09:49.835,1716480589835,NH-DC-NM129-D06-ROCE-Leaf-8.GPU.S9825,FourHundredGigE1/0/54,0,0,0,0,0,0
2024/05/24 星期五 00:09:50.336,1716480590336,NH-DC-NM129-D06-ROCE-Leaf-8.GPU.S9825,FourHundredGigE1/0/54,231545,953330490,203840,822250338,2.37,2.05
2024/05/24 星期五 00:09:50.937,1716480590937,NH-DC-NM129-D06-ROCE-Leaf-8.GPU.S9825,FourHundredGigE1/0/54,0,0,0,0,0,0
2024/05/24 星期五 00:09:51.639,1716480591639,NH-DC-NM129-D06-ROCE-Leaf-8.GPU.S9825,FourHundredGigE1/0/54,505666,2031444819,296803,1154174641,3.61,2.05
2024/05/24 星期五 00:09:52.164,1716480592164,NH-DC-NM129-D06-ROCE-Leaf-8.GPU.S9825,FourHundredGigE1/0/54,0,0,0,0,0,0
2024/05/24 星期五 00:09:52.733,1716480592733,NH-DC-NM129-D06-ROCE-Leaf-8.GPU.S9825,FourHundredGigE1/0/54,160494,551912994,93470,334440232,1.21,0.72
2024/05/24 星期五 00:09:53.416,1716480593416,NH-DC-NM129-D06-ROCE-Leaf-8.GPU.S9825,FourHundredGigE1/0/54,90854,333479168,128574,467962703,0.60,0.84
2024/05/24 星期五 00:09:54.063,1716480594063,NH-DC-NM129-D06-ROCE-Leaf-8.GPU.S9825,FourHundredGigE1/0/54,0,0,0,0,0,0
2024/05/24 星期五 00:09:54.634,1716480594634,NH-DC-NM129-D06-ROCE-Leaf-8.GPU.S9825,FourHundredGigE1/0/54,183306,647587165,353331,1422133961,1.40,3.11
2024/05/24 星期五 00:09:55.184,1716480595184,NH-DC-NM129-D06-ROCE-Leaf-8.GPU.S9825,FourHundredGigE1/0/54,0,0,0,0,0,0
2024/05/24 星期五 00:09:55.690,1716480595690,NH-DC-NM129-D06-ROCE-Leaf-8.GPU.S9825,FourHundredGigE1/0/54,12270,38309940,28453,95089816,0.07,0.22
2024/05/24 星期五 00:09:56.313,1716480596313,NH-DC-NM129-D06-ROCE-Leaf-8.GPU.S9825,FourHundredGigE1/0/54,256999,1044634994,262422,1058750698,2.09,2.11
2024/05/24 星期五 00:09:56.890,1716480596890,NH-DC-NM129-D06-ROCE-Leaf-8.GPU.S9825,FourHundredGigE1/0/54,0,0,0,0,0,0
2024/05/24 星期五 00:09:57.742,1716480597742,NH-DC-NM129-D06-ROCE-Leaf-8.GPU.S9825,FourHundredGigE1/0/54,192560,742911356,270293,1081777731,1.09,1.58
2024/05/24 星期五 00:09:59.241,1716480599241,NH-DC-NM129-D06-ROCE-Leaf-8.GPU.S9825,FourHundredGigE1/0/54,428837,1638814370,523122,2080091795,1.36,1.73
2024/05/24 星期五 00:09:59.927,1716480599927,NH-DC-NM129-D06-ROCE-Leaf-8.GPU.S9825,FourHundredGigE1/0/54,0,0,0,0,0,0
2024/05/24 星期五 00:10:00.673,1716480600673,NH-DC-NM129-D06-ROCE-Leaf-8.GPU.S9825,FourHundredGigE1/0/54,300061,1175175826,81459,271807980,1.96,0.45
2024/05/24 星期五 00:10:01.215,1716480601215,NH-DC-NM129-D06-ROCE-Leaf-8.GPU.S9825,FourHundredGigE1/0/54,160860,596155684,163231,643466489,1.36,1.48
2024/05/24 星期五 00:10:01.839,1716480601839,NH-DC-NM129-D06-ROCE-Leaf-8.GPU.S9825,FourHundredGigE1/0/54,0,0,0,0,0,0
2024/05/24 星期五 00:10:02.361,1716480602361,NH-DC-NM129-D06-ROCE-Leaf-8.GPU.S9825,FourHundredGigE1/0/54,213020,749721628,107207,393072812,1.77,0.93
2024/05/24 星期五 00:10:03.757,1716480603757,NH-DC-NM129-D06-ROCE-Leaf-8.GPU.S9825,FourHundredGigE1/0/54,233224,908586380,316905,1209177664,0.81,1.07
2024/05/24 星期五 00:10:04.311,1716480604311,NH-DC-NM129-D06-ROCE-Leaf-8.GPU.S9825,FourHundredGigE1/0/54,255484,1008624268,156507,596129003,2.26,1.33
2024/05/24 星期五 00:10:04.814,1716480604814,NH-DC-NM129-D06-ROCE-Leaf-8.GPU.S9825,FourHundredGigE1/0/54,0,0,0,0,0,0
2024/05/24 星期五 00:10:05.448,1716480605448,NH-DC-NM129-D06-ROCE-Leaf-8.GPU.S9825,FourHundredGigE1/0/54,77438,273997688,151595,580180764,0.53,1.14
2024/05/24 星期五 00:10:05.953,1716480605953,NH-DC-NM129-D06-ROCE-Leaf-8.GPU.S9825,FourHundredGigE1/0/54,0,0,0,0,0,0
2024/05/24 星期五 00:10:06.454,1716480606454,NH-DC-NM129-D06-ROCE-Leaf-8.GPU.S9825,FourHundredGigE1/0/54,74106,282528044,121466,437053538,0.70,1.07
2024/05/24 星期五 00:10:07.209,1716480607209,NH-DC-NM129-D06-ROCE-Leaf-8.GPU.S9825,FourHundredGigE1/0/54,577114,2269870128,286954,1161168727,3.74,1.92
2024/05/24 星期五 00:10:07.796,1716480607796,NH-DC-NM129-D06-ROCE-Leaf-8.GPU.S9825,FourHundredGigE1/0/54,0,0,0,0,0,0
2024/05/24 星期五 00:10:08.383,1716480608383,NH-DC-NM129-D06-ROCE-Leaf-8.GPU.S9825,FourHundredGigE1/0/54,250323,990274290,148855,533495741,2.11,1.13
2024/05/24 星期五 00:10:08.903,1716480608903,NH-DC-NM129-D06-ROCE-Leaf-8.GPU.S9825,FourHundredGigE1/0/54,0,0,0,0,0,0
2024/05/24 星期五 00:10:09.401,1716480609401,NH-DC-NM129-D06-ROCE-Leaf-8.GPU.S9825,FourHundredGigE1/0/54,183419,706439034,332566,1283256992,1.76,3.21
2024/05/24 星期五 00:10:09.986,1716480609986,NH-DC-NM129-D06-ROCE-Leaf-8.GPU.S9825,FourHundredGigE1/0/54,0,0,0,0,0,0
2024/05/24 星期五 00:10:10.699,1716480610699,NH-DC-NM129-D06-ROCE-Leaf-8.GPU.S9825,FourHundredGigE1/0/54,109108,401192480,157886,570717951,0.70,1.00
2024/05/24 星期五 00:10:11.331,1716480611331,NH-DC-NM129-D06-ROCE-Leaf-8.GPU.S9825,FourHundredGigE1/0/54,276645,1081810010,261397,1039472699,2.14,2.04
2024/05/24 星期五 00:10:11.906,1716480611906,NH-DC-NM129-D06-ROCE-Leaf-8.GPU.S9825,FourHundredGigE1/0/54,0,0,0,0,0,0
2024/05/24 星期五 00:10:12.407,1716480612407,NH-DC-NM129-D06-ROCE-Leaf-8.GPU.S9825,FourHundredGigE1/0/54,113525,414359906,135932,522762453,1.02,1.30
2024/05/24 星期五 00:10:12.910,1716480612910,NH-DC-NM129-D06-ROCE-Leaf-8.GPU.S9825,FourHundredGigE1/0/54,0,0,0,0,0,0
2024/05/24 星期五 00:10:13.480,1716480613480,NH-DC-NM129-D06-ROCE-Leaf-8.GPU.S9825,FourHundredGigE1/0/54,485345,1830015798,2131152,8602016738,4.01,18.86
2024/05/24 星期五 00:10:14.264,1716480614264,NH-DC-NM129-D06-ROCE-Leaf-8.GPU.S9825,FourHundredGigE1/0/54,342801,1374161442,3054026,12372273974,2.18,19.72
2024/05/24 星期五 00:10:14.813,1716480614813,NH-DC-NM129-D06-ROCE-Leaf-8.GPU.S9825,FourHundredGigE1/0/54,0,0,0,0,0,0
2024/05/24 星期五 00:10:16.308,1716480616308,NH-DC-NM129-D06-ROCE-Leaf-8.GPU.S9825,FourHundredGigE1/0/54,546983,2085275938,3279072,13323869022,1.74,11.14
2024/05/24 星期五 00:10:16.839,1716480616839,NH-DC-NM129-D06-ROCE-Leaf-8.GPU.S9825,FourHundredGigE1/0/54,0,0,0,0,0,0
2024/05/24 星期五 00:10:17.643,1716480617643,NH-DC-NM129-D06-ROCE-Leaf-8.GPU.S9825,FourHundredGigE1/0/54,235903,890845706,1399895,5675370040,1.38,8.82
2024/05/24 星期五 00:10:18.209,1716480618209,NH-DC-NM129-D06-ROCE-Leaf-8.GPU.S9825,FourHundredGigE1/0/54,268434,1047414472,1315898,5306334220,2.30,11.70
2024/05/24 星期五 00:10:19.311,1716480619311,NH-DC-NM129-D06-ROCE-Leaf-8.GPU.S9825,FourHundredGigE1/0/54,128211,372432230,937359,3789616204,0.42,4.29
2024/05/24 星期五 00:10:19.916,1716480619916,NH-DC-NM129-D06-ROCE-Leaf-8.GPU.S9825,FourHundredGigE1/0/54,0,0,0,0,0,0
2024/05/24 星期五 00:10:20.490,1716480620490,NH-DC-NM129-D06-ROCE-Leaf-8.GPU.S9825,FourHundredGigE1/0/54,144157,244480606,74643,217361087,0.52,0.46
2024/05/24 星期五 00:10:21.396,1716480621396,NH-DC-NM129-D06-ROCE-Leaf-8.GPU.S9825,FourHundredGigE1/0/54,124122,271172928,106820,403765668,0.37,0.55
2024/05/24 星期五 00:10:21.969,1716480621969,NH-DC-NM129-D06-ROCE-Leaf-8.GPU.S9825,FourHundredGigE1/0/54,0,0,0,0,0,0
2024/05/24 星期五 00:10:22.508,1716480622508,NH-DC-NM129-D06-ROCE-Leaf-8.GPU.S9825,FourHundredGigE1/0/54,160213,639804618,389574,1516308473,1.46,3.50
2024/05/24 星期五 00:10:23.011,1716480623011,NH-DC-NM129-D06-ROCE-Leaf-8.GPU.S9825,FourHundredGigE1/0/54,0,0,0,0,0,0
2024/05/24 星期五 00:10:23.607,1716480623607,NH-DC-NM129-D06-ROCE-Leaf-8.GPU.S9825,FourHundredGigE1/0/54,160565,615353102,162324,633587935,1.28,1.32
2024/05/24 星期五 00:10:24.844,1716480624844,NH-DC-NM129-D06-ROCE-Leaf-8.GPU.S9825,FourHundredGigE1/0/54,254730,1044286653,93487,324140225,1.05,0.32
2024/05/24 星期五 00:10:25.506,1716480625506,NH-DC-NM129-D06-ROCE-Leaf-8.GPU.S9825,FourHundredGigE1/0/54,259104,1057447362,204345,770769466,1.98,1.45
2024/05/24 星期五 00:10:26.016,1716480626016,NH-DC-NM129-D06-ROCE-Leaf-8.GPU.S9825,FourHundredGigE1/0/54,0,0,0,0,0,0
2024/05/24 星期五 00:10:26.517,1716480626517,NH-DC-NM129-D06-ROCE-Leaf-8.GPU.S9825,FourHundredGigE1/0/54,435209,1765800328,87806,315991814,4.39,0.77
2024/05/24 星期五 00:10:27.088,1716480627088,NH-DC-NM129-D06-ROCE-Leaf-8.GPU.S9825,FourHundredGigE1/0/54,0,0,0,0,0,0
2024/05/24 星期五 00:10:27.657,1716480627657,NH-DC-NM129-D06-ROCE-Leaf-8.GPU.S9825,FourHundredGigE1/0/54,193829,751201714,191123,717636037,1.65,1.56
2024/05/24 星期五 00:10:29.347,1716480629347,NH-DC-NM129-D06-ROCE-Leaf-8.GPU.S9825,FourHundredGigE1/0/54,524087,2029547626,592856,2360418377,1.49,1.75
2024/05/24 星期五 00:10:29.858,1716480629858,NH-DC-NM129-D06-ROCE-Leaf-8.GPU.S9825,FourHundredGigE1/0/54,0,0,0,0,0,0
2024/05/24 星期五 00:10:30.380,1716480630380,NH-DC-NM129-D06-ROCE-Leaf-8.GPU.S9825,FourHundredGigE1/0/54,101366,385665860,132165,494307320,0.91,1.17
2024/05/24 星期五 00:10:30.882,1716480630882,NH-DC-NM129-D06-ROCE-Leaf-8.GPU.S9825,FourHundredGigE1/0/54,213435,781141858,136811,518479733,1.94,1.27
2024/05/24 星期五 00:10:32.016,1716480632016,NH-DC-NM129-D06-ROCE-Leaf-8.GPU.S9825,FourHundredGigE1/0/54,0,0,0,0,0,0
2024/05/24 星期五 00:10:32.626,1716480632626,NH-DC-NM129-D06-ROCE-Leaf-8.GPU.S9825,FourHundredGigE1/0/54,153789,584106830,95305,367050458,1.19,0.74
2024/05/24 星期五 00:10:33.128,1716480633128,NH-DC-NM129-D06-ROCE-Leaf-8.GPU.S9825,FourHundredGigE1/0/54,0,0,0,0,0,0
2024/05/24 星期五 00:10:33.629,1716480633629,NH-DC-NM129-D06-ROCE-Leaf-8.GPU.S9825,FourHundredGigE1/0/54,48595,177131818,125210,455964711,0.42,1.12
2024/05/24 星期五 00:10:34.184,1716480634184,NH-DC-NM129-D06-ROCE-Leaf-8.GPU.S9825,FourHundredGigE1/0/54,0,0,0,0,0,0
2024/05/24 星期五 00:10:34.686,1716480634686,NH-DC-NM129-D06-ROCE-Leaf-8.GPU.S9825,FourHundredGigE1/0/54,92406,282338596,166239,594558781,0.70,1.47
2024/05/24 星期五 00:10:35.664,1716480635664,NH-DC-NM129-D06-ROCE-Leaf-8.GPU.S9825,FourHundredGigE1/0/54,141939,482555500,78149,277823260,0.61,0.35
2024/05/24 星期五 00:10:36.231,1716480636231,NH-DC-NM129-D06-ROCE-Leaf-8.GPU.S9825,FourHundredGigE1/0/54,0,0,0,0,0,0
2024/05/24 星期五 00:10:36.736,1716480636736,NH-DC-NM129-D06-ROCE-Leaf-8.GPU.S9825,FourHundredGigE1/0/54,445781,1857580688,142469,509780199,4.58,1.24
2024/05/24 星期五 00:10:37.306,1716480637306,NH-DC-NM129-D06-ROCE-Leaf-8.GPU.S9825,FourHundredGigE1/0/54,321855,490163314,469539,715579915,1.07,1.56
2024/05/24 星期五 00:10:39.123,1716480639123,NH-DC-NM129-D06-ROCE-Leaf-8.GPU.S9825,FourHundredGigE1/0/54,185547,1173003332,167628,1658467375,0.80,1.14
2024/05/24 星期五 00:10:39.915,1716480639915,NH-DC-NM129-D06-ROCE-Leaf-8.GPU.S9825,FourHundredGigE1/0/54,0,0,0,0,0,0
2024/05/24 星期五 00:10:40.516,1716480640516,NH-DC-NM129-D06-ROCE-Leaf-8.GPU.S9825,FourHundredGigE1/0/54,291748,949460026,507044,2071991501,1.96,4.31
2024/05/24 星期五 00:10:41.074,1716480641074,NH-DC-NM129-D06-ROCE-Leaf-8.GPU.S9825,FourHundredGigE1/0/54,0,0,0,0,0,0
2024/05/24 星期五 00:10:41.596,1716480641596,NH-DC-NM129-D06-ROCE-Leaf-8.GPU.S9825,FourHundredGigE1/0/54,89932,224825584,85213,293065745,0.53,0.69
2024/05/24 星期五 00:10:42.097,1716480642097,NH-DC-NM129-D06-ROCE-Leaf-8.GPU.S9825,FourHundredGigE1/0/54,230625,890379466,179372,665114643,2.22,1.65
2024/05/24 星期五 00:10:43.061,1716480643061,NH-DC-NM129-D06-ROCE-Leaf-8.GPU.S9825,FourHundredGigE1/0/54,0,0,0,0,0,0
2024/05/24 星期五 00:10:43.590,1716480643590,NH-DC-NM129-D06-ROCE-Leaf-8.GPU.S9825,FourHundredGigE1/0/54,391826,1524413692,328497,1337881280,3.59,3.14
2024/05/24 星期五 00:10:44.165,1716480644165,NH-DC-NM129-D06-ROCE-Leaf-8.GPU.S9825,FourHundredGigE1/0/54,0,0,0,0,0,0
2024/05/24 星期五 00:10:44.732,1716480644732,NH-DC-NM129-D06-ROCE-Leaf-8.GPU.S9825,FourHundredGigE1/0/54,174195,619473258,66093,228586266,1.34,0.49
2024/05/24 星期五 00:10:45.229,1716480645229,NH-DC-NM129-D06-ROCE-Leaf-8.GPU.S9825,FourHundredGigE1/0/54,0,0,0,0,0,0
2024/05/24 星期五 00:10:45.730,1716480645730,NH-DC-NM129-D06-ROCE-Leaf-8.GPU.S9825,FourHundredGigE1/0/54,784606,3142827086,168977,638406584,7.83,1.57
2024/05/24 星期五 00:10:46.697,1716480646697,NH-DC-NM129-D06-ROCE-Leaf-8.GPU.S9825,FourHundredGigE1/0/54,2345578,9594660036,69955,268534358,12.40,0.34
2024/05/24 星期五 00:10:47.198,1716480647198,NH-DC-NM129-D06-ROCE-Leaf-8.GPU.S9825,FourHundredGigE1/0/54,0,0,0,0,0,0
2024/05/24 星期五 00:10:47.701,1716480647701,NH-DC-NM129-D06-ROCE-Leaf-8.GPU.S9825,FourHundredGigE1/0/54,1571126,6441685594,286438,1134893034,16.00,2.81
2024/05/24 星期五 00:10:48.257,1716480648257,NH-DC-NM129-D06-ROCE-Leaf-8.GPU.S9825,FourHundredGigE1/0/54,0,0,0,0,0,0
2024/05/24 星期五 00:10:48.759,1716480648759,NH-DC-NM129-D06-ROCE-Leaf-8.GPU.S9825,FourHundredGigE1/0/54,461315,1796112094,191064,733910862,4.46,1.82
2024/05/24 星期五 00:10:49.260,1716480649260,NH-DC-NM129-D06-ROCE-Leaf-8.GPU.S9825,FourHundredGigE1/0/54,246590,953878016,318010,1232458128,2.37,3.07
2024/05/24 星期五 00:10:50.035,1716480650035,NH-DC-NM129-D06-ROCE-Leaf-8.GPU.S9825,FourHundredGigE1/0/54,0,0,0,0,0,0
2024/05/24 星期五 00:10:50.610,1716480650610,NH-DC-NM129-D06-ROCE-Leaf-8.GPU.S9825,FourHundredGigE1/0/54,158886,580539380,151106,571500604,1.26,1.24
2024/05/24 星期五 00:10:51.146,1716480651146,NH-DC-NM129-D06-ROCE-Leaf-8.GPU.S9825,FourHundredGigE1/0/54,285534,1100718996,211656,828840074,2.57,1.91
2024/05/24 星期五 00:10:51.724,1716480651724,NH-DC-NM129-D06-ROCE-Leaf-8.GPU.S9825,FourHundredGigE1/0/54,0,0,0,0,0,0
2024/05/24 星期五 00:10:52.224,1716480652224,NH-DC-NM129-D06-ROCE-Leaf-8.GPU.S9825,FourHundredGigE1/0/54,0,0,0,0,0,0
2024/05/24 星期五 00:10:52.726,1716480652726,NH-DC-NM129-D06-ROCE-Leaf-8.GPU.S9825,FourHundredGigE1/0/54,324419,1253352622,473255,1897769710,3.11,4.71
2024/05/24 星期五 00:10:53.472,1716480653472,NH-DC-NM129-D06-ROCE-Leaf-8.GPU.S9825,FourHundredGigE1/0/54,319611,1234566164,250904,911564746,2.06,1.52
2024/05/24 星期五 00:10:54.194,1716480654194,NH-DC-NM129-D06-ROCE-Leaf-8.GPU.S9825,FourHundredGigE1/0/54,0,0,0,0,0,0
2024/05/24 星期五 00:10:54.728,1716480654728,NH-DC-NM129-D06-ROCE-Leaf-8.GPU.S9825,FourHundredGigE1/0/54,408915,1651851221,153238,540390614,3.86,1.26
2024/05/24 星期五 00:10:55.347,1716480655347,NH-DC-NM129-D06-ROCE-Leaf-8.GPU.S9825,FourHundredGigE1/0/54,280713,1057681834,193799,682871521,2.12,1.37
2024/05/24 星期五 00:10:55.864,1716480655864,NH-DC-NM129-D06-ROCE-Leaf-8.GPU.S9825,FourHundredGigE1/0/54,0,0,0,0,0,0
2024/05/24 星期五 00:10:56.408,1716480656408,NH-DC-NM129-D06-ROCE-Leaf-8.GPU.S9825,FourHundredGigE1/0/54,190003,688697030,133854,472026289,1.56,1.08
2024/05/24 星期五 00:10:57.473,1716480657473,NH-DC-NM129-D06-ROCE-Leaf-8.GPU.S9825,FourHundredGigE1/0/54,119851,415082818,145459,522900614,0.48,0.61
2024/05/24 星期五 00:10:58.086,1716480658086,NH-DC-NM129-D06-ROCE-Leaf-8.GPU.S9825,FourHundredGigE1/0/54,0,0,0,0,0,0
2024/05/24 星期五 00:10:58.737,1716480658737,NH-DC-NM129-D06-ROCE-Leaf-8.GPU.S9825,FourHundredGigE1/0/54,129727,388754678,497679,2024156647,0.73,3.88
2024/05/24 星期五 00:10:59.358,1716480659358,NH-DC-NM129-D06-ROCE-Leaf-8.GPU.S9825,FourHundredGigE1/0/54,99620,339349230,108551,396851551,0.66,0.79
2024/05/24 星期五 00:10:59.857,1716480659857,NH-DC-NM129-D06-ROCE-Leaf-8.GPU.S9825,FourHundredGigE1/0/54,0,0,0,0,0,0
2024/05/24 星期五 00:11:00.476,1716480660476,NH-DC-NM129-D06-ROCE-Leaf-8.GPU.S9825,FourHundredGigE1/0/54,35158,105750014,147413,514201330,0.20,1.03
2024/05/24 星期五 00:11:01.429,1716480661429,NH-DC-NM129-D06-ROCE-Leaf-8.GPU.S9825,FourHundredGigE1/0/54,281595,1112578162,105129,354554657,1.46,0.46
2024/05/24 星期五 00:11:01.931,1716480661931,NH-DC-NM129-D06-ROCE-Leaf-8.GPU.S9825,FourHundredGigE1/0/54,0,0,0,0,0,0
2024/05/24 星期五 00:11:02.476,1716480662476,NH-DC-NM129-D06-ROCE-Leaf-8.GPU.S9825,FourHundredGigE1/0/54,62592,248507956,185055,697062071,0.55,1.58
2024/05/24 星期五 00:11:03.057,1716480663057,NH-DC-NM129-D06-ROCE-Leaf-8.GPU.S9825,FourHundredGigE1/0/54,0,0,0,0,0,0
2024/05/24 星期五 00:11:03.558,1716480663558,NH-DC-NM129-D06-ROCE-Leaf-8.GPU.S9825,FourHundredGigE1/0/54,359908,1324817788,198237,772313335,3.29,1.92
2024/05/24 星期五 00:11:05.012,1716480665012,NH-DC-NM129-D06-ROCE-Leaf-8.GPU.S9825,FourHundredGigE1/0/54,101458,366771476,147647,417010564,0.31,0.35
2024/05/24 星期五 00:11:05.514,1716480665514,NH-DC-NM129-D06-ROCE-Leaf-8.GPU.S9825,FourHundredGigE1/0/54,123191,489251002,459350,1811310632,1.20,4.51
2024/05/24 星期五 00:11:06.103,1716480666103,NH-DC-NM129-D06-ROCE-Leaf-8.GPU.S9825,FourHundredGigE1/0/54,0,0,0,0,0,0
2024/05/24 星期五 00:11:07.018,1716480667018,NH-DC-NM129-D06-ROCE-Leaf-8.GPU.S9825,FourHundredGigE1/0/54,130584,519483248,155619,572023510,0.70,0.78
2024/05/24 星期五 00:11:07.529,1716480667529,NH-DC-NM129-D06-ROCE-Leaf-8.GPU.S9825,FourHundredGigE1/0/54,90631,362128554,203498,775166764,0.88,1.88
2024/05/24 星期五 00:11:09.008,1716480669008,NH-DC-NM129-D06-ROCE-Leaf-8.GPU.S9825,FourHundredGigE1/0/54,87628,376334236,310053,1219937578,0.31,1.02
2024/05/24 星期五 00:11:09.510,1716480669510,NH-DC-NM129-D06-ROCE-Leaf-8.GPU.S9825,FourHundredGigE1/0/54,244287,1006328182,431022,1520154756,2.49,3.78
2024/05/24 星期五 00:11:10.056,1716480670056,NH-DC-NM129-D06-ROCE-Leaf-8.GPU.S9825,FourHundredGigE1/0/54,0,0,0,0,0,0
2024/05/24 星期五 00:11:10.556,1716480670556,NH-DC-NM129-D06-ROCE-Leaf-8.GPU.S9825,FourHundredGigE1/0/54,115621,479743266,89833,331232062,1.18,0.82
2024/05/24 星期五 00:11:11.328,1716480671328,NH-DC-NM129-D06-ROCE-Leaf-8.GPU.S9825,FourHundredGigE1/0/54,380023,1469807558,102371,388507750,2.36,0.62
2024/05/24 星期五 00:11:12.072,1716480672072,NH-DC-NM129-D06-ROCE-Leaf-8.GPU.S9825,FourHundredGigE1/0/54,0,0,0,0,0,0
2024/05/24 星期五 00:11:12.597,1716480672597,NH-DC-NM129-D06-ROCE-Leaf-8.GPU.S9825,FourHundredGigE1/0/54,359642,1506586470,308034,1235182440,3.57,2.93
2024/05/24 星期五 00:11:13.170,1716480673170,NH-DC-NM129-D06-ROCE-Leaf-8.GPU.S9825,FourHundredGigE1/0/54,0,0,0,0,0,0
2024/05/24 星期五 00:11:13.674,1716480673674,NH-DC-NM129-D06-ROCE-Leaf-8.GPU.S9825,FourHundredGigE1/0/54,201751,779773488,194199,723404690,1.91,1.79
2024/05/24 星期五 00:11:14.177,1716480674177,NH-DC-NM129-D06-ROCE-Leaf-8.GPU.S9825,FourHundredGigE1/0/54,0,0,0,0,0,0
2024/05/24 星期五 00:11:14.682,1716480674682,NH-DC-NM129-D06-ROCE-Leaf-8.GPU.S9825,FourHundredGigE1/0/54,276404,959522940,173879,654130406,2.35,1.61
2024/05/24 星期五 00:11:15.544,1716480675544,NH-DC-NM129-D06-ROCE-Leaf-8.GPU.S9825,FourHundredGigE1/0/54,232539,903415090,77889,262278242,1.31,0.38
2024/05/24 星期五 00:11:16.143,1716480676143,NH-DC-NM129-D06-ROCE-Leaf-8.GPU.S9825,FourHundredGigE1/0/54,0,0,0,0,0,0
2024/05/24 星期五 00:11:16.643,1716480676643,NH-DC-NM129-D06-ROCE-Leaf-8.GPU.S9825,FourHundredGigE1/0/54,212904,847325872,500569,2037827462,2.1,5.08
2024/05/24 星期五 00:11:17.144,1716480677144,NH-DC-NM129-D06-ROCE-Leaf-8.GPU.S9825,FourHundredGigE1/0/54,0,0,0,0,0,0
2024/05/24 星期五 00:11:17.642,1716480677642,NH-DC-NM129-D06-ROCE-Leaf-8.GPU.S9825,FourHundredGigE1/0/54,169091,660429286,158680,602566080,1.66,1.51
2024/05/24 星期五 00:11:18.308,1716480678308,NH-DC-NM129-D06-ROCE-Leaf-8.GPU.S9825,FourHundredGigE1/0/54,230776,898546748,147993,569456654,1.67,1.05
2024/05/24 星期五 00:11:19.838,1716480679838,NH-DC-NM129-D06-ROCE-Leaf-8.GPU.S9825,FourHundredGigE1/0/54,459933,1851747510,524736,2108420568,1.51,1.72
2024/05/24 星期五 00:11:20.337,1716480680337,NH-DC-NM129-D06-ROCE-Leaf-8.GPU.S9825,FourHundredGigE1/0/54,269815,1087627514,462889,1769993314,2.71,4.41
2024/05/24 星期五 00:11:20.838,1716480680838,NH-DC-NM129-D06-ROCE-Leaf-8.GPU.S9825,FourHundredGigE1/0/54,0,0,0,0,0,0
2024/05/24 星期五 00:11:21.563,1716480681563,NH-DC-NM129-D06-ROCE-Leaf-8.GPU.S9825,FourHundredGigE1/0/54,97266,426740708,264766,827691400,0.72,1.41
2024/05/24 星期五 00:11:22.164,1716480682164,NH-DC-NM129-D06-ROCE-Leaf-8.GPU.S9825,FourHundredGigE1/0/54,101541,412283636,339726,1302450000,0.85,2.70
2024/05/24 星期五 00:11:23.044,1716480683044,NH-DC-NM129-D06-ROCE-Leaf-8.GPU.S9825,FourHundredGigE1/0/54,0,0,0,0,0,0
2024/05/24 星期五 00:11:23.549,1716480683549,NH-DC-NM129-D06-ROCE-Leaf-8.GPU.S9825,FourHundredGigE1/0/54,306113,1200537232,317405,1259674019,2.97,3.09
2024/05/24 星期五 00:11:24.050,1716480684050,NH-DC-NM129-D06-ROCE-Leaf-8.GPU.S9825,FourHundredGigE1/0/54,0,0,0,0,0,0
2024/05/24 星期五 00:11:24.553,1716480684553,NH-DC-NM129-D06-ROCE-Leaf-8.GPU.S9825,FourHundredGigE1/0/54,120951,496770279,92462,330991244,1.22,0.82
2024/05/24 星期五 00:11:25.281,1716480685281,NH-DC-NM129-D06-ROCE-Leaf-8.GPU.S9825,FourHundredGigE1/0/54,193274,778542270,41458,104313200,1.32,0.17
2024/05/24 星期五 00:11:25.926,1716480685926,NH-DC-NM129-D06-ROCE-Leaf-8.GPU.S9825,FourHundredGigE1/0/54,0,0,0,0,0,0
2024/05/24 星期五 00:11:26.597,1716480686597,NH-DC-NM129-D06-ROCE-Leaf-8.GPU.S9825,FourHundredGigE1/0/54,130297,528236664,101326,359517768,0.97,0.65
2024/05/24 星期五 00:11:27.105,1716480687105,NH-DC-NM129-D06-ROCE-Leaf-8.GPU.S9825,FourHundredGigE1/0/54,0,0,0,0,0,0
2024/05/24 星期五 00:11:27.605,1716480687605,NH-DC-NM129-D06-ROCE-Leaf-8.GPU.S9825,FourHundredGigE1/0/54,125181,484236430,259152,1014467552,1.2,2.52
2024/05/24 星期五 00:11:28.546,1716480688546,NH-DC-NM129-D06-ROCE-Leaf-8.GPU.S9825,FourHundredGigE1/0/54,254112,1007242076,105567,385596774,1.33,0.50
2024/05/24 星期五 00:11:29.056,1716480689056,NH-DC-NM129-D06-ROCE-Leaf-8.GPU.S9825,FourHundredGigE1/0/54,0,0,0,0,0,0
2024/05/24 星期五 00:11:29.702,1716480689702,NH-DC-NM129-D06-ROCE-Leaf-8.GPU.S9825,FourHundredGigE1/0/54,156338,638758268,131957,421593263,1.22,0.81
2024/05/24 星期五 00:11:30.246,1716480690246,NH-DC-NM129-D06-ROCE-Leaf-8.GPU.S9825,FourHundredGigE1/0/54,0,0,0,0,0,0
2024/05/24 星期五 00:11:30.754,1716480690754,NH-DC-NM129-D06-ROCE-Leaf-8.GPU.S9825,FourHundredGigE1/0/54,236902,940642468,360331,1468700886,2.31,3.59
2024/05/24 星期五 00:11:31.279,1716480691279,NH-DC-NM129-D06-ROCE-Leaf-8.GPU.S9825,FourHundredGigE1/0/54,74598,289044256,316991,1279239234,0.67,3.02
2024/05/24 星期五 00:11:32.062,1716480692062,NH-DC-NM129-D06-ROCE-Leaf-8.GPU.S9825,FourHundredGigE1/0/54,0,0,0,0,0,0
2024/05/24 星期五 00:11:32.565,1716480692565,NH-DC-NM129-D06-ROCE-Leaf-8.GPU.S9825,FourHundredGigE1/0/54,565905,2298857554,170629,675387346,5.69,1.67
2024/05/24 星期五 00:11:33.307,1716480693307,NH-DC-NM129-D06-ROCE-Leaf-8.GPU.S9825,FourHundredGigE1/0/54,1060955,4317991574,166213,606869522,7.26,1.01
2024/05/24 星期五 00:11:33.832,1716480693832,NH-DC-NM129-D06-ROCE-Leaf-8.GPU.S9825,FourHundredGigE1/0/54,0,0,0,0,0,0
2024/05/24 星期五 00:11:34.344,1716480694344,NH-DC-NM129-D06-ROCE-Leaf-8.GPU.S9825,FourHundredGigE1/0/54,1209993,4801732450,207235,821513578,11.72,2.00
2024/05/24 星期五 00:11:34.990,1716480694990,NH-DC-NM129-D06-ROCE-Leaf-8.GPU.S9825,FourHundredGigE1/0/54,1289764,5252523696,174992,656907300,10.16,1.26
2024/05/24 星期五 00:11:36.083,1716480696083,NH-DC-NM129-D06-ROCE-Leaf-8.GPU.S9825,FourHundredGigE1/0/54,0,0,0,0,0,0
2024/05/24 星期五 00:11:36.677,1716480696677,NH-DC-NM129-D06-ROCE-Leaf-8.GPU.S9825,FourHundredGigE1/0/54,1211101,4935239030,277219,1108305314,10.37,2.31
2024/05/24 星期五 00:11:37.221,1716480697221,NH-DC-NM129-D06-ROCE-Leaf-8.GPU.S9825,FourHundredGigE1/0/54,124349,484637774,132975,489174954,1.10,1.10
2024/05/24 星期五 00:11:38.679,1716480698679,NH-DC-NM129-D06-ROCE-Leaf-8.GPU.S9825,FourHundredGigE1/0/54,397248,1600428468,179260,626631080,1.37,0.53
2024/05/24 星期五 00:11:40.595,1716480700595,NH-DC-NM129-D06-ROCE-Leaf-8.GPU.S9825,FourHundredGigE1/0/54,439916,1712585020,366532,1385307868,1.12,0.90
2024/05/24 星期五 00:11:41.121,1716480701121,NH-DC-NM129-D06-ROCE-Leaf-8.GPU.S9825,FourHundredGigE1/0/54,0,0,0,0,0,0
2024/05/24 星期五 00:11:42.097,1716480702097,NH-DC-NM129-D06-ROCE-Leaf-8.GPU.S9825,FourHundredGigE1/0/54,319451,1259146586,251566,933772848,1.60,1.19
2024/05/24 星期五 00:11:42.679,1716480702679,NH-DC-NM129-D06-ROCE-Leaf-8.GPU.S9825,FourHundredGigE1/0/54,180986,649241020,340109,1330384526,1.37,2.86
2024/05/24 星期五 00:11:43.272,1716480703272,NH-DC-NM129-D06-ROCE-Leaf-8.GPU.S9825,FourHundredGigE1/0/54,183332,766924412,705713,2814932862,1.60,5.92
2024/05/24 星期五 00:11:44.046,1716480704046,NH-DC-NM129-D06-ROCE-Leaf-8.GPU.S9825,FourHundredGigE1/0/54,0,0,0,0,0,0
2024/05/24 星期五 00:11:44.557,1716480704557,NH-DC-NM129-D06-ROCE-Leaf-8.GPU.S9825,FourHundredGigE1/0/54,160395,558715398,131984,467488560,1.35,1.13
2024/05/24 星期五 00:11:45.102,1716480705102,NH-DC-NM129-D06-ROCE-Leaf-8.GPU.S9825,FourHundredGigE1/0/54,0,0,0,0,0,0
2024/05/24 星期五 00:11:45.601,1716480705601,NH-DC-NM129-D06-ROCE-Leaf-8.GPU.S9825,FourHundredGigE1/0/54,275026,1140189436,937253,3703444494,2.86,9.27
2024/05/24 星期五 00:11:46.206,1716480706206,NH-DC-NM129-D06-ROCE-Leaf-8.GPU.S9825,FourHundredGigE1/0/54,0,0,0,0,0,0
2024/05/24 星期五 00:11:46.709,1716480706709,NH-DC-NM129-D06-ROCE-Leaf-8.GPU.S9825,FourHundredGigE1/0/54,106679,443715202,1145281,4627869298,1.09,11.48
2024/05/24 星期五 00:11:47.436,1716480707436,NH-DC-NM129-D06-ROCE-Leaf-8.GPU.S9825,FourHundredGigE1/0/54,305617,1200891078,278063,1048802672,2.06,1.79
2024/05/24 星期五 00:11:47.939,1716480707939,NH-DC-NM129-D06-ROCE-Leaf-8.GPU.S9825,FourHundredGigE1/0/54,0,0,0,0,0,0
2024/05/24 星期五 00:11:48.441,1716480708441,NH-DC-NM129-D06-ROCE-Leaf-8.GPU.S9825,FourHundredGigE1/0/54,246380,957608164,175651,657241542,2.37,1.62
2024/05/24 星期五 00:11:49.060,1716480709060,NH-DC-NM129-D06-ROCE-Leaf-8.GPU.S9825,FourHundredGigE1/0/54,0,0,0,0,0,0
2024/05/24 星期五 00:11:49.665,1716480709665,NH-DC-NM129-D06-ROCE-Leaf-8.GPU.S9825,FourHundredGigE1/0/54,204934,812874920,346556,1353335350,1.67,2.79
2024/05/24 星期五 00:11:50.221,1716480710221,NH-DC-NM129-D06-ROCE-Leaf-8.GPU.S9825,FourHundredGigE1/0/54,135404,557209476,308566,1245060831,1.24,2.79
2024/05/24 星期五 00:11:50.734,1716480710734,NH-DC-NM129-D06-ROCE-Leaf-8.GPU.S9825,FourHundredGigE1/0/54,0,0,0,0,0,0
2024/05/24 星期五 00:11:51.262,1716480711262,NH-DC-NM129-D06-ROCE-Leaf-8.GPU.S9825,FourHundredGigE1/0/54,109567,396603844,124059,464022122,0.92,1.09
2024/05/24 星期五 00:11:51.822,1716480711822,NH-DC-NM129-D06-ROCE-Leaf-8.GPU.S9825,FourHundredGigE1/0/54,0,0,0,0,0,0
2024/05/24 星期五 00:11:52.325,1716480712325,NH-DC-NM129-D06-ROCE-Leaf-8.GPU.S9825,FourHundredGigE1/0/54,304275,1213306076,131611,476010571,3.01,1.17
2024/05/24 星期五 00:11:52.941,1716480712941,NH-DC-NM129-D06-ROCE-Leaf-8.GPU.S9825,FourHundredGigE1/0/54,0,0,0,0,0,0
2024/05/24 星期五 00:11:53.533,1716480713533,NH-DC-NM129-D06-ROCE-Leaf-8.GPU.S9825,FourHundredGigE1/0/54,258725,1033549610,145083,546021430,2.17,1.14
2024/05/24 星期五 00:11:54.106,1716480714106,NH-DC-NM129-D06-ROCE-Leaf-8.GPU.S9825,FourHundredGigE1/0/54,0,0,0,0,0,0
2024/05/24 星期五 00:11:55.141,1716480715141,NH-DC-NM129-D06-ROCE-Leaf-8.GPU.S9825,FourHundredGigE1/0/54,85921,319096651,78377,247630206,0.37,0.29
2024/05/24 星期五 00:11:55.645,1716480715645,NH-DC-NM129-D06-ROCE-Leaf-8.GPU.S9825,FourHundredGigE1/0/54,97638,395956568,56582,205484212,0.97,0.50
2024/05/24 星期五 00:11:56.241,1716480716241,NH-DC-NM129-D06-ROCE-Leaf-8.GPU.S9825,FourHundredGigE1/0/54,427857,1723015626,262725,1035883126,3.61,2.16
2024/05/24 星期五 00:11:56.757,1716480716757,NH-DC-NM129-D06-ROCE-Leaf-8.GPU.S9825,FourHundredGigE1/0/54,0,0,0,0,0,0
2024/05/24 星期五 00:11:57.306,1716480717306,NH-DC-NM129-D06-ROCE-Leaf-8.GPU.S9825,FourHundredGigE1/0/54,124759,484425374,71276,260395956,1.09,0.59
2024/05/24 星期五 00:11:57.887,1716480717887,NH-DC-NM129-D06-ROCE-Leaf-8.GPU.S9825,FourHundredGigE1/0/54,0,0,0,0,0,0
2024/05/24 星期五 00:11:58.619,1716480718619,NH-DC-NM129-D06-ROCE-Leaf-8.GPU.S9825,FourHundredGigE1/0/54,222186,850057282,165565,674177062,1.45,1.14
2024/05/24 星期五 00:11:59.304,1716480719304,NH-DC-NM129-D06-ROCE-Leaf-8.GPU.S9825,FourHundredGigE1/0/54,295915,1194555288,282716,1120030512,2.17,2.04
2024/05/24 星期五 00:11:59.941,1716480719941,NH-DC-NM129-D06-ROCE-Leaf-8.GPU.S9825,FourHundredGigE1/0/54,0,0,0,0,0,0
2024/05/24 星期五 00:12:00.580,1716480720580,NH-DC-NM129-D06-ROCE-Leaf-8.GPU.S9825,FourHundredGigE1/0/54,250729,994466528,67771,201573554,1.94,0.39
2024/05/24 星期五 00:12:01.313,1716480721313,NH-DC-NM129-D06-ROCE-Leaf-8.GPU.S9825,FourHundredGigE1/0/54,112416,414108046,837519,3370884646,0.70,5.75
2024/05/24 星期五 00:12:01.845,1716480721845,NH-DC-NM129-D06-ROCE-Leaf-8.GPU.S9825,FourHundredGigE1/0/54,0,0,0,0,0,0
2024/05/24 星期五 00:12:02.457,1716480722457,NH-DC-NM129-D06-ROCE-Leaf-8.GPU.S9825,FourHundredGigE1/0/54,1396787,5625202880,643063,2473777472,11.48,5.04
2024/05/24 星期五 00:12:03.097,1716480723097,NH-DC-NM129-D06-ROCE-Leaf-8.GPU.S9825,FourHundredGigE1/0/54,0,0,0,0,0,0
2024/05/24 星期五 00:12:04.188,1716480724188,NH-DC-NM129-D06-ROCE-Leaf-8.GPU.S9825,FourHundredGigE1/0/54,2393231,9785846028,225728,637001754,11.21,0.72
2024/05/24 星期五 00:12:04.702,1716480724702,NH-DC-NM129-D06-ROCE-Leaf-8.GPU.S9825,FourHundredGigE1/0/54,966199,3904900628,253105,917769586,9.48,2.21
2024/05/24 星期五 00:12:05.308,1716480725308,NH-DC-NM129-D06-ROCE-Leaf-8.GPU.S9825,FourHundredGigE1/0/54,113474,417061614,146558,576161248,0.85,1.18
2024/05/24 星期五 00:12:05.952,1716480725952,NH-DC-NM129-D06-ROCE-Leaf-8.GPU.S9825,FourHundredGigE1/0/54,0,0,0,0,0,0
2024/05/24 星期五 00:12:06.476,1716480726476,NH-DC-NM129-D06-ROCE-Leaf-8.GPU.S9825,FourHundredGigE1/0/54,118973,460004092,189754,733030076,1.10,1.74
2024/05/24 星期五 00:12:07.692,1716480727692,NH-DC-NM129-D06-ROCE-Leaf-8.GPU.S9825,FourHundredGigE1/0/54,117869,445979900,328151,1214416162,0.45,1.24
2024/05/24 星期五 00:12:08.203,1716480728203,NH-DC-NM129-D06-ROCE-Leaf-8.GPU.S9825,FourHundredGigE1/0/54,0,0,0,0,0,0
2024/05/24 星期五 00:12:08.791,1716480728791,NH-DC-NM129-D06-ROCE-Leaf-8.GPU.S9825,FourHundredGigE1/0/54,169351,602501666,150199,350103556,1.28,0.74
2024/05/24 星期五 00:12:09.414,1716480729414,NH-DC-NM129-D06-ROCE-Leaf-8.GPU.S9825,FourHundredGigE1/0/54,252705,978389956,236695,928498642,1.95,1.85
2024/05/24 星期五 00:12:10.040,1716480730040,NH-DC-NM129-D06-ROCE-Leaf-8.GPU.S9825,FourHundredGigE1/0/54,0,0,0,0,0,0
2024/05/24 星期五 00:12:10.555,1716480730555,NH-DC-NM129-D06-ROCE-Leaf-8.GPU.S9825,FourHundredGigE1/0/54,282078,1104264550,681196,2738186446,2.67,6.63
2024/05/24 星期五 00:12:11.057,1716480731057,NH-DC-NM129-D06-ROCE-Leaf-8.GPU.S9825,FourHundredGigE1/0/54,0,0,0,0,0,0
2024/05/24 星期五 00:12:11.650,1716480731650,NH-DC-NM129-D06-ROCE-Leaf-8.GPU.S9825,FourHundredGigE1/0/54,321058,1270252520,135488,496181786,2.68,1.03
2024/05/24 星期五 00:12:12.246,1716480732246,NH-DC-NM129-D06-ROCE-Leaf-8.GPU.S9825,FourHundredGigE1/0/54,0,0,0,0,0,0
2024/05/24 星期五 00:12:12.750,1716480732750,NH-DC-NM129-D06-ROCE-Leaf-8.GPU.S9825,FourHundredGigE1/0/54,291145,1134306046,152034,557652085,2.80,1.36
2024/05/24 星期五 00:12:13.441,1716480733441,NH-DC-NM129-D06-ROCE-Leaf-8.GPU.S9825,FourHundredGigE1/0/54,176355,667720036,132264,456683252,1.19,0.81
2024/05/24 星期五 00:12:14.004,1716480734004,NH-DC-NM129-D06-ROCE-Leaf-8.GPU.S9825,FourHundredGigE1/0/54,0,0,0,0,0,0
2024/05/24 星期五 00:12:14.508,1716480734508,NH-DC-NM129-D06-ROCE-Leaf-8.GPU.S9825,FourHundredGigE1/0/54,142502,462107658,106020,381570229,1.14,0.94
2024/05/24 星期五 00:12:15.203,1716480735203,NH-DC-NM129-D06-ROCE-Leaf-8.GPU.S9825,FourHundredGigE1/0/54,107044,402091936,63043,225550198,0.72,0.40
2024/05/24 星期五 00:12:15.789,1716480735789,NH-DC-NM129-D06-ROCE-Leaf-8.GPU.S9825,FourHundredGigE1/0/54,0,0,0,0,0,0
2024/05/24 星期五 00:12:16.357,1716480736357,NH-DC-NM129-D06-ROCE-Leaf-8.GPU.S9825,FourHundredGigE1/0/54,141135,454005176,49719,158227290,0.99,0.33
2024/05/24 星期五 00:12:16.969,1716480736969,NH-DC-NM129-D06-ROCE-Leaf-8.GPU.S9825,FourHundredGigE1/0/54,0,0,0,0,0,0
2024/05/24 星期五 00:12:17.485,1716480737485,NH-DC-NM129-D06-ROCE-Leaf-8.GPU.S9825,FourHundredGigE1/0/54,146086,556790274,145409,562356660,1.33,1.36
2024/05/24 星期五 00:12:17.985,1716480737985,NH-DC-NM129-D06-ROCE-Leaf-8.GPU.S9825,FourHundredGigE1/0/54,0,0,0,0,0,0
2024/05/24 星期五 00:12:18.813,1716480738813,NH-DC-NM129-D06-ROCE-Leaf-8.GPU.S9825,FourHundredGigE1/0/54,545147,2231133172,506164,1983821154,3.37,2.99
2024/05/24 星期五 00:12:19.875,1716480739875,NH-DC-NM129-D06-ROCE-Leaf-8.GPU.S9825,FourHundredGigE1/0/54,0,0,0,0,0,0
2024/05/24 星期五 00:12:20.721,1716480740721,NH-DC-NM129-D06-ROCE-Leaf-8.GPU.S9825,FourHundredGigE1/0/54,96114,371969066,87371,305786986,0.55,0.44
2024/05/24 星期五 00:12:21.235,1716480741235,NH-DC-NM129-D06-ROCE-Leaf-8.GPU.S9825,FourHundredGigE1/0/54,375163,1511242734,346804,1367554872,3.67,3.31
2024/05/24 星期五 00:12:21.892,1716480741892,NH-DC-NM129-D06-ROCE-Leaf-8.GPU.S9825,FourHundredGigE1/0/54,0,0,0,0,0,0
2024/05/24 星期五 00:12:22.453,1716480742453,NH-DC-NM129-D06-ROCE-Leaf-8.GPU.S9825,FourHundredGigE1/0/54,197535,715569695,106545,343938830,1.58,0.76
2024/05/24 星期五 00:12:23.043,1716480743043,NH-DC-NM129-D06-ROCE-Leaf-8.GPU.S9825,FourHundredGigE1/0/54,0,0,0,0,0,0
2024/05/24 星期五 00:12:23.699,1716480743699,NH-DC-NM129-D06-ROCE-Leaf-8.GPU.S9825,FourHundredGigE1/0/54,228712,885088312,173146,671570496,1.68,1.28
2024/05/24 星期五 00:12:24.261,1716480744261,NH-DC-NM129-D06-ROCE-Leaf-8.GPU.S9825,FourHundredGigE1/0/54,0,0,0,0,0,0
2024/05/24 星期五 00:12:24.766,1716480744766,NH-DC-NM129-D06-ROCE-Leaf-8.GPU.S9825,FourHundredGigE1/0/54,162943,611764639,119637,406341426,1.51,0.99
2024/05/24 星期五 00:12:25.509,1716480745509,NH-DC-NM129-D06-ROCE-Leaf-8.GPU.S9825,FourHundredGigE1/0/54,265996,1079035510,370685,1505116690,1.80,2.52
2024/05/24 星期五 00:12:26.062,1716480746062,NH-DC-NM129-D06-ROCE-Leaf-8.GPU.S9825,FourHundredGigE1/0/54,0,0,0,0,0,0
2024/05/24 星期五 00:12:26.563,1716480746563,NH-DC-NM129-D06-ROCE-Leaf-8.GPU.S9825,FourHundredGigE1/0/54,141662,504370078,106248,369231232,1.25,0.90
2024/05/24 星期五 00:12:27.157,1716480747157,NH-DC-NM129-D06-ROCE-Leaf-8.GPU.S9825,FourHundredGigE1/0/54,112204,443316360,88168,292281804,0.93,0.61
2024/05/24 星期五 00:12:27.745,1716480747745,NH-DC-NM129-D06-ROCE-Leaf-8.GPU.S9825,FourHundredGigE1/0/54,0,0,0,0,0,0
2024/05/24 星期五 00:12:28.259,1716480748259,NH-DC-NM129-D06-ROCE-Leaf-8.GPU.S9825,FourHundredGigE1/0/54,333999,1357984066,248059,970991706,3.28,2.36
2024/05/24 星期五 00:12:29.155,1716480749155,NH-DC-NM129-D06-ROCE-Leaf-8.GPU.S9825,FourHundredGigE1/0/54,732565,2862968670,216553,825325430,3.99,1.14
2024/05/24 星期五 00:12:29.835,1716480749835,NH-DC-NM129-D06-ROCE-Leaf-8.GPU.S9825,FourHundredGigE1/0/54,0,0,0,0,0,0
2024/05/24 星期五 00:12:30.365,1716480750365,NH-DC-NM129-D06-ROCE-Leaf-8.GPU.S9825,FourHundredGigE1/0/54,407688,1559542012,103820,385416308,3.66,0.90
2024/05/24 星期五 00:12:30.950,1716480750950,NH-DC-NM129-D06-ROCE-Leaf-8.GPU.S9825,FourHundredGigE1/0/54,0,0,0,0,0,0
2024/05/24 星期五 00:12:31.518,1716480751518,NH-DC-NM129-D06-ROCE-Leaf-8.GPU.S9825,FourHundredGigE1/0/54,229981,896940744,252788,982152646,1.96,2.16
2024/05/24 星期五 00:12:32.188,1716480752188,NH-DC-NM129-D06-ROCE-Leaf-8.GPU.S9825,FourHundredGigE1/0/54,381314,1538038426,540060,2152159134,2.85,4.01
2024/05/24 星期五 00:12:32.756,1716480752756,NH-DC-NM129-D06-ROCE-Leaf-8.GPU.S9825,FourHundredGigE1/0/54,0,0,0,0,0,0
2024/05/24 星期五 00:12:33.428,1716480753428,NH-DC-NM129-D06-ROCE-Leaf-8.GPU.S9825,FourHundredGigE1/0/54,170588,639851116,205858,774493828,1.17,1.43
2024/05/24 星期五 00:12:33.984,1716480753984,NH-DC-NM129-D06-ROCE-Leaf-8.GPU.S9825,FourHundredGigE1/0/54,0,0,0,0,0,0
2024/05/24 星期五 00:12:34.529,1716480754529,NH-DC-NM129-D06-ROCE-Leaf-8.GPU.S9825,FourHundredGigE1/0/54,258745,969800590,332677,1295510194,2.20,2.96
2024/05/24 星期五 00:12:35.029,1716480755029,NH-DC-NM129-D06-ROCE-Leaf-8.GPU.S9825,FourHundredGigE1/0/54,0,0,0,0,0,0
2024/05/24 星期五 00:12:35.533,1716480755533,NH-DC-NM129-D06-ROCE-Leaf-8.GPU.S9825,FourHundredGigE1/0/54,167813,583325948,584281,2344627860,1.44,5.80
2024/05/24 星期五 00:12:36.234,1716480756234,NH-DC-NM129-D06-ROCE-Leaf-8.GPU.S9825,FourHundredGigE1/0/54,225855,780830700,278985,1087881256,1.39,1.93
2024/05/24 星期五 00:12:36.869,1716480756869,NH-DC-NM129-D06-ROCE-Leaf-8.GPU.S9825,FourHundredGigE1/0/54,0,0,0,0,0,0
2024/05/24 星期五 00:12:37.598,1716480757598,NH-DC-NM129-D06-ROCE-Leaf-8.GPU.S9825,FourHundredGigE1/0/54,478531,1884193370,448691,1679216118,3.22,2.86
2024/05/24 星期五 00:12:39.230,1716480759230,NH-DC-NM129-D06-ROCE-Leaf-8.GPU.S9825,FourHundredGigE1/0/54,402704,1346714672,141785,546534278,1.03,0.41
2024/05/24 星期五 00:12:40.045,1716480760045,NH-DC-NM129-D06-ROCE-Leaf-8.GPU.S9825,FourHundredGigE1/0/54,0,0,0,0,0,0
2024/05/24 星期五 00:12:40.608,1716480760608,NH-DC-NM129-D06-ROCE-Leaf-8.GPU.S9825,FourHundredGigE1/0/54,57827,200386944,620992,2469003158,0.44,5.46
2024/05/24 星期五 00:12:41.182,1716480761182,NH-DC-NM129-D06-ROCE-Leaf-8.GPU.S9825,FourHundredGigE1/0/54,309659,1232753234,800952,3156296374,2.68,6.86
2024/05/24 星期五 00:12:41.754,1716480761754,NH-DC-NM129-D06-ROCE-Leaf-8.GPU.S9825,FourHundredGigE1/0/54,0,0,0,0,0,0
2024/05/24 星期五 00:12:42.257,1716480762257,NH-DC-NM129-D06-ROCE-Leaf-8.GPU.S9825,FourHundredGigE1/0/54,108501,437783394,508152,1997705932,1.07,4.95
2024/05/24 星期五 00:12:42.892,1716480762892,NH-DC-NM129-D06-ROCE-Leaf-8.GPU.S9825,FourHundredGigE1/0/54,0,0,0,0,0,0
2024/05/24 星期五 00:12:43.704,1716480763704,NH-DC-NM129-D06-ROCE-Leaf-8.GPU.S9825,FourHundredGigE1/0/54,75233,272960710,179274,706528112,0.42,1.08
2024/05/24 星期五 00:12:44.205,1716480764205,NH-DC-NM129-D06-ROCE-Leaf-8.GPU.S9825,FourHundredGigE1/0/54,0,0,0,0,0,0
2024/05/24 星期五 00:12:44.793,1716480764793,NH-DC-NM129-D06-ROCE-Leaf-8.GPU.S9825,FourHundredGigE1/0/54,127149,492483326,141282,550425264,1.04,1.17
2024/05/24 星期五 00:12:45.774,1716480765774,NH-DC-NM129-D06-ROCE-Leaf-8.GPU.S9825,FourHundredGigE1/0/54,94548,338202800,77432,285871042,0.42,0.36
2024/05/24 星期五 00:12:46.288,1716480766288,NH-DC-NM129-D06-ROCE-Leaf-8.GPU.S9825,FourHundredGigE1/0/54,83926,279040833,455824,1856258496,0.66,4.50
2024/05/24 星期五 00:12:47.768,1716480767768,NH-DC-NM129-D06-ROCE-Leaf-8.GPU.S9825,FourHundredGigE1/0/54,379793,1461604606,286822,1129167804,1.23,0.95
2024/05/24 星期五 00:12:48.267,1716480768267,NH-DC-NM129-D06-ROCE-Leaf-8.GPU.S9825,FourHundredGigE1/0/54,150282,534587844,171338,625220300,1.33,1.55
2024/05/24 星期五 00:12:48.770,1716480768770,NH-DC-NM129-D06-ROCE-Leaf-8.GPU.S9825,FourHundredGigE1/0/54,0,0,0,0,0,0
2024/05/24 星期五 00:12:49.273,1716480769273,NH-DC-NM129-D06-ROCE-Leaf-8.GPU.S9825,FourHundredGigE1/0/54,165733,628427938,155453,550986658,1.54,1.37
2024/05/24 星期五 00:12:49.905,1716480769905,NH-DC-NM129-D06-ROCE-Leaf-8.GPU.S9825,FourHundredGigE1/0/54,0,0,0,0,0,0
2024/05/24 星期五 00:12:50.635,1716480770635,NH-DC-NM129-D06-ROCE-Leaf-8.GPU.S9825,FourHundredGigE1/0/54,396262,1577531536,481790,1953762660,2.69,3.34
2024/05/24 星期五 00:12:51.156,1716480771156,NH-DC-NM129-D06-ROCE-Leaf-8.GPU.S9825,FourHundredGigE1/0/54,112322,357168272,152090,588774768,0.84,1.39
2024/05/24 星期五 00:12:51.832,1716480771832,NH-DC-NM129-D06-ROCE-Leaf-8.GPU.S9825,FourHundredGigE1/0/54,0,0,0,0,0,0
2024/05/24 星期五 00:12:52.354,1716480772354,NH-DC-NM129-D06-ROCE-Leaf-8.GPU.S9825,FourHundredGigE1/0/54,145866,561296312,189315,722691858,1.34,1.72
2024/05/24 星期五 00:12:52.853,1716480772853,NH-DC-NM129-D06-ROCE-Leaf-8.GPU.S9825,FourHundredGigE1/0/54,0,0,0,0,0,0
2024/05/24 星期五 00:12:53.719,1716480773719,NH-DC-NM129-D06-ROCE-Leaf-8.GPU.S9825,FourHundredGigE1/0/54,124992,458764220,119129,400713462,0.65,0.58
2024/05/24 星期五 00:12:54.318,1716480774318,NH-DC-NM129-D06-ROCE-Leaf-8.GPU.S9825,FourHundredGigE1/0/54,565810,2256977657,330565,1281919226,4.70,2.67
2024/05/24 星期五 00:12:55.778,1716480775778,NH-DC-NM129-D06-ROCE-Leaf-8.GPU.S9825,FourHundredGigE1/0/54,235146,916286808,129627,494437870,0.78,0.42
2024/05/24 星期五 00:12:56.282,1716480776282,NH-DC-NM129-D06-ROCE-Leaf-8.GPU.S9825,FourHundredGigE1/0/54,323862,1296018724,218292,840542588,3.20,2.08
2024/05/24 星期五 00:12:56.876,1716480776876,NH-DC-NM129-D06-ROCE-Leaf-8.GPU.S9825,FourHundredGigE1/0/54,0,0,0,0,0,0
2024/05/24 星期五 00:12:57.639,1716480777639,NH-DC-NM129-D06-ROCE-Leaf-8.GPU.S9825,FourHundredGigE1/0/54,442325,1761955570,424367,1604089730,2.88,2.62
2024/05/24 星期五 00:12:58.282,1716480778282,NH-DC-NM129-D06-ROCE-Leaf-8.GPU.S9825,FourHundredGigE1/0/54,155251,518285398,224719,857571130,0.99,1.65
2024/05/24 星期五 00:12:58.898,1716480778898,NH-DC-NM129-D06-ROCE-Leaf-8.GPU.S9825,FourHundredGigE1/0/54,0,0,0,0,0,0
2024/05/24 星期五 00:12:59.413,1716480779413,NH-DC-NM129-D06-ROCE-Leaf-8.GPU.S9825,FourHundredGigE1/0/54,170783,610246858,278882,1063070736,1.48,2.57
2024/05/24 星期五 00:12:59.970,1716480779970,NH-DC-NM129-D06-ROCE-Leaf-8.GPU.S9825,FourHundredGigE1/0/54,131997,460240426,177559,673382262,1.03,1.50
2024/05/24 星期五 00:13:00.812,1716480780812,NH-DC-NM129-D06-ROCE-Leaf-8.GPU.S9825,FourHundredGigE1/0/54,0,0,0,0,0,0
2024/05/24 星期五 00:13:01.414,1716480781414,NH-DC-NM129-D06-ROCE-Leaf-8.GPU.S9825,FourHundredGigE1/0/54,298535,1181070758,490188,1923869342,2.45,3.99
2024/05/24 星期五 00:13:01.968,1716480781968,NH-DC-NM129-D06-ROCE-Leaf-8.GPU.S9825,FourHundredGigE1/0/54,0,0,0,0,0,0
2024/05/24 星期五 00:13:02.496,1716480782496,NH-DC-NM129-D06-ROCE-Leaf-8.GPU.S9825,FourHundredGigE1/0/54,204999,802537849,250874,973884224,1.89,2.30
2024/05/24 星期五 00:13:02.997,1716480782997,NH-DC-NM129-D06-ROCE-Leaf-8.GPU.S9825,FourHundredGigE1/0/54,0,0,0,0,0,0
2024/05/24 星期五 00:13:03.500,1716480783500,NH-DC-NM129-D06-ROCE-Leaf-8.GPU.S9825,FourHundredGigE1/0/54,157041,584573897,134897,419721924,1.44,1.02
2024/05/24 星期五 00:13:04.175,1716480784175,NH-DC-NM129-D06-ROCE-Leaf-8.GPU.S9825,FourHundredGigE1/0/54,409946,1638769204,361037,1367415236,3.02,2.52
2024/05/24 星期五 00:13:04.879,1716480784879,NH-DC-NM129-D06-ROCE-Leaf-8.GPU.S9825,FourHundredGigE1/0/54,0,0,0,0,0,0
2024/05/24 星期五 00:13:05.539,1716480785539,NH-DC-NM129-D06-ROCE-Leaf-8.GPU.S9825,FourHundredGigE1/0/54,61922,206336768,134067,536822900,0.38,1.00
2024/05/24 星期五 00:13:06.041,1716480786041,NH-DC-NM129-D06-ROCE-Leaf-8.GPU.S9825,FourHundredGigE1/0/54,0,0,0,0,0,0
2024/05/24 星期五 00:13:06.541,1716480786541,NH-DC-NM129-D06-ROCE-Leaf-8.GPU.S9825,FourHundredGigE1/0/54,172879,665122734,129205,496976926,1.65,1.22
2024/05/24 星期五 00:13:07.111,1716480787111,NH-DC-NM129-D06-ROCE-Leaf-8.GPU.S9825,FourHundredGigE1/0/54,0,0,0,0,0,0
2024/05/24 星期五 00:13:07.681,1716480787681,NH-DC-NM129-D06-ROCE-Leaf-8.GPU.S9825,FourHundredGigE1/0/54,194166,759582118,131475,490609943,1.64,1.07
2024/05/24 星期五 00:13:08.437,1716480788437,NH-DC-NM129-D06-ROCE-Leaf-8.GPU.S9825,FourHundredGigE1/0/54,144390,534346312,436212,1707680096,0.88,2.81
2024/05/24 星期五 00:13:08.993,1716480788993,NH-DC-NM129-D06-ROCE-Leaf-8.GPU.S9825,FourHundredGigE1/0/54,0,0,0,0,0,0
2024/05/24 星期五 00:13:09.498,1716480789498,NH-DC-NM129-D06-ROCE-Leaf-8.GPU.S9825,FourHundredGigE1/0/54,142365,527460392,113496,418968560,1.29,1.01
2024/05/24 星期五 00:13:10.047,1716480790047,NH-DC-NM129-D06-ROCE-Leaf-8.GPU.S9825,FourHundredGigE1/0/54,0,0,0,0,0,0
2024/05/24 星期五 00:13:10.549,1716480790549,NH-DC-NM129-D06-ROCE-Leaf-8.GPU.S9825,FourHundredGigE1/0/54,101317,416543574,113490,437202728,1.02,1.07
2024/05/24 星期五 00:13:11.224,1716480791224,NH-DC-NM129-D06-ROCE-Leaf-8.GPU.S9825,FourHundredGigE1/0/54,74959,264034294,153782,565899400,0.48,1.04
2024/05/24 星期五 00:13:12.076,1716480792076,NH-DC-NM129-D06-ROCE-Leaf-8.GPU.S9825,FourHundredGigE1/0/54,0,0,0,0,0,0
2024/05/24 星期五 00:13:12.584,1716480792584,NH-DC-NM129-D06-ROCE-Leaf-8.GPU.S9825,FourHundredGigE1/0/54,139813,481154662,273890,1096205116,1.18,2.68
2024/05/24 星期五 00:13:13.088,1716480793088,NH-DC-NM129-D06-ROCE-Leaf-8.GPU.S9825,FourHundredGigE1/0/54,0,0,0,0,0,0
2024/05/24 星期五 00:13:13.589,1716480793589,NH-DC-NM129-D06-ROCE-Leaf-8.GPU.S9825,FourHundredGigE1/0/54,202552,796371662,179739,616827322,1.97,1.52
2024/05/24 星期五 00:13:14.129,1716480794129,NH-DC-NM129-D06-ROCE-Leaf-8.GPU.S9825,FourHundredGigE1/0/54,0,0,0,0,0,0
2024/05/24 星期五 00:13:14.628,1716480794628,NH-DC-NM129-D06-ROCE-Leaf-8.GPU.S9825,FourHundredGigE1/0/54,124744,455120894,70524,276167252,1.13,0.68
2024/05/24 星期五 00:13:15.881,1716480795881,NH-DC-NM129-D06-ROCE-Leaf-8.GPU.S9825,FourHundredGigE1/0/54,336735,1231137702,390865,1535499762,1.23,1.53
2024/05/24 星期五 00:13:16.381,1716480796381,NH-DC-NM129-D06-ROCE-Leaf-8.GPU.S9825,FourHundredGigE1/0/54,259868,934329140,238543,876356586,2.32,2.18
2024/05/24 星期五 00:13:17.457,1716480797457,NH-DC-NM129-D06-ROCE-Leaf-8.GPU.S9825,FourHundredGigE1/0/54,503612,1851115388,172458,703641332,2.15,0.81
2024/05/24 星期五 00:13:17.990,1716480797990,NH-DC-NM129-D06-ROCE-Leaf-8.GPU.S9825,FourHundredGigE1/0/54,215783,832612650,142738,519407936,1.95,1.20
2024/05/24 星期五 00:13:19.076,1716480799076,NH-DC-NM129-D06-ROCE-Leaf-8.GPU.S9825,FourHundredGigE1/0/54,173168,669482015,566743,2187750455,0.76,2.51
2024/05/24 星期五 00:13:19.886,1716480799886,NH-DC-NM129-D06-ROCE-Leaf-8.GPU.S9825,FourHundredGigE1/0/54,0,0,0,0,0,0
2024/05/24 星期五 00:13:20.458,1716480800458,NH-DC-NM129-D06-ROCE-Leaf-8.GPU.S9825,FourHundredGigE1/0/54,153622,601674194,98522,357997184,1.31,0.76
2024/05/24 星期五 00:13:20.978,1716480800978,NH-DC-NM129-D06-ROCE-Leaf-8.GPU.S9825,FourHundredGigE1/0/54,0,0,0,0,0,0
2024/05/24 星期五 00:13:21.633,1716480801633,NH-DC-NM129-D06-ROCE-Leaf-8.GPU.S9825,FourHundredGigE1/0/54,439486,1789577708,122025,357450498,3.40,0.67
2024/05/24 星期五 00:13:22.357,1716480802357,NH-DC-NM129-D06-ROCE-Leaf-8.GPU.S9825,FourHundredGigE1/0/54,381051,1369294708,362807,1413805194,2.35,2.43
2024/05/24 星期五 00:13:22.945,1716480802945,NH-DC-NM129-D06-ROCE-Leaf-8.GPU.S9825,FourHundredGigE1/0/54,0,0,0,0,0,0
2024/05/24 星期五 00:13:23.447,1716480803447,NH-DC-NM129-D06-ROCE-Leaf-8.GPU.S9825,FourHundredGigE1/0/54,130876,480590336,253387,964080666,1.20,2.39
2024/05/24 星期五 00:13:24.024,1716480804024,NH-DC-NM129-D06-ROCE-Leaf-8.GPU.S9825,FourHundredGigE1/0/54,0,0,0,0,0,0
2024/05/24 星期五 00:13:24.528,1716480804528,NH-DC-NM129-D06-ROCE-Leaf-8.GPU.S9825,FourHundredGigE1/0/54,180528,661202857,183115,688868706,1.64,1.69
2024/05/24 星期五 00:13:25.238,1716480805238,NH-DC-NM129-D06-ROCE-Leaf-8.GPU.S9825,FourHundredGigE1/0/54,215118,827002660,123428,401935649,1.44,0.70
2024/05/24 星期五 00:13:26.044,1716480806044,NH-DC-NM129-D06-ROCE-Leaf-8.GPU.S9825,FourHundredGigE1/0/54,0,0,0,0,0,0
2024/05/24 星期五 00:13:26.566,1716480806566,NH-DC-NM129-D06-ROCE-Leaf-8.GPU.S9825,FourHundredGigE1/0/54,574260,2229555284,143436,555381708,5.32,1.32
2024/05/24 星期五 00:13:27.070,1716480807070,NH-DC-NM129-D06-ROCE-Leaf-8.GPU.S9825,FourHundredGigE1/0/54,0,0,0,0,0,0
2024/05/24 星期五 00:13:27.573,1716480807573,NH-DC-NM129-D06-ROCE-Leaf-8.GPU.S9825,FourHundredGigE1/0/54,306925,1191249262,377092,1492432428,2.96,3.70
2024/05/24 星期五 00:13:28.132,1716480808132,NH-DC-NM129-D06-ROCE-Leaf-8.GPU.S9825,FourHundredGigE1/0/54,52298,0,90178,0,0,0
2024/05/24 星期五 00:13:28.746,1716480808746,NH-DC-NM129-D06-ROCE-Leaf-8.GPU.S9825,FourHundredGigE1/0/54,0,177632760,0,329073880,0.35,0.65
2024/05/24 星期五 00:13:29.402,1716480809402,NH-DC-NM129-D06-ROCE-Leaf-8.GPU.S9825,FourHundredGigE1/0/54,144895,545054866,73956,262747568,1.03,0.50
2024/05/24 星期五 00:13:29.943,1716480809943,NH-DC-NM129-D06-ROCE-Leaf-8.GPU.S9825,FourHundredGigE1/0/54,0,0,0,0,0,0
2024/05/24 星期五 00:13:30.935,1716480810935,NH-DC-NM129-D06-ROCE-Leaf-8.GPU.S9825,FourHundredGigE1/0/54,149374,572640736,105126,378995033,0.72,0.47
2024/05/24 星期五 00:13:31.477,1716480811477,NH-DC-NM129-D06-ROCE-Leaf-8.GPU.S9825,FourHundredGigE1/0/54,132349,494052526,98427,351210134,1.13,0.81
2024/05/24 星期五 00:13:32.229,1716480812229,NH-DC-NM129-D06-ROCE-Leaf-8.GPU.S9825,FourHundredGigE1/0/54,0,0,0,0,0,0
2024/05/24 星期五 00:13:32.747,1716480812747,NH-DC-NM129-D06-ROCE-Leaf-8.GPU.S9825,FourHundredGigE1/0/54,181598,691325828,175644,679764132,1.67,1.62
2024/05/24 星期五 00:13:33.287,1716480813287,NH-DC-NM129-D06-ROCE-Leaf-8.GPU.S9825,FourHundredGigE1/0/54,178474,728469028,282440,1049599388,1.67,2.41
2024/05/24 星期五 00:13:33.821,1716480813821,NH-DC-NM129-D06-ROCE-Leaf-8.GPU.S9825,FourHundredGigE1/0/54,0,0,0,0,0,0
2024/05/24 星期五 00:13:34.352,1716480814352,NH-DC-NM129-D06-ROCE-Leaf-8.GPU.S9825,FourHundredGigE1/0/54,323957,1312037102,114544,416401372,3.08,0.97
2024/05/24 星期五 00:13:34.914,1716480814914,NH-DC-NM129-D06-ROCE-Leaf-8.GPU.S9825,FourHundredGigE1/0/54,0,0,0,0,0,0
2024/05/24 星期五 00:13:35.662,1716480815662,NH-DC-NM129-D06-ROCE-Leaf-8.GPU.S9825,FourHundredGigE1/0/54,245746,994297038,114964,443494756,1.65,0.74
2024/05/24 星期五 00:13:36.254,1716480816254,NH-DC-NM129-D06-ROCE-Leaf-8.GPU.S9825,FourHundredGigE1/0/54,108415,0,171901,0,0,0
2024/05/24 星期五 00:13:36.757,1716480816757,NH-DC-NM129-D06-ROCE-Leaf-8.GPU.S9825,FourHundredGigE1/0/54,0,405676220,0,676716386,0.99,1.67
2024/05/24 星期五 00:13:37.273,1716480817273,NH-DC-NM129-D06-ROCE-Leaf-8.GPU.S9825,FourHundredGigE1/0/54,1129565,4637598402,389333,1485795882,11.22,3.59
2024/05/24 星期五 00:13:38.764,1716480818764,NH-DC-NM129-D06-ROCE-Leaf-8.GPU.S9825,FourHundredGigE1/0/54,4294606,17545071048,235938,668239984,14.70,0.55
2024/05/24 星期五 00:13:40.005,1716480820005,NH-DC-NM129-D06-ROCE-Leaf-8.GPU.S9825,FourHundredGigE1/0/54,0,0,0,0,0,0
2024/05/24 星期五 00:13:40.947,1716480820947,NH-DC-NM129-D06-ROCE-Leaf-8.GPU.S9825,FourHundredGigE1/0/54,123875,363798626,111341,385626418,0.48,0.50
2024/05/24 星期五 00:13:42.471,1716480822471,NH-DC-NM129-D06-ROCE-Leaf-8.GPU.S9825,FourHundredGigE1/0/54,500716,1927795644,529097,2061011728,1.57,1.69
2024/05/24 星期五 00:13:43.157,1716480823157,NH-DC-NM129-D06-ROCE-Leaf-8.GPU.S9825,FourHundredGigE1/0/54,0,0,0,0,0,0
2024/05/24 星期五 00:13:43.717,1716480823717,NH-DC-NM129-D06-ROCE-Leaf-8.GPU.S9825,FourHundredGigE1/0/54,180688,632269468,773587,3118650544,1.41,6.94
2024/05/24 星期五 00:13:44.276,1716480824276,NH-DC-NM129-D06-ROCE-Leaf-8.GPU.S9825,FourHundredGigE1/0/54,456768,1822406768,377855,1517269222,4.07,3.38
2024/05/24 星期五 00:13:44.801,1716480824801,NH-DC-NM129-D06-ROCE-Leaf-8.GPU.S9825,FourHundredGigE1/0/54,0,0,0,0,0,0
2024/05/24 星期五 00:13:45.328,1716480825328,NH-DC-NM129-D06-ROCE-Leaf-8.GPU.S9825,FourHundredGigE1/0/54,270464,1086304520,66460,232591120,2.56,0.55
2024/05/24 星期五 00:13:45.950,1716480825950,NH-DC-NM129-D06-ROCE-Leaf-8.GPU.S9825,FourHundredGigE1/0/54,0,0,0,0,0,0
2024/05/24 星期五 00:13:46.724,1716480826724,NH-DC-NM129-D06-ROCE-Leaf-8.GPU.S9825,FourHundredGigE1/0/54,106810,360847856,249897,976101754,0.58,1.57
2024/05/24 星期五 00:13:47.308,1716480827308,NH-DC-NM129-D06-ROCE-Leaf-8.GPU.S9825,FourHundredGigE1/0/54,190330,787756128,201865,762354034,1.67,1.63
2024/05/24 星期五 00:13:47.889,1716480827889,NH-DC-NM129-D06-ROCE-Leaf-8.GPU.S9825,FourHundredGigE1/0/54,0,0,0,0,0,0
2024/05/24 星期五 00:13:48.447,1716480828447,NH-DC-NM129-D06-ROCE-Leaf-8.GPU.S9825,FourHundredGigE1/0/54,228370,891854960,357742,1429136606,1.99,3.18
2024/05/24 星期五 00:13:48.951,1716480828951,NH-DC-NM129-D06-ROCE-Leaf-8.GPU.S9825,FourHundredGigE1/0/54,0,0,0,0,0,0
2024/05/24 星期五 00:13:49.607,1716480829607,NH-DC-NM129-D06-ROCE-Leaf-8.GPU.S9825,FourHundredGigE1/0/54,174875,684257378,254308,979068326,1.30,1.85
2024/05/24 星期五 00:13:50.253,1716480830253,NH-DC-NM129-D06-ROCE-Leaf-8.GPU.S9825,FourHundredGigE1/0/54,0,0,0,0,0,0
2024/05/24 星期五 00:13:50.758,1716480830758,NH-DC-NM129-D06-ROCE-Leaf-8.GPU.S9825,FourHundredGigE1/0/54,371315,1438111312,201279,791346170,3.54,1.96
2024/05/24 星期五 00:13:51.349,1716480831349,NH-DC-NM129-D06-ROCE-Leaf-8.GPU.S9825,FourHundredGigE1/0/54,215311,853016492,120046,445239304,1.80,0.93
2024/05/24 星期五 00:13:51.850,1716480831850,NH-DC-NM129-D06-ROCE-Leaf-8.GPU.S9825,FourHundredGigE1/0/54,0,0,0,0,0,0
2024/05/24 星期五 00:13:52.353,1716480832353,NH-DC-NM129-D06-ROCE-Leaf-8.GPU.S9825,FourHundredGigE1/0/54,292754,1101805404,443431,1774746178,2.73,4.40
2024/05/24 星期五 00:13:53.206,1716480833206,NH-DC-NM129-D06-ROCE-Leaf-8.GPU.S9825,FourHundredGigE1/0/54,252022,949033908,234609,891576064,1.38,1.30
2024/05/24 星期五 00:13:53.865,1716480833865,NH-DC-NM129-D06-ROCE-Leaf-8.GPU.S9825,FourHundredGigE1/0/54,0,0,0,0,0,0
2024/05/24 星期五 00:13:54.366,1716480834366,NH-DC-NM129-D06-ROCE-Leaf-8.GPU.S9825,FourHundredGigE1/0/54,127032,492121713,139547,480078156,1.22,1.20
2024/05/24 星期五 00:13:54.945,1716480834945,NH-DC-NM129-D06-ROCE-Leaf-8.GPU.S9825,FourHundredGigE1/0/54,0,0,0,0,0,0
2024/05/24 星期五 00:13:55.516,1716480835516,NH-DC-NM129-D06-ROCE-Leaf-8.GPU.S9825,FourHundredGigE1/0/54,140493,513282774,153621,554363738,1.12,1.20
2024/05/24 星期五 00:13:56.122,1716480836122,NH-DC-NM129-D06-ROCE-Leaf-8.GPU.S9825,FourHundredGigE1/0/54,252523,993160614,126254,446279864,2.04,0.91
2024/05/24 星期五 00:13:56.727,1716480836727,NH-DC-NM129-D06-ROCE-Leaf-8.GPU.S9825,FourHundredGigE1/0/54,0,0,0,0,0,0
2024/05/24 星期五 00:13:57.365,1716480837365,NH-DC-NM129-D06-ROCE-Leaf-8.GPU.S9825,FourHundredGigE1/0/54,210266,821168196,105315,372921718,1.61,0.72
2024/05/24 星期五 00:13:57.888,1716480837888,NH-DC-NM129-D06-ROCE-Leaf-8.GPU.S9825,FourHundredGigE1/0/54,0,0,0,0,0,0
2024/05/24 星期五 00:13:58.597,1716480838597,NH-DC-NM129-D06-ROCE-Leaf-8.GPU.S9825,FourHundredGigE1/0/54,155314,624931184,121805,472361278,1.09,0.83
2024/05/24 星期五 00:13:59.156,1716480839156,NH-DC-NM129-D06-ROCE-Leaf-8.GPU.S9825,FourHundredGigE1/0/54,134533,488907113,268716,1029378824,1.07,2.28
2024/05/24 星期五 00:13:59.885,1716480839885,NH-DC-NM129-D06-ROCE-Leaf-8.GPU.S9825,FourHundredGigE1/0/54,0,0,0,0,0,0
2024/05/24 星期五 00:14:00.556,1716480840556,NH-DC-NM129-D06-ROCE-Leaf-8.GPU.S9825,FourHundredGigE1/0/54,100299,385227136,108129,352992614,0.71,0.65
2024/05/24 星期五 00:14:01.129,1716480841129,NH-DC-NM129-D06-ROCE-Leaf-8.GPU.S9825,FourHundredGigE1/0/54,0,0,0,0,0,0
2024/05/24 星期五 00:14:01.633,1716480841633,NH-DC-NM129-D06-ROCE-Leaf-8.GPU.S9825,FourHundredGigE1/0/54,113364,422947764,129567,499520830,1.04,1.22
2024/05/24 星期五 00:14:02.204,1716480842204,NH-DC-NM129-D06-ROCE-Leaf-8.GPU.S9825,FourHundredGigE1/0/54,0,0,0,0,0,0
2024/05/24 星期五 00:14:02.730,1716480842730,NH-DC-NM129-D06-ROCE-Leaf-8.GPU.S9825,FourHundredGigE1/0/54,356619,1411384274,188343,678134758,3.35,1.59
2024/05/24 星期五 00:14:03.393,1716480843393,NH-DC-NM129-D06-ROCE-Leaf-8.GPU.S9825,FourHundredGigE1/0/54,111228,435970084,189476,756038356,0.81,1.41
2024/05/24 星期五 00:14:04.053,1716480844053,NH-DC-NM129-D06-ROCE-Leaf-8.GPU.S9825,FourHundredGigE1/0/54,0,0,0,0,0,0
2024/05/24 星期五 00:14:04.615,1716480844615,NH-DC-NM129-D06-ROCE-Leaf-8.GPU.S9825,FourHundredGigE1/0/54,137736,460204800,147482,616872343,1.02,1.36
2024/05/24 星期五 00:14:05.129,1716480845129,NH-DC-NM129-D06-ROCE-Leaf-8.GPU.S9825,FourHundredGigE1/0/54,0,0,0,0,0,0
2024/05/24 星期五 00:14:05.675,1716480845675,NH-DC-NM129-D06-ROCE-Leaf-8.GPU.S9825,FourHundredGigE1/0/54,58139,222777486,148016,401764894,0.50,0.92
2024/05/24 星期五 00:14:06.269,1716480846269,NH-DC-NM129-D06-ROCE-Leaf-8.GPU.S9825,FourHundredGigE1/0/54,629821,2470546170,89123,282531298,5.20,0.59
2024/05/24 星期五 00:14:06.770,1716480846770,NH-DC-NM129-D06-ROCE-Leaf-8.GPU.S9825,FourHundredGigE1/0/54,0,0,0,0,0,0
2024/05/24 星期五 00:14:07.345,1716480847345,NH-DC-NM129-D06-ROCE-Leaf-8.GPU.S9825,FourHundredGigE1/0/54,218190,705519126,374079,1314398322,1.52,2.85
2024/05/24 星期五 00:14:07.959,1716480847959,NH-DC-NM129-D06-ROCE-Leaf-8.GPU.S9825,FourHundredGigE1/0/54,0,0,0,0,0,0
2024/05/24 星期五 00:14:08.457,1716480848457,NH-DC-NM129-D06-ROCE-Leaf-8.GPU.S9825,FourHundredGigE1/0/54,197371,704817478,210590,651183132,1.76,1.63
2024/05/24 星期五 00:14:09.049,1716480849049,NH-DC-NM129-D06-ROCE-Leaf-8.GPU.S9825,FourHundredGigE1/0/54,0,0,0,0,0,0
2024/05/24 星期五 00:14:09.756,1716480849756,NH-DC-NM129-D06-ROCE-Leaf-8.GPU.S9825,FourHundredGigE1/0/54,154255,495499272,545167,2063513230,0.87,3.64
2024/05/24 星期五 00:14:10.307,1716480850307,NH-DC-NM129-D06-ROCE-Leaf-8.GPU.S9825,FourHundredGigE1/0/54,249086,967334904,132996,517797796,2.18,1.16
2024/05/24 星期五 00:14:10.841,1716480850841,NH-DC-NM129-D06-ROCE-Leaf-8.GPU.S9825,FourHundredGigE1/0/54,0,0,0,0,0,0
2024/05/24 星期五 00:14:11.451,1716480851451,NH-DC-NM129-D06-ROCE-Leaf-8.GPU.S9825,FourHundredGigE1/0/54,104587,404364050,89427,353203506,0.82,0.72
2024/05/24 星期五 00:14:12.009,1716480852009,NH-DC-NM129-D06-ROCE-Leaf-8.GPU.S9825,FourHundredGigE1/0/54,0,0,0,0,0,0
2024/05/24 星期五 00:14:12.512,1716480852512,NH-DC-NM129-D06-ROCE-Leaf-8.GPU.S9825,FourHundredGigE1/0/54,392350,1379154848,181948,633453748,3.40,1.57
2024/05/24 星期五 00:14:13.176,1716480853176,NH-DC-NM129-D06-ROCE-Leaf-8.GPU.S9825,FourHundredGigE1/0/54,302997,1143258578,263413,953423730,2.15,1.79
2024/05/24 星期五 00:14:13.808,1716480853808,NH-DC-NM129-D06-ROCE-Leaf-8.GPU.S9825,FourHundredGigE1/0/54,0,0,0,0,0,0
2024/05/24 星期五 00:14:14.487,1716480854487,NH-DC-NM129-D06-ROCE-Leaf-8.GPU.S9825,FourHundredGigE1/0/54,483499,1932042326,218901,787787140,3.55,1.44
2024/05/24 星期五 00:14:14.990,1716480854990,NH-DC-NM129-D06-ROCE-Leaf-8.GPU.S9825,FourHundredGigE1/0/54,0,0,0,0,0,0
2024/05/24 星期五 00:14:15.644,1716480855644,NH-DC-NM129-D06-ROCE-Leaf-8.GPU.S9825,FourHundredGigE1/0/54,298677,1155095022,645683,2598590526,2.20,4.95
2024/05/24 星期五 00:14:16.282,1716480856282,NH-DC-NM129-D06-ROCE-Leaf-8.GPU.S9825,FourHundredGigE1/0/54,237268,883434892,341544,1334573284,1.72,2.61
2024/05/24 星期五 00:14:16.796,1716480856796,NH-DC-NM129-D06-ROCE-Leaf-8.GPU.S9825,FourHundredGigE1/0/54,0,0,0,0,0,0
2024/05/24 星期五 00:14:18.083,1716480858083,NH-DC-NM129-D06-ROCE-Leaf-8.GPU.S9825,FourHundredGigE1/0/54,283727,1093772854,444399,1778427748,1.06,1.72
2024/05/24 星期五 00:14:18.584,1716480858584,NH-DC-NM129-D06-ROCE-Leaf-8.GPU.S9825,FourHundredGigE1/0/54,314640,1190141588,441451,1680968432,2.97,4.19
2024/05/24 星期五 00:14:19.810,1716480859810,NH-DC-NM129-D06-ROCE-Leaf-8.GPU.S9825,FourHundredGigE1/0/54,0,0,0,0,0,0
2024/05/24 星期五 00:14:20.381,1716480860381,NH-DC-NM129-D06-ROCE-Leaf-8.GPU.S9825,FourHundredGigE1/0/54,165594,615729536,119479,442792834,1.34,0.96
2024/05/24 星期五 00:14:20.946,1716480860946,NH-DC-NM129-D06-ROCE-Leaf-8.GPU.S9825,FourHundredGigE1/0/54,0,0,0,0,0,0
2024/05/24 星期五 00:14:21.649,1716480861649,NH-DC-NM129-D06-ROCE-Leaf-8.GPU.S9825,FourHundredGigE1/0/54,267029,1129173242,287438,1124263652,1.99,1.99
2024/05/24 星期五 00:14:22.149,1716480862149,NH-DC-NM129-D06-ROCE-Leaf-8.GPU.S9825,FourHundredGigE1/0/54,0,0,0,0,0,0
2024/05/24 星期五 00:14:22.733,1716480862733,NH-DC-NM129-D06-ROCE-Leaf-8.GPU.S9825,FourHundredGigE1/0/54,153676,588455324,150653,565352838,1.24,1.20
2024/05/24 星期五 00:14:23.422,1716480863422,NH-DC-NM129-D06-ROCE-Leaf-8.GPU.S9825,FourHundredGigE1/0/54,827091,3191062636,148310,594429376,5.79,1.07
2024/05/24 星期五 00:14:23.922,1716480863922,NH-DC-NM129-D06-ROCE-Leaf-8.GPU.S9825,FourHundredGigE1/0/54,0,0,0,0,0,0
2024/05/24 星期五 00:14:24.445,1716480864445,NH-DC-NM129-D06-ROCE-Leaf-8.GPU.S9825,FourHundredGigE1/0/54,140773,603275025,253753,962914887,1.43,2.29
2024/05/24 星期五 00:14:25.067,1716480865067,NH-DC-NM129-D06-ROCE-Leaf-8.GPU.S9825,FourHundredGigE1/0/54,0,0,0,0,0,0
2024/05/24 星期五 00:14:25.638,1716480865638,NH-DC-NM129-D06-ROCE-Leaf-8.GPU.S9825,FourHundredGigE1/0/54,45390,181239832,240306,937953028,0.39,2.04
2024/05/24 星期五 00:14:26.260,1716480866260,NH-DC-NM129-D06-ROCE-Leaf-8.GPU.S9825,FourHundredGigE1/0/54,346053,1392014790,280570,1066245984,2.79,2.13
2024/05/24 星期五 00:14:26.864,1716480866864,NH-DC-NM129-D06-ROCE-Leaf-8.GPU.S9825,FourHundredGigE1/0/54,0,0,0,0,0,0
2024/05/24 星期五 00:14:27.366,1716480867366,NH-DC-NM129-D06-ROCE-Leaf-8.GPU.S9825,FourHundredGigE1/0/54,86263,303702622,112889,386351294,0.75,0.95
2024/05/24 星期五 00:14:27.948,1716480867948,NH-DC-NM129-D06-ROCE-Leaf-8.GPU.S9825,FourHundredGigE1/0/54,0,0,0,0,0,0
2024/05/24 星期五 00:14:29.135,1716480869135,NH-DC-NM129-D06-ROCE-Leaf-8.GPU.S9825,FourHundredGigE1/0/54,132751,485190282,134242,445154100,0.51,0.46
2024/05/24 星期五 00:14:29.618,1716480869618,NH-DC-NM129-D06-ROCE-Leaf-8.GPU.S9825,FourHundredGigE1/0/54,124439,468758774,158564,619920220,1.19,1.58
2024/05/24 星期五 00:14:30.222,1716480870222,NH-DC-NM129-D06-ROCE-Leaf-8.GPU.S9825,FourHundredGigE1/0/54,363944,0,212258,0,0,0
2024/05/24 星期五 00:14:30.723,1716480870723,NH-DC-NM129-D06-ROCE-Leaf-8.GPU.S9825,FourHundredGigE1/0/54,0,1475159636,0,814364800,3.67,2.02
2024/05/24 星期五 00:14:31.314,1716480871314,NH-DC-NM129-D06-ROCE-Leaf-8.GPU.S9825,FourHundredGigE1/0/54,275710,1092305284,307660,1147477372,2.31,2.41
2024/05/24 星期五 00:14:32.062,1716480872062,NH-DC-NM129-D06-ROCE-Leaf-8.GPU.S9825,FourHundredGigE1/0/54,0,0,0,0,0,0
2024/05/24 星期五 00:14:32.586,1716480872586,NH-DC-NM129-D06-ROCE-Leaf-8.GPU.S9825,FourHundredGigE1/0/54,242715,962259554,102009,341703158,2.29,0.81
2024/05/24 星期五 00:14:33.142,1716480873142,NH-DC-NM129-D06-ROCE-Leaf-8.GPU.S9825,FourHundredGigE1/0/54,106026,385162028,154769,583826274,0.85,1.30
2024/05/24 星期五 00:14:33.808,1716480873808,NH-DC-NM129-D06-ROCE-Leaf-8.GPU.S9825,FourHundredGigE1/0/54,0,0,0,0,0,0
2024/05/24 星期五 00:14:34.384,1716480874384,NH-DC-NM129-D06-ROCE-Leaf-8.GPU.S9825,FourHundredGigE1/0/54,327250,1274376344,234615,812369950,2.76,1.76
2024/05/24 星期五 00:14:34.976,1716480874976,NH-DC-NM129-D06-ROCE-Leaf-8.GPU.S9825,FourHundredGigE1/0/54,515932,1962240082,327143,1074925620,4.14,2.26
2024/05/24 星期五 00:14:35.764,1716480875764,NH-DC-NM129-D06-ROCE-Leaf-8.GPU.S9825,FourHundredGigE1/0/54,0,0,0,0,0,0
2024/05/24 星期五 00:14:36.314,1716480876314,NH-DC-NM129-D06-ROCE-Leaf-8.GPU.S9825,FourHundredGigE1/0/54,298814,1135473890,157580,450245620,2.57,1.02
2024/05/24 星期五 00:14:36.979,1716480876979,NH-DC-NM129-D06-ROCE-Leaf-8.GPU.S9825,FourHundredGigE1/0/54,314416,1227562433,163805,652382724,2.29,1.22
2024/05/24 星期五 00:14:38.037,1716480878037,NH-DC-NM129-D06-ROCE-Leaf-8.GPU.S9825,FourHundredGigE1/0/54,125187,456710635,283256,1108782642,0.53,1.30
2024/05/24 星期五 00:14:39.541,1716480879541,NH-DC-NM129-D06-ROCE-Leaf-8.GPU.S9825,FourHundredGigE1/0/54,236605,953628266,161234,607010096,0.79,0.50
2024/05/24 星期五 00:14:40.241,1716480880241,NH-DC-NM129-D06-ROCE-Leaf-8.GPU.S9825,FourHundredGigE1/0/54,160046,632831457,164677,630492102,1.12,1.12
2024/05/24 星期五 00:14:40.825,1716480880825,NH-DC-NM129-D06-ROCE-Leaf-8.GPU.S9825,FourHundredGigE1/0/54,0,0,0,0,0,0
2024/05/24 星期五 00:14:41.455,1716480881455,NH-DC-NM129-D06-ROCE-Leaf-8.GPU.S9825,FourHundredGigE1/0/54,393242,1567950607,175869,645311574,3.10,1.27
2024/05/24 星期五 00:14:41.955,1716480881955,NH-DC-NM129-D06-ROCE-Leaf-8.GPU.S9825,FourHundredGigE1/0/54,0,0,0,0,0,0
2024/05/24 星期五 00:14:42.615,1716480882615,NH-DC-NM129-D06-ROCE-Leaf-8.GPU.S9825,FourHundredGigE1/0/54,408082,1661194112,398127,1562558790,3.14,2.95
2024/05/24 星期五 00:14:43.217,1716480883217,NH-DC-NM129-D06-ROCE-Leaf-8.GPU.S9825,FourHundredGigE1/0/54,234874,931434960,86931,259422267,1.93,0.52
2024/05/24 星期五 00:14:43.863,1716480883863,NH-DC-NM129-D06-ROCE-Leaf-8.GPU.S9825,FourHundredGigE1/0/54,0,0,0,0,0,0
2024/05/24 星期五 00:14:44.449,1716480884449,NH-DC-NM129-D06-ROCE-Leaf-8.GPU.S9825,FourHundredGigE1/0/54,175637,686597262,127506,479008404,1.45,1.00
2024/05/24 星期五 00:14:47.153,1716480887153,NH-DC-NM129-D06-ROCE-Leaf-8.GPU.S9825,FourHundredGigE1/0/54,517436,2097268128,603800,2354458936,0.97,1.09
2024/05/24 星期五 00:14:47.653,1716480887653,NH-DC-NM129-D06-ROCE-Leaf-8.GPU.S9825,FourHundredGigE1/0/54,120137,463298131,154260,593244356,1.15,1.48
2024/05/24 星期五 00:14:48.167,1716480888167,NH-DC-NM129-D06-ROCE-Leaf-8.GPU.S9825,FourHundredGigE1/0/54,0,0,0,0,0,0
2024/05/24 星期五 00:14:50.160,1716480890160,NH-DC-NM129-D06-ROCE-Leaf-8.GPU.S9825,FourHundredGigE1/0/54,589738,2377052276,370867,1278200927,1.49,0.80
2024/05/24 星期五 00:14:50.662,1716480890662,NH-DC-NM129-D06-ROCE-Leaf-8.GPU.S9825,FourHundredGigE1/0/54,220739,881742234,69146,263931748,2.19,0.65
2024/05/24 星期五 00:14:51.177,1716480891177,NH-DC-NM129-D06-ROCE-Leaf-8.GPU.S9825,FourHundredGigE1/0/54,0,0,0,0,0,0
2024/05/24 星期五 00:14:51.677,1716480891677,NH-DC-NM129-D06-ROCE-Leaf-8.GPU.S9825,FourHundredGigE1/0/54,189036,738662784,325680,1279104304,1.82,3.18
2024/05/24 星期五 00:14:53.669,1716480893669,NH-DC-NM129-D06-ROCE-Leaf-8.GPU.S9825,FourHundredGigE1/0/54,244828,952710736,567697,2224079329,0.60,1.39
2024/05/24 星期五 00:14:54.188,1716480894188,NH-DC-NM129-D06-ROCE-Leaf-8.GPU.S9825,FourHundredGigE1/0/54,0,0,0,0,0,0
2024/05/24 星期五 00:14:54.690,1716480894690,NH-DC-NM129-D06-ROCE-Leaf-8.GPU.S9825,FourHundredGigE1/0/54,66787,256250819,104571,390781488,0.62,0.97
2024/05/24 星期五 00:14:55.252,1716480895252,NH-DC-NM129-D06-ROCE-Leaf-8.GPU.S9825,FourHundredGigE1/0/54,130078,503385936,103989,375942550,1.11,0.82
2024/05/24 星期五 00:14:55.792,1716480895792,NH-DC-NM129-D06-ROCE-Leaf-8.GPU.S9825,FourHundredGigE1/0/54,0,0,0,0,0,0
2024/05/24 星期五 00:14:56.412,1716480896412,NH-DC-NM129-D06-ROCE-Leaf-8.GPU.S9825,FourHundredGigE1/0/54,77495,255266762,132234,480107220,0.50,0.97
2024/05/24 星期五 00:14:57.142,1716480897142,NH-DC-NM129-D06-ROCE-Leaf-8.GPU.S9825,FourHundredGigE1/0/54,0,0,0,0,0,0
2024/05/24 星期五 00:14:57.678,1716480897678,NH-DC-NM129-D06-ROCE-Leaf-8.GPU.S9825,FourHundredGigE1/0/54,13529,23932350,87908,284846108,0.05,0.65
2024/05/24 星期五 00:14:58.199,1716480898199,NH-DC-NM129-D06-ROCE-Leaf-8.GPU.S9825,FourHundredGigE1/0/54,101025,251608178,167833,651455020,0.60,1.56
2024/05/24 星期五 00:14:58.770,1716480898770,NH-DC-NM129-D06-ROCE-Leaf-8.GPU.S9825,FourHundredGigE1/0/54,0,0,0,0,0,0
2024/05/24 星期五 00:14:59.414,1716480899414,NH-DC-NM129-D06-ROCE-Leaf-8.GPU.S9825,FourHundredGigE1/0/54,247179,834008330,115222,451313390,1.61,0.87
2024/05/24 星期五 00:15:00.087,1716480900087,NH-DC-NM129-D06-ROCE-Leaf-8.GPU.S9825,FourHundredGigE1/0/54,0,0,0,0,0,0
2024/05/24 星期五 00:15:00.675,1716480900675,NH-DC-NM129-D06-ROCE-Leaf-8.GPU.S9825,FourHundredGigE1/0/54,114754,339760092,260314,991838216,0.70,2.10
2024/05/24 星期五 00:15:01.226,1716480901226,NH-DC-NM129-D06-ROCE-Leaf-8.GPU.S9825,FourHundredGigE1/0/54,0,0,0,0,0,0
2024/05/24 星期五 00:15:01.729,1716480901729,NH-DC-NM129-D06-ROCE-Leaf-8.GPU.S9825,FourHundredGigE1/0/54,160915,611688324,135705,505603298,1.52,1.24
2024/05/24 星期五 00:15:02.232,1716480902232,NH-DC-NM129-D06-ROCE-Leaf-8.GPU.S9825,FourHundredGigE1/0/54,0,0,0,0,0,0
2024/05/24 星期五 00:15:02.749,1716480902749,NH-DC-NM129-D06-ROCE-Leaf-8.GPU.S9825,FourHundredGigE1/0/54,178004,652651026,729931,2896737274,1.57,6.99
2024/05/24 星期五 00:15:03.499,1716480903499,NH-DC-NM129-D06-ROCE-Leaf-8.GPU.S9825,FourHundredGigE1/0/54,124192,434174624,87979,303105979,0.72,0.5
2024/05/24 星期五 00:15:04.149,1716480904149,NH-DC-NM129-D06-ROCE-Leaf-8.GPU.S9825,FourHundredGigE1/0/54,0,0,0,0,0,0
2024/05/24 星期五 00:15:04.650,1716480904650,NH-DC-NM129-D06-ROCE-Leaf-8.GPU.S9825,FourHundredGigE1/0/54,161182,652791916,144357,544128510,1.62,1.35
2024/05/24 星期五 00:15:05.150,1716480905150,NH-DC-NM129-D06-ROCE-Leaf-8.GPU.S9825,FourHundredGigE1/0/54,0,0,0,0,0,0
2024/05/24 星期五 00:15:06.221,1716480906221,NH-DC-NM129-D06-ROCE-Leaf-8.GPU.S9825,FourHundredGigE1/0/54,475888,1765517658,849819,3396482386,2.05,3.96
2024/05/24 星期五 00:15:06.791,1716480906791,NH-DC-NM129-D06-ROCE-Leaf-8.GPU.S9825,FourHundredGigE1/0/54,0,0,0,0,0,0
2024/05/24 星期五 00:15:07.435,1716480907435,NH-DC-NM129-D06-ROCE-Leaf-8.GPU.S9825,FourHundredGigE1/0/54,205862,800242282,361861,1421638894,1.55,2.76
2024/05/24 星期五 00:15:07.936,1716480907936,NH-DC-NM129-D06-ROCE-Leaf-8.GPU.S9825,FourHundredGigE1/0/54,0,0,0,0,0,0
2024/05/24 星期五 00:15:08.437,1716480908437,NH-DC-NM129-D06-ROCE-Leaf-8.GPU.S9825,FourHundredGigE1/0/54,221287,884017820,121073,458353410,2.20,1.12
2024/05/24 星期五 00:15:09.039,1716480909039,NH-DC-NM129-D06-ROCE-Leaf-8.GPU.S9825,FourHundredGigE1/0/54,0,0,0,0,0,0
2024/05/24 星期五 00:15:09.646,1716480909646,NH-DC-NM129-D06-ROCE-Leaf-8.GPU.S9825,FourHundredGigE1/0/54,294362,1125789648,420028,1565222652,2.31,3.21
2024/05/24 星期五 00:15:10.389,1716480910389,NH-DC-NM129-D06-ROCE-Leaf-8.GPU.S9825,FourHundredGigE1/0/54,419079,1646339958,227114,841733680,2.76,1.41
2024/05/24 星期五 00:15:10.979,1716480910979,NH-DC-NM129-D06-ROCE-Leaf-8.GPU.S9825,FourHundredGigE1/0/54,0,0,0,0,0,0
2024/05/24 星期五 00:15:11.478,1716480911478,NH-DC-NM129-D06-ROCE-Leaf-8.GPU.S9825,FourHundredGigE1/0/54,191399,780008172,157957,614005282,1.95,1.53
2024/05/24 星期五 00:15:11.979,1716480911979,NH-DC-NM129-D06-ROCE-Leaf-8.GPU.S9825,FourHundredGigE1/0/54,0,0,0,0,0,0
2024/05/24 星期五 00:15:12.482,1716480912482,NH-DC-NM129-D06-ROCE-Leaf-8.GPU.S9825,FourHundredGigE1/0/54,139894,532735783,196106,749945644,1.32,1.84
2024/05/24 星期五 00:15:13.080,1716480913080,NH-DC-NM129-D06-ROCE-Leaf-8.GPU.S9825,FourHundredGigE1/0/54,36432,126808424,19603,39539618,0.25,0.06
2024/05/24 星期五 00:15:13.900,1716480913900,NH-DC-NM129-D06-ROCE-Leaf-8.GPU.S9825,FourHundredGigE1/0/54,0,0,0,0,0,0
2024/05/24 星期五 00:15:14.444,1716480914444,NH-DC-NM129-D06-ROCE-Leaf-8.GPU.S9825,FourHundredGigE1/0/54,291526,1118882668,73660,276469948,2.55,0.62
2024/05/24 星期五 00:15:14.945,1716480914945,NH-DC-NM129-D06-ROCE-Leaf-8.GPU.S9825,FourHundredGigE1/0/54,0,0,0,0,0,0
2024/05/24 星期五 00:15:15.445,1716480915445,NH-DC-NM129-D06-ROCE-Leaf-8.GPU.S9825,FourHundredGigE1/0/54,51134,191708816,74047,270816762,0.48,0.68
2024/05/24 星期五 00:15:16.004,1716480916004,NH-DC-NM129-D06-ROCE-Leaf-8.GPU.S9825,FourHundredGigE1/0/54,0,0,0,0,0,0
2024/05/24 星期五 00:15:16.505,1716480916505,NH-DC-NM129-D06-ROCE-Leaf-8.GPU.S9825,FourHundredGigE1/0/54,287800,1178763660,166553,612616850,2.92,1.52
2024/05/24 星期五 00:15:17.278,1716480917278,NH-DC-NM129-D06-ROCE-Leaf-8.GPU.S9825,FourHundredGigE1/0/54,84084,307777536,157898,568353324,0.49,0.91
2024/05/24 星期五 00:15:17.909,1716480917909,NH-DC-NM129-D06-ROCE-Leaf-8.GPU.S9825,FourHundredGigE1/0/54,0,0,0,0,0,0
2024/05/24 星期五 00:15:18.411,1716480918411,NH-DC-NM129-D06-ROCE-Leaf-8.GPU.S9825,FourHundredGigE1/0/54,139355,481457114,120963,426475802,1.20,1.05
2024/05/24 星期五 00:15:19.743,1716480919743,NH-DC-NM129-D06-ROCE-Leaf-8.GPU.S9825,FourHundredGigE1/0/54,303018,1237906289,173711,651606951,1.15,0.61
2024/05/24 星期五 00:15:20.260,1716480920260,NH-DC-NM129-D06-ROCE-Leaf-8.GPU.S9825,FourHundredGigE1/0/54,116771,463901332,145790,568923756,1.11,1.35
2024/05/24 星期五 00:15:21.772,1716480921772,NH-DC-NM129-D06-ROCE-Leaf-8.GPU.S9825,FourHundredGigE1/0/54,151920,517033576,553872,2090336188,0.42,1.73
2024/05/24 星期五 00:15:22.273,1716480922273,NH-DC-NM129-D06-ROCE-Leaf-8.GPU.S9825,FourHundredGigE1/0/54,245120,917231336,184387,707927874,2.27,1.75
2024/05/24 星期五 00:15:22.807,1716480922807,NH-DC-NM129-D06-ROCE-Leaf-8.GPU.S9825,FourHundredGigE1/0/54,0,0,0,0,0,0
2024/05/24 星期五 00:15:23.403,1716480923403,NH-DC-NM129-D06-ROCE-Leaf-8.GPU.S9825,FourHundredGigE1/0/54,300146,1177563056,260710,1042533874,2.45,2.18
2024/05/24 星期五 00:15:24.167,1716480924167,NH-DC-NM129-D06-ROCE-Leaf-8.GPU.S9825,FourHundredGigE1/0/54,0,0,0,0,0,0
2024/05/24 星期五 00:15:24.772,1716480924772,NH-DC-NM129-D06-ROCE-Leaf-8.GPU.S9825,FourHundredGigE1/0/54,178151,674610531,126114,472056792,1.38,0.97
2024/05/24 星期五 00:15:25.273,1716480925273,NH-DC-NM129-D06-ROCE-Leaf-8.GPU.S9825,FourHundredGigE1/0/54,171549,625479562,283487,1046615334,1.55,2.59
2024/05/24 星期五 00:15:25.780,1716480925780,NH-DC-NM129-D06-ROCE-Leaf-8.GPU.S9825,FourHundredGigE1/0/54,0,0,0,0,0,0
2024/05/24 星期五 00:15:26.297,1716480926297,NH-DC-NM129-D06-ROCE-Leaf-8.GPU.S9825,FourHundredGigE1/0/54,403354,1557692860,76645,261432915,3.75,0.63
2024/05/24 星期五 00:15:26.839,1716480926839,NH-DC-NM129-D06-ROCE-Leaf-8.GPU.S9825,FourHundredGigE1/0/54,0,0,0,0,0,0
2024/05/24 星期五 00:15:27.639,1716480927639,NH-DC-NM129-D06-ROCE-Leaf-8.GPU.S9825,FourHundredGigE1/0/54,235473,894436539,263877,974920754,1.39,1.52
2024/05/24 星期五 00:15:28.236,1716480928236,NH-DC-NM129-D06-ROCE-Leaf-8.GPU.S9825,FourHundredGigE1/0/54,450796,1762144640,558847,2047591066,3.69,4.27
2024/05/24 星期五 00:15:28.793,1716480928793,NH-DC-NM129-D06-ROCE-Leaf-8.GPU.S9825,FourHundredGigE1/0/54,0,0,0,0,0,0
2024/05/24 星期五 00:15:29.302,1716480929302,NH-DC-NM129-D06-ROCE-Leaf-8.GPU.S9825,FourHundredGigE1/0/54,175850,673796092,504274,1880550998,1.65,4.62
2024/05/24 星期五 00:15:29.851,1716480929851,NH-DC-NM129-D06-ROCE-Leaf-8.GPU.S9825,FourHundredGigE1/0/54,0,0,0,0,0,0
2024/05/24 星期五 00:15:30.366,1716480930366,NH-DC-NM129-D06-ROCE-Leaf-8.GPU.S9825,FourHundredGigE1/0/54,138706,513451174,298273,1134834254,1.24,2.74
2024/05/24 星期五 00:15:31.035,1716480931035,NH-DC-NM129-D06-ROCE-Leaf-8.GPU.S9825,FourHundredGigE1/0/54,252061,995257130,254578,818442956,1.85,1.51
2024/05/24 星期五 00:15:31.865,1716480931865,NH-DC-NM129-D06-ROCE-Leaf-8.GPU.S9825,FourHundredGigE1/0/54,0,0,0,0,0,0
2024/05/24 星期五 00:15:32.366,1716480932366,NH-DC-NM129-D06-ROCE-Leaf-8.GPU.S9825,FourHundredGigE1/0/54,155696,582289796,258526,1005078913,1.45,2.50
2024/05/24 星期五 00:15:33.332,1716480933332,NH-DC-NM129-D06-ROCE-Leaf-8.GPU.S9825,FourHundredGigE1/0/54,561353,2214539976,434894,1757438172,2.86,2.26
2024/05/24 星期五 00:15:33.833,1716480933833,NH-DC-NM129-D06-ROCE-Leaf-8.GPU.S9825,FourHundredGigE1/0/54,0,0,0,0,0,0
2024/05/24 星期五 00:15:34.344,1716480934344,NH-DC-NM129-D06-ROCE-Leaf-8.GPU.S9825,FourHundredGigE1/0/54,247736,978344222,79438,250033280,2.37,0.61
2024/05/24 星期五 00:15:35.100,1716480935100,NH-DC-NM129-D06-ROCE-Leaf-8.GPU.S9825,FourHundredGigE1/0/54,0,0,0,0,0,0
2024/05/24 星期五 00:15:35.602,1716480935602,NH-DC-NM129-D06-ROCE-Leaf-8.GPU.S9825,FourHundredGigE1/0/54,311410,1188900640,135252,473918280,2.94,1.17
2024/05/24 星期五 00:15:36.151,1716480936151,NH-DC-NM129-D06-ROCE-Leaf-8.GPU.S9825,FourHundredGigE1/0/54,0,0,0,0,0,0
2024/05/24 星期五 00:15:36.659,1716480936659,NH-DC-NM129-D06-ROCE-Leaf-8.GPU.S9825,FourHundredGigE1/0/54,310722,1213386896,123984,441679300,2.98,1.08
2024/05/24 星期五 00:15:37.194,1716480937194,NH-DC-NM129-D06-ROCE-Leaf-8.GPU.S9825,FourHundredGigE1/0/54,69388,206183362,159088,600995172,0.47,1.40
2024/05/24 星期五 00:15:38.690,1716480938690,NH-DC-NM129-D06-ROCE-Leaf-8.GPU.S9825,FourHundredGigE1/0/54,193206,722809198,209596,747249620,0.60,0.62
2024/05/24 星期五 00:15:39.873,1716480939873,NH-DC-NM129-D06-ROCE-Leaf-8.GPU.S9825,FourHundredGigE1/0/54,0,0,0,0,0,0
2024/05/24 星期五 00:15:40.659,1716480940659,NH-DC-NM129-D06-ROCE-Leaf-8.GPU.S9825,FourHundredGigE1/0/54,152518,582929676,109286,404621988,0.92,0.64
2024/05/24 星期五 00:15:41.162,1716480941162,NH-DC-NM129-D06-ROCE-Leaf-8.GPU.S9825,FourHundredGigE1/0/54,0,0,0,0,0,0
2024/05/24 星期五 00:15:42.395,1716480942395,NH-DC-NM129-D06-ROCE-Leaf-8.GPU.S9825,FourHundredGigE1/0/54,723701,2905212566,402213,1527266894,2.94,1.54
2024/05/24 星期五 00:15:42.984,1716480942984,NH-DC-NM129-D06-ROCE-Leaf-8.GPU.S9825,FourHundredGigE1/0/54,0,0,0,0,0,0
2024/05/24 星期五 00:15:43.557,1716480943557,NH-DC-NM129-D06-ROCE-Leaf-8.GPU.S9825,FourHundredGigE1/0/54,173611,669805894,135266,495649824,1.44,1.07
2024/05/24 星期五 00:15:44.200,1716480944200,NH-DC-NM129-D06-ROCE-Leaf-8.GPU.S9825,FourHundredGigE1/0/54,0,0,0,0,0,0
2024/05/24 星期五 00:15:44.702,1716480944702,NH-DC-NM129-D06-ROCE-Leaf-8.GPU.S9825,FourHundredGigE1/0/54,168597,664747162,285795,1109609302,1.64,2.74
2024/05/24 星期五 00:15:45.333,1716480945333,NH-DC-NM129-D06-ROCE-Leaf-8.GPU.S9825,FourHundredGigE1/0/54,135907,543740414,59024,217250388,1.07,0.42
2024/05/24 星期五 00:15:46.045,1716480946045,NH-DC-NM129-D06-ROCE-Leaf-8.GPU.S9825,FourHundredGigE1/0/54,0,0,0,0,0,0
2024/05/24 星期五 00:15:46.545,1716480946545,NH-DC-NM129-D06-ROCE-Leaf-8.GPU.S9825,FourHundredGigE1/0/54,252257,752159842,158248,568753548,1.88,1.4
2024/05/24 星期五 00:15:48.909,1716480948909,NH-DC-NM129-D06-ROCE-Leaf-8.GPU.S9825,FourHundredGigE1/0/54,692128,2348643980,571184,2250068040,1.24,1.19
2024/05/24 星期五 00:15:49.417,1716480949417,NH-DC-NM129-D06-ROCE-Leaf-8.GPU.S9825,FourHundredGigE1/0/54,324476,1162593796,115937,388580110,2.85,0.94
2024/05/24 星期五 00:15:50.065,1716480950065,NH-DC-NM129-D06-ROCE-Leaf-8.GPU.S9825,FourHundredGigE1/0/54,0,0,0,0,0,0
2024/05/24 星期五 00:15:50.659,1716480950659,NH-DC-NM129-D06-ROCE-Leaf-8.GPU.S9825,FourHundredGigE1/0/54,222868,874661372,64408,186378844,1.83,0.38
2024/05/24 星期五 00:15:51.210,1716480951210,NH-DC-NM129-D06-ROCE-Leaf-8.GPU.S9825,FourHundredGigE1/0/54,622429,2523298894,379957,1466579954,5.72,3.31
2024/05/24 星期五 00:15:51.791,1716480951791,NH-DC-NM129-D06-ROCE-Leaf-8.GPU.S9825,FourHundredGigE1/0/54,0,0,0,0,0,0
2024/05/24 星期五 00:15:52.387,1716480952387,NH-DC-NM129-D06-ROCE-Leaf-8.GPU.S9825,FourHundredGigE1/0/54,113642,405519808,270442,1027000676,0.84,2.14
2024/05/24 星期五 00:15:52.931,1716480952931,NH-DC-NM129-D06-ROCE-Leaf-8.GPU.S9825,FourHundredGigE1/0/54,0,0,0,0,0,0
2024/05/24 星期五 00:15:53.525,1716480953525,NH-DC-NM129-D06-ROCE-Leaf-8.GPU.S9825,FourHundredGigE1/0/54,180250,713777012,55916,192467464,1.49,0.40
2024/05/24 星期五 00:15:54.094,1716480954094,NH-DC-NM129-D06-ROCE-Leaf-8.GPU.S9825,FourHundredGigE1/0/54,0,0,0,0,0,0
2024/05/24 星期五 00:15:54.596,1716480954596,NH-DC-NM129-D06-ROCE-Leaf-8.GPU.S9825,FourHundredGigE1/0/54,131422,520232661,136853,513836278,1.29,1.27
2024/05/24 星期五 00:15:55.215,1716480955215,NH-DC-NM129-D06-ROCE-Leaf-8.GPU.S9825,FourHundredGigE1/0/54,199094,736159440,321818,1281798216,1.47,2.58
2024/05/24 星期五 00:15:56.070,1716480956070,NH-DC-NM129-D06-ROCE-Leaf-8.GPU.S9825,FourHundredGigE1/0/54,0,0,0,0,0,0
2024/05/24 星期五 00:15:56.699,1716480956699,NH-DC-NM129-D06-ROCE-Leaf-8.GPU.S9825,FourHundredGigE1/0/54,162656,639453484,204160,731226580,1.25,1.45
2024/05/24 星期五 00:15:57.374,1716480957374,NH-DC-NM129-D06-ROCE-Leaf-8.GPU.S9825,FourHundredGigE1/0/54,182638,668154240,132719,482197910,1.22,0.89
2024/05/24 星期五 00:15:58.009,1716480958009,NH-DC-NM129-D06-ROCE-Leaf-8.GPU.S9825,FourHundredGigE1/0/54,0,0,0,0,0,0
2024/05/24 星期五 00:15:58.692,1716480958692,NH-DC-NM129-D06-ROCE-Leaf-8.GPU.S9825,FourHundredGigE1/0/54,637832,2547448280,580181,2303206598,4.65,4.21
2024/05/24 星期五 00:15:59.574,1716480959574,NH-DC-NM129-D06-ROCE-Leaf-8.GPU.S9825,FourHundredGigE1/0/54,175747,671238570,101218,382005056,0.95,0.54
2024/05/24 星期五 00:16:00.077,1716480960077,NH-DC-NM129-D06-ROCE-Leaf-8.GPU.S9825,FourHundredGigE1/0/54,0,0,0,0,0,0
2024/05/24 星期五 00:16:00.634,1716480960634,NH-DC-NM129-D06-ROCE-Leaf-8.GPU.S9825,FourHundredGigE1/0/54,271126,1053789292,64047,217918998,2.36,0.47
2024/05/24 星期五 00:16:01.416,1716480961416,NH-DC-NM129-D06-ROCE-Leaf-8.GPU.S9825,FourHundredGigE1/0/54,247477,913154470,261808,1022493794,1.45,1.63
2024/05/24 星期五 00:16:01.919,1716480961919,NH-DC-NM129-D06-ROCE-Leaf-8.GPU.S9825,FourHundredGigE1/0/54,0,0,0,0,0,0
2024/05/24 星期五 00:16:02.529,1716480962529,NH-DC-NM129-D06-ROCE-Leaf-8.GPU.S9825,FourHundredGigE1/0/54,296144,1187304344,159517,625729164,2.42,1.27
2024/05/24 星期五 00:16:03.300,1716480963300,NH-DC-NM129-D06-ROCE-Leaf-8.GPU.S9825,FourHundredGigE1/0/54,88215,335030730,106414,384137900,0.54,0.62
2024/05/24 星期五 00:16:03.801,1716480963801,NH-DC-NM129-D06-ROCE-Leaf-8.GPU.S9825,FourHundredGigE1/0/54,0,0,0,0,0,0
2024/05/24 星期五 00:16:04.427,1716480964427,NH-DC-NM129-D06-ROCE-Leaf-8.GPU.S9825,FourHundredGigE1/0/54,234405,904678290,443846,1773172520,1.80,3.53
2024/05/24 星期五 00:16:05.115,1716480965115,NH-DC-NM129-D06-ROCE-Leaf-8.GPU.S9825,FourHundredGigE1/0/54,0,0,0,0,0,0
2024/05/24 星期五 00:16:05.618,1716480965618,NH-DC-NM129-D06-ROCE-Leaf-8.GPU.S9825,FourHundredGigE1/0/54,21016,71624728,97204,374472172,0.17,0.92
2024/05/24 星期五 00:16:06.417,1716480966417,NH-DC-NM129-D06-ROCE-Leaf-8.GPU.S9825,FourHundredGigE1/0/54,37359,80537254,155310,581713576,0.13,0.91
2024/05/24 星期五 00:16:06.958,1716480966958,NH-DC-NM129-D06-ROCE-Leaf-8.GPU.S9825,FourHundredGigE1/0/54,0,0,0,0,0,0
2024/05/24 星期五 00:16:07.457,1716480967457,NH-DC-NM129-D06-ROCE-Leaf-8.GPU.S9825,FourHundredGigE1/0/54,156499,522115614,151453,592174442,1.30,1.48
2024/05/24 星期五 00:16:08.098,1716480968098,NH-DC-NM129-D06-ROCE-Leaf-8.GPU.S9825,FourHundredGigE1/0/54,0,0,0,0,0,0
2024/05/24 星期五 00:16:08.732,1716480968732,NH-DC-NM129-D06-ROCE-Leaf-8.GPU.S9825,FourHundredGigE1/0/54,278684,1134230640,496888,2014325500,2.23,3.96
2024/05/24 星期五 00:16:09.234,1716480969234,NH-DC-NM129-D06-ROCE-Leaf-8.GPU.S9825,FourHundredGigE1/0/54,122213,428448478,134133,529713378,1.05,1.29
2024/05/24 星期五 00:16:09.959,1716480969959,NH-DC-NM129-D06-ROCE-Leaf-8.GPU.S9825,FourHundredGigE1/0/54,0,0,0,0,0,0
2024/05/24 星期五 00:16:10.462,1716480970462,NH-DC-NM129-D06-ROCE-Leaf-8.GPU.S9825,FourHundredGigE1/0/54,49999,170088082,172950,657462520,0.42,1.62
2024/05/24 星期五 00:16:10.972,1716480970972,NH-DC-NM129-D06-ROCE-Leaf-8.GPU.S9825,FourHundredGigE1/0/54,0,0,0,0,0,0
2024/05/24 星期五 00:16:11.473,1716480971473,NH-DC-NM129-D06-ROCE-Leaf-8.GPU.S9825,FourHundredGigE1/0/54,282326,1147501320,65438,252177322,2.84,0.62
2024/05/24 星期五 00:16:12.123,1716480972123,NH-DC-NM129-D06-ROCE-Leaf-8.GPU.S9825,FourHundredGigE1/0/54,0,0,0,0,0,0
2024/05/24 星期五 00:16:12.620,1716480972620,NH-DC-NM129-D06-ROCE-Leaf-8.GPU.S9825,FourHundredGigE1/0/54,120094,306326632,506922,1778648286,0.75,4.45
2024/05/24 星期五 00:16:13.453,1716480973453,NH-DC-NM129-D06-ROCE-Leaf-8.GPU.S9825,FourHundredGigE1/0/54,127570,510418180,243737,728990578,0.77,1.08
2024/05/24 星期五 00:16:13.954,1716480973954,NH-DC-NM129-D06-ROCE-Leaf-8.GPU.S9825,FourHundredGigE1/0/54,0,0,0,0,0,0
2024/05/24 星期五 00:16:14.455,1716480974455,NH-DC-NM129-D06-ROCE-Leaf-8.GPU.S9825,FourHundredGigE1/0/54,116669,310219662,1059879,4321159386,0.77,10.78
2024/05/24 星期五 00:16:15.041,1716480975041,NH-DC-NM129-D06-ROCE-Leaf-8.GPU.S9825,FourHundredGigE1/0/54,67400,147172504,880703,3593047608,0.30,7.66
2024/05/24 星期五 00:16:15.726,1716480975726,NH-DC-NM129-D06-ROCE-Leaf-8.GPU.S9825,FourHundredGigE1/0/54,0,0,0,0,0,0
2024/05/24 星期五 00:16:16.394,1716480976394,NH-DC-NM129-D06-ROCE-Leaf-8.GPU.S9825,FourHundredGigE1/0/54,196188,666148804,1264345,5153087892,1.24,9.64
2024/05/24 星期五 00:16:17.055,1716480977055,NH-DC-NM129-D06-ROCE-Leaf-8.GPU.S9825,FourHundredGigE1/0/54,0,0,0,0,0,0
2024/05/24 星期五 00:16:17.553,1716480977553,NH-DC-NM129-D06-ROCE-Leaf-8.GPU.S9825,FourHundredGigE1/0/54,147804,481056081,1029661,4125109464,1.20,10.34
2024/05/24 星期五 00:16:18.073,1716480978073,NH-DC-NM129-D06-ROCE-Leaf-8.GPU.S9825,FourHundredGigE1/0/54,0,0,0,0,0,0
2024/05/24 星期五 00:16:18.780,1716480978780,NH-DC-NM129-D06-ROCE-Leaf-8.GPU.S9825,FourHundredGigE1/0/54,3805295,15469344534,590941,1882174028,27.33,3.32
2024/05/24 星期五 00:16:20.018,1716480980018,NH-DC-NM129-D06-ROCE-Leaf-8.GPU.S9825,FourHundredGigE1/0/54,0,0,0,0,0,0
2024/05/24 星期五 00:16:20.701,1716480980701,NH-DC-NM129-D06-ROCE-Leaf-8.GPU.S9825,FourHundredGigE1/0/54,899833,3620478912,192314,667143082,6.63,1.21
2024/05/24 星期五 00:16:21.234,1716480981234,NH-DC-NM129-D06-ROCE-Leaf-8.GPU.S9825,FourHundredGigE1/0/54,265263,1060586856,234071,877021644,2.49,2.04
2024/05/24 星期五 00:16:21.788,1716480981788,NH-DC-NM129-D06-ROCE-Leaf-8.GPU.S9825,FourHundredGigE1/0/54,0,0,0,0,0,0
2024/05/24 星期五 00:16:22.476,1716480982476,NH-DC-NM129-D06-ROCE-Leaf-8.GPU.S9825,FourHundredGigE1/0/54,207219,782228194,166332,636875556,1.42,1.14
2024/05/24 星期五 00:16:22.977,1716480982977,NH-DC-NM129-D06-ROCE-Leaf-8.GPU.S9825,FourHundredGigE1/0/54,214456,833893156,214435,792356625,2.07,1.97
2024/05/24 星期五 00:16:23.747,1716480983747,NH-DC-NM129-D06-ROCE-Leaf-8.GPU.S9825,FourHundredGigE1/0/54,0,0,0,0,0,0
2024/05/24 星期五 00:16:24.306,1716480984306,NH-DC-NM129-D06-ROCE-Leaf-8.GPU.S9825,FourHundredGigE1/0/54,0,0,0,0,0,0
2024/05/24 星期五 00:16:24.808,1716480984808,NH-DC-NM129-D06-ROCE-Leaf-8.GPU.S9825,FourHundredGigE1/0/54,337184,1310424033,238403,882452146,3.26,2.19
2024/05/24 星期五 00:16:25.416,1716480985416,NH-DC-NM129-D06-ROCE-Leaf-8.GPU.S9825,FourHundredGigE1/0/54,328763,1308146274,119955,447844986,2.67,0.90
2024/05/24 星期五 00:16:26.145,1716480986145,NH-DC-NM129-D06-ROCE-Leaf-8.GPU.S9825,FourHundredGigE1/0/54,0,0,0,0,0,0
2024/05/24 星期五 00:16:26.679,1716480986679,NH-DC-NM129-D06-ROCE-Leaf-8.GPU.S9825,FourHundredGigE1/0/54,233510,873106812,290647,1147372026,2.04,2.67
2024/05/24 星期五 00:16:27.354,1716480987354,NH-DC-NM129-D06-ROCE-Leaf-8.GPU.S9825,FourHundredGigE1/0/54,187337,699184110,158205,610857638,1.28,1.13
2024/05/24 星期五 00:16:30.557,1716480990557,NH-DC-NM129-D06-ROCE-Leaf-8.GPU.S9825,FourHundredGigE1/0/54,635807,2251780438,381865,1456326384,0.88,0.57
2024/05/24 星期五 00:16:31.095,1716480991095,NH-DC-NM129-D06-ROCE-Leaf-8.GPU.S9825,FourHundredGigE1/0/54,0,0,0,0,0,0
2024/05/24 星期五 00:16:31.612,1716480991612,NH-DC-NM129-D06-ROCE-Leaf-8.GPU.S9825,FourHundredGigE1/0/54,514324,2037917576,250610,1004884076,4.91,2.42
2024/05/24 星期五 00:16:32.238,1716480992238,NH-DC-NM129-D06-ROCE-Leaf-8.GPU.S9825,FourHundredGigE1/0/54,24354,58831064,133065,479176114,0.10,0.94
2024/05/24 星期五 00:16:32.804,1716480992804,NH-DC-NM129-D06-ROCE-Leaf-8.GPU.S9825,FourHundredGigE1/0/54,0,0,0,0,0,0
2024/05/24 星期五 00:16:33.497,1716480993497,NH-DC-NM129-D06-ROCE-Leaf-8.GPU.S9825,FourHundredGigE1/0/54,143576,501580600,166759,620218632,0.90,1.12
2024/05/24 星期五 00:16:34.098,1716480994098,NH-DC-NM129-D06-ROCE-Leaf-8.GPU.S9825,FourHundredGigE1/0/54,0,0,0,0,0,0
2024/05/24 星期五 00:16:34.613,1716480994613,NH-DC-NM129-D06-ROCE-Leaf-8.GPU.S9825,FourHundredGigE1/0/54,102251,372764898,121896,414545362,0.90,1.00
2024/05/24 星期五 00:16:35.113,1716480995113,NH-DC-NM129-D06-ROCE-Leaf-8.GPU.S9825,FourHundredGigE1/0/54,0,0,0,0,0,0
2024/05/24 星期五 00:16:35.617,1716480995617,NH-DC-NM129-D06-ROCE-Leaf-8.GPU.S9825,FourHundredGigE1/0/54,154627,571455142,268321,1006219606,1.41,2.48
2024/05/24 星期五 00:16:36.262,1716480996262,NH-DC-NM129-D06-ROCE-Leaf-8.GPU.S9825,FourHundredGigE1/0/54,278724,1043411220,136705,510033914,2.02,0.99
2024/05/24 星期五 00:16:36.860,1716480996860,NH-DC-NM129-D06-ROCE-Leaf-8.GPU.S9825,FourHundredGigE1/0/54,0,0,0,0,0,0
2024/05/24 星期五 00:16:37.781,1716480997781,NH-DC-NM129-D06-ROCE-Leaf-8.GPU.S9825,FourHundredGigE1/0/54,484237,1871845660,302012,904600560,2.54,1.22
2024/05/24 星期五 00:16:39.282,1716480999282,NH-DC-NM129-D06-ROCE-Leaf-8.GPU.S9825,FourHundredGigE1/0/54,199776,762721490,136372,264334016,0.63,0.22
2024/05/24 星期五 00:16:40.299,1716481000299,NH-DC-NM129-D06-ROCE-Leaf-8.GPU.S9825,FourHundredGigE1/0/54,370220,1489793724,769598,3089363722,1.82,3.79
2024/05/24 星期五 00:16:40.934,1716481000934,NH-DC-NM129-D06-ROCE-Leaf-8.GPU.S9825,FourHundredGigE1/0/54,0,0,0,0,0,0
2024/05/24 星期五 00:16:41.526,1716481001526,NH-DC-NM129-D06-ROCE-Leaf-8.GPU.S9825,FourHundredGigE1/0/54,342807,1308811288,1191896,4794617046,2.74,10.11
2024/05/24 星期五 00:16:42.026,1716481002026,NH-DC-NM129-D06-ROCE-Leaf-8.GPU.S9825,FourHundredGigE1/0/54,0,0,0,0,0,0
2024/05/24 星期五 00:16:42.611,1716481002611,NH-DC-NM129-D06-ROCE-Leaf-8.GPU.S9825,FourHundredGigE1/0/54,287996,1040338686,1248382,5042525016,2.22,10.77
2024/05/24 星期五 00:16:43.237,1716481003237,NH-DC-NM129-D06-ROCE-Leaf-8.GPU.S9825,FourHundredGigE1/0/54,458204,1799310132,1059387,4269718510,3.57,8.51
2024/05/24 星期五 00:16:43.966,1716481003966,NH-DC-NM129-D06-ROCE-Leaf-8.GPU.S9825,FourHundredGigE1/0/54,0,0,0,0,0,0
2024/05/24 星期五 00:16:44.567,1716481004567,NH-DC-NM129-D06-ROCE-Leaf-8.GPU.S9825,FourHundredGigE1/0/54,284909,1124769350,665991,2536763590,2.33,5.26
2024/05/24 星期五 00:16:45.068,1716481005068,NH-DC-NM129-D06-ROCE-Leaf-8.GPU.S9825,FourHundredGigE1/0/54,0,0,0,0,0,0
2024/05/24 星期五 00:16:45.596,1716481005596,NH-DC-NM129-D06-ROCE-Leaf-8.GPU.S9825,FourHundredGigE1/0/54,65099,234744526,173889,248765742,0.54,0.57
2024/05/24 星期五 00:16:46.161,1716481006161,NH-DC-NM129-D06-ROCE-Leaf-8.GPU.S9825,FourHundredGigE1/0/54,0,0,0,0,0,0
2024/05/24 星期五 00:16:46.723,1716481006723,NH-DC-NM129-D06-ROCE-Leaf-8.GPU.S9825,FourHundredGigE1/0/54,58302,204706960,244713,539709631,0.44,1.18
2024/05/24 星期五 00:16:47.480,1716481007480,NH-DC-NM129-D06-ROCE-Leaf-8.GPU.S9825,FourHundredGigE1/0/54,155535,583204538,262171,963659166,0.96,1.59
2024/05/24 星期五 00:16:48.040,1716481008040,NH-DC-NM129-D06-ROCE-Leaf-8.GPU.S9825,FourHundredGigE1/0/54,0,0,0,0,0,0
2024/05/24 星期五 00:16:48.551,1716481008551,NH-DC-NM129-D06-ROCE-Leaf-8.GPU.S9825,FourHundredGigE1/0/54,147507,581050650,60855,92383830,1.42,0.22
2024/05/24 星期五 00:16:49.114,1716481009114,NH-DC-NM129-D06-ROCE-Leaf-8.GPU.S9825,FourHundredGigE1/0/54,0,0,0,0,0,0
2024/05/24 星期五 00:16:49.620,1716481009620,NH-DC-NM129-D06-ROCE-Leaf-8.GPU.S9825,FourHundredGigE1/0/54,96021,366040310,297352,1132098544,0.89,2.79
2024/05/24 星期五 00:16:50.188,1716481010188,NH-DC-NM129-D06-ROCE-Leaf-8.GPU.S9825,FourHundredGigE1/0/54,239512,942414750,191789,707218754,2.07,1.54
2024/05/24 星期五 00:16:50.853,1716481010853,NH-DC-NM129-D06-ROCE-Leaf-8.GPU.S9825,FourHundredGigE1/0/54,0,0,0,0,0,0
2024/05/24 星期五 00:16:51.495,1716481011495,NH-DC-NM129-D06-ROCE-Leaf-8.GPU.S9825,FourHundredGigE1/0/54,307784,1164210662,44743,156591082,2.26,0.29
2024/05/24 星期五 00:16:51.993,1716481011993,NH-DC-NM129-D06-ROCE-Leaf-8.GPU.S9825,FourHundredGigE1/0/54,0,0,0,0,0,0
2024/05/24 星期五 00:16:52.493,1716481012493,NH-DC-NM129-D06-ROCE-Leaf-8.GPU.S9825,FourHundredGigE1/0/54,326577,1143047186,174298,689979104,2.85,1.7
2024/05/24 星期五 00:16:53.079,1716481013079,NH-DC-NM129-D06-ROCE-Leaf-8.GPU.S9825,FourHundredGigE1/0/54,0,0,0,0,0,0
2024/05/24 星期五 00:16:53.705,1716481013705,NH-DC-NM129-D06-ROCE-Leaf-8.GPU.S9825,FourHundredGigE1/0/54,332318,1286587868,529921,2134058382,2.56,4.25
2024/05/24 星期五 00:16:54.453,1716481014453,NH-DC-NM129-D06-ROCE-Leaf-8.GPU.S9825,FourHundredGigE1/0/54,262032,960347399,366968,1463365548,1.60,2.44
2024/05/24 星期五 00:16:54.983,1716481014983,NH-DC-NM129-D06-ROCE-Leaf-8.GPU.S9825,FourHundredGigE1/0/54,0,0,0,0,0,0
2024/05/24 星期五 00:16:55.482,1716481015482,NH-DC-NM129-D06-ROCE-Leaf-8.GPU.S9825,FourHundredGigE1/0/54,136314,545199902,193971,762556706,1.35,1.90
2024/05/24 星期五 00:16:56.047,1716481016047,NH-DC-NM129-D06-ROCE-Leaf-8.GPU.S9825,FourHundredGigE1/0/54,0,0,0,0,0,0
2024/05/24 星期五 00:16:56.549,1716481016549,NH-DC-NM129-D06-ROCE-Leaf-8.GPU.S9825,FourHundredGigE1/0/54,448230,1777998278,212227,810138791,4.41,2.02
2024/05/24 星期五 00:16:57.247,1716481017247,NH-DC-NM129-D06-ROCE-Leaf-8.GPU.S9825,FourHundredGigE1/0/54,130793,504167638,141962,542701888,0.90,0.97
2024/05/24 星期五 00:16:57.978,1716481017978,NH-DC-NM129-D06-ROCE-Leaf-8.GPU.S9825,FourHundredGigE1/0/54,0,0,0,0,0,0
2024/05/24 星期五 00:16:58.561,1716481018561,NH-DC-NM129-D06-ROCE-Leaf-8.GPU.S9825,FourHundredGigE1/0/54,119053,414588812,169613,577187914,0.88,1.22
2024/05/24 星期五 00:16:59.062,1716481019062,NH-DC-NM129-D06-ROCE-Leaf-8.GPU.S9825,FourHundredGigE1/0/54,0,0,0,0,0,0
2024/05/24 星期五 00:16:59.629,1716481019629,NH-DC-NM129-D06-ROCE-Leaf-8.GPU.S9825,FourHundredGigE1/0/54,152411,532295574,182228,679126048,1.17,1.48
2024/05/24 星期五 00:17:00.258,1716481020258,NH-DC-NM129-D06-ROCE-Leaf-8.GPU.S9825,FourHundredGigE1/0/54,424953,1684956502,393739,1556655290,3.34,3.08
2024/05/24 星期五 00:17:00.822,1716481020822,NH-DC-NM129-D06-ROCE-Leaf-8.GPU.S9825,FourHundredGigE1/0/54,0,0,0,0,0,0
2024/05/24 星期五 00:17:01.543,1716481021543,NH-DC-NM129-D06-ROCE-Leaf-8.GPU.S9825,FourHundredGigE1/0/54,133573,481695186,85967,301647718,0.83,0.52
2024/05/24 星期五 00:17:02.066,1716481022066,NH-DC-NM129-D06-ROCE-Leaf-8.GPU.S9825,FourHundredGigE1/0/54,0,0,0,0,0,0
2024/05/24 星期五 00:17:02.566,1716481022566,NH-DC-NM129-D06-ROCE-Leaf-8.GPU.S9825,FourHundredGigE1/0/54,103092,367045464,682339,2651752266,0.9,6.62
2024/05/24 星期五 00:17:03.151,1716481023151,NH-DC-NM129-D06-ROCE-Leaf-8.GPU.S9825,FourHundredGigE1/0/54,189275,724476842,549378,2149569184,1.54,4.57
2024/05/24 星期五 00:17:03.803,1716481023803,NH-DC-NM129-D06-ROCE-Leaf-8.GPU.S9825,FourHundredGigE1/0/54,0,0,0,0,0,0
2024/05/24 星期五 00:17:04.576,1716481024576,NH-DC-NM129-D06-ROCE-Leaf-8.GPU.S9825,FourHundredGigE1/0/54,1949999,7955475124,112786,419082024,12.86,0.66
2024/05/24 星期五 00:17:05.177,1716481025177,NH-DC-NM129-D06-ROCE-Leaf-8.GPU.S9825,FourHundredGigE1/0/54,0,0,0,0,0,0
2024/05/24 星期五 00:17:05.686,1716481025686,NH-DC-NM129-D06-ROCE-Leaf-8.GPU.S9825,FourHundredGigE1/0/54,2394184,9802531014,211761,814550242,24.07,1.99
2024/05/24 星期五 00:17:06.189,1716481026189,NH-DC-NM129-D06-ROCE-Leaf-8.GPU.S9825,FourHundredGigE1/0/54,0,0,0,0,0,0
2024/05/24 星期五 00:17:06.690,1716481026690,NH-DC-NM129-D06-ROCE-Leaf-8.GPU.S9825,FourHundredGigE1/0/54,915371,3724458250,179826,660592516,9.28,1.65
2024/05/24 星期五 00:17:07.321,1716481027321,NH-DC-NM129-D06-ROCE-Leaf-8.GPU.S9825,FourHundredGigE1/0/54,136506,492675944,118988,416490552,0.97,0.81
2024/05/24 星期五 00:17:08.059,1716481028059,NH-DC-NM129-D06-ROCE-Leaf-8.GPU.S9825,FourHundredGigE1/0/54,0,0,0,0,0,0
2024/05/24 星期五 00:17:08.607,1716481028607,NH-DC-NM129-D06-ROCE-Leaf-8.GPU.S9825,FourHundredGigE1/0/54,176393,677439418,89932,218759924,1.53,0.48
2024/05/24 星期五 00:17:09.109,1716481029109,NH-DC-NM129-D06-ROCE-Leaf-8.GPU.S9825,FourHundredGigE1/0/54,0,0,0,0,0,0
2024/05/24 星期五 00:17:09.610,1716481029610,NH-DC-NM129-D06-ROCE-Leaf-8.GPU.S9825,FourHundredGigE1/0/54,359972,1421206520,167774,621244170,3.54,1.55
2024/05/24 星期五 00:17:10.183,1716481030183,NH-DC-NM129-D06-ROCE-Leaf-8.GPU.S9825,FourHundredGigE1/0/54,0,0,0,0,0,0
2024/05/24 星期五 00:17:10.692,1716481030692,NH-DC-NM129-D06-ROCE-Leaf-8.GPU.S9825,FourHundredGigE1/0/54,263122,1046256092,120016,415428174,2.55,1.01
2024/05/24 星期五 00:17:11.526,1716481031526,NH-DC-NM129-D06-ROCE-Leaf-8.GPU.S9825,FourHundredGigE1/0/54,277138,1051699238,236983,925790846,1.57,1.38
2024/05/24 星期五 00:17:12.029,1716481032029,NH-DC-NM129-D06-ROCE-Leaf-8.GPU.S9825,FourHundredGigE1/0/54,0,0,0,0,0,0
2024/05/24 星期五 00:17:12.530,1716481032530,NH-DC-NM129-D06-ROCE-Leaf-8.GPU.S9825,FourHundredGigE1/0/54,224999,866921200,148466,519839420,2.15,1.27
2024/05/24 星期五 00:17:13.129,1716481033129,NH-DC-NM129-D06-ROCE-Leaf-8.GPU.S9825,FourHundredGigE1/0/54,0,0,0,0,0,0
2024/05/24 星期五 00:17:13.671,1716481033671,NH-DC-NM129-D06-ROCE-Leaf-8.GPU.S9825,FourHundredGigE1/0/54,311140,1235273484,353222,1386335540,2.84,3.18
2024/05/24 星期五 00:17:14.349,1716481034349,NH-DC-NM129-D06-ROCE-Leaf-8.GPU.S9825,FourHundredGigE1/0/54,169486,627575152,106942,390762632,1.14,0.72
2024/05/24 星期五 00:17:14.979,1716481034979,NH-DC-NM129-D06-ROCE-Leaf-8.GPU.S9825,FourHundredGigE1/0/54,0,0,0,0,0,0
2024/05/24 星期五 00:17:15.525,1716481035525,NH-DC-NM129-D06-ROCE-Leaf-8.GPU.S9825,FourHundredGigE1/0/54,131482,469963768,458488,1820128972,1.05,4.17
2024/05/24 星期五 00:17:16.026,1716481036026,NH-DC-NM129-D06-ROCE-Leaf-8.GPU.S9825,FourHundredGigE1/0/54,0,0,0,0,0,0
2024/05/24 星期五 00:17:16.525,1716481036525,NH-DC-NM129-D06-ROCE-Leaf-8.GPU.S9825,FourHundredGigE1/0/54,99309,282608198,144393,523132778,0.70,1.30
2024/05/24 星期五 00:17:17.058,1716481037058,NH-DC-NM129-D06-ROCE-Leaf-8.GPU.S9825,FourHundredGigE1/0/54,0,0,0,0,0,0
2024/05/24 星期五 00:17:17.703,1716481037703,NH-DC-NM129-D06-ROCE-Leaf-8.GPU.S9825,FourHundredGigE1/0/54,321162,1246531728,81543,251971650,2.40,0.48
2024/05/24 星期五 00:17:18.438,1716481038438,NH-DC-NM129-D06-ROCE-Leaf-8.GPU.S9825,FourHundredGigE1/0/54,241764,968464676,323763,1188918698,1.63,2.01
2024/05/24 星期五 00:17:19.469,1716481039469,NH-DC-NM129-D06-ROCE-Leaf-8.GPU.S9825,FourHundredGigE1/0/54,226468,857260290,167936,579968378,1.03,0.69
2024/05/24 星期五 00:17:20.053,1716481040053,NH-DC-NM129-D06-ROCE-Leaf-8.GPU.S9825,FourHundredGigE1/0/54,0,0,0,0,0,0
2024/05/24 星期五 00:17:20.637,1716481040637,NH-DC-NM129-D06-ROCE-Leaf-8.GPU.S9825,FourHundredGigE1/0/54,89078,332737364,315298,1257225652,0.71,2.68
2024/05/24 星期五 00:17:21.462,1716481041462,NH-DC-NM129-D06-ROCE-Leaf-8.GPU.S9825,FourHundredGigE1/0/54,38944,155445644,46104,142250137,0.23,0.21
2024/05/24 星期五 00:17:22.046,1716481042046,NH-DC-NM129-D06-ROCE-Leaf-8.GPU.S9825,FourHundredGigE1/0/54,0,0,0,0,0,0
2024/05/24 星期五 00:17:22.549,1716481042549,NH-DC-NM129-D06-ROCE-Leaf-8.GPU.S9825,FourHundredGigE1/0/54,198974,814918616,68188,254283068,2.01,0.62
2024/05/24 星期五 00:17:23.110,1716481043110,NH-DC-NM129-D06-ROCE-Leaf-8.GPU.S9825,FourHundredGigE1/0/54,0,0,0,0,0,0
2024/05/24 星期五 00:17:23.669,1716481043669,NH-DC-NM129-D06-ROCE-Leaf-8.GPU.S9825,FourHundredGigE1/0/54,175275,611345078,187716,665074972,1.36,1.48
2024/05/24 星期五 00:17:24.309,1716481044309,NH-DC-NM129-D06-ROCE-Leaf-8.GPU.S9825,FourHundredGigE1/0/54,193652,792101757,158046,629035632,1.54,1.21
2024/05/24 星期五 00:17:24.977,1716481044977,NH-DC-NM129-D06-ROCE-Leaf-8.GPU.S9825,FourHundredGigE1/0/54,0,0,0,0,0,0
2024/05/24 星期五 00:17:25.626,1716481045626,NH-DC-NM129-D06-ROCE-Leaf-8.GPU.S9825,FourHundredGigE1/0/54,64352,230928060,52917,167979794,0.44,0.31
2024/05/24 星期五 00:17:26.125,1716481046125,NH-DC-NM129-D06-ROCE-Leaf-8.GPU.S9825,FourHundredGigE1/0/54,0,0,0,0,0,0
2024/05/24 星期五 00:17:26.626,1716481046626,NH-DC-NM129-D06-ROCE-Leaf-8.GPU.S9825,FourHundredGigE1/0/54,109669,427345180,117468,439064996,1.05,1.07
2024/05/24 星期五 00:17:27.179,1716481047179,NH-DC-NM129-D06-ROCE-Leaf-8.GPU.S9825,FourHundredGigE1/0/54,78225,298447340,107984,427221568,0.66,0.95
2024/05/24 星期五 00:17:27.871,1716481047871,NH-DC-NM129-D06-ROCE-Leaf-8.GPU.S9825,FourHundredGigE1/0/54,0,0,0,0,0,0
2024/05/24 星期五 00:17:28.762,1716481048762,NH-DC-NM129-D06-ROCE-Leaf-8.GPU.S9825,FourHundredGigE1/0/54,306287,950240566,117382,462223220,1.33,0.65
2024/05/24 星期五 00:17:29.265,1716481049265,NH-DC-NM129-D06-ROCE-Leaf-8.GPU.S9825,FourHundredGigE1/0/54,0,0,0,0,0,0
2024/05/24 星期五 00:17:29.770,1716481049770,NH-DC-NM129-D06-ROCE-Leaf-8.GPU.S9825,FourHundredGigE1/0/54,226579,759240190,244961,979790765,1.86,2.40
2024/05/24 星期五 00:17:30.273,1716481050273,NH-DC-NM129-D06-ROCE-Leaf-8.GPU.S9825,FourHundredGigE1/0/54,82020,0,517692,0,0,0
2024/05/24 星期五 00:17:30.776,1716481050776,NH-DC-NM129-D06-ROCE-Leaf-8.GPU.S9825,FourHundredGigE1/0/54,73859,555793718,298017,2793516742,1.37,6.93
2024/05/24 星期五 00:17:31.812,1716481051812,NH-DC-NM129-D06-ROCE-Leaf-8.GPU.S9825,FourHundredGigE1/0/54,0,0,0,0,0,0
2024/05/24 星期五 00:17:32.417,1716481052417,NH-DC-NM129-D06-ROCE-Leaf-8.GPU.S9825,FourHundredGigE1/0/54,284712,1131350160,108431,328108850,2.33,0.66
2024/05/24 星期五 00:17:32.918,1716481052918,NH-DC-NM129-D06-ROCE-Leaf-8.GPU.S9825,FourHundredGigE1/0/54,0,0,0,0,0,0
2024/05/24 星期五 00:17:33.438,1716481053438,NH-DC-NM129-D06-ROCE-Leaf-8.GPU.S9825,FourHundredGigE1/0/54,127697,447685476,179062,637127936,1.06,1.51
2024/05/24 星期五 00:17:33.969,1716481053969,NH-DC-NM129-D06-ROCE-Leaf-8.GPU.S9825,FourHundredGigE1/0/54,0,0,0,0,0,0
2024/05/24 星期五 00:17:34.470,1716481054470,NH-DC-NM129-D06-ROCE-Leaf-8.GPU.S9825,FourHundredGigE1/0/54,466690,1894321432,327206,1213903676,4.72,3.02
2024/05/24 星期五 00:17:35.359,1716481055359,NH-DC-NM129-D06-ROCE-Leaf-8.GPU.S9825,FourHundredGigE1/0/54,222061,864555024,121766,423736053,1.21,0.59
2024/05/24 星期五 00:17:35.898,1716481055898,NH-DC-NM129-D06-ROCE-Leaf-8.GPU.S9825,FourHundredGigE1/0/54,0,0,0,0,0,0
2024/05/24 星期五 00:17:36.399,1716481056399,NH-DC-NM129-D06-ROCE-Leaf-8.GPU.S9825,FourHundredGigE1/0/54,120724,456559556,184245,714442446,1.12,1.77
2024/05/24 星期五 00:17:36.964,1716481056964,NH-DC-NM129-D06-ROCE-Leaf-8.GPU.S9825,FourHundredGigE1/0/54,98381,372295930,83601,311158586,0.82,0.69
2024/05/24 星期五 00:17:37.921,1716481057921,NH-DC-NM129-D06-ROCE-Leaf-8.GPU.S9825,FourHundredGigE1/0/54,168396,650064668,235211,949319194,0.85,1.23
2024/05/24 星期五 00:17:39.640,1716481059640,NH-DC-NM129-D06-ROCE-Leaf-8.GPU.S9825,FourHundredGigE1/0/54,51831,174641086,92407,338910530,0.12,0.24
2024/05/24 星期五 00:17:40.283,1716481060283,NH-DC-NM129-D06-ROCE-Leaf-8.GPU.S9825,FourHundredGigE1/0/54,182187,728708518,154568,551235332,1.40,1.07
2024/05/24 星期五 00:17:40.879,1716481060879,NH-DC-NM129-D06-ROCE-Leaf-8.GPU.S9825,FourHundredGigE1/0/54,0,0,0,0,0,0
2024/05/24 星期五 00:17:41.502,1716481061502,NH-DC-NM129-D06-ROCE-Leaf-8.GPU.S9825,FourHundredGigE1/0/54,199295,771956474,202361,751255294,1.54,1.50
2024/05/24 星期五 00:17:42.023,1716481062023,NH-DC-NM129-D06-ROCE-Leaf-8.GPU.S9825,FourHundredGigE1/0/54,0,0,0,0,0,0
2024/05/24 星期五 00:17:42.722,1716481062722,NH-DC-NM129-D06-ROCE-Leaf-8.GPU.S9825,FourHundredGigE1/0/54,127445,485838446,191108,689241944,0.86,1.22
2024/05/24 星期五 00:17:43.276,1716481063276,NH-DC-NM129-D06-ROCE-Leaf-8.GPU.S9825,FourHundredGigE1/0/54,371151,1452103506,622355,2484852448,3.27,5.60
2024/05/24 星期五 00:17:43.846,1716481063846,NH-DC-NM129-D06-ROCE-Leaf-8.GPU.S9825,FourHundredGigE1/0/54,0,0,0,0,0,0
2024/05/24 星期五 00:17:44.497,1716481064497,NH-DC-NM129-D06-ROCE-Leaf-8.GPU.S9825,FourHundredGigE1/0/54,191063,732372046,501560,2028994810,1.40,3.88
2024/05/24 星期五 00:17:45.011,1716481065011,NH-DC-NM129-D06-ROCE-Leaf-8.GPU.S9825,FourHundredGigE1/0/54,0,0,0,0,0,0
2024/05/24 星期五 00:17:45.644,1716481065644,NH-DC-NM129-D06-ROCE-Leaf-8.GPU.S9825,FourHundredGigE1/0/54,277330,1052386144,230039,851739770,2.07,1.68
2024/05/24 星期五 00:17:46.411,1716481066411,NH-DC-NM129-D06-ROCE-Leaf-8.GPU.S9825,FourHundredGigE1/0/54,169046,663131516,172954,666737396,1.08,1.08
2024/05/24 星期五 00:17:46.911,1716481066911,NH-DC-NM129-D06-ROCE-Leaf-8.GPU.S9825,FourHundredGigE1/0/54,0,0,0,0,0,0
2024/05/24 星期五 00:17:47.413,1716481067413,NH-DC-NM129-D06-ROCE-Leaf-8.GPU.S9825,FourHundredGigE1/0/54,243726,967272988,377401,1532185370,2.39,3.81
2024/05/24 星期五 00:17:48.010,1716481068010,NH-DC-NM129-D06-ROCE-Leaf-8.GPU.S9825,FourHundredGigE1/0/54,0,0,0,0,0,0
2024/05/24 星期五 00:17:48.514,1716481068514,NH-DC-NM129-D06-ROCE-Leaf-8.GPU.S9825,FourHundredGigE1/0/54,156215,603836678,98298,342822224,1.49,0.84
2024/05/24 星期五 00:17:49.100,1716481069100,NH-DC-NM129-D06-ROCE-Leaf-8.GPU.S9825,FourHundredGigE1/0/54,185213,749358814,72640,262645316,1.58,0.55
2024/05/24 星期五 00:17:49.871,1716481069871,NH-DC-NM129-D06-ROCE-Leaf-8.GPU.S9825,FourHundredGigE1/0/54,0,0,0,0,0,0
2024/05/24 星期五 00:17:50.374,1716481070374,NH-DC-NM129-D06-ROCE-Leaf-8.GPU.S9825,FourHundredGigE1/0/54,396158,1488553532,108360,390769660,3.68,0.97
2024/05/24 星期五 00:17:50.917,1716481070917,NH-DC-NM129-D06-ROCE-Leaf-8.GPU.S9825,FourHundredGigE1/0/54,0,0,0,0,0,0
2024/05/24 星期五 00:17:51.627,1716481071627,NH-DC-NM129-D06-ROCE-Leaf-8.GPU.S9825,FourHundredGigE1/0/54,79977,232771028,145099,568028670,0.40,0.99
2024/05/24 星期五 00:17:52.129,1716481072129,NH-DC-NM129-D06-ROCE-Leaf-8.GPU.S9825,FourHundredGigE1/0/54,0,0,0,0,0,0
2024/05/24 星期五 00:17:52.629,1716481072629,NH-DC-NM129-D06-ROCE-Leaf-8.GPU.S9825,FourHundredGigE1/0/54,164159,590505480,67378,223750556,1.48,0.55
2024/05/24 星期五 00:17:53.345,1716481073345,NH-DC-NM129-D06-ROCE-Leaf-8.GPU.S9825,FourHundredGigE1/0/54,124272,443804000,165775,636276662,0.77,1.10
2024/05/24 星期五 00:17:53.846,1716481073846,NH-DC-NM129-D06-ROCE-Leaf-8.GPU.S9825,FourHundredGigE1/0/54,0,0,0,0,0,0
2024/05/24 星期五 00:17:54.369,1716481074369,NH-DC-NM129-D06-ROCE-Leaf-8.GPU.S9825,FourHundredGigE1/0/54,101265,374151827,317910,1257936528,0.88,2.99
2024/05/24 星期五 00:17:54.993,1716481074993,NH-DC-NM129-D06-ROCE-Leaf-8.GPU.S9825,FourHundredGigE1/0/54,0,0,0,0,0,0
2024/05/24 星期五 00:17:55.558,1716481075558,NH-DC-NM129-D06-ROCE-Leaf-8.GPU.S9825,FourHundredGigE1/0/54,127098,486404104,151135,533512146,1.06,1.17
2024/05/24 星期五 00:17:56.257,1716481076257,NH-DC-NM129-D06-ROCE-Leaf-8.GPU.S9825,FourHundredGigE1/0/54,108981,412797790,167927,580022150,0.73,1.04
2024/05/24 星期五 00:17:56.843,1716481076843,NH-DC-NM129-D06-ROCE-Leaf-8.GPU.S9825,FourHundredGigE1/0/54,0,0,0,0,0,0
2024/05/24 星期五 00:17:57.345,1716481077345,NH-DC-NM129-D06-ROCE-Leaf-8.GPU.S9825,FourHundredGigE1/0/54,258419,977178942,125373,436270650,2.42,1.07
2024/05/24 星期五 00:17:57.920,1716481077920,NH-DC-NM129-D06-ROCE-Leaf-8.GPU.S9825,FourHundredGigE1/0/54,0,0,0,0,0,0
2024/05/24 星期五 00:17:58.723,1716481078723,NH-DC-NM129-D06-ROCE-Leaf-8.GPU.S9825,FourHundredGigE1/0/54,376850,1482656520,240286,956269356,2.30,1.48
2024/05/24 星期五 00:17:59.247,1716481079247,NH-DC-NM129-D06-ROCE-Leaf-8.GPU.S9825,FourHundredGigE1/0/54,254791,1022636578,191106,758003962,2.43,1.79
2024/05/24 星期五 00:18:00.099,1716481080099,NH-DC-NM129-D06-ROCE-Leaf-8.GPU.S9825,FourHundredGigE1/0/54,0,0,0,0,0,0
2024/05/24 星期五 00:18:00.606,1716481080606,NH-DC-NM129-D06-ROCE-Leaf-8.GPU.S9825,FourHundredGigE1/0/54,300260,1194587292,95307,354649908,2.93,0.86
2024/05/24 星期五 00:18:01.141,1716481081141,NH-DC-NM129-D06-ROCE-Leaf-8.GPU.S9825,FourHundredGigE1/0/54,309763,1281917470,298623,1120510978,2.99,2.62
2024/05/24 星期五 00:18:01.783,1716481081783,NH-DC-NM129-D06-ROCE-Leaf-8.GPU.S9825,FourHundredGigE1/0/54,0,0,0,0,0,0
2024/05/24 星期五 00:18:02.331,1716481082331,NH-DC-NM129-D06-ROCE-Leaf-8.GPU.S9825,FourHundredGigE1/0/54,67821,268576178,179379,459729006,0.59,1.03
2024/05/24 星期五 00:18:02.831,1716481082831,NH-DC-NM129-D06-ROCE-Leaf-8.GPU.S9825,FourHundredGigE1/0/54,0,0,0,0,0,0
2024/05/24 星期五 00:18:03.671,1716481083671,NH-DC-NM129-D06-ROCE-Leaf-8.GPU.S9825,FourHundredGigE1/0/54,201165,795642074,126286,351715017,1.18,0.52
2024/05/24 星期五 00:18:04.174,1716481084174,NH-DC-NM129-D06-ROCE-Leaf-8.GPU.S9825,FourHundredGigE1/0/54,0,0,0,0,0,0
2024/05/24 星期五 00:18:04.693,1716481084693,NH-DC-NM129-D06-ROCE-Leaf-8.GPU.S9825,FourHundredGigE1/0/54,589209,2371149654,510695,2048703306,5.71,4.91
2024/05/24 星期五 00:18:06.822,1716481086822,NH-DC-NM129-D06-ROCE-Leaf-8.GPU.S9825,FourHundredGigE1/0/54,578571,2255588394,791000,3154994116,1.32,1.85
2024/05/24 星期五 00:18:07.430,1716481087430,NH-DC-NM129-D06-ROCE-Leaf-8.GPU.S9825,FourHundredGigE1/0/54,92196,328935932,216289,846966874,0.66,1.73
2024/05/24 星期五 00:18:07.932,1716481087932,NH-DC-NM129-D06-ROCE-Leaf-8.GPU.S9825,FourHundredGigE1/0/54,0,0,0,0,0,0
2024/05/24 星期五 00:18:08.433,1716481088433,NH-DC-NM129-D06-ROCE-Leaf-8.GPU.S9825,FourHundredGigE1/0/54,325426,1307771856,105502,397786984,3.24,0.97
2024/05/24 星期五 00:18:09.071,1716481089071,NH-DC-NM129-D06-ROCE-Leaf-8.GPU.S9825,FourHundredGigE1/0/54,0,0,0,0,0,0
2024/05/24 星期五 00:18:10.326,1716481090326,NH-DC-NM129-D06-ROCE-Leaf-8.GPU.S9825,FourHundredGigE1/0/54,551480,2154791492,338782,1307006776,2.14,1.29
2024/05/24 星期五 00:18:10.826,1716481090826,NH-DC-NM129-D06-ROCE-Leaf-8.GPU.S9825,FourHundredGigE1/0/54,0,0,0,0,0,0
2024/05/24 星期五 00:18:11.329,1716481091329,NH-DC-NM129-D06-ROCE-Leaf-8.GPU.S9825,FourHundredGigE1/0/54,157083,597782282,113653,447638494,1.47,1.09
2024/05/24 星期五 00:18:11.856,1716481091856,NH-DC-NM129-D06-ROCE-Leaf-8.GPU.S9825,FourHundredGigE1/0/54,0,0,0,0,0,0
2024/05/24 星期五 00:18:12.374,1716481092374,NH-DC-NM129-D06-ROCE-Leaf-8.GPU.S9825,FourHundredGigE1/0/54,37291,172082446,34370,118658332,0.41,0.27
2024/05/24 星期五 00:18:13.011,1716481093011,NH-DC-NM129-D06-ROCE-Leaf-8.GPU.S9825,FourHundredGigE1/0/54,491193,2021188031,121975,448078926,3.96,0.86
2024/05/24 星期五 00:18:13.831,1716481093831,NH-DC-NM129-D06-ROCE-Leaf-8.GPU.S9825,FourHundredGigE1/0/54,0,0,0,0,0,0
2024/05/24 星期五 00:18:14.333,1716481094333,NH-DC-NM129-D06-ROCE-Leaf-8.GPU.S9825,FourHundredGigE1/0/54,0,0,0,0,0,0
2024/05/24 星期五 00:18:14.834,1716481094834,NH-DC-NM129-D06-ROCE-Leaf-8.GPU.S9825,FourHundredGigE1/0/54,277751,1131451900,217172,835887720,2.82,2.07
2024/05/24 星期五 00:18:15.531,1716481095531,NH-DC-NM129-D06-ROCE-Leaf-8.GPU.S9825,FourHundredGigE1/0/54,121747,432773500,128851,485867318,0.77,0.86
2024/05/24 星期五 00:18:16.127,1716481096127,NH-DC-NM129-D06-ROCE-Leaf-8.GPU.S9825,FourHundredGigE1/0/54,0,0,0,0,0,0
2024/05/24 星期五 00:18:16.629,1716481096629,NH-DC-NM129-D06-ROCE-Leaf-8.GPU.S9825,FourHundredGigE1/0/54,182969,669428130,114956,411059496,1.64,1.02
2024/05/24 星期五 00:18:17.349,1716481097349,NH-DC-NM129-D06-ROCE-Leaf-8.GPU.S9825,FourHundredGigE1/0/54,395723,1629798238,216815,849866418,2.81,1.46
2024/05/24 星期五 00:18:17.850,1716481097850,NH-DC-NM129-D06-ROCE-Leaf-8.GPU.S9825,FourHundredGigE1/0/54,0,0,0,0,0,0
2024/05/24 星期五 00:18:18.350,1716481098350,NH-DC-NM129-D06-ROCE-Leaf-8.GPU.S9825,FourHundredGigE1/0/54,158413,649511264,246015,941484626,1.6,2.35
2024/05/24 星期五 00:18:19.758,1716481099758,NH-DC-NM129-D06-ROCE-Leaf-8.GPU.S9825,FourHundredGigE1/0/54,151929,567907300,223307,898204258,0.50,0.79
2024/05/24 星期五 00:18:20.491,1716481100491,NH-DC-NM129-D06-ROCE-Leaf-8.GPU.S9825,FourHundredGigE1/0/54,160987,644970280,122728,475729996,1.09,0.80
2024/05/24 星期五 00:18:21.058,1716481101058,NH-DC-NM129-D06-ROCE-Leaf-8.GPU.S9825,FourHundredGigE1/0/54,0,0,0,0,0,0
2024/05/24 星期五 00:18:21.879,1716481101879,NH-DC-NM129-D06-ROCE-Leaf-8.GPU.S9825,FourHundredGigE1/0/54,2417827,9888398058,131335,500787134,15.04,0.76
2024/05/24 星期五 00:18:22.418,1716481102418,NH-DC-NM129-D06-ROCE-Leaf-8.GPU.S9825,FourHundredGigE1/0/54,2215798,9052434452,112192,387318540,20.99,0.88
2024/05/24 星期五 00:18:23.073,1716481103073,NH-DC-NM129-D06-ROCE-Leaf-8.GPU.S9825,FourHundredGigE1/0/54,317653,958735426,514026,1960106412,1.81,3.74
2024/05/24 星期五 00:18:23.829,1716481103829,NH-DC-NM129-D06-ROCE-Leaf-8.GPU.S9825,FourHundredGigE1/0/54,0,0,0,0,0,0
2024/05/24 星期五 00:18:24.418,1716481104418,NH-DC-NM129-D06-ROCE-Leaf-8.GPU.S9825,FourHundredGigE1/0/54,613753,2299192363,86050,197106712,4.86,0.40
2024/05/24 星期五 00:18:24.919,1716481104919,NH-DC-NM129-D06-ROCE-Leaf-8.GPU.S9825,FourHundredGigE1/0/54,0,0,0,0,0,0
2024/05/24 星期五 00:18:25.616,1716481105616,NH-DC-NM129-D06-ROCE-Leaf-8.GPU.S9825,FourHundredGigE1/0/54,114452,325494852,169924,626306952,0.57,1.11
2024/05/24 星期五 00:18:26.301,1716481106301,NH-DC-NM129-D06-ROCE-Leaf-8.GPU.S9825,FourHundredGigE1/0/54,382310,1405296934,166044,625224504,2.55,1.13
2024/05/24 星期五 00:18:26.933,1716481106933,NH-DC-NM129-D06-ROCE-Leaf-8.GPU.S9825,FourHundredGigE1/0/54,0,0,0,0,0,0
2024/05/24 星期五 00:18:27.619,1716481107619,NH-DC-NM129-D06-ROCE-Leaf-8.GPU.S9825,FourHundredGigE1/0/54,350142,1120539686,144907,529642394,2.04,0.95
2024/05/24 星期五 00:18:28.163,1716481108163,NH-DC-NM129-D06-ROCE-Leaf-8.GPU.S9825,FourHundredGigE1/0/54,0,0,0,0,0,0
2024/05/24 星期五 00:18:28.665,1716481108665,NH-DC-NM129-D06-ROCE-Leaf-8.GPU.S9825,FourHundredGigE1/0/54,506391,1741931174,322410,1300721284,4.33,3.24
2024/05/24 星期五 00:18:29.256,1716481109256,NH-DC-NM129-D06-ROCE-Leaf-8.GPU.S9825,FourHundredGigE1/0/54,296276,1136708136,589441,2325828062,2.39,4.91
2024/05/24 星期五 00:18:29.830,1716481109830,NH-DC-NM129-D06-ROCE-Leaf-8.GPU.S9825,FourHundredGigE1/0/54,0,0,0,0,0,0
2024/05/24 星期五 00:18:30.501,1716481110501,NH-DC-NM129-D06-ROCE-Leaf-8.GPU.S9825,FourHundredGigE1/0/54,248957,932491194,380924,1500494364,1.73,2.79
2024/05/24 星期五 00:18:31.909,1716481111909,NH-DC-NM129-D06-ROCE-Leaf-8.GPU.S9825,FourHundredGigE1/0/54,438057,1766509398,165628,612847490,1.56,0.54
2024/05/24 星期五 00:18:32.410,1716481112410,NH-DC-NM129-D06-ROCE-Leaf-8.GPU.S9825,FourHundredGigE1/0/54,271365,1005624450,96949,288836038,2.50,0.70
2024/05/24 星期五 00:18:32.979,1716481112979,NH-DC-NM129-D06-ROCE-Leaf-8.GPU.S9825,FourHundredGigE1/0/54,0,0,0,0,0,0
2024/05/24 星期五 00:18:33.670,1716481113670,NH-DC-NM129-D06-ROCE-Leaf-8.GPU.S9825,FourHundredGigE1/0/54,271601,1080896014,183782,713607596,1.95,1.28
2024/05/24 星期五 00:18:34.410,1716481114410,NH-DC-NM129-D06-ROCE-Leaf-8.GPU.S9825,FourHundredGigE1/0/54,215179,829401254,167005,637627978,1.39,1.06
2024/05/24 星期五 00:18:34.918,1716481114918,NH-DC-NM129-D06-ROCE-Leaf-8.GPU.S9825,FourHundredGigE1/0/54,0,0,0,0,0,0
2024/05/24 星期五 00:18:35.965,1716481115965,NH-DC-NM129-D06-ROCE-Leaf-8.GPU.S9825,FourHundredGigE1/0/54,82837,296553730,227350,752079088,0.35,0.90
2024/05/24 星期五 00:18:36.481,1716481116481,NH-DC-NM129-D06-ROCE-Leaf-8.GPU.S9825,FourHundredGigE1/0/54,276124,1053390494,377613,1510452658,2.54,3.66
2024/05/24 星期五 00:18:37.218,1716481117218,NH-DC-NM129-D06-ROCE-Leaf-8.GPU.S9825,FourHundredGigE1/0/54,208480,798414914,123558,401829960,1.34,0.68
2024/05/24 星期五 00:18:38.931,1716481118931,NH-DC-NM129-D06-ROCE-Leaf-8.GPU.S9825,FourHundredGigE1/0/54,145999,530105166,90962,342480584,0.39,0.25
2024/05/24 星期五 00:18:39.752,1716481119752,NH-DC-NM129-D06-ROCE-Leaf-8.GPU.S9825,FourHundredGigE1/0/54,836778,3364147540,221743,892638676,5.12,1.36
2024/05/24 星期五 00:18:40.995,1716481120995,NH-DC-NM129-D06-ROCE-Leaf-8.GPU.S9825,FourHundredGigE1/0/54,109948,423122600,144257,460373154,0.42,0.46
2024/05/24 星期五 00:18:41.622,1716481121622,NH-DC-NM129-D06-ROCE-Leaf-8.GPU.S9825,FourHundredGigE1/0/54,121758,452999012,124622,319162312,0.90,0.62
2024/05/24 星期五 00:18:42.123,1716481122123,NH-DC-NM129-D06-ROCE-Leaf-8.GPU.S9825,FourHundredGigE1/0/54,0,0,0,0,0,0
2024/05/24 星期五 00:18:42.639,1716481122639,NH-DC-NM129-D06-ROCE-Leaf-8.GPU.S9825,FourHundredGigE1/0/54,46745,163113350,263573,1062861569,0.39,2.57
2024/05/24 星期五 00:18:43.220,1716481123220,NH-DC-NM129-D06-ROCE-Leaf-8.GPU.S9825,FourHundredGigE1/0/54,188706,727549096,142536,542194766,1.55,1.16
2024/05/24 星期五 00:18:43.814,1716481123814,NH-DC-NM129-D06-ROCE-Leaf-8.GPU.S9825,FourHundredGigE1/0/54,0,0,0,0,0,0
2024/05/24 星期五 00:18:44.584,1716481124584,NH-DC-NM129-D06-ROCE-Leaf-8.GPU.S9825,FourHundredGigE1/0/54,230354,888835162,161291,633203814,1.43,1.02
2024/05/24 星期五 00:18:45.148,1716481125148,NH-DC-NM129-D06-ROCE-Leaf-8.GPU.S9825,FourHundredGigE1/0/54,0,0,0,0,0,0
2024/05/24 星期五 00:18:45.660,1716481125660,NH-DC-NM129-D06-ROCE-Leaf-8.GPU.S9825,FourHundredGigE1/0/54,111145,440642196,76856,298450516,1.07,0.71
2024/05/24 星期五 00:18:46.161,1716481126161,NH-DC-NM129-D06-ROCE-Leaf-8.GPU.S9825,FourHundredGigE1/0/54,0,0,0,0,0,0
2024/05/24 星期五 00:18:46.662,1716481126662,NH-DC-NM129-D06-ROCE-Leaf-8.GPU.S9825,FourHundredGigE1/0/54,213235,861544454,144178,559709932,2.15,1.37
2024/05/24 星期五 00:18:47.355,1716481127355,NH-DC-NM129-D06-ROCE-Leaf-8.GPU.S9825,FourHundredGigE1/0/54,155351,554353702,150731,538614786,0.99,0.96
2024/05/24 星期五 00:18:48.090,1716481128090,NH-DC-NM129-D06-ROCE-Leaf-8.GPU.S9825,FourHundredGigE1/0/54,0,0,0,0,0,0
2024/05/24 星期五 00:18:48.603,1716481128603,NH-DC-NM129-D06-ROCE-Leaf-8.GPU.S9825,FourHundredGigE1/0/54,201881,782496116,91021,346314228,1.90,0.83
2024/05/24 星期五 00:18:49.104,1716481129104,NH-DC-NM129-D06-ROCE-Leaf-8.GPU.S9825,FourHundredGigE1/0/54,0,0,0,0,0,0
2024/05/24 星期五 00:18:49.615,1716481129615,NH-DC-NM129-D06-ROCE-Leaf-8.GPU.S9825,FourHundredGigE1/0/54,376586,1472694662,148996,531247894,3.60,1.30
2024/05/24 星期五 00:18:50.160,1716481130160,NH-DC-NM129-D06-ROCE-Leaf-8.GPU.S9825,FourHundredGigE1/0/54,0,0,0,0,0,0
2024/05/24 星期五 00:18:50.661,1716481130661,NH-DC-NM129-D06-ROCE-Leaf-8.GPU.S9825,FourHundredGigE1/0/54,405380,1617756640,253661,905016894,4.02,2.25
2024/05/24 星期五 00:18:51.538,1716481131538,NH-DC-NM129-D06-ROCE-Leaf-8.GPU.S9825,FourHundredGigE1/0/54,201286,788709462,105678,379878020,1.11,0.53
2024/05/24 星期五 00:18:52.053,1716481132053,NH-DC-NM129-D06-ROCE-Leaf-8.GPU.S9825,FourHundredGigE1/0/54,0,0,0,0,0,0
2024/05/24 星期五 00:18:52.554,1716481132554,NH-DC-NM129-D06-ROCE-Leaf-8.GPU.S9825,FourHundredGigE1/0/54,492025,1928702420,164769,591254630,4.79,1.47
2024/05/24 星期五 00:18:53.129,1716481133129,NH-DC-NM129-D06-ROCE-Leaf-8.GPU.S9825,FourHundredGigE1/0/54,0,0,0,0,0,0
2024/05/24 星期五 00:18:53.640,1716481133640,NH-DC-NM129-D06-ROCE-Leaf-8.GPU.S9825,FourHundredGigE1/0/54,392301,1274504260,358994,1409961732,3.11,3.42
2024/05/24 星期五 00:18:55.015,1716481135015,NH-DC-NM129-D06-ROCE-Leaf-8.GPU.S9825,FourHundredGigE1/0/54,230034,700536483,117517,387527646,0.64,0.35
2024/05/24 星期五 00:18:55.518,1716481135518,NH-DC-NM129-D06-ROCE-Leaf-8.GPU.S9825,FourHundredGigE1/0/54,124430,457613100,230377,873158318,1.12,2.16
2024/05/24 星期五 00:18:56.017,1716481136017,NH-DC-NM129-D06-ROCE-Leaf-8.GPU.S9825,FourHundredGigE1/0/54,0,0,0,0,0,0
2024/05/24 星期五 00:18:56.522,1716481136522,NH-DC-NM129-D06-ROCE-Leaf-8.GPU.S9825,FourHundredGigE1/0/54,211008,806524592,206068,748706560,1.98,1.83
2024/05/24 星期五 00:18:57.022,1716481137022,NH-DC-NM129-D06-ROCE-Leaf-8.GPU.S9825,FourHundredGigE1/0/54,0,0,0,0,0,0
2024/05/24 星期五 00:18:57.654,1716481137654,NH-DC-NM129-D06-ROCE-Leaf-8.GPU.S9825,FourHundredGigE1/0/54,157280,622581028,217911,829721290,1.23,1.62
2024/05/24 星期五 00:18:58.453,1716481138453,NH-DC-NM129-D06-ROCE-Leaf-8.GPU.S9825,FourHundredGigE1/0/54,217550,829325836,129970,391775972,1.28,0.61
2024/05/24 星期五 00:18:58.986,1716481138986,NH-DC-NM129-D06-ROCE-Leaf-8.GPU.S9825,FourHundredGigE1/0/54,0,0,0,0,0,0
2024/05/24 星期五 00:18:59.485,1716481139485,NH-DC-NM129-D06-ROCE-Leaf-8.GPU.S9825,FourHundredGigE1/0/54,289217,1157510934,233942,906985776,2.88,2.25
2024/05/24 星期五 00:19:00.048,1716481140048,NH-DC-NM129-D06-ROCE-Leaf-8.GPU.S9825,FourHundredGigE1/0/54,0,0,0,0,0,0
2024/05/24 星期五 00:19:00.556,1716481140556,NH-DC-NM129-D06-ROCE-Leaf-8.GPU.S9825,FourHundredGigE1/0/54,175908,643109276,188006,720270816,1.57,1.77
2024/05/24 星期五 00:19:01.138,1716481141138,NH-DC-NM129-D06-ROCE-Leaf-8.GPU.S9825,FourHundredGigE1/0/54,204105,776423302,141674,520840468,1.65,1.12
2024/05/24 星期五 00:19:02.034,1716481142034,NH-DC-NM129-D06-ROCE-Leaf-8.GPU.S9825,FourHundredGigE1/0/54,0,0,0,0,0,0
2024/05/24 星期五 00:19:02.535,1716481142535,NH-DC-NM129-D06-ROCE-Leaf-8.GPU.S9825,FourHundredGigE1/0/54,182876,667201524,154174,565819916,1.65,1.40
2024/05/24 星期五 00:19:03.035,1716481143035,NH-DC-NM129-D06-ROCE-Leaf-8.GPU.S9825,FourHundredGigE1/0/54,0,0,0,0,0,0
2024/05/24 星期五 00:19:04.065,1716481144065,NH-DC-NM129-D06-ROCE-Leaf-8.GPU.S9825,FourHundredGigE1/0/54,399496,1573604404,109873,406799800,1.91,0.49
2024/05/24 星期五 00:19:04.566,1716481144566,NH-DC-NM129-D06-ROCE-Leaf-8.GPU.S9825,FourHundredGigE1/0/54,292804,1150687624,322176,1216244628,2.87,3.02
2024/05/24 星期五 00:19:05.417,1716481145417,NH-DC-NM129-D06-ROCE-Leaf-8.GPU.S9825,FourHundredGigE1/0/54,110769,401613732,176785,693593622,0.59,1.01
2024/05/24 星期五 00:19:05.937,1716481145937,NH-DC-NM129-D06-ROCE-Leaf-8.GPU.S9825,FourHundredGigE1/0/54,0,0,0,0,0,0
2024/05/24 星期五 00:19:06.437,1716481146437,NH-DC-NM129-D06-ROCE-Leaf-8.GPU.S9825,FourHundredGigE1/0/54,119890,478098150,125011,401416253,1.18,1
2024/05/24 星期五 00:19:07.035,1716481147035,NH-DC-NM129-D06-ROCE-Leaf-8.GPU.S9825,FourHundredGigE1/0/54,0,0,0,0,0,0
2024/05/24 星期五 00:19:07.545,1716481147545,NH-DC-NM129-D06-ROCE-Leaf-8.GPU.S9825,FourHundredGigE1/0/54,258138,1014036992,102888,348095806,2.48,0.83
2024/05/24 星期五 00:19:08.147,1716481148147,NH-DC-NM129-D06-ROCE-Leaf-8.GPU.S9825,FourHundredGigE1/0/54,67564,251869890,879478,3464473396,0.52,7.18
2024/05/24 星期五 00:19:08.957,1716481148957,NH-DC-NM129-D06-ROCE-Leaf-8.GPU.S9825,FourHundredGigE1/0/54,0,0,0,0,0,0
2024/05/24 星期五 00:19:09.461,1716481149461,NH-DC-NM129-D06-ROCE-Leaf-8.GPU.S9825,FourHundredGigE1/0/54,94250,356842960,170693,664292838,0.87,1.64
2024/05/24 星期五 00:19:09.961,1716481149961,NH-DC-NM129-D06-ROCE-Leaf-8.GPU.S9825,FourHundredGigE1/0/54,0,0,0,0,0,0
2024/05/24 星期五 00:19:10.462,1716481150462,NH-DC-NM129-D06-ROCE-Leaf-8.GPU.S9825,FourHundredGigE1/0/54,76974,291824216,136011,522873158,0.72,1.30
2024/05/24 星期五 00:19:10.961,1716481150961,NH-DC-NM129-D06-ROCE-Leaf-8.GPU.S9825,FourHundredGigE1/0/54,0,0,0,0,0,0
2024/05/24 星期五 00:19:11.659,1716481151659,NH-DC-NM129-D06-ROCE-Leaf-8.GPU.S9825,FourHundredGigE1/0/54,417614,1672485064,499160,2006374081,2.99,3.58
2024/05/24 星期五 00:19:12.410,1716481152410,NH-DC-NM129-D06-ROCE-Leaf-8.GPU.S9825,FourHundredGigE1/0/54,77021,281703358,176664,702284360,0.47,1.17
2024/05/24 星期五 00:19:12.910,1716481152910,NH-DC-NM129-D06-ROCE-Leaf-8.GPU.S9825,FourHundredGigE1/0/54,0,0,0,0,0,0
2024/05/24 星期五 00:19:13.411,1716481153411,NH-DC-NM129-D06-ROCE-Leaf-8.GPU.S9825,FourHundredGigE1/0/54,278300,1013252800,97492,271888532,2.52,0.67
2024/05/24 星期五 00:19:13.977,1716481153977,NH-DC-NM129-D06-ROCE-Leaf-8.GPU.S9825,FourHundredGigE1/0/54,0,0,0,0,0,0
2024/05/24 星期五 00:19:15.084,1716481155084,NH-DC-NM129-D06-ROCE-Leaf-8.GPU.S9825,FourHundredGigE1/0/54,355178,1390208732,595522,2367275480,1.57,2.66
2024/05/24 星期五 00:19:15.782,1716481155782,NH-DC-NM129-D06-ROCE-Leaf-8.GPU.S9825,FourHundredGigE1/0/54,0,0,0,0,0,0
2024/05/24 星期五 00:19:16.285,1716481156285,NH-DC-NM129-D06-ROCE-Leaf-8.GPU.S9825,FourHundredGigE1/0/54,267987,1038271150,182134,701469988,2.56,1.74
2024/05/24 星期五 00:19:16.812,1716481156812,NH-DC-NM129-D06-ROCE-Leaf-8.GPU.S9825,FourHundredGigE1/0/54,0,0,0,0,0,0
2024/05/24 星期五 00:19:17.356,1716481157356,NH-DC-NM129-D06-ROCE-Leaf-8.GPU.S9825,FourHundredGigE1/0/54,280704,1104892976,81307,252784976,2.53,0.57
2024/05/24 星期五 00:19:17.927,1716481157927,NH-DC-NM129-D06-ROCE-Leaf-8.GPU.S9825,FourHundredGigE1/0/54,169864,635491376,107123,378629364,1.38,0.81
2024/05/24 星期五 00:19:18.893,1716481158893,NH-DC-NM129-D06-ROCE-Leaf-8.GPU.S9825,FourHundredGigE1/0/54,229272,919248064,159989,632067038,1.18,0.82
2024/05/24 星期五 00:19:19.915,1716481159915,NH-DC-NM129-D06-ROCE-Leaf-8.GPU.S9825,FourHundredGigE1/0/54,0,0,0,0,0,0
2024/05/24 星期五 00:19:20.470,1716481160470,NH-DC-NM129-D06-ROCE-Leaf-8.GPU.S9825,FourHundredGigE1/0/54,185236,739003258,83486,294366092,1.64,0.65
2024/05/24 星期五 00:19:20.984,1716481160984,NH-DC-NM129-D06-ROCE-Leaf-8.GPU.S9825,FourHundredGigE1/0/54,0,0,0,0,0,0
2024/05/24 星期五 00:19:21.587,1716481161587,NH-DC-NM129-D06-ROCE-Leaf-8.GPU.S9825,FourHundredGigE1/0/54,392893,1598048192,94028,349396652,3.30,0.70
2024/05/24 星期五 00:19:26.635,1716481166635,NH-DC-NM129-D06-ROCE-Leaf-8.GPU.S9825,FourHundredGigE1/0/54,1717617,5764652303,1768309,6913711406,1.43,1.71
2024/05/24 星期五 00:19:27.176,1716481167176,NH-DC-NM129-D06-ROCE-Leaf-8.GPU.S9825,FourHundredGigE1/0/54,0,0,0,0,0,0
2024/05/24 星期五 00:19:27.679,1716481167679,NH-DC-NM129-D06-ROCE-Leaf-8.GPU.S9825,FourHundredGigE1/0/54,315119,909357340,1015872,4081506706,2.24,10.14
2024/05/24 星期五 00:19:28.323,1716481168323,NH-DC-NM129-D06-ROCE-Leaf-8.GPU.S9825,FourHundredGigE1/0/54,279680,1113560610,505664,2018565586,2.15,3.90
2024/05/24 星期五 00:19:29.127,1716481169127,NH-DC-NM129-D06-ROCE-Leaf-8.GPU.S9825,FourHundredGigE1/0/54,0,0,0,0,0,0
2024/05/24 星期五 00:19:29.662,1716481169662,NH-DC-NM129-D06-ROCE-Leaf-8.GPU.S9825,FourHundredGigE1/0/54,342976,1306230380,281794,1105418520,3.04,2.57
2024/05/24 星期五 00:19:30.246,1716481170246,NH-DC-NM129-D06-ROCE-Leaf-8.GPU.S9825,FourHundredGigE1/0/54,0,0,0,0,0,0
2024/05/24 星期五 00:19:30.747,1716481170747,NH-DC-NM129-D06-ROCE-Leaf-8.GPU.S9825,FourHundredGigE1/0/54,157411,608195888,147680,575643652,1.50,1.42
2024/05/24 星期五 00:19:31.313,1716481171313,NH-DC-NM129-D06-ROCE-Leaf-8.GPU.S9825,FourHundredGigE1/0/54,245752,1003574530,234880,745447494,2.21,1.63
2024/05/24 星期五 00:19:32.177,1716481172177,NH-DC-NM129-D06-ROCE-Leaf-8.GPU.S9825,FourHundredGigE1/0/54,0,0,0,0,0,0
2024/05/24 星期五 00:19:32.720,1716481172720,NH-DC-NM129-D06-ROCE-Leaf-8.GPU.S9825,FourHundredGigE1/0/54,75082,283457340,110305,390693578,0.64,0.90
2024/05/24 星期五 00:19:33.273,1716481173273,NH-DC-NM129-D06-ROCE-Leaf-8.GPU.S9825,FourHundredGigE1/0/54,182827,699520542,815918,3287086828,1.56,7.41
2024/05/24 星期五 00:19:33.795,1716481173795,NH-DC-NM129-D06-ROCE-Leaf-8.GPU.S9825,FourHundredGigE1/0/54,0,0,0,0,0,0
2024/05/24 星期五 00:19:34.298,1716481174298,NH-DC-NM129-D06-ROCE-Leaf-8.GPU.S9825,FourHundredGigE1/0/54,131468,488208344,238979,901520294,1.19,2.24
2024/05/24 星期五 00:19:34.914,1716481174914,NH-DC-NM129-D06-ROCE-Leaf-8.GPU.S9825,FourHundredGigE1/0/54,0,0,0,0,0,0
2024/05/24 星期五 00:19:35.692,1716481175692,NH-DC-NM129-D06-ROCE-Leaf-8.GPU.S9825,FourHundredGigE1/0/54,112560,337558492,62942,188158172,0.53,0.29
2024/05/24 星期五 00:19:36.244,1716481176244,NH-DC-NM129-D06-ROCE-Leaf-8.GPU.S9825,FourHundredGigE1/0/54,202220,728094052,122267,427431358,1.63,0.95
2024/05/24 星期五 00:19:36.820,1716481176820,NH-DC-NM129-D06-ROCE-Leaf-8.GPU.S9825,FourHundredGigE1/0/54,0,0,0,0,0,0
2024/05/24 星期五 00:19:37.351,1716481177351,NH-DC-NM129-D06-ROCE-Leaf-8.GPU.S9825,FourHundredGigE1/0/54,679388,2693708904,477766,1797391528,6.33,4.21
2024/05/24 星期五 00:19:39.383,1716481179383,NH-DC-NM129-D06-ROCE-Leaf-8.GPU.S9825,FourHundredGigE1/0/54,116674,439277492,131452,502938528,0.26,0.31
2024/05/24 星期五 00:19:40.130,1716481180130,NH-DC-NM129-D06-ROCE-Leaf-8.GPU.S9825,FourHundredGigE1/0/54,194847,738668066,200552,730751316,1.22,1.22
2024/05/24 星期五 00:19:40.706,1716481180706,NH-DC-NM129-D06-ROCE-Leaf-8.GPU.S9825,FourHundredGigE1/0/54,0,0,0,0,0,0
2024/05/24 星期五 00:19:41.245,1716481181245,NH-DC-NM129-D06-ROCE-Leaf-8.GPU.S9825,FourHundredGigE1/0/54,181597,686757098,130217,406975594,1.58,0.93
2024/05/24 星期五 00:19:41.767,1716481181767,NH-DC-NM129-D06-ROCE-Leaf-8.GPU.S9825,FourHundredGigE1/0/54,0,0,0,0,0,0
2024/05/24 星期五 00:19:42.433,1716481182433,NH-DC-NM129-D06-ROCE-Leaf-8.GPU.S9825,FourHundredGigE1/0/54,192077,736047748,232525,933331170,1.37,1.75
2024/05/24 星期五 00:19:43.023,1716481183023,NH-DC-NM129-D06-ROCE-Leaf-8.GPU.S9825,FourHundredGigE1/0/54,0,0,0,0,0,0
2024/05/24 星期五 00:19:43.634,1716481183634,NH-DC-NM129-D06-ROCE-Leaf-8.GPU.S9825,FourHundredGigE1/0/54,144018,460444430,79865,271050573,0.94,0.55
2024/05/24 星期五 00:19:44.218,1716481184218,NH-DC-NM129-D06-ROCE-Leaf-8.GPU.S9825,FourHundredGigE1/0/54,0,0,0,0,0,0
2024/05/24 星期五 00:19:45.211,1716481185211,NH-DC-NM129-D06-ROCE-Leaf-8.GPU.S9825,FourHundredGigE1/0/54,217377,743852038,412945,1595315026,0.93,2.00
2024/05/24 星期五 00:19:45.785,1716481185785,NH-DC-NM129-D06-ROCE-Leaf-8.GPU.S9825,FourHundredGigE1/0/54,0,0,0,0,0,0
2024/05/24 星期五 00:19:46.348,1716481186348,NH-DC-NM129-D06-ROCE-Leaf-8.GPU.S9825,FourHundredGigE1/0/54,220057,815640438,126887,482725070,1.80,1.07
2024/05/24 星期五 00:19:47.705,1716481187705,NH-DC-NM129-D06-ROCE-Leaf-8.GPU.S9825,FourHundredGigE1/0/54,133433,471265302,147364,545480228,0.43,0.50
2024/05/24 星期五 00:19:48.221,1716481188221,NH-DC-NM129-D06-ROCE-Leaf-8.GPU.S9825,FourHundredGigE1/0/54,0,0,0,0,0,0
2024/05/24 星期五 00:19:48.760,1716481188760,NH-DC-NM129-D06-ROCE-Leaf-8.GPU.S9825,FourHundredGigE1/0/54,302818,1172875776,179601,649134032,2.71,1.48
2024/05/24 星期五 00:19:49.428,1716481189428,NH-DC-NM129-D06-ROCE-Leaf-8.GPU.S9825,FourHundredGigE1/0/54,355680,1414029988,175204,657931549,2.64,1.22
2024/05/24 星期五 00:19:50.065,1716481190065,NH-DC-NM129-D06-ROCE-Leaf-8.GPU.S9825,FourHundredGigE1/0/54,0,0,0,0,0,0
2024/05/24 星期五 00:19:50.636,1716481190636,NH-DC-NM129-D06-ROCE-Leaf-8.GPU.S9825,FourHundredGigE1/0/54,281591,1119372538,71009,270403942,2.43,0.59
2024/05/24 星期五 00:19:51.206,1716481191206,NH-DC-NM129-D06-ROCE-Leaf-8.GPU.S9825,FourHundredGigE1/0/54,0,0,0,0,0,0
2024/05/24 星期五 00:19:51.706,1716481191706,NH-DC-NM129-D06-ROCE-Leaf-8.GPU.S9825,FourHundredGigE1/0/54,358291,1448649578,417573,1696299828,3.6,4.22
2024/05/24 星期五 00:19:52.490,1716481192490,NH-DC-NM129-D06-ROCE-Leaf-8.GPU.S9825,FourHundredGigE1/0/54,273366,1056996421,229954,917329576,1.67,1.45
2024/05/24 星期五 00:19:53.155,1716481193155,NH-DC-NM129-D06-ROCE-Leaf-8.GPU.S9825,FourHundredGigE1/0/54,0,0,0,0,0,0
2024/05/24 星期五 00:19:53.735,1716481193735,NH-DC-NM129-D06-ROCE-Leaf-8.GPU.S9825,FourHundredGigE1/0/54,268838,1043715578,939852,3739929428,2.24,8.04
2024/05/24 星期五 00:19:54.280,1716481194280,NH-DC-NM129-D06-ROCE-Leaf-8.GPU.S9825,FourHundredGigE1/0/54,0,0,0,0,0,0
2024/05/24 星期五 00:19:54.781,1716481194781,NH-DC-NM129-D06-ROCE-Leaf-8.GPU.S9825,FourHundredGigE1/0/54,222788,853429475,1119850,4458665488,2.12,11.10
2024/05/24 星期五 00:19:55.285,1716481195285,NH-DC-NM129-D06-ROCE-Leaf-8.GPU.S9825,FourHundredGigE1/0/54,539672,2213155296,280878,1127123928,5.48,2.78
2024/05/24 星期五 00:19:55.954,1716481195954,NH-DC-NM129-D06-ROCE-Leaf-8.GPU.S9825,FourHundredGigE1/0/54,0,0,0,0,0,0
2024/05/24 星期五 00:19:56.562,1716481196562,NH-DC-NM129-D06-ROCE-Leaf-8.GPU.S9825,FourHundredGigE1/0/54,228059,911952398,158371,640884398,1.87,1.32
2024/05/24 星期五 00:19:57.176,1716481197176,NH-DC-NM129-D06-ROCE-Leaf-8.GPU.S9825,FourHundredGigE1/0/54,108169,0,355253,0,0,0
2024/05/24 星期五 00:19:57.764,1716481197764,NH-DC-NM129-D06-ROCE-Leaf-8.GPU.S9825,FourHundredGigE1/0/54,0,443276750,0,1396317334,0.94,2.95
2024/05/24 星期五 00:19:58.322,1716481198322,NH-DC-NM129-D06-ROCE-Leaf-8.GPU.S9825,FourHundredGigE1/0/54,255904,1012645870,172621,650589206,2.26,1.46
2024/05/24 星期五 00:19:58.909,1716481198909,NH-DC-NM129-D06-ROCE-Leaf-8.GPU.S9825,FourHundredGigE1/0/54,0,0,0,0,0,0
2024/05/24 星期五 00:19:59.743,1716481199743,NH-DC-NM129-D06-ROCE-Leaf-8.GPU.S9825,FourHundredGigE1/0/54,332848,1329345590,63979,226198842,1.98,0.33
2024/05/24 星期五 00:20:00.425,1716481200425,NH-DC-NM129-D06-ROCE-Leaf-8.GPU.S9825,FourHundredGigE1/0/54,101818,381199696,140906,517141848,0.70,0.93
2024/05/24 星期五 00:20:01.789,1716481201789,NH-DC-NM129-D06-ROCE-Leaf-8.GPU.S9825,FourHundredGigE1/0/54,93799,362725774,154133,597666698,0.33,0.54
2024/05/24 星期五 00:20:02.290,1716481202290,NH-DC-NM129-D06-ROCE-Leaf-8.GPU.S9825,FourHundredGigE1/0/54,232306,902063600,151866,586573020,2.25,1.45
2024/05/24 星期五 00:20:02.936,1716481202936,NH-DC-NM129-D06-ROCE-Leaf-8.GPU.S9825,FourHundredGigE1/0/54,0,0,0,0,0,0
2024/05/24 星期五 00:20:03.643,1716481203643,NH-DC-NM129-D06-ROCE-Leaf-8.GPU.S9825,FourHundredGigE1/0/54,272223,1047734846,111393,400014618,1.84,0.71
2024/05/24 星期五 00:20:04.230,1716481204230,NH-DC-NM129-D06-ROCE-Leaf-8.GPU.S9825,FourHundredGigE1/0/54,0,0,0,0,0,0
2024/05/24 星期五 00:20:04.755,1716481204755,NH-DC-NM129-D06-ROCE-Leaf-8.GPU.S9825,FourHundredGigE1/0/54,119433,441114623,261754,817482936,1.05,1.93
2024/05/24 星期五 00:20:05.259,1716481205259,NH-DC-NM129-D06-ROCE-Leaf-8.GPU.S9825,FourHundredGigE1/0/54,65887,256760134,199329,580503838,0.62,1.44
2024/05/24 星期五 00:20:05.759,1716481205759,NH-DC-NM129-D06-ROCE-Leaf-8.GPU.S9825,FourHundredGigE1/0/54,0,0,0,0,0,0
2024/05/24 星期五 00:20:06.421,1716481206421,NH-DC-NM129-D06-ROCE-Leaf-8.GPU.S9825,FourHundredGigE1/0/54,197547,785561242,210132,823852156,1.47,1.55
2024/05/24 星期五 00:20:07.119,1716481207119,NH-DC-NM129-D06-ROCE-Leaf-8.GPU.S9825,FourHundredGigE1/0/54,0,0,0,0,0,0
2024/05/24 星期五 00:20:07.693,1716481207693,NH-DC-NM129-D06-ROCE-Leaf-8.GPU.S9825,FourHundredGigE1/0/54,240784,977273840,51653,171259006,2.11,0.37
2024/05/24 星期五 00:20:08.197,1716481208197,NH-DC-NM129-D06-ROCE-Leaf-8.GPU.S9825,FourHundredGigE1/0/54,0,0,0,0,0,0
2024/05/24 星期五 00:20:08.700,1716481208700,NH-DC-NM129-D06-ROCE-Leaf-8.GPU.S9825,FourHundredGigE1/0/54,160803,622989730,209906,843971804,1.54,2.09
2024/05/24 星期五 00:20:09.275,1716481209275,NH-DC-NM129-D06-ROCE-Leaf-8.GPU.S9825,FourHundredGigE1/0/54,142162,563016964,128447,494921654,1.22,1.07
2024/05/24 星期五 00:20:09.853,1716481209853,NH-DC-NM129-D06-ROCE-Leaf-8.GPU.S9825,FourHundredGigE1/0/54,0,0,0,0,0,0
2024/05/24 星期五 00:20:10.579,1716481210579,NH-DC-NM129-D06-ROCE-Leaf-8.GPU.S9825,FourHundredGigE1/0/54,54854,206392544,293130,1117746313,0.34,1.91
2024/05/24 星期五 00:20:11.202,1716481211202,NH-DC-NM129-D06-ROCE-Leaf-8.GPU.S9825,FourHundredGigE1/0/54,0,0,0,0,0,0
2024/05/24 星期五 00:20:11.703,1716481211703,NH-DC-NM129-D06-ROCE-Leaf-8.GPU.S9825,FourHundredGigE1/0/54,84927,327944918,108628,411839488,0.80,1.02
2024/05/24 星期五 00:20:12.204,1716481212204,NH-DC-NM129-D06-ROCE-Leaf-8.GPU.S9825,FourHundredGigE1/0/54,0,0,0,0,0,0
2024/05/24 星期五 00:20:12.709,1716481212709,NH-DC-NM129-D06-ROCE-Leaf-8.GPU.S9825,FourHundredGigE1/0/54,230466,768956324,210953,821893522,1.88,2.03
2024/05/24 星期五 00:20:13.362,1716481213362,NH-DC-NM129-D06-ROCE-Leaf-8.GPU.S9825,FourHundredGigE1/0/54,645979,2472572910,236004,884490692,4.73,1.68
2024/05/24 星期五 00:20:14.144,1716481214144,NH-DC-NM129-D06-ROCE-Leaf-8.GPU.S9825,FourHundredGigE1/0/54,0,0,0,0,0,0
2024/05/24 星期五 00:20:14.742,1716481214742,NH-DC-NM129-D06-ROCE-Leaf-8.GPU.S9825,FourHundredGigE1/0/54,143006,514706100,109974,407969384,1.07,0.84
2024/05/24 星期五 00:20:15.271,1716481215271,NH-DC-NM129-D06-ROCE-Leaf-8.GPU.S9825,FourHundredGigE1/0/54,101069,381114614,178813,695040562,0.90,1.63
2024/05/24 星期五 00:20:15.854,1716481215854,NH-DC-NM129-D06-ROCE-Leaf-8.GPU.S9825,FourHundredGigE1/0/54,0,0,0,0,0,0
2024/05/24 星期五 00:20:16.391,1716481216391,NH-DC-NM129-D06-ROCE-Leaf-8.GPU.S9825,FourHundredGigE1/0/54,195396,759960628,146187,560200578,1.75,1.30
2024/05/24 星期五 00:20:17.060,1716481217060,NH-DC-NM129-D06-ROCE-Leaf-8.GPU.S9825,FourHundredGigE1/0/54,427416,1667582588,218808,826417688,3.10,1.53
2024/05/24 星期五 00:20:17.791,1716481217791,NH-DC-NM129-D06-ROCE-Leaf-8.GPU.S9825,FourHundredGigE1/0/54,0,0,0,0,0,0
2024/05/24 星期五 00:20:18.325,1716481218325,NH-DC-NM129-D06-ROCE-Leaf-8.GPU.S9825,FourHundredGigE1/0/54,192158,613586664,191196,736269012,1.43,1.71
2024/05/24 星期五 00:20:19.465,1716481219465,NH-DC-NM129-D06-ROCE-Leaf-8.GPU.S9825,FourHundredGigE1/0/54,271141,1066995362,187482,658080244,1.16,0.71
2024/05/24 星期五 00:20:20.035,1716481220035,NH-DC-NM129-D06-ROCE-Leaf-8.GPU.S9825,FourHundredGigE1/0/54,264496,1056845888,279258,1042542720,2.30,2.28
2024/05/24 星期五 00:20:20.801,1716481220801,NH-DC-NM129-D06-ROCE-Leaf-8.GPU.S9825,FourHundredGigE1/0/54,0,0,0,0,0,0
2024/05/24 星期五 00:20:21.480,1716481221480,NH-DC-NM129-D06-ROCE-Leaf-8.GPU.S9825,FourHundredGigE1/0/54,117493,431393202,174275,632653434,0.79,1.16
2024/05/24 星期五 00:20:21.981,1716481221981,NH-DC-NM129-D06-ROCE-Leaf-8.GPU.S9825,FourHundredGigE1/0/54,0,0,0,0,0,0
2024/05/24 星期五 00:20:22.482,1716481222482,NH-DC-NM129-D06-ROCE-Leaf-8.GPU.S9825,FourHundredGigE1/0/54,118359,427763622,156268,601614728,1.05,1.50
2024/05/24 星期五 00:20:23.068,1716481223068,NH-DC-NM129-D06-ROCE-Leaf-8.GPU.S9825,FourHundredGigE1/0/54,0,0,0,0,0,0
2024/05/24 星期五 00:20:23.699,1716481223699,NH-DC-NM129-D06-ROCE-Leaf-8.GPU.S9825,FourHundredGigE1/0/54,110353,406590830,262089,933443626,0.79,1.84
2024/05/24 星期五 00:20:24.486,1716481224486,NH-DC-NM129-D06-ROCE-Leaf-8.GPU.S9825,FourHundredGigE1/0/54,113738,438110665,260189,961684786,0.68,1.52
2024/05/24 星期五 00:20:25.036,1716481225036,NH-DC-NM129-D06-ROCE-Leaf-8.GPU.S9825,FourHundredGigE1/0/54,0,0,0,0,0,0
2024/05/24 星期五 00:20:26.379,1716481226379,NH-DC-NM129-D06-ROCE-Leaf-8.GPU.S9825,FourHundredGigE1/0/54,233568,863651064,280573,1059037774,0.80,0.98
2024/05/24 星期五 00:20:26.882,1716481226882,NH-DC-NM129-D06-ROCE-Leaf-8.GPU.S9825,FourHundredGigE1/0/54,0,0,0,0,0,0
2024/05/24 星期五 00:20:27.667,1716481227667,NH-DC-NM129-D06-ROCE-Leaf-8.GPU.S9825,FourHundredGigE1/0/54,359695,1379172786,85382,276319060,2.18,0.43
2024/05/24 星期五 00:20:28.340,1716481228340,NH-DC-NM129-D06-ROCE-Leaf-8.GPU.S9825,FourHundredGigE1/0/54,150284,564640528,174056,657075680,1.04,1.21
2024/05/24 星期五 00:20:28.870,1716481228870,NH-DC-NM129-D06-ROCE-Leaf-8.GPU.S9825,FourHundredGigE1/0/54,0,0,0,0,0,0
2024/05/24 星期五 00:20:29.370,1716481229370,NH-DC-NM129-D06-ROCE-Leaf-8.GPU.S9825,FourHundredGigE1/0/54,83490,316515658,147040,553011928,0.78,1.38
2024/05/24 星期五 00:20:29.908,1716481229908,NH-DC-NM129-D06-ROCE-Leaf-8.GPU.S9825,FourHundredGigE1/0/54,0,0,0,0,0,0
2024/05/24 星期五 00:20:30.420,1716481230420,NH-DC-NM129-D06-ROCE-Leaf-8.GPU.S9825,FourHundredGigE1/0/54,50959,143888932,70230,224025248,0.34,0.54
2024/05/24 星期五 00:20:31.265,1716481231265,NH-DC-NM129-D06-ROCE-Leaf-8.GPU.S9825,FourHundredGigE1/0/54,216906,816895874,139565,437788954,1.20,0.64
2024/05/24 星期五 00:20:32.172,1716481232172,NH-DC-NM129-D06-ROCE-Leaf-8.GPU.S9825,FourHundredGigE1/0/54,0,0,0,0,0,0
2024/05/24 星期五 00:20:32.672,1716481232672,NH-DC-NM129-D06-ROCE-Leaf-8.GPU.S9825,FourHundredGigE1/0/54,122844,438686395,305125,1203872350,1.08,3
2024/05/24 星期五 00:20:33.265,1716481233265,NH-DC-NM129-D06-ROCE-Leaf-8.GPU.S9825,FourHundredGigE1/0/54,158372,562270128,100611,350746222,1.18,0.74
2024/05/24 星期五 00:20:33.790,1716481233790,NH-DC-NM129-D06-ROCE-Leaf-8.GPU.S9825,FourHundredGigE1/0/54,0,0,0,0,0,0
2024/05/24 星期五 00:20:34.293,1716481234293,NH-DC-NM129-D06-ROCE-Leaf-8.GPU.S9825,FourHundredGigE1/0/54,116633,451427442,171809,639651328,1.12,1.57
2024/05/24 星期五 00:20:35.340,1716481235340,NH-DC-NM129-D06-ROCE-Leaf-8.GPU.S9825,FourHundredGigE1/0/54,362418,1347808652,330014,1279195064,1.60,1.52
2024/05/24 星期五 00:20:35.841,1716481235841,NH-DC-NM129-D06-ROCE-Leaf-8.GPU.S9825,FourHundredGigE1/0/54,0,0,0,0,0,0
2024/05/24 星期五 00:20:36.366,1716481236366,NH-DC-NM129-D06-ROCE-Leaf-8.GPU.S9825,FourHundredGigE1/0/54,280275,1057168162,2366912,9644683310,2.5,22.95
2024/05/24 星期五 00:20:36.918,1716481236918,NH-DC-NM129-D06-ROCE-Leaf-8.GPU.S9825,FourHundredGigE1/0/54,0,0,0,0,0,0
2024/05/24 星期五 00:20:37.421,1716481237421,NH-DC-NM129-D06-ROCE-Leaf-8.GPU.S9825,FourHundredGigE1/0/54,661219,2566274314,3005194,12139885548,6.36,30.14
2024/05/24 星期五 00:20:39.538,1716481239538,NH-DC-NM129-D06-ROCE-Leaf-8.GPU.S9825,FourHundredGigE1/0/54,539142,2018530936,367539,1460380608,1.19,0.86
2024/05/24 星期五 00:20:40.272,1716481240272,NH-DC-NM129-D06-ROCE-Leaf-8.GPU.S9825,FourHundredGigE1/0/54,449394,1781436908,138035,536101574,3.03,0.90
2024/05/24 星期五 00:20:40.854,1716481240854,NH-DC-NM129-D06-ROCE-Leaf-8.GPU.S9825,FourHundredGigE1/0/54,0,0,0,0,0,0
2024/05/24 星期五 00:20:41.355,1716481241355,NH-DC-NM129-D06-ROCE-Leaf-8.GPU.S9825,FourHundredGigE1/0/54,183061,748240058,106653,399334926,1.85,0.97
2024/05/24 星期五 00:20:41.953,1716481241953,NH-DC-NM129-D06-ROCE-Leaf-8.GPU.S9825,FourHundredGigE1/0/54,0,0,0,0,0,0
2024/05/24 星期五 00:20:42.739,1716481242739,NH-DC-NM129-D06-ROCE-Leaf-8.GPU.S9825,FourHundredGigE1/0/54,575850,2308329536,472988,1901020204,3.66,3.02
2024/05/24 星期五 00:20:43.291,1716481243291,NH-DC-NM129-D06-ROCE-Leaf-8.GPU.S9825,FourHundredGigE1/0/54,133500,479334126,204379,796466590,1.06,1.79
2024/05/24 星期五 00:20:43.861,1716481243861,NH-DC-NM129-D06-ROCE-Leaf-8.GPU.S9825,FourHundredGigE1/0/54,0,0,0,0,0,0
2024/05/24 星期五 00:20:44.416,1716481244416,NH-DC-NM129-D06-ROCE-Leaf-8.GPU.S9825,FourHundredGigE1/0/54,220371,893822388,123609,440668266,2.00,0.99
2024/05/24 星期五 00:20:44.913,1716481244913,NH-DC-NM129-D06-ROCE-Leaf-8.GPU.S9825,FourHundredGigE1/0/54,0,0,0,0,0,0
2024/05/24 星期五 00:20:45.455,1716481245455,NH-DC-NM129-D06-ROCE-Leaf-8.GPU.S9825,FourHundredGigE1/0/54,132591,490779462,146745,550627226,1.13,1.27
2024/05/24 星期五 00:20:46.281,1716481246281,NH-DC-NM129-D06-ROCE-Leaf-8.GPU.S9825,FourHundredGigE1/0/54,453337,1754080510,367527,1372830918,2.65,2.07
2024/05/24 星期五 00:20:46.781,1716481246781,NH-DC-NM129-D06-ROCE-Leaf-8.GPU.S9825,FourHundredGigE1/0/54,0,0,0,0,0,0
2024/05/24 星期五 00:20:47.312,1716481247312,NH-DC-NM129-D06-ROCE-Leaf-8.GPU.S9825,FourHundredGigE1/0/54,218522,831229954,149857,575396842,1.95,1.34
2024/05/24 星期五 00:20:47.864,1716481247864,NH-DC-NM129-D06-ROCE-Leaf-8.GPU.S9825,FourHundredGigE1/0/54,0,0,0,0,0,0
2024/05/24 星期五 00:20:48.371,1716481248371,NH-DC-NM129-D06-ROCE-Leaf-8.GPU.S9825,FourHundredGigE1/0/54,169132,657809314,86818,320793936,1.60,0.79
2024/05/24 星期五 00:20:48.972,1716481248972,NH-DC-NM129-D06-ROCE-Leaf-8.GPU.S9825,FourHundredGigE1/0/54,592402,2425938762,201657,778474094,5.03,1.60
2024/05/24 星期五 00:20:49.838,1716481249838,NH-DC-NM129-D06-ROCE-Leaf-8.GPU.S9825,FourHundredGigE1/0/54,0,0,0,0,0,0
2024/05/24 星期五 00:20:50.339,1716481250339,NH-DC-NM129-D06-ROCE-Leaf-8.GPU.S9825,FourHundredGigE1/0/54,139348,555944962,147915,545192822,1.37,1.35
2024/05/24 星期五 00:20:50.849,1716481250849,NH-DC-NM129-D06-ROCE-Leaf-8.GPU.S9825,FourHundredGigE1/0/54,0,0,0,0,0,0
2024/05/24 星期五 00:20:51.477,1716481251477,NH-DC-NM129-D06-ROCE-Leaf-8.GPU.S9825,FourHundredGigE1/0/54,106454,301167808,282970,1134472892,0.60,2.25
2024/05/24 星期五 00:20:51.989,1716481251989,NH-DC-NM129-D06-ROCE-Leaf-8.GPU.S9825,FourHundredGigE1/0/54,0,0,0,0,0,0
2024/05/24 星期五 00:20:52.494,1716481252494,NH-DC-NM129-D06-ROCE-Leaf-8.GPU.S9825,FourHundredGigE1/0/54,142437,513457106,119905,473545006,1.26,1.16
2024/05/24 星期五 00:20:53.395,1716481253395,NH-DC-NM129-D06-ROCE-Leaf-8.GPU.S9825,FourHundredGigE1/0/54,311988,1235712880,495150,1987763504,1.71,2.75
2024/05/24 星期五 00:20:54.023,1716481254023,NH-DC-NM129-D06-ROCE-Leaf-8.GPU.S9825,FourHundredGigE1/0/54,0,0,0,0,0,0
2024/05/24 星期五 00:20:54.526,1716481254526,NH-DC-NM129-D06-ROCE-Leaf-8.GPU.S9825,FourHundredGigE1/0/54,114253,403735897,199789,746652872,0.99,1.84
2024/05/24 星期五 00:20:55.026,1716481255026,NH-DC-NM129-D06-ROCE-Leaf-8.GPU.S9825,FourHundredGigE1/0/54,0,0,0,0,0,0
2024/05/24 星期五 00:20:55.529,1716481255529,NH-DC-NM129-D06-ROCE-Leaf-8.GPU.S9825,FourHundredGigE1/0/54,264711,836177500,130173,470646754,2.06,1.17
2024/05/24 星期五 00:20:56.300,1716481256300,NH-DC-NM129-D06-ROCE-Leaf-8.GPU.S9825,FourHundredGigE1/0/54,169622,395087364,180627,668284848,0.63,1.07
2024/05/24 星期五 00:20:57.212,1716481257212,NH-DC-NM129-D06-ROCE-Leaf-8.GPU.S9825,FourHundredGigE1/0/54,0,0,0,0,0,0
2024/05/24 星期五 00:20:57.720,1716481257720,NH-DC-NM129-D06-ROCE-Leaf-8.GPU.S9825,FourHundredGigE1/0/54,486471,1832594166,178440,696985506,4.50,1.70
2024/05/24 星期五 00:20:58.328,1716481258328,NH-DC-NM129-D06-ROCE-Leaf-8.GPU.S9825,FourHundredGigE1/0/54,151126,560476024,131175,457456102,1.15,0.93
2024/05/24 星期五 00:20:58.958,1716481258958,NH-DC-NM129-D06-ROCE-Leaf-8.GPU.S9825,FourHundredGigE1/0/54,0,0,0,0,0,0
2024/05/24 星期五 00:20:59.462,1716481259462,NH-DC-NM129-D06-ROCE-Leaf-8.GPU.S9825,FourHundredGigE1/0/54,365696,1437280044,139735,522810148,3.55,1.29
2024/05/24 星期五 00:20:59.990,1716481259990,NH-DC-NM129-D06-ROCE-Leaf-8.GPU.S9825,FourHundredGigE1/0/54,939359,3834020956,194846,761868758,9.07,1.80
2024/05/24 星期五 00:21:00.919,1716481260919,NH-DC-NM129-D06-ROCE-Leaf-8.GPU.S9825,FourHundredGigE1/0/54,0,0,0,0,0,0
2024/05/24 星期五 00:21:01.429,1716481261429,NH-DC-NM129-D06-ROCE-Leaf-8.GPU.S9825,FourHundredGigE1/0/54,252417,954908836,205836,769528462,2.33,1.86
2024/05/24 星期五 00:21:01.930,1716481261930,NH-DC-NM129-D06-ROCE-Leaf-8.GPU.S9825,FourHundredGigE1/0/54,0,0,0,0,0,0
2024/05/24 星期五 00:21:02.443,1716481262443,NH-DC-NM129-D06-ROCE-Leaf-8.GPU.S9825,FourHundredGigE1/0/54,319696,1231579488,196083,789444818,3.00,1.90
2024/05/24 星期五 00:21:02.945,1716481262945,NH-DC-NM129-D06-ROCE-Leaf-8.GPU.S9825,FourHundredGigE1/0/54,0,0,0,0,0,0
2024/05/24 星期五 00:21:03.447,1716481263447,NH-DC-NM129-D06-ROCE-Leaf-8.GPU.S9825,FourHundredGigE1/0/54,128775,481087498,146523,557972050,1.20,1.37
2024/05/24 星期五 00:21:04.477,1716481264477,NH-DC-NM129-D06-ROCE-Leaf-8.GPU.S9825,FourHundredGigE1/0/54,156904,534970632,435843,1737100321,0.64,2.10
2024/05/24 星期五 00:21:04.977,1716481264977,NH-DC-NM129-D06-ROCE-Leaf-8.GPU.S9825,FourHundredGigE1/0/54,0,0,0,0,0,0
2024/05/24 星期五 00:21:05.626,1716481265626,NH-DC-NM129-D06-ROCE-Leaf-8.GPU.S9825,FourHundredGigE1/0/54,96151,360024186,141282,523640633,0.69,1.00
2024/05/24 星期五 00:21:06.176,1716481266176,NH-DC-NM129-D06-ROCE-Leaf-8.GPU.S9825,FourHundredGigE1/0/54,0,0,0,0,0,0
2024/05/24 星期五 00:21:06.690,1716481266690,NH-DC-NM129-D06-ROCE-Leaf-8.GPU.S9825,FourHundredGigE1/0/54,503401,2014628786,155529,585162082,4.89,1.41
2024/05/24 星期五 00:21:07.210,1716481267210,NH-DC-NM129-D06-ROCE-Leaf-8.GPU.S9825,FourHundredGigE1/0/54,318549,1255523394,147688,490213392,3.00,1.18
2024/05/24 星期五 00:21:08.089,1716481268089,NH-DC-NM129-D06-ROCE-Leaf-8.GPU.S9825,FourHundredGigE1/0/54,0,0,0,0,0,0
2024/05/24 星期五 00:21:08.589,1716481268589,NH-DC-NM129-D06-ROCE-Leaf-8.GPU.S9825,FourHundredGigE1/0/54,245301,894765058,181419,714439058,2.22,1.78
2024/05/24 星期五 00:21:09.148,1716481269148,NH-DC-NM129-D06-ROCE-Leaf-8.GPU.S9825,FourHundredGigE1/0/54,0,0,0,0,0,0
2024/05/24 星期五 00:21:09.649,1716481269649,NH-DC-NM129-D06-ROCE-Leaf-8.GPU.S9825,FourHundredGigE1/0/54,263020,1056166102,307019,1114992046,2.62,2.77
2024/05/24 星期五 00:21:10.151,1716481270151,NH-DC-NM129-D06-ROCE-Leaf-8.GPU.S9825,FourHundredGigE1/0/54,0,0,0,0,0,0
2024/05/24 星期五 00:21:10.654,1716481270654,NH-DC-NM129-D06-ROCE-Leaf-8.GPU.S9825,FourHundredGigE1/0/54,193143,751981254,161874,541913118,1.86,1.34
2024/05/24 星期五 00:21:11.656,1716481271656,NH-DC-NM129-D06-ROCE-Leaf-8.GPU.S9825,FourHundredGigE1/0/54,216982,828498764,460905,1849392744,1.02,2.30
2024/05/24 星期五 00:21:12.604,1716481272604,NH-DC-NM129-D06-ROCE-Leaf-8.GPU.S9825,FourHundredGigE1/0/54,169074,625782148,289738,1132781994,0.82,1.49
2024/05/24 星期五 00:21:13.108,1716481273108,NH-DC-NM129-D06-ROCE-Leaf-8.GPU.S9825,FourHundredGigE1/0/54,0,0,0,0,0,0
2024/05/24 星期五 00:21:13.609,1716481273609,NH-DC-NM129-D06-ROCE-Leaf-8.GPU.S9825,FourHundredGigE1/0/54,173930,661724714,265552,1006443150,1.65,2.50
2024/05/24 星期五 00:21:14.633,1716481274633,NH-DC-NM129-D06-ROCE-Leaf-8.GPU.S9825,FourHundredGigE1/0/54,90711,324897638,93786,347903300,0.39,0.42
2024/05/24 星期五 00:21:15.392,1716481275392,NH-DC-NM129-D06-ROCE-Leaf-8.GPU.S9825,FourHundredGigE1/0/54,223438,885991068,420150,1677129720,1.45,2.75
2024/05/24 星期五 00:21:15.974,1716481275974,NH-DC-NM129-D06-ROCE-Leaf-8.GPU.S9825,FourHundredGigE1/0/54,0,0,0,0,0,0
2024/05/24 星期五 00:21:16.477,1716481276477,NH-DC-NM129-D06-ROCE-Leaf-8.GPU.S9825,FourHundredGigE1/0/54,175182,646247292,127279,490349064,1.59,1.22
2024/05/24 星期五 00:21:17.618,1716481277618,NH-DC-NM129-D06-ROCE-Leaf-8.GPU.S9825,FourHundredGigE1/0/54,116418,422526960,130612,519634997,0.46,0.56
2024/05/24 星期五 00:21:18.226,1716481278226,NH-DC-NM129-D06-ROCE-Leaf-8.GPU.S9825,FourHundredGigE1/0/54,407054,1607959174,151311,559817422,3.29,1.13
2024/05/24 星期五 00:21:19.556,1716481279556,NH-DC-NM129-D06-ROCE-Leaf-8.GPU.S9825,FourHundredGigE1/0/54,224860,905532318,87749,330079558,0.85,0.31
2024/05/24 星期五 00:21:20.110,1716481280110,NH-DC-NM129-D06-ROCE-Leaf-8.GPU.S9825,FourHundredGigE1/0/54,0,0,0,0,0,0
2024/05/24 星期五 00:21:20.654,1716481280654,NH-DC-NM129-D06-ROCE-Leaf-8.GPU.S9825,FourHundredGigE1/0/54,225794,891417278,296135,1149283938,2.05,2.62
2024/05/24 星期五 00:21:21.271,1716481281271,NH-DC-NM129-D06-ROCE-Leaf-8.GPU.S9825,FourHundredGigE1/0/54,130633,469375452,124299,448665610,0.93,0.89
2024/05/24 星期五 00:21:21.994,1716481281994,NH-DC-NM129-D06-ROCE-Leaf-8.GPU.S9825,FourHundredGigE1/0/54,0,0,0,0,0,0
2024/05/24 星期五 00:21:22.695,1716481282695,NH-DC-NM129-D06-ROCE-Leaf-8.GPU.S9825,FourHundredGigE1/0/54,137248,466798456,132660,455422190,0.82,0.80
2024/05/24 星期五 00:21:23.200,1716481283200,NH-DC-NM129-D06-ROCE-Leaf-8.GPU.S9825,FourHundredGigE1/0/54,0,0,0,0,0,0
2024/05/24 星期五 00:21:23.702,1716481283702,NH-DC-NM129-D06-ROCE-Leaf-8.GPU.S9825,FourHundredGigE1/0/54,140607,496983802,169580,614231570,1.22,1.52
2024/05/24 星期五 00:21:24.246,1716481284246,NH-DC-NM129-D06-ROCE-Leaf-8.GPU.S9825,FourHundredGigE1/0/54,0,0,0,0,0,0
2024/05/24 星期五 00:21:24.754,1716481284754,NH-DC-NM129-D06-ROCE-Leaf-8.GPU.S9825,FourHundredGigE1/0/54,468228,1776374477,166508,608524068,4.36,1.48
2024/05/24 星期五 00:21:25.624,1716481285624,NH-DC-NM129-D06-ROCE-Leaf-8.GPU.S9825,FourHundredGigE1/0/54,163680,646771740,95640,258330911,0.92,0.36
2024/05/24 星期五 00:21:26.339,1716481286339,NH-DC-NM129-D06-ROCE-Leaf-8.GPU.S9825,FourHundredGigE1/0/54,334273,1373407570,431920,1660001964,2.40,2.90
2024/05/24 星期五 00:21:26.841,1716481286841,NH-DC-NM129-D06-ROCE-Leaf-8.GPU.S9825,FourHundredGigE1/0/54,0,0,0,0,0,0
2024/05/24 星期五 00:21:27.398,1716481287398,NH-DC-NM129-D06-ROCE-Leaf-8.GPU.S9825,FourHundredGigE1/0/54,326331,1278946758,221722,827662732,2.85,1.84
2024/05/24 星期五 00:21:28.654,1716481288654,NH-DC-NM129-D06-ROCE-Leaf-8.GPU.S9825,FourHundredGigE1/0/54,193747,737310022,136692,480505223,0.73,0.48
2024/05/24 星期五 00:21:29.378,1716481289378,NH-DC-NM129-D06-ROCE-Leaf-8.GPU.S9825,FourHundredGigE1/0/54,400368,1587723584,224233,782192244,2.73,1.35
2024/05/24 星期五 00:21:29.935,1716481289935,NH-DC-NM129-D06-ROCE-Leaf-8.GPU.S9825,FourHundredGigE1/0/54,0,0,0,0,0,0
2024/05/24 星期五 00:21:30.438,1716481290438,NH-DC-NM129-D06-ROCE-Leaf-8.GPU.S9825,FourHundredGigE1/0/54,303676,1160862908,176416,711945460,2.88,1.76
2024/05/24 星期五 00:21:30.998,1716481290998,NH-DC-NM129-D06-ROCE-Leaf-8.GPU.S9825,FourHundredGigE1/0/54,221168,785987118,120294,424097224,1.74,0.94
2024/05/24 星期五 00:21:32.278,1716481292278,NH-DC-NM129-D06-ROCE-Leaf-8.GPU.S9825,FourHundredGigE1/0/54,307907,1197709484,223542,705282036,1.16,0.68
2024/05/24 星期五 00:21:32.915,1716481292915,NH-DC-NM129-D06-ROCE-Leaf-8.GPU.S9825,FourHundredGigE1/0/54,0,0,0,0,0,0
2024/05/24 星期五 00:21:33.461,1716481293461,NH-DC-NM129-D06-ROCE-Leaf-8.GPU.S9825,FourHundredGigE1/0/54,218250,785640873,716074,2854038916,1.79,6.52
2024/05/24 星期五 00:21:33.963,1716481293963,NH-DC-NM129-D06-ROCE-Leaf-8.GPU.S9825,FourHundredGigE1/0/54,0,0,0,0,0,0
2024/05/24 星期五 00:21:34.465,1716481294465,NH-DC-NM129-D06-ROCE-Leaf-8.GPU.S9825,FourHundredGigE1/0/54,250129,947888982,373895,1471784898,2.34,3.66
2024/05/24 星期五 00:21:35.178,1716481295178,NH-DC-NM129-D06-ROCE-Leaf-8.GPU.S9825,FourHundredGigE1/0/54,199181,747236182,260828,1058100004,1.30,1.84
2024/05/24 星期五 00:21:35.742,1716481295742,NH-DC-NM129-D06-ROCE-Leaf-8.GPU.S9825,FourHundredGigE1/0/54,0,0,0,0,0,0
2024/05/24 星期五 00:21:36.447,1716481296447,NH-DC-NM129-D06-ROCE-Leaf-8.GPU.S9825,FourHundredGigE1/0/54,106893,366213386,179125,692517478,0.64,1.22
2024/05/24 星期五 00:21:36.951,1716481296951,NH-DC-NM129-D06-ROCE-Leaf-8.GPU.S9825,FourHundredGigE1/0/54,0,0,0,0,0,0
2024/05/24 星期五 00:21:37.452,1716481297452,NH-DC-NM129-D06-ROCE-Leaf-8.GPU.S9825,FourHundredGigE1/0/54,716756,2906108020,740767,2902615442,7.24,7.24
2024/05/24 星期五 00:21:39.399,1716481299399,NH-DC-NM129-D06-ROCE-Leaf-8.GPU.S9825,FourHundredGigE1/0/54,81005,315278530,154392,596373056,0.20,0.38
2024/05/24 星期五 00:21:40.228,1716481300228,NH-DC-NM129-D06-ROCE-Leaf-8.GPU.S9825,FourHundredGigE1/0/54,120000,409948244,301070,1201994176,0.60,1.81
2024/05/24 星期五 00:21:40.731,1716481300731,NH-DC-NM129-D06-ROCE-Leaf-8.GPU.S9825,FourHundredGigE1/0/54,0,0,0,0,0,0
2024/05/24 星期五 00:21:41.277,1716481301277,NH-DC-NM129-D06-ROCE-Leaf-8.GPU.S9825,FourHundredGigE1/0/54,592392,2247202954,172185,640178682,5.13,1.47
2024/05/24 星期五 00:21:41.854,1716481301854,NH-DC-NM129-D06-ROCE-Leaf-8.GPU.S9825,FourHundredGigE1/0/54,0,0,0,0,0,0
2024/05/24 星期五 00:21:42.378,1716481302378,NH-DC-NM129-D06-ROCE-Leaf-8.GPU.S9825,FourHundredGigE1/0/54,113020,413325694,152687,589805245,0.98,1.38
2024/05/24 星期五 00:21:43.042,1716481303042,NH-DC-NM129-D06-ROCE-Leaf-8.GPU.S9825,FourHundredGigE1/0/54,127255,0,187236,0,0,0
2024/05/24 星期五 00:21:43.795,1716481303795,NH-DC-NM129-D06-ROCE-Leaf-8.GPU.S9825,FourHundredGigE1/0/54,0,468923354,0,707432892,0.76,1.16
2024/05/24 星期五 00:21:44.299,1716481304299,NH-DC-NM129-D06-ROCE-Leaf-8.GPU.S9825,FourHundredGigE1/0/54,0,0,0,0,0,0
2024/05/24 星期五 00:21:44.819,1716481304819,NH-DC-NM129-D06-ROCE-Leaf-8.GPU.S9825,FourHundredGigE1/0/54,252770,983602860,585769,2373143098,2.36,5.70
2024/05/24 星期五 00:21:45.479,1716481305479,NH-DC-NM129-D06-ROCE-Leaf-8.GPU.S9825,FourHundredGigE1/0/54,179981,711127038,64736,241677250,1.34,0.45
2024/05/24 星期五 00:21:46.131,1716481306131,NH-DC-NM129-D06-ROCE-Leaf-8.GPU.S9825,FourHundredGigE1/0/54,0,0,0,0,0,0
2024/05/24 星期五 00:21:46.663,1716481306663,NH-DC-NM129-D06-ROCE-Leaf-8.GPU.S9825,FourHundredGigE1/0/54,66426,217985688,206962,809462012,0.49,1.88
2024/05/24 星期五 00:21:47.347,1716481307347,NH-DC-NM129-D06-ROCE-Leaf-8.GPU.S9825,FourHundredGigE1/0/54,110045,425912018,138308,546750394,0.77,0.99
2024/05/24 星期五 00:21:47.849,1716481307849,NH-DC-NM129-D06-ROCE-Leaf-8.GPU.S9825,FourHundredGigE1/0/54,0,0,0,0,0,0
2024/05/24 星期五 00:21:48.350,1716481308350,NH-DC-NM129-D06-ROCE-Leaf-8.GPU.S9825,FourHundredGigE1/0/54,365923,1494718694,634892,2517093994,3.72,6.26
2024/05/24 星期五 00:21:48.911,1716481308911,NH-DC-NM129-D06-ROCE-Leaf-8.GPU.S9825,FourHundredGigE1/0/54,0,0,0,0,0,0
2024/05/24 星期五 00:21:49.525,1716481309525,NH-DC-NM129-D06-ROCE-Leaf-8.GPU.S9825,FourHundredGigE1/0/54,64519,225306218,210747,758038102,0.45,1.53
2024/05/24 星期五 00:21:50.103,1716481310103,NH-DC-NM129-D06-ROCE-Leaf-8.GPU.S9825,FourHundredGigE1/0/54,0,0,0,0,0,0
2024/05/24 星期五 00:21:50.709,1716481310709,NH-DC-NM129-D06-ROCE-Leaf-8.GPU.S9825,FourHundredGigE1/0/54,233422,898868708,72035,206691726,1.84,0.41
2024/05/24 星期五 00:21:51.317,1716481311317,NH-DC-NM129-D06-ROCE-Leaf-8.GPU.S9825,FourHundredGigE1/0/54,440373,1766435278,260757,1000072448,3.62,2.06
2024/05/24 星期五 00:21:51.882,1716481311882,NH-DC-NM129-D06-ROCE-Leaf-8.GPU.S9825,FourHundredGigE1/0/54,0,0,0,0,0,0
2024/05/24 星期五 00:21:52.385,1716481312385,NH-DC-NM129-D06-ROCE-Leaf-8.GPU.S9825,FourHundredGigE1/0/54,178424,659604880,112124,370832018,1.62,0.92
2024/05/24 星期五 00:21:53.043,1716481313043,NH-DC-NM129-D06-ROCE-Leaf-8.GPU.S9825,FourHundredGigE1/0/54,0,0,0,0,0,0
2024/05/24 星期五 00:21:53.632,1716481313632,NH-DC-NM129-D06-ROCE-Leaf-8.GPU.S9825,FourHundredGigE1/0/54,87685,322052666,83696,282194280,0.68,0.59
2024/05/24 星期五 00:21:54.262,1716481314262,NH-DC-NM129-D06-ROCE-Leaf-8.GPU.S9825,FourHundredGigE1/0/54,0,0,0,0,0,0
2024/05/24 星期五 00:21:54.776,1716481314776,NH-DC-NM129-D06-ROCE-Leaf-8.GPU.S9825,FourHundredGigE1/0/54,224760,865249725,118256,423284796,2.09,1.02
2024/05/24 星期五 00:21:55.419,1716481315419,NH-DC-NM129-D06-ROCE-Leaf-8.GPU.S9825,FourHundredGigE1/0/54,605653,2419552638,639125,2584623810,4.69,5.02
2024/05/24 星期五 00:21:55.956,1716481315956,NH-DC-NM129-D06-ROCE-Leaf-8.GPU.S9825,FourHundredGigE1/0/54,0,0,0,0,0,0
2024/05/24 星期五 00:21:56.576,1716481316576,NH-DC-NM129-D06-ROCE-Leaf-8.GPU.S9825,FourHundredGigE1/0/54,188732,698351744,737665,2965868330,1.39,5.97
2024/05/24 星期五 00:21:57.175,1716481317175,NH-DC-NM129-D06-ROCE-Leaf-8.GPU.S9825,FourHundredGigE1/0/54,283432,1120162592,528329,2110070586,2.34,4.40
2024/05/24 星期五 00:21:58.306,1716481318306,NH-DC-NM129-D06-ROCE-Leaf-8.GPU.S9825,FourHundredGigE1/0/54,533692,2162927254,180636,708294216,2.39,0.77
2024/05/24 星期五 00:21:58.959,1716481318959,NH-DC-NM129-D06-ROCE-Leaf-8.GPU.S9825,FourHundredGigE1/0/54,0,0,0,0,0,0
2024/05/24 星期五 00:21:59.625,1716481319625,NH-DC-NM129-D06-ROCE-Leaf-8.GPU.S9825,FourHundredGigE1/0/54,337215,1343851972,186817,724389902,2.52,1.35
2024/05/24 星期五 00:22:00.281,1716481320281,NH-DC-NM129-D06-ROCE-Leaf-8.GPU.S9825,FourHundredGigE1/0/54,173989,673040714,176151,683313995,1.28,1.30
2024/05/24 星期五 00:22:00.885,1716481320885,NH-DC-NM129-D06-ROCE-Leaf-8.GPU.S9825,FourHundredGigE1/0/54,0,0,0,0,0,0
2024/05/24 星期五 00:22:01.424,1716481321424,NH-DC-NM129-D06-ROCE-Leaf-8.GPU.S9825,FourHundredGigE1/0/54,162235,582177494,78519,287649822,1.35,0.65
2024/05/24 星期五 00:22:01.988,1716481321988,NH-DC-NM129-D06-ROCE-Leaf-8.GPU.S9825,FourHundredGigE1/0/54,0,0,0,0,0,0
2024/05/24 星期五 00:22:02.547,1716481322547,NH-DC-NM129-D06-ROCE-Leaf-8.GPU.S9825,FourHundredGigE1/0/54,341815,1358930790,470498,1847445224,3.02,4.11
2024/05/24 星期五 00:22:03.188,1716481323188,NH-DC-NM129-D06-ROCE-Leaf-8.GPU.S9825,FourHundredGigE1/0/54,115245,425087766,125844,454102512,0.82,0.88
2024/05/24 星期五 00:22:03.789,1716481323789,NH-DC-NM129-D06-ROCE-Leaf-8.GPU.S9825,FourHundredGigE1/0/54,0,0,0,0,0,0
2024/05/24 星期五 00:22:04.454,1716481324454,NH-DC-NM129-D06-ROCE-Leaf-8.GPU.S9825,FourHundredGigE1/0/54,275429,1075239882,167385,643133206,2.01,1.20
2024/05/24 星期五 00:22:04.957,1716481324957,NH-DC-NM129-D06-ROCE-Leaf-8.GPU.S9825,FourHundredGigE1/0/54,0,0,0,0,0,0
2024/05/24 星期五 00:22:05.491,1716481325491,NH-DC-NM129-D06-ROCE-Leaf-8.GPU.S9825,FourHundredGigE1/0/54,212303,835866156,154392,585434004,1.94,1.36
2024/05/24 星期五 00:22:06.031,1716481326031,NH-DC-NM129-D06-ROCE-Leaf-8.GPU.S9825,FourHundredGigE1/0/54,0,0,0,0,0,0
2024/05/24 星期五 00:22:06.582,1716481326582,NH-DC-NM129-D06-ROCE-Leaf-8.GPU.S9825,FourHundredGigE1/0/54,161319,604895896,285020,1147237228,1.36,2.59
2024/05/24 星期五 00:22:07.160,1716481327160,NH-DC-NM129-D06-ROCE-Leaf-8.GPU.S9825,FourHundredGigE1/0/54,0,0,0,0,0,0
2024/05/24 星期五 00:22:07.718,1716481327718,NH-DC-NM129-D06-ROCE-Leaf-8.GPU.S9825,FourHundredGigE1/0/54,106925,401345282,181425,681593146,0.90,1.52
2024/05/24 星期五 00:22:08.229,1716481328229,NH-DC-NM129-D06-ROCE-Leaf-8.GPU.S9825,FourHundredGigE1/0/54,0,0,0,0,0,0
2024/05/24 星期五 00:22:08.744,1716481328744,NH-DC-NM129-D06-ROCE-Leaf-8.GPU.S9825,FourHundredGigE1/0/54,187855,682672125,114268,441076340,1.65,1.07
2024/05/24 星期五 00:22:09.384,1716481329384,NH-DC-NM129-D06-ROCE-Leaf-8.GPU.S9825,FourHundredGigE1/0/54,287890,1142502838,506910,2060113686,2.23,4.02
2024/05/24 星期五 00:22:10.373,1716481330373,NH-DC-NM129-D06-ROCE-Leaf-8.GPU.S9825,FourHundredGigE1/0/54,135344,537354564,88140,324898446,0.67,0.40
2024/05/24 星期五 00:22:10.876,1716481330876,NH-DC-NM129-D06-ROCE-Leaf-8.GPU.S9825,FourHundredGigE1/0/54,0,0,0,0,0,0
2024/05/24 星期五 00:22:11.524,1716481331524,NH-DC-NM129-D06-ROCE-Leaf-8.GPU.S9825,FourHundredGigE1/0/54,213271,860705826,156279,617152298,1.66,1.18
2024/05/24 星期五 00:22:12.093,1716481332093,NH-DC-NM129-D06-ROCE-Leaf-8.GPU.S9825,FourHundredGigE1/0/54,0,0,0,0,0,0
2024/05/24 星期五 00:22:12.594,1716481332594,NH-DC-NM129-D06-ROCE-Leaf-8.GPU.S9825,FourHundredGigE1/0/54,92547,372064090,88589,338663946,0.92,0.82
2024/05/24 星期五 00:22:13.330,1716481333330,NH-DC-NM129-D06-ROCE-Leaf-8.GPU.S9825,FourHundredGigE1/0/54,320695,1275253488,150082,578917836,2.16,0.97
2024/05/24 星期五 00:22:13.937,1716481333937,NH-DC-NM129-D06-ROCE-Leaf-8.GPU.S9825,FourHundredGigE1/0/54,0,0,0,0,0,0
2024/05/24 星期五 00:22:14.438,1716481334438,NH-DC-NM129-D06-ROCE-Leaf-8.GPU.S9825,FourHundredGigE1/0/54,162299,527740798,69529,260868946,1.30,0.65
2024/05/24 星期五 00:22:15.101,1716481335101,NH-DC-NM129-D06-ROCE-Leaf-8.GPU.S9825,FourHundredGigE1/0/54,216425,745598214,144527,432164936,1.40,0.81
2024/05/24 星期五 00:22:15.755,1716481335755,NH-DC-NM129-D06-ROCE-Leaf-8.GPU.S9825,FourHundredGigE1/0/54,0,0,0,0,0,0
2024/05/24 星期五 00:22:16.306,1716481336306,NH-DC-NM129-D06-ROCE-Leaf-8.GPU.S9825,FourHundredGigE1/0/54,244137,847185169,172614,643137600,1.91,1.45
2024/05/24 星期五 00:22:16.925,1716481336925,NH-DC-NM129-D06-ROCE-Leaf-8.GPU.S9825,FourHundredGigE1/0/54,0,0,0,0,0,0
2024/05/24 星期五 00:22:17.502,1716481337502,NH-DC-NM129-D06-ROCE-Leaf-8.GPU.S9825,FourHundredGigE1/0/54,283190,999207972,168465,672058538,2.14,1.45
2024/05/24 星期五 00:22:18.100,1716481338100,NH-DC-NM129-D06-ROCE-Leaf-8.GPU.S9825,FourHundredGigE1/0/54,1821782,7419657988,116940,428967956,15.49,0.88
2024/05/24 星期五 00:22:19.338,1716481339338,NH-DC-NM129-D06-ROCE-Leaf-8.GPU.S9825,FourHundredGigE1/0/54,2444965,9989659308,255896,971490768,10.08,0.98
2024/05/24 星期五 00:22:20.227,1716481340227,NH-DC-NM129-D06-ROCE-Leaf-8.GPU.S9825,FourHundredGigE1/0/54,327894,1322322674,369960,1470104172,1.86,2.07
2024/05/24 星期五 00:22:20.796,1716481340796,NH-DC-NM129-D06-ROCE-Leaf-8.GPU.S9825,FourHundredGigE1/0/54,0,0,0,0,0,0
2024/05/24 星期五 00:22:21.300,1716481341300,NH-DC-NM129-D06-ROCE-Leaf-8.GPU.S9825,FourHundredGigE1/0/54,228102,910880232,228735,648030242,2.26,1.59
2024/05/24 星期五 00:22:21.964,1716481341964,NH-DC-NM129-D06-ROCE-Leaf-8.GPU.S9825,FourHundredGigE1/0/54,0,0,0,0,0,0
2024/05/24 星期五 00:22:22.533,1716481342533,NH-DC-NM129-D06-ROCE-Leaf-8.GPU.S9825,FourHundredGigE1/0/54,400997,1575793442,179749,533895694,3.45,1.16
2024/05/24 星期五 00:22:23.166,1716481343166,NH-DC-NM129-D06-ROCE-Leaf-8.GPU.S9825,FourHundredGigE1/0/54,276161,710421114,129129,498781430,1.40,0.97
2024/05/24 星期五 00:22:23.792,1716481343792,NH-DC-NM129-D06-ROCE-Leaf-8.GPU.S9825,FourHundredGigE1/0/54,0,0,0,0,0,0
2024/05/24 星期五 00:22:24.366,1716481344366,NH-DC-NM129-D06-ROCE-Leaf-8.GPU.S9825,FourHundredGigE1/0/54,304299,1122986139,443147,1734359038,2.44,3.77
2024/05/24 星期五 00:22:24.870,1716481344870,NH-DC-NM129-D06-ROCE-Leaf-8.GPU.S9825,FourHundredGigE1/0/54,0,0,0,0,0,0
2024/05/24 星期五 00:22:25.713,1716481345713,NH-DC-NM129-D06-ROCE-Leaf-8.GPU.S9825,FourHundredGigE1/0/54,169985,688632682,173709,622675338,1.01,0.92
2024/05/24 星期五 00:22:26.309,1716481346309,NH-DC-NM129-D06-ROCE-Leaf-8.GPU.S9825,FourHundredGigE1/0/54,123423,469815518,155986,298416490,0.96,0.61
2024/05/24 星期五 00:22:26.870,1716481346870,NH-DC-NM129-D06-ROCE-Leaf-8.GPU.S9825,FourHundredGigE1/0/54,0,0,0,0,0,0
2024/05/24 星期五 00:22:27.470,1716481347470,NH-DC-NM129-D06-ROCE-Leaf-8.GPU.S9825,FourHundredGigE1/0/54,243385,948694090,213017,672849024,1.96,1.40
2024/05/24 星期五 00:22:28.024,1716481348024,NH-DC-NM129-D06-ROCE-Leaf-8.GPU.S9825,FourHundredGigE1/0/54,0,0,0,0,0,0
2024/05/24 星期五 00:22:28.525,1716481348525,NH-DC-NM129-D06-ROCE-Leaf-8.GPU.S9825,FourHundredGigE1/0/54,205811,812228375,272337,1090600642,2.02,2.72
2024/05/24 星期五 00:22:30.924,1716481350924,NH-DC-NM129-D06-ROCE-Leaf-8.GPU.S9825,FourHundredGigE1/0/54,226049,821745598,148178,535124040,0.43,0.28
2024/05/24 星期五 00:22:31.927,1716481351927,NH-DC-NM129-D06-ROCE-Leaf-8.GPU.S9825,FourHundredGigE1/0/54,143910,571409092,458888,1823281494,0.71,2.27
2024/05/24 星期五 00:22:32.438,1716481352438,NH-DC-NM129-D06-ROCE-Leaf-8.GPU.S9825,FourHundredGigE1/0/54,121802,494885276,414851,1635456840,1.20,3.99
2024/05/24 星期五 00:22:33.134,1716481353134,NH-DC-NM129-D06-ROCE-Leaf-8.GPU.S9825,FourHundredGigE1/0/54,0,0,0,0,0,0
2024/05/24 星期五 00:22:33.695,1716481353695,NH-DC-NM129-D06-ROCE-Leaf-8.GPU.S9825,FourHundredGigE1/0/54,90843,350144066,130106,434383016,0.78,0.96
2024/05/24 星期五 00:22:34.261,1716481354261,NH-DC-NM129-D06-ROCE-Leaf-8.GPU.S9825,FourHundredGigE1/0/54,0,0,0,0,0,0
2024/05/24 星期五 00:22:34.769,1716481354769,NH-DC-NM129-D06-ROCE-Leaf-8.GPU.S9825,FourHundredGigE1/0/54,225118,859461848,75364,268404528,2.09,0.64
2024/05/24 星期五 00:22:35.270,1716481355270,NH-DC-NM129-D06-ROCE-Leaf-8.GPU.S9825,FourHundredGigE1/0/54,390703,1535159698,482355,1939660030,3.82,4.82
2024/05/24 星期五 00:22:35.898,1716481355898,NH-DC-NM129-D06-ROCE-Leaf-8.GPU.S9825,FourHundredGigE1/0/54,0,0,0,0,0,0
2024/05/24 星期五 00:22:36.562,1716481356562,NH-DC-NM129-D06-ROCE-Leaf-8.GPU.S9825,FourHundredGigE1/0/54,196680,704296852,153853,594229082,1.32,1.11
2024/05/24 星期五 00:22:37.088,1716481357088,NH-DC-NM129-D06-ROCE-Leaf-8.GPU.S9825,FourHundredGigE1/0/54,220326,825865000,54976,158021864,1.95,0.36
2024/05/24 星期五 00:22:38.213,1716481358213,NH-DC-NM129-D06-ROCE-Leaf-8.GPU.S9825,FourHundredGigE1/0/54,138332,514803170,176580,654094684,0.57,0.72
2024/05/24 星期五 00:22:39.600,1716481359600,NH-DC-NM129-D06-ROCE-Leaf-8.GPU.S9825,FourHundredGigE1/0/54,407389,1602611100,265360,991665144,1.44,0.89
2024/05/24 星期五 00:22:40.308,1716481360308,NH-DC-NM129-D06-ROCE-Leaf-8.GPU.S9825,FourHundredGigE1/0/54,116541,420600430,132300,455043800,0.74,0.79
2024/05/24 星期五 00:22:40.863,1716481360863,NH-DC-NM129-D06-ROCE-Leaf-8.GPU.S9825,FourHundredGigE1/0/54,0,0,0,0,0,0
2024/05/24 星期五 00:22:41.485,1716481361485,NH-DC-NM129-D06-ROCE-Leaf-8.GPU.S9825,FourHundredGigE1/0/54,108595,388563006,135512,492172316,0.76,0.98
2024/05/24 星期五 00:22:41.986,1716481361986,NH-DC-NM129-D06-ROCE-Leaf-8.GPU.S9825,FourHundredGigE1/0/54,0,0,0,0,0,0
2024/05/24 星期五 00:22:42.607,1716481362607,NH-DC-NM129-D06-ROCE-Leaf-8.GPU.S9825,FourHundredGigE1/0/54,230085,844785598,230762,871829150,1.69,1.75
2024/05/24 星期五 00:22:43.373,1716481363373,NH-DC-NM129-D06-ROCE-Leaf-8.GPU.S9825,FourHundredGigE1/0/54,240596,932855696,111955,415509232,1.52,0.67
2024/05/24 星期五 00:22:43.905,1716481363905,NH-DC-NM129-D06-ROCE-Leaf-8.GPU.S9825,FourHundredGigE1/0/54,0,0,0,0,0,0
2024/05/24 星期五 00:22:44.471,1716481364471,NH-DC-NM129-D06-ROCE-Leaf-8.GPU.S9825,FourHundredGigE1/0/54,222690,825106700,128302,442919836,1.81,0.97
2024/05/24 星期五 00:22:45.026,1716481365026,NH-DC-NM129-D06-ROCE-Leaf-8.GPU.S9825,FourHundredGigE1/0/54,0,0,0,0,0,0
2024/05/24 星期五 00:22:45.529,1716481365529,NH-DC-NM129-D06-ROCE-Leaf-8.GPU.S9825,FourHundredGigE1/0/54,218629,889400638,68139,206438818,2.19,0.50
2024/05/24 星期五 00:22:46.189,1716481366189,NH-DC-NM129-D06-ROCE-Leaf-8.GPU.S9825,FourHundredGigE1/0/54,299150,1153526880,365329,1433723834,2.18,2.71
2024/05/24 星期五 00:22:46.876,1716481366876,NH-DC-NM129-D06-ROCE-Leaf-8.GPU.S9825,FourHundredGigE1/0/54,0,0,0,0,0,0
2024/05/24 星期五 00:22:47.379,1716481367379,NH-DC-NM129-D06-ROCE-Leaf-8.GPU.S9825,FourHundredGigE1/0/54,337489,1334571850,114331,401181662,3.31,0.99
2024/05/24 星期五 00:22:48.012,1716481368012,NH-DC-NM129-D06-ROCE-Leaf-8.GPU.S9825,FourHundredGigE1/0/54,0,0,0,0,0,0
2024/05/24 星期五 00:22:48.625,1716481368625,NH-DC-NM129-D06-ROCE-Leaf-8.GPU.S9825,FourHundredGigE1/0/54,225151,892066770,245166,892665772,1.81,1.81
2024/05/24 星期五 00:22:49.126,1716481369126,NH-DC-NM129-D06-ROCE-Leaf-8.GPU.S9825,FourHundredGigE1/0/54,0,0,0,0,0,0
2024/05/24 星期五 00:22:49.627,1716481369627,NH-DC-NM129-D06-ROCE-Leaf-8.GPU.S9825,FourHundredGigE1/0/54,239829,919948770,212832,816511612,2.27,2.02
2024/05/24 星期五 00:22:50.479,1716481370479,NH-DC-NM129-D06-ROCE-Leaf-8.GPU.S9825,FourHundredGigE1/0/54,312115,1157758710,211006,798598100,1.69,1.16
2024/05/24 星期五 00:22:50.992,1716481370992,NH-DC-NM129-D06-ROCE-Leaf-8.GPU.S9825,FourHundredGigE1/0/54,0,0,0,0,0,0
2024/05/24 星期五 00:22:51.551,1716481371551,NH-DC-NM129-D06-ROCE-Leaf-8.GPU.S9825,FourHundredGigE1/0/54,181555,670684918,171889,661315060,1.50,1.48
2024/05/24 星期五 00:22:52.087,1716481372087,NH-DC-NM129-D06-ROCE-Leaf-8.GPU.S9825,FourHundredGigE1/0/54,0,0,0,0,0,0
2024/05/24 星期五 00:22:52.589,1716481372589,NH-DC-NM129-D06-ROCE-Leaf-8.GPU.S9825,FourHundredGigE1/0/54,186418,699586176,192853,740159902,1.72,1.84
2024/05/24 星期五 00:22:53.283,1716481373283,NH-DC-NM129-D06-ROCE-Leaf-8.GPU.S9825,FourHundredGigE1/0/54,260213,1010925598,366798,1488373624,1.82,2.67
2024/05/24 星期五 00:22:57.501,1716481377501,NH-DC-NM129-D06-ROCE-Leaf-8.GPU.S9825,FourHundredGigE1/0/54,1205733,4516380879,1003955,3746992994,1.34,1.11
2024/05/24 星期五 00:22:58.093,1716481378093,NH-DC-NM129-D06-ROCE-Leaf-8.GPU.S9825,FourHundredGigE1/0/54,0,0,0,0,0,0
2024/05/24 星期五 00:22:58.725,1716481378725,NH-DC-NM129-D06-ROCE-Leaf-8.GPU.S9825,FourHundredGigE1/0/54,175851,682397196,80885,310774502,1.34,0.61
2024/05/24 星期五 00:22:59.279,1716481379279,NH-DC-NM129-D06-ROCE-Leaf-8.GPU.S9825,FourHundredGigE1/0/54,0,0,0,0,0,0
2024/05/24 星期五 00:22:59.777,1716481379777,NH-DC-NM129-D06-ROCE-Leaf-8.GPU.S9825,FourHundredGigE1/0/54,156496,562584166,133346,426430020,1.41,1.05
2024/05/24 星期五 00:23:00.465,1716481380465,NH-DC-NM129-D06-ROCE-Leaf-8.GPU.S9825,FourHundredGigE1/0/54,164546,611971792,461284,1849526066,1.11,3.34
2024/05/24 星期五 00:23:01.103,1716481381103,NH-DC-NM129-D06-ROCE-Leaf-8.GPU.S9825,FourHundredGigE1/0/54,0,0,0,0,0,0
2024/05/24 星期五 00:23:01.611,1716481381611,NH-DC-NM129-D06-ROCE-Leaf-8.GPU.S9825,FourHundredGigE1/0/54,129718,473498428,108658,427204990,1.16,1.03
2024/05/24 星期五 00:23:02.360,1716481382360,NH-DC-NM129-D06-ROCE-Leaf-8.GPU.S9825,FourHundredGigE1/0/54,161171,640132554,125107,479390992,1.07,0.78
2024/05/24 星期五 00:23:02.872,1716481382872,NH-DC-NM129-D06-ROCE-Leaf-8.GPU.S9825,FourHundredGigE1/0/54,0,0,0,0,0,0
2024/05/24 星期五 00:23:03.374,1716481383374,NH-DC-NM129-D06-ROCE-Leaf-8.GPU.S9825,FourHundredGigE1/0/54,315576,1177706233,2319635,9457193142,2.91,23.53
2024/05/24 星期五 00:23:04.253,1716481384253,NH-DC-NM129-D06-ROCE-Leaf-8.GPU.S9825,FourHundredGigE1/0/54,0,0,0,0,0,0
2024/05/24 星期五 00:23:04.781,1716481384781,NH-DC-NM129-D06-ROCE-Leaf-8.GPU.S9825,FourHundredGigE1/0/54,255977,949183166,2746998,11200860626,2.23,26.52
2024/05/24 星期五 00:23:05.444,1716481385444,NH-DC-NM129-D06-ROCE-Leaf-8.GPU.S9825,FourHundredGigE1/0/54,137669,509554518,1265965,5132869878,0.94,9.67
2024/05/24 星期五 00:23:05.945,1716481385945,NH-DC-NM129-D06-ROCE-Leaf-8.GPU.S9825,FourHundredGigE1/0/54,0,0,0,0,0,0
2024/05/24 星期五 00:23:06.446,1716481386446,NH-DC-NM129-D06-ROCE-Leaf-8.GPU.S9825,FourHundredGigE1/0/54,442142,1759953416,1425182,5801671240,4.37,14.47
2024/05/24 星期五 00:23:07.013,1716481387013,NH-DC-NM129-D06-ROCE-Leaf-8.GPU.S9825,FourHundredGigE1/0/54,98704,356655963,1735370,6976999724,0.77,15.37
2024/05/24 星期五 00:23:07.807,1716481387807,NH-DC-NM129-D06-ROCE-Leaf-8.GPU.S9825,FourHundredGigE1/0/54,0,0,0,0,0,0
2024/05/24 星期五 00:23:08.430,1716481388430,NH-DC-NM129-D06-ROCE-Leaf-8.GPU.S9825,FourHundredGigE1/0/54,127196,476626742,1755159,7065881684,0.94,14.17
2024/05/24 星期五 00:23:08.981,1716481388981,NH-DC-NM129-D06-ROCE-Leaf-8.GPU.S9825,FourHundredGigE1/0/54,0,0,0,0,0,0
2024/05/24 星期五 00:23:09.482,1716481389482,NH-DC-NM129-D06-ROCE-Leaf-8.GPU.S9825,FourHundredGigE1/0/54,227068,881527401,2476120,10045782568,2.20,25.05
2024/05/24 星期五 00:23:10.041,1716481390041,NH-DC-NM129-D06-ROCE-Leaf-8.GPU.S9825,FourHundredGigE1/0/54,0,0,0,0,0,0
2024/05/24 星期五 00:23:10.567,1716481390567,NH-DC-NM129-D06-ROCE-Leaf-8.GPU.S9825,FourHundredGigE1/0/54,256200,1010968728,2656974,10824370746,2.40,25.71
2024/05/24 星期五 00:23:11.446,1716481391446,NH-DC-NM129-D06-ROCE-Leaf-8.GPU.S9825,FourHundredGigE1/0/54,517433,2079663994,1159084,4710568692,2.94,6.70
2024/05/24 星期五 00:23:12.061,1716481392061,NH-DC-NM129-D06-ROCE-Leaf-8.GPU.S9825,FourHundredGigE1/0/54,0,0,0,0,0,0
2024/05/24 星期五 00:23:12.562,1716481392562,NH-DC-NM129-D06-ROCE-Leaf-8.GPU.S9825,FourHundredGigE1/0/54,278893,1029318702,153708,584290013,2.54,1.45
2024/05/24 星期五 00:23:13.093,1716481393093,NH-DC-NM129-D06-ROCE-Leaf-8.GPU.S9825,FourHundredGigE1/0/54,0,0,0,0,0,0
2024/05/24 星期五 00:23:13.594,1716481393594,NH-DC-NM129-D06-ROCE-Leaf-8.GPU.S9825,FourHundredGigE1/0/54,187394,690181072,180640,673034504,1.72,1.67
2024/05/24 星期五 00:23:14.116,1716481394116,NH-DC-NM129-D06-ROCE-Leaf-8.GPU.S9825,FourHundredGigE1/0/54,0,0,0,0,0,0
2024/05/24 星期五 00:23:14.636,1716481394636,NH-DC-NM129-D06-ROCE-Leaf-8.GPU.S9825,FourHundredGigE1/0/54,186714,710990584,253640,970493172,1.71,2.33
2024/05/24 星期五 00:23:15.374,1716481395374,NH-DC-NM129-D06-ROCE-Leaf-8.GPU.S9825,FourHundredGigE1/0/54,293132,1129425292,571647,2270370978,1.90,3.84
2024/05/24 星期五 00:23:15.877,1716481395877,NH-DC-NM129-D06-ROCE-Leaf-8.GPU.S9825,FourHundredGigE1/0/54,0,0,0,0,0,0
2024/05/24 星期五 00:23:16.378,1716481396378,NH-DC-NM129-D06-ROCE-Leaf-8.GPU.S9825,FourHundredGigE1/0/54,267625,1029430188,240778,910341477,2.54,2.27
2024/05/24 星期五 00:23:16.945,1716481396945,NH-DC-NM129-D06-ROCE-Leaf-8.GPU.S9825,FourHundredGigE1/0/54,0,0,0,0,0,0
2024/05/24 星期五 00:23:17.571,1716481397571,NH-DC-NM129-D06-ROCE-Leaf-8.GPU.S9825,FourHundredGigE1/0/54,154992,567350896,110509,383489838,1.12,0.76
2024/05/24 星期五 00:23:18.212,1716481398212,NH-DC-NM129-D06-ROCE-Leaf-8.GPU.S9825,FourHundredGigE1/0/54,342148,1374201268,293648,1141491807,2.67,2.22
2024/05/24 星期五 00:23:19.466,1716481399466,NH-DC-NM129-D06-ROCE-Leaf-8.GPU.S9825,FourHundredGigE1/0/54,206687,696597656,360210,1408763836,0.69,1.40
2024/05/24 星期五 00:23:20.068,1716481400068,NH-DC-NM129-D06-ROCE-Leaf-8.GPU.S9825,FourHundredGigE1/0/54,0,0,0,0,0,0
2024/05/24 星期五 00:23:20.664,1716481400664,NH-DC-NM129-D06-ROCE-Leaf-8.GPU.S9825,FourHundredGigE1/0/54,264873,1032002382,297573,1123237606,2.16,2.35
2024/05/24 星期五 00:23:21.321,1716481401321,NH-DC-NM129-D06-ROCE-Leaf-8.GPU.S9825,FourHundredGigE1/0/54,173449,665953086,264283,963111322,1.26,1.83
2024/05/24 星期五 00:23:21.971,1716481401971,NH-DC-NM129-D06-ROCE-Leaf-8.GPU.S9825,FourHundredGigE1/0/54,0,0,0,0,0,0
2024/05/24 星期五 00:23:22.567,1716481402567,NH-DC-NM129-D06-ROCE-Leaf-8.GPU.S9825,FourHundredGigE1/0/54,511493,2055342030,222847,816009244,4.30,1.70
2024/05/24 星期五 00:23:23.070,1716481403070,NH-DC-NM129-D06-ROCE-Leaf-8.GPU.S9825,FourHundredGigE1/0/54,0,0,0,0,0,0
2024/05/24 星期五 00:23:23.615,1716481403615,NH-DC-NM129-D06-ROCE-Leaf-8.GPU.S9825,FourHundredGigE1/0/54,132029,509863776,185926,711141806,1.15,1.63
2024/05/24 星期五 00:23:24.278,1716481404278,NH-DC-NM129-D06-ROCE-Leaf-8.GPU.S9825,FourHundredGigE1/0/54,0,0,0,0,0,0
2024/05/24 星期五 00:23:24.781,1716481404781,NH-DC-NM129-D06-ROCE-Leaf-8.GPU.S9825,FourHundredGigE1/0/54,164387,622805149,172490,696779200,1.54,1.71
2024/05/24 星期五 00:23:25.552,1716481405552,NH-DC-NM129-D06-ROCE-Leaf-8.GPU.S9825,FourHundredGigE1/0/54,80488,305442560,148758,541017980,0.49,0.88
2024/05/24 星期五 00:23:26.150,1716481406150,NH-DC-NM129-D06-ROCE-Leaf-8.GPU.S9825,FourHundredGigE1/0/54,0,0,0,0,0,0
2024/05/24 星期五 00:23:26.650,1716481406650,NH-DC-NM129-D06-ROCE-Leaf-8.GPU.S9825,FourHundredGigE1/0/54,229526,908444532,260660,1052720040,2.25,2.62
2024/05/24 星期五 00:23:27.229,1716481407229,NH-DC-NM129-D06-ROCE-Leaf-8.GPU.S9825,FourHundredGigE1/0/54,183535,694624382,164634,643956356,1.49,1.38
2024/05/24 星期五 00:23:27.867,1716481407867,NH-DC-NM129-D06-ROCE-Leaf-8.GPU.S9825,FourHundredGigE1/0/54,0,0,0,0,0,0
2024/05/24 星期五 00:23:28.368,1716481408368,NH-DC-NM129-D06-ROCE-Leaf-8.GPU.S9825,FourHundredGigE1/0/54,128339,484133226,1327381,5383610178,1.20,13.42
2024/05/24 星期五 00:23:29.112,1716481409112,NH-DC-NM129-D06-ROCE-Leaf-8.GPU.S9825,FourHundredGigE1/0/54,0,0,0,0,0,0
2024/05/24 星期五 00:23:29.697,1716481409697,NH-DC-NM129-D06-ROCE-Leaf-8.GPU.S9825,FourHundredGigE1/0/54,202874,787661883,2837252,11562113580,1.67,24.70
2024/05/24 星期五 00:23:30.201,1716481410201,NH-DC-NM129-D06-ROCE-Leaf-8.GPU.S9825,FourHundredGigE1/0/54,0,0,0,0,0,0
2024/05/24 星期五 00:23:30.702,1716481410702,NH-DC-NM129-D06-ROCE-Leaf-8.GPU.S9825,FourHundredGigE1/0/54,42221,140287788,2119662,8571758644,0.35,21.38
2024/05/24 星期五 00:23:31.578,1716481411578,NH-DC-NM129-D06-ROCE-Leaf-8.GPU.S9825,FourHundredGigE1/0/54,330473,1286349862,1795935,7231740276,1.83,10.32
2024/05/24 星期五 00:23:32.623,1716481412623,NH-DC-NM129-D06-ROCE-Leaf-8.GPU.S9825,FourHundredGigE1/0/54,233658,924076816,499932,1852398458,1.10,2.21
2024/05/24 星期五 00:23:33.237,1716481413237,NH-DC-NM129-D06-ROCE-Leaf-8.GPU.S9825,FourHundredGigE1/0/54,0,0,0,0,0,0
2024/05/24 星期五 00:23:33.751,1716481413751,NH-DC-NM129-D06-ROCE-Leaf-8.GPU.S9825,FourHundredGigE1/0/54,350986,1375747956,426484,1562932056,3.33,3.79
2024/05/24 星期五 00:23:34.629,1716481414629,NH-DC-NM129-D06-ROCE-Leaf-8.GPU.S9825,FourHundredGigE1/0/54,521244,2113232304,88402,292174796,3.00,0.41
2024/05/24 星期五 00:23:35.154,1716481415154,NH-DC-NM129-D06-ROCE-Leaf-8.GPU.S9825,FourHundredGigE1/0/54,0,0,0,0,0,0
2024/05/24 星期五 00:23:35.662,1716481415662,NH-DC-NM129-D06-ROCE-Leaf-8.GPU.S9825,FourHundredGigE1/0/54,2026324,8284310188,166383,397376858,20.37,0.96
2024/05/24 星期五 00:23:36.394,1716481416394,NH-DC-NM129-D06-ROCE-Leaf-8.GPU.S9825,FourHundredGigE1/0/54,2123508,8699628496,294392,978633704,14.84,1.66
2024/05/24 星期五 00:23:36.904,1716481416904,NH-DC-NM129-D06-ROCE-Leaf-8.GPU.S9825,FourHundredGigE1/0/54,0,0,0,0,0,0
2024/05/24 星期五 00:23:37.406,1716481417406,NH-DC-NM129-D06-ROCE-Leaf-8.GPU.S9825,FourHundredGigE1/0/54,401220,1583687546,579544,2292142032,3.93,5.70
2024/05/24 星期五 00:23:39.588,1716481419588,NH-DC-NM129-D06-ROCE-Leaf-8.GPU.S9825,FourHundredGigE1/0/54,107520,413968826,102975,325163774,0.23,0.18
2024/05/24 星期五 00:23:40.298,1716481420298,NH-DC-NM129-D06-ROCE-Leaf-8.GPU.S9825,FourHundredGigE1/0/54,242077,941363150,303004,1198708428,1.65,2.10
2024/05/24 星期五 00:23:40.849,1716481420849,NH-DC-NM129-D06-ROCE-Leaf-8.GPU.S9825,FourHundredGigE1/0/54,0,0,0,0,0,0
2024/05/24 星期五 00:23:41.496,1716481421496,NH-DC-NM129-D06-ROCE-Leaf-8.GPU.S9825,FourHundredGigE1/0/54,143891,568825978,132057,471860958,1.08,0.91
2024/05/24 星期五 00:23:41.997,1716481421997,NH-DC-NM129-D06-ROCE-Leaf-8.GPU.S9825,FourHundredGigE1/0/54,0,0,0,0,0,0
2024/05/24 星期五 00:23:42.697,1716481422697,NH-DC-NM129-D06-ROCE-Leaf-8.GPU.S9825,FourHundredGigE1/0/54,381628,1546035340,282555,1104435802,2.75,1.96
2024/05/24 星期五 00:23:43.403,1716481423403,NH-DC-NM129-D06-ROCE-Leaf-8.GPU.S9825,FourHundredGigE1/0/54,293375,1144266186,142532,502456324,2.02,0.89
2024/05/24 星期五 00:23:43.904,1716481423904,NH-DC-NM129-D06-ROCE-Leaf-8.GPU.S9825,FourHundredGigE1/0/54,0,0,0,0,0,0
2024/05/24 星期五 00:23:44.405,1716481424405,NH-DC-NM129-D06-ROCE-Leaf-8.GPU.S9825,FourHundredGigE1/0/54,362670,1445737880,311572,1216583884,3.59,3.02
2024/05/24 星期五 00:23:44.995,1716481424995,NH-DC-NM129-D06-ROCE-Leaf-8.GPU.S9825,FourHundredGigE1/0/54,0,0,0,0,0,0
2024/05/24 星期五 00:23:45.587,1716481425587,NH-DC-NM129-D06-ROCE-Leaf-8.GPU.S9825,FourHundredGigE1/0/54,124532,442496644,110825,417059766,0.93,0.87
2024/05/24 星期五 00:23:46.256,1716481426256,NH-DC-NM129-D06-ROCE-Leaf-8.GPU.S9825,FourHundredGigE1/0/54,114232,379846680,85070,313747553,0.69,0.58
2024/05/24 星期五 00:23:46.854,1716481426854,NH-DC-NM129-D06-ROCE-Leaf-8.GPU.S9825,FourHundredGigE1/0/54,0,0,0,0,0,0
2024/05/24 星期五 00:23:47.355,1716481427355,NH-DC-NM129-D06-ROCE-Leaf-8.GPU.S9825,FourHundredGigE1/0/54,492402,1913405276,264280,1039812476,4.77,2.57
2024/05/24 星期五 00:23:47.883,1716481427883,NH-DC-NM129-D06-ROCE-Leaf-8.GPU.S9825,FourHundredGigE1/0/54,0,0,0,0,0,0
2024/05/24 星期五 00:23:48.399,1716481428399,NH-DC-NM129-D06-ROCE-Leaf-8.GPU.S9825,FourHundredGigE1/0/54,149488,530229428,176154,693540248,1.28,1.67
2024/05/24 星期五 00:23:48.904,1716481428904,NH-DC-NM129-D06-ROCE-Leaf-8.GPU.S9825,FourHundredGigE1/0/54,0,0,0,0,0,0
2024/05/24 星期五 00:23:49.635,1716481429635,NH-DC-NM129-D06-ROCE-Leaf-8.GPU.S9825,FourHundredGigE1/0/54,121663,444088586,232824,843375152,0.75,1.44
2024/05/24 星期五 00:23:50.247,1716481430247,NH-DC-NM129-D06-ROCE-Leaf-8.GPU.S9825,FourHundredGigE1/0/54,0,0,0,0,0,0
2024/05/24 星期五 00:23:50.751,1716481430751,NH-DC-NM129-D06-ROCE-Leaf-8.GPU.S9825,FourHundredGigE1/0/54,113281,396066294,120054,443655389,0.97,1.09
2024/05/24 星期五 00:23:51.380,1716481431380,NH-DC-NM129-D06-ROCE-Leaf-8.GPU.S9825,FourHundredGigE1/0/54,147822,542514082,296525,1180965658,1.07,2.34
2024/05/24 星期五 00:23:51.916,1716481431916,NH-DC-NM129-D06-ROCE-Leaf-8.GPU.S9825,FourHundredGigE1/0/54,0,0,0,0,0,0
2024/05/24 星期五 00:23:52.417,1716481432417,NH-DC-NM129-D06-ROCE-Leaf-8.GPU.S9825,FourHundredGigE1/0/54,128169,419455752,103027,406726718,1.02,1.00
2024/05/24 星期五 00:23:53.070,1716481433070,NH-DC-NM129-D06-ROCE-Leaf-8.GPU.S9825,FourHundredGigE1/0/54,0,0,0,0,0,0
2024/05/24 星期五 00:23:53.722,1716481433722,NH-DC-NM129-D06-ROCE-Leaf-8.GPU.S9825,FourHundredGigE1/0/54,176155,645631926,176180,691137252,1.23,1.32
2024/05/24 星期五 00:23:54.227,1716481434227,NH-DC-NM129-D06-ROCE-Leaf-8.GPU.S9825,FourHundredGigE1/0/54,0,0,0,0,0,0
2024/05/24 星期五 00:23:54.729,1716481434729,NH-DC-NM129-D06-ROCE-Leaf-8.GPU.S9825,FourHundredGigE1/0/54,71725,283359239,334558,1352971698,0.70,3.36
2024/05/24 星期五 00:23:55.275,1716481435275,NH-DC-NM129-D06-ROCE-Leaf-8.GPU.S9825,FourHundredGigE1/0/54,135247,471821714,225364,906993210,1.08,2.06
2024/05/24 星期五 00:23:55.973,1716481435973,NH-DC-NM129-D06-ROCE-Leaf-8.GPU.S9825,FourHundredGigE1/0/54,0,0,0,0,0,0
2024/05/24 星期五 00:23:56.535,1716481436535,NH-DC-NM129-D06-ROCE-Leaf-8.GPU.S9825,FourHundredGigE1/0/54,200445,753103306,111991,444459942,1.67,0.98
2024/05/24 星期五 00:23:57.140,1716481437140,NH-DC-NM129-D06-ROCE-Leaf-8.GPU.S9825,FourHundredGigE1/0/54,0,0,0,0,0,0
2024/05/24 星期五 00:23:57.641,1716481437641,NH-DC-NM129-D06-ROCE-Leaf-8.GPU.S9825,FourHundredGigE1/0/54,157640,611404760,66896,171198248,1.52,0.42
2024/05/24 星期五 00:23:58.328,1716481438328,NH-DC-NM129-D06-ROCE-Leaf-8.GPU.S9825,FourHundredGigE1/0/54,83089,313607938,112894,406947008,0.56,0.73
2024/05/24 星期五 00:23:58.969,1716481438969,NH-DC-NM129-D06-ROCE-Leaf-8.GPU.S9825,FourHundredGigE1/0/54,0,0,0,0,0,0
2024/05/24 星期五 00:23:59.636,1716481439636,NH-DC-NM129-D06-ROCE-Leaf-8.GPU.S9825,FourHundredGigE1/0/54,101228,360461296,168959,663832046,0.67,1.24
2024/05/24 星期五 00:24:00.238,1716481440238,NH-DC-NM129-D06-ROCE-Leaf-8.GPU.S9825,FourHundredGigE1/0/54,110820,402999242,272123,1067083882,0.83,2.20
2024/05/24 星期五 00:24:00.846,1716481440846,NH-DC-NM129-D06-ROCE-Leaf-8.GPU.S9825,FourHundredGigE1/0/54,0,0,0,0,0,0
2024/05/24 星期五 00:24:01.401,1716481441401,NH-DC-NM129-D06-ROCE-Leaf-8.GPU.S9825,FourHundredGigE1/0/54,100285,391953436,133183,497991298,0.88,1.10
2024/05/24 星期五 00:24:01.991,1716481441991,NH-DC-NM129-D06-ROCE-Leaf-8.GPU.S9825,FourHundredGigE1/0/54,0,0,0,0,0,0
2024/05/24 星期五 00:24:02.627,1716481442627,NH-DC-NM129-D06-ROCE-Leaf-8.GPU.S9825,FourHundredGigE1/0/54,468968,1846663300,324545,1318917190,3.62,2.57
2024/05/24 星期五 00:24:03.220,1716481443220,NH-DC-NM129-D06-ROCE-Leaf-8.GPU.S9825,FourHundredGigE1/0/54,163569,629587643,188011,728028934,1.31,1.52
2024/05/24 星期五 00:24:03.853,1716481443853,NH-DC-NM129-D06-ROCE-Leaf-8.GPU.S9825,FourHundredGigE1/0/54,0,0,0,0,0,0
2024/05/24 星期五 00:24:04.389,1716481444389,NH-DC-NM129-D06-ROCE-Leaf-8.GPU.S9825,FourHundredGigE1/0/54,284613,1122883538,112712,289861612,2.61,0.65
2024/05/24 星期五 00:24:04.910,1716481444910,NH-DC-NM129-D06-ROCE-Leaf-8.GPU.S9825,FourHundredGigE1/0/54,0,0,0,0,0,0
2024/05/24 星期五 00:24:05.602,1716481445602,NH-DC-NM129-D06-ROCE-Leaf-8.GPU.S9825,FourHundredGigE1/0/54,192528,779411200,315857,1280320596,1.39,2.31
2024/05/24 星期五 00:24:06.206,1716481446206,NH-DC-NM129-D06-ROCE-Leaf-8.GPU.S9825,FourHundredGigE1/0/54,0,0,0,0,0,0
2024/05/24 星期五 00:24:06.711,1716481446711,NH-DC-NM129-D06-ROCE-Leaf-8.GPU.S9825,FourHundredGigE1/0/54,156414,588043304,216294,789123318,1.44,1.93
2024/05/24 星期五 00:24:07.319,1716481447319,NH-DC-NM129-D06-ROCE-Leaf-8.GPU.S9825,FourHundredGigE1/0/54,287560,1070295344,146732,563667816,2.20,1.15
2024/05/24 星期五 00:24:07.835,1716481447835,NH-DC-NM129-D06-ROCE-Leaf-8.GPU.S9825,FourHundredGigE1/0/54,0,0,0,0,0,0
2024/05/24 星期五 00:24:08.339,1716481448339,NH-DC-NM129-D06-ROCE-Leaf-8.GPU.S9825,FourHundredGigE1/0/54,264286,1028547452,184378,688326580,2.53,1.69
2024/05/24 星期五 00:24:08.887,1716481448887,NH-DC-NM129-D06-ROCE-Leaf-8.GPU.S9825,FourHundredGigE1/0/54,0,0,0,0,0,0
2024/05/24 星期五 00:24:09.517,1716481449517,NH-DC-NM129-D06-ROCE-Leaf-8.GPU.S9825,FourHundredGigE1/0/54,630057,2576137074,435822,1720785578,5.10,3.41
2024/05/24 星期五 00:24:10.083,1716481450083,NH-DC-NM129-D06-ROCE-Leaf-8.GPU.S9825,FourHundredGigE1/0/54,0,0,0,0,0,0
2024/05/24 星期五 00:24:10.588,1716481450588,NH-DC-NM129-D06-ROCE-Leaf-8.GPU.S9825,FourHundredGigE1/0/54,131106,490111776,609548,2440067110,1.21,6.04
2024/05/24 星期五 00:24:11.153,1716481451153,NH-DC-NM129-D06-ROCE-Leaf-8.GPU.S9825,FourHundredGigE1/0/54,0,0,0,0,0,0
2024/05/24 星期五 00:24:11.724,1716481451724,NH-DC-NM129-D06-ROCE-Leaf-8.GPU.S9825,FourHundredGigE1/0/54,183191,744042014,253232,963978388,1.62,2.10
2024/05/24 星期五 00:24:12.254,1716481452254,NH-DC-NM129-D06-ROCE-Leaf-8.GPU.S9825,FourHundredGigE1/0/54,296335,1192284638,116349,421408796,2.81,0.99
2024/05/24 星期五 00:24:12.849,1716481452849,NH-DC-NM129-D06-ROCE-Leaf-8.GPU.S9825,FourHundredGigE1/0/54,0,0,0,0,0,0
2024/05/24 星期五 00:24:13.511,1716481453511,NH-DC-NM129-D06-ROCE-Leaf-8.GPU.S9825,FourHundredGigE1/0/54,326539,1319996174,163560,613008562,2.47,1.15
2024/05/24 星期五 00:24:14.019,1716481454019,NH-DC-NM129-D06-ROCE-Leaf-8.GPU.S9825,FourHundredGigE1/0/54,0,0,0,0,0,0
2024/05/24 星期五 00:24:15.313,1716481455313,NH-DC-NM129-D06-ROCE-Leaf-8.GPU.S9825,FourHundredGigE1/0/54,1041291,4167490550,130233,308762634,4.02,0.29
2024/05/24 星期五 00:24:15.816,1716481455816,NH-DC-NM129-D06-ROCE-Leaf-8.GPU.S9825,FourHundredGigE1/0/54,0,0,0,0,0,0
2024/05/24 星期五 00:24:16.419,1716481456419,NH-DC-NM129-D06-ROCE-Leaf-8.GPU.S9825,FourHundredGigE1/0/54,567909,2290040660,164835,519749403,4.75,1.06
2024/05/24 星期五 00:24:16.996,1716481456996,NH-DC-NM129-D06-ROCE-Leaf-8.GPU.S9825,FourHundredGigE1/0/54,0,0,0,0,0,0
2024/05/24 星期五 00:24:17.498,1716481457498,NH-DC-NM129-D06-ROCE-Leaf-8.GPU.S9825,FourHundredGigE1/0/54,252618,968951806,151996,503063230,2.39,1.25
2024/05/24 星期五 00:24:18.129,1716481458129,NH-DC-NM129-D06-ROCE-Leaf-8.GPU.S9825,FourHundredGigE1/0/54,158102,621137468,225462,883335566,1.23,1.74
2024/05/24 星期五 00:24:18.882,1716481458882,NH-DC-NM129-D06-ROCE-Leaf-8.GPU.S9825,FourHundredGigE1/0/54,146968,565383476,217710,825400892,0.93,1.36
2024/05/24 星期五 00:24:20.019,1716481460019,NH-DC-NM129-D06-ROCE-Leaf-8.GPU.S9825,FourHundredGigE1/0/54,0,0,0,0,0,0
2024/05/24 星期五 00:24:20.551,1716481460551,NH-DC-NM129-D06-ROCE-Leaf-8.GPU.S9825,FourHundredGigE1/0/54,203995,805180682,170559,645808118,1.88,1.50
2024/05/24 星期五 00:24:21.118,1716481461118,NH-DC-NM129-D06-ROCE-Leaf-8.GPU.S9825,FourHundredGigE1/0/54,0,0,0,0,0,0
2024/05/24 星期五 00:24:21.740,1716481461740,NH-DC-NM129-D06-ROCE-Leaf-8.GPU.S9825,FourHundredGigE1/0/54,124537,490602938,161703,574707430,0.98,1.15
2024/05/24 星期五 00:24:22.259,1716481462259,NH-DC-NM129-D06-ROCE-Leaf-8.GPU.S9825,FourHundredGigE1/0/54,0,0,0,0,0,0
2024/05/24 星期五 00:24:23.364,1716481463364,NH-DC-NM129-D06-ROCE-Leaf-8.GPU.S9825,FourHundredGigE1/0/54,608710,2371452540,281910,1010198835,2.68,1.14
2024/05/24 星期五 00:24:23.955,1716481463955,NH-DC-NM129-D06-ROCE-Leaf-8.GPU.S9825,FourHundredGigE1/0/54,0,0,0,0,0,0
2024/05/24 星期五 00:24:24.463,1716481464463,NH-DC-NM129-D06-ROCE-Leaf-8.GPU.S9825,FourHundredGigE1/0/54,141545,543223891,97735,386411654,1.33,0.94
2024/05/24 星期五 00:24:25.147,1716481465147,NH-DC-NM129-D06-ROCE-Leaf-8.GPU.S9825,FourHundredGigE1/0/54,448178,1744329484,30062,87460820,3.18,0.15
2024/05/24 星期五 00:24:25.791,1716481465791,NH-DC-NM129-D06-ROCE-Leaf-8.GPU.S9825,FourHundredGigE1/0/54,0,0,0,0,0,0
2024/05/24 星期五 00:24:26.289,1716481466289,NH-DC-NM129-D06-ROCE-Leaf-8.GPU.S9825,FourHundredGigE1/0/54,361313,1467501762,93252,312569988,3.66,0.78
2024/05/24 星期五 00:24:26.953,1716481466953,NH-DC-NM129-D06-ROCE-Leaf-8.GPU.S9825,FourHundredGigE1/0/54,0,0,0,0,0,0
2024/05/24 星期五 00:24:27.592,1716481467592,NH-DC-NM129-D06-ROCE-Leaf-8.GPU.S9825,FourHundredGigE1/0/54,276294,1112466936,289005,1161945957,2.17,2.27
2024/05/24 星期五 00:24:28.122,1716481468122,NH-DC-NM129-D06-ROCE-Leaf-8.GPU.S9825,FourHundredGigE1/0/54,176370,640832856,89256,344984840,1.51,0.80
2024/05/24 星期五 00:24:28.768,1716481468768,NH-DC-NM129-D06-ROCE-Leaf-8.GPU.S9825,FourHundredGigE1/0/54,0,0,0,0,0,0
2024/05/24 星期五 00:24:29.310,1716481469310,NH-DC-NM129-D06-ROCE-Leaf-8.GPU.S9825,FourHundredGigE1/0/54,313602,948709668,186134,677997034,2.17,1.55
2024/05/24 星期五 00:24:29.810,1716481469810,NH-DC-NM129-D06-ROCE-Leaf-8.GPU.S9825,FourHundredGigE1/0/54,0,0,0,0,0,0
2024/05/24 星期五 00:24:30.459,1716481470459,NH-DC-NM129-D06-ROCE-Leaf-8.GPU.S9825,FourHundredGigE1/0/54,509627,1797425482,325725,1288020274,3.45,2.47
2024/05/24 星期五 00:24:31.208,1716481471208,NH-DC-NM129-D06-ROCE-Leaf-8.GPU.S9825,FourHundredGigE1/0/54,331390,1296557230,365596,1449129856,2.15,2.40
2024/05/24 星期五 00:24:31.870,1716481471870,NH-DC-NM129-D06-ROCE-Leaf-8.GPU.S9825,FourHundredGigE1/0/54,0,0,0,0,0,0
2024/05/24 星期五 00:24:32.452,1716481472452,NH-DC-NM129-D06-ROCE-Leaf-8.GPU.S9825,FourHundredGigE1/0/54,211717,831769908,212092,819418074,1.78,1.74
2024/05/24 星期五 00:24:32.996,1716481472996,NH-DC-NM129-D06-ROCE-Leaf-8.GPU.S9825,FourHundredGigE1/0/54,0,0,0,0,0,0
2024/05/24 星期五 00:24:33.726,1716481473726,NH-DC-NM129-D06-ROCE-Leaf-8.GPU.S9825,FourHundredGigE1/0/54,323214,1297422142,142432,560721884,2.21,0.96
2024/05/24 星期五 00:24:34.320,1716481474320,NH-DC-NM129-D06-ROCE-Leaf-8.GPU.S9825,FourHundredGigE1/0/54,371821,1470308720,227878,863910240,3.09,1.81
2024/05/24 星期五 00:24:34.948,1716481474948,NH-DC-NM129-D06-ROCE-Leaf-8.GPU.S9825,FourHundredGigE1/0/54,0,0,0,0,0,0
2024/05/24 星期五 00:24:35.910,1716481475910,NH-DC-NM129-D06-ROCE-Leaf-8.GPU.S9825,FourHundredGigE1/0/54,329654,1307086468,247647,962075451,1.69,1.25
2024/05/24 星期五 00:24:36.411,1716481476411,NH-DC-NM129-D06-ROCE-Leaf-8.GPU.S9825,FourHundredGigE1/0/54,399212,1591783194,281862,1091444712,3.97,2.72
2024/05/24 星期五 00:24:37.113,1716481477113,NH-DC-NM129-D06-ROCE-Leaf-8.GPU.S9825,FourHundredGigE1/0/54,371861,1436917119,120961,414384438,2.55,0.73
2024/05/24 星期五 00:24:38.523,1716481478523,NH-DC-NM129-D06-ROCE-Leaf-8.GPU.S9825,FourHundredGigE1/0/54,115635,450911716,151177,600061562,0.40,0.53
2024/05/24 星期五 00:24:39.741,1716481479741,NH-DC-NM129-D06-ROCE-Leaf-8.GPU.S9825,FourHundredGigE1/0/54,137704,466251284,185284,739626572,0.47,0.75
2024/05/24 星期五 00:24:40.386,1716481480386,NH-DC-NM129-D06-ROCE-Leaf-8.GPU.S9825,FourHundredGigE1/0/54,108878,363889808,79801,288335698,0.70,0.54
2024/05/24 星期五 00:24:40.933,1716481480933,NH-DC-NM129-D06-ROCE-Leaf-8.GPU.S9825,FourHundredGigE1/0/54,0,0,0,0,0,0
2024/05/24 星期五 00:24:41.607,1716481481607,NH-DC-NM129-D06-ROCE-Leaf-8.GPU.S9825,FourHundredGigE1/0/54,568515,2264904446,210487,810716798,4.19,1.50
2024/05/24 星期五 00:24:42.909,1716481482909,NH-DC-NM129-D06-ROCE-Leaf-8.GPU.S9825,FourHundredGigE1/0/54,204835,742541434,139227,485886002,0.71,0.46
2024/05/24 星期五 00:24:43.411,1716481483411,NH-DC-NM129-D06-ROCE-Leaf-8.GPU.S9825,FourHundredGigE1/0/54,206311,781461654,118319,431841284,1.94,1.07
2024/05/24 星期五 00:24:44.086,1716481484086,NH-DC-NM129-D06-ROCE-Leaf-8.GPU.S9825,FourHundredGigE1/0/54,0,0,0,0,0,0
2024/05/24 星期五 00:24:44.587,1716481484587,NH-DC-NM129-D06-ROCE-Leaf-8.GPU.S9825,FourHundredGigE1/0/54,199684,692165748,332809,1283638548,1.72,3.19
2024/05/24 星期五 00:24:45.191,1716481485191,NH-DC-NM129-D06-ROCE-Leaf-8.GPU.S9825,FourHundredGigE1/0/54,119832,371098572,75715,261833642,0.77,0.54
2024/05/24 星期五 00:24:45.816,1716481485816,NH-DC-NM129-D06-ROCE-Leaf-8.GPU.S9825,FourHundredGigE1/0/54,0,0,0,0,0,0
2024/05/24 星期五 00:24:46.319,1716481486319,NH-DC-NM129-D06-ROCE-Leaf-8.GPU.S9825,FourHundredGigE1/0/54,170142,627574392,144805,567355822,1.54,1.39
2024/05/24 星期五 00:24:46.822,1716481486822,NH-DC-NM129-D06-ROCE-Leaf-8.GPU.S9825,FourHundredGigE1/0/54,0,0,0,0,0,0
2024/05/24 星期五 00:24:47.519,1716481487519,NH-DC-NM129-D06-ROCE-Leaf-8.GPU.S9825,FourHundredGigE1/0/54,125694,490425284,182034,658141638,0.88,1.17
2024/05/24 星期五 00:24:49.426,1716481489426,NH-DC-NM129-D06-ROCE-Leaf-8.GPU.S9825,FourHundredGigE1/0/54,2224652,9050279650,499287,1964689048,5.93,1.28
2024/05/24 星期五 00:24:49.925,1716481489925,NH-DC-NM129-D06-ROCE-Leaf-8.GPU.S9825,FourHundredGigE1/0/54,0,0,0,0,0,0
2024/05/24 星期五 00:24:50.506,1716481490506,NH-DC-NM129-D06-ROCE-Leaf-8.GPU.S9825,FourHundredGigE1/0/54,947130,3861518934,131664,469864432,8.30,0.99
2024/05/24 星期五 00:24:51.075,1716481491075,NH-DC-NM129-D06-ROCE-Leaf-8.GPU.S9825,FourHundredGigE1/0/54,0,0,0,0,0,0
2024/05/24 星期五 00:24:51.577,1716481491577,NH-DC-NM129-D06-ROCE-Leaf-8.GPU.S9825,FourHundredGigE1/0/54,1628876,6656787328,153057,383809326,16.56,0.95
2024/05/24 星期五 00:24:52.187,1716481492187,NH-DC-NM129-D06-ROCE-Leaf-8.GPU.S9825,FourHundredGigE1/0/54,0,0,0,0,0,0
2024/05/24 星期五 00:24:52.692,1716481492692,NH-DC-NM129-D06-ROCE-Leaf-8.GPU.S9825,FourHundredGigE1/0/54,661366,2672174712,48916,94548456,6.61,0.22
2024/05/24 星期五 00:24:53.203,1716481493203,NH-DC-NM129-D06-ROCE-Leaf-8.GPU.S9825,FourHundredGigE1/0/54,181257,656744166,90971,311843730,1.59,0.76
2024/05/24 星期五 00:24:53.847,1716481493847,NH-DC-NM129-D06-ROCE-Leaf-8.GPU.S9825,FourHundredGigE1/0/54,0,0,0,0,0,0
2024/05/24 星期五 00:24:54.418,1716481494418,NH-DC-NM129-D06-ROCE-Leaf-8.GPU.S9825,FourHundredGigE1/0/54,322293,1297515063,312623,1245100590,2.82,2.71
2024/05/24 星期五 00:24:54.917,1716481494917,NH-DC-NM129-D06-ROCE-Leaf-8.GPU.S9825,FourHundredGigE1/0/54,0,0,0,0,0,0
2024/05/24 星期五 00:24:55.592,1716481495592,NH-DC-NM129-D06-ROCE-Leaf-8.GPU.S9825,FourHundredGigE1/0/54,304186,1208199096,470340,1863130968,2.22,3.44
2024/05/24 星期五 00:24:56.144,1716481496144,NH-DC-NM129-D06-ROCE-Leaf-8.GPU.S9825,FourHundredGigE1/0/54,0,0,0,0,0,0
2024/05/24 星期五 00:24:56.646,1716481496646,NH-DC-NM129-D06-ROCE-Leaf-8.GPU.S9825,FourHundredGigE1/0/54,163196,542522756,255744,1000148940,1.34,2.49
2024/05/24 星期五 00:24:57.376,1716481497376,NH-DC-NM129-D06-ROCE-Leaf-8.GPU.S9825,FourHundredGigE1/0/54,161974,652479096,108298,400337648,1.11,0.68
2024/05/24 星期五 00:24:57.959,1716481497959,NH-DC-NM129-D06-ROCE-Leaf-8.GPU.S9825,FourHundredGigE1/0/54,0,0,0,0,0,0
2024/05/24 星期五 00:24:58.572,1716481498572,NH-DC-NM129-D06-ROCE-Leaf-8.GPU.S9825,FourHundredGigE1/0/54,195970,758892372,220692,828362936,1.53,1.67
2024/05/24 星期五 00:24:59.187,1716481499187,NH-DC-NM129-D06-ROCE-Leaf-8.GPU.S9825,FourHundredGigE1/0/54,0,0,0,0,0,0
2024/05/24 星期五 00:25:00.427,1716481500427,NH-DC-NM129-D06-ROCE-Leaf-8.GPU.S9825,FourHundredGigE1/0/54,521881,2040824594,537150,2077601792,2.06,2.09
2024/05/24 星期五 00:25:01.002,1716481501002,NH-DC-NM129-D06-ROCE-Leaf-8.GPU.S9825,FourHundredGigE1/0/54,0,0,0,0,0,0
2024/05/24 星期五 00:25:01.559,1716481501559,NH-DC-NM129-D06-ROCE-Leaf-8.GPU.S9825,FourHundredGigE1/0/54,224702,914237393,105188,379974128,2.04,0.83
2024/05/24 星期五 00:25:02.184,1716481502184,NH-DC-NM129-D06-ROCE-Leaf-8.GPU.S9825,FourHundredGigE1/0/54,0,0,0,0,0,0
2024/05/24 星期五 00:25:02.690,1716481502690,NH-DC-NM129-D06-ROCE-Leaf-8.GPU.S9825,FourHundredGigE1/0/54,319414,1240368620,78678,225606224,3.06,0.54
2024/05/24 星期五 00:25:03.201,1716481503201,NH-DC-NM129-D06-ROCE-Leaf-8.GPU.S9825,FourHundredGigE1/0/54,19576,39315500,311569,1262217858,0.07,3.08
2024/05/24 星期五 00:25:03.840,1716481503840,NH-DC-NM129-D06-ROCE-Leaf-8.GPU.S9825,FourHundredGigE1/0/54,0,0,0,0,0,0
2024/05/24 星期五 00:25:04.421,1716481504421,NH-DC-NM129-D06-ROCE-Leaf-8.GPU.S9825,FourHundredGigE1/0/54,144388,558469368,233561,931686422,1.18,2.00
2024/05/24 星期五 00:25:04.933,1716481504933,NH-DC-NM129-D06-ROCE-Leaf-8.GPU.S9825,FourHundredGigE1/0/54,0,0,0,0,0,0
2024/05/24 星期五 00:25:05.568,1716481505568,NH-DC-NM129-D06-ROCE-Leaf-8.GPU.S9825,FourHundredGigE1/0/54,112434,438345668,111693,396298045,0.85,0.77
2024/05/24 星期五 00:25:06.157,1716481506157,NH-DC-NM129-D06-ROCE-Leaf-8.GPU.S9825,FourHundredGigE1/0/54,0,0,0,0,0,0
2024/05/24 星期五 00:25:06.659,1716481506659,NH-DC-NM129-D06-ROCE-Leaf-8.GPU.S9825,FourHundredGigE1/0/54,229978,926254656,99085,359769498,2.29,0.87
2024/05/24 星期五 00:25:07.349,1716481507349,NH-DC-NM129-D06-ROCE-Leaf-8.GPU.S9825,FourHundredGigE1/0/54,116104,414267892,152914,587544277,0.74,1.05
2024/05/24 星期五 00:25:07.936,1716481507936,NH-DC-NM129-D06-ROCE-Leaf-8.GPU.S9825,FourHundredGigE1/0/54,0,0,0,0,0,0
2024/05/24 星期五 00:25:08.438,1716481508438,NH-DC-NM129-D06-ROCE-Leaf-8.GPU.S9825,FourHundredGigE1/0/54,359993,1417449146,278171,1125026458,3.51,2.79
2024/05/24 星期五 00:25:09.083,1716481509083,NH-DC-NM129-D06-ROCE-Leaf-8.GPU.S9825,FourHundredGigE1/0/54,0,0,0,0,0,0
2024/05/24 星期五 00:25:09.697,1716481509697,NH-DC-NM129-D06-ROCE-Leaf-8.GPU.S9825,FourHundredGigE1/0/54,145584,505765766,155583,438642726,1.02,0.88
2024/05/24 星期五 00:25:10.262,1716481510262,NH-DC-NM129-D06-ROCE-Leaf-8.GPU.S9825,FourHundredGigE1/0/54,341221,1354052692,364065,1397851762,2.99,3.08
2024/05/24 星期五 00:25:10.841,1716481510841,NH-DC-NM129-D06-ROCE-Leaf-8.GPU.S9825,FourHundredGigE1/0/54,0,0,0,0,0,0
2024/05/24 星期五 00:25:11.454,1716481511454,NH-DC-NM129-D06-ROCE-Leaf-8.GPU.S9825,FourHundredGigE1/0/54,210980,793804028,271153,1043324690,1.61,2.12
2024/05/24 星期五 00:25:11.957,1716481511957,NH-DC-NM129-D06-ROCE-Leaf-8.GPU.S9825,FourHundredGigE1/0/54,0,0,0,0,0,0
2024/05/24 星期五 00:25:12.468,1716481512468,NH-DC-NM129-D06-ROCE-Leaf-8.GPU.S9825,FourHundredGigE1/0/54,526180,2055444402,122879,465959074,5.01,1.13
2024/05/24 星期五 00:25:13.091,1716481513091,NH-DC-NM129-D06-ROCE-Leaf-8.GPU.S9825,FourHundredGigE1/0/54,0,0,0,0,0,0
2024/05/24 星期五 00:25:13.758,1716481513758,NH-DC-NM129-D06-ROCE-Leaf-8.GPU.S9825,FourHundredGigE1/0/54,300219,1144158028,200289,792636322,2.14,1.48
2024/05/24 星期五 00:25:14.356,1716481514356,NH-DC-NM129-D06-ROCE-Leaf-8.GPU.S9825,FourHundredGigE1/0/54,203059,803957474,171056,696771548,1.67,1.44
2024/05/24 星期五 00:25:14.897,1716481514897,NH-DC-NM129-D06-ROCE-Leaf-8.GPU.S9825,FourHundredGigE1/0/54,0,0,0,0,0,0
2024/05/24 星期五 00:25:15.397,1716481515397,NH-DC-NM129-D06-ROCE-Leaf-8.GPU.S9825,FourHundredGigE1/0/54,124167,483933232,104463,342871054,1.2,0.85
2024/05/24 星期五 00:25:16.112,1716481516112,NH-DC-NM129-D06-ROCE-Leaf-8.GPU.S9825,FourHundredGigE1/0/54,0,0,0,0,0,0
2024/05/24 星期五 00:25:16.729,1716481516729,NH-DC-NM129-D06-ROCE-Leaf-8.GPU.S9825,FourHundredGigE1/0/54,115794,415331650,101164,285908688,0.83,0.57
2024/05/24 星期五 00:25:17.357,1716481517357,NH-DC-NM129-D06-ROCE-Leaf-8.GPU.S9825,FourHundredGigE1/0/54,229823,909400234,369943,1483379550,1.79,2.95
2024/05/24 星期五 00:25:17.907,1716481517907,NH-DC-NM129-D06-ROCE-Leaf-8.GPU.S9825,FourHundredGigE1/0/54,0,0,0,0,0,0
2024/05/24 星期五 00:25:18.407,1716481518407,NH-DC-NM129-D06-ROCE-Leaf-8.GPU.S9825,FourHundredGigE1/0/54,103990,344772172,128898,462960118,0.85,1.15
2024/05/24 星期五 00:25:19.604,1716481519604,NH-DC-NM129-D06-ROCE-Leaf-8.GPU.S9825,FourHundredGigE1/0/54,189545,634799666,290241,1085086298,0.66,1.13
2024/05/24 星期五 00:25:20.333,1716481520333,NH-DC-NM129-D06-ROCE-Leaf-8.GPU.S9825,FourHundredGigE1/0/54,186441,727547694,122992,443646957,1.23,0.75
2024/05/24 星期五 00:25:20.850,1716481520850,NH-DC-NM129-D06-ROCE-Leaf-8.GPU.S9825,FourHundredGigE1/0/54,0,0,0,0,0,0
2024/05/24 星期五 00:25:21.500,1716481521500,NH-DC-NM129-D06-ROCE-Leaf-8.GPU.S9825,FourHundredGigE1/0/54,216910,815900472,251528,970377596,1.56,1.87
2024/05/24 星期五 00:25:22.090,1716481522090,NH-DC-NM129-D06-ROCE-Leaf-8.GPU.S9825,FourHundredGigE1/0/54,0,0,0,0,0,0
2024/05/24 星期五 00:25:22.604,1716481522604,NH-DC-NM129-D06-ROCE-Leaf-8.GPU.S9825,FourHundredGigE1/0/54,232117,909491358,180614,666384240,2.19,1.61
2024/05/24 星期五 00:25:23.575,1716481523575,NH-DC-NM129-D06-ROCE-Leaf-8.GPU.S9825,FourHundredGigE1/0/54,116520,361834080,173520,668619340,0.46,0.85
2024/05/24 星期五 00:25:24.177,1716481524177,NH-DC-NM129-D06-ROCE-Leaf-8.GPU.S9825,FourHundredGigE1/0/54,0,0,0,0,0,0
2024/05/24 星期五 00:25:24.737,1716481524737,NH-DC-NM129-D06-ROCE-Leaf-8.GPU.S9825,FourHundredGigE1/0/54,308933,1170471219,240987,918256884,2.61,2.03
2024/05/24 星期五 00:25:25.322,1716481525322,NH-DC-NM129-D06-ROCE-Leaf-8.GPU.S9825,FourHundredGigE1/0/54,302770,1201034732,260098,983816895,2.56,2.09
2024/05/24 星期五 00:25:25.826,1716481525826,NH-DC-NM129-D06-ROCE-Leaf-8.GPU.S9825,FourHundredGigE1/0/54,0,0,0,0,0,0
2024/05/24 星期五 00:25:26.332,1716481526332,NH-DC-NM129-D06-ROCE-Leaf-8.GPU.S9825,FourHundredGigE1/0/54,231749,873772614,456098,1723982467,2.15,4.25
2024/05/24 星期五 00:25:27.162,1716481527162,NH-DC-NM129-D06-ROCE-Leaf-8.GPU.S9825,FourHundredGigE1/0/54,0,0,0,0,0,0
2024/05/24 星期五 00:25:27.719,1716481527719,NH-DC-NM129-D06-ROCE-Leaf-8.GPU.S9825,FourHundredGigE1/0/54,320713,1271822354,346135,1310969294,2.85,2.94
2024/05/24 星期五 00:25:28.295,1716481528295,NH-DC-NM129-D06-ROCE-Leaf-8.GPU.S9825,FourHundredGigE1/0/54,402622,1577568346,230224,860194510,3.41,1.87
2024/05/24 星期五 00:25:28.963,1716481528963,NH-DC-NM129-D06-ROCE-Leaf-8.GPU.S9825,FourHundredGigE1/0/54,0,0,0,0,0,0
2024/05/24 星期五 00:25:29.466,1716481529466,NH-DC-NM129-D06-ROCE-Leaf-8.GPU.S9825,FourHundredGigE1/0/54,211910,797474762,239385,882922786,1.96,2.19
2024/05/24 星期五 00:25:30.041,1716481530041,NH-DC-NM129-D06-ROCE-Leaf-8.GPU.S9825,FourHundredGigE1/0/54,233654,939312544,76694,246178004,2.02,0.52
2024/05/24 星期五 00:25:30.860,1716481530860,NH-DC-NM129-D06-ROCE-Leaf-8.GPU.S9825,FourHundredGigE1/0/54,0,0,0,0,0,0
2024/05/24 星期五 00:25:31.428,1716481531428,NH-DC-NM129-D06-ROCE-Leaf-8.GPU.S9825,FourHundredGigE1/0/54,78123,299742770,189071,692443190,0.64,1.52
2024/05/24 星期五 00:25:32.147,1716481532147,NH-DC-NM129-D06-ROCE-Leaf-8.GPU.S9825,FourHundredGigE1/0/54,0,0,0,0,0,0
2024/05/24 星期五 00:25:32.653,1716481532653,NH-DC-NM129-D06-ROCE-Leaf-8.GPU.S9825,FourHundredGigE1/0/54,328402,1305765044,349184,1381859332,3.21,3.41
2024/05/24 星期五 00:25:33.158,1716481533158,NH-DC-NM129-D06-ROCE-Leaf-8.GPU.S9825,FourHundredGigE1/0/54,0,0,0,0,0,0
2024/05/24 星期五 00:25:33.662,1716481533662,NH-DC-NM129-D06-ROCE-Leaf-8.GPU.S9825,FourHundredGigE1/0/54,144121,513103818,187435,683701042,1.26,1.69
2024/05/24 星期五 00:25:34.471,1716481534471,NH-DC-NM129-D06-ROCE-Leaf-8.GPU.S9825,FourHundredGigE1/0/54,75007,245150190,535818,2123076696,0.37,3.28
2024/05/24 星期五 00:25:35.023,1716481535023,NH-DC-NM129-D06-ROCE-Leaf-8.GPU.S9825,FourHundredGigE1/0/54,0,0,0,0,0,0
2024/05/24 星期五 00:25:35.679,1716481535679,NH-DC-NM129-D06-ROCE-Leaf-8.GPU.S9825,FourHundredGigE1/0/54,63407,163693118,491739,1906057818,0.30,3.62
2024/05/24 星期五 00:25:36.182,1716481536182,NH-DC-NM129-D06-ROCE-Leaf-8.GPU.S9825,FourHundredGigE1/0/54,0,0,0,0,0,0
2024/05/24 星期五 00:25:36.682,1716481536682,NH-DC-NM129-D06-ROCE-Leaf-8.GPU.S9825,FourHundredGigE1/0/54,348670,1373048796,224145,909685330,3.42,2.25
2024/05/24 星期五 00:25:37.326,1716481537326,NH-DC-NM129-D06-ROCE-Leaf-8.GPU.S9825,FourHundredGigE1/0/54,247162,872168720,568341,2036464350,1.69,3.94
2024/05/24 星期五 00:25:39.476,1716481539476,NH-DC-NM129-D06-ROCE-Leaf-8.GPU.S9825,FourHundredGigE1/0/54,139414,552031472,69477,234226778,0.32,0.13
2024/05/24 星期五 00:25:40.057,1716481540057,NH-DC-NM129-D06-ROCE-Leaf-8.GPU.S9825,FourHundredGigE1/0/54,0,0,0,0,0,0
2024/05/24 星期五 00:25:40.661,1716481540661,NH-DC-NM129-D06-ROCE-Leaf-8.GPU.S9825,FourHundredGigE1/0/54,47208,186723416,196254,690573757,0.37,1.43
2024/05/24 星期五 00:25:41.406,1716481541406,NH-DC-NM129-D06-ROCE-Leaf-8.GPU.S9825,FourHundredGigE1/0/54,210327,807202398,226002,822536140,1.34,1.38
2024/05/24 星期五 00:25:42.124,1716481542124,NH-DC-NM129-D06-ROCE-Leaf-8.GPU.S9825,FourHundredGigE1/0/54,0,0,0,0,0,0
2024/05/24 星期五 00:25:42.714,1716481542714,NH-DC-NM129-D06-ROCE-Leaf-8.GPU.S9825,FourHundredGigE1/0/54,230816,884843453,115078,451344348,1.86,0.95
2024/05/24 星期五 00:25:43.225,1716481543225,NH-DC-NM129-D06-ROCE-Leaf-8.GPU.S9825,FourHundredGigE1/0/54,0,0,0,0,0,0
2024/05/24 星期五 00:25:43.742,1716481543742,NH-DC-NM129-D06-ROCE-Leaf-8.GPU.S9825,FourHundredGigE1/0/54,470451,1918669950,418863,1688917654,4.62,4.06
2024/05/24 星期五 00:25:44.319,1716481544319,NH-DC-NM129-D06-ROCE-Leaf-8.GPU.S9825,FourHundredGigE1/0/54,165630,611598688,151516,546427034,1.32,1.17
2024/05/24 星期五 00:25:44.970,1716481544970,NH-DC-NM129-D06-ROCE-Leaf-8.GPU.S9825,FourHundredGigE1/0/54,179259,721476698,45704,175763798,1.38,0.33
2024/05/24 星期五 00:25:45.784,1716481545784,NH-DC-NM129-D06-ROCE-Leaf-8.GPU.S9825,FourHundredGigE1/0/54,0,0,0,0,0,0
2024/05/24 星期五 00:25:46.322,1716481546322,NH-DC-NM129-D06-ROCE-Leaf-8.GPU.S9825,FourHundredGigE1/0/54,579699,2329901630,879985,3513481104,5.39,8.16
2024/05/24 星期五 00:25:46.827,1716481546827,NH-DC-NM129-D06-ROCE-Leaf-8.GPU.S9825,FourHundredGigE1/0/54,0,0,0,0,0,0
2024/05/24 星期五 00:25:47.359,1716481547359,NH-DC-NM129-D06-ROCE-Leaf-8.GPU.S9825,FourHundredGigE1/0/54,127886,510674436,395307,1588975392,1.20,3.71
2024/05/24 星期五 00:25:47.972,1716481547972,NH-DC-NM129-D06-ROCE-Leaf-8.GPU.S9825,FourHundredGigE1/0/54,0,0,0,0,0,0
2024/05/24 星期五 00:25:48.590,1716481548590,NH-DC-NM129-D06-ROCE-Leaf-8.GPU.S9825,FourHundredGigE1/0/54,249309,1003229494,195124,770695456,2.02,1.56
2024/05/24 星期五 00:25:49.237,1716481549237,NH-DC-NM129-D06-ROCE-Leaf-8.GPU.S9825,FourHundredGigE1/0/54,0,0,0,0,0,0
2024/05/24 星期五 00:25:49.739,1716481549739,NH-DC-NM129-D06-ROCE-Leaf-8.GPU.S9825,FourHundredGigE1/0/54,263301,1029775402,158817,598333954,2.54,1.47
2024/05/24 星期五 00:25:50.242,1716481550242,NH-DC-NM129-D06-ROCE-Leaf-8.GPU.S9825,FourHundredGigE1/0/54,285891,1129903462,311420,1227550784,2.78,3.03
2024/05/24 星期五 00:25:50.745,1716481550745,NH-DC-NM129-D06-ROCE-Leaf-8.GPU.S9825,FourHundredGigE1/0/54,0,0,0,0,0,0
2024/05/24 星期五 00:25:51.354,1716481551354,NH-DC-NM129-D06-ROCE-Leaf-8.GPU.S9825,FourHundredGigE1/0/54,231239,902079194,221880,852938392,1.85,1.74
2024/05/24 星期五 00:25:52.071,1716481552071,NH-DC-NM129-D06-ROCE-Leaf-8.GPU.S9825,FourHundredGigE1/0/54,0,0,0,0,0,0
2024/05/24 星期五 00:25:52.698,1716481552698,NH-DC-NM129-D06-ROCE-Leaf-8.GPU.S9825,FourHundredGigE1/0/54,191263,692563050,427872,1682018960,1.38,3.35
2024/05/24 星期五 00:25:53.210,1716481553210,NH-DC-NM129-D06-ROCE-Leaf-8.GPU.S9825,FourHundredGigE1/0/54,0,0,0,0,0,0
2024/05/24 星期五 00:25:53.710,1716481553710,NH-DC-NM129-D06-ROCE-Leaf-8.GPU.S9825,FourHundredGigE1/0/54,344273,1384424226,76576,257873032,3.45,0.62
2024/05/24 星期五 00:25:54.256,1716481554256,NH-DC-NM129-D06-ROCE-Leaf-8.GPU.S9825,FourHundredGigE1/0/54,0,0,0,0,0,0
2024/05/24 星期五 00:25:54.757,1716481554757,NH-DC-NM129-D06-ROCE-Leaf-8.GPU.S9825,FourHundredGigE1/0/54,40365,141220215,167235,647502802,0.35,1.60
2024/05/24 星期五 00:25:55.674,1716481555674,NH-DC-NM129-D06-ROCE-Leaf-8.GPU.S9825,FourHundredGigE1/0/54,125025,483332102,113811,410324522,0.65,0.56
2024/05/24 星期五 00:25:56.402,1716481556402,NH-DC-NM129-D06-ROCE-Leaf-8.GPU.S9825,FourHundredGigE1/0/54,80921,283568102,99194,336324380,0.48,0.57
2024/05/24 星期五 00:25:56.956,1716481556956,NH-DC-NM129-D06-ROCE-Leaf-8.GPU.S9825,FourHundredGigE1/0/54,0,0,0,0,0,0
2024/05/24 星期五 00:25:57.586,1716481557586,NH-DC-NM129-D06-ROCE-Leaf-8.GPU.S9825,FourHundredGigE1/0/54,270897,1097189642,445517,1806784602,2.16,3.57
2024/05/24 星期五 00:25:58.375,1716481558375,NH-DC-NM129-D06-ROCE-Leaf-8.GPU.S9825,FourHundredGigE1/0/54,72461,268079526,140010,564589116,0.41,0.89
2024/05/24 星期五 00:25:59.169,1716481559169,NH-DC-NM129-D06-ROCE-Leaf-8.GPU.S9825,FourHundredGigE1/0/54,273836,989072116,84049,241139406,1.54,0.38
2024/05/24 星期五 00:25:59.797,1716481559797,NH-DC-NM129-D06-ROCE-Leaf-8.GPU.S9825,FourHundredGigE1/0/54,0,0,0,0,0,0
2024/05/24 星期五 00:26:00.380,1716481560380,NH-DC-NM129-D06-ROCE-Leaf-8.GPU.S9825,FourHundredGigE1/0/54,286807,1098105394,91816,334151360,2.34,0.71
2024/05/24 星期五 00:26:00.891,1716481560891,NH-DC-NM129-D06-ROCE-Leaf-8.GPU.S9825,FourHundredGigE1/0/54,0,0,0,0,0,0
2024/05/24 星期五 00:26:02.220,1716481562220,NH-DC-NM129-D06-ROCE-Leaf-8.GPU.S9825,FourHundredGigE1/0/54,246252,940212681,551541,2199146919,0.88,2.06
2024/05/24 星期五 00:26:02.862,1716481562862,NH-DC-NM129-D06-ROCE-Leaf-8.GPU.S9825,FourHundredGigE1/0/54,0,0,0,0,0,0
2024/05/24 星期五 00:26:03.438,1716481563438,NH-DC-NM129-D06-ROCE-Leaf-8.GPU.S9825,FourHundredGigE1/0/54,66777,240063594,228812,889939020,0.52,1.91
2024/05/24 星期五 00:26:03.938,1716481563938,NH-DC-NM129-D06-ROCE-Leaf-8.GPU.S9825,FourHundredGigE1/0/54,0,0,0,0,0,0
2024/05/24 星期五 00:26:04.437,1716481564437,NH-DC-NM129-D06-ROCE-Leaf-8.GPU.S9825,FourHundredGigE1/0/54,813609,3300321639,821593,3298860766,8.27,8.24
2024/05/24 星期五 00:26:05.027,1716481565027,NH-DC-NM129-D06-ROCE-Leaf-8.GPU.S9825,FourHundredGigE1/0/54,1565965,6392001810,1048701,4236560782,13.54,8.96
2024/05/24 星期五 00:26:05.892,1716481565892,NH-DC-NM129-D06-ROCE-Leaf-8.GPU.S9825,FourHundredGigE1/0/54,0,0,0,0,0,0
2024/05/24 星期五 00:26:06.550,1716481566550,NH-DC-NM129-D06-ROCE-Leaf-8.GPU.S9825,FourHundredGigE1/0/54,1033445,4194772282,1066767,4286606762,7.96,8.13
2024/05/24 星期五 00:26:07.108,1716481567108,NH-DC-NM129-D06-ROCE-Leaf-8.GPU.S9825,FourHundredGigE1/0/54,0,0,0,0,0,0
2024/05/24 星期五 00:26:07.608,1716481567608,NH-DC-NM129-D06-ROCE-Leaf-8.GPU.S9825,FourHundredGigE1/0/54,298778,1167776432,1047992,4235192852,2.9,10.58
2024/05/24 星期五 00:26:08.215,1716481568215,NH-DC-NM129-D06-ROCE-Leaf-8.GPU.S9825,FourHundredGigE1/0/54,0,0,0,0,0,0
2024/05/24 星期五 00:26:08.752,1716481568752,NH-DC-NM129-D06-ROCE-Leaf-8.GPU.S9825,FourHundredGigE1/0/54,113748,450128008,842997,3418299202,1.05,7.94
2024/05/24 星期五 00:26:09.539,1716481569539,NH-DC-NM129-D06-ROCE-Leaf-8.GPU.S9825,FourHundredGigE1/0/54,85788,231368336,128832,505919220,0.37,0.79
2024/05/24 星期五 00:26:10.565,1716481570565,NH-DC-NM129-D06-ROCE-Leaf-8.GPU.S9825,FourHundredGigE1/0/54,83038,271885914,32764,102976616,0.33,0.12
2024/05/24 星期五 00:26:11.065,1716481571065,NH-DC-NM129-D06-ROCE-Leaf-8.GPU.S9825,FourHundredGigE1/0/54,0,0,0,0,0,0
2024/05/24 星期五 00:26:11.567,1716481571567,NH-DC-NM129-D06-ROCE-Leaf-8.GPU.S9825,FourHundredGigE1/0/54,211866,839218214,144759,561497274,2.07,1.39
2024/05/24 星期五 00:26:12.092,1716481572092,NH-DC-NM129-D06-ROCE-Leaf-8.GPU.S9825,FourHundredGigE1/0/54,0,0,0,0,0,0
2024/05/24 星期五 00:26:12.765,1716481572765,NH-DC-NM129-D06-ROCE-Leaf-8.GPU.S9825,FourHundredGigE1/0/54,433489,1551223746,347246,1281772628,2.88,2.38
2024/05/24 星期五 00:26:13.363,1716481573363,NH-DC-NM129-D06-ROCE-Leaf-8.GPU.S9825,FourHundredGigE1/0/54,200000,774112126,126739,458958170,1.61,0.94
2024/05/24 星期五 00:26:13.874,1716481573874,NH-DC-NM129-D06-ROCE-Leaf-8.GPU.S9825,FourHundredGigE1/0/54,0,0,0,0,0,0
2024/05/24 星期五 00:26:14.375,1716481574375,NH-DC-NM129-D06-ROCE-Leaf-8.GPU.S9825,FourHundredGigE1/0/54,334877,1305318760,148063,556423078,3.24,1.37
2024/05/24 星期五 00:26:14.930,1716481574930,NH-DC-NM129-D06-ROCE-Leaf-8.GPU.S9825,FourHundredGigE1/0/54,0,0,0,0,0,0
2024/05/24 星期五 00:26:15.584,1716481575584,NH-DC-NM129-D06-ROCE-Leaf-8.GPU.S9825,FourHundredGigE1/0/54,238017,957387754,151374,579265684,1.82,1.09
2024/05/24 星期五 00:26:16.803,1716481576803,NH-DC-NM129-D06-ROCE-Leaf-8.GPU.S9825,FourHundredGigE1/0/54,270805,1051957242,151394,538306156,1.08,0.54
2024/05/24 星期五 00:26:17.305,1716481577305,NH-DC-NM129-D06-ROCE-Leaf-8.GPU.S9825,FourHundredGigE1/0/54,223689,879730392,832282,3362292026,2.17,8.37
2024/05/24 星期五 00:26:17.806,1716481577806,NH-DC-NM129-D06-ROCE-Leaf-8.GPU.S9825,FourHundredGigE1/0/54,0,0,0,0,0,0
2024/05/24 星期五 00:26:18.801,1716481578801,NH-DC-NM129-D06-ROCE-Leaf-8.GPU.S9825,FourHundredGigE1/0/54,484020,1938848104,472810,1846329730,2.42,2.31
2024/05/24 星期五 00:26:19.996,1716481579996,NH-DC-NM129-D06-ROCE-Leaf-8.GPU.S9825,FourHundredGigE1/0/54,0,0,0,0,0,0
2024/05/24 星期五 00:26:20.567,1716481580567,NH-DC-NM129-D06-ROCE-Leaf-8.GPU.S9825,FourHundredGigE1/0/54,120543,456011016,255234,948278182,0.99,2.06
2024/05/24 星期五 00:26:21.069,1716481581069,NH-DC-NM129-D06-ROCE-Leaf-8.GPU.S9825,FourHundredGigE1/0/54,0,0,0,0,0,0
2024/05/24 星期五 00:26:21.660,1716481581660,NH-DC-NM129-D06-ROCE-Leaf-8.GPU.S9825,FourHundredGigE1/0/54,110418,397844752,188837,706709090,0.82,1.48
2024/05/24 星期五 00:26:22.215,1716481582215,NH-DC-NM129-D06-ROCE-Leaf-8.GPU.S9825,FourHundredGigE1/0/54,0,0,0,0,0,0
2024/05/24 星期五 00:26:22.718,1716481582718,NH-DC-NM129-D06-ROCE-Leaf-8.GPU.S9825,FourHundredGigE1/0/54,64255,240867282,95303,300763950,0.60,0.75
2024/05/24 星期五 00:26:23.608,1716481583608,NH-DC-NM129-D06-ROCE-Leaf-8.GPU.S9825,FourHundredGigE1/0/54,108749,413798336,175467,689490490,0.58,0.96
2024/05/24 星期五 00:26:24.200,1716481584200,NH-DC-NM129-D06-ROCE-Leaf-8.GPU.S9825,FourHundredGigE1/0/54,0,0,0,0,0,0
2024/05/24 星期五 00:26:24.703,1716481584703,NH-DC-NM129-D06-ROCE-Leaf-8.GPU.S9825,FourHundredGigE1/0/54,128252,403227287,102526,383197812,0.99,0.94
2024/05/24 星期五 00:26:25.315,1716481585315,NH-DC-NM129-D06-ROCE-Leaf-8.GPU.S9825,FourHundredGigE1/0/54,71967,216045442,153316,583347940,0.43,1.18
2024/05/24 星期五 00:26:25.819,1716481585819,NH-DC-NM129-D06-ROCE-Leaf-8.GPU.S9825,FourHundredGigE1/0/54,0,0,0,0,0,0
2024/05/24 星期五 00:26:26.320,1716481586320,NH-DC-NM129-D06-ROCE-Leaf-8.GPU.S9825,FourHundredGigE1/0/54,328748,1300629408,264767,1056791614,3.24,2.62
2024/05/24 星期五 00:26:27.007,1716481587007,NH-DC-NM129-D06-ROCE-Leaf-8.GPU.S9825,FourHundredGigE1/0/54,0,0,0,0,0,0
2024/05/24 星期五 00:26:27.665,1716481587665,NH-DC-NM129-D06-ROCE-Leaf-8.GPU.S9825,FourHundredGigE1/0/54,475872,1898889168,225820,912313369,3.59,1.73
2024/05/24 星期五 00:26:28.170,1716481588170,NH-DC-NM129-D06-ROCE-Leaf-8.GPU.S9825,FourHundredGigE1/0/54,200765,0,0,0,0,0
2024/05/24 星期五 00:26:28.768,1716481588768,NH-DC-NM129-D06-ROCE-Leaf-8.GPU.S9825,FourHundredGigE1/0/54,0,789179038,165081,597986962,1.63,1.23
2024/05/24 星期五 00:26:29.344,1716481589344,NH-DC-NM129-D06-ROCE-Leaf-8.GPU.S9825,FourHundredGigE1/0/54,150191,559334268,131687,480472518,1.19,1.04
2024/05/24 星期五 00:26:32.879,1716481592879,NH-DC-NM129-D06-ROCE-Leaf-8.GPU.S9825,FourHundredGigE1/0/54,709382,2732380786,799121,3088268671,0.97,1.09
2024/05/24 星期五 00:26:33.461,1716481593461,NH-DC-NM129-D06-ROCE-Leaf-8.GPU.S9825,FourHundredGigE1/0/54,222210,882167460,144955,555099122,1.89,1.18
2024/05/24 星期五 00:26:34.161,1716481594161,NH-DC-NM129-D06-ROCE-Leaf-8.GPU.S9825,FourHundredGigE1/0/54,0,0,0,0,0,0
2024/05/24 星期五 00:26:34.661,1716481594661,NH-DC-NM129-D06-ROCE-Leaf-8.GPU.S9825,FourHundredGigE1/0/54,358352,1418387926,635562,2403487748,3.52,6
2024/05/24 星期五 00:26:35.224,1716481595224,NH-DC-NM129-D06-ROCE-Leaf-8.GPU.S9825,FourHundredGigE1/0/54,199093,726640264,97186,323017652,1.60,0.71
2024/05/24 星期五 00:26:35.725,1716481595725,NH-DC-NM129-D06-ROCE-Leaf-8.GPU.S9825,FourHundredGigE1/0/54,0,0,0,0,0,0
2024/05/24 星期五 00:26:36.229,1716481596229,NH-DC-NM129-D06-ROCE-Leaf-8.GPU.S9825,FourHundredGigE1/0/54,201551,716272482,174800,689218648,1.76,1.69
2024/05/24 星期五 00:26:36.798,1716481596798,NH-DC-NM129-D06-ROCE-Leaf-8.GPU.S9825,FourHundredGigE1/0/54,331014,1271055860,283756,1114685804,2.79,2.44
2024/05/24 星期五 00:26:37.926,1716481597926,NH-DC-NM129-D06-ROCE-Leaf-8.GPU.S9825,FourHundredGigE1/0/54,313365,1208775378,265402,1076639988,1.33,1.19
2024/05/24 星期五 00:26:39.443,1716481599443,NH-DC-NM129-D06-ROCE-Leaf-8.GPU.S9825,FourHundredGigE1/0/54,249229,979937898,617720,2460114880,0.80,2.03
2024/05/24 星期五 00:26:40.138,1716481600138,NH-DC-NM129-D06-ROCE-Leaf-8.GPU.S9825,FourHundredGigE1/0/54,138258,488897680,582903,2232810596,0.86,4.01
2024/05/24 星期五 00:26:40.903,1716481600903,NH-DC-NM129-D06-ROCE-Leaf-8.GPU.S9825,FourHundredGigE1/0/54,0,0,0,0,0,0
2024/05/24 星期五 00:26:41.467,1716481601467,NH-DC-NM129-D06-ROCE-Leaf-8.GPU.S9825,FourHundredGigE1/0/54,436006,1763786482,251511,987639744,3.90,2.17
2024/05/24 星期五 00:26:41.969,1716481601969,NH-DC-NM129-D06-ROCE-Leaf-8.GPU.S9825,FourHundredGigE1/0/54,0,0,0,0,0,0
2024/05/24 星期五 00:26:42.543,1716481602543,NH-DC-NM129-D06-ROCE-Leaf-8.GPU.S9825,FourHundredGigE1/0/54,244984,948691754,181817,675470038,2.05,1.46
2024/05/24 星期五 00:26:43.166,1716481603166,NH-DC-NM129-D06-ROCE-Leaf-8.GPU.S9825,FourHundredGigE1/0/54,0,0,0,0,0,0
2024/05/24 星期五 00:26:43.725,1716481603725,NH-DC-NM129-D06-ROCE-Leaf-8.GPU.S9825,FourHundredGigE1/0/54,291028,1058568336,299463,1229879559,2.35,2.73
2024/05/24 星期五 00:26:44.468,1716481604468,NH-DC-NM129-D06-ROCE-Leaf-8.GPU.S9825,FourHundredGigE1/0/54,300966,1111718656,352348,1183026712,1.87,1.99
2024/05/24 星期五 00:26:44.991,1716481604991,NH-DC-NM129-D06-ROCE-Leaf-8.GPU.S9825,FourHundredGigE1/0/54,0,0,0,0,0,0
2024/05/24 星期五 00:26:45.524,1716481605524,NH-DC-NM129-D06-ROCE-Leaf-8.GPU.S9825,FourHundredGigE1/0/54,99999,242745826,49083,190524983,0.56,0.45
2024/05/24 星期五 00:26:46.081,1716481606081,NH-DC-NM129-D06-ROCE-Leaf-8.GPU.S9825,FourHundredGigE1/0/54,0,0,0,0,0,0
2024/05/24 星期五 00:26:46.669,1716481606669,NH-DC-NM129-D06-ROCE-Leaf-8.GPU.S9825,FourHundredGigE1/0/54,382541,1434280610,224604,880282444,3.04,1.87
2024/05/24 星期五 00:26:47.241,1716481607241,NH-DC-NM129-D06-ROCE-Leaf-8.GPU.S9825,FourHundredGigE1/0/54,158152,585538648,161866,575631644,1.27,1.25
2024/05/24 星期五 00:26:47.955,1716481607955,NH-DC-NM129-D06-ROCE-Leaf-8.GPU.S9825,FourHundredGigE1/0/54,0,0,0,0,0,0
2024/05/24 星期五 00:26:48.456,1716481608456,NH-DC-NM129-D06-ROCE-Leaf-8.GPU.S9825,FourHundredGigE1/0/54,87603,292026554,294798,1134033928,0.72,2.82
2024/05/24 星期五 00:26:48.957,1716481608957,NH-DC-NM129-D06-ROCE-Leaf-8.GPU.S9825,FourHundredGigE1/0/54,0,0,0,0,0,0
2024/05/24 星期五 00:26:49.458,1716481609458,NH-DC-NM129-D06-ROCE-Leaf-8.GPU.S9825,FourHundredGigE1/0/54,154513,579838334,150462,468844340,1.42,1.15
2024/05/24 星期五 00:26:50.129,1716481610129,NH-DC-NM129-D06-ROCE-Leaf-8.GPU.S9825,FourHundredGigE1/0/54,0,0,0,0,0,0
2024/05/24 星期五 00:26:50.640,1716481610640,NH-DC-NM129-D06-ROCE-Leaf-8.GPU.S9825,FourHundredGigE1/0/54,113085,412150742,67197,179309677,1.00,0.42
2024/05/24 星期五 00:26:51.410,1716481611410,NH-DC-NM129-D06-ROCE-Leaf-8.GPU.S9825,FourHundredGigE1/0/54,116454,420783720,95692,315536684,0.68,0.50
2024/05/24 星期五 00:26:51.911,1716481611911,NH-DC-NM129-D06-ROCE-Leaf-8.GPU.S9825,FourHundredGigE1/0/54,0,0,0,0,0,0
2024/05/24 星期五 00:26:52.414,1716481612414,NH-DC-NM129-D06-ROCE-Leaf-8.GPU.S9825,FourHundredGigE1/0/54,198867,740905666,242822,939950596,1.84,2.31
2024/05/24 星期五 00:26:52.992,1716481612992,NH-DC-NM129-D06-ROCE-Leaf-8.GPU.S9825,FourHundredGigE1/0/54,0,0,0,0,0,0
2024/05/24 星期五 00:26:53.624,1716481613624,NH-DC-NM129-D06-ROCE-Leaf-8.GPU.S9825,FourHundredGigE1/0/54,86838,320152424,94296,358517364,0.63,0.69
2024/05/24 星期五 00:26:54.385,1716481614385,NH-DC-NM129-D06-ROCE-Leaf-8.GPU.S9825,FourHundredGigE1/0/54,2111366,8637655857,324180,1152585894,14.18,1.89
2024/05/24 星期五 00:26:54.963,1716481614963,NH-DC-NM129-D06-ROCE-Leaf-8.GPU.S9825,FourHundredGigE1/0/54,0,0,0,0,0,0
2024/05/24 星期五 00:26:55.464,1716481615464,NH-DC-NM129-D06-ROCE-Leaf-8.GPU.S9825,FourHundredGigE1/0/54,2158498,8810164982,577532,2323660046,21.98,5.79
2024/05/24 星期五 00:26:55.976,1716481615976,NH-DC-NM129-D06-ROCE-Leaf-8.GPU.S9825,FourHundredGigE1/0/54,0,0,0,0,0,0
2024/05/24 星期五 00:26:56.488,1716481616488,NH-DC-NM129-D06-ROCE-Leaf-8.GPU.S9825,FourHundredGigE1/0/54,307323,1229822016,94837,237305262,2.98,0.56
2024/05/24 星期五 00:26:57.070,1716481617070,NH-DC-NM129-D06-ROCE-Leaf-8.GPU.S9825,FourHundredGigE1/0/54,75447,196140098,322539,1111701966,0.41,2.38
2024/05/24 星期五 00:26:57.818,1716481617818,NH-DC-NM129-D06-ROCE-Leaf-8.GPU.S9825,FourHundredGigE1/0/54,0,0,0,0,0,0
2024/05/24 星期五 00:26:58.460,1716481618460,NH-DC-NM129-D06-ROCE-Leaf-8.GPU.S9825,FourHundredGigE1/0/54,148657,461421866,171451,501301394,0.90,0.97
2024/05/24 星期五 00:26:58.973,1716481618973,NH-DC-NM129-D06-ROCE-Leaf-8.GPU.S9825,FourHundredGigE1/0/54,0,0,0,0,0,0
2024/05/24 星期五 00:26:59.474,1716481619474,NH-DC-NM129-D06-ROCE-Leaf-8.GPU.S9825,FourHundredGigE1/0/54,456328,1692331568,135601,247145598,4.22,0.60
2024/05/24 星期五 00:27:00.041,1716481620041,NH-DC-NM129-D06-ROCE-Leaf-8.GPU.S9825,FourHundredGigE1/0/54,0,0,0,0,0,0
2024/05/24 星期五 00:27:00.640,1716481620640,NH-DC-NM129-D06-ROCE-Leaf-8.GPU.S9825,FourHundredGigE1/0/54,111008,393500204,102675,348460682,0.81,0.71
2024/05/24 星期五 00:27:01.448,1716481621448,NH-DC-NM129-D06-ROCE-Leaf-8.GPU.S9825,FourHundredGigE1/0/54,90795,331799494,111731,368854907,0.51,0.56
2024/05/24 星期五 00:27:02.011,1716481622011,NH-DC-NM129-D06-ROCE-Leaf-8.GPU.S9825,FourHundredGigE1/0/54,0,0,0,0,0,0
2024/05/24 星期五 00:27:02.997,1716481622997,NH-DC-NM129-D06-ROCE-Leaf-8.GPU.S9825,FourHundredGigE1/0/54,281330,1130125416,314625,1270316189,1.43,1.61
2024/05/24 星期五 00:27:03.501,1716481623501,NH-DC-NM129-D06-ROCE-Leaf-8.GPU.S9825,FourHundredGigE1/0/54,282673,1071822960,172258,637337866,2.65,1.56
2024/05/24 星期五 00:27:04.074,1716481624074,NH-DC-NM129-D06-ROCE-Leaf-8.GPU.S9825,FourHundredGigE1/0/54,0,0,0,0,0,0
2024/05/24 星期五 00:27:04.713,1716481624713,NH-DC-NM129-D06-ROCE-Leaf-8.GPU.S9825,FourHundredGigE1/0/54,238522,889612574,154679,555288565,1.72,1.08
2024/05/24 星期五 00:27:05.383,1716481625383,NH-DC-NM129-D06-ROCE-Leaf-8.GPU.S9825,FourHundredGigE1/0/54,352770,1375527040,114429,430323930,2.56,0.80
2024/05/24 星期五 00:27:05.897,1716481625897,NH-DC-NM129-D06-ROCE-Leaf-8.GPU.S9825,FourHundredGigE1/0/54,0,0,0,0,0,0
2024/05/24 星期五 00:27:06.397,1716481626397,NH-DC-NM129-D06-ROCE-Leaf-8.GPU.S9825,FourHundredGigE1/0/54,413793,1627694390,184584,638696197,4.05,1.58
2024/05/24 星期五 00:27:07.001,1716481627001,NH-DC-NM129-D06-ROCE-Leaf-8.GPU.S9825,FourHundredGigE1/0/54,0,0,0,0,0,0
2024/05/24 星期五 00:27:07.526,1716481627526,NH-DC-NM129-D06-ROCE-Leaf-8.GPU.S9825,FourHundredGigE1/0/54,102853,393008474,192740,499212540,0.93,1.17
2024/05/24 星期五 00:27:09.023,1716481629023,NH-DC-NM129-D06-ROCE-Leaf-8.GPU.S9825,FourHundredGigE1/0/54,483459,1850026052,368341,1251780934,1.54,1.04
2024/05/24 星期五 00:27:09.522,1716481629522,NH-DC-NM129-D06-ROCE-Leaf-8.GPU.S9825,FourHundredGigE1/0/54,363244,1415116262,477038,1890917488,3.53,4.73
2024/05/24 星期五 00:27:10.095,1716481630095,NH-DC-NM129-D06-ROCE-Leaf-8.GPU.S9825,FourHundredGigE1/0/54,0,0,0,0,0,0
2024/05/24 星期五 00:27:10.597,1716481630597,NH-DC-NM129-D06-ROCE-Leaf-8.GPU.S9825,FourHundredGigE1/0/54,106349,396434970,158991,610485054,0.97,1.52
2024/05/24 星期五 00:27:11.218,1716481631218,NH-DC-NM129-D06-ROCE-Leaf-8.GPU.S9825,FourHundredGigE1/0/54,178232,694907588,196130,737283860,1.39,1.47
2024/05/24 星期五 00:27:11.986,1716481631986,NH-DC-NM129-D06-ROCE-Leaf-8.GPU.S9825,FourHundredGigE1/0/54,0,0,0,0,0,0
2024/05/24 星期五 00:27:12.488,1716481632488,NH-DC-NM129-D06-ROCE-Leaf-8.GPU.S9825,FourHundredGigE1/0/54,178723,671208346,239346,925653296,1.67,2.29
2024/05/24 星期五 00:27:12.988,1716481632988,NH-DC-NM129-D06-ROCE-Leaf-8.GPU.S9825,FourHundredGigE1/0/54,0,0,0,0,0,0
2024/05/24 星期五 00:27:13.489,1716481633489,NH-DC-NM129-D06-ROCE-Leaf-8.GPU.S9825,FourHundredGigE1/0/54,246626,964771014,392741,1544687378,2.40,3.84
2024/05/24 星期五 00:27:14.096,1716481634096,NH-DC-NM129-D06-ROCE-Leaf-8.GPU.S9825,FourHundredGigE1/0/54,0,0,0,0,0,0
2024/05/24 星期五 00:27:14.597,1716481634597,NH-DC-NM129-D06-ROCE-Leaf-8.GPU.S9825,FourHundredGigE1/0/54,99750,372759044,213124,800022361,0.92,2.00
2024/05/24 星期五 00:27:15.484,1716481635484,NH-DC-NM129-D06-ROCE-Leaf-8.GPU.S9825,FourHundredGigE1/0/54,40578,141242358,37031,119531254,0.20,0.16
2024/05/24 星期五 00:27:15.981,1716481635981,NH-DC-NM129-D06-ROCE-Leaf-8.GPU.S9825,FourHundredGigE1/0/54,0,0,0,0,0,0
2024/05/24 星期五 00:27:16.481,1716481636481,NH-DC-NM129-D06-ROCE-Leaf-8.GPU.S9825,FourHundredGigE1/0/54,183570,709402148,180442,716284928,1.75,1.78
2024/05/24 星期五 00:27:17.086,1716481637086,NH-DC-NM129-D06-ROCE-Leaf-8.GPU.S9825,FourHundredGigE1/0/54,0,0,0,0,0,0
2024/05/24 星期五 00:27:17.647,1716481637647,NH-DC-NM129-D06-ROCE-Leaf-8.GPU.S9825,FourHundredGigE1/0/54,710557,2673080724,363569,1471834782,5.95,3.28
2024/05/24 星期五 00:27:18.301,1716481638301,NH-DC-NM129-D06-ROCE-Leaf-8.GPU.S9825,FourHundredGigE1/0/54,517255,1939149028,180115,707734978,3.69,1.34
2024/05/24 星期五 00:27:19.548,1716481639548,NH-DC-NM129-D06-ROCE-Leaf-8.GPU.S9825,FourHundredGigE1/0/54,94988,366807808,217068,862727127,0.36,0.86
2024/05/24 星期五 00:27:20.106,1716481640106,NH-DC-NM129-D06-ROCE-Leaf-8.GPU.S9825,FourHundredGigE1/0/54,0,0,0,0,0,0
2024/05/24 星期五 00:27:20.684,1716481640684,NH-DC-NM129-D06-ROCE-Leaf-8.GPU.S9825,FourHundredGigE1/0/54,260703,1015415576,210384,778730162,2.18,1.67
2024/05/24 星期五 00:27:21.280,1716481641280,NH-DC-NM129-D06-ROCE-Leaf-8.GPU.S9825,FourHundredGigE1/0/54,405778,1615346334,748106,3022439348,3.38,6.33
2024/05/24 星期五 00:27:21.971,1716481641971,NH-DC-NM129-D06-ROCE-Leaf-8.GPU.S9825,FourHundredGigE1/0/54,0,0,0,0,0,0
2024/05/24 星期五 00:27:22.634,1716481642634,NH-DC-NM129-D06-ROCE-Leaf-8.GPU.S9825,FourHundredGigE1/0/54,384244,1503146916,1028876,4189114140,2.83,7.88
2024/05/24 星期五 00:27:23.137,1716481643137,NH-DC-NM129-D06-ROCE-Leaf-8.GPU.S9825,FourHundredGigE1/0/54,0,0,0,0,0,0
2024/05/24 星期五 00:27:23.699,1716481643699,NH-DC-NM129-D06-ROCE-Leaf-8.GPU.S9825,FourHundredGigE1/0/54,239559,857656122,1066485,4314595500,1.89,9.59
2024/05/24 星期五 00:27:24.446,1716481644446,NH-DC-NM129-D06-ROCE-Leaf-8.GPU.S9825,FourHundredGigE1/0/54,644421,2472040073,1144089,4680117108,4.13,7.83
2024/05/24 星期五 00:27:24.967,1716481644967,NH-DC-NM129-D06-ROCE-Leaf-8.GPU.S9825,FourHundredGigE1/0/54,184171,682690916,865926,3489264355,1.63,8.35
2024/05/24 星期五 00:27:25.845,1716481645845,NH-DC-NM129-D06-ROCE-Leaf-8.GPU.S9825,FourHundredGigE1/0/54,0,0,0,0,0,0
2024/05/24 星期五 00:27:26.378,1716481646378,NH-DC-NM129-D06-ROCE-Leaf-8.GPU.S9825,FourHundredGigE1/0/54,165883,617298798,147689,328556688,1.43,0.75
2024/05/24 星期五 00:27:26.882,1716481646882,NH-DC-NM129-D06-ROCE-Leaf-8.GPU.S9825,FourHundredGigE1/0/54,0,0,0,0,0,0
2024/05/24 星期五 00:27:27.382,1716481647382,NH-DC-NM129-D06-ROCE-Leaf-8.GPU.S9825,FourHundredGigE1/0/54,101265,336034010,369622,1276089366,0.82,3.18
2024/05/24 星期五 00:27:28.099,1716481648099,NH-DC-NM129-D06-ROCE-Leaf-8.GPU.S9825,FourHundredGigE1/0/54,0,0,0,0,0,0
2024/05/24 星期五 00:27:28.598,1716481648598,NH-DC-NM129-D06-ROCE-Leaf-8.GPU.S9825,FourHundredGigE1/0/54,197523,742450670,203997,752140327,1.85,1.88
2024/05/24 星期五 00:27:29.377,1716481649377,NH-DC-NM129-D06-ROCE-Leaf-8.GPU.S9825,FourHundredGigE1/0/54,190040,737772840,257586,971190848,1.17,1.56
2024/05/24 星期五 00:27:29.915,1716481649915,NH-DC-NM129-D06-ROCE-Leaf-8.GPU.S9825,FourHundredGigE1/0/54,0,0,0,0,0,0
2024/05/24 星期五 00:27:30.418,1716481650418,NH-DC-NM129-D06-ROCE-Leaf-8.GPU.S9825,FourHundredGigE1/0/54,188200,597129048,114874,427007546,1.47,1.04
2024/05/24 星期五 00:27:30.962,1716481650962,NH-DC-NM129-D06-ROCE-Leaf-8.GPU.S9825,FourHundredGigE1/0/54,852797,3444481606,646840,2583453882,7.90,5.93
2024/05/24 星期五 00:27:31.837,1716481651837,NH-DC-NM129-D06-ROCE-Leaf-8.GPU.S9825,FourHundredGigE1/0/54,0,0,0,0,0,0
2024/05/24 星期五 00:27:32.621,1716481652621,NH-DC-NM129-D06-ROCE-Leaf-8.GPU.S9825,FourHundredGigE1/0/54,198647,733685774,184460,701578058,1.16,1.12
2024/05/24 星期五 00:27:33.195,1716481653195,NH-DC-NM129-D06-ROCE-Leaf-8.GPU.S9825,FourHundredGigE1/0/54,0,0,0,0,0,0
2024/05/24 星期五 00:27:33.698,1716481653698,NH-DC-NM129-D06-ROCE-Leaf-8.GPU.S9825,FourHundredGigE1/0/54,211800,799784824,197692,750053274,1.96,1.86
2024/05/24 星期五 00:27:34.199,1716481654199,NH-DC-NM129-D06-ROCE-Leaf-8.GPU.S9825,FourHundredGigE1/0/54,0,0,0,0,0,0
2024/05/24 星期五 00:27:34.718,1716481654718,NH-DC-NM129-D06-ROCE-Leaf-8.GPU.S9825,FourHundredGigE1/0/54,268567,1029763378,172745,618843794,2.46,1.47
2024/05/24 星期五 00:27:35.383,1716481655383,NH-DC-NM129-D06-ROCE-Leaf-8.GPU.S9825,FourHundredGigE1/0/54,383597,1498851866,888595,3608416026,2.80,6.77
2024/05/24 星期五 00:27:36.135,1716481656135,NH-DC-NM129-D06-ROCE-Leaf-8.GPU.S9825,FourHundredGigE1/0/54,0,0,0,0,0,0
2024/05/24 星期五 00:27:36.727,1716481656727,NH-DC-NM129-D06-ROCE-Leaf-8.GPU.S9825,FourHundredGigE1/0/54,145992,538854208,259520,973093964,1.12,2.05
2024/05/24 星期五 00:27:37.230,1716481657230,NH-DC-NM129-D06-ROCE-Leaf-8.GPU.S9825,FourHundredGigE1/0/54,221949,850469234,326300,1239953387,2.11,3.06
2024/05/24 星期五 00:27:38.690,1716481658690,NH-DC-NM129-D06-ROCE-Leaf-8.GPU.S9825,FourHundredGigE1/0/54,304832,1176215192,548105,2191249081,1.00,1.88
2024/05/24 星期五 00:27:39.996,1716481659996,NH-DC-NM129-D06-ROCE-Leaf-8.GPU.S9825,FourHundredGigE1/0/54,0,0,0,0,0,0
2024/05/24 星期五 00:27:40.599,1716481660599,NH-DC-NM129-D06-ROCE-Leaf-8.GPU.S9825,FourHundredGigE1/0/54,131960,427135040,91635,309388422,0.87,0.62
2024/05/24 星期五 00:27:41.101,1716481661101,NH-DC-NM129-D06-ROCE-Leaf-8.GPU.S9825,FourHundredGigE1/0/54,0,0,0,0,0,0
2024/05/24 星期五 00:27:41.634,1716481661634,NH-DC-NM129-D06-ROCE-Leaf-8.GPU.S9825,FourHundredGigE1/0/54,81621,278658258,121354,438126757,0.63,1.01
2024/05/24 星期五 00:27:42.360,1716481662360,NH-DC-NM129-D06-ROCE-Leaf-8.GPU.S9825,FourHundredGigE1/0/54,141807,505311934,215479,818089467,0.86,1.39
2024/05/24 星期五 00:27:42.867,1716481662867,NH-DC-NM129-D06-ROCE-Leaf-8.GPU.S9825,FourHundredGigE1/0/54,0,0,0,0,0,0
2024/05/24 星期五 00:27:43.624,1716481663624,NH-DC-NM129-D06-ROCE-Leaf-8.GPU.S9825,FourHundredGigE1/0/54,153215,559278290,249410,982443796,0.91,1.62
2024/05/24 星期五 00:27:44.164,1716481664164,NH-DC-NM129-D06-ROCE-Leaf-8.GPU.S9825,FourHundredGigE1/0/54,0,0,0,0,0,0
2024/05/24 星期五 00:27:44.667,1716481664667,NH-DC-NM129-D06-ROCE-Leaf-8.GPU.S9825,FourHundredGigE1/0/54,121017,458425474,111165,382139153,1.12,0.94
2024/05/24 星期五 00:27:45.439,1716481665439,NH-DC-NM129-D06-ROCE-Leaf-8.GPU.S9825,FourHundredGigE1/0/54,114079,409357858,168283,585803812,0.65,0.94
2024/05/24 星期五 00:27:46.109,1716481666109,NH-DC-NM129-D06-ROCE-Leaf-8.GPU.S9825,FourHundredGigE1/0/54,0,0,0,0,0,0
2024/05/24 星期五 00:27:46.629,1716481666629,NH-DC-NM129-D06-ROCE-Leaf-8.GPU.S9825,FourHundredGigE1/0/54,392315,1504308987,43187,89843280,3.61,0.19
2024/05/24 星期五 00:27:47.239,1716481667239,NH-DC-NM129-D06-ROCE-Leaf-8.GPU.S9825,FourHundredGigE1/0/54,0,0,0,0,0,0
2024/05/24 星期五 00:27:47.742,1716481667742,NH-DC-NM129-D06-ROCE-Leaf-8.GPU.S9825,FourHundredGigE1/0/54,157089,555474230,167744,535516134,1.37,1.32
2024/05/24 星期五 00:27:48.258,1716481668258,NH-DC-NM129-D06-ROCE-Leaf-8.GPU.S9825,FourHundredGigE1/0/54,304364,0,296054,0,0,0
2024/05/24 星期五 00:27:48.810,1716481668810,NH-DC-NM129-D06-ROCE-Leaf-8.GPU.S9825,FourHundredGigE1/0/54,0,1217062018,0,1045932712,2.74,2.36
2024/05/24 星期五 00:27:49.423,1716481669423,NH-DC-NM129-D06-ROCE-Leaf-8.GPU.S9825,FourHundredGigE1/0/54,354914,1396617356,60712,195298822,2.83,0.39
2024/05/24 星期五 00:27:50.131,1716481670131,NH-DC-NM129-D06-ROCE-Leaf-8.GPU.S9825,FourHundredGigE1/0/54,63750,181848035,286301,1155854026,0.32,2.03
2024/05/24 星期五 00:27:50.698,1716481670698,NH-DC-NM129-D06-ROCE-Leaf-8.GPU.S9825,FourHundredGigE1/0/54,0,0,0,0,0,0
2024/05/24 星期五 00:27:51.202,1716481671202,NH-DC-NM129-D06-ROCE-Leaf-8.GPU.S9825,FourHundredGigE1/0/54,0,0,0,0,0,0
2024/05/24 星期五 00:27:51.709,1716481671709,NH-DC-NM129-D06-ROCE-Leaf-8.GPU.S9825,FourHundredGigE1/0/54,325369,1210214726,83807,327513355,2.98,0.79
2024/05/24 星期五 00:27:52.240,1716481672240,NH-DC-NM129-D06-ROCE-Leaf-8.GPU.S9825,FourHundredGigE1/0/54,265384,812949692,380231,1465290705,1.91,3.44
2024/05/24 星期五 00:27:52.772,1716481672772,NH-DC-NM129-D06-ROCE-Leaf-8.GPU.S9825,FourHundredGigE1/0/54,0,0,0,0,0,0
2024/05/24 星期五 00:27:53.507,1716481673507,NH-DC-NM129-D06-ROCE-Leaf-8.GPU.S9825,FourHundredGigE1/0/54,256033,961656646,528452,2115506759,1.63,3.59
2024/05/24 星期五 00:27:54.129,1716481674129,NH-DC-NM129-D06-ROCE-Leaf-8.GPU.S9825,FourHundredGigE1/0/54,0,0,0,0,0,0
2024/05/24 星期五 00:27:54.629,1716481674629,NH-DC-NM129-D06-ROCE-Leaf-8.GPU.S9825,FourHundredGigE1/0/54,131714,512408489,149221,578663865,1.28,1.42
2024/05/24 星期五 00:27:55.158,1716481675158,NH-DC-NM129-D06-ROCE-Leaf-8.GPU.S9825,FourHundredGigE1/0/54,0,0,0,0,0,0
2024/05/24 星期五 00:27:55.679,1716481675679,NH-DC-NM129-D06-ROCE-Leaf-8.GPU.S9825,FourHundredGigE1/0/54,215761,839174807,206422,752618773,1.99,1.80
2024/05/24 星期五 00:27:56.275,1716481676275,NH-DC-NM129-D06-ROCE-Leaf-8.GPU.S9825,FourHundredGigE1/0/54,133401,518194770,235772,701330318,1.07,1.47
2024/05/24 星期五 00:27:56.939,1716481676939,NH-DC-NM129-D06-ROCE-Leaf-8.GPU.S9825,FourHundredGigE1/0/54,0,0,0,0,0,0
2024/05/24 星期五 00:27:57.561,1716481677561,NH-DC-NM129-D06-ROCE-Leaf-8.GPU.S9825,FourHundredGigE1/0/54,348528,1299626980,243711,935205180,2.59,1.87
2024/05/24 星期五 00:27:58.122,1716481678122,NH-DC-NM129-D06-ROCE-Leaf-8.GPU.S9825,FourHundredGigE1/0/54,164917,646560010,178669,703397691,1.43,1.56
2024/05/24 星期五 00:27:58.800,1716481678800,NH-DC-NM129-D06-ROCE-Leaf-8.GPU.S9825,FourHundredGigE1/0/54,0,0,0,0,0,0
2024/05/24 星期五 00:27:59.529,1716481679529,NH-DC-NM129-D06-ROCE-Leaf-8.GPU.S9825,FourHundredGigE1/0/54,201016,775296240,241046,980241977,1.32,1.68
2024/05/24 星期五 00:28:00.191,1716481680191,NH-DC-NM129-D06-ROCE-Leaf-8.GPU.S9825,FourHundredGigE1/0/54,305836,1237735036,207854,820651252,2.32,1.55
2024/05/24 星期五 00:28:00.869,1716481680869,NH-DC-NM129-D06-ROCE-Leaf-8.GPU.S9825,FourHundredGigE1/0/54,0,0,0,0,0,0
2024/05/24 星期五 00:28:01.424,1716481681424,NH-DC-NM129-D06-ROCE-Leaf-8.GPU.S9825,FourHundredGigE1/0/54,257064,1011352716,110131,415237470,2.27,0.92
2024/05/24 星期五 00:28:01.927,1716481681927,NH-DC-NM129-D06-ROCE-Leaf-8.GPU.S9825,FourHundredGigE1/0/54,0,0,0,0,0,0
2024/05/24 星期五 00:28:02.429,1716481682429,NH-DC-NM129-D06-ROCE-Leaf-8.GPU.S9825,FourHundredGigE1/0/54,95024,376224192,271324,1060920640,0.92,2.64
2024/05/24 星期五 00:28:03.100,1716481683100,NH-DC-NM129-D06-ROCE-Leaf-8.GPU.S9825,FourHundredGigE1/0/54,103791,375917718,65338,216095837,0.69,0.39
2024/05/24 星期五 00:28:03.884,1716481683884,NH-DC-NM129-D06-ROCE-Leaf-8.GPU.S9825,FourHundredGigE1/0/54,0,0,0,0,0,0
2024/05/24 星期五 00:28:04.493,1716481684493,NH-DC-NM129-D06-ROCE-Leaf-8.GPU.S9825,FourHundredGigE1/0/54,389063,1494689450,393126,1600483020,3.06,3.28
2024/05/24 星期五 00:28:04.993,1716481684993,NH-DC-NM129-D06-ROCE-Leaf-8.GPU.S9825,FourHundredGigE1/0/54,0,0,0,0,0,0
2024/05/24 星期五 00:28:05.494,1716481685494,NH-DC-NM129-D06-ROCE-Leaf-8.GPU.S9825,FourHundredGigE1/0/54,65786,234993156,43639,150157990,0.57,0.37
2024/05/24 星期五 00:28:06.048,1716481686048,NH-DC-NM129-D06-ROCE-Leaf-8.GPU.S9825,FourHundredGigE1/0/54,0,0,0,0,0,0
2024/05/24 星期五 00:28:06.592,1716481686592,NH-DC-NM129-D06-ROCE-Leaf-8.GPU.S9825,FourHundredGigE1/0/54,162402,602501848,107493,408277026,1.38,0.92
2024/05/24 星期五 00:28:07.287,1716481687287,NH-DC-NM129-D06-ROCE-Leaf-8.GPU.S9825,FourHundredGigE1/0/54,108451,419633986,158695,572876971,0.74,1.03
2024/05/24 星期五 00:28:07.842,1716481687842,NH-DC-NM129-D06-ROCE-Leaf-8.GPU.S9825,FourHundredGigE1/0/54,0,0,0,0,0,0
2024/05/24 星期五 00:28:08.346,1716481688346,NH-DC-NM129-D06-ROCE-Leaf-8.GPU.S9825,FourHundredGigE1/0/54,289424,1109833298,138791,510614498,2.73,1.26
2024/05/24 星期五 00:28:08.857,1716481688857,NH-DC-NM129-D06-ROCE-Leaf-8.GPU.S9825,FourHundredGigE1/0/54,0,0,0,0,0,0
2024/05/24 星期五 00:28:09.408,1716481689408,NH-DC-NM129-D06-ROCE-Leaf-8.GPU.S9825,FourHundredGigE1/0/54,152523,573762472,175720,665234336,1.29,1.50
2024/05/24 星期五 00:28:10.027,1716481690027,NH-DC-NM129-D06-ROCE-Leaf-8.GPU.S9825,FourHundredGigE1/0/54,84473,0,97043,0,0,0
2024/05/24 星期五 00:28:10.690,1716481690690,NH-DC-NM129-D06-ROCE-Leaf-8.GPU.S9825,FourHundredGigE1/0/54,0,293676364,0,362061613,0.55,0.68
2024/05/24 星期五 00:28:11.314,1716481691314,NH-DC-NM129-D06-ROCE-Leaf-8.GPU.S9825,FourHundredGigE1/0/54,315513,1190837968,298234,1199487220,2.38,2.38
2024/05/24 星期五 00:28:11.814,1716481691814,NH-DC-NM129-D06-ROCE-Leaf-8.GPU.S9825,FourHundredGigE1/0/54,0,0,0,0,0,0
2024/05/24 星期五 00:28:12.314,1716481692314,NH-DC-NM129-D06-ROCE-Leaf-8.GPU.S9825,FourHundredGigE1/0/54,601442,2440583332,102676,390937281,6.1,0.98
2024/05/24 星期五 00:28:12.886,1716481692886,NH-DC-NM129-D06-ROCE-Leaf-8.GPU.S9825,FourHundredGigE1/0/54,0,0,0,0,0,0
2024/05/24 星期五 00:28:13.537,1716481693537,NH-DC-NM129-D06-ROCE-Leaf-8.GPU.S9825,FourHundredGigE1/0/54,185996,722477965,217112,830224302,1.38,1.59
2024/05/24 星期五 00:28:14.295,1716481694295,NH-DC-NM129-D06-ROCE-Leaf-8.GPU.S9825,FourHundredGigE1/0/54,192462,733952208,223927,775661631,1.20,1.27
2024/05/24 星期五 00:28:14.831,1716481694831,NH-DC-NM129-D06-ROCE-Leaf-8.GPU.S9825,FourHundredGigE1/0/54,0,0,0,0,0,0
2024/05/24 星期五 00:28:15.358,1716481695358,NH-DC-NM129-D06-ROCE-Leaf-8.GPU.S9825,FourHundredGigE1/0/54,581272,2277608132,398558,1633445964,5.38,3.87
2024/05/24 星期五 00:28:15.885,1716481695885,NH-DC-NM129-D06-ROCE-Leaf-8.GPU.S9825,FourHundredGigE1/0/54,0,0,0,0,0,0
2024/05/24 星期五 00:28:16.386,1716481696386,NH-DC-NM129-D06-ROCE-Leaf-8.GPU.S9825,FourHundredGigE1/0/54,939564,3796135188,255352,1015339579,9.46,2.52
2024/05/24 星期五 00:28:16.906,1716481696906,NH-DC-NM129-D06-ROCE-Leaf-8.GPU.S9825,FourHundredGigE1/0/54,0,0,0,0,0,0
2024/05/24 星期五 00:28:17.777,1716481697777,NH-DC-NM129-D06-ROCE-Leaf-8.GPU.S9825,FourHundredGigE1/0/54,2279085,9320943060,166262,662941652,13.38,0.95
2024/05/24 星期五 00:28:18.279,1716481698279,NH-DC-NM129-D06-ROCE-Leaf-8.GPU.S9825,FourHundredGigE1/0/54,1320156,5368464964,124847,462636054,13.35,1.15
2024/05/24 星期五 00:28:19.294,1716481699294,NH-DC-NM129-D06-ROCE-Leaf-8.GPU.S9825,FourHundredGigE1/0/54,249137,933288384,901697,3655408654,1.15,4.50
2024/05/24 星期五 00:28:20.092,1716481700092,NH-DC-NM129-D06-ROCE-Leaf-8.GPU.S9825,FourHundredGigE1/0/54,0,0,0,0,0,0
2024/05/24 星期五 00:28:20.642,1716481700642,NH-DC-NM129-D06-ROCE-Leaf-8.GPU.S9825,FourHundredGigE1/0/54,266853,988046158,184761,694410742,2.23,1.57
2024/05/24 星期五 00:28:21.426,1716481701426,NH-DC-NM129-D06-ROCE-Leaf-8.GPU.S9825,FourHundredGigE1/0/54,276685,1099538934,170236,650243280,1.74,1.04
2024/05/24 星期五 00:28:21.930,1716481701930,NH-DC-NM129-D06-ROCE-Leaf-8.GPU.S9825,FourHundredGigE1/0/54,0,0,0,0,0,0
2024/05/24 星期五 00:28:22.434,1716481702434,NH-DC-NM129-D06-ROCE-Leaf-8.GPU.S9825,FourHundredGigE1/0/54,520893,2104016458,281114,1075397544,5.21,2.65
2024/05/24 星期五 00:28:22.996,1716481702996,NH-DC-NM129-D06-ROCE-Leaf-8.GPU.S9825,FourHundredGigE1/0/54,0,0,0,0,0,0
2024/05/24 星期五 00:28:23.660,1716481703660,NH-DC-NM129-D06-ROCE-Leaf-8.GPU.S9825,FourHundredGigE1/0/54,215917,799285718,796061,3199355146,1.49,6.01
2024/05/24 星期五 00:28:24.347,1716481704347,NH-DC-NM129-D06-ROCE-Leaf-8.GPU.S9825,FourHundredGigE1/0/54,120084,446364833,176747,682122958,0.80,1.24
2024/05/24 星期五 00:28:24.956,1716481704956,NH-DC-NM129-D06-ROCE-Leaf-8.GPU.S9825,FourHundredGigE1/0/54,0,0,0,0,0,0
2024/05/24 星期五 00:28:25.512,1716481705512,NH-DC-NM129-D06-ROCE-Leaf-8.GPU.S9825,FourHundredGigE1/0/54,211393,827143242,135649,516660902,1.84,1.15
2024/05/24 星期五 00:28:26.014,1716481706014,NH-DC-NM129-D06-ROCE-Leaf-8.GPU.S9825,FourHundredGigE1/0/54,0,0,0,0,0,0
2024/05/24 星期五 00:28:26.514,1716481706514,NH-DC-NM129-D06-ROCE-Leaf-8.GPU.S9825,FourHundredGigE1/0/54,543448,2178574880,324015,1250511356,5.42,3.12
2024/05/24 星期五 00:28:27.168,1716481707168,NH-DC-NM129-D06-ROCE-Leaf-8.GPU.S9825,FourHundredGigE1/0/54,236046,773600420,109543,334854450,1.47,0.63
2024/05/24 星期五 00:28:27.897,1716481707897,NH-DC-NM129-D06-ROCE-Leaf-8.GPU.S9825,FourHundredGigE1/0/54,0,0,0,0,0,0
2024/05/24 星期五 00:28:28.573,1716481708573,NH-DC-NM129-D06-ROCE-Leaf-8.GPU.S9825,FourHundredGigE1/0/54,80291,220659894,194407,765506268,0.41,1.41
2024/05/24 星期五 00:28:29.074,1716481709074,NH-DC-NM129-D06-ROCE-Leaf-8.GPU.S9825,FourHundredGigE1/0/54,0,0,0,0,0,0
2024/05/24 星期五 00:28:29.576,1716481709576,NH-DC-NM129-D06-ROCE-Leaf-8.GPU.S9825,FourHundredGigE1/0/54,105460,389014204,106297,391706042,0.95,0.97
2024/05/24 星期五 00:28:30.179,1716481710179,NH-DC-NM129-D06-ROCE-Leaf-8.GPU.S9825,FourHundredGigE1/0/54,0,0,0,0,0,0
2024/05/24 星期五 00:28:30.678,1716481710678,NH-DC-NM129-D06-ROCE-Leaf-8.GPU.S9825,FourHundredGigE1/0/54,238812,926173200,329327,1304849358,2.30,3.26
2024/05/24 星期五 00:28:31.510,1716481711510,NH-DC-NM129-D06-ROCE-Leaf-8.GPU.S9825,FourHundredGigE1/0/54,102214,359394547,234373,907856512,0.53,1.35
2024/05/24 星期五 00:28:32.148,1716481712148,NH-DC-NM129-D06-ROCE-Leaf-8.GPU.S9825,FourHundredGigE1/0/54,0,0,0,0,0,0
2024/05/24 星期五 00:28:32.650,1716481712650,NH-DC-NM129-D06-ROCE-Leaf-8.GPU.S9825,FourHundredGigE1/0/54,208152,726407076,145775,579754534,1.79,1.42
2024/05/24 星期五 00:28:33.226,1716481713226,NH-DC-NM129-D06-ROCE-Leaf-8.GPU.S9825,FourHundredGigE1/0/54,209563,771709740,267463,1030006830,1.67,2.24
2024/05/24 星期五 00:28:33.803,1716481713803,NH-DC-NM129-D06-ROCE-Leaf-8.GPU.S9825,FourHundredGigE1/0/54,0,0,0,0,0,0
2024/05/24 星期五 00:28:34.478,1716481714478,NH-DC-NM129-D06-ROCE-Leaf-8.GPU.S9825,FourHundredGigE1/0/54,71440,236835704,198006,733352816,0.43,1.35
2024/05/24 星期五 00:28:35.164,1716481715164,NH-DC-NM129-D06-ROCE-Leaf-8.GPU.S9825,FourHundredGigE1/0/54,0,0,0,0,0,0
2024/05/24 星期五 00:28:35.687,1716481715687,NH-DC-NM129-D06-ROCE-Leaf-8.GPU.S9825,FourHundredGigE1/0/54,180751,683304130,147447,546496774,1.63,1.29
2024/05/24 星期五 00:28:36.193,1716481716193,NH-DC-NM129-D06-ROCE-Leaf-8.GPU.S9825,FourHundredGigE1/0/54,0,0,0,0,0,0
2024/05/24 星期五 00:28:36.693,1716481716693,NH-DC-NM129-D06-ROCE-Leaf-8.GPU.S9825,FourHundredGigE1/0/54,98600,363858456,147421,525144598,0.9,1.3
2024/05/24 星期五 00:28:37.314,1716481717314,NH-DC-NM129-D06-ROCE-Leaf-8.GPU.S9825,FourHundredGigE1/0/54,113856,348059284,587595,2348514089,0.68,4.71
2024/05/24 星期五 00:28:39.806,1716481719806,NH-DC-NM129-D06-ROCE-Leaf-8.GPU.S9825,FourHundredGigE1/0/54,82478,326216512,163644,660513124,0.16,0.33
2024/05/24 星期五 00:28:40.459,1716481720459,NH-DC-NM129-D06-ROCE-Leaf-8.GPU.S9825,FourHundredGigE1/0/54,87123,333449978,95536,354804936,0.63,0.67
2024/05/24 星期五 00:28:41.181,1716481721181,NH-DC-NM129-D06-ROCE-Leaf-8.GPU.S9825,FourHundredGigE1/0/54,0,0,0,0,0,0
2024/05/24 星期五 00:28:41.696,1716481721696,NH-DC-NM129-D06-ROCE-Leaf-8.GPU.S9825,FourHundredGigE1/0/54,474198,1878843692,661735,2689253698,4.54,6.50
2024/05/24 星期五 00:28:42.821,1716481722821,NH-DC-NM129-D06-ROCE-Leaf-8.GPU.S9825,FourHundredGigE1/0/54,144125,481614658,101061,379285434,0.53,0.41
2024/05/24 星期五 00:28:43.322,1716481723322,NH-DC-NM129-D06-ROCE-Leaf-8.GPU.S9825,FourHundredGigE1/0/54,157251,617146542,164909,671831600,1.52,1.67
2024/05/24 星期五 00:28:43.920,1716481723920,NH-DC-NM129-D06-ROCE-Leaf-8.GPU.S9825,FourHundredGigE1/0/54,0,0,0,0,0,0
2024/05/24 星期五 00:28:44.590,1716481724590,NH-DC-NM129-D06-ROCE-Leaf-8.GPU.S9825,FourHundredGigE1/0/54,305404,1195100848,473595,1919915107,2.22,3.56
2024/05/24 星期五 00:28:45.094,1716481725094,NH-DC-NM129-D06-ROCE-Leaf-8.GPU.S9825,FourHundredGigE1/0/54,214404,794623604,374204,1467397942,1.96,3.62
2024/05/24 星期五 00:28:45.802,1716481725802,NH-DC-NM129-D06-ROCE-Leaf-8.GPU.S9825,FourHundredGigE1/0/54,0,0,0,0,0,0
2024/05/24 星期五 00:28:46.413,1716481726413,NH-DC-NM129-D06-ROCE-Leaf-8.GPU.S9825,FourHundredGigE1/0/54,323541,1248320558,84135,312942206,2.54,0.63
2024/05/24 星期五 00:28:46.913,1716481726913,NH-DC-NM129-D06-ROCE-Leaf-8.GPU.S9825,FourHundredGigE1/0/54,0,0,0,0,0,0
2024/05/24 星期五 00:28:47.414,1716481727414,NH-DC-NM129-D06-ROCE-Leaf-8.GPU.S9825,FourHundredGigE1/0/54,262078,1033580980,137109,519949249,2.57,1.27
2024/05/24 星期五 00:28:48.080,1716481728080,NH-DC-NM129-D06-ROCE-Leaf-8.GPU.S9825,FourHundredGigE1/0/54,0,0,0,0,0,0
2024/05/24 星期五 00:28:48.580,1716481728580,NH-DC-NM129-D06-ROCE-Leaf-8.GPU.S9825,FourHundredGigE1/0/54,522747,1799086942,406126,1549310860,4.48,3.85
2024/05/24 星期五 00:28:49.368,1716481729368,NH-DC-NM129-D06-ROCE-Leaf-8.GPU.S9825,FourHundredGigE1/0/54,437207,1635864290,206085,802485596,2.59,1.27
2024/05/24 星期五 00:28:49.871,1716481729871,NH-DC-NM129-D06-ROCE-Leaf-8.GPU.S9825,FourHundredGigE1/0/54,0,0,0,0,0,0
2024/05/24 星期五 00:28:50.371,1716481730371,NH-DC-NM129-D06-ROCE-Leaf-8.GPU.S9825,FourHundredGigE1/0/54,247035,954470202,107959,412055996,2.38,1.02
2024/05/24 星期五 00:28:50.912,1716481730912,NH-DC-NM129-D06-ROCE-Leaf-8.GPU.S9825,FourHundredGigE1/0/54,0,0,0,0,0,0
2024/05/24 星期五 00:28:51.603,1716481731603,NH-DC-NM129-D06-ROCE-Leaf-8.GPU.S9825,FourHundredGigE1/0/54,193536,710972448,273136,1063928460,1.28,1.92
2024/05/24 星期五 00:28:52.114,1716481732114,NH-DC-NM129-D06-ROCE-Leaf-8.GPU.S9825,FourHundredGigE1/0/54,175646,614435434,207893,767075851,1.49,1.86
2024/05/24 星期五 00:28:52.845,1716481732845,NH-DC-NM129-D06-ROCE-Leaf-8.GPU.S9825,FourHundredGigE1/0/54,0,0,0,0,0,0
2024/05/24 星期五 00:28:53.346,1716481733346,NH-DC-NM129-D06-ROCE-Leaf-8.GPU.S9825,FourHundredGigE1/0/54,345129,1399234672,104640,362968425,3.47,0.90
2024/05/24 星期五 00:28:53.848,1716481733848,NH-DC-NM129-D06-ROCE-Leaf-8.GPU.S9825,FourHundredGigE1/0/54,0,0,0,0,0,0
2024/05/24 星期五 00:28:54.349,1716481734349,NH-DC-NM129-D06-ROCE-Leaf-8.GPU.S9825,FourHundredGigE1/0/54,152840,552913239,128543,479135898,1.37,1.17
2024/05/24 星期五 00:28:55.857,1716481735857,NH-DC-NM129-D06-ROCE-Leaf-8.GPU.S9825,FourHundredGigE1/0/54,171443,642231460,76137,256298618,0.53,0.21
2024/05/24 星期五 00:28:56.462,1716481736462,NH-DC-NM129-D06-ROCE-Leaf-8.GPU.S9825,FourHundredGigE1/0/54,87339,331052008,123037,463385344,0.68,0.95
2024/05/24 星期五 00:28:56.962,1716481736962,NH-DC-NM129-D06-ROCE-Leaf-8.GPU.S9825,FourHundredGigE1/0/54,0,0,0,0,0,0
2024/05/24 星期五 00:28:57.465,1716481737465,NH-DC-NM129-D06-ROCE-Leaf-8.GPU.S9825,FourHundredGigE1/0/54,165734,650276122,315957,1246618574,1.62,3.08
2024/05/24 星期五 00:28:58.105,1716481738105,NH-DC-NM129-D06-ROCE-Leaf-8.GPU.S9825,FourHundredGigE1/0/54,0,0,0,0,0,0
2024/05/24 星期五 00:28:58.736,1716481738736,NH-DC-NM129-D06-ROCE-Leaf-8.GPU.S9825,FourHundredGigE1/0/54,253732,1015548428,254665,989568737,2.00,1.94
2024/05/24 星期五 00:28:59.493,1716481739493,NH-DC-NM129-D06-ROCE-Leaf-8.GPU.S9825,FourHundredGigE1/0/54,219819,854757118,160921,601577666,1.40,0.99
2024/05/24 星期五 00:28:59.999,1716481739999,NH-DC-NM129-D06-ROCE-Leaf-8.GPU.S9825,FourHundredGigE1/0/54,0,0,0,0,0,0
2024/05/24 星期五 00:29:00.502,1716481740502,NH-DC-NM129-D06-ROCE-Leaf-8.GPU.S9825,FourHundredGigE1/0/54,51803,195001006,200264,774923692,0.47,1.91
2024/05/24 星期五 00:29:01.063,1716481741063,NH-DC-NM129-D06-ROCE-Leaf-8.GPU.S9825,FourHundredGigE1/0/54,0,0,0,0,0,0
2024/05/24 星期五 00:29:01.638,1716481741638,NH-DC-NM129-D06-ROCE-Leaf-8.GPU.S9825,FourHundredGigE1/0/54,93271,350017814,103995,381994046,0.76,0.83
2024/05/24 星期五 00:29:02.210,1716481742210,NH-DC-NM129-D06-ROCE-Leaf-8.GPU.S9825,FourHundredGigE1/0/54,316083,1173819222,164569,634446858,2.56,1.38
2024/05/24 星期五 00:29:02.901,1716481742901,NH-DC-NM129-D06-ROCE-Leaf-8.GPU.S9825,FourHundredGigE1/0/54,0,0,0,0,0,0
2024/05/24 星期五 00:29:03.402,1716481743402,NH-DC-NM129-D06-ROCE-Leaf-8.GPU.S9825,FourHundredGigE1/0/54,223093,864066882,192714,738422548,2.15,1.82
2024/05/24 星期五 00:29:03.912,1716481743912,NH-DC-NM129-D06-ROCE-Leaf-8.GPU.S9825,FourHundredGigE1/0/54,0,0,0,0,0,0
2024/05/24 星期五 00:29:04.413,1716481744413,NH-DC-NM129-D06-ROCE-Leaf-8.GPU.S9825,FourHundredGigE1/0/54,184081,738053658,89422,334847348,1.82,0.82
2024/05/24 星期五 00:29:04.955,1716481744955,NH-DC-NM129-D06-ROCE-Leaf-8.GPU.S9825,FourHundredGigE1/0/54,0,0,0,0,0,0
2024/05/24 星期五 00:29:05.648,1716481745648,NH-DC-NM129-D06-ROCE-Leaf-8.GPU.S9825,FourHundredGigE1/0/54,176539,659703566,378862,1452595632,1.17,2.62
2024/05/24 星期五 00:29:06.445,1716481746445,NH-DC-NM129-D06-ROCE-Leaf-8.GPU.S9825,FourHundredGigE1/0/54,252668,995634704,194796,715302774,1.55,1.11
2024/05/24 星期五 00:29:06.949,1716481746949,NH-DC-NM129-D06-ROCE-Leaf-8.GPU.S9825,FourHundredGigE1/0/54,0,0,0,0,0,0
2024/05/24 星期五 00:29:07.454,1716481747454,NH-DC-NM129-D06-ROCE-Leaf-8.GPU.S9825,FourHundredGigE1/0/54,196762,752384230,147732,500171117,1.86,1.24
2024/05/24 星期五 00:29:08.403,1716481748403,NH-DC-NM129-D06-ROCE-Leaf-8.GPU.S9825,FourHundredGigE1/0/54,247242,940691872,172854,588716140,1.24,0.76
2024/05/24 星期五 00:29:08.987,1716481748987,NH-DC-NM129-D06-ROCE-Leaf-8.GPU.S9825,FourHundredGigE1/0/54,0,0,0,0,0,0
2024/05/24 星期五 00:29:09.755,1716481749755,NH-DC-NM129-D06-ROCE-Leaf-8.GPU.S9825,FourHundredGigE1/0/54,352206,1335198618,328051,1302445706,2.16,2.12
2024/05/24 星期五 00:29:10.258,1716481750258,NH-DC-NM129-D06-ROCE-Leaf-8.GPU.S9825,FourHundredGigE1/0/54,0,0,0,0,0,0
2024/05/24 星期五 00:29:10.757,1716481750757,NH-DC-NM129-D06-ROCE-Leaf-8.GPU.S9825,FourHundredGigE1/0/54,218216,820697010,98425,374036336,2.05,0.93
2024/05/24 星期五 00:29:11.385,1716481751385,NH-DC-NM129-D06-ROCE-Leaf-8.GPU.S9825,FourHundredGigE1/0/54,218554,866715886,132161,508393323,1.71,1.00
2024/05/24 星期五 00:29:11.951,1716481751951,NH-DC-NM129-D06-ROCE-Leaf-8.GPU.S9825,FourHundredGigE1/0/54,0,0,0,0,0,0
2024/05/24 星期五 00:29:12.449,1716481752449,NH-DC-NM129-D06-ROCE-Leaf-8.GPU.S9825,FourHundredGigE1/0/54,261173,954355638,150690,539760824,2.38,1.33
2024/05/24 星期五 00:29:13.250,1716481753250,NH-DC-NM129-D06-ROCE-Leaf-8.GPU.S9825,FourHundredGigE1/0/54,0,0,0,0,0,0
2024/05/24 星期五 00:29:13.753,1716481753753,NH-DC-NM129-D06-ROCE-Leaf-8.GPU.S9825,FourHundredGigE1/0/54,331724,1372532300,522196,2051693770,3.40,5.09
2024/05/24 星期五 00:29:14.275,1716481754275,NH-DC-NM129-D06-ROCE-Leaf-8.GPU.S9825,FourHundredGigE1/0/54,0,0,0,0,0,0
2024/05/24 星期五 00:29:14.777,1716481754777,NH-DC-NM129-D06-ROCE-Leaf-8.GPU.S9825,FourHundredGigE1/0/54,261748,1045067498,228064,886793640,2.59,2.19
2024/05/24 星期五 00:29:15.383,1716481755383,NH-DC-NM129-D06-ROCE-Leaf-8.GPU.S9825,FourHundredGigE1/0/54,254216,969451724,173314,662527088,1.98,1.36
2024/05/24 星期五 00:29:15.949,1716481755949,NH-DC-NM129-D06-ROCE-Leaf-8.GPU.S9825,FourHundredGigE1/0/54,399689,0,513027,2069401978,0,4.55
2024/05/24 星期五 00:29:16.812,1716481756812,NH-DC-NM129-D06-ROCE-Leaf-8.GPU.S9825,FourHundredGigE1/0/54,0,1640975282,0,0,2.38,0
2024/05/24 星期五 00:29:17.317,1716481757317,NH-DC-NM129-D06-ROCE-Leaf-8.GPU.S9825,FourHundredGigE1/0/54,373550,1431945824,303684,1160861168,3.54,2.87
2024/05/24 星期五 00:29:17.850,1716481757850,NH-DC-NM129-D06-ROCE-Leaf-8.GPU.S9825,FourHundredGigE1/0/54,0,0,0,0,0,0
2024/05/24 星期五 00:29:18.350,1716481758350,NH-DC-NM129-D06-ROCE-Leaf-8.GPU.S9825,FourHundredGigE1/0/54,177720,689748358,155666,570945957,1.7,1.42
2024/05/24 星期五 00:29:19.802,1716481759802,NH-DC-NM129-D06-ROCE-Leaf-8.GPU.S9825,FourHundredGigE1/0/54,110654,340708670,133206,501489423,0.29,0.43
2024/05/24 星期五 00:29:21.076,1716481761076,NH-DC-NM129-D06-ROCE-Leaf-8.GPU.S9825,FourHundredGigE1/0/54,507760,2085656538,168615,667728891,2.04,0.65
2024/05/24 星期五 00:29:21.688,1716481761688,NH-DC-NM129-D06-ROCE-Leaf-8.GPU.S9825,FourHundredGigE1/0/54,118166,447505876,100557,397595838,0.90,0.80
2024/05/24 星期五 00:29:22.224,1716481762224,NH-DC-NM129-D06-ROCE-Leaf-8.GPU.S9825,FourHundredGigE1/0/54,0,0,0,0,0,0
2024/05/24 星期五 00:29:23.506,1716481763506,NH-DC-NM129-D06-ROCE-Leaf-8.GPU.S9825,FourHundredGigE1/0/54,568156,2330918516,464148,1638966600,2.27,1.59
2024/05/24 星期五 00:29:24.005,1716481764005,NH-DC-NM129-D06-ROCE-Leaf-8.GPU.S9825,FourHundredGigE1/0/54,0,0,0,0,0,0
2024/05/24 星期五 00:29:25.016,1716481765016,NH-DC-NM129-D06-ROCE-Leaf-8.GPU.S9825,FourHundredGigE1/0/54,399122,1626718005,390292,1542067696,2.00,1.90
2024/05/24 星期五 00:29:25.517,1716481765517,NH-DC-NM129-D06-ROCE-Leaf-8.GPU.S9825,FourHundredGigE1/0/54,98262,410831188,193788,781857431,1.02,1.95
2024/05/24 星期五 00:29:27.007,1716481767007,NH-DC-NM129-D06-ROCE-Leaf-8.GPU.S9825,FourHundredGigE1/0/54,100877,252190158,204016,764793870,0.21,0.64
2024/05/24 星期五 00:29:27.509,1716481767509,NH-DC-NM129-D06-ROCE-Leaf-8.GPU.S9825,FourHundredGigE1/0/54,139578,522265576,387478,1542210140,1.29,3.83
2024/05/24 星期五 00:29:28.089,1716481768089,NH-DC-NM129-D06-ROCE-Leaf-8.GPU.S9825,FourHundredGigE1/0/54,0,0,0,0,0,0
2024/05/24 星期五 00:29:28.598,1716481768598,NH-DC-NM129-D06-ROCE-Leaf-8.GPU.S9825,FourHundredGigE1/0/54,102116,289516388,147145,505291106,0.69,1.23
2024/05/24 星期五 00:29:29.310,1716481769310,NH-DC-NM129-D06-ROCE-Leaf-8.GPU.S9825,FourHundredGigE1/0/54,476643,1893010576,87171,310791505,3.32,0.54
2024/05/24 星期五 00:29:29.997,1716481769997,NH-DC-NM129-D06-ROCE-Leaf-8.GPU.S9825,FourHundredGigE1/0/54,0,0,0,0,0,0
2024/05/24 星期五 00:29:30.497,1716481770497,NH-DC-NM129-D06-ROCE-Leaf-8.GPU.S9825,FourHundredGigE1/0/54,156414,574556458,1194223,4864680510,1.42,12.15
2024/05/24 星期五 00:29:31.023,1716481771023,NH-DC-NM129-D06-ROCE-Leaf-8.GPU.S9825,FourHundredGigE1/0/54,0,0,0,0,0,0
2024/05/24 星期五 00:29:31.756,1716481771756,NH-DC-NM129-D06-ROCE-Leaf-8.GPU.S9825,FourHundredGigE1/0/54,293383,1088331976,1135480,4584562710,1.84,7.81
2024/05/24 星期五 00:29:32.356,1716481772356,NH-DC-NM129-D06-ROCE-Leaf-8.GPU.S9825,FourHundredGigE1/0/54,159086,611488714,1066268,4350201538,1.27,9.06
2024/05/24 星期五 00:29:33.016,1716481773016,NH-DC-NM129-D06-ROCE-Leaf-8.GPU.S9825,FourHundredGigE1/0/54,197261,768270270,1064506,4327684088,1.44,8.18
2024/05/24 星期五 00:29:33.785,1716481773785,NH-DC-NM129-D06-ROCE-Leaf-8.GPU.S9825,FourHundredGigE1/0/54,0,0,0,0,0,0
2024/05/24 星期五 00:29:34.286,1716481774286,NH-DC-NM129-D06-ROCE-Leaf-8.GPU.S9825,FourHundredGigE1/0/54,187031,689094138,262950,1064859758,1.70,2.64
2024/05/24 星期五 00:29:34.813,1716481774813,NH-DC-NM129-D06-ROCE-Leaf-8.GPU.S9825,FourHundredGigE1/0/54,0,0,0,0,0,0
2024/05/24 星期五 00:29:35.373,1716481775373,NH-DC-NM129-D06-ROCE-Leaf-8.GPU.S9825,FourHundredGigE1/0/54,240040,969522468,217415,828401224,2.14,1.83
2024/05/24 星期五 00:29:35.918,1716481775918,NH-DC-NM129-D06-ROCE-Leaf-8.GPU.S9825,FourHundredGigE1/0/54,0,0,0,0,0,0
2024/05/24 星期五 00:29:37.031,1716481777031,NH-DC-NM129-D06-ROCE-Leaf-8.GPU.S9825,FourHundredGigE1/0/54,651388,2530082018,236666,921321450,2.84,1.03
2024/05/24 星期五 00:29:37.538,1716481777538,NH-DC-NM129-D06-ROCE-Leaf-8.GPU.S9825,FourHundredGigE1/0/54,821485,3287243948,474518,1764684906,8.09,4.34
2024/05/24 星期五 00:29:39.456,1716481779456,NH-DC-NM129-D06-ROCE-Leaf-8.GPU.S9825,FourHundredGigE1/0/54,283992,1134156168,176885,666390806,0.74,0.43
2024/05/24 星期五 00:29:40.185,1716481780185,NH-DC-NM129-D06-ROCE-Leaf-8.GPU.S9825,FourHundredGigE1/0/54,260247,1049618638,274580,1022811264,1.78,1.75
2024/05/24 星期五 00:29:40.897,1716481780897,NH-DC-NM129-D06-ROCE-Leaf-8.GPU.S9825,FourHundredGigE1/0/54,0,0,0,0,0,0
2024/05/24 星期五 00:29:41.402,1716481781402,NH-DC-NM129-D06-ROCE-Leaf-8.GPU.S9825,FourHundredGigE1/0/54,195188,742758356,213029,791824616,1.83,1.96
2024/05/24 星期五 00:29:41.905,1716481781905,NH-DC-NM129-D06-ROCE-Leaf-8.GPU.S9825,FourHundredGigE1/0/54,0,0,0,0,0,0
2024/05/24 星期五 00:29:42.472,1716481782472,NH-DC-NM129-D06-ROCE-Leaf-8.GPU.S9825,FourHundredGigE1/0/54,421091,1613674890,403738,1579637718,3.55,3.46
2024/05/24 星期五 00:29:43.086,1716481783086,NH-DC-NM129-D06-ROCE-Leaf-8.GPU.S9825,FourHundredGigE1/0/54,0,0,0,0,0,0
2024/05/24 星期五 00:29:43.630,1716481783630,NH-DC-NM129-D06-ROCE-Leaf-8.GPU.S9825,FourHundredGigE1/0/54,163568,617351952,235192,879551920,1.40,2.00
2024/05/24 星期五 00:29:44.433,1716481784433,NH-DC-NM129-D06-ROCE-Leaf-8.GPU.S9825,FourHundredGigE1/0/54,287547,1095344174,120935,435903862,1.70,0.67
2024/05/24 星期五 00:29:44.941,1716481784941,NH-DC-NM129-D06-ROCE-Leaf-8.GPU.S9825,FourHundredGigE1/0/54,0,0,0,0,0,0
2024/05/24 星期五 00:29:45.575,1716481785575,NH-DC-NM129-D06-ROCE-Leaf-8.GPU.S9825,FourHundredGigE1/0/54,189227,758464470,69306,213193916,1.48,0.41
2024/05/24 星期五 00:29:46.202,1716481786202,NH-DC-NM129-D06-ROCE-Leaf-8.GPU.S9825,FourHundredGigE1/0/54,0,0,0,0,0,0
2024/05/24 星期五 00:29:46.702,1716481786702,NH-DC-NM129-D06-ROCE-Leaf-8.GPU.S9825,FourHundredGigE1/0/54,118914,447620316,92493,349407614,1.1,0.85
2024/05/24 星期五 00:29:47.399,1716481787399,NH-DC-NM129-D06-ROCE-Leaf-8.GPU.S9825,FourHundredGigE1/0/54,290593,1106857550,53554,129830368,1.97,0.22
2024/05/24 星期五 00:29:48.031,1716481788031,NH-DC-NM129-D06-ROCE-Leaf-8.GPU.S9825,FourHundredGigE1/0/54,0,0,0,0,0,0
2024/05/24 星期五 00:29:48.535,1716481788535,NH-DC-NM129-D06-ROCE-Leaf-8.GPU.S9825,FourHundredGigE1/0/54,69146,242345540,83580,304044756,0.60,0.74
2024/05/24 星期五 00:29:49.125,1716481789125,NH-DC-NM129-D06-ROCE-Leaf-8.GPU.S9825,FourHundredGigE1/0/54,0,0,0,0,0,0
2024/05/24 星期五 00:29:49.717,1716481789717,NH-DC-NM129-D06-ROCE-Leaf-8.GPU.S9825,FourHundredGigE1/0/54,263549,1026449478,188714,682061548,2.15,1.44
2024/05/24 星期五 00:29:50.218,1716481790218,NH-DC-NM129-D06-ROCE-Leaf-8.GPU.S9825,FourHundredGigE1/0/54,125788,437497532,196101,734818318,1.07,1.82
2024/05/24 星期五 00:29:50.876,1716481790876,NH-DC-NM129-D06-ROCE-Leaf-8.GPU.S9825,FourHundredGigE1/0/54,0,0,0,0,0,0
2024/05/24 星期五 00:29:51.511,1716481791511,NH-DC-NM129-D06-ROCE-Leaf-8.GPU.S9825,FourHundredGigE1/0/54,103162,390449524,199231,787872486,0.77,1.54
2024/05/24 星期五 00:29:52.013,1716481792013,NH-DC-NM129-D06-ROCE-Leaf-8.GPU.S9825,FourHundredGigE1/0/54,0,0,0,0,0,0
2024/05/24 星期五 00:29:52.514,1716481792514,NH-DC-NM129-D06-ROCE-Leaf-8.GPU.S9825,FourHundredGigE1/0/54,79313,293214475,118301,397730488,0.72,0.97
2024/05/24 星期五 00:29:53.141,1716481793141,NH-DC-NM129-D06-ROCE-Leaf-8.GPU.S9825,FourHundredGigE1/0/54,0,0,0,0,0,0
2024/05/24 星期五 00:29:53.639,1716481793639,NH-DC-NM129-D06-ROCE-Leaf-8.GPU.S9825,FourHundredGigE1/0/54,172596,671478484,256173,888342614,1.68,2.21
2024/05/24 星期五 00:29:54.407,1716481794407,NH-DC-NM129-D06-ROCE-Leaf-8.GPU.S9825,FourHundredGigE1/0/54,138958,518765797,176993,392355478,0.83,0.63
2024/05/24 星期五 00:29:54.939,1716481794939,NH-DC-NM129-D06-ROCE-Leaf-8.GPU.S9825,FourHundredGigE1/0/54,0,0,0,0,0,0
2024/05/24 星期五 00:29:55.441,1716481795441,NH-DC-NM129-D06-ROCE-Leaf-8.GPU.S9825,FourHundredGigE1/0/54,128382,497723240,190113,603150986,1.22,1.49
2024/05/24 星期五 00:29:57.589,1716481797589,NH-DC-NM129-D06-ROCE-Leaf-8.GPU.S9825,FourHundredGigE1/0/54,535572,1816580006,448147,1795151138,1.05,1.04
2024/05/24 星期五 00:29:58.294,1716481798294,NH-DC-NM129-D06-ROCE-Leaf-8.GPU.S9825,FourHundredGigE1/0/54,65979,254146448,471303,1885041078,0.44,3.33
2024/05/24 星期五 00:29:58.815,1716481798815,NH-DC-NM129-D06-ROCE-Leaf-8.GPU.S9825,FourHundredGigE1/0/54,0,0,0,0,0,0
2024/05/24 星期五 00:29:59.436,1716481799436,NH-DC-NM129-D06-ROCE-Leaf-8.GPU.S9825,FourHundredGigE1/0/54,160330,557037621,128482,414297008,1.11,0.83
2024/05/24 星期五 00:30:00.171,1716481800171,NH-DC-NM129-D06-ROCE-Leaf-8.GPU.S9825,FourHundredGigE1/0/54,120635,494910292,228077,830821982,0.83,1.41
2024/05/24 星期五 00:30:00.718,1716481800718,NH-DC-NM129-D06-ROCE-Leaf-8.GPU.S9825,FourHundredGigE1/0/54,0,0,0,0,0,0
2024/05/24 星期五 00:30:01.506,1716481801506,NH-DC-NM129-D06-ROCE-Leaf-8.GPU.S9825,FourHundredGigE1/0/54,254285,970356248,146135,525296162,1.54,0.82
2024/05/24 星期五 00:30:02.009,1716481802009,NH-DC-NM129-D06-ROCE-Leaf-8.GPU.S9825,FourHundredGigE1/0/54,0,0,0,0,0,0
2024/05/24 星期五 00:30:02.509,1716481802509,NH-DC-NM129-D06-ROCE-Leaf-8.GPU.S9825,FourHundredGigE1/0/54,170402,674095808,111370,380497645,1.68,0.95
2024/05/24 星期五 00:30:03.110,1716481803110,NH-DC-NM129-D06-ROCE-Leaf-8.GPU.S9825,FourHundredGigE1/0/54,298818,1124714560,297420,1164697964,2.33,2.41
2024/05/24 星期五 00:30:03.807,1716481803807,NH-DC-NM129-D06-ROCE-Leaf-8.GPU.S9825,FourHundredGigE1/0/54,0,0,0,0,0,0
2024/05/24 星期五 00:30:04.520,1716481804520,NH-DC-NM129-D06-ROCE-Leaf-8.GPU.S9825,FourHundredGigE1/0/54,190186,739603024,174848,655120559,1.28,1.14
2024/05/24 星期五 00:30:05.099,1716481805099,NH-DC-NM129-D06-ROCE-Leaf-8.GPU.S9825,FourHundredGigE1/0/54,0,0,0,0,0,0
2024/05/24 星期五 00:30:05.620,1716481805620,NH-DC-NM129-D06-ROCE-Leaf-8.GPU.S9825,FourHundredGigE1/0/54,147714,524051092,225221,760181144,1.25,1.82
2024/05/24 星期五 00:30:06.145,1716481806145,NH-DC-NM129-D06-ROCE-Leaf-8.GPU.S9825,FourHundredGigE1/0/54,0,0,0,0,0,0
2024/05/24 星期五 00:30:06.649,1716481806649,NH-DC-NM129-D06-ROCE-Leaf-8.GPU.S9825,FourHundredGigE1/0/54,197921,742637534,300912,1134934622,1.84,2.80
2024/05/24 星期五 00:30:07.276,1716481807276,NH-DC-NM129-D06-ROCE-Leaf-8.GPU.S9825,FourHundredGigE1/0/54,204868,805697364,507266,2067041972,1.59,4.11
2024/05/24 星期五 00:30:08.002,1716481808002,NH-DC-NM129-D06-ROCE-Leaf-8.GPU.S9825,FourHundredGigE1/0/54,0,0,0,0,0,0
2024/05/24 星期五 00:30:08.583,1716481808583,NH-DC-NM129-D06-ROCE-Leaf-8.GPU.S9825,FourHundredGigE1/0/54,262333,1030803990,125520,462896112,2.22,0.99
2024/05/24 星期五 00:30:09.084,1716481809084,NH-DC-NM129-D06-ROCE-Leaf-8.GPU.S9825,FourHundredGigE1/0/54,0,0,0,0,0,0
2024/05/24 星期五 00:30:09.588,1716481809588,NH-DC-NM129-D06-ROCE-Leaf-8.GPU.S9825,FourHundredGigE1/0/54,204158,797335212,152641,539800754,1.96,1.31
2024/05/24 星期五 00:30:10.172,1716481810172,NH-DC-NM129-D06-ROCE-Leaf-8.GPU.S9825,FourHundredGigE1/0/54,0,0,0,0,0,0
2024/05/24 星期五 00:30:10.673,1716481810673,NH-DC-NM129-D06-ROCE-Leaf-8.GPU.S9825,FourHundredGigE1/0/54,84691,293519574,253739,1005592002,0.72,2.50
2024/05/24 星期五 00:30:11.473,1716481811473,NH-DC-NM129-D06-ROCE-Leaf-8.GPU.S9825,FourHundredGigE1/0/54,322818,1288184012,459419,1799947622,2,2.80
2024/05/24 星期五 00:30:12.009,1716481812009,NH-DC-NM129-D06-ROCE-Leaf-8.GPU.S9825,FourHundredGigE1/0/54,0,0,0,0,0,0
2024/05/24 星期五 00:30:12.515,1716481812515,NH-DC-NM129-D06-ROCE-Leaf-8.GPU.S9825,FourHundredGigE1/0/54,206259,802488628,300548,1176868980,1.98,2.89
2024/05/24 星期五 00:30:13.106,1716481813106,NH-DC-NM129-D06-ROCE-Leaf-8.GPU.S9825,FourHundredGigE1/0/54,0,0,0,0,0,0
2024/05/24 星期五 00:30:13.837,1716481813837,NH-DC-NM129-D06-ROCE-Leaf-8.GPU.S9825,FourHundredGigE1/0/54,132372,508823062,186522,712501118,0.85,1.21
2024/05/24 星期五 00:30:14.473,1716481814473,NH-DC-NM129-D06-ROCE-Leaf-8.GPU.S9825,FourHundredGigE1/0/54,307446,1230432184,302989,1204077112,2.42,2.36
2024/05/24 星期五 00:30:15.095,1716481815095,NH-DC-NM129-D06-ROCE-Leaf-8.GPU.S9825,FourHundredGigE1/0/54,0,0,0,0,0,0
2024/05/24 星期五 00:30:15.617,1716481815617,NH-DC-NM129-D06-ROCE-Leaf-8.GPU.S9825,FourHundredGigE1/0/54,113239,409460814,152615,565601327,0.96,1.34
2024/05/24 星期五 00:30:16.119,1716481816119,NH-DC-NM129-D06-ROCE-Leaf-8.GPU.S9825,FourHundredGigE1/0/54,0,0,0,0,0,0
2024/05/24 星期五 00:30:16.622,1716481816622,NH-DC-NM129-D06-ROCE-Leaf-8.GPU.S9825,FourHundredGigE1/0/54,207715,809390782,273685,1028462546,1.99,2.53
2024/05/24 星期五 00:30:17.223,1716481817223,NH-DC-NM129-D06-ROCE-Leaf-8.GPU.S9825,FourHundredGigE1/0/54,109160,395907296,156561,591965055,0.81,1.23
2024/05/24 星期五 00:30:17.884,1716481817884,NH-DC-NM129-D06-ROCE-Leaf-8.GPU.S9825,FourHundredGigE1/0/54,0,0,0,0,0,0
2024/05/24 星期五 00:30:18.675,1716481818675,NH-DC-NM129-D06-ROCE-Leaf-8.GPU.S9825,FourHundredGigE1/0/54,415550,1659159618,185905,700432843,2.61,1.11
2024/05/24 星期五 00:30:19.600,1716481819600,NH-DC-NM129-D06-ROCE-Leaf-8.GPU.S9825,FourHundredGigE1/0/54,268079,758490044,191900,719280497,1.01,0.96
2024/05/24 星期五 00:30:20.194,1716481820194,NH-DC-NM129-D06-ROCE-Leaf-8.GPU.S9825,FourHundredGigE1/0/54,193059,545025602,209948,802074400,1.14,1.68
2024/05/24 星期五 00:30:20.768,1716481820768,NH-DC-NM129-D06-ROCE-Leaf-8.GPU.S9825,FourHundredGigE1/0/54,0,0,0,0,0,0
2024/05/24 星期五 00:30:21.633,1716481821633,NH-DC-NM129-D06-ROCE-Leaf-8.GPU.S9825,FourHundredGigE1/0/54,427470,1665842558,537033,2178575588,2.40,3.14
2024/05/24 星期五 00:30:22.163,1716481822163,NH-DC-NM129-D06-ROCE-Leaf-8.GPU.S9825,FourHundredGigE1/0/54,0,0,0,0,0,0
2024/05/24 星期五 00:30:22.665,1716481822665,NH-DC-NM129-D06-ROCE-Leaf-8.GPU.S9825,FourHundredGigE1/0/54,162173,611202048,199794,674353352,1.52,1.67
2024/05/24 星期五 00:30:23.301,1716481823301,NH-DC-NM129-D06-ROCE-Leaf-8.GPU.S9825,FourHundredGigE1/0/54,232309,904716424,324024,1254064718,1.77,2.46
2024/05/24 星期五 00:30:23.992,1716481823992,NH-DC-NM129-D06-ROCE-Leaf-8.GPU.S9825,FourHundredGigE1/0/54,0,0,0,0,0,0
2024/05/24 星期五 00:30:25.189,1716481825189,NH-DC-NM129-D06-ROCE-Leaf-8.GPU.S9825,FourHundredGigE1/0/54,747934,2959610475,433638,1597989394,3.08,1.66
2024/05/24 星期五 00:30:25.749,1716481825749,NH-DC-NM129-D06-ROCE-Leaf-8.GPU.S9825,FourHundredGigE1/0/54,0,0,0,0,0,0
2024/05/24 星期五 00:30:26.250,1716481826250,NH-DC-NM129-D06-ROCE-Leaf-8.GPU.S9825,FourHundredGigE1/0/54,93940,277070076,185997,723220463,0.67,1.80
2024/05/24 星期五 00:30:27.205,1716481827205,NH-DC-NM129-D06-ROCE-Leaf-8.GPU.S9825,FourHundredGigE1/0/54,222458,841074648,227864,874843464,1.10,1.14
2024/05/24 星期五 00:30:27.807,1716481827807,NH-DC-NM129-D06-ROCE-Leaf-8.GPU.S9825,FourHundredGigE1/0/54,0,0,0,0,0,0
2024/05/24 星期五 00:30:28.682,1716481828682,NH-DC-NM129-D06-ROCE-Leaf-8.GPU.S9825,FourHundredGigE1/0/54,379922,1526398216,266847,1070650084,2.17,1.53
2024/05/24 星期五 00:30:29.198,1716481829198,NH-DC-NM129-D06-ROCE-Leaf-8.GPU.S9825,FourHundredGigE1/0/54,0,0,0,0,0,0
2024/05/24 星期五 00:30:29.699,1716481829699,NH-DC-NM129-D06-ROCE-Leaf-8.GPU.S9825,FourHundredGigE1/0/54,191395,756057278,356481,1415005115,1.87,3.52
2024/05/24 星期五 00:30:30.219,1716481830219,NH-DC-NM129-D06-ROCE-Leaf-8.GPU.S9825,FourHundredGigE1/0/54,170579,612046599,149446,572602168,1.47,1.37
2024/05/24 星期五 00:30:30.740,1716481830740,NH-DC-NM129-D06-ROCE-Leaf-8.GPU.S9825,FourHundredGigE1/0/54,0,0,0,0,0,0
2024/05/24 星期五 00:30:31.567,1716481831567,NH-DC-NM129-D06-ROCE-Leaf-8.GPU.S9825,FourHundredGigE1/0/54,583792,2222226086,177227,665062248,3.36,1.00
2024/05/24 星期五 00:30:32.311,1716481832311,NH-DC-NM129-D06-ROCE-Leaf-8.GPU.S9825,FourHundredGigE1/0/54,711151,2758085316,230022,880636414,4.62,1.48
2024/05/24 星期五 00:30:32.816,1716481832816,NH-DC-NM129-D06-ROCE-Leaf-8.GPU.S9825,FourHundredGigE1/0/54,0,0,0,0,0,0
2024/05/24 星期五 00:30:33.331,1716481833331,NH-DC-NM129-D06-ROCE-Leaf-8.GPU.S9825,FourHundredGigE1/0/54,657408,2545129572,174750,672366602,6.17,1.63
2024/05/24 星期五 00:30:33.875,1716481833875,NH-DC-NM129-D06-ROCE-Leaf-8.GPU.S9825,FourHundredGigE1/0/54,0,0,0,0,0,0
2024/05/24 星期五 00:30:34.401,1716481834401,NH-DC-NM129-D06-ROCE-Leaf-8.GPU.S9825,FourHundredGigE1/0/54,391596,1512773792,307809,1222174150,3.59,2.90
2024/05/24 星期五 00:30:35.194,1716481835194,NH-DC-NM129-D06-ROCE-Leaf-8.GPU.S9825,FourHundredGigE1/0/54,175638,637096756,161544,588150428,0.99,0.91
2024/05/24 星期五 00:30:35.832,1716481835832,NH-DC-NM129-D06-ROCE-Leaf-8.GPU.S9825,FourHundredGigE1/0/54,0,0,0,0,0,0
2024/05/24 星期五 00:30:36.349,1716481836349,NH-DC-NM129-D06-ROCE-Leaf-8.GPU.S9825,FourHundredGigE1/0/54,445398,1802071786,364575,1417028866,4.35,3.41
2024/05/24 星期五 00:30:36.876,1716481836876,NH-DC-NM129-D06-ROCE-Leaf-8.GPU.S9825,FourHundredGigE1/0/54,0,0,0,0,0,0
2024/05/24 星期五 00:30:37.707,1716481837707,NH-DC-NM129-D06-ROCE-Leaf-8.GPU.S9825,FourHundredGigE1/0/54,188553,658687140,305013,1158120389,0.98,1.73
2024/05/24 星期五 00:30:39.541,1716481839541,NH-DC-NM129-D06-ROCE-Leaf-8.GPU.S9825,FourHundredGigE1/0/54,342743,1401304918,304628,1227342584,0.95,0.83
2024/05/24 星期五 00:30:40.157,1716481840157,NH-DC-NM129-D06-ROCE-Leaf-8.GPU.S9825,FourHundredGigE1/0/54,206957,767852736,209393,798101970,1.54,1.60
2024/05/24 星期五 00:30:40.742,1716481840742,NH-DC-NM129-D06-ROCE-Leaf-8.GPU.S9825,FourHundredGigE1/0/54,0,0,0,0,0,0
2024/05/24 星期五 00:30:41.447,1716481841447,NH-DC-NM129-D06-ROCE-Leaf-8.GPU.S9825,FourHundredGigE1/0/54,78262,275399790,98608,353968673,0.48,0.62
2024/05/24 星期五 00:30:41.950,1716481841950,NH-DC-NM129-D06-ROCE-Leaf-8.GPU.S9825,FourHundredGigE1/0/54,0,0,0,0,0,0
2024/05/24 星期五 00:30:42.633,1716481842633,NH-DC-NM129-D06-ROCE-Leaf-8.GPU.S9825,FourHundredGigE1/0/54,89954,347770684,58213,224841178,0.62,0.40
2024/05/24 星期五 00:30:43.234,1716481843234,NH-DC-NM129-D06-ROCE-Leaf-8.GPU.S9825,FourHundredGigE1/0/54,420218,1646352020,207373,826535642,3.41,1.71
2024/05/24 星期五 00:30:43.781,1716481843781,NH-DC-NM129-D06-ROCE-Leaf-8.GPU.S9825,FourHundredGigE1/0/54,0,0,0,0,0,0
2024/05/24 星期五 00:30:44.383,1716481844383,NH-DC-NM129-D06-ROCE-Leaf-8.GPU.S9825,FourHundredGigE1/0/54,190753,722981670,80820,311362301,1.50,0.64
2024/05/24 星期五 00:30:44.941,1716481844941,NH-DC-NM129-D06-ROCE-Leaf-8.GPU.S9825,FourHundredGigE1/0/54,0,0,0,0,0,0
2024/05/24 星期五 00:30:45.576,1716481845576,NH-DC-NM129-D06-ROCE-Leaf-8.GPU.S9825,FourHundredGigE1/0/54,23630,72237668,22988,75677724,0.14,0.14
2024/05/24 星期五 00:30:46.308,1716481846308,NH-DC-NM129-D06-ROCE-Leaf-8.GPU.S9825,FourHundredGigE1/0/54,320636,1247522420,229939,909223676,2.12,1.54
2024/05/24 星期五 00:30:48.271,1716481848271,NH-DC-NM129-D06-ROCE-Leaf-8.GPU.S9825,FourHundredGigE1/0/54,172240,662641372,486004,1966119938,0.42,1.25
2024/05/24 星期五 00:30:48.779,1716481848779,NH-DC-NM129-D06-ROCE-Leaf-8.GPU.S9825,FourHundredGigE1/0/54,110475,404427518,260927,1001972858,0.98,2.46
2024/05/24 星期五 00:30:49.461,1716481849461,NH-DC-NM129-D06-ROCE-Leaf-8.GPU.S9825,FourHundredGigE1/0/54,196048,764979976,134330,511018404,1.39,0.93
2024/05/24 星期五 00:30:50.028,1716481850028,NH-DC-NM129-D06-ROCE-Leaf-8.GPU.S9825,FourHundredGigE1/0/54,0,0,0,0,0,0
2024/05/24 星期五 00:30:50.532,1716481850532,NH-DC-NM129-D06-ROCE-Leaf-8.GPU.S9825,FourHundredGigE1/0/54,250883,1010165920,317923,1274446548,2.50,3.15
2024/05/24 星期五 00:30:51.122,1716481851122,NH-DC-NM129-D06-ROCE-Leaf-8.GPU.S9825,FourHundredGigE1/0/54,145882,572919376,90355,318902648,1.21,0.66
2024/05/24 星期五 00:30:51.737,1716481851737,NH-DC-NM129-D06-ROCE-Leaf-8.GPU.S9825,FourHundredGigE1/0/54,0,0,0,0,0,0
2024/05/24 星期五 00:30:52.301,1716481852301,NH-DC-NM129-D06-ROCE-Leaf-8.GPU.S9825,FourHundredGigE1/0/54,137409,492819232,232301,880813636,1.09,1.95
2024/05/24 星期五 00:30:52.908,1716481852908,NH-DC-NM129-D06-ROCE-Leaf-8.GPU.S9825,FourHundredGigE1/0/54,0,0,0,0,0,0
2024/05/24 星期五 00:30:53.510,1716481853510,NH-DC-NM129-D06-ROCE-Leaf-8.GPU.S9825,FourHundredGigE1/0/54,163965,591709602,264895,968311740,1.23,1.99
2024/05/24 星期五 00:30:54.218,1716481854218,NH-DC-NM129-D06-ROCE-Leaf-8.GPU.S9825,FourHundredGigE1/0/54,0,0,0,0,0,0
2024/05/24 星期五 00:30:54.722,1716481854722,NH-DC-NM129-D06-ROCE-Leaf-8.GPU.S9825,FourHundredGigE1/0/54,186145,740742431,179752,674559478,1.84,1.66
2024/05/24 星期五 00:30:55.949,1716481855949,NH-DC-NM129-D06-ROCE-Leaf-8.GPU.S9825,FourHundredGigE1/0/54,226950,876864256,153599,586176042,0.89,0.59
2024/05/24 星期五 00:30:56.655,1716481856655,NH-DC-NM129-D06-ROCE-Leaf-8.GPU.S9825,FourHundredGigE1/0/54,354676,1379483712,124426,422224568,2.43,0.74
2024/05/24 星期五 00:30:57.267,1716481857267,NH-DC-NM129-D06-ROCE-Leaf-8.GPU.S9825,FourHundredGigE1/0/54,318222,1224761448,445597,1740975026,2.49,3.55
2024/05/24 星期五 00:30:57.865,1716481857865,NH-DC-NM129-D06-ROCE-Leaf-8.GPU.S9825,FourHundredGigE1/0/54,0,0,0,0,0,0
2024/05/24 星期五 00:30:58.566,1716481858566,NH-DC-NM129-D06-ROCE-Leaf-8.GPU.S9825,FourHundredGigE1/0/54,217518,854272366,122224,407323564,1.52,0.71
2024/05/24 星期五 00:30:59.095,1716481859095,NH-DC-NM129-D06-ROCE-Leaf-8.GPU.S9825,FourHundredGigE1/0/54,0,0,0,0,0,0
2024/05/24 星期五 00:30:59.739,1716481859739,NH-DC-NM129-D06-ROCE-Leaf-8.GPU.S9825,FourHundredGigE1/0/54,188971,691495556,762275,3009535950,1.34,5.82
2024/05/24 星期五 00:31:00.326,1716481860326,NH-DC-NM129-D06-ROCE-Leaf-8.GPU.S9825,FourHundredGigE1/0/54,147102,526065944,100808,382647668,1.11,0.81
2024/05/24 星期五 00:31:00.860,1716481860860,NH-DC-NM129-D06-ROCE-Leaf-8.GPU.S9825,FourHundredGigE1/0/54,0,0,0,0,0,0
2024/05/24 星期五 00:31:01.492,1716481861492,NH-DC-NM129-D06-ROCE-Leaf-8.GPU.S9825,FourHundredGigE1/0/54,469082,1891248068,147438,538141500,3.74,1.05
2024/05/24 星期五 00:31:02.140,1716481862140,NH-DC-NM129-D06-ROCE-Leaf-8.GPU.S9825,FourHundredGigE1/0/54,0,0,0,0,0,0
2024/05/24 星期五 00:31:02.695,1716481862695,NH-DC-NM129-D06-ROCE-Leaf-8.GPU.S9825,FourHundredGigE1/0/54,180308,668383684,146721,551320114,1.49,1.24
2024/05/24 星期五 00:31:03.364,1716481863364,NH-DC-NM129-D06-ROCE-Leaf-8.GPU.S9825,FourHundredGigE1/0/54,135612,514389876,141906,537668908,0.95,0.99
2024/05/24 星期五 00:31:03.926,1716481863926,NH-DC-NM129-D06-ROCE-Leaf-8.GPU.S9825,FourHundredGigE1/0/54,0,0,0,0,0,0
2024/05/24 星期五 00:31:04.524,1716481864524,NH-DC-NM129-D06-ROCE-Leaf-8.GPU.S9825,FourHundredGigE1/0/54,81408,273976488,459228,1840394008,0.56,3.85
2024/05/24 星期五 00:31:05.061,1716481865061,NH-DC-NM129-D06-ROCE-Leaf-8.GPU.S9825,FourHundredGigE1/0/54,117281,286637160,36897,103714666,0.65,0.23
2024/05/24 星期五 00:31:05.708,1716481865708,NH-DC-NM129-D06-ROCE-Leaf-8.GPU.S9825,FourHundredGigE1/0/54,0,0,0,0,0,0
2024/05/24 星期五 00:31:06.268,1716481866268,NH-DC-NM129-D06-ROCE-Leaf-8.GPU.S9825,FourHundredGigE1/0/54,104989,307780364,148866,576571528,0.67,1.27
2024/05/24 星期五 00:31:06.918,1716481866918,NH-DC-NM129-D06-ROCE-Leaf-8.GPU.S9825,FourHundredGigE1/0/54,0,0,0,0,0,0
2024/05/24 星期五 00:31:07.421,1716481867421,NH-DC-NM129-D06-ROCE-Leaf-8.GPU.S9825,FourHundredGigE1/0/54,115673,439624902,121416,471984372,1.07,1.17
2024/05/24 星期五 00:31:07.994,1716481867994,NH-DC-NM129-D06-ROCE-Leaf-8.GPU.S9825,FourHundredGigE1/0/54,0,0,0,0,0,0
2024/05/24 星期五 00:31:08.503,1716481868503,NH-DC-NM129-D06-ROCE-Leaf-8.GPU.S9825,FourHundredGigE1/0/54,153128,513258520,378725,1517421862,1.25,3.71
2024/05/24 星期五 00:31:09.136,1716481869136,NH-DC-NM129-D06-ROCE-Leaf-8.GPU.S9825,FourHundredGigE1/0/54,0,0,0,0,0,0
2024/05/24 星期五 00:31:09.700,1716481869700,NH-DC-NM129-D06-ROCE-Leaf-8.GPU.S9825,FourHundredGigE1/0/54,173382,607994716,138696,485323258,1.33,1.06
2024/05/24 星期五 00:31:10.381,1716481870381,NH-DC-NM129-D06-ROCE-Leaf-8.GPU.S9825,FourHundredGigE1/0/54,68964,257258308,142701,521569974,0.46,0.95
2024/05/24 星期五 00:31:10.939,1716481870939,NH-DC-NM129-D06-ROCE-Leaf-8.GPU.S9825,FourHundredGigE1/0/54,0,0,0,0,0,0
2024/05/24 星期五 00:31:11.598,1716481871598,NH-DC-NM129-D06-ROCE-Leaf-8.GPU.S9825,FourHundredGigE1/0/54,353961,1342505156,177039,637772222,2.54,1.19
2024/05/24 星期五 00:31:12.097,1716481872097,NH-DC-NM129-D06-ROCE-Leaf-8.GPU.S9825,FourHundredGigE1/0/54,0,0,0,0,0,0
2024/05/24 星期五 00:31:12.597,1716481872597,NH-DC-NM129-D06-ROCE-Leaf-8.GPU.S9825,FourHundredGigE1/0/54,325052,1270893744,195174,722502192,3.18,1.8
2024/05/24 星期五 00:31:13.199,1716481873199,NH-DC-NM129-D06-ROCE-Leaf-8.GPU.S9825,FourHundredGigE1/0/54,278332,1054146058,103921,344901958,2.18,0.71
2024/05/24 星期五 00:31:13.858,1716481873858,NH-DC-NM129-D06-ROCE-Leaf-8.GPU.S9825,FourHundredGigE1/0/54,0,0,0,0,0,0
2024/05/24 星期五 00:31:14.377,1716481874377,NH-DC-NM129-D06-ROCE-Leaf-8.GPU.S9825,FourHundredGigE1/0/54,290988,1137889884,104269,334484694,2.72,0.79
2024/05/24 星期五 00:31:14.930,1716481874930,NH-DC-NM129-D06-ROCE-Leaf-8.GPU.S9825,FourHundredGigE1/0/54,0,0,0,0,0,0
2024/05/24 星期五 00:31:15.509,1716481875509,NH-DC-NM129-D06-ROCE-Leaf-8.GPU.S9825,FourHundredGigE1/0/54,471698,1922278216,311465,1204186618,4.15,2.59
2024/05/24 星期五 00:31:16.121,1716481876121,NH-DC-NM129-D06-ROCE-Leaf-8.GPU.S9825,FourHundredGigE1/0/54,0,0,0,0,0,0
2024/05/24 星期五 00:31:16.623,1716481876623,NH-DC-NM129-D06-ROCE-Leaf-8.GPU.S9825,FourHundredGigE1/0/54,134808,501384716,113904,439383024,1.25,1.07
2024/05/24 星期五 00:31:17.290,1716481877290,NH-DC-NM129-D06-ROCE-Leaf-8.GPU.S9825,FourHundredGigE1/0/54,164177,659167050,120068,438622552,1.22,0.81
2024/05/24 星期五 00:31:17.872,1716481877872,NH-DC-NM129-D06-ROCE-Leaf-8.GPU.S9825,FourHundredGigE1/0/54,0,0,0,0,0,0
2024/05/24 星期五 00:31:18.373,1716481878373,NH-DC-NM129-D06-ROCE-Leaf-8.GPU.S9825,FourHundredGigE1/0/54,262716,1047158232,301736,1203958512,2.59,2.99
2024/05/24 星期五 00:31:19.713,1716481879713,NH-DC-NM129-D06-ROCE-Leaf-8.GPU.S9825,FourHundredGigE1/0/54,390294,1603814064,197116,751925220,1.49,0.70
2024/05/24 星期五 00:31:20.374,1716481880374,NH-DC-NM129-D06-ROCE-Leaf-8.GPU.S9825,FourHundredGigE1/0/54,108936,417440864,161810,634609352,0.78,1.19
2024/05/24 星期五 00:31:20.922,1716481880922,NH-DC-NM129-D06-ROCE-Leaf-8.GPU.S9825,FourHundredGigE1/0/54,0,0,0,0,0,0
2024/05/24 星期五 00:31:21.569,1716481881569,NH-DC-NM129-D06-ROCE-Leaf-8.GPU.S9825,FourHundredGigE1/0/54,221561,881443850,198147,763934870,1.70,1.47
2024/05/24 星期五 00:31:22.069,1716481882069,NH-DC-NM129-D06-ROCE-Leaf-8.GPU.S9825,FourHundredGigE1/0/54,0,0,0,0,0,0
2024/05/24 星期五 00:31:22.597,1716481882597,NH-DC-NM129-D06-ROCE-Leaf-8.GPU.S9825,FourHundredGigE1/0/54,215043,706099694,376937,1515983426,1.66,3.57
2024/05/24 星期五 00:31:23.309,1716481883309,NH-DC-NM129-D06-ROCE-Leaf-8.GPU.S9825,FourHundredGigE1/0/54,106113,413194432,200276,732694868,0.72,1.28
2024/05/24 星期五 00:31:24.009,1716481884009,NH-DC-NM129-D06-ROCE-Leaf-8.GPU.S9825,FourHundredGigE1/0/54,0,0,0,0,0,0
2024/05/24 星期五 00:31:24.533,1716481884533,NH-DC-NM129-D06-ROCE-Leaf-8.GPU.S9825,FourHundredGigE1/0/54,120144,436468187,200067,787851462,1.03,1.86
2024/05/24 星期五 00:31:25.143,1716481885143,NH-DC-NM129-D06-ROCE-Leaf-8.GPU.S9825,FourHundredGigE1/0/54,0,0,0,0,0,0
2024/05/24 星期五 00:31:25.644,1716481885644,NH-DC-NM129-D06-ROCE-Leaf-8.GPU.S9825,FourHundredGigE1/0/54,184241,719785894,206623,787126938,1.77,1.95
2024/05/24 星期五 00:31:26.296,1716481886296,NH-DC-NM129-D06-ROCE-Leaf-8.GPU.S9825,FourHundredGigE1/0/54,311696,1276308104,180445,683812534,2.43,1.30
2024/05/24 星期五 00:31:26.866,1716481886866,NH-DC-NM129-D06-ROCE-Leaf-8.GPU.S9825,FourHundredGigE1/0/54,0,0,0,0,0,0
2024/05/24 星期五 00:31:27.509,1716481887509,NH-DC-NM129-D06-ROCE-Leaf-8.GPU.S9825,FourHundredGigE1/0/54,77094,251373544,129929,490741574,0.49,0.95
2024/05/24 星期五 00:31:28.099,1716481888099,NH-DC-NM129-D06-ROCE-Leaf-8.GPU.S9825,FourHundredGigE1/0/54,0,0,0,0,0,0
2024/05/24 星期五 00:31:28.677,1716481888677,NH-DC-NM129-D06-ROCE-Leaf-8.GPU.S9825,FourHundredGigE1/0/54,110238,437286142,116446,465819252,0.93,0.99
2024/05/24 星期五 00:31:29.178,1716481889178,NH-DC-NM129-D06-ROCE-Leaf-8.GPU.S9825,FourHundredGigE1/0/54,0,0,0,0,0,0
2024/05/24 星期五 00:31:29.761,1716481889761,NH-DC-NM129-D06-ROCE-Leaf-8.GPU.S9825,FourHundredGigE1/0/54,139614,547416554,99907,331985439,1.16,0.71
2024/05/24 星期五 00:31:30.413,1716481890413,NH-DC-NM129-D06-ROCE-Leaf-8.GPU.S9825,FourHundredGigE1/0/54,83057,276483242,121975,441670202,0.52,0.84
2024/05/24 星期五 00:31:30.989,1716481890989,NH-DC-NM129-D06-ROCE-Leaf-8.GPU.S9825,FourHundredGigE1/0/54,0,0,0,0,0,0
2024/05/24 星期五 00:31:31.728,1716481891728,NH-DC-NM129-D06-ROCE-Leaf-8.GPU.S9825,FourHundredGigE1/0/54,209908,818297192,212236,802911180,1.37,1.35
2024/05/24 星期五 00:31:32.235,1716481892235,NH-DC-NM129-D06-ROCE-Leaf-8.GPU.S9825,FourHundredGigE1/0/54,0,0,0,0,0,0
2024/05/24 星期五 00:31:32.745,1716481892745,NH-DC-NM129-D06-ROCE-Leaf-8.GPU.S9825,FourHundredGigE1/0/54,171977,663477746,135198,482505628,1.62,1.18
2024/05/24 星期五 00:31:33.548,1716481893548,NH-DC-NM129-D06-ROCE-Leaf-8.GPU.S9825,FourHundredGigE1/0/54,81295,246009390,457154,1862936132,0.37,2.90
2024/05/24 星期五 00:31:34.439,1716481894439,NH-DC-NM129-D06-ROCE-Leaf-8.GPU.S9825,FourHundredGigE1/0/54,64658,238292540,127967,450987878,0.32,0.63
2024/05/24 星期五 00:31:34.999,1716481894999,NH-DC-NM129-D06-ROCE-Leaf-8.GPU.S9825,FourHundredGigE1/0/54,0,0,0,0,0,0
2024/05/24 星期五 00:31:35.575,1716481895575,NH-DC-NM129-D06-ROCE-Leaf-8.GPU.S9825,FourHundredGigE1/0/54,123030,416084696,175015,700291930,0.89,1.52
2024/05/24 星期五 00:31:36.078,1716481896078,NH-DC-NM129-D06-ROCE-Leaf-8.GPU.S9825,FourHundredGigE1/0/54,0,0,0,0,0,0
2024/05/24 星期五 00:31:36.579,1716481896579,NH-DC-NM129-D06-ROCE-Leaf-8.GPU.S9825,FourHundredGigE1/0/54,128333,482185574,187616,706005850,1.20,1.75
2024/05/24 星期五 00:31:37.305,1716481897305,NH-DC-NM129-D06-ROCE-Leaf-8.GPU.S9825,FourHundredGigE1/0/54,322835,1227428644,286479,1035729652,2.10,1.77
2024/05/24 星期五 00:31:39.190,1716481899190,NH-DC-NM129-D06-ROCE-Leaf-8.GPU.S9825,FourHundredGigE1/0/54,321705,1272422692,140427,491090518,0.84,0.32
2024/05/24 星期五 00:31:39.858,1716481899858,NH-DC-NM129-D06-ROCE-Leaf-8.GPU.S9825,FourHundredGigE1/0/54,0,0,0,0,0,0
2024/05/24 星期五 00:31:40.594,1716481900594,NH-DC-NM129-D06-ROCE-Leaf-8.GPU.S9825,FourHundredGigE1/0/54,390573,1575171966,427569,1716977156,2.67,2.90
2024/05/24 星期五 00:31:41.286,1716481901286,NH-DC-NM129-D06-ROCE-Leaf-8.GPU.S9825,FourHundredGigE1/0/54,91328,333840624,179856,653917028,0.60,1.17
2024/05/24 星期五 00:31:41.855,1716481901855,NH-DC-NM129-D06-ROCE-Leaf-8.GPU.S9825,FourHundredGigE1/0/54,0,0,0,0,0,0
2024/05/24 星期五 00:31:42.443,1716481902443,NH-DC-NM129-D06-ROCE-Leaf-8.GPU.S9825,FourHundredGigE1/0/54,75042,304392456,170911,614956466,0.64,1.30
2024/05/24 星期五 00:31:42.945,1716481902945,NH-DC-NM129-D06-ROCE-Leaf-8.GPU.S9825,FourHundredGigE1/0/54,0,0,0,0,0,0
2024/05/24 星期五 00:31:43.470,1716481903470,NH-DC-NM129-D06-ROCE-Leaf-8.GPU.S9825,FourHundredGigE1/0/54,115618,443907660,234449,941939878,1.05,2.24
2024/05/24 星期五 00:31:44.228,1716481904228,NH-DC-NM129-D06-ROCE-Leaf-8.GPU.S9825,FourHundredGigE1/0/54,142436,536766396,266864,1030845584,0.87,1.70
2024/05/24 星期五 00:31:44.884,1716481904884,NH-DC-NM129-D06-ROCE-Leaf-8.GPU.S9825,FourHundredGigE1/0/54,0,0,0,0,0,0
2024/05/24 星期五 00:31:45.568,1716481905568,NH-DC-NM129-D06-ROCE-Leaf-8.GPU.S9825,FourHundredGigE1/0/54,187389,695112854,188427,727332394,1.26,1.32
2024/05/24 星期五 00:31:46.171,1716481906171,NH-DC-NM129-D06-ROCE-Leaf-8.GPU.S9825,FourHundredGigE1/0/54,0,0,0,0,0,0
2024/05/24 星期五 00:31:46.676,1716481906676,NH-DC-NM129-D06-ROCE-Leaf-8.GPU.S9825,FourHundredGigE1/0/54,377622,1435131858,226567,877615590,3.54,2.15
2024/05/24 星期五 00:31:47.245,1716481907245,NH-DC-NM129-D06-ROCE-Leaf-8.GPU.S9825,FourHundredGigE1/0/54,551900,2227487726,186736,726972136,4.88,1.58
2024/05/24 星期五 00:31:48.039,1716481908039,NH-DC-NM129-D06-ROCE-Leaf-8.GPU.S9825,FourHundredGigE1/0/54,0,0,0,0,0,0
2024/05/24 星期五 00:31:48.573,1716481908573,NH-DC-NM129-D06-ROCE-Leaf-8.GPU.S9825,FourHundredGigE1/0/54,243192,939317336,244085,951882188,2.18,2.22
2024/05/24 星期五 00:31:49.146,1716481909146,NH-DC-NM129-D06-ROCE-Leaf-8.GPU.S9825,FourHundredGigE1/0/54,0,0,0,0,0,0
2024/05/24 星期五 00:31:49.655,1716481909655,NH-DC-NM129-D06-ROCE-Leaf-8.GPU.S9825,FourHundredGigE1/0/54,564936,2109975120,94254,336937014,5.16,0.81
2024/05/24 星期五 00:31:50.159,1716481910159,NH-DC-NM129-D06-ROCE-Leaf-8.GPU.S9825,FourHundredGigE1/0/54,0,0,0,0,0,0
2024/05/24 星期五 00:31:50.657,1716481910657,NH-DC-NM129-D06-ROCE-Leaf-8.GPU.S9825,FourHundredGigE1/0/54,183871,745671174,98213,368141278,1.86,0.90
2024/05/24 星期五 00:31:51.559,1716481911559,NH-DC-NM129-D06-ROCE-Leaf-8.GPU.S9825,FourHundredGigE1/0/54,516878,2085663802,422921,1698961554,2.88,2.34
2024/05/24 星期五 00:31:52.144,1716481912144,NH-DC-NM129-D06-ROCE-Leaf-8.GPU.S9825,FourHundredGigE1/0/54,0,0,0,0,0,0
2024/05/24 星期五 00:31:52.710,1716481912710,NH-DC-NM129-D06-ROCE-Leaf-8.GPU.S9825,FourHundredGigE1/0/54,279052,1101322126,212787,816898162,2.43,1.79
2024/05/24 星期五 00:31:53.228,1716481913228,NH-DC-NM129-D06-ROCE-Leaf-8.GPU.S9825,FourHundredGigE1/0/54,0,0,0,0,0,0
2024/05/24 星期五 00:31:53.733,1716481913733,NH-DC-NM129-D06-ROCE-Leaf-8.GPU.S9825,FourHundredGigE1/0/54,87958,287884592,96533,362498730,0.69,0.89
2024/05/24 星期五 00:31:54.236,1716481914236,NH-DC-NM129-D06-ROCE-Leaf-8.GPU.S9825,FourHundredGigE1/0/54,484014,1940133409,244528,978205676,4.82,2.41
2024/05/24 星期五 00:31:54.847,1716481914847,NH-DC-NM129-D06-ROCE-Leaf-8.GPU.S9825,FourHundredGigE1/0/54,0,0,0,0,0,0
2024/05/24 星期五 00:31:55.653,1716481915653,NH-DC-NM129-D06-ROCE-Leaf-8.GPU.S9825,FourHundredGigE1/0/54,363724,1375167554,63024,146071656,2.12,0.22
2024/05/24 星期五 00:31:56.243,1716481916243,NH-DC-NM129-D06-ROCE-Leaf-8.GPU.S9825,FourHundredGigE1/0/54,0,0,0,0,0,0
2024/05/24 星期五 00:31:56.727,1716481916727,NH-DC-NM129-D06-ROCE-Leaf-8.GPU.S9825,FourHundredGigE1/0/54,114729,441060048,152588,588166374,1.14,1.50
2024/05/24 星期五 00:31:57.298,1716481917298,NH-DC-NM129-D06-ROCE-Leaf-8.GPU.S9825,FourHundredGigE1/0/54,89818,332938740,116086,454885418,0.72,0.99
2024/05/24 星期五 00:31:57.844,1716481917844,NH-DC-NM129-D06-ROCE-Leaf-8.GPU.S9825,FourHundredGigE1/0/54,0,0,0,0,0,0
2024/05/24 星期五 00:31:58.724,1716481918724,NH-DC-NM129-D06-ROCE-Leaf-8.GPU.S9825,FourHundredGigE1/0/54,514330,2000226068,332527,1338703806,2.84,1.89
2024/05/24 星期五 00:31:59.442,1716481919442,NH-DC-NM129-D06-ROCE-Leaf-8.GPU.S9825,FourHundredGigE1/0/54,225867,889174942,156478,596523176,1.53,1.03
2024/05/24 星期五 00:31:59.993,1716481919993,NH-DC-NM129-D06-ROCE-Leaf-8.GPU.S9825,FourHundredGigE1/0/54,0,0,0,0,0,0
2024/05/24 星期五 00:32:00.494,1716481920494,NH-DC-NM129-D06-ROCE-Leaf-8.GPU.S9825,FourHundredGigE1/0/54,61791,187285294,171484,603286588,0.45,1.50
2024/05/24 星期五 00:32:01.059,1716481921059,NH-DC-NM129-D06-ROCE-Leaf-8.GPU.S9825,FourHundredGigE1/0/54,0,0,0,0,0,0
2024/05/24 星期五 00:32:01.642,1716481921642,NH-DC-NM129-D06-ROCE-Leaf-8.GPU.S9825,FourHundredGigE1/0/54,126451,341277290,372895,1513635276,0.73,3.24
2024/05/24 星期五 00:32:02.480,1716481922480,NH-DC-NM129-D06-ROCE-Leaf-8.GPU.S9825,FourHundredGigE1/0/54,69000,280649184,207428,788722206,0.42,1.16
2024/05/24 星期五 00:32:03.072,1716481923072,NH-DC-NM129-D06-ROCE-Leaf-8.GPU.S9825,FourHundredGigE1/0/54,0,0,0,0,0,0
2024/05/24 星期五 00:32:03.575,1716481923575,NH-DC-NM129-D06-ROCE-Leaf-8.GPU.S9825,FourHundredGigE1/0/54,214911,832636988,1060705,4198270042,2.06,10.41
2024/05/24 星期五 00:32:04.078,1716481924078,NH-DC-NM129-D06-ROCE-Leaf-8.GPU.S9825,FourHundredGigE1/0/54,0,0,0,0,0,0
2024/05/24 星期五 00:32:04.593,1716481924593,NH-DC-NM129-D06-ROCE-Leaf-8.GPU.S9825,FourHundredGigE1/0/54,729791,2977336838,1073168,4335538894,7.21,10.51
2024/05/24 星期五 00:32:05.143,1716481925143,NH-DC-NM129-D06-ROCE-Leaf-8.GPU.S9825,FourHundredGigE1/0/54,339123,1394766512,931795,3805021668,3.16,8.64
2024/05/24 星期五 00:32:05.866,1716481925866,NH-DC-NM129-D06-ROCE-Leaf-8.GPU.S9825,FourHundredGigE1/0/54,0,0,0,0,0,0
2024/05/24 星期五 00:32:06.568,1716481926568,NH-DC-NM129-D06-ROCE-Leaf-8.GPU.S9825,FourHundredGigE1/0/54,148617,612357118,1448765,5869912038,1.09,10.43
2024/05/24 星期五 00:32:07.084,1716481927084,NH-DC-NM129-D06-ROCE-Leaf-8.GPU.S9825,FourHundredGigE1/0/54,0,0,0,0,0,0
2024/05/24 星期五 00:32:07.585,1716481927585,NH-DC-NM129-D06-ROCE-Leaf-8.GPU.S9825,FourHundredGigE1/0/54,123658,439996941,713324,2871489336,1.07,7.16
2024/05/24 星期五 00:32:08.170,1716481928170,NH-DC-NM129-D06-ROCE-Leaf-8.GPU.S9825,FourHundredGigE1/0/54,0,0,0,0,0,0
2024/05/24 星期五 00:32:08.669,1716481928669,NH-DC-NM129-D06-ROCE-Leaf-8.GPU.S9825,FourHundredGigE1/0/54,108057,392424537,95196,354449134,0.98,0.88
2024/05/24 星期五 00:32:10.570,1716481930570,NH-DC-NM129-D06-ROCE-Leaf-8.GPU.S9825,FourHundredGigE1/0/54,486229,1875813582,464933,1782414628,1.23,1.17
2024/05/24 星期五 00:32:11.168,1716481931168,NH-DC-NM129-D06-ROCE-Leaf-8.GPU.S9825,FourHundredGigE1/0/54,254828,982175432,219730,855225246,2.05,1.78
2024/05/24 星期五 00:32:11.762,1716481931762,NH-DC-NM129-D06-ROCE-Leaf-8.GPU.S9825,FourHundredGigE1/0/54,0,0,0,0,0,0
2024/05/24 星期五 00:32:12.262,1716481932262,NH-DC-NM129-D06-ROCE-Leaf-8.GPU.S9825,FourHundredGigE1/0/54,0,0,0,0,0,0
2024/05/24 星期五 00:32:12.765,1716481932765,NH-DC-NM129-D06-ROCE-Leaf-8.GPU.S9825,FourHundredGigE1/0/54,332646,1300890794,236483,912249642,3.23,2.26
2024/05/24 星期五 00:32:13.710,1716481933710,NH-DC-NM129-D06-ROCE-Leaf-8.GPU.S9825,FourHundredGigE1/0/54,289890,1157854986,285241,1121569770,1.52,1.48
2024/05/24 星期五 00:32:14.210,1716481934210,NH-DC-NM129-D06-ROCE-Leaf-8.GPU.S9825,FourHundredGigE1/0/54,0,0,0,0,0,0
2024/05/24 星期五 00:32:14.711,1716481934711,NH-DC-NM129-D06-ROCE-Leaf-8.GPU.S9825,FourHundredGigE1/0/54,148885,538489666,131520,491660296,1.32,1.22
2024/05/24 星期五 00:32:15.361,1716481935361,NH-DC-NM129-D06-ROCE-Leaf-8.GPU.S9825,FourHundredGigE1/0/54,163445,632809830,497804,1949366936,1.21,3.73
2024/05/24 星期五 00:32:15.861,1716481935861,NH-DC-NM129-D06-ROCE-Leaf-8.GPU.S9825,FourHundredGigE1/0/54,0,0,0,0,0,0
2024/05/24 星期五 00:32:16.374,1716481936374,NH-DC-NM129-D06-ROCE-Leaf-8.GPU.S9825,FourHundredGigE1/0/54,292934,1188355972,662880,2664751596,2.88,6.48
2024/05/24 星期五 00:32:17.219,1716481937219,NH-DC-NM129-D06-ROCE-Leaf-8.GPU.S9825,FourHundredGigE1/0/54,0,0,0,0,0,0
2024/05/24 星期五 00:32:17.719,1716481937719,NH-DC-NM129-D06-ROCE-Leaf-8.GPU.S9825,FourHundredGigE1/0/54,218647,873534962,1103307,4385553898,2.18,10.95
2024/05/24 星期五 00:32:18.233,1716481938233,NH-DC-NM129-D06-ROCE-Leaf-8.GPU.S9825,FourHundredGigE1/0/54,69753,233424090,169947,651344974,0.56,1.58
2024/05/24 星期五 00:32:19.245,1716481939245,NH-DC-NM129-D06-ROCE-Leaf-8.GPU.S9825,FourHundredGigE1/0/54,135678,413877748,111195,386430226,0.51,0.47
2024/05/24 星期五 00:32:19.916,1716481939916,NH-DC-NM129-D06-ROCE-Leaf-8.GPU.S9825,FourHundredGigE1/0/54,262614,1035355666,72914,182500329,1.92,0.34
2024/05/24 星期五 00:32:20.847,1716481940847,NH-DC-NM129-D06-ROCE-Leaf-8.GPU.S9825,FourHundredGigE1/0/54,0,0,0,0,0,0
2024/05/24 星期五 00:32:21.352,1716481941352,NH-DC-NM129-D06-ROCE-Leaf-8.GPU.S9825,FourHundredGigE1/0/54,154032,572000118,121885,461004843,1.41,1.14
2024/05/24 星期五 00:32:21.866,1716481941866,NH-DC-NM129-D06-ROCE-Leaf-8.GPU.S9825,FourHundredGigE1/0/54,0,0,0,0,0,0
2024/05/24 星期五 00:32:22.420,1716481942420,NH-DC-NM129-D06-ROCE-Leaf-8.GPU.S9825,FourHundredGigE1/0/54,110864,410352662,76039,237101878,0.93,0.52
2024/05/24 星期五 00:32:22.926,1716481942926,NH-DC-NM129-D06-ROCE-Leaf-8.GPU.S9825,FourHundredGigE1/0/54,0,0,0,0,0,0
2024/05/24 星期五 00:32:23.426,1716481943426,NH-DC-NM129-D06-ROCE-Leaf-8.GPU.S9825,FourHundredGigE1/0/54,109244,377842064,536442,2110648069,0.92,5.28
2024/05/24 星期五 00:32:24.392,1716481944392,NH-DC-NM129-D06-ROCE-Leaf-8.GPU.S9825,FourHundredGigE1/0/54,195336,721668087,194499,732827262,0.93,0.94
2024/05/24 星期五 00:32:24.895,1716481944895,NH-DC-NM129-D06-ROCE-Leaf-8.GPU.S9825,FourHundredGigE1/0/54,0,0,0,0,0,0
2024/05/24 星期五 00:32:25.491,1716481945491,NH-DC-NM129-D06-ROCE-Leaf-8.GPU.S9825,FourHundredGigE1/0/54,123880,414183440,242739,970454674,0.86,2.03
2024/05/24 星期五 00:32:26.080,1716481946080,NH-DC-NM129-D06-ROCE-Leaf-8.GPU.S9825,FourHundredGigE1/0/54,0,0,0,0,0,0
2024/05/24 星期五 00:32:26.581,1716481946581,NH-DC-NM129-D06-ROCE-Leaf-8.GPU.S9825,FourHundredGigE1/0/54,178682,642645416,129735,470111194,1.60,1.17
2024/05/24 星期五 00:32:27.202,1716481947202,NH-DC-NM129-D06-ROCE-Leaf-8.GPU.S9825,FourHundredGigE1/0/54,205923,784420936,318808,1243253940,1.57,2.50
2024/05/24 星期五 00:32:28.085,1716481948085,NH-DC-NM129-D06-ROCE-Leaf-8.GPU.S9825,FourHundredGigE1/0/54,0,0,0,0,0,0
2024/05/24 星期五 00:32:29.195,1716481949195,NH-DC-NM129-D06-ROCE-Leaf-8.GPU.S9825,FourHundredGigE1/0/54,176883,442708476,136752,497956940,0.50,0.55
2024/05/24 星期五 00:32:29.698,1716481949698,NH-DC-NM129-D06-ROCE-Leaf-8.GPU.S9825,FourHundredGigE1/0/54,201830,733957644,619735,2516560854,1.81,6.24
2024/05/24 星期五 00:32:30.297,1716481950297,NH-DC-NM129-D06-ROCE-Leaf-8.GPU.S9825,FourHundredGigE1/0/54,247667,987811814,275954,1090787820,2.05,2.27
2024/05/24 星期五 00:32:30.915,1716481950915,NH-DC-NM129-D06-ROCE-Leaf-8.GPU.S9825,FourHundredGigE1/0/54,230249,831599871,217645,808313722,1.68,1.62
2024/05/24 星期五 00:32:31.898,1716481951898,NH-DC-NM129-D06-ROCE-Leaf-8.GPU.S9825,FourHundredGigE1/0/54,0,0,0,0,0,0
2024/05/24 星期五 00:32:32.450,1716481952450,NH-DC-NM129-D06-ROCE-Leaf-8.GPU.S9825,FourHundredGigE1/0/54,438983,1763732508,186112,735618232,3.99,1.65
2024/05/24 星期五 00:32:33.025,1716481953025,NH-DC-NM129-D06-ROCE-Leaf-8.GPU.S9825,FourHundredGigE1/0/54,0,0,0,0,0,0
2024/05/24 星期五 00:32:33.526,1716481953526,NH-DC-NM129-D06-ROCE-Leaf-8.GPU.S9825,FourHundredGigE1/0/54,2135138,8731637072,152250,569173688,21.78,1.40
2024/05/24 星期五 00:32:34.714,1716481954714,NH-DC-NM129-D06-ROCE-Leaf-8.GPU.S9825,FourHundredGigE1/0/54,1902794,7776145646,189724,720880716,8.18,0.76
2024/05/24 星期五 00:32:35.309,1716481955309,NH-DC-NM129-D06-ROCE-Leaf-8.GPU.S9825,FourHundredGigE1/0/54,228760,924925280,144711,573531870,1.93,1.20
2024/05/24 星期五 00:32:35.879,1716481955879,NH-DC-NM129-D06-ROCE-Leaf-8.GPU.S9825,FourHundredGigE1/0/54,0,0,0,0,0,0
2024/05/24 星期五 00:32:36.442,1716481956442,NH-DC-NM129-D06-ROCE-Leaf-8.GPU.S9825,FourHundredGigE1/0/54,252319,963900322,165001,567777118,2.13,1.24
2024/05/24 星期五 00:32:36.943,1716481956943,NH-DC-NM129-D06-ROCE-Leaf-8.GPU.S9825,FourHundredGigE1/0/54,0,0,0,0,0,0
2024/05/24 星期五 00:32:37.445,1716481957445,NH-DC-NM129-D06-ROCE-Leaf-8.GPU.S9825,FourHundredGigE1/0/54,430553,1615259527,1003633,3933840587,4.01,9.79
2024/05/24 星期五 00:32:39.747,1716481959747,NH-DC-NM129-D06-ROCE-Leaf-8.GPU.S9825,FourHundredGigE1/0/54,217272,843512096,182988,675875072,0.46,0.36
2024/05/24 星期五 00:32:40.283,1716481960283,NH-DC-NM129-D06-ROCE-Leaf-8.GPU.S9825,FourHundredGigE1/0/54,182662,721600784,104751,382746618,1.68,0.89
2024/05/24 星期五 00:32:40.861,1716481960861,NH-DC-NM129-D06-ROCE-Leaf-8.GPU.S9825,FourHundredGigE1/0/54,0,0,0,0,0,0
2024/05/24 星期五 00:32:41.512,1716481961512,NH-DC-NM129-D06-ROCE-Leaf-8.GPU.S9825,FourHundredGigE1/0/54,183180,720696924,340919,1209392990,1.38,2.30
2024/05/24 星期五 00:32:42.731,1716481962731,NH-DC-NM129-D06-ROCE-Leaf-8.GPU.S9825,FourHundredGigE1/0/54,305081,1049031362,124552,494116696,1.07,0.50
2024/05/24 星期五 00:32:43.328,1716481963328,NH-DC-NM129-D06-ROCE-Leaf-8.GPU.S9825,FourHundredGigE1/0/54,388197,1459790586,34714,129932216,3.04,0.25
2024/05/24 星期五 00:32:43.829,1716481963829,NH-DC-NM129-D06-ROCE-Leaf-8.GPU.S9825,FourHundredGigE1/0/54,0,0,0,0,0,0
2024/05/24 星期五 00:32:44.331,1716481964331,NH-DC-NM129-D06-ROCE-Leaf-8.GPU.S9825,FourHundredGigE1/0/54,216444,860902304,62688,244811408,2.14,0.60
2024/05/24 星期五 00:32:44.840,1716481964840,NH-DC-NM129-D06-ROCE-Leaf-8.GPU.S9825,FourHundredGigE1/0/54,0,0,0,0,0,0
2024/05/24 星期五 00:32:45.463,1716481965463,NH-DC-NM129-D06-ROCE-Leaf-8.GPU.S9825,FourHundredGigE1/0/54,344488,1404824152,104830,404441416,2.81,0.80
2024/05/24 星期五 00:32:46.264,1716481966264,NH-DC-NM129-D06-ROCE-Leaf-8.GPU.S9825,FourHundredGigE1/0/54,156717,588774808,143263,545867614,0.91,0.84
2024/05/24 星期五 00:32:46.836,1716481966836,NH-DC-NM129-D06-ROCE-Leaf-8.GPU.S9825,FourHundredGigE1/0/54,0,0,0,0,0,0
2024/05/24 星期五 00:32:47.336,1716481967336,NH-DC-NM129-D06-ROCE-Leaf-8.GPU.S9825,FourHundredGigE1/0/54,83370,326652514,109994,378206260,0.8,0.92
2024/05/24 星期五 00:32:47.888,1716481967888,NH-DC-NM129-D06-ROCE-Leaf-8.GPU.S9825,FourHundredGigE1/0/54,0,0,0,0,0,0
2024/05/24 星期五 00:32:48.396,1716481968396,NH-DC-NM129-D06-ROCE-Leaf-8.GPU.S9825,FourHundredGigE1/0/54,321011,1288401986,86578,265442640,3.15,0.64
2024/05/24 星期五 00:32:49.051,1716481969051,NH-DC-NM129-D06-ROCE-Leaf-8.GPU.S9825,FourHundredGigE1/0/54,80921,320529842,172374,641108028,0.61,1.22
2024/05/24 星期五 00:32:49.850,1716481969850,NH-DC-NM129-D06-ROCE-Leaf-8.GPU.S9825,FourHundredGigE1/0/54,0,0,0,0,0,0
2024/05/24 星期五 00:32:50.352,1716481970352,NH-DC-NM129-D06-ROCE-Leaf-8.GPU.S9825,FourHundredGigE1/0/54,161023,653024406,92188,341549096,1.62,0.85
2024/05/24 星期五 00:32:50.853,1716481970853,NH-DC-NM129-D06-ROCE-Leaf-8.GPU.S9825,FourHundredGigE1/0/54,0,0,0,0,0,0
2024/05/24 星期五 00:32:51.405,1716481971405,NH-DC-NM129-D06-ROCE-Leaf-8.GPU.S9825,FourHundredGigE1/0/54,133513,543152632,212592,753133768,1.22,1.70
2024/05/24 星期五 00:32:51.920,1716481971920,NH-DC-NM129-D06-ROCE-Leaf-8.GPU.S9825,FourHundredGigE1/0/54,0,0,0,0,0,0
2024/05/24 星期五 00:32:52.422,1716481972422,NH-DC-NM129-D06-ROCE-Leaf-8.GPU.S9825,FourHundredGigE1/0/54,321978,1218416510,421627,1605445826,3.01,3.98
2024/05/24 星期五 00:32:53.214,1716481973214,NH-DC-NM129-D06-ROCE-Leaf-8.GPU.S9825,FourHundredGigE1/0/54,0,0,0,0,0,0
2024/05/24 星期五 00:32:53.734,1716481973734,NH-DC-NM129-D06-ROCE-Leaf-8.GPU.S9825,FourHundredGigE1/0/54,33956,87612480,171404,664024140,0.19,1.59
2024/05/24 星期五 00:32:54.233,1716481974233,NH-DC-NM129-D06-ROCE-Leaf-8.GPU.S9825,FourHundredGigE1/0/54,0,0,0,0,0,0
2024/05/24 星期五 00:32:54.733,1716481974733,NH-DC-NM129-D06-ROCE-Leaf-8.GPU.S9825,FourHundredGigE1/0/54,102972,386835293,101193,351345718,0.95,0.88
2024/05/24 星期五 00:32:55.338,1716481975338,NH-DC-NM129-D06-ROCE-Leaf-8.GPU.S9825,FourHundredGigE1/0/54,133221,502930922,105038,368775148,1.03,0.74
2024/05/24 星期五 00:32:55.976,1716481975976,NH-DC-NM129-D06-ROCE-Leaf-8.GPU.S9825,FourHundredGigE1/0/54,0,0,0,0,0,0
2024/05/24 星期五 00:32:56.694,1716481976694,NH-DC-NM129-D06-ROCE-Leaf-8.GPU.S9825,FourHundredGigE1/0/54,376575,1542676962,237943,898540006,2.68,1.55
2024/05/24 星期五 00:32:57.200,1716481977200,NH-DC-NM129-D06-ROCE-Leaf-8.GPU.S9825,FourHundredGigE1/0/54,0,0,0,0,0,0
2024/05/24 星期五 00:32:57.712,1716481977712,NH-DC-NM129-D06-ROCE-Leaf-8.GPU.S9825,FourHundredGigE1/0/54,106942,394687392,110704,393171436,0.95,0.95
2024/05/24 星期五 00:32:59.775,1716481979775,NH-DC-NM129-D06-ROCE-Leaf-8.GPU.S9825,FourHundredGigE1/0/54,638723,2528878238,267351,957277462,1.53,0.58
2024/05/24 星期五 00:33:00.310,1716481980310,NH-DC-NM129-D06-ROCE-Leaf-8.GPU.S9825,FourHundredGigE1/0/54,180952,685933338,113261,389571996,1.59,0.89
2024/05/24 星期五 00:33:00.809,1716481980809,NH-DC-NM129-D06-ROCE-Leaf-8.GPU.S9825,FourHundredGigE1/0/54,0,0,0,0,0,0
2024/05/24 星期五 00:33:01.321,1716481981321,NH-DC-NM129-D06-ROCE-Leaf-8.GPU.S9825,FourHundredGigE1/0/54,275838,1011375870,199458,771293150,2.47,1.88
2024/05/24 星期五 00:33:01.870,1716481981870,NH-DC-NM129-D06-ROCE-Leaf-8.GPU.S9825,FourHundredGigE1/0/54,0,0,0,0,0,0
2024/05/24 星期五 00:33:02.371,1716481982371,NH-DC-NM129-D06-ROCE-Leaf-8.GPU.S9825,FourHundredGigE1/0/54,357032,1423369144,186671,698641104,3.54,1.72
2024/05/24 星期五 00:33:03.130,1716481983130,NH-DC-NM129-D06-ROCE-Leaf-8.GPU.S9825,FourHundredGigE1/0/54,0,0,0,0,0,0
2024/05/24 星期五 00:33:03.715,1716481983715,NH-DC-NM129-D06-ROCE-Leaf-8.GPU.S9825,FourHundredGigE1/0/54,427131,1724562949,488029,1893829284,3.68,4.04
2024/05/24 星期五 00:33:04.213,1716481984213,NH-DC-NM129-D06-ROCE-Leaf-8.GPU.S9825,FourHundredGigE1/0/54,0,0,0,0,0,0
2024/05/24 星期五 00:33:04.713,1716481984713,NH-DC-NM129-D06-ROCE-Leaf-8.GPU.S9825,FourHundredGigE1/0/54,307133,1221248120,182900,706559018,3.05,1.75
2024/05/24 星期五 00:33:05.326,1716481985326,NH-DC-NM129-D06-ROCE-Leaf-8.GPU.S9825,FourHundredGigE1/0/54,208019,806717156,159793,605960402,1.63,1.22
2024/05/24 星期五 00:33:05.987,1716481985987,NH-DC-NM129-D06-ROCE-Leaf-8.GPU.S9825,FourHundredGigE1/0/54,0,0,0,0,0,0
2024/05/24 星期五 00:33:06.725,1716481986725,NH-DC-NM129-D06-ROCE-Leaf-8.GPU.S9825,FourHundredGigE1/0/54,312861,1185208168,222383,880367176,2.00,1.49
2024/05/24 星期五 00:33:07.226,1716481987226,NH-DC-NM129-D06-ROCE-Leaf-8.GPU.S9825,FourHundredGigE1/0/54,0,0,0,0,0,0
2024/05/24 星期五 00:33:07.727,1716481987727,NH-DC-NM129-D06-ROCE-Leaf-8.GPU.S9825,FourHundredGigE1/0/54,411414,1663774252,325455,1222593556,4.14,3.04
2024/05/24 星期五 00:33:08.282,1716481988282,NH-DC-NM129-D06-ROCE-Leaf-8.GPU.S9825,FourHundredGigE1/0/54,129023,493117314,140902,523604041,1.10,1.17
2024/05/24 星期五 00:33:08.784,1716481988784,NH-DC-NM129-D06-ROCE-Leaf-8.GPU.S9825,FourHundredGigE1/0/54,0,0,0,0,0,0
2024/05/24 星期五 00:33:09.490,1716481989490,NH-DC-NM129-D06-ROCE-Leaf-8.GPU.S9825,FourHundredGigE1/0/54,127675,499026254,112587,418714652,0.87,0.73
2024/05/24 星期五 00:33:10.180,1716481990180,NH-DC-NM129-D06-ROCE-Leaf-8.GPU.S9825,FourHundredGigE1/0/54,0,0,0,0,0,0
2024/05/24 星期五 00:33:10.681,1716481990681,NH-DC-NM129-D06-ROCE-Leaf-8.GPU.S9825,FourHundredGigE1/0/54,330053,1320621356,197905,716312258,3.29,1.77
2024/05/24 星期五 00:33:11.181,1716481991181,NH-DC-NM129-D06-ROCE-Leaf-8.GPU.S9825,FourHundredGigE1/0/54,0,0,0,0,0,0
2024/05/24 星期五 00:33:11.682,1716481991682,NH-DC-NM129-D06-ROCE-Leaf-8.GPU.S9825,FourHundredGigE1/0/54,172800,685898586,183677,697586597,1.70,1.72
2024/05/24 星期五 00:33:12.183,1716481992183,NH-DC-NM129-D06-ROCE-Leaf-8.GPU.S9825,FourHundredGigE1/0/54,0,0,0,0,0,0
2024/05/24 星期五 00:33:12.688,1716481992688,NH-DC-NM129-D06-ROCE-Leaf-8.GPU.S9825,FourHundredGigE1/0/54,709532,2748245124,120522,329163208,6.78,0.79
2024/05/24 星期五 00:33:14.340,1716481994340,NH-DC-NM129-D06-ROCE-Leaf-8.GPU.S9825,FourHundredGigE1/0/54,2338222,9065345268,572922,2209842236,6.86,1.66
2024/05/24 星期五 00:33:14.862,1716481994862,NH-DC-NM129-D06-ROCE-Leaf-8.GPU.S9825,FourHundredGigE1/0/54,0,0,0,0,0,0
2024/05/24 星期五 00:33:15.525,1716481995525,NH-DC-NM129-D06-ROCE-Leaf-8.GPU.S9825,FourHundredGigE1/0/54,134413,537211402,107086,380583936,1.00,0.72
2024/05/24 星期五 00:33:16.099,1716481996099,NH-DC-NM129-D06-ROCE-Leaf-8.GPU.S9825,FourHundredGigE1/0/54,97465,348251986,146013,531998194,0.74,1.15
2024/05/24 星期五 00:33:16.831,1716481996831,NH-DC-NM129-D06-ROCE-Leaf-8.GPU.S9825,FourHundredGigE1/0/54,0,0,0,0,0,0
2024/05/24 星期五 00:33:17.377,1716481997377,NH-DC-NM129-D06-ROCE-Leaf-8.GPU.S9825,FourHundredGigE1/0/54,430884,1669809864,335743,1290704410,3.80,2.95
2024/05/24 星期五 00:33:18.362,1716481998362,NH-DC-NM129-D06-ROCE-Leaf-8.GPU.S9825,FourHundredGigE1/0/54,187718,703655296,322191,1206968238,0.89,1.52
2024/05/24 星期五 00:33:19.832,1716481999832,NH-DC-NM129-D06-ROCE-Leaf-8.GPU.S9825,FourHundredGigE1/0/54,71345,209478438,100867,352519958,0.17,0.30
2024/05/24 星期五 00:33:20.520,1716482000520,NH-DC-NM129-D06-ROCE-Leaf-8.GPU.S9825,FourHundredGigE1/0/54,189177,519099704,90098,325252324,0.93,0.58
2024/05/24 星期五 00:33:21.021,1716482001021,NH-DC-NM129-D06-ROCE-Leaf-8.GPU.S9825,FourHundredGigE1/0/54,0,0,0,0,0,0
2024/05/24 星期五 00:33:21.630,1716482001630,NH-DC-NM129-D06-ROCE-Leaf-8.GPU.S9825,FourHundredGigE1/0/54,441902,1775394498,181282,689463796,3.63,1.40
2024/05/24 星期五 00:33:22.291,1716482002291,NH-DC-NM129-D06-ROCE-Leaf-8.GPU.S9825,FourHundredGigE1/0/54,115522,324193624,143870,295014164,0.61,0.55
2024/05/24 星期五 00:33:22.851,1716482002851,NH-DC-NM129-D06-ROCE-Leaf-8.GPU.S9825,FourHundredGigE1/0/54,0,0,0,0,0,0
2024/05/24 星期五 00:33:23.661,1716482003661,NH-DC-NM129-D06-ROCE-Leaf-8.GPU.S9825,FourHundredGigE1/0/54,140417,454928494,193579,645259574,0.69,0.99
2024/05/24 星期五 00:33:24.230,1716482004230,NH-DC-NM129-D06-ROCE-Leaf-8.GPU.S9825,FourHundredGigE1/0/54,0,0,0,0,0,0
2024/05/24 星期五 00:33:24.730,1716482004730,NH-DC-NM129-D06-ROCE-Leaf-8.GPU.S9825,FourHundredGigE1/0/54,265640,1023353105,81353,311160686,2.55,0.78
2024/05/24 星期五 00:33:25.327,1716482005327,NH-DC-NM129-D06-ROCE-Leaf-8.GPU.S9825,FourHundredGigE1/0/54,1360,388524,6919,23282566,0,0.04
2024/05/24 星期五 00:33:25.918,1716482005918,NH-DC-NM129-D06-ROCE-Leaf-8.GPU.S9825,FourHundredGigE1/0/54,0,0,0,0,0,0
2024/05/24 星期五 00:33:26.512,1716482006512,NH-DC-NM129-D06-ROCE-Leaf-8.GPU.S9825,FourHundredGigE1/0/54,137456,536517830,271169,1098561747,1.12,2.29
2024/05/24 星期五 00:33:27.251,1716482007251,NH-DC-NM129-D06-ROCE-Leaf-8.GPU.S9825,FourHundredGigE1/0/54,245671,958576488,160080,621196332,1.61,1.05
2024/05/24 星期五 00:33:27.813,1716482007813,NH-DC-NM129-D06-ROCE-Leaf-8.GPU.S9825,FourHundredGigE1/0/54,0,0,0,0,0,0
2024/05/24 星期五 00:33:28.314,1716482008314,NH-DC-NM129-D06-ROCE-Leaf-8.GPU.S9825,FourHundredGigE1/0/54,142208,474507732,176548,650928520,1.17,1.62
2024/05/24 星期五 00:33:29.021,1716482009021,NH-DC-NM129-D06-ROCE-Leaf-8.GPU.S9825,FourHundredGigE1/0/54,0,0,0,0,0,0
2024/05/24 星期五 00:33:29.658,1716482009658,NH-DC-NM129-D06-ROCE-Leaf-8.GPU.S9825,FourHundredGigE1/0/54,340101,1340779323,366755,1466244330,2.63,2.86
2024/05/24 星期五 00:33:30.906,1716482010906,NH-DC-NM129-D06-ROCE-Leaf-8.GPU.S9825,FourHundredGigE1/0/54,193909,773500246,780847,3168033866,0.77,3.17
2024/05/24 星期五 00:33:31.409,1716482011409,NH-DC-NM129-D06-ROCE-Leaf-8.GPU.S9825,FourHundredGigE1/0/54,166419,617204924,169715,660413450,1.52,1.64
2024/05/24 星期五 00:33:32.001,1716482012001,NH-DC-NM129-D06-ROCE-Leaf-8.GPU.S9825,FourHundredGigE1/0/54,0,0,0,0,0,0
2024/05/24 星期五 00:33:32.502,1716482012502,NH-DC-NM129-D06-ROCE-Leaf-8.GPU.S9825,FourHundredGigE1/0/54,236532,908238958,210703,790721398,2.25,1.97
2024/05/24 星期五 00:33:33.104,1716482013104,NH-DC-NM129-D06-ROCE-Leaf-8.GPU.S9825,FourHundredGigE1/0/54,210229,761771174,254010,957265546,1.58,1.97
2024/05/24 星期五 00:33:33.893,1716482013893,NH-DC-NM129-D06-ROCE-Leaf-8.GPU.S9825,FourHundredGigE1/0/54,0,0,0,0,0,0
2024/05/24 星期五 00:33:34.499,1716482014499,NH-DC-NM129-D06-ROCE-Leaf-8.GPU.S9825,FourHundredGigE1/0/54,229242,903708836,256591,1004608364,1.86,2.06
2024/05/24 星期五 00:33:35.000,1716482015000,NH-DC-NM129-D06-ROCE-Leaf-8.GPU.S9825,FourHundredGigE1/0/54,0,0,0,0,0,0
2024/05/24 星期五 00:33:35.504,1716482015504,NH-DC-NM129-D06-ROCE-Leaf-8.GPU.S9825,FourHundredGigE1/0/54,268904,1101646912,155063,608665790,2.73,1.49
2024/05/24 星期五 00:33:36.060,1716482016060,NH-DC-NM129-D06-ROCE-Leaf-8.GPU.S9825,FourHundredGigE1/0/54,0,0,0,0,0,0
2024/05/24 星期五 00:33:36.568,1716482016568,NH-DC-NM129-D06-ROCE-Leaf-8.GPU.S9825,FourHundredGigE1/0/54,148995,553476310,188144,711576520,1.35,1.75
2024/05/24 星期五 00:33:37.344,1716482017344,NH-DC-NM129-D06-ROCE-Leaf-8.GPU.S9825,FourHundredGigE1/0/54,278529,1092726394,579279,2350341230,1.76,3.79
2024/05/24 星期五 00:33:39.027,1716482019027,NH-DC-NM129-D06-ROCE-Leaf-8.GPU.S9825,FourHundredGigE1/0/54,224372,856607780,237224,926493164,0.63,0.68
2024/05/24 星期五 00:33:39.836,1716482019836,NH-DC-NM129-D06-ROCE-Leaf-8.GPU.S9825,FourHundredGigE1/0/54,0,0,0,0,0,0
2024/05/24 星期五 00:33:40.504,1716482020504,NH-DC-NM129-D06-ROCE-Leaf-8.GPU.S9825,FourHundredGigE1/0/54,125453,438969046,311491,1243200394,0.80,2.32
2024/05/24 星期五 00:33:41.146,1716482021146,NH-DC-NM129-D06-ROCE-Leaf-8.GPU.S9825,FourHundredGigE1/0/54,0,0,0,0,0,0
2024/05/24 星期五 00:33:41.687,1716482021687,NH-DC-NM129-D06-ROCE-Leaf-8.GPU.S9825,FourHundredGigE1/0/54,242216,895031316,165766,632714268,2.06,1.46
2024/05/24 星期五 00:33:42.189,1716482022189,NH-DC-NM129-D06-ROCE-Leaf-8.GPU.S9825,FourHundredGigE1/0/54,292583,1111932018,143394,570912964,2.76,1.42
2024/05/24 星期五 00:33:42.748,1716482022748,NH-DC-NM129-D06-ROCE-Leaf-8.GPU.S9825,FourHundredGigE1/0/54,0,0,0,0,0,0
2024/05/24 星期五 00:33:43.382,1716482023382,NH-DC-NM129-D06-ROCE-Leaf-8.GPU.S9825,FourHundredGigE1/0/54,262640,998027504,137314,525344892,1.95,1.03
2024/05/24 星期五 00:33:44.076,1716482024076,NH-DC-NM129-D06-ROCE-Leaf-8.GPU.S9825,FourHundredGigE1/0/54,0,0,0,0,0,0
2024/05/24 星期五 00:33:44.705,1716482024705,NH-DC-NM129-D06-ROCE-Leaf-8.GPU.S9825,FourHundredGigE1/0/54,318304,1225814186,363890,1444742752,2.42,2.86
2024/05/24 星期五 00:33:45.235,1716482025235,NH-DC-NM129-D06-ROCE-Leaf-8.GPU.S9825,FourHundredGigE1/0/54,143313,563376080,109005,276418018,1.32,0.64
2024/05/24 星期五 00:33:45.737,1716482025737,NH-DC-NM129-D06-ROCE-Leaf-8.GPU.S9825,FourHundredGigE1/0/54,0,0,0,0,0,0
2024/05/24 星期五 00:33:46.320,1716482026320,NH-DC-NM129-D06-ROCE-Leaf-8.GPU.S9825,FourHundredGigE1/0/54,83586,157536840,153163,485873130,0.32,1.03
2024/05/24 星期五 00:33:46.895,1716482026895,NH-DC-NM129-D06-ROCE-Leaf-8.GPU.S9825,FourHundredGigE1/0/54,0,0,0,0,0,0
2024/05/24 星期五 00:33:47.666,1716482027666,NH-DC-NM129-D06-ROCE-Leaf-8.GPU.S9825,FourHundredGigE1/0/54,108752,389870528,204892,664636938,0.62,1.07
2024/05/24 星期五 00:33:48.248,1716482028248,NH-DC-NM129-D06-ROCE-Leaf-8.GPU.S9825,FourHundredGigE1/0/54,87088,0,263428,0,0,0
2024/05/24 星期五 00:33:48.766,1716482028766,NH-DC-NM129-D06-ROCE-Leaf-8.GPU.S9825,FourHundredGigE1/0/54,0,306338720,0,887306902,0.72,2.12
2024/05/24 星期五 00:33:49.373,1716482029373,NH-DC-NM129-D06-ROCE-Leaf-8.GPU.S9825,FourHundredGigE1/0/54,203560,721703162,289164,1048757018,1.48,2.14
2024/05/24 星期五 00:33:49.955,1716482029955,NH-DC-NM129-D06-ROCE-Leaf-8.GPU.S9825,FourHundredGigE1/0/54,0,0,0,0,0,0
2024/05/24 星期五 00:33:50.576,1716482030576,NH-DC-NM129-D06-ROCE-Leaf-8.GPU.S9825,FourHundredGigE1/0/54,235359,908835420,265650,1059988046,1.81,2.11
2024/05/24 星期五 00:33:51.292,1716482031292,NH-DC-NM129-D06-ROCE-Leaf-8.GPU.S9825,FourHundredGigE1/0/54,511731,2082867982,226511,861884494,3.63,1.50
2024/05/24 星期五 00:33:51.849,1716482031849,NH-DC-NM129-D06-ROCE-Leaf-8.GPU.S9825,FourHundredGigE1/0/54,0,0,0,0,0,0
2024/05/24 星期五 00:33:52.350,1716482032350,NH-DC-NM129-D06-ROCE-Leaf-8.GPU.S9825,FourHundredGigE1/0/54,213017,826651710,164783,582270070,2.05,1.45
2024/05/24 星期五 00:33:52.875,1716482032875,NH-DC-NM129-D06-ROCE-Leaf-8.GPU.S9825,FourHundredGigE1/0/54,0,0,0,0,0,0
2024/05/24 星期五 00:33:53.500,1716482033500,NH-DC-NM129-D06-ROCE-Leaf-8.GPU.S9825,FourHundredGigE1/0/54,94682,310568210,623090,2485907112,0.62,4.96
2024/05/24 星期五 00:33:54.172,1716482034172,NH-DC-NM129-D06-ROCE-Leaf-8.GPU.S9825,FourHundredGigE1/0/54,499666,1974369225,166669,620384818,3.66,1.15
2024/05/24 星期五 00:33:54.846,1716482034846,NH-DC-NM129-D06-ROCE-Leaf-8.GPU.S9825,FourHundredGigE1/0/54,0,0,0,0,0,0
2024/05/24 星期五 00:33:55.422,1716482035422,NH-DC-NM129-D06-ROCE-Leaf-8.GPU.S9825,FourHundredGigE1/0/54,477172,1880255404,81750,260436148,4.08,0.56
2024/05/24 星期五 00:33:55.921,1716482035921,NH-DC-NM129-D06-ROCE-Leaf-8.GPU.S9825,FourHundredGigE1/0/54,0,0,0,0,0,0
2024/05/24 星期五 00:33:56.422,1716482036422,NH-DC-NM129-D06-ROCE-Leaf-8.GPU.S9825,FourHundredGigE1/0/54,314051,1249720724,197337,726159178,3.09,1.80
2024/05/24 星期五 00:33:56.999,1716482036999,NH-DC-NM129-D06-ROCE-Leaf-8.GPU.S9825,FourHundredGigE1/0/54,0,0,0,0,0,0
2024/05/24 星期五 00:33:57.744,1716482037744,NH-DC-NM129-D06-ROCE-Leaf-8.GPU.S9825,FourHundredGigE1/0/54,310469,1237000804,271358,1051873792,2.06,1.76
2024/05/24 星期五 00:33:58.500,1716482038500,NH-DC-NM129-D06-ROCE-Leaf-8.GPU.S9825,FourHundredGigE1/0/54,361093,1434008558,106317,389536626,2.36,0.63
2024/05/24 星期五 00:33:59.085,1716482039085,NH-DC-NM129-D06-ROCE-Leaf-8.GPU.S9825,FourHundredGigE1/0/54,0,0,0,0,0,0
2024/05/24 星期五 00:33:59.603,1716482039603,NH-DC-NM129-D06-ROCE-Leaf-8.GPU.S9825,FourHundredGigE1/0/54,71594,237867396,78595,312184722,0.56,0.75
2024/05/24 星期五 00:34:00.216,1716482040216,NH-DC-NM129-D06-ROCE-Leaf-8.GPU.S9825,FourHundredGigE1/0/54,165845,602252230,47071,179065418,1.22,0.35
2024/05/24 星期五 00:34:01.477,1716482041477,NH-DC-NM129-D06-ROCE-Leaf-8.GPU.S9825,FourHundredGigE1/0/54,110392,391926552,181370,421877408,0.39,0.42
2024/05/24 星期五 00:34:02.064,1716482042064,NH-DC-NM129-D06-ROCE-Leaf-8.GPU.S9825,FourHundredGigE1/0/54,0,0,0,0,0,0
2024/05/24 星期五 00:34:02.565,1716482042565,NH-DC-NM129-D06-ROCE-Leaf-8.GPU.S9825,FourHundredGigE1/0/54,639020,2516794356,136526,258234216,6.26,0.62
2024/05/24 星期五 00:34:03.094,1716482043094,NH-DC-NM129-D06-ROCE-Leaf-8.GPU.S9825,FourHundredGigE1/0/54,0,0,0,0,0,0
2024/05/24 星期五 00:34:04.602,1716482044602,NH-DC-NM129-D06-ROCE-Leaf-8.GPU.S9825,FourHundredGigE1/0/54,814657,2902788174,258243,970227234,2.40,0.80
2024/05/24 星期五 00:34:05.562,1716482045562,NH-DC-NM129-D06-ROCE-Leaf-8.GPU.S9825,FourHundredGigE1/0/54,228668,926585708,70722,237489064,1.20,0.30
2024/05/24 星期五 00:34:06.066,1716482046066,NH-DC-NM129-D06-ROCE-Leaf-8.GPU.S9825,FourHundredGigE1/0/54,0,0,0,0,0,0
2024/05/24 星期五 00:34:06.986,1716482046986,NH-DC-NM129-D06-ROCE-Leaf-8.GPU.S9825,FourHundredGigE1/0/54,248687,991441878,384751,1566336774,1.35,2.12
2024/05/24 星期五 00:34:07.486,1716482047486,NH-DC-NM129-D06-ROCE-Leaf-8.GPU.S9825,FourHundredGigE1/0/54,65858,250576672,120047,422535286,0.62,1.05
2024/05/24 星期五 00:34:08.189,1716482048189,NH-DC-NM129-D06-ROCE-Leaf-8.GPU.S9825,FourHundredGigE1/0/54,98721,391322690,115858,459004688,0.69,0.80
2024/05/24 星期五 00:34:08.768,1716482048768,NH-DC-NM129-D06-ROCE-Leaf-8.GPU.S9825,FourHundredGigE1/0/54,0,0,0,0,0,0
2024/05/24 星期五 00:34:09.270,1716482049270,NH-DC-NM129-D06-ROCE-Leaf-8.GPU.S9825,FourHundredGigE1/0/54,0,0,0,0,0,0
2024/05/24 星期五 00:34:09.778,1716482049778,NH-DC-NM129-D06-ROCE-Leaf-8.GPU.S9825,FourHundredGigE1/0/54,205103,508705234,319573,1303514978,1.23,3.20
2024/05/24 星期五 00:34:10.297,1716482050297,NH-DC-NM129-D06-ROCE-Leaf-8.GPU.S9825,FourHundredGigE1/0/54,272675,877690528,124977,469519460,2.10,1.11
2024/05/24 星期五 00:34:10.798,1716482050798,NH-DC-NM129-D06-ROCE-Leaf-8.GPU.S9825,FourHundredGigE1/0/54,116424,355041282,81931,294068683,0.87,0.72
2024/05/24 星期五 00:34:11.740,1716482051740,NH-DC-NM129-D06-ROCE-Leaf-8.GPU.S9825,FourHundredGigE1/0/54,0,0,0,0,0,0
2024/05/24 星期五 00:34:12.252,1716482052252,NH-DC-NM129-D06-ROCE-Leaf-8.GPU.S9825,FourHundredGigE1/0/54,888315,3627375102,323871,1227174597,8.84,2.98
2024/05/24 星期五 00:34:12.753,1716482052753,NH-DC-NM129-D06-ROCE-Leaf-8.GPU.S9825,FourHundredGigE1/0/54,0,0,0,0,0,0
2024/05/24 星期五 00:34:13.400,1716482053400,NH-DC-NM129-D06-ROCE-Leaf-8.GPU.S9825,FourHundredGigE1/0/54,172363,640186242,105102,316194804,1.24,0.60
2024/05/24 星期五 00:34:13.936,1716482053936,NH-DC-NM129-D06-ROCE-Leaf-8.GPU.S9825,FourHundredGigE1/0/54,0,0,0,0,0,0
2024/05/24 星期五 00:34:14.439,1716482054439,NH-DC-NM129-D06-ROCE-Leaf-8.GPU.S9825,FourHundredGigE1/0/54,188523,708082410,93665,313306686,1.74,0.77
2024/05/24 星期五 00:34:15.266,1716482055266,NH-DC-NM129-D06-ROCE-Leaf-8.GPU.S9825,FourHundredGigE1/0/54,205904,600800637,94463,296563706,0.91,0.44
2024/05/24 星期五 00:34:15.855,1716482055855,NH-DC-NM129-D06-ROCE-Leaf-8.GPU.S9825,FourHundredGigE1/0/54,0,0,0,0,0,0
2024/05/24 星期五 00:34:16.357,1716482056357,NH-DC-NM129-D06-ROCE-Leaf-8.GPU.S9825,FourHundredGigE1/0/54,371780,1242588585,292371,1097464962,3.09,2.71
2024/05/24 星期五 00:34:16.913,1716482056913,NH-DC-NM129-D06-ROCE-Leaf-8.GPU.S9825,FourHundredGigE1/0/54,0,0,0,0,0,0
2024/05/24 星期五 00:34:17.475,1716482057475,NH-DC-NM129-D06-ROCE-Leaf-8.GPU.S9825,FourHundredGigE1/0/54,141830,466861746,114128,405763016,1.02,0.89
2024/05/24 星期五 00:34:18.241,1716482058241,NH-DC-NM129-D06-ROCE-Leaf-8.GPU.S9825,FourHundredGigE1/0/54,219876,849332642,242598,898845696,1.37,1.45
2024/05/24 星期五 00:34:19.555,1716482059555,NH-DC-NM129-D06-ROCE-Leaf-8.GPU.S9825,FourHundredGigE1/0/54,357253,1368734358,452574,1821614124,1.29,1.73
2024/05/24 星期五 00:34:20.053,1716482060053,NH-DC-NM129-D06-ROCE-Leaf-8.GPU.S9825,FourHundredGigE1/0/54,0,0,0,0,0,0
2024/05/24 星期五 00:34:20.600,1716482060600,NH-DC-NM129-D06-ROCE-Leaf-8.GPU.S9825,FourHundredGigE1/0/54,202201,717305034,53964,168147664,1.62,0.37
2024/05/24 星期五 00:34:21.218,1716482061218,NH-DC-NM129-D06-ROCE-Leaf-8.GPU.S9825,FourHundredGigE1/0/54,304936,1210607376,124282,426708240,2.45,0.85
2024/05/24 星期五 00:34:21.928,1716482061928,NH-DC-NM129-D06-ROCE-Leaf-8.GPU.S9825,FourHundredGigE1/0/54,0,0,0,0,0,0
2024/05/24 星期五 00:34:22.577,1716482062577,NH-DC-NM129-D06-ROCE-Leaf-8.GPU.S9825,FourHundredGigE1/0/54,229170,873759404,111964,428629756,1.68,0.81
2024/05/24 星期五 00:34:23.078,1716482063078,NH-DC-NM129-D06-ROCE-Leaf-8.GPU.S9825,FourHundredGigE1/0/54,0,0,0,0,0,0
2024/05/24 星期五 00:34:23.582,1716482063582,NH-DC-NM129-D06-ROCE-Leaf-8.GPU.S9825,FourHundredGigE1/0/54,134640,463351676,328844,1278771284,1.14,3.15
2024/05/24 星期五 00:34:24.172,1716482064172,NH-DC-NM129-D06-ROCE-Leaf-8.GPU.S9825,FourHundredGigE1/0/54,0,0,0,0,0,0
2024/05/24 星期五 00:34:24.673,1716482064673,NH-DC-NM129-D06-ROCE-Leaf-8.GPU.S9825,FourHundredGigE1/0/54,227359,857009263,98987,345065094,2.12,0.85
2024/05/24 星期五 00:34:25.394,1716482065394,NH-DC-NM129-D06-ROCE-Leaf-8.GPU.S9825,FourHundredGigE1/0/54,313495,1242846442,189034,710652180,2.15,1.23
2024/05/24 星期五 00:34:26.152,1716482066152,NH-DC-NM129-D06-ROCE-Leaf-8.GPU.S9825,FourHundredGigE1/0/54,0,0,0,0,0,0
2024/05/24 星期五 00:34:26.653,1716482066653,NH-DC-NM129-D06-ROCE-Leaf-8.GPU.S9825,FourHundredGigE1/0/54,143840,548072864,196293,751356126,1.35,1.87
2024/05/24 星期五 00:34:27.200,1716482067200,NH-DC-NM129-D06-ROCE-Leaf-8.GPU.S9825,FourHundredGigE1/0/54,0,0,0,0,0,0
2024/05/24 星期五 00:34:27.764,1716482067764,NH-DC-NM129-D06-ROCE-Leaf-8.GPU.S9825,FourHundredGigE1/0/54,148078,602870776,512706,2082016476,1.33,4.61
2024/05/24 星期五 00:34:28.348,1716482068348,NH-DC-NM129-D06-ROCE-Leaf-8.GPU.S9825,FourHundredGigE1/0/54,142242,511809456,120698,432075344,1.09,0.92
2024/05/24 星期五 00:34:29.060,1716482069060,NH-DC-NM129-D06-ROCE-Leaf-8.GPU.S9825,FourHundredGigE1/0/54,0,0,0,0,0,0
2024/05/24 星期五 00:34:29.648,1716482069648,NH-DC-NM129-D06-ROCE-Leaf-8.GPU.S9825,FourHundredGigE1/0/54,65536,227936252,138340,559412847,0.47,1.17
2024/05/24 星期五 00:34:30.555,1716482070555,NH-DC-NM129-D06-ROCE-Leaf-8.GPU.S9825,FourHundredGigE1/0/54,85070,341509216,436337,1759216646,0.47,2.41
2024/05/24 星期五 00:34:31.181,1716482071181,NH-DC-NM129-D06-ROCE-Leaf-8.GPU.S9825,FourHundredGigE1/0/54,259931,1022446828,62467,239703302,2.04,0.46
2024/05/24 星期五 00:34:31.960,1716482071960,NH-DC-NM129-D06-ROCE-Leaf-8.GPU.S9825,FourHundredGigE1/0/54,0,0,0,0,0,0
2024/05/24 星期五 00:34:32.664,1716482072664,NH-DC-NM129-D06-ROCE-Leaf-8.GPU.S9825,FourHundredGigE1/0/54,231903,819436544,151547,597351781,1.44,1.05
2024/05/24 星期五 00:34:33.562,1716482073562,NH-DC-NM129-D06-ROCE-Leaf-8.GPU.S9825,FourHundredGigE1/0/54,119229,455880674,319900,1155698460,0.63,1.60
2024/05/24 星期五 00:34:34.135,1716482074135,NH-DC-NM129-D06-ROCE-Leaf-8.GPU.S9825,FourHundredGigE1/0/54,0,0,0,0,0,0
2024/05/24 星期五 00:34:35.552,1716482075552,NH-DC-NM129-D06-ROCE-Leaf-8.GPU.S9825,FourHundredGigE1/0/54,602464,2273657484,644366,2553384020,2.00,2.25
2024/05/24 星期五 00:34:36.155,1716482076155,NH-DC-NM129-D06-ROCE-Leaf-8.GPU.S9825,FourHundredGigE1/0/54,0,0,0,0,0,0
2024/05/24 星期五 00:34:36.657,1716482076657,NH-DC-NM129-D06-ROCE-Leaf-8.GPU.S9825,FourHundredGigE1/0/54,889356,3629863512,117829,365693506,9.01,0.90
2024/05/24 星期五 00:34:37.264,1716482077264,NH-DC-NM129-D06-ROCE-Leaf-8.GPU.S9825,FourHundredGigE1/0/54,1217126,4935392404,135433,510913694,10.15,1.05
2024/05/24 星期五 00:34:38.894,1716482078894,NH-DC-NM129-D06-ROCE-Leaf-8.GPU.S9825,FourHundredGigE1/0/54,2629058,10719368748,528520,2019300127,8.21,1.54
2024/05/24 星期五 00:34:39.943,1716482079943,NH-DC-NM129-D06-ROCE-Leaf-8.GPU.S9825,FourHundredGigE1/0/54,0,0,0,0,0,0
2024/05/24 星期五 00:34:40.557,1716482080557,NH-DC-NM129-D06-ROCE-Leaf-8.GPU.S9825,FourHundredGigE1/0/54,1432208,5843685498,171136,648493616,11.89,1.30
2024/05/24 星期五 00:34:41.215,1716482081215,NH-DC-NM129-D06-ROCE-Leaf-8.GPU.S9825,FourHundredGigE1/0/54,0,0,0,0,0,0
2024/05/24 星期五 00:34:41.716,1716482081716,NH-DC-NM129-D06-ROCE-Leaf-8.GPU.S9825,FourHundredGigE1/0/54,2444709,9978477238,221791,835561568,24.88,2.07
2024/05/24 星期五 00:34:42.364,1716482082364,NH-DC-NM129-D06-ROCE-Leaf-8.GPU.S9825,FourHundredGigE1/0/54,1107324,4530745774,295354,1197349958,8.74,2.30
2024/05/24 星期五 00:34:43.153,1716482083153,NH-DC-NM129-D06-ROCE-Leaf-8.GPU.S9825,FourHundredGigE1/0/54,0,0,0,0,0,0
2024/05/24 星期五 00:34:43.654,1716482083654,NH-DC-NM129-D06-ROCE-Leaf-8.GPU.S9825,FourHundredGigE1/0/54,106256,415779756,661305,2655917330,1.02,6.61
2024/05/24 星期五 00:34:44.202,1716482084202,NH-DC-NM129-D06-ROCE-Leaf-8.GPU.S9825,FourHundredGigE1/0/54,0,0,0,0,0,0
2024/05/24 星期五 00:34:44.754,1716482084754,NH-DC-NM129-D06-ROCE-Leaf-8.GPU.S9825,FourHundredGigE1/0/54,199423,774009774,284939,1137073947,1.74,2.56
2024/05/24 星期五 00:34:45.281,1716482085281,NH-DC-NM129-D06-ROCE-Leaf-8.GPU.S9825,FourHundredGigE1/0/54,159148,621130356,338777,1363625713,1.47,3.23
2024/05/24 星期五 00:34:45.933,1716482085933,NH-DC-NM129-D06-ROCE-Leaf-8.GPU.S9825,FourHundredGigE1/0/54,0,0,0,0,0,0
2024/05/24 星期五 00:34:46.753,1716482086753,NH-DC-NM129-D06-ROCE-Leaf-8.GPU.S9825,FourHundredGigE1/0/54,232046,830138660,212030,802319157,1.27,1.22
2024/05/24 星期五 00:34:47.261,1716482087261,NH-DC-NM129-D06-ROCE-Leaf-8.GPU.S9825,FourHundredGigE1/0/54,439287,1734914538,164362,609113285,4.26,1.48
2024/05/24 星期五 00:34:47.814,1716482087814,NH-DC-NM129-D06-ROCE-Leaf-8.GPU.S9825,FourHundredGigE1/0/54,0,0,0,0,0,0
2024/05/24 星期五 00:34:50.077,1716482090077,NH-DC-NM129-D06-ROCE-Leaf-8.GPU.S9825,FourHundredGigE1/0/54,545507,2161339358,518776,1948841629,1.19,1.07
2024/05/24 星期五 00:34:50.578,1716482090578,NH-DC-NM129-D06-ROCE-Leaf-8.GPU.S9825,FourHundredGigE1/0/54,158165,574009974,216377,816870684,1.42,2.02
2024/05/24 星期五 00:34:51.182,1716482091182,NH-DC-NM129-D06-ROCE-Leaf-8.GPU.S9825,FourHundredGigE1/0/54,0,0,0,0,0,0
2024/05/24 星期五 00:34:51.683,1716482091683,NH-DC-NM129-D06-ROCE-Leaf-8.GPU.S9825,FourHundredGigE1/0/54,117770,413002760,251661,997663261,1.02,2.47
2024/05/24 星期五 00:34:52.186,1716482092186,NH-DC-NM129-D06-ROCE-Leaf-8.GPU.S9825,FourHundredGigE1/0/54,143171,515170162,180515,677404455,1.27,1.67
2024/05/24 星期五 00:34:52.923,1716482092923,NH-DC-NM129-D06-ROCE-Leaf-8.GPU.S9825,FourHundredGigE1/0/54,0,0,0,0,0,0
2024/05/24 星期五 00:34:53.554,1716482093554,NH-DC-NM129-D06-ROCE-Leaf-8.GPU.S9825,FourHundredGigE1/0/54,107914,419813348,166020,635249688,0.81,1.25
2024/05/24 星期五 00:34:54.086,1716482094086,NH-DC-NM129-D06-ROCE-Leaf-8.GPU.S9825,FourHundredGigE1/0/54,0,0,0,0,0,0
2024/05/24 星期五 00:34:54.650,1716482094650,NH-DC-NM129-D06-ROCE-Leaf-8.GPU.S9825,FourHundredGigE1/0/54,63760,222455253,237504,928204372,0.49,2.04
2024/05/24 星期五 00:34:55.150,1716482095150,NH-DC-NM129-D06-ROCE-Leaf-8.GPU.S9825,FourHundredGigE1/0/54,0,0,0,0,0,0
2024/05/24 星期五 00:34:55.654,1716482095654,NH-DC-NM129-D06-ROCE-Leaf-8.GPU.S9825,FourHundredGigE1/0/54,138350,505863756,79920,303665632,1.24,0.74
2024/05/24 星期五 00:34:56.459,1716482096459,NH-DC-NM129-D06-ROCE-Leaf-8.GPU.S9825,FourHundredGigE1/0/54,332797,1325538802,299134,1173699204,2.05,1.82
2024/05/24 星期五 00:34:57.047,1716482097047,NH-DC-NM129-D06-ROCE-Leaf-8.GPU.S9825,FourHundredGigE1/0/54,0,0,0,0,0,0
2024/05/24 星期五 00:34:57.606,1716482097606,NH-DC-NM129-D06-ROCE-Leaf-8.GPU.S9825,FourHundredGigE1/0/54,191332,745691136,189412,752452639,1.65,1.68
2024/05/24 星期五 00:34:58.224,1716482098224,NH-DC-NM129-D06-ROCE-Leaf-8.GPU.S9825,FourHundredGigE1/0/54,0,0,0,0,0,0
2024/05/24 星期五 00:34:59.130,1716482099130,NH-DC-NM129-D06-ROCE-Leaf-8.GPU.S9825,FourHundredGigE1/0/54,159442,625399300,97373,316593711,0.86,0.43
2024/05/24 星期五 00:34:59.739,1716482099739,NH-DC-NM129-D06-ROCE-Leaf-8.GPU.S9825,FourHundredGigE1/0/54,126783,425988330,285087,1112088614,0.86,2.28
2024/05/24 星期五 00:35:00.350,1716482100350,NH-DC-NM129-D06-ROCE-Leaf-8.GPU.S9825,FourHundredGigE1/0/54,321322,1184123332,91138,342579373,2.41,0.70
2024/05/24 星期五 00:35:00.853,1716482100853,NH-DC-NM129-D06-ROCE-Leaf-8.GPU.S9825,FourHundredGigE1/0/54,0,0,0,0,0,0
2024/05/24 星期五 00:35:01.478,1716482101478,NH-DC-NM129-D06-ROCE-Leaf-8.GPU.S9825,FourHundredGigE1/0/54,386783,1518363008,139063,504377139,3.02,1
2024/05/24 星期五 00:35:01.986,1716482101986,NH-DC-NM129-D06-ROCE-Leaf-8.GPU.S9825,FourHundredGigE1/0/54,0,0,0,0,0,0
2024/05/24 星期五 00:35:02.489,1716482102489,NH-DC-NM129-D06-ROCE-Leaf-8.GPU.S9825,FourHundredGigE1/0/54,253045,956160852,114504,434897566,2.36,1.07
2024/05/24 星期五 00:35:03.264,1716482103264,NH-DC-NM129-D06-ROCE-Leaf-8.GPU.S9825,FourHundredGigE1/0/54,377771,1496034340,653349,2624006182,2.40,4.23
2024/05/24 星期五 00:35:04.645,1716482104645,NH-DC-NM129-D06-ROCE-Leaf-8.GPU.S9825,FourHundredGigE1/0/54,217926,854704342,1486219,6027273010,0.77,5.45
2024/05/24 星期五 00:35:05.182,1716482105182,NH-DC-NM129-D06-ROCE-Leaf-8.GPU.S9825,FourHundredGigE1/0/54,0,0,0,0,0,0
2024/05/24 星期五 00:35:05.696,1716482105696,NH-DC-NM129-D06-ROCE-Leaf-8.GPU.S9825,FourHundredGigE1/0/54,348763,1376265390,1522746,6179328322,3.33,15.00
2024/05/24 星期五 00:35:06.452,1716482106452,NH-DC-NM129-D06-ROCE-Leaf-8.GPU.S9825,FourHundredGigE1/0/54,138530,474061532,3039842,12324099118,0.78,20.37
2024/05/24 星期五 00:35:07.038,1716482107038,NH-DC-NM129-D06-ROCE-Leaf-8.GPU.S9825,FourHundredGigE1/0/54,0,0,0,0,0,0
2024/05/24 星期五 00:35:07.547,1716482107547,NH-DC-NM129-D06-ROCE-Leaf-8.GPU.S9825,FourHundredGigE1/0/54,649004,2521923770,2436872,9853584168,6.19,24.19
2024/05/24 星期五 00:35:08.127,1716482108127,NH-DC-NM129-D06-ROCE-Leaf-8.GPU.S9825,FourHundredGigE1/0/54,0,0,0,0,0,0
2024/05/24 星期五 00:35:08.628,1716482108628,NH-DC-NM129-D06-ROCE-Leaf-8.GPU.S9825,FourHundredGigE1/0/54,202037,748368136,1124172,4537157616,1.85,11.30
2024/05/24 星期五 00:35:09.160,1716482109160,NH-DC-NM129-D06-ROCE-Leaf-8.GPU.S9825,FourHundredGigE1/0/54,330420,1258263716,196591,647197254,2.94,1.50
2024/05/24 星期五 00:35:09.864,1716482109864,NH-DC-NM129-D06-ROCE-Leaf-8.GPU.S9825,FourHundredGigE1/0/54,0,0,0,0,0,0
2024/05/24 星期五 00:35:10.387,1716482110387,NH-DC-NM129-D06-ROCE-Leaf-8.GPU.S9825,FourHundredGigE1/0/54,518856,2088704458,307742,1234181504,4.97,2.94
2024/05/24 星期五 00:35:11.654,1716482111654,NH-DC-NM129-D06-ROCE-Leaf-8.GPU.S9825,FourHundredGigE1/0/54,225240,820950386,217260,804709469,0.81,0.79
2024/05/24 星期五 00:35:12.157,1716482112157,NH-DC-NM129-D06-ROCE-Leaf-8.GPU.S9825,FourHundredGigE1/0/54,0,0,0,0,0,0
2024/05/24 星期五 00:35:12.659,1716482112659,NH-DC-NM129-D06-ROCE-Leaf-8.GPU.S9825,FourHundredGigE1/0/54,266230,1035317246,206691,798848320,2.56,1.97
2024/05/24 星期五 00:35:13.368,1716482113368,NH-DC-NM129-D06-ROCE-Leaf-8.GPU.S9825,FourHundredGigE1/0/54,322281,1249383104,205410,749521150,2.19,1.30
2024/05/24 星期五 00:35:14.085,1716482114085,NH-DC-NM129-D06-ROCE-Leaf-8.GPU.S9825,FourHundredGigE1/0/54,0,0,0,0,0,0
2024/05/24 星期五 00:35:14.644,1716482114644,NH-DC-NM129-D06-ROCE-Leaf-8.GPU.S9825,FourHundredGigE1/0/54,393177,1513986976,188180,672838229,3.38,1.50
2024/05/24 星期五 00:35:15.153,1716482115153,NH-DC-NM129-D06-ROCE-Leaf-8.GPU.S9825,FourHundredGigE1/0/54,0,0,0,0,0,0
2024/05/24 星期五 00:35:15.654,1716482115654,NH-DC-NM129-D06-ROCE-Leaf-8.GPU.S9825,FourHundredGigE1/0/54,127173,427773048,157739,588183364,1.05,1.45
2024/05/24 星期五 00:35:16.399,1716482116399,NH-DC-NM129-D06-ROCE-Leaf-8.GPU.S9825,FourHundredGigE1/0/54,97674,342419900,84067,291094941,0.57,0.49
2024/05/24 星期五 00:35:16.962,1716482116962,NH-DC-NM129-D06-ROCE-Leaf-8.GPU.S9825,FourHundredGigE1/0/54,0,0,0,0,0,0
2024/05/24 星期五 00:35:17.635,1716482117635,NH-DC-NM129-D06-ROCE-Leaf-8.GPU.S9825,FourHundredGigE1/0/54,157124,607355574,414070,1606436275,1.11,2.97
2024/05/24 星期五 00:35:18.197,1716482118197,NH-DC-NM129-D06-ROCE-Leaf-8.GPU.S9825,FourHundredGigE1/0/54,0,0,0,0,0,0
2024/05/24 星期五 00:35:18.799,1716482118799,NH-DC-NM129-D06-ROCE-Leaf-8.GPU.S9825,FourHundredGigE1/0/54,491632,1983766742,282638,1041677960,4.11,2.16
2024/05/24 星期五 00:35:19.908,1716482119908,NH-DC-NM129-D06-ROCE-Leaf-8.GPU.S9825,FourHundredGigE1/0/54,0,0,0,0,0,0
2024/05/24 星期五 00:35:20.464,1716482120464,NH-DC-NM129-D06-ROCE-Leaf-8.GPU.S9825,FourHundredGigE1/0/54,128318,500755976,104522,392778849,1.12,0.88
2024/05/24 星期五 00:35:21.116,1716482121116,NH-DC-NM129-D06-ROCE-Leaf-8.GPU.S9825,FourHundredGigE1/0/54,0,0,0,0,0,0
2024/05/24 星期五 00:35:21.739,1716482121739,NH-DC-NM129-D06-ROCE-Leaf-8.GPU.S9825,FourHundredGigE1/0/54,174568,663929908,147201,558868037,1.32,1.10
2024/05/24 星期五 00:35:22.263,1716482122263,NH-DC-NM129-D06-ROCE-Leaf-8.GPU.S9825,FourHundredGigE1/0/54,0,0,0,0,0,0
2024/05/24 星期五 00:35:22.774,1716482122774,NH-DC-NM129-D06-ROCE-Leaf-8.GPU.S9825,FourHundredGigE1/0/54,135751,530897958,88363,248592373,1.30,0.59
2024/05/24 星期五 00:35:23.574,1716482123574,NH-DC-NM129-D06-ROCE-Leaf-8.GPU.S9825,FourHundredGigE1/0/54,113764,414717520,103715,357063839,0.64,0.55
2024/05/24 星期五 00:35:24.088,1716482124088,NH-DC-NM129-D06-ROCE-Leaf-8.GPU.S9825,FourHundredGigE1/0/54,0,0,0,0,0,0
2024/05/24 星期五 00:35:24.786,1716482124786,NH-DC-NM129-D06-ROCE-Leaf-8.GPU.S9825,FourHundredGigE1/0/54,135429,532866731,202642,793299788,0.95,1.41
2024/05/24 星期五 00:35:27.234,1716482127234,NH-DC-NM129-D06-ROCE-Leaf-8.GPU.S9825,FourHundredGigE1/0/54,1331709,5158710266,560832,2088612584,2.63,1.06
2024/05/24 星期五 00:35:27.798,1716482127798,NH-DC-NM129-D06-ROCE-Leaf-8.GPU.S9825,FourHundredGigE1/0/54,0,0,0,0,0,0
2024/05/24 星期五 00:35:29.243,1716482129243,NH-DC-NM129-D06-ROCE-Leaf-8.GPU.S9825,FourHundredGigE1/0/54,132415,514291678,128205,353425586,0.44,0.30
2024/05/24 星期五 00:35:29.745,1716482129745,NH-DC-NM129-D06-ROCE-Leaf-8.GPU.S9825,FourHundredGigE1/0/54,307012,1271523656,139359,457763738,3.16,1.12
2024/05/24 星期五 00:35:30.513,1716482130513,NH-DC-NM129-D06-ROCE-Leaf-8.GPU.S9825,FourHundredGigE1/0/54,213583,852425174,186444,709466796,1.38,1.14
2024/05/24 星期五 00:35:31.748,1716482131748,NH-DC-NM129-D06-ROCE-Leaf-8.GPU.S9825,FourHundredGigE1/0/54,274197,1034136782,2294440,9387053844,1.04,9.49
2024/05/24 星期五 00:35:32.294,1716482132294,NH-DC-NM129-D06-ROCE-Leaf-8.GPU.S9825,FourHundredGigE1/0/54,0,0,0,0,0,0
2024/05/24 星期五 00:35:32.805,1716482132805,NH-DC-NM129-D06-ROCE-Leaf-8.GPU.S9825,FourHundredGigE1/0/54,159549,547589786,2065670,8446035844,1.32,20.65
2024/05/24 星期五 00:35:33.471,1716482133471,NH-DC-NM129-D06-ROCE-Leaf-8.GPU.S9825,FourHundredGigE1/0/54,196732,716077582,202943,807614210,1.33,1.50
2024/05/24 星期五 00:35:34.082,1716482134082,NH-DC-NM129-D06-ROCE-Leaf-8.GPU.S9825,FourHundredGigE1/0/54,0,0,0,0,0,0
2024/05/24 星期五 00:35:34.586,1716482134586,NH-DC-NM129-D06-ROCE-Leaf-8.GPU.S9825,FourHundredGigE1/0/54,449205,1782330740,220460,860376046,4.41,2.13
2024/05/24 星期五 00:35:35.373,1716482135373,NH-DC-NM129-D06-ROCE-Leaf-8.GPU.S9825,FourHundredGigE1/0/54,178261,680372762,328529,1303750972,1.08,2.06
2024/05/24 星期五 00:35:35.946,1716482135946,NH-DC-NM129-D06-ROCE-Leaf-8.GPU.S9825,FourHundredGigE1/0/54,0,0,0,0,0,0
2024/05/24 星期五 00:35:36.475,1716482136475,NH-DC-NM129-D06-ROCE-Leaf-8.GPU.S9825,FourHundredGigE1/0/54,145455,494442006,576746,2327006764,1.16,5.48
2024/05/24 星期五 00:35:37.227,1716482137227,NH-DC-NM129-D06-ROCE-Leaf-8.GPU.S9825,FourHundredGigE1/0/54,244041,949856774,154260,541923320,1.56,0.90
2024/05/24 星期五 00:35:38.979,1716482138979,NH-DC-NM129-D06-ROCE-Leaf-8.GPU.S9825,FourHundredGigE1/0/54,390970,1562716064,102790,397872312,1.11,0.28
2024/05/24 星期五 00:35:39.835,1716482139835,NH-DC-NM129-D06-ROCE-Leaf-8.GPU.S9825,FourHundredGigE1/0/54,118264,436302916,429203,1732885786,0.63,2.53
2024/05/24 星期五 00:35:40.914,1716482140914,NH-DC-NM129-D06-ROCE-Leaf-8.GPU.S9825,FourHundredGigE1/0/54,243802,954250813,63623,248387054,1.10,0.28
2024/05/24 星期五 00:35:41.489,1716482141489,NH-DC-NM129-D06-ROCE-Leaf-8.GPU.S9825,FourHundredGigE1/0/54,124148,452235548,175625,700475362,0.98,1.52
2024/05/24 星期五 00:35:42.077,1716482142077,NH-DC-NM129-D06-ROCE-Leaf-8.GPU.S9825,FourHundredGigE1/0/54,0,0,0,0,0,0
2024/05/24 星期五 00:35:42.694,1716482142694,NH-DC-NM129-D06-ROCE-Leaf-8.GPU.S9825,FourHundredGigE1/0/54,121806,433963692,108846,362168708,0.87,0.73
2024/05/24 星期五 00:35:43.195,1716482143195,NH-DC-NM129-D06-ROCE-Leaf-8.GPU.S9825,FourHundredGigE1/0/54,0,0,0,0,0,0
2024/05/24 星期五 00:35:43.727,1716482143727,NH-DC-NM129-D06-ROCE-Leaf-8.GPU.S9825,FourHundredGigE1/0/54,503262,1985894806,517494,2023258084,4.65,4.75
2024/05/24 星期五 00:35:44.396,1716482144396,NH-DC-NM129-D06-ROCE-Leaf-8.GPU.S9825,FourHundredGigE1/0/54,135840,511379184,144356,543499156,0.95,1.01
2024/05/24 星期五 00:35:44.897,1716482144897,NH-DC-NM129-D06-ROCE-Leaf-8.GPU.S9825,FourHundredGigE1/0/54,0,0,0,0,0,0
2024/05/24 星期五 00:35:45.460,1716482145460,NH-DC-NM129-D06-ROCE-Leaf-8.GPU.S9825,FourHundredGigE1/0/54,136300,523298430,105968,375350144,1.15,0.82
2024/05/24 星期五 00:35:46.109,1716482146109,NH-DC-NM129-D06-ROCE-Leaf-8.GPU.S9825,FourHundredGigE1/0/54,0,0,0,0,0,0
2024/05/24 星期五 00:35:46.610,1716482146610,NH-DC-NM129-D06-ROCE-Leaf-8.GPU.S9825,FourHundredGigE1/0/54,230738,848482488,137623,490245378,2.10,1.22
2024/05/24 星期五 00:35:47.335,1716482147335,NH-DC-NM129-D06-ROCE-Leaf-8.GPU.S9825,FourHundredGigE1/0/54,346981,1361490166,463495,1822689934,2.34,3.14
2024/05/24 星期五 00:35:47.965,1716482147965,NH-DC-NM129-D06-ROCE-Leaf-8.GPU.S9825,FourHundredGigE1/0/54,0,0,0,0,0,0
2024/05/24 星期五 00:35:48.466,1716482148466,NH-DC-NM129-D06-ROCE-Leaf-8.GPU.S9825,FourHundredGigE1/0/54,95329,328289886,160667,629628298,0.80,1.55
2024/05/24 星期五 00:35:49.113,1716482149113,NH-DC-NM129-D06-ROCE-Leaf-8.GPU.S9825,FourHundredGigE1/0/54,0,0,0,0,0,0
2024/05/24 星期五 00:35:50.351,1716482150351,NH-DC-NM129-D06-ROCE-Leaf-8.GPU.S9825,FourHundredGigE1/0/54,360277,1339690842,1652558,6640437688,1.34,6.70
2024/05/24 星期五 00:35:51.024,1716482151024,NH-DC-NM129-D06-ROCE-Leaf-8.GPU.S9825,FourHundredGigE1/0/54,0,0,0,0,0,0
2024/05/24 星期五 00:35:51.594,1716482151594,NH-DC-NM129-D06-ROCE-Leaf-8.GPU.S9825,FourHundredGigE1/0/54,232363,837158304,2883216,11761216400,1.82,25.79
2024/05/24 星期五 00:35:52.094,1716482152094,NH-DC-NM129-D06-ROCE-Leaf-8.GPU.S9825,FourHundredGigE1/0/54,0,0,0,0,0,0
2024/05/24 星期五 00:35:52.675,1716482152675,NH-DC-NM129-D06-ROCE-Leaf-8.GPU.S9825,FourHundredGigE1/0/54,283714,932596634,2180424,8790479768,2.00,18.91
2024/05/24 星期五 00:35:53.228,1716482153228,NH-DC-NM129-D06-ROCE-Leaf-8.GPU.S9825,FourHundredGigE1/0/54,341772,1322564748,1734596,6953385900,2.98,15.71
2024/05/24 星期五 00:35:53.884,1716482153884,NH-DC-NM129-D06-ROCE-Leaf-8.GPU.S9825,FourHundredGigE1/0/54,0,0,0,0,0,0
2024/05/24 星期五 00:35:54.533,1716482154533,NH-DC-NM129-D06-ROCE-Leaf-8.GPU.S9825,FourHundredGigE1/0/54,206546,781744741,1712605,6862086422,1.50,13.21
2024/05/24 星期五 00:35:55.115,1716482155115,NH-DC-NM129-D06-ROCE-Leaf-8.GPU.S9825,FourHundredGigE1/0/54,0,0,0,0,0,0
2024/05/24 星期五 00:35:55.753,1716482155753,NH-DC-NM129-D06-ROCE-Leaf-8.GPU.S9825,FourHundredGigE1/0/54,469551,1889694015,1302239,5272477006,3.68,10.33
2024/05/24 星期五 00:35:56.625,1716482156625,NH-DC-NM129-D06-ROCE-Leaf-8.GPU.S9825,FourHundredGigE1/0/54,173078,668255636,224178,838204244,0.95,1.19
2024/05/24 星期五 00:35:57.402,1716482157402,NH-DC-NM129-D06-ROCE-Leaf-8.GPU.S9825,FourHundredGigE1/0/54,119612,431410044,545071,2206164518,0.69,3.54
2024/05/24 星期五 00:35:58.078,1716482158078,NH-DC-NM129-D06-ROCE-Leaf-8.GPU.S9825,FourHundredGigE1/0/54,0,0,0,0,0,0
2024/05/24 星期五 00:35:58.737,1716482158737,NH-DC-NM129-D06-ROCE-Leaf-8.GPU.S9825,FourHundredGigE1/0/54,135938,512137680,103490,359511978,0.97,0.66
2024/05/24 星期五 00:35:59.253,1716482159253,NH-DC-NM129-D06-ROCE-Leaf-8.GPU.S9825,FourHundredGigE1/0/54,118990,380380636,167096,559182074,0.92,1.33
2024/05/24 星期五 00:35:59.873,1716482159873,NH-DC-NM129-D06-ROCE-Leaf-8.GPU.S9825,FourHundredGigE1/0/54,0,0,0,0,0,0
2024/05/24 星期五 00:36:00.678,1716482160678,NH-DC-NM129-D06-ROCE-Leaf-8.GPU.S9825,FourHundredGigE1/0/54,218853,861395150,173166,640619504,1.34,0.99
2024/05/24 星期五 00:36:01.216,1716482161216,NH-DC-NM129-D06-ROCE-Leaf-8.GPU.S9825,FourHundredGigE1/0/54,401025,1563217150,405426,1592808252,3.62,3.69
2024/05/24 星期五 00:36:01.763,1716482161763,NH-DC-NM129-D06-ROCE-Leaf-8.GPU.S9825,FourHundredGigE1/0/54,0,0,0,0,0,0
2024/05/24 星期五 00:36:02.355,1716482162355,NH-DC-NM129-D06-ROCE-Leaf-8.GPU.S9825,FourHundredGigE1/0/54,184424,689429352,181725,653341084,1.44,1.37
2024/05/24 星期五 00:36:02.833,1716482162833,NH-DC-NM129-D06-ROCE-Leaf-8.GPU.S9825,FourHundredGigE1/0/54,0,0,0,0,0,0
2024/05/24 星期五 00:36:03.381,1716482163381,NH-DC-NM129-D06-ROCE-Leaf-8.GPU.S9825,FourHundredGigE1/0/54,296543,1160149492,149422,362095418,2.65,0.82
2024/05/24 星期五 00:36:04.189,1716482164189,NH-DC-NM129-D06-ROCE-Leaf-8.GPU.S9825,FourHundredGigE1/0/54,0,0,0,0,0,0
2024/05/24 星期五 00:36:04.704,1716482164704,NH-DC-NM129-D06-ROCE-Leaf-8.GPU.S9825,FourHundredGigE1/0/54,271502,1094669382,346760,1377977508,2.65,3.33
2024/05/24 星期五 00:36:05.297,1716482165297,NH-DC-NM129-D06-ROCE-Leaf-8.GPU.S9825,FourHundredGigE1/0/54,277860,833318316,279430,1029452560,1.75,2.15
2024/05/24 星期五 00:36:05.823,1716482165823,NH-DC-NM129-D06-ROCE-Leaf-8.GPU.S9825,FourHundredGigE1/0/54,0,0,0,0,0,0
2024/05/24 星期五 00:36:06.322,1716482166322,NH-DC-NM129-D06-ROCE-Leaf-8.GPU.S9825,FourHundredGigE1/0/54,356850,1358835520,146063,541810042,3.38,1.35
2024/05/24 星期五 00:36:07.009,1716482167009,NH-DC-NM129-D06-ROCE-Leaf-8.GPU.S9825,FourHundredGigE1/0/54,506229,1871723644,142480,528460280,3.40,0.95
2024/05/24 星期五 00:36:07.791,1716482167791,NH-DC-NM129-D06-ROCE-Leaf-8.GPU.S9825,FourHundredGigE1/0/54,0,0,0,0,0,0
2024/05/24 星期五 00:36:08.301,1716482168301,NH-DC-NM129-D06-ROCE-Leaf-8.GPU.S9825,FourHundredGigE1/0/54,461640,1709221438,161587,631996710,4.17,1.54
2024/05/24 星期五 00:36:08.849,1716482168849,NH-DC-NM129-D06-ROCE-Leaf-8.GPU.S9825,FourHundredGigE1/0/54,0,0,0,0,0,0
2024/05/24 星期五 00:36:09.353,1716482169353,NH-DC-NM129-D06-ROCE-Leaf-8.GPU.S9825,FourHundredGigE1/0/54,125060,493480096,91915,339022614,1.22,0.82
2024/05/24 星期五 00:36:09.853,1716482169853,NH-DC-NM129-D06-ROCE-Leaf-8.GPU.S9825,FourHundredGigE1/0/54,0,0,0,0,0,0
2024/05/24 星期五 00:36:10.690,1716482170690,NH-DC-NM129-D06-ROCE-Leaf-8.GPU.S9825,FourHundredGigE1/0/54,156593,560860282,407723,1667415466,0.84,2.48
2024/05/24 星期五 00:36:11.384,1716482171384,NH-DC-NM129-D06-ROCE-Leaf-8.GPU.S9825,FourHundredGigE1/0/54,147481,522620226,178437,712742356,0.94,1.28
2024/05/24 星期五 00:36:11.885,1716482171885,NH-DC-NM129-D06-ROCE-Leaf-8.GPU.S9825,FourHundredGigE1/0/54,0,0,0,0,0,0
2024/05/24 星期五 00:36:12.394,1716482172394,NH-DC-NM129-D06-ROCE-Leaf-8.GPU.S9825,FourHundredGigE1/0/54,72847,223984265,202842,662742778,0.54,1.62
2024/05/24 星期五 00:36:12.895,1716482172895,NH-DC-NM129-D06-ROCE-Leaf-8.GPU.S9825,FourHundredGigE1/0/54,0,0,0,0,0,0
2024/05/24 星期五 00:36:13.397,1716482173397,NH-DC-NM129-D06-ROCE-Leaf-8.GPU.S9825,FourHundredGigE1/0/54,80429,288548596,189586,499726752,0.70,1.22
2024/05/24 星期五 00:36:14.355,1716482174355,NH-DC-NM129-D06-ROCE-Leaf-8.GPU.S9825,FourHundredGigE1/0/54,85385,339308598,186901,725402086,0.43,0.94
2024/05/24 星期五 00:36:14.908,1716482174908,NH-DC-NM129-D06-ROCE-Leaf-8.GPU.S9825,FourHundredGigE1/0/54,0,0,0,0,0,0
2024/05/24 星期五 00:36:15.504,1716482175504,NH-DC-NM129-D06-ROCE-Leaf-8.GPU.S9825,FourHundredGigE1/0/54,421168,1653210544,305534,1216282140,3.46,2.54
2024/05/24 星期五 00:36:16.074,1716482176074,NH-DC-NM129-D06-ROCE-Leaf-8.GPU.S9825,FourHundredGigE1/0/54,0,0,0,0,0,0
2024/05/24 星期五 00:36:16.588,1716482176588,NH-DC-NM129-D06-ROCE-Leaf-8.GPU.S9825,FourHundredGigE1/0/54,149231,234367986,71781,238310158,0.56,0.56
2024/05/24 星期五 00:36:17.089,1716482177089,NH-DC-NM129-D06-ROCE-Leaf-8.GPU.S9825,FourHundredGigE1/0/54,161443,369676418,262490,1003496988,0.90,2.50
2024/05/24 星期五 00:36:17.983,1716482177983,NH-DC-NM129-D06-ROCE-Leaf-8.GPU.S9825,FourHundredGigE1/0/54,0,0,0,0,0,0
2024/05/24 星期五 00:36:18.665,1716482178665,NH-DC-NM129-D06-ROCE-Leaf-8.GPU.S9825,FourHundredGigE1/0/54,1121577,4517853854,436147,1699552928,8.27,3.10
2024/05/24 星期五 00:36:19.809,1716482179809,NH-DC-NM129-D06-ROCE-Leaf-8.GPU.S9825,FourHundredGigE1/0/54,0,0,0,0,0,0
2024/05/24 星期五 00:36:20.351,1716482180351,NH-DC-NM129-D06-ROCE-Leaf-8.GPU.S9825,FourHundredGigE1/0/54,78810,267168464,183186,627501245,0.60,1.43
2024/05/24 星期五 00:36:21.100,1716482181100,NH-DC-NM129-D06-ROCE-Leaf-8.GPU.S9825,FourHundredGigE1/0/54,395891,1554946044,244175,960615334,2.59,1.60
2024/05/24 星期五 00:36:21.856,1716482181856,NH-DC-NM129-D06-ROCE-Leaf-8.GPU.S9825,FourHundredGigE1/0/54,0,0,0,0,0,0
2024/05/24 星期五 00:36:22.357,1716482182357,NH-DC-NM129-D06-ROCE-Leaf-8.GPU.S9825,FourHundredGigE1/0/54,421036,1661324722,348539,1397686438,4.14,3.47
2024/05/24 星期五 00:36:22.887,1716482182887,NH-DC-NM129-D06-ROCE-Leaf-8.GPU.S9825,FourHundredGigE1/0/54,0,0,0,0,0,0
2024/05/24 星期五 00:36:23.437,1716482183437,NH-DC-NM129-D06-ROCE-Leaf-8.GPU.S9825,FourHundredGigE1/0/54,97633,377514890,85544,286589996,0.84,0.64
2024/05/24 星期五 00:36:23.938,1716482183938,NH-DC-NM129-D06-ROCE-Leaf-8.GPU.S9825,FourHundredGigE1/0/54,0,0,0,0,0,0
2024/05/24 星期五 00:36:24.995,1716482184995,NH-DC-NM129-D06-ROCE-Leaf-8.GPU.S9825,FourHundredGigE1/0/54,282388,1055923569,168072,539169318,1.24,0.63
2024/05/24 星期五 00:36:25.578,1716482185578,NH-DC-NM129-D06-ROCE-Leaf-8.GPU.S9825,FourHundredGigE1/0/54,240463,915421698,112468,411390152,1.95,0.88
2024/05/24 星期五 00:36:26.107,1716482186107,NH-DC-NM129-D06-ROCE-Leaf-8.GPU.S9825,FourHundredGigE1/0/54,0,0,0,0,0,0
2024/05/24 星期五 00:36:26.607,1716482186607,NH-DC-NM129-D06-ROCE-Leaf-8.GPU.S9825,FourHundredGigE1/0/54,296597,1178909394,269979,1035087422,2.92,2.58
2024/05/24 星期五 00:36:27.126,1716482187126,NH-DC-NM129-D06-ROCE-Leaf-8.GPU.S9825,FourHundredGigE1/0/54,0,0,0,0,0,0
2024/05/24 星期五 00:36:27.627,1716482187627,NH-DC-NM129-D06-ROCE-Leaf-8.GPU.S9825,FourHundredGigE1/0/54,533828,2104282685,191154,674431600,5.24,1.67
2024/05/24 星期五 00:36:28.804,1716482188804,NH-DC-NM129-D06-ROCE-Leaf-8.GPU.S9825,FourHundredGigE1/0/54,150948,558275128,370828,1432781416,0.58,1.52
2024/05/24 星期五 00:36:29.307,1716482189307,NH-DC-NM129-D06-ROCE-Leaf-8.GPU.S9825,FourHundredGigE1/0/54,182155,0,216810,0,0,0
2024/05/24 星期五 00:36:29.810,1716482189810,NH-DC-NM129-D06-ROCE-Leaf-8.GPU.S9825,FourHundredGigE1/0/54,0,727642678,0,859027540,1.79,2.11
2024/05/24 星期五 00:36:30.384,1716482190384,NH-DC-NM129-D06-ROCE-Leaf-8.GPU.S9825,FourHundredGigE1/0/54,252382,850516012,561269,2271796326,1.85,4.94
2024/05/24 星期五 00:36:30.886,1716482190886,NH-DC-NM129-D06-ROCE-Leaf-8.GPU.S9825,FourHundredGigE1/0/54,0,0,0,0,0,0
2024/05/24 星期五 00:36:31.396,1716482191396,NH-DC-NM129-D06-ROCE-Leaf-8.GPU.S9825,FourHundredGigE1/0/54,142404,530291828,187072,722837076,1.30,1.76
2024/05/24 星期五 00:36:32.439,1716482192439,NH-DC-NM129-D06-ROCE-Leaf-8.GPU.S9825,FourHundredGigE1/0/54,232770,899038428,320104,1275291596,1.07,1.52
2024/05/24 星期五 00:36:32.944,1716482192944,NH-DC-NM129-D06-ROCE-Leaf-8.GPU.S9825,FourHundredGigE1/0/54,0,0,0,0,0,0
2024/05/24 星期五 00:36:33.445,1716482193445,NH-DC-NM129-D06-ROCE-Leaf-8.GPU.S9825,FourHundredGigE1/0/54,306515,1200904274,411675,1675171486,2.99,4.17
2024/05/24 星期五 00:36:34.028,1716482194028,NH-DC-NM129-D06-ROCE-Leaf-8.GPU.S9825,FourHundredGigE1/0/54,0,0,0,0,0,0
2024/05/24 星期五 00:36:34.527,1716482194527,NH-DC-NM129-D06-ROCE-Leaf-8.GPU.S9825,FourHundredGigE1/0/54,96274,328515888,131072,505173688,0.80,1.25
2024/05/24 星期五 00:36:35.257,1716482195257,NH-DC-NM129-D06-ROCE-Leaf-8.GPU.S9825,FourHundredGigE1/0/54,172681,667289558,113329,403294942,1.13,0.68
2024/05/24 星期五 00:36:36.124,1716482196124,NH-DC-NM129-D06-ROCE-Leaf-8.GPU.S9825,FourHundredGigE1/0/54,0,0,0,0,0,0
2024/05/24 星期五 00:36:36.625,1716482196625,NH-DC-NM129-D06-ROCE-Leaf-8.GPU.S9825,FourHundredGigE1/0/54,79715,283979522,70731,249509234,0.70,0.60
2024/05/24 星期五 00:36:37.152,1716482197152,NH-DC-NM129-D06-ROCE-Leaf-8.GPU.S9825,FourHundredGigE1/0/54,289560,1106229492,137556,468948328,2.61,1.09
2024/05/24 星期五 00:36:38.083,1716482198083,NH-DC-NM129-D06-ROCE-Leaf-8.GPU.S9825,FourHundredGigE1/0/54,130882,498943836,107557,399767394,0.66,0.52
2024/05/24 星期五 00:36:39.712,1716482199712,NH-DC-NM129-D06-ROCE-Leaf-8.GPU.S9825,FourHundredGigE1/0/54,62504,191600308,72984,211525433,0.15,0.16
2024/05/24 星期五 00:36:40.318,1716482200318,NH-DC-NM129-D06-ROCE-Leaf-8.GPU.S9825,FourHundredGigE1/0/54,347259,1368656598,91817,310404926,2.81,0.64
2024/05/24 星期五 00:36:40.889,1716482200889,NH-DC-NM129-D06-ROCE-Leaf-8.GPU.S9825,FourHundredGigE1/0/54,0,0,0,0,0,0
2024/05/24 星期五 00:36:41.434,1716482201434,NH-DC-NM129-D06-ROCE-Leaf-8.GPU.S9825,FourHundredGigE1/0/54,172165,690085466,295818,1197090052,1.58,2.73
2024/05/24 星期五 00:36:41.933,1716482201933,NH-DC-NM129-D06-ROCE-Leaf-8.GPU.S9825,FourHundredGigE1/0/54,0,0,0,0,0,0
2024/05/24 星期五 00:36:42.698,1716482202698,NH-DC-NM129-D06-ROCE-Leaf-8.GPU.S9825,FourHundredGigE1/0/54,225375,759656302,104600,352936280,1.23,0.57
2024/05/24 星期五 00:36:43.409,1716482203409,NH-DC-NM129-D06-ROCE-Leaf-8.GPU.S9825,FourHundredGigE1/0/54,156351,607492958,97576,355163788,1.05,0.62
2024/05/24 星期五 00:36:43.914,1716482203914,NH-DC-NM129-D06-ROCE-Leaf-8.GPU.S9825,FourHundredGigE1/0/54,0,0,0,0,0,0
2024/05/24 星期五 00:36:44.501,1716482204501,NH-DC-NM129-D06-ROCE-Leaf-8.GPU.S9825,FourHundredGigE1/0/54,542360,2163848400,426993,1752688846,4.60,3.73
2024/05/24 星期五 00:36:45.650,1716482205650,NH-DC-NM129-D06-ROCE-Leaf-8.GPU.S9825,FourHundredGigE1/0/54,415963,1670471058,106879,370347710,1.82,0.40
2024/05/24 星期五 00:36:46.523,1716482206523,NH-DC-NM129-D06-ROCE-Leaf-8.GPU.S9825,FourHundredGigE1/0/54,234704,926770904,237645,891029056,1.32,1.27
2024/05/24 星期五 00:36:47.036,1716482207036,NH-DC-NM129-D06-ROCE-Leaf-8.GPU.S9825,FourHundredGigE1/0/54,0,0,0,0,0,0
2024/05/24 星期五 00:36:47.567,1716482207567,NH-DC-NM129-D06-ROCE-Leaf-8.GPU.S9825,FourHundredGigE1/0/54,147265,573805448,728591,2878649200,1.34,6.76
2024/05/24 星期五 00:36:48.105,1716482208105,NH-DC-NM129-D06-ROCE-Leaf-8.GPU.S9825,FourHundredGigE1/0/54,0,0,0,0,0,0
2024/05/24 星期五 00:36:48.608,1716482208608,NH-DC-NM129-D06-ROCE-Leaf-8.GPU.S9825,FourHundredGigE1/0/54,91106,352725050,285483,869488452,0.87,2.14
2024/05/24 星期五 00:36:49.169,1716482209169,NH-DC-NM129-D06-ROCE-Leaf-8.GPU.S9825,FourHundredGigE1/0/54,0,0,0,0,0,0
2024/05/24 星期五 00:36:49.711,1716482209711,NH-DC-NM129-D06-ROCE-Leaf-8.GPU.S9825,FourHundredGigE1/0/54,120857,430735026,203124,657608270,0.99,1.50
2024/05/24 星期五 00:36:50.438,1716482210438,NH-DC-NM129-D06-ROCE-Leaf-8.GPU.S9825,FourHundredGigE1/0/54,156559,599623830,142863,513005938,1.01,0.88
2024/05/24 星期五 00:36:51.079,1716482211079,NH-DC-NM129-D06-ROCE-Leaf-8.GPU.S9825,FourHundredGigE1/0/54,0,0,0,0,0,0
2024/05/24 星期五 00:36:51.630,1716482211630,NH-DC-NM129-D06-ROCE-Leaf-8.GPU.S9825,FourHundredGigE1/0/54,588069,2328384526,178072,656307132,5.26,1.47
2024/05/24 星期五 00:36:52.133,1716482212133,NH-DC-NM129-D06-ROCE-Leaf-8.GPU.S9825,FourHundredGigE1/0/54,0,0,0,0,0,0
2024/05/24 星期五 00:36:52.701,1716482212701,NH-DC-NM129-D06-ROCE-Leaf-8.GPU.S9825,FourHundredGigE1/0/54,296335,1055283386,136958,525785648,2.31,1.14
2024/05/24 星期五 00:36:53.470,1716482213470,NH-DC-NM129-D06-ROCE-Leaf-8.GPU.S9825,FourHundredGigE1/0/54,127459,454882330,382695,1525622606,0.73,2.47
2024/05/24 星期五 00:36:54.078,1716482214078,NH-DC-NM129-D06-ROCE-Leaf-8.GPU.S9825,FourHundredGigE1/0/54,0,0,0,0,0,0
2024/05/24 星期五 00:36:54.686,1716482214686,NH-DC-NM129-D06-ROCE-Leaf-8.GPU.S9825,FourHundredGigE1/0/54,230083,901505607,413094,1665870132,1.85,3.41
2024/05/24 星期五 00:36:55.186,1716482215186,NH-DC-NM129-D06-ROCE-Leaf-8.GPU.S9825,FourHundredGigE1/0/54,0,0,0,0,0,0
2024/05/24 星期五 00:36:55.685,1716482215685,NH-DC-NM129-D06-ROCE-Leaf-8.GPU.S9825,FourHundredGigE1/0/54,121016,459644681,457312,1845264496,1.13,4.61
2024/05/24 星期五 00:36:56.272,1716482216272,NH-DC-NM129-D06-ROCE-Leaf-8.GPU.S9825,FourHundredGigE1/0/54,298808,1187248168,108774,332171904,2.51,0.70
2024/05/24 星期五 00:36:57.083,1716482217083,NH-DC-NM129-D06-ROCE-Leaf-8.GPU.S9825,FourHundredGigE1/0/54,0,0,0,0,0,0
2024/05/24 星期五 00:36:57.648,1716482217648,NH-DC-NM129-D06-ROCE-Leaf-8.GPU.S9825,FourHundredGigE1/0/54,246273,977676008,159155,560117694,2.15,1.24
2024/05/24 星期五 00:36:58.249,1716482218249,NH-DC-NM129-D06-ROCE-Leaf-8.GPU.S9825,FourHundredGigE1/0/54,206341,759544512,148693,555463578,1.56,1.14
2024/05/24 星期五 00:36:58.765,1716482218765,NH-DC-NM129-D06-ROCE-Leaf-8.GPU.S9825,FourHundredGigE1/0/54,0,0,0,0,0,0
2024/05/24 星期五 00:36:59.328,1716482219328,NH-DC-NM129-D06-ROCE-Leaf-8.GPU.S9825,FourHundredGigE1/0/54,102756,367786272,85982,319411500,0.80,0.69
2024/05/24 星期五 00:36:59.915,1716482219915,NH-DC-NM129-D06-ROCE-Leaf-8.GPU.S9825,FourHundredGigE1/0/54,0,0,0,0,0,0
2024/05/24 星期五 00:37:00.650,1716482220650,NH-DC-NM129-D06-ROCE-Leaf-8.GPU.S9825,FourHundredGigE1/0/54,36226,130288022,51943,55857770,0.22,0.09
2024/05/24 星期五 00:37:01.250,1716482221250,NH-DC-NM129-D06-ROCE-Leaf-8.GPU.S9825,FourHundredGigE1/0/54,26826,122732906,318372,988305856,0.25,2.04
2024/05/24 星期五 00:37:01.780,1716482221780,NH-DC-NM129-D06-ROCE-Leaf-8.GPU.S9825,FourHundredGigE1/0/54,0,0,0,0,0,0
2024/05/24 星期五 00:37:02.283,1716482222283,NH-DC-NM129-D06-ROCE-Leaf-8.GPU.S9825,FourHundredGigE1/0/54,186004,681692088,238318,797196670,1.69,1.96
2024/05/24 星期五 00:37:02.786,1716482222786,NH-DC-NM129-D06-ROCE-Leaf-8.GPU.S9825,FourHundredGigE1/0/54,0,0,0,0,0,0
2024/05/24 星期五 00:37:03.319,1716482223319,NH-DC-NM129-D06-ROCE-Leaf-8.GPU.S9825,FourHundredGigE1/0/54,135366,519804804,222081,852511148,1.20,1.99
2024/05/24 星期五 00:37:04.023,1716482224023,NH-DC-NM129-D06-ROCE-Leaf-8.GPU.S9825,FourHundredGigE1/0/54,0,0,0,0,0,0
2024/05/24 星期五 00:37:04.640,1716482224640,NH-DC-NM129-D06-ROCE-Leaf-8.GPU.S9825,FourHundredGigE1/0/54,379141,1483603330,237061,963074202,3.00,1.94
2024/05/24 星期五 00:37:05.166,1716482225166,NH-DC-NM129-D06-ROCE-Leaf-8.GPU.S9825,FourHundredGigE1/0/54,0,0,0,0,0,0
2024/05/24 星期五 00:37:05.669,1716482225669,NH-DC-NM129-D06-ROCE-Leaf-8.GPU.S9825,FourHundredGigE1/0/54,249325,971149314,92905,341959462,2.41,0.84
2024/05/24 星期五 00:37:06.264,1716482226264,NH-DC-NM129-D06-ROCE-Leaf-8.GPU.S9825,FourHundredGigE1/0/54,42951,137422384,110730,374365948,0.27,0.78
2024/05/24 星期五 00:37:06.835,1716482226835,NH-DC-NM129-D06-ROCE-Leaf-8.GPU.S9825,FourHundredGigE1/0/54,0,0,0,0,0,0
2024/05/24 星期五 00:37:07.567,1716482227567,NH-DC-NM129-D06-ROCE-Leaf-8.GPU.S9825,FourHundredGigE1/0/54,153129,568857600,199853,764700966,0.96,1.30
2024/05/24 星期五 00:37:08.161,1716482228161,NH-DC-NM129-D06-ROCE-Leaf-8.GPU.S9825,FourHundredGigE1/0/54,0,0,0,0,0,0
2024/05/24 星期五 00:37:08.661,1716482228661,NH-DC-NM129-D06-ROCE-Leaf-8.GPU.S9825,FourHundredGigE1/0/54,133662,482825328,112417,433805934,1.2,1.08
2024/05/24 星期五 00:37:09.175,1716482229175,NH-DC-NM129-D06-ROCE-Leaf-8.GPU.S9825,FourHundredGigE1/0/54,0,0,0,0,0,0
2024/05/24 星期五 00:37:09.694,1716482229694,NH-DC-NM129-D06-ROCE-Leaf-8.GPU.S9825,FourHundredGigE1/0/54,779678,3131209048,458309,1816808570,7.54,4.36
2024/05/24 星期五 00:37:10.254,1716482230254,NH-DC-NM129-D06-ROCE-Leaf-8.GPU.S9825,FourHundredGigE1/0/54,202842,772416676,163667,597044278,1.72,1.32
2024/05/24 星期五 00:37:11.779,1716482231779,NH-DC-NM129-D06-ROCE-Leaf-8.GPU.S9825,FourHundredGigE1/0/54,144738,464889716,173405,683221942,0.38,0.56
2024/05/24 星期五 00:37:12.278,1716482232278,NH-DC-NM129-D06-ROCE-Leaf-8.GPU.S9825,FourHundredGigE1/0/54,372311,1434317470,113240,418155496,3.58,1.03
2024/05/24 星期五 00:37:12.830,1716482232830,NH-DC-NM129-D06-ROCE-Leaf-8.GPU.S9825,FourHundredGigE1/0/54,0,0,0,0,0,0
2024/05/24 星期五 00:37:13.333,1716482233333,NH-DC-NM129-D06-ROCE-Leaf-8.GPU.S9825,FourHundredGigE1/0/54,190576,698429864,225555,795030974,1.71,1.96
2024/05/24 星期五 00:37:14.060,1716482234060,NH-DC-NM129-D06-ROCE-Leaf-8.GPU.S9825,FourHundredGigE1/0/54,0,0,0,0,0,0
2024/05/24 星期五 00:37:14.965,1716482234965,NH-DC-NM129-D06-ROCE-Leaf-8.GPU.S9825,FourHundredGigE1/0/54,127480,449922372,137314,509691292,0.61,0.69
2024/05/24 星期五 00:37:15.943,1716482235943,NH-DC-NM129-D06-ROCE-Leaf-8.GPU.S9825,FourHundredGigE1/0/54,240493,903246790,119844,442284620,1.15,0.56
2024/05/24 星期五 00:37:16.446,1716482236446,NH-DC-NM129-D06-ROCE-Leaf-8.GPU.S9825,FourHundredGigE1/0/54,290097,1077059642,186151,700240846,2.66,1.74
2024/05/24 星期五 00:37:16.960,1716482236960,NH-DC-NM129-D06-ROCE-Leaf-8.GPU.S9825,FourHundredGigE1/0/54,0,0,0,0,0,0
2024/05/24 星期五 00:37:17.474,1716482237474,NH-DC-NM129-D06-ROCE-Leaf-8.GPU.S9825,FourHundredGigE1/0/54,334327,1301924754,330890,1297486434,3.16,3.14
2024/05/24 星期五 00:37:18.195,1716482238195,NH-DC-NM129-D06-ROCE-Leaf-8.GPU.S9825,FourHundredGigE1/0/54,331884,1304709548,253908,968889938,2.25,1.66
2024/05/24 星期五 00:37:19.090,1716482239090,NH-DC-NM129-D06-ROCE-Leaf-8.GPU.S9825,FourHundredGigE1/0/54,247067,911700706,214742,841306964,1.27,1.17
2024/05/24 星期五 00:37:19.925,1716482239925,NH-DC-NM129-D06-ROCE-Leaf-8.GPU.S9825,FourHundredGigE1/0/54,0,0,0,0,0,0
2024/05/24 星期五 00:37:20.601,1716482240601,NH-DC-NM129-D06-ROCE-Leaf-8.GPU.S9825,FourHundredGigE1/0/54,401282,1575323604,582120,2337939512,2.90,4.31
2024/05/24 星期五 00:37:21.190,1716482241190,NH-DC-NM129-D06-ROCE-Leaf-8.GPU.S9825,FourHundredGigE1/0/54,314493,1245928090,408997,1616414250,2.63,3.42
2024/05/24 星期五 00:37:21.882,1716482241882,NH-DC-NM129-D06-ROCE-Leaf-8.GPU.S9825,FourHundredGigE1/0/54,0,0,0,0,0,0
2024/05/24 星期五 00:37:22.412,1716482242412,NH-DC-NM129-D06-ROCE-Leaf-8.GPU.S9825,FourHundredGigE1/0/54,213224,853907732,235771,870392542,2.00,2.05
2024/05/24 星期五 00:37:22.974,1716482242974,NH-DC-NM129-D06-ROCE-Leaf-8.GPU.S9825,FourHundredGigE1/0/54,0,0,0,0,0,0
2024/05/24 星期五 00:37:23.515,1716482243515,NH-DC-NM129-D06-ROCE-Leaf-8.GPU.S9825,FourHundredGigE1/0/54,179843,675695488,326937,1294005385,1.55,2.98
2024/05/24 星期五 00:37:24.143,1716482244143,NH-DC-NM129-D06-ROCE-Leaf-8.GPU.S9825,FourHundredGigE1/0/54,0,0,0,0,0,0
2024/05/24 星期五 00:37:25.283,1716482245283,NH-DC-NM129-D06-ROCE-Leaf-8.GPU.S9825,FourHundredGigE1/0/54,153187,589964781,88825,313018944,0.64,0.34
2024/05/24 星期五 00:37:25.782,1716482245782,NH-DC-NM129-D06-ROCE-Leaf-8.GPU.S9825,FourHundredGigE1/0/54,209836,807062292,138229,531910498,2.00,1.33
2024/05/24 星期五 00:37:26.329,1716482246329,NH-DC-NM129-D06-ROCE-Leaf-8.GPU.S9825,FourHundredGigE1/0/54,168191,661189218,117741,371495434,1.51,0.85
2024/05/24 星期五 00:37:26.836,1716482246836,NH-DC-NM129-D06-ROCE-Leaf-8.GPU.S9825,FourHundredGigE1/0/54,0,0,0,0,0,0
2024/05/24 星期五 00:37:27.381,1716482247381,NH-DC-NM129-D06-ROCE-Leaf-8.GPU.S9825,FourHundredGigE1/0/54,374294,1472065892,217481,866593450,3.37,1.97
2024/05/24 星期五 00:37:27.947,1716482247947,NH-DC-NM129-D06-ROCE-Leaf-8.GPU.S9825,FourHundredGigE1/0/54,0,0,0,0,0,0
2024/05/24 星期五 00:37:28.748,1716482248748,NH-DC-NM129-D06-ROCE-Leaf-8.GPU.S9825,FourHundredGigE1/0/54,69859,216783410,118520,444734920,0.33,0.69
2024/05/24 星期五 00:37:29.252,1716482249252,NH-DC-NM129-D06-ROCE-Leaf-8.GPU.S9825,FourHundredGigE1/0/54,0,0,0,0,0,0
2024/05/24 星期五 00:37:29.767,1716482249767,NH-DC-NM129-D06-ROCE-Leaf-8.GPU.S9825,FourHundredGigE1/0/54,222132,881713516,133998,506225012,2.14,1.21
2024/05/24 星期五 00:37:30.391,1716482250391,NH-DC-NM129-D06-ROCE-Leaf-8.GPU.S9825,FourHundredGigE1/0/54,131132,498752937,101289,355669566,0.98,0.70
2024/05/24 星期五 00:37:30.996,1716482250996,NH-DC-NM129-D06-ROCE-Leaf-8.GPU.S9825,FourHundredGigE1/0/54,0,0,0,0,0,0
2024/05/24 星期五 00:37:31.637,1716482251637,NH-DC-NM129-D06-ROCE-Leaf-8.GPU.S9825,FourHundredGigE1/0/54,201769,791346438,347397,1396069326,1.54,2.71
2024/05/24 星期五 00:37:32.257,1716482252257,NH-DC-NM129-D06-ROCE-Leaf-8.GPU.S9825,FourHundredGigE1/0/54,164963,454737964,74893,278229570,0.91,0.54
2024/05/24 星期五 00:37:32.817,1716482252817,NH-DC-NM129-D06-ROCE-Leaf-8.GPU.S9825,FourHundredGigE1/0/54,0,0,0,0,0,0
2024/05/24 星期五 00:37:33.320,1716482253320,NH-DC-NM129-D06-ROCE-Leaf-8.GPU.S9825,FourHundredGigE1/0/54,234015,694331960,125319,461533250,1.71,1.14
2024/05/24 星期五 00:37:33.930,1716482253930,NH-DC-NM129-D06-ROCE-Leaf-8.GPU.S9825,FourHundredGigE1/0/54,0,0,0,0,0,0
2024/05/24 星期五 00:37:34.528,1716482254528,NH-DC-NM129-D06-ROCE-Leaf-8.GPU.S9825,FourHundredGigE1/0/54,209476,732910552,393077,1582285966,1.53,3.30
2024/05/24 星期五 00:37:35.087,1716482255087,NH-DC-NM129-D06-ROCE-Leaf-8.GPU.S9825,FourHundredGigE1/0/54,0,0,0,0,0,0
2024/05/24 星期五 00:37:35.684,1716482255684,NH-DC-NM129-D06-ROCE-Leaf-8.GPU.S9825,FourHundredGigE1/0/54,138254,429803700,241031,787925234,0.88,1.63
2024/05/24 星期五 00:37:36.287,1716482256287,NH-DC-NM129-D06-ROCE-Leaf-8.GPU.S9825,FourHundredGigE1/0/54,242720,913739354,133447,441672706,1.89,0.91
2024/05/24 星期五 00:37:36.814,1716482256814,NH-DC-NM129-D06-ROCE-Leaf-8.GPU.S9825,FourHundredGigE1/0/54,0,0,0,0,0,0
2024/05/24 星期五 00:37:37.369,1716482257369,NH-DC-NM129-D06-ROCE-Leaf-8.GPU.S9825,FourHundredGigE1/0/54,780172,3071646188,539944,2248265238,6.91,5.05
2024/05/24 星期五 00:37:39.404,1716482259404,NH-DC-NM129-D06-ROCE-Leaf-8.GPU.S9825,FourHundredGigE1/0/54,479713,1890465108,111236,431540082,1.16,0.26
2024/05/24 星期五 00:37:40.040,1716482260040,NH-DC-NM129-D06-ROCE-Leaf-8.GPU.S9825,FourHundredGigE1/0/54,0,0,0,0,0,0
2024/05/24 星期五 00:37:40.725,1716482260725,NH-DC-NM129-D06-ROCE-Leaf-8.GPU.S9825,FourHundredGigE1/0/54,292556,1139818634,280096,1118392776,2.06,2.03
2024/05/24 星期五 00:37:41.323,1716482261323,NH-DC-NM129-D06-ROCE-Leaf-8.GPU.S9825,FourHundredGigE1/0/54,231850,825700966,153656,574844796,1.71,1.19
2024/05/24 星期五 00:37:42.343,1716482262343,NH-DC-NM129-D06-ROCE-Leaf-8.GPU.S9825,FourHundredGigE1/0/54,396565,1565960186,179336,611420768,1.91,0.75
2024/05/24 星期五 00:37:42.846,1716482262846,NH-DC-NM129-D06-ROCE-Leaf-8.GPU.S9825,FourHundredGigE1/0/54,0,0,0,0,0,0
2024/05/24 星期五 00:37:43.424,1716482263424,NH-DC-NM129-D06-ROCE-Leaf-8.GPU.S9825,FourHundredGigE1/0/54,361244,1393598664,140780,508185952,3.01,1.08
2024/05/24 星期五 00:37:45.360,1716482265360,NH-DC-NM129-D06-ROCE-Leaf-8.GPU.S9825,FourHundredGigE1/0/54,465268,1765929412,253345,946483770,1.14,0.61
2024/05/24 星期五 00:37:45.865,1716482265865,NH-DC-NM129-D06-ROCE-Leaf-8.GPU.S9825,FourHundredGigE1/0/54,0,0,0,0,0,0
2024/05/24 星期五 00:37:46.434,1716482266434,NH-DC-NM129-D06-ROCE-Leaf-8.GPU.S9825,FourHundredGigE1/0/54,190986,731380560,93397,314090238,1.60,0.68
2024/05/24 星期五 00:37:46.937,1716482266937,NH-DC-NM129-D06-ROCE-Leaf-8.GPU.S9825,FourHundredGigE1/0/54,0,0,0,0,0,0
2024/05/24 星期五 00:37:47.440,1716482267440,NH-DC-NM129-D06-ROCE-Leaf-8.GPU.S9825,FourHundredGigE1/0/54,631473,2539837698,282979,1100075570,6.29,2.73
2024/05/24 星期五 00:37:49.357,1716482269357,NH-DC-NM129-D06-ROCE-Leaf-8.GPU.S9825,FourHundredGigE1/0/54,760650,3060863436,421682,1612955788,2.00,1.05
2024/05/24 星期五 00:37:49.894,1716482269894,NH-DC-NM129-D06-ROCE-Leaf-8.GPU.S9825,FourHundredGigE1/0/54,0,0,0,0,0,0
2024/05/24 星期五 00:37:50.404,1716482270404,NH-DC-NM129-D06-ROCE-Leaf-8.GPU.S9825,FourHundredGigE1/0/54,57083,191769656,87332,278508132,0.47,0.66
2024/05/24 星期五 00:37:51.073,1716482271073,NH-DC-NM129-D06-ROCE-Leaf-8.GPU.S9825,FourHundredGigE1/0/54,0,0,0,0,0,0
2024/05/24 星期五 00:37:51.659,1716482271659,NH-DC-NM129-D06-ROCE-Leaf-8.GPU.S9825,FourHundredGigE1/0/54,337756,1313198550,136218,537954248,2.79,1.13
2024/05/24 星期五 00:37:52.205,1716482272205,NH-DC-NM129-D06-ROCE-Leaf-8.GPU.S9825,FourHundredGigE1/0/54,73936,0,0,0,0,0
2024/05/24 星期五 00:37:52.757,1716482272757,NH-DC-NM129-D06-ROCE-Leaf-8.GPU.S9825,FourHundredGigE1/0/54,0,276950828,133739,464456695,0.61,1.04
2024/05/24 星期五 00:37:53.265,1716482273265,NH-DC-NM129-D06-ROCE-Leaf-8.GPU.S9825,FourHundredGigE1/0/54,0,0,0,0,0,0
2024/05/24 星期五 00:37:53.772,1716482273772,NH-DC-NM129-D06-ROCE-Leaf-8.GPU.S9825,FourHundredGigE1/0/54,193885,764584600,234542,881199722,1.87,2.17
2024/05/24 星期五 00:37:54.506,1716482274506,NH-DC-NM129-D06-ROCE-Leaf-8.GPU.S9825,FourHundredGigE1/0/54,97194,322753079,276326,1079404150,0.54,1.82
2024/05/24 星期五 00:37:55.034,1716482275034,NH-DC-NM129-D06-ROCE-Leaf-8.GPU.S9825,FourHundredGigE1/0/54,0,0,0,0,0,0
2024/05/24 星期五 00:37:55.535,1716482275535,NH-DC-NM129-D06-ROCE-Leaf-8.GPU.S9825,FourHundredGigE1/0/54,122912,396442422,259561,1013934290,0.97,2.52
2024/05/24 星期五 00:37:56.119,1716482276119,NH-DC-NM129-D06-ROCE-Leaf-8.GPU.S9825,FourHundredGigE1/0/54,0,0,0,0,0,0
2024/05/24 星期五 00:37:56.680,1716482276680,NH-DC-NM129-D06-ROCE-Leaf-8.GPU.S9825,FourHundredGigE1/0/54,191110,614942830,323844,1251471840,1.36,2.79
2024/05/24 星期五 00:37:57.190,1716482277190,NH-DC-NM129-D06-ROCE-Leaf-8.GPU.S9825,FourHundredGigE1/0/54,133384,486114288,93232,317973360,1.18,0.76
2024/05/24 星期五 00:37:57.824,1716482277824,NH-DC-NM129-D06-ROCE-Leaf-8.GPU.S9825,FourHundredGigE1/0/54,0,0,0,0,0,0
2024/05/24 星期五 00:37:58.574,1716482278574,NH-DC-NM129-D06-ROCE-Leaf-8.GPU.S9825,FourHundredGigE1/0/54,197188,742277900,200183,753789894,1.23,1.25
2024/05/24 星期五 00:37:59.177,1716482279177,NH-DC-NM129-D06-ROCE-Leaf-8.GPU.S9825,FourHundredGigE1/0/54,0,0,0,0,0,0
2024/05/24 星期五 00:37:59.736,1716482279736,NH-DC-NM129-D06-ROCE-Leaf-8.GPU.S9825,FourHundredGigE1/0/54,299738,1185170936,304471,1187738738,2.64,2.64
2024/05/24 星期五 00:38:00.357,1716482280357,NH-DC-NM129-D06-ROCE-Leaf-8.GPU.S9825,FourHundredGigE1/0/54,277220,1110610868,158635,600098722,2.23,1.21
2024/05/24 星期五 00:38:01.016,1716482281016,NH-DC-NM129-D06-ROCE-Leaf-8.GPU.S9825,FourHundredGigE1/0/54,0,0,0,0,0,0
2024/05/24 星期五 00:38:01.644,1716482281644,NH-DC-NM129-D06-ROCE-Leaf-8.GPU.S9825,FourHundredGigE1/0/54,244881,903632586,170737,604425774,1.79,1.19
2024/05/24 星期五 00:38:02.397,1716482282397,NH-DC-NM129-D06-ROCE-Leaf-8.GPU.S9825,FourHundredGigE1/0/54,365541,1385869706,62581,198889858,2.29,0.32
2024/05/24 星期五 00:38:02.911,1716482282911,NH-DC-NM129-D06-ROCE-Leaf-8.GPU.S9825,FourHundredGigE1/0/54,0,0,0,0,0,0
2024/05/24 星期五 00:38:03.457,1716482283457,NH-DC-NM129-D06-ROCE-Leaf-8.GPU.S9825,FourHundredGigE1/0/54,206243,727061438,344290,1329117468,1.65,3.02
2024/05/24 星期五 00:38:04.199,1716482284199,NH-DC-NM129-D06-ROCE-Leaf-8.GPU.S9825,FourHundredGigE1/0/54,0,0,0,0,0,0
2024/05/24 星期五 00:38:04.750,1716482284750,NH-DC-NM129-D06-ROCE-Leaf-8.GPU.S9825,FourHundredGigE1/0/54,135378,490913704,204068,782201192,1.11,1.77
2024/05/24 星期五 00:38:05.367,1716482285367,NH-DC-NM129-D06-ROCE-Leaf-8.GPU.S9825,FourHundredGigE1/0/54,153545,626451978,152334,531482360,1.26,1.07
2024/05/24 星期五 00:38:06.071,1716482286071,NH-DC-NM129-D06-ROCE-Leaf-8.GPU.S9825,FourHundredGigE1/0/54,0,0,0,0,0,0
2024/05/24 星期五 00:38:06.572,1716482286572,NH-DC-NM129-D06-ROCE-Leaf-8.GPU.S9825,FourHundredGigE1/0/54,254754,990357696,181405,688994222,2.47,1.70
2024/05/24 星期五 00:38:07.170,1716482287170,NH-DC-NM129-D06-ROCE-Leaf-8.GPU.S9825,FourHundredGigE1/0/54,136620,486563580,192360,693606372,1.00,1.44
2024/05/24 星期五 00:38:07.793,1716482287793,NH-DC-NM129-D06-ROCE-Leaf-8.GPU.S9825,FourHundredGigE1/0/54,0,0,0,0,0,0
2024/05/24 星期五 00:38:08.294,1716482288294,NH-DC-NM129-D06-ROCE-Leaf-8.GPU.S9825,FourHundredGigE1/0/54,185030,624358640,121956,456137176,1.55,1.12
2024/05/24 星期五 00:38:08.836,1716482288836,NH-DC-NM129-D06-ROCE-Leaf-8.GPU.S9825,FourHundredGigE1/0/54,0,0,0,0,0,0
2024/05/24 星期五 00:38:09.463,1716482289463,NH-DC-NM129-D06-ROCE-Leaf-8.GPU.S9825,FourHundredGigE1/0/54,304902,1038171960,220600,856758264,2.05,1.69
2024/05/24 星期五 00:38:09.967,1716482289967,NH-DC-NM129-D06-ROCE-Leaf-8.GPU.S9825,FourHundredGigE1/0/54,0,0,0,0,0,0
2024/05/24 星期五 00:38:10.477,1716482290477,NH-DC-NM129-D06-ROCE-Leaf-8.GPU.S9825,FourHundredGigE1/0/54,355104,1388490996,624780,2524966860,3.38,6.18
2024/05/24 星期五 00:38:11.139,1716482291139,NH-DC-NM129-D06-ROCE-Leaf-8.GPU.S9825,FourHundredGigE1/0/54,0,0,0,0,0,0
2024/05/24 星期五 00:38:11.662,1716482291662,NH-DC-NM129-D06-ROCE-Leaf-8.GPU.S9825,FourHundredGigE1/0/54,62060,219769176,122946,479109684,0.50,1.12
2024/05/24 星期五 00:38:12.237,1716482292237,NH-DC-NM129-D06-ROCE-Leaf-8.GPU.S9825,FourHundredGigE1/0/54,204244,747835954,229271,777506714,1.61,1.67
2024/05/24 星期五 00:38:12.813,1716482292813,NH-DC-NM129-D06-ROCE-Leaf-8.GPU.S9825,FourHundredGigE1/0/54,0,0,0,0,0,0
2024/05/24 星期五 00:38:13.325,1716482293325,NH-DC-NM129-D06-ROCE-Leaf-8.GPU.S9825,FourHundredGigE1/0/54,234481,945452385,230423,880747550,2.29,2.15
2024/05/24 星期五 00:38:13.868,1716482293868,NH-DC-NM129-D06-ROCE-Leaf-8.GPU.S9825,FourHundredGigE1/0/54,0,0,0,0,0,0
2024/05/24 星期五 00:38:14.501,1716482294501,NH-DC-NM129-D06-ROCE-Leaf-8.GPU.S9825,FourHundredGigE1/0/54,186073,748984862,74900,260986304,1.46,0.51
2024/05/24 星期五 00:38:15.078,1716482295078,NH-DC-NM129-D06-ROCE-Leaf-8.GPU.S9825,FourHundredGigE1/0/54,0,0,0,0,0,0
2024/05/24 星期五 00:38:15.642,1716482295642,NH-DC-NM129-D06-ROCE-Leaf-8.GPU.S9825,FourHundredGigE1/0/54,188707,751000658,116132,436812880,1.66,0.95
2024/05/24 星期五 00:38:16.195,1716482296195,NH-DC-NM129-D06-ROCE-Leaf-8.GPU.S9825,FourHundredGigE1/0/54,0,0,0,0,0,0
2024/05/24 星期五 00:38:16.730,1716482296730,NH-DC-NM129-D06-ROCE-Leaf-8.GPU.S9825,FourHundredGigE1/0/54,231882,855937404,661673,2503093504,1.99,5.84
2024/05/24 星期五 00:38:17.261,1716482297261,NH-DC-NM129-D06-ROCE-Leaf-8.GPU.S9825,FourHundredGigE1/0/54,334657,1244315208,66518,243237128,2.92,0.56
2024/05/24 星期五 00:38:17.778,1716482297778,NH-DC-NM129-D06-ROCE-Leaf-8.GPU.S9825,FourHundredGigE1/0/54,0,0,0,0,0,0
2024/05/24 星期五 00:38:18.455,1716482298455,NH-DC-NM129-D06-ROCE-Leaf-8.GPU.S9825,FourHundredGigE1/0/54,183081,736906608,138110,542662712,1.35,1.00
2024/05/24 星期五 00:38:19.588,1716482299588,NH-DC-NM129-D06-ROCE-Leaf-8.GPU.S9825,FourHundredGigE1/0/54,173003,649037314,276462,1111320876,0.71,1.22
2024/05/24 星期五 00:38:20.222,1716482300222,NH-DC-NM129-D06-ROCE-Leaf-8.GPU.S9825,FourHundredGigE1/0/54,158698,602647792,145465,561987514,1.18,1.10
2024/05/24 星期五 00:38:20.771,1716482300771,NH-DC-NM129-D06-ROCE-Leaf-8.GPU.S9825,FourHundredGigE1/0/54,0,0,0,0,0,0
2024/05/24 星期五 00:38:21.462,1716482301462,NH-DC-NM129-D06-ROCE-Leaf-8.GPU.S9825,FourHundredGigE1/0/54,348312,1404611598,175270,642130324,2.53,1.16
2024/05/24 星期五 00:38:22.057,1716482302057,NH-DC-NM129-D06-ROCE-Leaf-8.GPU.S9825,FourHundredGigE1/0/54,0,0,0,0,0,0
2024/05/24 星期五 00:38:22.557,1716482302557,NH-DC-NM129-D06-ROCE-Leaf-8.GPU.S9825,FourHundredGigE1/0/54,163549,658512640,98756,312708580,1.62,0.78
2024/05/24 星期五 00:38:23.188,1716482303188,NH-DC-NM129-D06-ROCE-Leaf-8.GPU.S9825,FourHundredGigE1/0/54,282913,1122098264,119019,354665026,2.22,0.69
2024/05/24 星期五 00:38:23.797,1716482303797,NH-DC-NM129-D06-ROCE-Leaf-8.GPU.S9825,FourHundredGigE1/0/54,0,0,0,0,0,0
2024/05/24 星期五 00:38:24.362,1716482304362,NH-DC-NM129-D06-ROCE-Leaf-8.GPU.S9825,FourHundredGigE1/0/54,218902,803624643,186508,411065568,1.77,0.91
2024/05/24 星期五 00:38:24.989,1716482304989,NH-DC-NM129-D06-ROCE-Leaf-8.GPU.S9825,FourHundredGigE1/0/54,0,0,0,0,0,0
2024/05/24 星期五 00:38:25.630,1716482305630,NH-DC-NM129-D06-ROCE-Leaf-8.GPU.S9825,FourHundredGigE1/0/54,98180,331866920,459783,1514301920,0.64,2.94
2024/05/24 星期五 00:38:26.514,1716482306514,NH-DC-NM129-D06-ROCE-Leaf-8.GPU.S9825,FourHundredGigE1/0/54,521878,2097065016,120550,347592770,2.96,0.48
2024/05/24 星期五 00:38:27.115,1716482307115,NH-DC-NM129-D06-ROCE-Leaf-8.GPU.S9825,FourHundredGigE1/0/54,0,0,0,0,0,0
2024/05/24 星期五 00:38:27.617,1716482307617,NH-DC-NM129-D06-ROCE-Leaf-8.GPU.S9825,FourHundredGigE1/0/54,89741,296226910,72522,279083204,0.72,0.67
2024/05/24 星期五 00:38:28.309,1716482308309,NH-DC-NM129-D06-ROCE-Leaf-8.GPU.S9825,FourHundredGigE1/0/54,243796,972341324,290270,1120566224,1.75,2.02
2024/05/24 星期五 00:38:29.047,1716482309047,NH-DC-NM129-D06-ROCE-Leaf-8.GPU.S9825,FourHundredGigE1/0/54,0,0,0,0,0,0
2024/05/24 星期五 00:38:29.549,1716482309549,NH-DC-NM129-D06-ROCE-Leaf-8.GPU.S9825,FourHundredGigE1/0/54,101475,390923694,718305,2928013418,0.97,7.27
2024/05/24 星期五 00:38:30.237,1716482310237,NH-DC-NM129-D06-ROCE-Leaf-8.GPU.S9825,FourHundredGigE1/0/54,57623,222844366,31548,103395436,0.40,0.18
2024/05/24 星期五 00:38:30.778,1716482310778,NH-DC-NM129-D06-ROCE-Leaf-8.GPU.S9825,FourHundredGigE1/0/54,0,0,0,0,0,0
2024/05/24 星期五 00:38:31.305,1716482311305,NH-DC-NM129-D06-ROCE-Leaf-8.GPU.S9825,FourHundredGigE1/0/54,45823,158953326,32851,113086688,0.36,0.26
2024/05/24 星期五 00:38:32.055,1716482312055,NH-DC-NM129-D06-ROCE-Leaf-8.GPU.S9825,FourHundredGigE1/0/54,0,0,0,0,0,0
2024/05/24 星期五 00:38:32.595,1716482312595,NH-DC-NM129-D06-ROCE-Leaf-8.GPU.S9825,FourHundredGigE1/0/54,193758,772643332,231204,872149064,1.78,2.01
2024/05/24 星期五 00:38:33.097,1716482313097,NH-DC-NM129-D06-ROCE-Leaf-8.GPU.S9825,FourHundredGigE1/0/54,0,0,0,0,0,0
2024/05/24 星期五 00:38:33.775,1716482313775,NH-DC-NM129-D06-ROCE-Leaf-8.GPU.S9825,FourHundredGigE1/0/54,169318,648055408,180539,687983484,1.18,1.25
2024/05/24 星期五 00:38:34.425,1716482314425,NH-DC-NM129-D06-ROCE-Leaf-8.GPU.S9825,FourHundredGigE1/0/54,223990,824525418,252668,993957462,1.58,1.90
2024/05/24 星期五 00:38:35.002,1716482315002,NH-DC-NM129-D06-ROCE-Leaf-8.GPU.S9825,FourHundredGigE1/0/54,0,0,0,0,0,0
2024/05/24 星期五 00:38:35.688,1716482315688,NH-DC-NM129-D06-ROCE-Leaf-8.GPU.S9825,FourHundredGigE1/0/54,384398,1569968150,532313,2131524678,2.84,3.88
2024/05/24 星期五 00:38:36.189,1716482316189,NH-DC-NM129-D06-ROCE-Leaf-8.GPU.S9825,FourHundredGigE1/0/54,0,0,0,0,0,0
2024/05/24 星期五 00:38:36.691,1716482316691,NH-DC-NM129-D06-ROCE-Leaf-8.GPU.S9825,FourHundredGigE1/0/54,276570,1090854192,229847,838102522,2.71,2.07
2024/05/24 星期五 00:38:37.351,1716482317351,NH-DC-NM129-D06-ROCE-Leaf-8.GPU.S9825,FourHundredGigE1/0/54,405499,1579572522,393201,1403928542,2.97,2.65
2024/05/24 星期五 00:38:39.501,1716482319501,NH-DC-NM129-D06-ROCE-Leaf-8.GPU.S9825,FourHundredGigE1/0/54,442549,1732915618,102076,388405496,1.01,0.22
2024/05/24 星期五 00:38:40.060,1716482320060,NH-DC-NM129-D06-ROCE-Leaf-8.GPU.S9825,FourHundredGigE1/0/54,135903,510984050,128548,461540600,1.14,1.03
2024/05/24 星期五 00:38:40.755,1716482320755,NH-DC-NM129-D06-ROCE-Leaf-8.GPU.S9825,FourHundredGigE1/0/54,0,0,0,0,0,0
2024/05/24 星期五 00:38:41.426,1716482321426,NH-DC-NM129-D06-ROCE-Leaf-8.GPU.S9825,FourHundredGigE1/0/54,105011,392277024,193408,758342616,0.73,1.40
2024/05/24 星期五 00:38:41.929,1716482321929,NH-DC-NM129-D06-ROCE-Leaf-8.GPU.S9825,FourHundredGigE1/0/54,0,0,0,0,0,0
2024/05/24 星期五 00:38:43.118,1716482323118,NH-DC-NM129-D06-ROCE-Leaf-8.GPU.S9825,FourHundredGigE1/0/54,237649,944877236,228763,898362358,0.99,0.94
2024/05/24 星期五 00:38:43.621,1716482323621,NH-DC-NM129-D06-ROCE-Leaf-8.GPU.S9825,FourHundredGigE1/0/54,237673,935667602,139645,537976266,2.31,1.32
2024/05/24 星期五 00:38:44.343,1716482324343,NH-DC-NM129-D06-ROCE-Leaf-8.GPU.S9825,FourHundredGigE1/0/54,213627,830870006,197924,775773028,1.44,1.33
2024/05/24 星期五 00:38:44.915,1716482324915,NH-DC-NM129-D06-ROCE-Leaf-8.GPU.S9825,FourHundredGigE1/0/54,0,0,0,0,0,0
2024/05/24 星期五 00:38:45.423,1716482325423,NH-DC-NM129-D06-ROCE-Leaf-8.GPU.S9825,FourHundredGigE1/0/54,75440,297350476,85622,313581440,0.71,0.76
2024/05/24 星期五 00:38:46.193,1716482326193,NH-DC-NM129-D06-ROCE-Leaf-8.GPU.S9825,FourHundredGigE1/0/54,361719,1437891634,159584,596883132,2.32,0.96
2024/05/24 星期五 00:38:47.603,1716482327603,NH-DC-NM129-D06-ROCE-Leaf-8.GPU.S9825,FourHundredGigE1/0/54,98966,366352594,60978,225259460,0.32,0.20
2024/05/24 星期五 00:38:48.261,1716482328261,NH-DC-NM129-D06-ROCE-Leaf-8.GPU.S9825,FourHundredGigE1/0/54,0,0,0,0,0,0
2024/05/24 星期五 00:38:48.762,1716482328762,NH-DC-NM129-D06-ROCE-Leaf-8.GPU.S9825,FourHundredGigE1/0/54,311466,1265050090,95368,316893288,3.14,0.77
2024/05/24 星期五 00:38:49.264,1716482329264,NH-DC-NM129-D06-ROCE-Leaf-8.GPU.S9825,FourHundredGigE1/0/54,322303,1233452962,366541,1470726662,3.06,3.66
2024/05/24 星期五 00:38:50.252,1716482330252,NH-DC-NM129-D06-ROCE-Leaf-8.GPU.S9825,FourHundredGigE1/0/54,0,0,0,0,0,0
2024/05/24 星期五 00:38:50.754,1716482330754,NH-DC-NM129-D06-ROCE-Leaf-8.GPU.S9825,FourHundredGigE1/0/54,185166,644561570,259576,1011831486,1.59,2.51
2024/05/24 星期五 00:38:51.423,1716482331423,NH-DC-NM129-D06-ROCE-Leaf-8.GPU.S9825,FourHundredGigE1/0/54,154787,553138180,128091,464551032,1.03,0.86
2024/05/24 星期五 00:38:51.961,1716482331961,NH-DC-NM129-D06-ROCE-Leaf-8.GPU.S9825,FourHundredGigE1/0/54,0,0,0,0,0,0
2024/05/24 星期五 00:38:52.662,1716482332662,NH-DC-NM129-D06-ROCE-Leaf-8.GPU.S9825,FourHundredGigE1/0/54,134743,470144650,119841,421441926,0.84,0.75
2024/05/24 星期五 00:38:53.421,1716482333421,NH-DC-NM129-D06-ROCE-Leaf-8.GPU.S9825,FourHundredGigE1/0/54,190835,683633802,257564,993856984,1.12,1.63
2024/05/24 星期五 00:38:53.922,1716482333922,NH-DC-NM129-D06-ROCE-Leaf-8.GPU.S9825,FourHundredGigE1/0/54,0,0,0,0,0,0
2024/05/24 星期五 00:38:54.425,1716482334425,NH-DC-NM129-D06-ROCE-Leaf-8.GPU.S9825,FourHundredGigE1/0/54,234516,894759781,116059,426991854,2.21,1.04
2024/05/24 星期五 00:38:55.177,1716482335177,NH-DC-NM129-D06-ROCE-Leaf-8.GPU.S9825,FourHundredGigE1/0/54,0,0,0,0,0,0
2024/05/24 星期五 00:38:55.677,1716482335677,NH-DC-NM129-D06-ROCE-Leaf-8.GPU.S9825,FourHundredGigE1/0/54,400293,1646221678,143474,523306316,4.1,1.3
2024/05/24 星期五 00:38:56.307,1716482336307,NH-DC-NM129-D06-ROCE-Leaf-8.GPU.S9825,FourHundredGigE1/0/54,220393,793861978,133870,504280056,1.57,0.99
2024/05/24 星期五 00:38:56.977,1716482336977,NH-DC-NM129-D06-ROCE-Leaf-8.GPU.S9825,FourHundredGigE1/0/54,0,0,0,0,0,0
2024/05/24 星期五 00:38:57.479,1716482337479,NH-DC-NM129-D06-ROCE-Leaf-8.GPU.S9825,FourHundredGigE1/0/54,428553,1692462806,174458,584993900,4.21,1.44
2024/05/24 星期五 00:38:58.039,1716482338039,NH-DC-NM129-D06-ROCE-Leaf-8.GPU.S9825,FourHundredGigE1/0/54,160563,623998310,143821,531000074,1.38,1.18
2024/05/24 星期五 00:38:58.797,1716482338797,NH-DC-NM129-D06-ROCE-Leaf-8.GPU.S9825,FourHundredGigE1/0/54,0,0,0,0,0,0
2024/05/24 星期五 00:38:59.301,1716482339301,NH-DC-NM129-D06-ROCE-Leaf-8.GPU.S9825,FourHundredGigE1/0/54,172416,655478848,165809,669528038,1.61,1.64
2024/05/24 星期五 00:39:00.034,1716482340034,NH-DC-NM129-D06-ROCE-Leaf-8.GPU.S9825,FourHundredGigE1/0/54,0,0,0,0,0,0
2024/05/24 星期五 00:39:00.594,1716482340594,NH-DC-NM129-D06-ROCE-Leaf-8.GPU.S9825,FourHundredGigE1/0/54,265979,1016701962,216432,877312440,2.25,1.94
2024/05/24 星期五 00:39:01.099,1716482341099,NH-DC-NM129-D06-ROCE-Leaf-8.GPU.S9825,FourHundredGigE1/0/54,0,0,0,0,0,0
2024/05/24 星期五 00:39:01.600,1716482341600,NH-DC-NM129-D06-ROCE-Leaf-8.GPU.S9825,FourHundredGigE1/0/54,348899,1412913782,243881,943734876,3.52,2.35
2024/05/24 星期五 00:39:02.326,1716482342326,NH-DC-NM129-D06-ROCE-Leaf-8.GPU.S9825,FourHundredGigE1/0/54,200121,739796574,213300,820594942,1.26,1.41
2024/05/24 星期五 00:39:02.826,1716482342826,NH-DC-NM129-D06-ROCE-Leaf-8.GPU.S9825,FourHundredGigE1/0/54,0,0,0,0,0,0
2024/05/24 星期五 00:39:03.446,1716482343446,NH-DC-NM129-D06-ROCE-Leaf-8.GPU.S9825,FourHundredGigE1/0/54,260187,1010599264,193503,752712458,2.04,1.51
2024/05/24 星期五 00:39:04.037,1716482344037,NH-DC-NM129-D06-ROCE-Leaf-8.GPU.S9825,FourHundredGigE1/0/54,0,0,0,0,0,0
2024/05/24 星期五 00:39:04.538,1716482344538,NH-DC-NM129-D06-ROCE-Leaf-8.GPU.S9825,FourHundredGigE1/0/54,261196,951809450,159743,476940638,2.37,1.17
2024/05/24 星期五 00:39:05.064,1716482345064,NH-DC-NM129-D06-ROCE-Leaf-8.GPU.S9825,FourHundredGigE1/0/54,116790,461508192,214725,575412192,1.09,1.35
2024/05/24 星期五 00:39:06.155,1716482346155,NH-DC-NM129-D06-ROCE-Leaf-8.GPU.S9825,FourHundredGigE1/0/54,0,0,0,0,0,0
2024/05/24 星期五 00:39:07.157,1716482347157,NH-DC-NM129-D06-ROCE-Leaf-8.GPU.S9825,FourHundredGigE1/0/54,348748,1313899772,116478,378216914,1.63,0.46
2024/05/24 星期五 00:39:07.658,1716482347658,NH-DC-NM129-D06-ROCE-Leaf-8.GPU.S9825,FourHundredGigE1/0/54,246617,986815182,451206,1851679384,2.45,4.62
2024/05/24 星期五 00:39:08.168,1716482348168,NH-DC-NM129-D06-ROCE-Leaf-8.GPU.S9825,FourHundredGigE1/0/54,0,0,0,0,0,0
2024/05/24 星期五 00:39:08.669,1716482348669,NH-DC-NM129-D06-ROCE-Leaf-8.GPU.S9825,FourHundredGigE1/0/54,160295,599473752,164242,631092144,1.47,1.57
2024/05/24 星期五 00:39:09.301,1716482349301,NH-DC-NM129-D06-ROCE-Leaf-8.GPU.S9825,FourHundredGigE1/0/54,74196,301009926,112931,433010474,0.59,0.85
2024/05/24 星期五 00:39:09.957,1716482349957,NH-DC-NM129-D06-ROCE-Leaf-8.GPU.S9825,FourHundredGigE1/0/54,0,0,0,0,0,0
2024/05/24 星期五 00:39:10.534,1716482350534,NH-DC-NM129-D06-ROCE-Leaf-8.GPU.S9825,FourHundredGigE1/0/54,138044,518151168,284181,1078386870,1.10,2.32
2024/05/24 星期五 00:39:11.035,1716482351035,NH-DC-NM129-D06-ROCE-Leaf-8.GPU.S9825,FourHundredGigE1/0/54,0,0,0,0,0,0
2024/05/24 星期五 00:39:11.535,1716482351535,NH-DC-NM129-D06-ROCE-Leaf-8.GPU.S9825,FourHundredGigE1/0/54,560068,2175290384,422049,1559429010,5.42,3.88
2024/05/24 星期五 00:39:12.124,1716482352124,NH-DC-NM129-D06-ROCE-Leaf-8.GPU.S9825,FourHundredGigE1/0/54,0,0,0,0,0,0
2024/05/24 星期五 00:39:12.715,1716482352715,NH-DC-NM129-D06-ROCE-Leaf-8.GPU.S9825,FourHundredGigE1/0/54,273758,1016292164,201210,770487292,2.14,1.63
2024/05/24 星期五 00:39:13.510,1716482353510,NH-DC-NM129-D06-ROCE-Leaf-8.GPU.S9825,FourHundredGigE1/0/54,35877,109332254,175950,684680436,0.16,1.07
2024/05/24 星期五 00:39:14.069,1716482354069,NH-DC-NM129-D06-ROCE-Leaf-8.GPU.S9825,FourHundredGigE1/0/54,0,0,0,0,0,0
2024/05/24 星期五 00:39:14.582,1716482354582,NH-DC-NM129-D06-ROCE-Leaf-8.GPU.S9825,FourHundredGigE1/0/54,57352,206245980,98300,348849224,0.49,0.83
2024/05/24 星期五 00:39:15.091,1716482355091,NH-DC-NM129-D06-ROCE-Leaf-8.GPU.S9825,FourHundredGigE1/0/54,0,0,0,0,0,0
2024/05/24 星期五 00:39:15.603,1716482355603,NH-DC-NM129-D06-ROCE-Leaf-8.GPU.S9825,FourHundredGigE1/0/54,54180,215061072,41213,117235862,0.51,0.27
2024/05/24 星期五 00:39:16.173,1716482356173,NH-DC-NM129-D06-ROCE-Leaf-8.GPU.S9825,FourHundredGigE1/0/54,101881,343802026,98085,283741718,0.75,0.61
2024/05/24 星期五 00:39:16.953,1716482356953,NH-DC-NM129-D06-ROCE-Leaf-8.GPU.S9825,FourHundredGigE1/0/54,0,0,0,0,0,0
2024/05/24 星期五 00:39:17.526,1716482357526,NH-DC-NM129-D06-ROCE-Leaf-8.GPU.S9825,FourHundredGigE1/0/54,221009,752798285,160708,555456566,1.64,1.20
2024/05/24 星期五 00:39:18.027,1716482358027,NH-DC-NM129-D06-ROCE-Leaf-8.GPU.S9825,FourHundredGigE1/0/54,0,0,0,0,0,0
2024/05/24 星期五 00:39:18.527,1716482358527,NH-DC-NM129-D06-ROCE-Leaf-8.GPU.S9825,FourHundredGigE1/0/54,426219,1331180788,394844,1381506808,3.32,3.45
2024/05/24 星期五 00:39:23.684,1716482363684,NH-DC-NM129-D06-ROCE-Leaf-8.GPU.S9825,FourHundredGigE1/0/54,1469394,5602536920,909741,3426270270,1.36,0.83
2024/05/24 星期五 00:39:24.185,1716482364185,NH-DC-NM129-D06-ROCE-Leaf-8.GPU.S9825,FourHundredGigE1/0/54,0,0,0,0,0,0
2024/05/24 星期五 00:39:24.686,1716482364686,NH-DC-NM129-D06-ROCE-Leaf-8.GPU.S9825,FourHundredGigE1/0/54,567023,2287552521,207883,749653774,5.69,1.85
2024/05/24 星期五 00:39:25.364,1716482365364,NH-DC-NM129-D06-ROCE-Leaf-8.GPU.S9825,FourHundredGigE1/0/54,257935,952502074,162528,608471388,1.75,1.11
2024/05/24 星期五 00:39:25.901,1716482365901,NH-DC-NM129-D06-ROCE-Leaf-8.GPU.S9825,FourHundredGigE1/0/54,0,0,0,0,0,0
2024/05/24 星期五 00:39:26.761,1716482366761,NH-DC-NM129-D06-ROCE-Leaf-8.GPU.S9825,FourHundredGigE1/0/54,220639,852664668,182154,657470016,1.24,0.94
2024/05/24 星期五 00:39:27.412,1716482367412,NH-DC-NM129-D06-ROCE-Leaf-8.GPU.S9825,FourHundredGigE1/0/54,293148,1137611224,247996,968517928,2.17,1.84
2024/05/24 星期五 00:39:27.916,1716482367916,NH-DC-NM129-D06-ROCE-Leaf-8.GPU.S9825,FourHundredGigE1/0/54,0,0,0,0,0,0
2024/05/24 星期五 00:39:29.200,1716482369200,NH-DC-NM129-D06-ROCE-Leaf-8.GPU.S9825,FourHundredGigE1/0/54,141892,520628098,912202,3671822834,0.51,3.57
2024/05/24 星期五 00:39:29.703,1716482369703,NH-DC-NM129-D06-ROCE-Leaf-8.GPU.S9825,FourHundredGigE1/0/54,335653,1328875596,401883,1554994120,3.28,3.85
2024/05/24 星期五 00:39:30.631,1716482370631,NH-DC-NM129-D06-ROCE-Leaf-8.GPU.S9825,FourHundredGigE1/0/54,176421,670229666,342111,1362501754,0.90,1.83
2024/05/24 星期五 00:39:31.134,1716482371134,NH-DC-NM129-D06-ROCE-Leaf-8.GPU.S9825,FourHundredGigE1/0/54,0,0,0,0,0,0
2024/05/24 星期五 00:39:31.644,1716482371644,NH-DC-NM129-D06-ROCE-Leaf-8.GPU.S9825,FourHundredGigE1/0/54,124064,459679324,122054,460024768,1.10,1.13
2024/05/24 星期五 00:39:32.272,1716482372272,NH-DC-NM129-D06-ROCE-Leaf-8.GPU.S9825,FourHundredGigE1/0/54,92188,349144300,46203,125204354,0.68,0.24
2024/05/24 星期五 00:39:32.790,1716482372790,NH-DC-NM129-D06-ROCE-Leaf-8.GPU.S9825,FourHundredGigE1/0/54,0,0,0,0,0,0
2024/05/24 星期五 00:39:33.293,1716482373293,NH-DC-NM129-D06-ROCE-Leaf-8.GPU.S9825,FourHundredGigE1/0/54,276813,1060802282,181213,689409502,2.63,1.69
2024/05/24 星期五 00:39:34.142,1716482374142,NH-DC-NM129-D06-ROCE-Leaf-8.GPU.S9825,FourHundredGigE1/0/54,0,0,0,0,0,0
2024/05/24 星期五 00:39:34.660,1716482374660,NH-DC-NM129-D06-ROCE-Leaf-8.GPU.S9825,FourHundredGigE1/0/54,98137,339109422,169168,638970212,0.80,1.52
2024/05/24 星期五 00:39:35.162,1716482375162,NH-DC-NM129-D06-ROCE-Leaf-8.GPU.S9825,FourHundredGigE1/0/54,0,0,0,0,0,0
2024/05/24 星期五 00:39:35.662,1716482375662,NH-DC-NM129-D06-ROCE-Leaf-8.GPU.S9825,FourHundredGigE1/0/54,373180,1514339388,121996,436961668,3.78,1.08
2024/05/24 星期五 00:39:36.179,1716482376179,NH-DC-NM129-D06-ROCE-Leaf-8.GPU.S9825,FourHundredGigE1/0/54,172943,0,96633,0,0,0
2024/05/24 星期五 00:39:37.210,1716482377210,NH-DC-NM129-D06-ROCE-Leaf-8.GPU.S9825,FourHundredGigE1/0/54,388693,2210898796,173151,976513476,2.68,1.18
2024/05/24 星期五 00:39:38.715,1716482378715,NH-DC-NM129-D06-ROCE-Leaf-8.GPU.S9825,FourHundredGigE1/0/54,135735,562271278,163268,626949304,0.47,0.51
2024/05/24 星期五 00:39:39.566,1716482379566,NH-DC-NM129-D06-ROCE-Leaf-8.GPU.S9825,FourHundredGigE1/0/54,146962,553536524,191379,770291994,0.81,1.13
2024/05/24 星期五 00:39:40.257,1716482380257,NH-DC-NM129-D06-ROCE-Leaf-8.GPU.S9825,FourHundredGigE1/0/54,344036,1364015828,408634,1667605596,2.46,3.00
2024/05/24 星期五 00:39:41.068,1716482381068,NH-DC-NM129-D06-ROCE-Leaf-8.GPU.S9825,FourHundredGigE1/0/54,0,0,0,0,0,0
2024/05/24 星期五 00:39:41.625,1716482381625,NH-DC-NM129-D06-ROCE-Leaf-8.GPU.S9825,FourHundredGigE1/0/54,180640,716984036,170175,674178162,1.59,1.50
2024/05/24 星期五 00:39:42.125,1716482382125,NH-DC-NM129-D06-ROCE-Leaf-8.GPU.S9825,FourHundredGigE1/0/54,0,0,0,0,0,0
2024/05/24 星期五 00:39:42.696,1716482382696,NH-DC-NM129-D06-ROCE-Leaf-8.GPU.S9825,FourHundredGigE1/0/54,70996,245492944,153928,597968084,0.53,1.29
2024/05/24 星期五 00:39:43.252,1716482383252,NH-DC-NM129-D06-ROCE-Leaf-8.GPU.S9825,FourHundredGigE1/0/54,0,0,0,0,0,0
2024/05/24 星期五 00:39:43.774,1716482383774,NH-DC-NM129-D06-ROCE-Leaf-8.GPU.S9825,FourHundredGigE1/0/54,141387,548426482,122214,476284148,1.29,1.13
2024/05/24 星期五 00:39:44.570,1716482384570,NH-DC-NM129-D06-ROCE-Leaf-8.GPU.S9825,FourHundredGigE1/0/54,520397,2019586890,365141,1401985262,3.16,2.20
2024/05/24 星期五 00:39:45.119,1716482385119,NH-DC-NM129-D06-ROCE-Leaf-8.GPU.S9825,FourHundredGigE1/0/54,0,0,0,0,0,0
2024/05/24 星期五 00:39:45.621,1716482385621,NH-DC-NM129-D06-ROCE-Leaf-8.GPU.S9825,FourHundredGigE1/0/54,134330,479487500,85165,310364270,1.17,0.77
2024/05/24 星期五 00:39:46.198,1716482386198,NH-DC-NM129-D06-ROCE-Leaf-8.GPU.S9825,FourHundredGigE1/0/54,80038,250078884,153256,587685828,0.54,1.26
2024/05/24 星期五 00:39:46.755,1716482386755,NH-DC-NM129-D06-ROCE-Leaf-8.GPU.S9825,FourHundredGigE1/0/54,0,0,0,0,0,0
2024/05/24 星期五 00:39:47.409,1716482387409,NH-DC-NM129-D06-ROCE-Leaf-8.GPU.S9825,FourHundredGigE1/0/54,134815,203415552,335379,1294596750,0.38,2.47
2024/05/24 星期五 00:39:48.130,1716482388130,NH-DC-NM129-D06-ROCE-Leaf-8.GPU.S9825,FourHundredGigE1/0/54,0,0,0,0,0,0
2024/05/24 星期五 00:39:48.653,1716482388653,NH-DC-NM129-D06-ROCE-Leaf-8.GPU.S9825,FourHundredGigE1/0/54,84108,109224139,167293,665350950,0.24,1.58
2024/05/24 星期五 00:39:49.170,1716482389170,NH-DC-NM129-D06-ROCE-Leaf-8.GPU.S9825,FourHundredGigE1/0/54,0,0,0,0,0,0
2024/05/24 星期五 00:39:49.669,1716482389669,NH-DC-NM129-D06-ROCE-Leaf-8.GPU.S9825,FourHundredGigE1/0/54,339962,1327530564,225726,863181344,3.31,2.15
2024/05/24 星期五 00:39:50.180,1716482390180,NH-DC-NM129-D06-ROCE-Leaf-8.GPU.S9825,FourHundredGigE1/0/54,0,0,0,0,0,0
2024/05/24 星期五 00:39:50.690,1716482390690,NH-DC-NM129-D06-ROCE-Leaf-8.GPU.S9825,FourHundredGigE1/0/54,208763,799778482,143908,540261588,1.94,1.32
2024/05/24 星期五 00:39:51.542,1716482391542,NH-DC-NM129-D06-ROCE-Leaf-8.GPU.S9825,FourHundredGigE1/0/54,225978,848672664,215695,803527982,1.23,1.17
2024/05/24 星期五 00:39:52.042,1716482392042,NH-DC-NM129-D06-ROCE-Leaf-8.GPU.S9825,FourHundredGigE1/0/54,0,0,0,0,0,0
2024/05/24 星期五 00:39:52.542,1716482392542,NH-DC-NM129-D06-ROCE-Leaf-8.GPU.S9825,FourHundredGigE1/0/54,182086,695144732,280079,1082574038,1.72,2.7
2024/05/24 星期五 00:39:53.107,1716482393107,NH-DC-NM129-D06-ROCE-Leaf-8.GPU.S9825,FourHundredGigE1/0/54,0,0,0,0,0,0
2024/05/24 星期五 00:39:53.609,1716482393609,NH-DC-NM129-D06-ROCE-Leaf-8.GPU.S9825,FourHundredGigE1/0/54,121763,415371918,164195,609403574,1.02,1.49
2024/05/24 星期五 00:39:54.322,1716482394322,NH-DC-NM129-D06-ROCE-Leaf-8.GPU.S9825,FourHundredGigE1/0/54,275840,1095970733,252509,992209814,1.91,1.74
2024/05/24 星期五 00:39:55.103,1716482395103,NH-DC-NM129-D06-ROCE-Leaf-8.GPU.S9825,FourHundredGigE1/0/54,0,0,0,0,0,0
2024/05/24 星期五 00:39:55.637,1716482395637,NH-DC-NM129-D06-ROCE-Leaf-8.GPU.S9825,FourHundredGigE1/0/54,167812,609929428,158969,596537682,1.40,1.38
2024/05/24 星期五 00:39:56.185,1716482396185,NH-DC-NM129-D06-ROCE-Leaf-8.GPU.S9825,FourHundredGigE1/0/54,0,0,0,0,0,0
2024/05/24 星期五 00:39:56.690,1716482396690,NH-DC-NM129-D06-ROCE-Leaf-8.GPU.S9825,FourHundredGigE1/0/54,344260,1413280488,390355,1559596250,3.49,3.84
2024/05/24 星期五 00:39:57.193,1716482397193,NH-DC-NM129-D06-ROCE-Leaf-8.GPU.S9825,FourHundredGigE1/0/54,0,0,0,0,0,0
2024/05/24 星期五 00:39:57.759,1716482397759,NH-DC-NM129-D06-ROCE-Leaf-8.GPU.S9825,FourHundredGigE1/0/54,160080,593153924,108262,409628973,1.30,0.88
2024/05/24 星期五 00:39:58.701,1716482398701,NH-DC-NM129-D06-ROCE-Leaf-8.GPU.S9825,FourHundredGigE1/0/54,243871,987540674,240903,797409798,1.30,1.05
2024/05/24 星期五 00:39:59.243,1716482399243,NH-DC-NM129-D06-ROCE-Leaf-8.GPU.S9825,FourHundredGigE1/0/54,0,0,0,0,0,0
2024/05/24 星期五 00:39:59.743,1716482399743,NH-DC-NM129-D06-ROCE-Leaf-8.GPU.S9825,FourHundredGigE1/0/54,157753,616600324,151885,551372524,1.52,1.38
2024/05/24 星期五 00:40:00.374,1716482400374,NH-DC-NM129-D06-ROCE-Leaf-8.GPU.S9825,FourHundredGigE1/0/54,380151,1493629724,127526,478919958,2.95,0.93
2024/05/24 星期五 00:40:01.017,1716482401017,NH-DC-NM129-D06-ROCE-Leaf-8.GPU.S9825,FourHundredGigE1/0/54,0,0,0,0,0,0
2024/05/24 星期五 00:40:01.518,1716482401518,NH-DC-NM129-D06-ROCE-Leaf-8.GPU.S9825,FourHundredGigE1/0/54,159757,611303918,153085,556166482,1.52,1.37
2024/05/24 星期五 00:40:02.262,1716482402262,NH-DC-NM129-D06-ROCE-Leaf-8.GPU.S9825,FourHundredGigE1/0/54,207301,802429782,172859,666579314,1.34,1.11
2024/05/24 星期五 00:40:02.781,1716482402781,NH-DC-NM129-D06-ROCE-Leaf-8.GPU.S9825,FourHundredGigE1/0/54,0,0,0,0,0,0
2024/05/24 星期五 00:40:03.282,1716482403282,NH-DC-NM129-D06-ROCE-Leaf-8.GPU.S9825,FourHundredGigE1/0/54,138383,478404866,163144,593112568,1.17,1.47
2024/05/24 星期五 00:40:03.807,1716482403807,NH-DC-NM129-D06-ROCE-Leaf-8.GPU.S9825,FourHundredGigE1/0/54,0,0,0,0,0,0
2024/05/24 星期五 00:40:04.504,1716482404504,NH-DC-NM129-D06-ROCE-Leaf-8.GPU.S9825,FourHundredGigE1/0/54,92874,337132308,80779,247774250,0.59,0.43
2024/05/24 星期五 00:40:05.104,1716482405104,NH-DC-NM129-D06-ROCE-Leaf-8.GPU.S9825,FourHundredGigE1/0/54,142240,573569038,50176,134622292,1.19,0.27
2024/05/24 星期五 00:40:05.868,1716482405868,NH-DC-NM129-D06-ROCE-Leaf-8.GPU.S9825,FourHundredGigE1/0/54,0,0,0,0,0,0
2024/05/24 星期五 00:40:06.371,1716482406371,NH-DC-NM129-D06-ROCE-Leaf-8.GPU.S9825,FourHundredGigE1/0/54,159505,616201556,74247,274294450,1.52,0.67
2024/05/24 星期五 00:40:06.875,1716482406875,NH-DC-NM129-D06-ROCE-Leaf-8.GPU.S9825,FourHundredGigE1/0/54,0,0,0,0,0,0
2024/05/24 星期五 00:40:07.378,1716482407378,NH-DC-NM129-D06-ROCE-Leaf-8.GPU.S9825,FourHundredGigE1/0/54,142092,524862924,225746,795882432,1.29,1.96
2024/05/24 星期五 00:40:08.845,1716482408845,NH-DC-NM129-D06-ROCE-Leaf-8.GPU.S9825,FourHundredGigE1/0/54,399469,1567882102,448455,1811327792,1.33,1.54
2024/05/24 星期五 00:40:09.366,1716482409366,NH-DC-NM129-D06-ROCE-Leaf-8.GPU.S9825,FourHundredGigE1/0/54,177456,640677136,270055,1082845380,1.54,2.59
2024/05/24 星期五 00:40:09.881,1716482409881,NH-DC-NM129-D06-ROCE-Leaf-8.GPU.S9825,FourHundredGigE1/0/54,0,0,0,0,0,0
2024/05/24 星期五 00:40:10.441,1716482410441,NH-DC-NM129-D06-ROCE-Leaf-8.GPU.S9825,FourHundredGigE1/0/54,152613,526269022,97799,345841102,1.16,0.76
2024/05/24 星期五 00:40:11.018,1716482411018,NH-DC-NM129-D06-ROCE-Leaf-8.GPU.S9825,FourHundredGigE1/0/54,0,0,0,0,0,0
2024/05/24 星期五 00:40:11.558,1716482411558,NH-DC-NM129-D06-ROCE-Leaf-8.GPU.S9825,FourHundredGigE1/0/54,267000,1077735970,96098,340991012,2.48,0.79
2024/05/24 星期五 00:40:12.359,1716482412359,NH-DC-NM129-D06-ROCE-Leaf-8.GPU.S9825,FourHundredGigE1/0/54,618892,2431720422,142481,411449246,3.79,0.64
2024/05/24 星期五 00:40:12.916,1716482412916,NH-DC-NM129-D06-ROCE-Leaf-8.GPU.S9825,FourHundredGigE1/0/54,0,0,0,0,0,0
2024/05/24 星期五 00:40:13.418,1716482413418,NH-DC-NM129-D06-ROCE-Leaf-8.GPU.S9825,FourHundredGigE1/0/54,109572,375214692,151876,315803336,0.92,0.77
2024/05/24 星期五 00:40:14.376,1716482414376,NH-DC-NM129-D06-ROCE-Leaf-8.GPU.S9825,FourHundredGigE1/0/54,110145,416852662,244380,748693736,0.53,0.97
2024/05/24 星期五 00:40:14.948,1716482414948,NH-DC-NM129-D06-ROCE-Leaf-8.GPU.S9825,FourHundredGigE1/0/54,384765,1440096442,219095,853543322,3.15,1.86
2024/05/24 星期五 00:40:16.386,1716482416386,NH-DC-NM129-D06-ROCE-Leaf-8.GPU.S9825,FourHundredGigE1/0/54,363196,1381393460,107260,369155468,1.20,0.31
2024/05/24 星期五 00:40:16.885,1716482416885,NH-DC-NM129-D06-ROCE-Leaf-8.GPU.S9825,FourHundredGigE1/0/54,0,0,0,0,0,0
2024/05/24 星期五 00:40:17.881,1716482417881,NH-DC-NM129-D06-ROCE-Leaf-8.GPU.S9825,FourHundredGigE1/0/54,215463,854882074,244379,966710026,1.07,1.20
2024/05/24 星期五 00:40:18.393,1716482418393,NH-DC-NM129-D06-ROCE-Leaf-8.GPU.S9825,FourHundredGigE1/0/54,285749,1126689278,477868,1882829988,2.73,4.59
2024/05/24 星期五 00:40:20.406,1716482420406,NH-DC-NM129-D06-ROCE-Leaf-8.GPU.S9825,FourHundredGigE1/0/54,26702,67622472,225802,865602292,0.04,0.53
2024/05/24 星期五 00:40:21.982,1716482421982,NH-DC-NM129-D06-ROCE-Leaf-8.GPU.S9825,FourHundredGigE1/0/54,260535,1080322057,337478,1265762880,0.86,1.00
2024/05/24 星期五 00:40:22.500,1716482422500,NH-DC-NM129-D06-ROCE-Leaf-8.GPU.S9825,FourHundredGigE1/0/54,390343,1429664608,146103,543736074,3.43,1.30
2024/05/24 星期五 00:40:23.166,1716482423166,NH-DC-NM129-D06-ROCE-Leaf-8.GPU.S9825,FourHundredGigE1/0/54,0,0,0,0,0,0
2024/05/24 星期五 00:40:23.679,1716482423679,NH-DC-NM129-D06-ROCE-Leaf-8.GPU.S9825,FourHundredGigE1/0/54,235677,749746934,61068,220968764,1.80,0.54
2024/05/24 星期五 00:40:24.404,1716482424404,NH-DC-NM129-D06-ROCE-Leaf-8.GPU.S9825,FourHundredGigE1/0/54,358887,1226510639,120966,438589000,2.10,0.74
2024/05/24 星期五 00:40:25.049,1716482425049,NH-DC-NM129-D06-ROCE-Leaf-8.GPU.S9825,FourHundredGigE1/0/54,0,0,0,0,0,0
2024/05/24 星期五 00:40:25.551,1716482425551,NH-DC-NM129-D06-ROCE-Leaf-8.GPU.S9825,FourHundredGigE1/0/54,470278,1922644524,133907,502589978,4.78,1.25
2024/05/24 星期五 00:40:26.389,1716482426389,NH-DC-NM129-D06-ROCE-Leaf-8.GPU.S9825,FourHundredGigE1/0/54,60465,225458218,164491,639429002,0.33,0.94
2024/05/24 星期五 00:40:26.889,1716482426889,NH-DC-NM129-D06-ROCE-Leaf-8.GPU.S9825,FourHundredGigE1/0/54,0,0,0,0,0,0
2024/05/24 星期五 00:40:27.389,1716482427389,NH-DC-NM129-D06-ROCE-Leaf-8.GPU.S9825,FourHundredGigE1/0/54,151982,584485336,170369,632370634,1.45,1.58
2024/05/24 星期五 00:40:28.010,1716482428010,NH-DC-NM129-D06-ROCE-Leaf-8.GPU.S9825,FourHundredGigE1/0/54,0,0,0,0,0,0
2024/05/24 星期五 00:40:28.674,1716482428674,NH-DC-NM129-D06-ROCE-Leaf-8.GPU.S9825,FourHundredGigE1/0/54,72526,264712340,94361,353972966,0.49,0.66
2024/05/24 星期五 00:40:29.408,1716482429408,NH-DC-NM129-D06-ROCE-Leaf-8.GPU.S9825,FourHundredGigE1/0/54,260031,1043107406,138636,467325028,1.77,0.78
2024/05/24 星期五 00:40:30.053,1716482430053,NH-DC-NM129-D06-ROCE-Leaf-8.GPU.S9825,FourHundredGigE1/0/54,0,0,0,0,0,0
2024/05/24 星期五 00:40:30.554,1716482430554,NH-DC-NM129-D06-ROCE-Leaf-8.GPU.S9825,FourHundredGigE1/0/54,107714,392431544,67065,231330334,0.97,0.57
2024/05/24 星期五 00:40:31.085,1716482431085,NH-DC-NM129-D06-ROCE-Leaf-8.GPU.S9825,FourHundredGigE1/0/54,0,0,0,0,0,0
2024/05/24 星期五 00:40:31.620,1716482431620,NH-DC-NM129-D06-ROCE-Leaf-8.GPU.S9825,FourHundredGigE1/0/54,191191,694242830,75676,212612672,1.61,0.49
2024/05/24 星期五 00:40:32.224,1716482432224,NH-DC-NM129-D06-ROCE-Leaf-8.GPU.S9825,FourHundredGigE1/0/54,516079,2087944326,441982,1645915592,4.30,3.39
2024/05/24 星期五 00:40:33.030,1716482433030,NH-DC-NM129-D06-ROCE-Leaf-8.GPU.S9825,FourHundredGigE1/0/54,0,0,0,0,0,0
2024/05/24 星期五 00:40:33.943,1716482433943,NH-DC-NM129-D06-ROCE-Leaf-8.GPU.S9825,FourHundredGigE1/0/54,58782,196286892,255401,798635526,0.26,1.08
2024/05/24 星期五 00:40:34.442,1716482434442,NH-DC-NM129-D06-ROCE-Leaf-8.GPU.S9825,FourHundredGigE1/0/54,189421,761581890,729244,2886654258,1.90,7.21
2024/05/24 星期五 00:40:35.067,1716482435067,NH-DC-NM129-D06-ROCE-Leaf-8.GPU.S9825,FourHundredGigE1/0/54,0,0,0,0,0,0
2024/05/24 星期五 00:40:36.944,1716482436944,NH-DC-NM129-D06-ROCE-Leaf-8.GPU.S9825,FourHundredGigE1/0/54,225580,879716792,2107508,8598929444,0.58,5.72
2024/05/24 星期五 00:40:37.446,1716482437446,NH-DC-NM129-D06-ROCE-Leaf-8.GPU.S9825,FourHundredGigE1/0/54,1234195,4992754576,1886317,7658674648,12.43,19.05
2024/05/24 星期五 00:40:39.465,1716482439465,NH-DC-NM129-D06-ROCE-Leaf-8.GPU.S9825,FourHundredGigE1/0/54,2359308,9639157826,168864,606947316,5.96,0.37
2024/05/24 星期五 00:40:40.463,1716482440463,NH-DC-NM129-D06-ROCE-Leaf-8.GPU.S9825,FourHundredGigE1/0/54,1386657,5659644624,89145,324091058,7.08,0.40
2024/05/24 星期五 00:40:40.984,1716482440984,NH-DC-NM129-D06-ROCE-Leaf-8.GPU.S9825,FourHundredGigE1/0/54,0,0,0,0,0,0
2024/05/24 星期五 00:40:41.593,1716482441593,NH-DC-NM129-D06-ROCE-Leaf-8.GPU.S9825,FourHundredGigE1/0/54,198533,728469888,257882,1038816244,1.48,2.11
2024/05/24 星期五 00:40:42.291,1716482442291,NH-DC-NM129-D06-ROCE-Leaf-8.GPU.S9825,FourHundredGigE1/0/54,249731,920151530,199486,765393892,1.65,1.36
2024/05/24 星期五 00:40:42.796,1716482442796,NH-DC-NM129-D06-ROCE-Leaf-8.GPU.S9825,FourHundredGigE1/0/54,0,0,0,0,0,0
2024/05/24 星期五 00:40:43.588,1716482443588,NH-DC-NM129-D06-ROCE-Leaf-8.GPU.S9825,FourHundredGigE1/0/54,326100,1119727750,191686,751054432,1.75,1.18
2024/05/24 星期五 00:40:44.145,1716482444145,NH-DC-NM129-D06-ROCE-Leaf-8.GPU.S9825,FourHundredGigE1/0/54,0,0,0,0,0,0
2024/05/24 星期五 00:40:44.647,1716482444647,NH-DC-NM129-D06-ROCE-Leaf-8.GPU.S9825,FourHundredGigE1/0/54,289887,989981116,292565,1138881262,2.44,2.81
2024/05/24 星期五 00:40:45.205,1716482445205,NH-DC-NM129-D06-ROCE-Leaf-8.GPU.S9825,FourHundredGigE1/0/54,338151,1363341688,142760,548757860,3.05,1.21
2024/05/24 星期五 00:40:45.814,1716482445814,NH-DC-NM129-D06-ROCE-Leaf-8.GPU.S9825,FourHundredGigE1/0/54,0,0,0,0,0,0
2024/05/24 星期五 00:40:46.302,1716482446302,NH-DC-NM129-D06-ROCE-Leaf-8.GPU.S9825,FourHundredGigE1/0/54,180587,729536816,130572,490742940,1.84,1.26
2024/05/24 星期五 00:40:46.963,1716482446963,NH-DC-NM129-D06-ROCE-Leaf-8.GPU.S9825,FourHundredGigE1/0/54,0,0,0,0,0,0
2024/05/24 星期五 00:40:47.557,1716482447557,NH-DC-NM129-D06-ROCE-Leaf-8.GPU.S9825,FourHundredGigE1/0/54,112980,446277690,58326,190816108,0.93,0.40
2024/05/24 星期五 00:40:48.059,1716482448059,NH-DC-NM129-D06-ROCE-Leaf-8.GPU.S9825,FourHundredGigE1/0/54,0,0,0,0,0,0
2024/05/24 星期五 00:40:48.558,1716482448558,NH-DC-NM129-D06-ROCE-Leaf-8.GPU.S9825,FourHundredGigE1/0/54,137694,537384622,72361,274912374,1.33,0.68
2024/05/24 星期五 00:40:49.207,1716482449207,NH-DC-NM129-D06-ROCE-Leaf-8.GPU.S9825,FourHundredGigE1/0/54,0,0,0,0,0,0
2024/05/24 星期五 00:40:49.706,1716482449706,NH-DC-NM129-D06-ROCE-Leaf-8.GPU.S9825,FourHundredGigE1/0/54,240234,925876872,149382,565294416,2.30,1.40
2024/05/24 星期五 00:40:50.485,1716482450485,NH-DC-NM129-D06-ROCE-Leaf-8.GPU.S9825,FourHundredGigE1/0/54,102712,400620972,111632,425986904,0.64,0.67
2024/05/24 星期五 00:40:51.007,1716482451007,NH-DC-NM129-D06-ROCE-Leaf-8.GPU.S9825,FourHundredGigE1/0/54,0,0,0,0,0,0
2024/05/24 星期五 00:40:51.505,1716482451505,NH-DC-NM129-D06-ROCE-Leaf-8.GPU.S9825,FourHundredGigE1/0/54,76145,282235094,79897,278430966,0.70,0.68
2024/05/24 星期五 00:40:52.086,1716482452086,NH-DC-NM129-D06-ROCE-Leaf-8.GPU.S9825,FourHundredGigE1/0/54,0,0,0,0,0,0
2024/05/24 星期五 00:40:52.698,1716482452698,NH-DC-NM129-D06-ROCE-Leaf-8.GPU.S9825,FourHundredGigE1/0/54,114204,440803424,122201,432955154,0.90,0.88
2024/05/24 星期五 00:40:53.202,1716482453202,NH-DC-NM129-D06-ROCE-Leaf-8.GPU.S9825,FourHundredGigE1/0/54,32539,95072247,52673,176713558,0.22,0.42
2024/05/24 星期五 00:40:53.860,1716482453860,NH-DC-NM129-D06-ROCE-Leaf-8.GPU.S9825,FourHundredGigE1/0/54,0,0,0,0,0,0
2024/05/24 星期五 00:40:55.029,1716482455029,NH-DC-NM129-D06-ROCE-Leaf-8.GPU.S9825,FourHundredGigE1/0/54,142025,526725379,139948,525094212,0.56,0.56
2024/05/24 星期五 00:40:55.502,1716482455502,NH-DC-NM129-D06-ROCE-Leaf-8.GPU.S9825,FourHundredGigE1/0/54,73410,236934532,371329,1488522426,0.61,3.91
2024/05/24 星期五 00:40:56.233,1716482456233,NH-DC-NM129-D06-ROCE-Leaf-8.GPU.S9825,FourHundredGigE1/0/54,100426,361021460,207165,790217426,0.62,1.35
2024/05/24 星期五 00:40:56.947,1716482456947,NH-DC-NM129-D06-ROCE-Leaf-8.GPU.S9825,FourHundredGigE1/0/54,0,0,0,0,0,0
2024/05/24 星期五 00:40:57.722,1716482457722,NH-DC-NM129-D06-ROCE-Leaf-8.GPU.S9825,FourHundredGigE1/0/54,64068,235003649,83480,308308292,0.37,0.48
2024/05/24 星期五 00:40:58.309,1716482458309,NH-DC-NM129-D06-ROCE-Leaf-8.GPU.S9825,FourHundredGigE1/0/54,352301,1434801914,150028,577210288,3.05,1.21
2024/05/24 星期五 00:40:59.529,1716482459529,NH-DC-NM129-D06-ROCE-Leaf-8.GPU.S9825,FourHundredGigE1/0/54,123156,459679912,219506,829389648,0.46,0.84
2024/05/24 星期五 00:41:00.033,1716482460033,NH-DC-NM129-D06-ROCE-Leaf-8.GPU.S9825,FourHundredGigE1/0/54,0,0,0,0,0,0
2024/05/24 星期五 00:41:00.580,1716482460580,NH-DC-NM129-D06-ROCE-Leaf-8.GPU.S9825,FourHundredGigE1/0/54,99968,393694864,162108,616126064,0.89,1.39
2024/05/24 星期五 00:41:01.422,1716482461422,NH-DC-NM129-D06-ROCE-Leaf-8.GPU.S9825,FourHundredGigE1/0/54,425024,1721547964,165073,617948534,2.55,0.91
2024/05/24 星期五 00:41:01.923,1716482461923,NH-DC-NM129-D06-ROCE-Leaf-8.GPU.S9825,FourHundredGigE1/0/54,0,0,0,0,0,0
2024/05/24 星期五 00:41:02.427,1716482462427,NH-DC-NM129-D06-ROCE-Leaf-8.GPU.S9825,FourHundredGigE1/0/54,166665,664014558,146850,523803432,1.64,1.29
2024/05/24 星期五 00:41:03.115,1716482463115,NH-DC-NM129-D06-ROCE-Leaf-8.GPU.S9825,FourHundredGigE1/0/54,0,0,0,0,0,0
2024/05/24 星期五 00:41:03.619,1716482463619,NH-DC-NM129-D06-ROCE-Leaf-8.GPU.S9825,FourHundredGigE1/0/54,55433,208113534,102973,314540306,0.50,0.77
2024/05/24 星期五 00:41:04.247,1716482464247,NH-DC-NM129-D06-ROCE-Leaf-8.GPU.S9825,FourHundredGigE1/0/54,122655,451252202,94088,366103828,0.90,0.72
2024/05/24 星期五 00:41:04.976,1716482464976,NH-DC-NM129-D06-ROCE-Leaf-8.GPU.S9825,FourHundredGigE1/0/54,0,0,0,0,0,0
2024/05/24 星期五 00:41:05.477,1716482465477,NH-DC-NM129-D06-ROCE-Leaf-8.GPU.S9825,FourHundredGigE1/0/54,188115,765114050,248487,977501106,1.90,2.42
2024/05/24 星期五 00:41:06.047,1716482466047,NH-DC-NM129-D06-ROCE-Leaf-8.GPU.S9825,FourHundredGigE1/0/54,0,0,0,0,0,0
2024/05/24 星期五 00:41:06.690,1716482466690,NH-DC-NM129-D06-ROCE-Leaf-8.GPU.S9825,FourHundredGigE1/0/54,197429,778631546,143056,515268408,1.50,0.99
2024/05/24 星期五 00:41:07.190,1716482467190,NH-DC-NM129-D06-ROCE-Leaf-8.GPU.S9825,FourHundredGigE1/0/54,0,0,0,0,0,0
2024/05/24 星期五 00:41:07.691,1716482467691,NH-DC-NM129-D06-ROCE-Leaf-8.GPU.S9825,FourHundredGigE1/0/54,295092,1194185608,446158,1736066100,2.97,4.32
2024/05/24 星期五 00:41:08.405,1716482468405,NH-DC-NM129-D06-ROCE-Leaf-8.GPU.S9825,FourHundredGigE1/0/54,138360,550312868,475347,1886450336,0.96,3.29
2024/05/24 星期五 00:41:08.905,1716482468905,NH-DC-NM129-D06-ROCE-Leaf-8.GPU.S9825,FourHundredGigE1/0/54,0,0,0,0,0,0
2024/05/24 星期五 00:41:09.414,1716482469414,NH-DC-NM129-D06-ROCE-Leaf-8.GPU.S9825,FourHundredGigE1/0/54,601760,2308218384,358125,1456870680,5.65,3.56
2024/05/24 星期五 00:41:10.087,1716482470087,NH-DC-NM129-D06-ROCE-Leaf-8.GPU.S9825,FourHundredGigE1/0/54,0,0,0,0,0,0
2024/05/24 星期五 00:41:10.590,1716482470590,NH-DC-NM129-D06-ROCE-Leaf-8.GPU.S9825,FourHundredGigE1/0/54,326283,1233819202,209812,825273844,3.06,2.04
2024/05/24 星期五 00:41:11.361,1716482471361,NH-DC-NM129-D06-ROCE-Leaf-8.GPU.S9825,FourHundredGigE1/0/54,116072,417106250,353047,1388223414,0.66,2.24
2024/05/24 星期五 00:41:11.940,1716482471940,NH-DC-NM129-D06-ROCE-Leaf-8.GPU.S9825,FourHundredGigE1/0/54,0,0,0,0,0,0
2024/05/24 星期五 00:41:12.440,1716482472440,NH-DC-NM129-D06-ROCE-Leaf-8.GPU.S9825,FourHundredGigE1/0/54,354567,1418322066,553439,2213189690,3.52,5.52
2024/05/24 星期五 00:41:13.004,1716482473004,NH-DC-NM129-D06-ROCE-Leaf-8.GPU.S9825,FourHundredGigE1/0/54,0,0,0,0,0,0
2024/05/24 星期五 00:41:13.540,1716482473540,NH-DC-NM129-D06-ROCE-Leaf-8.GPU.S9825,FourHundredGigE1/0/54,284767,1092195032,410609,1616687794,2.54,3.75
2024/05/24 星期五 00:41:14.050,1716482474050,NH-DC-NM129-D06-ROCE-Leaf-8.GPU.S9825,FourHundredGigE1/0/54,0,0,0,0,0,0
2024/05/24 星期五 00:41:14.656,1716482474656,NH-DC-NM129-D06-ROCE-Leaf-8.GPU.S9825,FourHundredGigE1/0/54,135281,517227258,292218,1164980148,1.05,2.39
2024/05/24 星期五 00:41:15.283,1716482475283,NH-DC-NM129-D06-ROCE-Leaf-8.GPU.S9825,FourHundredGigE1/0/54,68608,0,0,0,0,0
2024/05/24 星期五 00:41:19.068,1716482479068,NH-DC-NM129-D06-ROCE-Leaf-8.GPU.S9825,FourHundredGigE1/0/54,839754,3593333472,1011297,3954955010,1.19,1.30
2024/05/24 星期五 00:41:19.760,1716482479760,NH-DC-NM129-D06-ROCE-Leaf-8.GPU.S9825,FourHundredGigE1/0/54,309447,1210208510,240986,924791500,2.19,1.66
2024/05/24 星期五 00:41:20.329,1716482480329,NH-DC-NM129-D06-ROCE-Leaf-8.GPU.S9825,FourHundredGigE1/0/54,226944,676685344,74318,147472968,1.47,0.31
2024/05/24 星期五 00:41:20.881,1716482480881,NH-DC-NM129-D06-ROCE-Leaf-8.GPU.S9825,FourHundredGigE1/0/54,0,0,0,0,0,0
2024/05/24 星期五 00:41:21.694,1716482481694,NH-DC-NM129-D06-ROCE-Leaf-8.GPU.S9825,FourHundredGigE1/0/54,156415,580688494,233572,903675584,0.89,1.38
2024/05/24 星期五 00:41:22.194,1716482482194,NH-DC-NM129-D06-ROCE-Leaf-8.GPU.S9825,FourHundredGigE1/0/54,239352,895743428,430174,1634377036,2.22,4.08
2024/05/24 星期五 00:41:22.742,1716482482742,NH-DC-NM129-D06-ROCE-Leaf-8.GPU.S9825,FourHundredGigE1/0/54,0,0,0,0,0,0
2024/05/24 星期五 00:41:23.259,1716482483259,NH-DC-NM129-D06-ROCE-Leaf-8.GPU.S9825,FourHundredGigE1/0/54,0,0,0,0,0,0
2024/05/24 星期五 00:41:23.761,1716482483761,NH-DC-NM129-D06-ROCE-Leaf-8.GPU.S9825,FourHundredGigE1/0/54,464364,1865111832,263561,1046551062,4.63,2.59
2024/05/24 星期五 00:41:24.328,1716482484328,NH-DC-NM129-D06-ROCE-Leaf-8.GPU.S9825,FourHundredGigE1/0/54,52083,185403299,45960,138666124,0.40,0.29
2024/05/24 星期五 00:41:25.044,1716482485044,NH-DC-NM129-D06-ROCE-Leaf-8.GPU.S9825,FourHundredGigE1/0/54,0,0,0,0,0,0
2024/05/24 星期五 00:41:25.546,1716482485546,NH-DC-NM129-D06-ROCE-Leaf-8.GPU.S9825,FourHundredGigE1/0/54,198156,755367472,277799,1092415140,1.87,2.71
2024/05/24 星期五 00:41:26.103,1716482486103,NH-DC-NM129-D06-ROCE-Leaf-8.GPU.S9825,FourHundredGigE1/0/54,0,0,0,0,0,0
2024/05/24 星期五 00:41:26.616,1716482486616,NH-DC-NM129-D06-ROCE-Leaf-8.GPU.S9825,FourHundredGigE1/0/54,468807,1870214780,133579,485383484,4.56,1.17
2024/05/24 星期五 00:41:27.194,1716482487194,NH-DC-NM129-D06-ROCE-Leaf-8.GPU.S9825,FourHundredGigE1/0/54,0,0,0,0,0,0
2024/05/24 星期五 00:41:27.698,1716482487698,NH-DC-NM129-D06-ROCE-Leaf-8.GPU.S9825,FourHundredGigE1/0/54,417063,1677122152,113736,418906680,4.14,1.02
2024/05/24 星期五 00:41:28.443,1716482488443,NH-DC-NM129-D06-ROCE-Leaf-8.GPU.S9825,FourHundredGigE1/0/54,145002,448773800,291048,1114566598,0.74,1.86
2024/05/24 星期五 00:41:29.053,1716482489053,NH-DC-NM129-D06-ROCE-Leaf-8.GPU.S9825,FourHundredGigE1/0/54,0,0,0,0,0,0
2024/05/24 星期五 00:41:29.597,1716482489597,NH-DC-NM129-D06-ROCE-Leaf-8.GPU.S9825,FourHundredGigE1/0/54,126928,418191600,331763,1322391328,0.94,3.03
2024/05/24 星期五 00:41:30.127,1716482490127,NH-DC-NM129-D06-ROCE-Leaf-8.GPU.S9825,FourHundredGigE1/0/54,0,0,0,0,0,0
2024/05/24 星期五 00:41:30.671,1716482490671,NH-DC-NM129-D06-ROCE-Leaf-8.GPU.S9825,FourHundredGigE1/0/54,110717,363700078,284716,1060469748,0.83,2.44
2024/05/24 星期五 00:41:31.336,1716482491336,NH-DC-NM129-D06-ROCE-Leaf-8.GPU.S9825,FourHundredGigE1/0/54,137531,531058510,85083,283112342,1.00,0.53
2024/05/24 星期五 00:41:32.074,1716482492074,NH-DC-NM129-D06-ROCE-Leaf-8.GPU.S9825,FourHundredGigE1/0/54,0,0,0,0,0,0
2024/05/24 星期五 00:41:32.655,1716482492655,NH-DC-NM129-D06-ROCE-Leaf-8.GPU.S9825,FourHundredGigE1/0/54,377461,1530712458,518367,2090343982,3.29,4.50
2024/05/24 星期五 00:41:33.186,1716482493186,NH-DC-NM129-D06-ROCE-Leaf-8.GPU.S9825,FourHundredGigE1/0/54,0,0,0,0,0,0
2024/05/24 星期五 00:41:33.689,1716482493689,NH-DC-NM129-D06-ROCE-Leaf-8.GPU.S9825,FourHundredGigE1/0/54,138354,493270644,221045,821277170,1.22,2.04
2024/05/24 星期五 00:41:34.296,1716482494296,NH-DC-NM129-D06-ROCE-Leaf-8.GPU.S9825,FourHundredGigE1/0/54,297229,1151575230,71818,274756786,2.37,0.56
2024/05/24 星期五 00:41:34.947,1716482494947,NH-DC-NM129-D06-ROCE-Leaf-8.GPU.S9825,FourHundredGigE1/0/54,0,0,0,0,0,0
2024/05/24 星期五 00:41:35.597,1716482495597,NH-DC-NM129-D06-ROCE-Leaf-8.GPU.S9825,FourHundredGigE1/0/54,152983,549632918,252858,992980936,1.04,1.90
2024/05/24 星期五 00:41:36.166,1716482496166,NH-DC-NM129-D06-ROCE-Leaf-8.GPU.S9825,FourHundredGigE1/0/54,0,0,0,0,0,0
2024/05/24 星期五 00:41:36.670,1716482496670,NH-DC-NM129-D06-ROCE-Leaf-8.GPU.S9825,FourHundredGigE1/0/54,209150,758008084,398189,1560461692,1.86,3.87
2024/05/24 星期五 00:41:37.228,1716482497228,NH-DC-NM129-D06-ROCE-Leaf-8.GPU.S9825,FourHundredGigE1/0/54,153005,564190418,213530,845100400,1.25,1.88
2024/05/24 星期五 00:41:38.611,1716482498611,NH-DC-NM129-D06-ROCE-Leaf-8.GPU.S9825,FourHundredGigE1/0/54,449780,1673222168,401249,1583043746,1.51,1.43
2024/05/24 星期五 00:41:39.841,1716482499841,NH-DC-NM129-D06-ROCE-Leaf-8.GPU.S9825,FourHundredGigE1/0/54,0,0,0,0,0,0
2024/05/24 星期五 00:41:40.467,1716482500467,NH-DC-NM129-D06-ROCE-Leaf-8.GPU.S9825,FourHundredGigE1/0/54,83778,276173240,68243,230445994,0.54,0.46
2024/05/24 星期五 00:41:41.031,1716482501031,NH-DC-NM129-D06-ROCE-Leaf-8.GPU.S9825,FourHundredGigE1/0/54,0,0,0,0,0,0
2024/05/24 星期五 00:41:41.659,1716482501659,NH-DC-NM129-D06-ROCE-Leaf-8.GPU.S9825,FourHundredGigE1/0/54,218667,887451822,189933,725743482,1.75,1.43
2024/05/24 星期五 00:41:42.165,1716482502165,NH-DC-NM129-D06-ROCE-Leaf-8.GPU.S9825,FourHundredGigE1/0/54,102902,389151604,97063,370365078,0.94,0.91
2024/05/24 星期五 00:41:42.883,1716482502883,NH-DC-NM129-D06-ROCE-Leaf-8.GPU.S9825,FourHundredGigE1/0/54,0,0,0,0,0,0
2024/05/24 星期五 00:41:43.558,1716482503558,NH-DC-NM129-D06-ROCE-Leaf-8.GPU.S9825,FourHundredGigE1/0/54,41861,145517514,158748,620242944,0.26,1.15
2024/05/24 星期五 00:41:44.168,1716482504168,NH-DC-NM129-D06-ROCE-Leaf-8.GPU.S9825,FourHundredGigE1/0/54,0,0,0,0,0,0
2024/05/24 星期五 00:41:44.764,1716482504764,NH-DC-NM129-D06-ROCE-Leaf-8.GPU.S9825,FourHundredGigE1/0/54,135566,514566052,353663,1331278954,1.07,2.79
2024/05/24 星期五 00:41:45.312,1716482505312,NH-DC-NM129-D06-ROCE-Leaf-8.GPU.S9825,FourHundredGigE1/0/54,230757,946503362,149338,583705496,2.14,1.32
2024/05/24 星期五 00:41:45.814,1716482505814,NH-DC-NM129-D06-ROCE-Leaf-8.GPU.S9825,FourHundredGigE1/0/54,0,0,0,0,0,0
2024/05/24 星期五 00:41:46.568,1716482506568,NH-DC-NM129-D06-ROCE-Leaf-8.GPU.S9825,FourHundredGigE1/0/54,218323,886584144,115544,450333134,1.46,0.75
2024/05/24 星期五 00:41:47.195,1716482507195,NH-DC-NM129-D06-ROCE-Leaf-8.GPU.S9825,FourHundredGigE1/0/54,0,0,0,0,0,0
2024/05/24 星期五 00:41:47.697,1716482507697,NH-DC-NM129-D06-ROCE-Leaf-8.GPU.S9825,FourHundredGigE1/0/54,194162,730520359,154368,575523186,1.82,1.42
2024/05/24 星期五 00:41:48.259,1716482508259,NH-DC-NM129-D06-ROCE-Leaf-8.GPU.S9825,FourHundredGigE1/0/54,0,0,0,0,0,0
2024/05/24 星期五 00:41:48.760,1716482508760,NH-DC-NM129-D06-ROCE-Leaf-8.GPU.S9825,FourHundredGigE1/0/54,772926,3090221138,416120,1689157552,7.71,4.19
2024/05/24 星期五 00:41:49.268,1716482509268,NH-DC-NM129-D06-ROCE-Leaf-8.GPU.S9825,FourHundredGigE1/0/54,2445032,9982498202,61372,236962108,24.56,0.57
2024/05/24 星期五 00:41:49.993,1716482509993,NH-DC-NM129-D06-ROCE-Leaf-8.GPU.S9825,FourHundredGigE1/0/54,0,0,0,0,0,0
2024/05/24 星期五 00:41:50.631,1716482510631,NH-DC-NM129-D06-ROCE-Leaf-8.GPU.S9825,FourHundredGigE1/0/54,1715646,7014381164,136285,541497166,13.73,1.06
2024/05/24 星期五 00:41:51.155,1716482511155,NH-DC-NM129-D06-ROCE-Leaf-8.GPU.S9825,FourHundredGigE1/0/54,118392,427915712,111118,405202284,1.00,0.95
2024/05/24 星期五 00:41:51.748,1716482511748,NH-DC-NM129-D06-ROCE-Leaf-8.GPU.S9825,FourHundredGigE1/0/54,0,0,0,0,0,0
2024/05/24 星期五 00:41:52.248,1716482512248,NH-DC-NM129-D06-ROCE-Leaf-8.GPU.S9825,FourHundredGigE1/0/54,0,0,0,0,0,0
2024/05/24 星期五 00:41:52.750,1716482512750,NH-DC-NM129-D06-ROCE-Leaf-8.GPU.S9825,FourHundredGigE1/0/54,619193,2467178194,690913,2830306722,6.13,7.05
2024/05/24 星期五 00:41:53.493,1716482513493,NH-DC-NM129-D06-ROCE-Leaf-8.GPU.S9825,FourHundredGigE1/0/54,86787,313237794,108254,413859084,0.52,0.69
2024/05/24 星期五 00:41:54.122,1716482514122,NH-DC-NM129-D06-ROCE-Leaf-8.GPU.S9825,FourHundredGigE1/0/54,0,0,0,0,0,0
2024/05/24 星期五 00:41:54.623,1716482514623,NH-DC-NM129-D06-ROCE-Leaf-8.GPU.S9825,FourHundredGigE1/0/54,89981,314584895,151336,613633336,0.77,1.52
2024/05/24 星期五 00:41:55.251,1716482515251,NH-DC-NM129-D06-ROCE-Leaf-8.GPU.S9825,FourHundredGigE1/0/54,0,0,0,0,0,0
2024/05/24 星期五 00:41:55.773,1716482515773,NH-DC-NM129-D06-ROCE-Leaf-8.GPU.S9825,FourHundredGigE1/0/54,539483,2182034006,152899,589023578,5.22,1.39
2024/05/24 星期五 00:41:56.273,1716482516273,NH-DC-NM129-D06-ROCE-Leaf-8.GPU.S9825,FourHundredGigE1/0/54,140425,491868995,93772,325818580,1.22,0.8
2024/05/24 星期五 00:41:56.998,1716482516998,NH-DC-NM129-D06-ROCE-Leaf-8.GPU.S9825,FourHundredGigE1/0/54,0,0,0,0,0,0
2024/05/24 星期五 00:41:57.628,1716482517628,NH-DC-NM129-D06-ROCE-Leaf-8.GPU.S9825,FourHundredGigE1/0/54,85663,308835746,158609,549751050,0.60,1.07
2024/05/24 星期五 00:41:58.300,1716482518300,NH-DC-NM129-D06-ROCE-Leaf-8.GPU.S9825,FourHundredGigE1/0/54,201900,753894912,466776,1791564896,1.40,3.33
2024/05/24 星期五 00:41:59.764,1716482519764,NH-DC-NM129-D06-ROCE-Leaf-8.GPU.S9825,FourHundredGigE1/0/54,145434,559510776,271275,1074658198,0.47,0.91
2024/05/24 星期五 00:42:00.457,1716482520457,NH-DC-NM129-D06-ROCE-Leaf-8.GPU.S9825,FourHundredGigE1/0/54,140772,541425588,154946,589493444,0.97,1.05
2024/05/24 星期五 00:42:01.173,1716482521173,NH-DC-NM129-D06-ROCE-Leaf-8.GPU.S9825,FourHundredGigE1/0/54,0,0,0,0,0,0
2024/05/24 星期五 00:42:01.675,1716482521675,NH-DC-NM129-D06-ROCE-Leaf-8.GPU.S9825,FourHundredGigE1/0/54,142886,528137028,306161,1204064382,1.29,2.99
2024/05/24 星期五 00:42:02.254,1716482522254,NH-DC-NM129-D06-ROCE-Leaf-8.GPU.S9825,FourHundredGigE1/0/54,0,0,0,0,0,0
2024/05/24 星期五 00:42:02.757,1716482522757,NH-DC-NM129-D06-ROCE-Leaf-8.GPU.S9825,FourHundredGigE1/0/54,335481,1294026166,188095,705846710,3.21,1.74
2024/05/24 星期五 00:42:03.266,1716482523266,NH-DC-NM129-D06-ROCE-Leaf-8.GPU.S9825,FourHundredGigE1/0/54,478232,1937383820,206188,780204612,4.74,1.92
2024/05/24 星期五 00:42:03.897,1716482523897,NH-DC-NM129-D06-ROCE-Leaf-8.GPU.S9825,FourHundredGigE1/0/54,0,0,0,0,0,0
2024/05/24 星期五 00:42:04.573,1716482524573,NH-DC-NM129-D06-ROCE-Leaf-8.GPU.S9825,FourHundredGigE1/0/54,244271,921335784,138468,500748912,1.70,0.92
2024/05/24 星期五 00:42:05.073,1716482525073,NH-DC-NM129-D06-ROCE-Leaf-8.GPU.S9825,FourHundredGigE1/0/54,0,0,0,0,0,0
2024/05/24 星期五 00:42:05.618,1716482525618,NH-DC-NM129-D06-ROCE-Leaf-8.GPU.S9825,FourHundredGigE1/0/54,146661,579769006,124895,434100406,1.31,0.99
2024/05/24 星期五 00:42:06.202,1716482526202,NH-DC-NM129-D06-ROCE-Leaf-8.GPU.S9825,FourHundredGigE1/0/54,0,0,0,0,0,0
2024/05/24 星期五 00:42:06.716,1716482526716,NH-DC-NM129-D06-ROCE-Leaf-8.GPU.S9825,FourHundredGigE1/0/54,138129,472687738,372091,1384433886,1.14,3.36
2024/05/24 星期五 00:42:07.346,1716482527346,NH-DC-NM129-D06-ROCE-Leaf-8.GPU.S9825,FourHundredGigE1/0/54,100683,384796638,306492,1175714842,0.75,2.32
2024/05/24 星期五 00:42:07.922,1716482527922,NH-DC-NM129-D06-ROCE-Leaf-8.GPU.S9825,FourHundredGigE1/0/54,0,0,0,0,0,0
2024/05/24 星期五 00:42:08.423,1716482528423,NH-DC-NM129-D06-ROCE-Leaf-8.GPU.S9825,FourHundredGigE1/0/54,96251,379174411,117262,437965596,0.92,1.07
2024/05/24 星期五 00:42:09.002,1716482529002,NH-DC-NM129-D06-ROCE-Leaf-8.GPU.S9825,FourHundredGigE1/0/54,0,0,0,0,0,0
2024/05/24 星期五 00:42:09.513,1716482529513,NH-DC-NM129-D06-ROCE-Leaf-8.GPU.S9825,FourHundredGigE1/0/54,230641,893921670,173213,679496976,2.18,1.64
2024/05/24 星期五 00:42:10.816,1716482530816,NH-DC-NM129-D06-ROCE-Leaf-8.GPU.S9825,FourHundredGigE1/0/54,239567,851355618,379200,1484231854,0.82,1.42
2024/05/24 星期五 00:42:11.317,1716482531317,NH-DC-NM129-D06-ROCE-Leaf-8.GPU.S9825,FourHundredGigE1/0/54,192149,663689266,107863,397494554,1.65,0.97
2024/05/24 星期五 00:42:11.828,1716482531828,NH-DC-NM129-D06-ROCE-Leaf-8.GPU.S9825,FourHundredGigE1/0/54,0,0,0,0,0,0
2024/05/24 星期五 00:42:12.386,1716482532386,NH-DC-NM129-D06-ROCE-Leaf-8.GPU.S9825,FourHundredGigE1/0/54,114601,392332558,119119,433516470,0.87,0.96
2024/05/24 星期五 00:42:13.370,1716482533370,NH-DC-NM129-D06-ROCE-Leaf-8.GPU.S9825,FourHundredGigE1/0/54,308502,1205402120,127003,454735678,1.52,0.57
2024/05/24 星期五 00:42:13.966,1716482533966,NH-DC-NM129-D06-ROCE-Leaf-8.GPU.S9825,FourHundredGigE1/0/54,0,0,0,0,0,0
2024/05/24 星期五 00:42:14.532,1716482534532,NH-DC-NM129-D06-ROCE-Leaf-8.GPU.S9825,FourHundredGigE1/0/54,176484,645743784,102732,370076320,1.41,0.82
2024/05/24 星期五 00:42:15.050,1716482535050,NH-DC-NM129-D06-ROCE-Leaf-8.GPU.S9825,FourHundredGigE1/0/54,0,0,0,0,0,0
2024/05/24 星期五 00:42:15.604,1716482535604,NH-DC-NM129-D06-ROCE-Leaf-8.GPU.S9825,FourHundredGigE1/0/54,135356,437518248,197099,761903622,0.97,1.71
2024/05/24 星期五 00:42:16.105,1716482536105,NH-DC-NM129-D06-ROCE-Leaf-8.GPU.S9825,FourHundredGigE1/0/54,0,0,0,0,0,0
2024/05/24 星期五 00:42:16.738,1716482536738,NH-DC-NM129-D06-ROCE-Leaf-8.GPU.S9825,FourHundredGigE1/0/54,303585,1110437666,115831,438588216,2.19,0.85
2024/05/24 星期五 00:42:17.346,1716482537346,NH-DC-NM129-D06-ROCE-Leaf-8.GPU.S9825,FourHundredGigE1/0/54,1292084,5140543972,251722,963840166,10.57,1.97
2024/05/24 星期五 00:42:17.877,1716482537877,NH-DC-NM129-D06-ROCE-Leaf-8.GPU.S9825,FourHundredGigE1/0/54,0,0,0,0,0,0
2024/05/24 星期五 00:42:18.495,1716482538495,NH-DC-NM129-D06-ROCE-Leaf-8.GPU.S9825,FourHundredGigE1/0/54,311036,1092365212,110741,420830574,2.20,0.85
2024/05/24 星期五 00:42:19.687,1716482539687,NH-DC-NM129-D06-ROCE-Leaf-8.GPU.S9825,FourHundredGigE1/0/54,116845,312814302,123181,469877350,0.33,0.48
2024/05/24 星期五 00:42:20.364,1716482540364,NH-DC-NM129-D06-ROCE-Leaf-8.GPU.S9825,FourHundredGigE1/0/54,960388,3880372848,78296,289993704,7.16,0.52
2024/05/24 星期五 00:42:20.925,1716482540925,NH-DC-NM129-D06-ROCE-Leaf-8.GPU.S9825,FourHundredGigE1/0/54,0,0,0,0,0,0
2024/05/24 星期五 00:42:21.589,1716482541589,NH-DC-NM129-D06-ROCE-Leaf-8.GPU.S9825,FourHundredGigE1/0/54,2305144,9428106628,335224,1312755620,17.73,2.47
2024/05/24 星期五 00:42:22.140,1716482542140,NH-DC-NM129-D06-ROCE-Leaf-8.GPU.S9825,FourHundredGigE1/0/54,0,0,0,0,0,0
2024/05/24 星期五 00:42:22.734,1716482542734,NH-DC-NM129-D06-ROCE-Leaf-8.GPU.S9825,FourHundredGigE1/0/54,1325683,5407523592,196987,764015094,11.36,1.60
2024/05/24 星期五 00:42:23.275,1716482543275,NH-DC-NM129-D06-ROCE-Leaf-8.GPU.S9825,FourHundredGigE1/0/54,291988,1186119866,229964,701916084,2.73,1.62
2024/05/24 星期五 00:42:23.875,1716482543875,NH-DC-NM129-D06-ROCE-Leaf-8.GPU.S9825,FourHundredGigE1/0/54,0,0,0,0,0,0
2024/05/24 星期五 00:42:24.483,1716482544483,NH-DC-NM129-D06-ROCE-Leaf-8.GPU.S9825,FourHundredGigE1/0/54,347268,1302549317,199509,688666886,2.67,1.40
2024/05/24 星期五 00:42:25.074,1716482545074,NH-DC-NM129-D06-ROCE-Leaf-8.GPU.S9825,FourHundredGigE1/0/54,0,0,0,0,0,0
2024/05/24 星期五 00:42:25.697,1716482545697,NH-DC-NM129-D06-ROCE-Leaf-8.GPU.S9825,FourHundredGigE1/0/54,112230,449865184,201928,802435384,0.88,1.61
2024/05/24 星期五 00:42:26.243,1716482546243,NH-DC-NM129-D06-ROCE-Leaf-8.GPU.S9825,FourHundredGigE1/0/54,338593,1375375238,378120,1458966576,3.14,3.32
2024/05/24 星期五 00:42:26.811,1716482546811,NH-DC-NM129-D06-ROCE-Leaf-8.GPU.S9825,FourHundredGigE1/0/54,0,0,0,0,0,0
2024/05/24 星期五 00:42:27.369,1716482547369,NH-DC-NM129-D06-ROCE-Leaf-8.GPU.S9825,FourHundredGigE1/0/54,225500,863428096,153868,577830460,1.93,1.28
2024/05/24 星期五 00:42:27.933,1716482547933,NH-DC-NM129-D06-ROCE-Leaf-8.GPU.S9825,FourHundredGigE1/0/54,0,0,0,0,0,0
2024/05/24 星期五 00:42:28.616,1716482548616,NH-DC-NM129-D06-ROCE-Leaf-8.GPU.S9825,FourHundredGigE1/0/54,332473,1352385118,369372,1455446092,2.47,2.65
2024/05/24 星期五 00:42:29.206,1716482549206,NH-DC-NM129-D06-ROCE-Leaf-8.GPU.S9825,FourHundredGigE1/0/54,0,0,0,0,0,0
2024/05/24 星期五 00:42:29.709,1716482549709,NH-DC-NM129-D06-ROCE-Leaf-8.GPU.S9825,FourHundredGigE1/0/54,195134,797603124,203211,830656590,1.96,2.06
2024/05/24 星期五 00:42:30.430,1716482550430,NH-DC-NM129-D06-ROCE-Leaf-8.GPU.S9825,FourHundredGigE1/0/54,167424,655854808,93592,310981004,1.13,0.54
2024/05/24 星期五 00:42:31.000,1716482551000,NH-DC-NM129-D06-ROCE-Leaf-8.GPU.S9825,FourHundredGigE1/0/54,0,0,0,0,0,0
2024/05/24 星期五 00:42:31.504,1716482551504,NH-DC-NM129-D06-ROCE-Leaf-8.GPU.S9825,FourHundredGigE1/0/54,111862,432951752,107666,418075848,1.07,1.02
2024/05/24 星期五 00:42:32.209,1716482552209,NH-DC-NM129-D06-ROCE-Leaf-8.GPU.S9825,FourHundredGigE1/0/54,538627,2193686358,142206,532291256,3.88,0.94
2024/05/24 星期五 00:42:32.767,1716482552767,NH-DC-NM129-D06-ROCE-Leaf-8.GPU.S9825,FourHundredGigE1/0/54,0,0,0,0,0,0
2024/05/24 星期五 00:42:33.271,1716482553271,NH-DC-NM129-D06-ROCE-Leaf-8.GPU.S9825,FourHundredGigE1/0/54,119367,433240672,134687,503033158,1.07,1.24
2024/05/24 星期五 00:42:33.867,1716482553867,NH-DC-NM129-D06-ROCE-Leaf-8.GPU.S9825,FourHundredGigE1/0/54,0,0,0,0,0,0
2024/05/24 星期五 00:42:34.504,1716482554504,NH-DC-NM129-D06-ROCE-Leaf-8.GPU.S9825,FourHundredGigE1/0/54,57711,205293936,140285,523360178,0.39,1.02
2024/05/24 星期五 00:42:35.076,1716482555076,NH-DC-NM129-D06-ROCE-Leaf-8.GPU.S9825,FourHundredGigE1/0/54,230148,927465192,220974,900974270,2.01,1.97
2024/05/24 星期五 00:42:35.782,1716482555782,NH-DC-NM129-D06-ROCE-Leaf-8.GPU.S9825,FourHundredGigE1/0/54,0,0,0,0,0,0
2024/05/24 星期五 00:42:36.322,1716482556322,NH-DC-NM129-D06-ROCE-Leaf-8.GPU.S9825,FourHundredGigE1/0/54,132319,507613078,250167,1006781000,1.16,2.31
2024/05/24 星期五 00:42:36.969,1716482556969,NH-DC-NM129-D06-ROCE-Leaf-8.GPU.S9825,FourHundredGigE1/0/54,0,0,0,0,0,0
2024/05/24 星期五 00:42:37.754,1716482557754,NH-DC-NM129-D06-ROCE-Leaf-8.GPU.S9825,FourHundredGigE1/0/54,114562,407813472,125375,485418432,0.64,0.76
2024/05/24 星期五 00:42:38.254,1716482558254,NH-DC-NM129-D06-ROCE-Leaf-8.GPU.S9825,FourHundredGigE1/0/54,106701,397352620,143388,526584960,0.98,1.3
2024/05/24 星期五 00:42:39.703,1716482559703,NH-DC-NM129-D06-ROCE-Leaf-8.GPU.S9825,FourHundredGigE1/0/54,213874,828215898,191758,678978664,0.71,0.58
2024/05/24 星期五 00:42:40.597,1716482560597,NH-DC-NM129-D06-ROCE-Leaf-8.GPU.S9825,FourHundredGigE1/0/54,58536,231646728,96140,134467852,0.32,0.18
2024/05/24 星期五 00:42:41.429,1716482561429,NH-DC-NM129-D06-ROCE-Leaf-8.GPU.S9825,FourHundredGigE1/0/54,148663,599018674,235594,727688136,0.89,1.08
2024/05/24 星期五 00:42:42.094,1716482562094,NH-DC-NM129-D06-ROCE-Leaf-8.GPU.S9825,FourHundredGigE1/0/54,0,0,0,0,0,0
2024/05/24 星期五 00:42:42.597,1716482562597,NH-DC-NM129-D06-ROCE-Leaf-8.GPU.S9825,FourHundredGigE1/0/54,190356,742079816,94700,252043940,1.84,0.62
2024/05/24 星期五 00:42:43.174,1716482563174,NH-DC-NM129-D06-ROCE-Leaf-8.GPU.S9825,FourHundredGigE1/0/54,0,0,0,0,0,0
2024/05/24 星期五 00:42:43.777,1716482563777,NH-DC-NM129-D06-ROCE-Leaf-8.GPU.S9825,FourHundredGigE1/0/54,331478,1270486172,201543,667707350,2.63,1.37
2024/05/24 星期五 00:42:44.428,1716482564428,NH-DC-NM129-D06-ROCE-Leaf-8.GPU.S9825,FourHundredGigE1/0/54,135157,504688001,114442,313648648,0.96,0.60
2024/05/24 星期五 00:42:44.986,1716482564986,NH-DC-NM129-D06-ROCE-Leaf-8.GPU.S9825,FourHundredGigE1/0/54,218060,858835934,77596,133559444,1.90,0.29
2024/05/24 星期五 00:42:46.432,1716482566432,NH-DC-NM129-D06-ROCE-Leaf-8.GPU.S9825,FourHundredGigE1/0/54,91964,328548752,201545,757626578,0.28,0.65
2024/05/24 星期五 00:42:46.933,1716482566933,NH-DC-NM129-D06-ROCE-Leaf-8.GPU.S9825,FourHundredGigE1/0/54,0,0,0,0,0,0
2024/05/24 星期五 00:42:47.434,1716482567434,NH-DC-NM129-D06-ROCE-Leaf-8.GPU.S9825,FourHundredGigE1/0/54,132988,481049054,102008,352750168,1.20,0.87
2024/05/24 星期五 00:42:48.021,1716482568021,NH-DC-NM129-D06-ROCE-Leaf-8.GPU.S9825,FourHundredGigE1/0/54,0,0,0,0,0,0
2024/05/24 星期五 00:42:48.536,1716482568536,NH-DC-NM129-D06-ROCE-Leaf-8.GPU.S9825,FourHundredGigE1/0/54,302936,1210229474,225437,892463930,2.94,2.16
2024/05/24 星期五 00:42:49.165,1716482569165,NH-DC-NM129-D06-ROCE-Leaf-8.GPU.S9825,FourHundredGigE1/0/54,0,0,0,0,0,0
2024/05/24 星期五 00:42:49.671,1716482569671,NH-DC-NM129-D06-ROCE-Leaf-8.GPU.S9825,FourHundredGigE1/0/54,269168,1037538164,162317,620236582,2.54,1.53
2024/05/24 星期五 00:42:50.195,1716482570195,NH-DC-NM129-D06-ROCE-Leaf-8.GPU.S9825,FourHundredGigE1/0/54,156745,604171254,655336,2623991468,1.43,6.25
2024/05/24 星期五 00:42:50.783,1716482570783,NH-DC-NM129-D06-ROCE-Leaf-8.GPU.S9825,FourHundredGigE1/0/54,0,0,0,0,0,0
2024/05/24 星期五 00:42:51.392,1716482571392,NH-DC-NM129-D06-ROCE-Leaf-8.GPU.S9825,FourHundredGigE1/0/54,210514,825629864,117527,444748530,1.68,0.90
2024/05/24 星期五 00:42:51.892,1716482571892,NH-DC-NM129-D06-ROCE-Leaf-8.GPU.S9825,FourHundredGigE1/0/54,0,0,0,0,0,0
2024/05/24 星期五 00:42:52.425,1716482572425,NH-DC-NM129-D06-ROCE-Leaf-8.GPU.S9825,FourHundredGigE1/0/54,272828,1104729336,101940,359480460,2.58,0.82
2024/05/24 星期五 00:42:52.984,1716482572984,NH-DC-NM129-D06-ROCE-Leaf-8.GPU.S9825,FourHundredGigE1/0/54,0,0,0,0,0,0
2024/05/24 星期五 00:42:53.494,1716482573494,NH-DC-NM129-D06-ROCE-Leaf-8.GPU.S9825,FourHundredGigE1/0/54,291964,1116430632,201190,772805760,2.72,1.89
2024/05/24 星期五 00:42:54.284,1716482574284,NH-DC-NM129-D06-ROCE-Leaf-8.GPU.S9825,FourHundredGigE1/0/54,215233,804696763,244866,945035644,1.27,1.49
2024/05/24 星期五 00:42:54.863,1716482574863,NH-DC-NM129-D06-ROCE-Leaf-8.GPU.S9825,FourHundredGigE1/0/54,0,0,0,0,0,0
2024/05/24 星期五 00:42:55.365,1716482575365,NH-DC-NM129-D06-ROCE-Leaf-8.GPU.S9825,FourHundredGigE1/0/54,320478,1232596612,222334,832358912,3.06,2.07
2024/05/24 星期五 00:42:56.066,1716482576066,NH-DC-NM129-D06-ROCE-Leaf-8.GPU.S9825,FourHundredGigE1/0/54,0,0,0,0,0,0
2024/05/24 星期五 00:42:57.434,1716482577434,NH-DC-NM129-D06-ROCE-Leaf-8.GPU.S9825,FourHundredGigE1/0/54,408067,1478841914,566792,2214930272,1.34,2.02
2024/05/24 星期五 00:42:58.051,1716482578051,NH-DC-NM129-D06-ROCE-Leaf-8.GPU.S9825,FourHundredGigE1/0/54,0,0,0,0,0,0
2024/05/24 星期五 00:42:58.662,1716482578662,NH-DC-NM129-D06-ROCE-Leaf-8.GPU.S9825,FourHundredGigE1/0/54,80943,230662986,162647,579348670,0.47,1.17
2024/05/24 星期五 00:42:59.211,1716482579211,NH-DC-NM129-D06-ROCE-Leaf-8.GPU.S9825,FourHundredGigE1/0/54,0,0,0,0,0,0
2024/05/24 星期五 00:42:59.791,1716482579791,NH-DC-NM129-D06-ROCE-Leaf-8.GPU.S9825,FourHundredGigE1/0/54,93678,307712436,147177,489976759,0.65,1.03
2024/05/24 星期五 00:43:00.448,1716482580448,NH-DC-NM129-D06-ROCE-Leaf-8.GPU.S9825,FourHundredGigE1/0/54,161851,637924490,85975,303910290,1.20,0.57
2024/05/24 星期五 00:43:00.981,1716482580981,NH-DC-NM129-D06-ROCE-Leaf-8.GPU.S9825,FourHundredGigE1/0/54,0,0,0,0,0,0
2024/05/24 星期五 00:43:01.481,1716482581481,NH-DC-NM129-D06-ROCE-Leaf-8.GPU.S9825,FourHundredGigE1/0/54,235318,939750020,217127,792485102,2.32,1.98
2024/05/24 星期五 00:43:02.030,1716482582030,NH-DC-NM129-D06-ROCE-Leaf-8.GPU.S9825,FourHundredGigE1/0/54,0,0,0,0,0,0
2024/05/24 星期五 00:43:02.555,1716482582555,NH-DC-NM129-D06-ROCE-Leaf-8.GPU.S9825,FourHundredGigE1/0/54,122295,450527355,200948,767971992,1.07,1.81
2024/05/24 星期五 00:43:03.146,1716482583146,NH-DC-NM129-D06-ROCE-Leaf-8.GPU.S9825,FourHundredGigE1/0/54,0,0,0,0,0,0
2024/05/24 星期五 00:43:03.646,1716482583646,NH-DC-NM129-D06-ROCE-Leaf-8.GPU.S9825,FourHundredGigE1/0/54,57934,209799146,271462,1017577496,0.5,2.52
2024/05/24 星期五 00:43:04.311,1716482584311,NH-DC-NM129-D06-ROCE-Leaf-8.GPU.S9825,FourHundredGigE1/0/54,246229,977208842,160693,628868274,1.82,1.17
2024/05/24 星期五 00:43:04.882,1716482584882,NH-DC-NM129-D06-ROCE-Leaf-8.GPU.S9825,FourHundredGigE1/0/54,0,0,0,0,0,0
2024/05/24 星期五 00:43:05.383,1716482585383,NH-DC-NM129-D06-ROCE-Leaf-8.GPU.S9825,FourHundredGigE1/0/54,1692267,6894271784,152654,577840560,17.19,1.42
2024/05/24 星期五 00:43:05.889,1716482585889,NH-DC-NM129-D06-ROCE-Leaf-8.GPU.S9825,FourHundredGigE1/0/54,0,0,0,0,0,0
2024/05/24 星期五 00:43:06.547,1716482586547,NH-DC-NM129-D06-ROCE-Leaf-8.GPU.S9825,FourHundredGigE1/0/54,2487336,10145454960,151090,534019764,19.26,1.01
2024/05/24 星期五 00:43:07.174,1716482587174,NH-DC-NM129-D06-ROCE-Leaf-8.GPU.S9825,FourHundredGigE1/0/54,0,0,0,0,0,0
2024/05/24 星期五 00:43:07.717,1716482587717,NH-DC-NM129-D06-ROCE-Leaf-8.GPU.S9825,FourHundredGigE1/0/54,561265,2252952116,165859,639352170,5.18,1.45
2024/05/24 星期五 00:43:08.307,1716482588307,NH-DC-NM129-D06-ROCE-Leaf-8.GPU.S9825,FourHundredGigE1/0/54,325989,1284056110,867372,3484005660,2.71,7.37
2024/05/24 星期五 00:43:08.858,1716482588858,NH-DC-NM129-D06-ROCE-Leaf-8.GPU.S9825,FourHundredGigE1/0/54,0,0,0,0,0,0
2024/05/24 星期五 00:43:09.359,1716482589359,NH-DC-NM129-D06-ROCE-Leaf-8.GPU.S9825,FourHundredGigE1/0/54,271717,1085043826,109662,367242240,2.69,0.90
2024/05/24 星期五 00:43:09.916,1716482589916,NH-DC-NM129-D06-ROCE-Leaf-8.GPU.S9825,FourHundredGigE1/0/54,0,0,0,0,0,0
2024/05/24 星期五 00:43:10.557,1716482590557,NH-DC-NM129-D06-ROCE-Leaf-8.GPU.S9825,FourHundredGigE1/0/54,116639,438528396,58913,189579574,0.84,0.35
2024/05/24 星期五 00:43:11.085,1716482591085,NH-DC-NM129-D06-ROCE-Leaf-8.GPU.S9825,FourHundredGigE1/0/54,0,0,0,0,0,0
2024/05/24 星期五 00:43:11.594,1716482591594,NH-DC-NM129-D06-ROCE-Leaf-8.GPU.S9825,FourHundredGigE1/0/54,133605,496113064,125349,400225822,1.20,0.98
2024/05/24 星期五 00:43:12.128,1716482592128,NH-DC-NM129-D06-ROCE-Leaf-8.GPU.S9825,FourHundredGigE1/0/54,0,0,0,0,0,0
2024/05/24 星期五 00:43:12.649,1716482592649,NH-DC-NM129-D06-ROCE-Leaf-8.GPU.S9825,FourHundredGigE1/0/54,468515,1819361690,566156,2295347976,4.34,5.49
2024/05/24 星期五 00:43:13.494,1716482593494,NH-DC-NM129-D06-ROCE-Leaf-8.GPU.S9825,FourHundredGigE1/0/54,232199,903403654,176145,557070078,1.33,0.81
2024/05/24 星期五 00:43:14.137,1716482594137,NH-DC-NM129-D06-ROCE-Leaf-8.GPU.S9825,FourHundredGigE1/0/54,0,0,0,0,0,0
2024/05/24 星期五 00:43:14.706,1716482594706,NH-DC-NM129-D06-ROCE-Leaf-8.GPU.S9825,FourHundredGigE1/0/54,249729,905478219,176272,679839528,1.98,1.47
2024/05/24 星期五 00:43:15.269,1716482595269,NH-DC-NM129-D06-ROCE-Leaf-8.GPU.S9825,FourHundredGigE1/0/54,0,0,0,0,0,0
2024/05/24 星期五 00:43:15.772,1716482595772,NH-DC-NM129-D06-ROCE-Leaf-8.GPU.S9825,FourHundredGigE1/0/54,376518,1544950012,168721,633026198,3.83,1.57
2024/05/24 星期五 00:43:16.573,1716482596573,NH-DC-NM129-D06-ROCE-Leaf-8.GPU.S9825,FourHundredGigE1/0/54,411260,1651495568,220015,815295802,2.57,1.26
2024/05/24 星期五 00:43:17.229,1716482597229,NH-DC-NM129-D06-ROCE-Leaf-8.GPU.S9825,FourHundredGigE1/0/54,183545,657137416,112378,433437020,1.24,0.82
2024/05/24 星期五 00:43:17.826,1716482597826,NH-DC-NM129-D06-ROCE-Leaf-8.GPU.S9825,FourHundredGigE1/0/54,0,0,0,0,0,0
2024/05/24 星期五 00:43:18.435,1716482598435,NH-DC-NM129-D06-ROCE-Leaf-8.GPU.S9825,FourHundredGigE1/0/54,242632,921146378,168110,606214200,1.89,1.23
2024/05/24 星期五 00:43:19.508,1716482599508,NH-DC-NM129-D06-ROCE-Leaf-8.GPU.S9825,FourHundredGigE1/0/54,417895,1686130380,319651,1281681242,1.96,1.49
2024/05/24 星期五 00:43:20.239,1716482600239,NH-DC-NM129-D06-ROCE-Leaf-8.GPU.S9825,FourHundredGigE1/0/54,290725,1133766400,117665,462863408,1.93,0.79
2024/05/24 星期五 00:43:20.917,1716482600917,NH-DC-NM129-D06-ROCE-Leaf-8.GPU.S9825,FourHundredGigE1/0/54,0,0,0,0,0,0
2024/05/24 星期五 00:43:21.485,1716482601485,NH-DC-NM129-D06-ROCE-Leaf-8.GPU.S9825,FourHundredGigE1/0/54,143605,548039058,326660,1299556018,1.19,2.84
2024/05/24 星期五 00:43:22.064,1716482602064,NH-DC-NM129-D06-ROCE-Leaf-8.GPU.S9825,FourHundredGigE1/0/54,0,0,0,0,0,0
2024/05/24 星期五 00:43:22.566,1716482602566,NH-DC-NM129-D06-ROCE-Leaf-8.GPU.S9825,FourHundredGigE1/0/54,134428,501721376,174523,666114238,1.25,1.64
2024/05/24 星期五 00:43:23.074,1716482603074,NH-DC-NM129-D06-ROCE-Leaf-8.GPU.S9825,FourHundredGigE1/0/54,0,0,0,0,0,0
2024/05/24 星期五 00:43:23.730,1716482603730,NH-DC-NM129-D06-ROCE-Leaf-8.GPU.S9825,FourHundredGigE1/0/54,563067,2304337600,75142,177990932,4.38,0.32
2024/05/24 星期五 00:43:24.428,1716482604428,NH-DC-NM129-D06-ROCE-Leaf-8.GPU.S9825,FourHundredGigE1/0/54,112889,361786725,175610,620845094,0.64,1.11
2024/05/24 星期五 00:43:24.938,1716482604938,NH-DC-NM129-D06-ROCE-Leaf-8.GPU.S9825,FourHundredGigE1/0/54,0,0,0,0,0,0
2024/05/24 星期五 00:43:25.561,1716482605561,NH-DC-NM129-D06-ROCE-Leaf-8.GPU.S9825,FourHundredGigE1/0/54,129409,458412430,52969,190047374,0.90,0.38
2024/05/24 星期五 00:43:26.061,1716482606061,NH-DC-NM129-D06-ROCE-Leaf-8.GPU.S9825,FourHundredGigE1/0/54,0,0,0,0,0,0
2024/05/24 星期五 00:43:26.562,1716482606562,NH-DC-NM129-D06-ROCE-Leaf-8.GPU.S9825,FourHundredGigE1/0/54,194694,747803158,252725,999761856,1.85,2.47
2024/05/24 星期五 00:43:27.373,1716482607373,NH-DC-NM129-D06-ROCE-Leaf-8.GPU.S9825,FourHundredGigE1/0/54,122540,423741554,349194,1402979242,0.65,2.16
2024/05/24 星期五 00:43:28.010,1716482608010,NH-DC-NM129-D06-ROCE-Leaf-8.GPU.S9825,FourHundredGigE1/0/54,0,0,0,0,0,0
2024/05/24 星期五 00:43:28.674,1716482608674,NH-DC-NM129-D06-ROCE-Leaf-8.GPU.S9825,FourHundredGigE1/0/54,159152,607902088,121390,457928144,1.13,0.85
2024/05/24 星期五 00:43:29.251,1716482609251,NH-DC-NM129-D06-ROCE-Leaf-8.GPU.S9825,FourHundredGigE1/0/54,0,0,0,0,0,0
2024/05/24 星期五 00:43:29.749,1716482609749,NH-DC-NM129-D06-ROCE-Leaf-8.GPU.S9825,FourHundredGigE1/0/54,194387,723501306,258898,1024501928,1.81,2.56
2024/05/24 星期五 00:43:30.250,1716482610250,NH-DC-NM129-D06-ROCE-Leaf-8.GPU.S9825,FourHundredGigE1/0/54,37793,111583706,68002,231662796,0.27,0.57
2024/05/24 星期五 00:43:31.009,1716482611009,NH-DC-NM129-D06-ROCE-Leaf-8.GPU.S9825,FourHundredGigE1/0/54,0,0,0,0,0,0
2024/05/24 星期五 00:43:31.646,1716482611646,NH-DC-NM129-D06-ROCE-Leaf-8.GPU.S9825,FourHundredGigE1/0/54,189907,655146356,67228,225500092,1.28,0.43
2024/05/24 星期五 00:43:32.279,1716482612279,NH-DC-NM129-D06-ROCE-Leaf-8.GPU.S9825,FourHundredGigE1/0/54,168051,658882829,245239,923568134,1.28,1.82
2024/05/24 星期五 00:43:32.838,1716482612838,NH-DC-NM129-D06-ROCE-Leaf-8.GPU.S9825,FourHundredGigE1/0/54,0,0,0,0,0,0
2024/05/24 星期五 00:43:33.341,1716482613341,NH-DC-NM129-D06-ROCE-Leaf-8.GPU.S9825,FourHundredGigE1/0/54,189122,691283948,169785,659997122,1.71,1.62
2024/05/24 星期五 00:43:34.108,1716482614108,NH-DC-NM129-D06-ROCE-Leaf-8.GPU.S9825,FourHundredGigE1/0/54,560031,2247428966,140123,615976734,3.65,0.99
2024/05/24 星期五 00:43:34.880,1716482614880,NH-DC-NM129-D06-ROCE-Leaf-8.GPU.S9825,FourHundredGigE1/0/54,0,0,0,0,0,0
2024/05/24 星期五 00:43:35.449,1716482615449,NH-DC-NM129-D06-ROCE-Leaf-8.GPU.S9825,FourHundredGigE1/0/54,179214,706551360,112380,428746292,1.54,0.92
2024/05/24 星期五 00:43:35.996,1716482615996,NH-DC-NM129-D06-ROCE-Leaf-8.GPU.S9825,FourHundredGigE1/0/54,0,0,0,0,0,0
2024/05/24 星期五 00:43:36.508,1716482616508,NH-DC-NM129-D06-ROCE-Leaf-8.GPU.S9825,FourHundredGigE1/0/54,216024,858409696,110363,435527410,2.08,1.05
2024/05/24 星期五 00:43:37.009,1716482617009,NH-DC-NM129-D06-ROCE-Leaf-8.GPU.S9825,FourHundredGigE1/0/54,266172,971169616,263363,1086176658,2.42,2.69
2024/05/24 星期五 00:43:37.970,1716482617970,NH-DC-NM129-D06-ROCE-Leaf-8.GPU.S9825,FourHundredGigE1/0/54,505835,2011878222,301924,1204706376,2.61,1.56
2024/05/24 星期五 00:43:39.728,1716482619728,NH-DC-NM129-D06-ROCE-Leaf-8.GPU.S9825,FourHundredGigE1/0/54,180043,694902202,165000,611315708,0.49,0.43
2024/05/24 星期五 00:43:40.299,1716482620299,NH-DC-NM129-D06-ROCE-Leaf-8.GPU.S9825,FourHundredGigE1/0/54,205735,840875050,133265,498336774,1.84,1.07
2024/05/24 星期五 00:43:40.892,1716482620892,NH-DC-NM129-D06-ROCE-Leaf-8.GPU.S9825,FourHundredGigE1/0/54,0,0,0,0,0,0
2024/05/24 星期五 00:43:41.641,1716482621641,NH-DC-NM129-D06-ROCE-Leaf-8.GPU.S9825,FourHundredGigE1/0/54,425590,1671118392,387843,1547704634,2.79,2.57
2024/05/24 星期五 00:43:42.141,1716482622141,NH-DC-NM129-D06-ROCE-Leaf-8.GPU.S9825,FourHundredGigE1/0/54,212006,843590376,318339,1199776962,2.1,2.98
2024/05/24 星期五 00:43:42.919,1716482622919,NH-DC-NM129-D06-ROCE-Leaf-8.GPU.S9825,FourHundredGigE1/0/54,0,0,0,0,0,0
2024/05/24 星期五 00:43:43.508,1716482623508,NH-DC-NM129-D06-ROCE-Leaf-8.GPU.S9825,FourHundredGigE1/0/54,251125,968578486,388475,1533387974,2.04,3.25
2024/05/24 星期五 00:43:44.009,1716482624009,NH-DC-NM129-D06-ROCE-Leaf-8.GPU.S9825,FourHundredGigE1/0/54,0,0,0,0,0,0
2024/05/24 星期五 00:43:44.577,1716482624577,NH-DC-NM129-D06-ROCE-Leaf-8.GPU.S9825,FourHundredGigE1/0/54,218796,849467092,624524,2501360774,1.85,5.50
2024/05/24 星期五 00:43:45.173,1716482625173,NH-DC-NM129-D06-ROCE-Leaf-8.GPU.S9825,FourHundredGigE1/0/54,0,0,0,0,0,0
2024/05/24 星期五 00:43:45.675,1716482625675,NH-DC-NM129-D06-ROCE-Leaf-8.GPU.S9825,FourHundredGigE1/0/54,386746,1574712372,528730,2162531010,3.91,5.38
2024/05/24 星期五 00:43:46.421,1716482626421,NH-DC-NM129-D06-ROCE-Leaf-8.GPU.S9825,FourHundredGigE1/0/54,267405,1003211230,158802,607929672,1.68,1.01
2024/05/24 星期五 00:43:46.948,1716482626948,NH-DC-NM129-D06-ROCE-Leaf-8.GPU.S9825,FourHundredGigE1/0/54,0,0,0,0,0,0
2024/05/24 星期五 00:43:47.445,1716482627445,NH-DC-NM129-D06-ROCE-Leaf-8.GPU.S9825,FourHundredGigE1/0/54,234162,891427408,124446,455129296,2.24,1.13
2024/05/24 星期五 00:43:48.169,1716482628169,NH-DC-NM129-D06-ROCE-Leaf-8.GPU.S9825,FourHundredGigE1/0/54,663598,2691246924,195038,777366688,4.64,1.33
2024/05/24 星期五 00:43:48.752,1716482628752,NH-DC-NM129-D06-ROCE-Leaf-8.GPU.S9825,FourHundredGigE1/0/54,0,0,0,0,0,0
2024/05/24 星期五 00:43:49.333,1716482629333,NH-DC-NM129-D06-ROCE-Leaf-8.GPU.S9825,FourHundredGigE1/0/54,357205,1447504466,96548,380335808,3.10,0.82
2024/05/24 星期五 00:43:50.026,1716482630026,NH-DC-NM129-D06-ROCE-Leaf-8.GPU.S9825,FourHundredGigE1/0/54,0,0,0,0,0,0
2024/05/24 星期五 00:43:50.531,1716482630531,NH-DC-NM129-D06-ROCE-Leaf-8.GPU.S9825,FourHundredGigE1/0/54,269787,1049849042,253715,974274622,2.57,2.40
2024/05/24 星期五 00:43:51.036,1716482631036,NH-DC-NM129-D06-ROCE-Leaf-8.GPU.S9825,FourHundredGigE1/0/54,0,0,0,0,0,0
2024/05/24 星期五 00:43:51.734,1716482631734,NH-DC-NM129-D06-ROCE-Leaf-8.GPU.S9825,FourHundredGigE1/0/54,224455,830432002,87579,331014410,1.49,0.59
2024/05/24 星期五 00:43:52.255,1716482632255,NH-DC-NM129-D06-ROCE-Leaf-8.GPU.S9825,FourHundredGigE1/0/54,192857,705760798,147015,532970214,1.68,1.27
2024/05/24 星期五 00:43:52.813,1716482632813,NH-DC-NM129-D06-ROCE-Leaf-8.GPU.S9825,FourHundredGigE1/0/54,0,0,0,0,0,0
2024/05/24 星期五 00:43:53.401,1716482633401,NH-DC-NM129-D06-ROCE-Leaf-8.GPU.S9825,FourHundredGigE1/0/54,111926,413243978,92139,353117434,0.87,0.74
2024/05/24 星期五 00:43:53.907,1716482633907,NH-DC-NM129-D06-ROCE-Leaf-8.GPU.S9825,FourHundredGigE1/0/54,0,0,0,0,0,0
2024/05/24 星期五 00:43:54.409,1716482634409,NH-DC-NM129-D06-ROCE-Leaf-8.GPU.S9825,FourHundredGigE1/0/54,258683,807714807,75517,269646546,1.99,0.65
2024/05/24 星期五 00:43:55.118,1716482635118,NH-DC-NM129-D06-ROCE-Leaf-8.GPU.S9825,FourHundredGigE1/0/54,135685,448613728,85879,320138491,0.78,0.56
2024/05/24 星期五 00:43:55.693,1716482635693,NH-DC-NM129-D06-ROCE-Leaf-8.GPU.S9825,FourHundredGigE1/0/54,0,0,0,0,0,0
2024/05/24 星期五 00:43:56.499,1716482636499,NH-DC-NM129-D06-ROCE-Leaf-8.GPU.S9825,FourHundredGigE1/0/54,700367,2770127910,191131,724988462,4.30,1.12
2024/05/24 星期五 00:43:57.078,1716482637078,NH-DC-NM129-D06-ROCE-Leaf-8.GPU.S9825,FourHundredGigE1/0/54,0,0,0,0,0,0
2024/05/24 星期五 00:43:57.582,1716482637582,NH-DC-NM129-D06-ROCE-Leaf-8.GPU.S9825,FourHundredGigE1/0/54,190735,704583262,96625,354501526,1.74,0.87
2024/05/24 星期五 00:43:58.191,1716482638191,NH-DC-NM129-D06-ROCE-Leaf-8.GPU.S9825,FourHundredGigE1/0/54,65762,139000576,85512,291634320,0.27,0.60
2024/05/24 星期五 00:43:59.179,1716482639179,NH-DC-NM129-D06-ROCE-Leaf-8.GPU.S9825,FourHundredGigE1/0/54,631075,2407252062,63074,210028840,3.04,0.27
2024/05/24 星期五 00:44:00.678,1716482640678,NH-DC-NM129-D06-ROCE-Leaf-8.GPU.S9825,FourHundredGigE1/0/54,945410,3773204776,192035,581484610,3.14,0.48
2024/05/24 星期五 00:44:01.276,1716482641276,NH-DC-NM129-D06-ROCE-Leaf-8.GPU.S9825,FourHundredGigE1/0/54,0,0,0,0,0,0
2024/05/24 星期五 00:44:01.778,1716482641778,NH-DC-NM129-D06-ROCE-Leaf-8.GPU.S9825,FourHundredGigE1/0/54,259061,803759682,175661,645726026,1.99,1.59
2024/05/24 星期五 00:44:02.537,1716482642537,NH-DC-NM129-D06-ROCE-Leaf-8.GPU.S9825,FourHundredGigE1/0/54,210536,807569058,132755,514878722,1.32,0.84
2024/05/24 星期五 00:44:03.231,1716482643231,NH-DC-NM129-D06-ROCE-Leaf-8.GPU.S9825,FourHundredGigE1/0/54,0,0,0,0,0,0
2024/05/24 星期五 00:44:03.733,1716482643733,NH-DC-NM129-D06-ROCE-Leaf-8.GPU.S9825,FourHundredGigE1/0/54,479676,1946311986,314628,1227214932,4.83,3.04
2024/05/24 星期五 00:44:04.344,1716482644344,NH-DC-NM129-D06-ROCE-Leaf-8.GPU.S9825,FourHundredGigE1/0/54,132736,521951884,275831,1017267562,1.06,2.07
2024/05/24 星期五 00:44:04.847,1716482644847,NH-DC-NM129-D06-ROCE-Leaf-8.GPU.S9825,FourHundredGigE1/0/54,0,0,0,0,0,0
2024/05/24 星期五 00:44:05.345,1716482645345,NH-DC-NM129-D06-ROCE-Leaf-8.GPU.S9825,FourHundredGigE1/0/54,267064,1045014724,180044,688462044,2.61,1.71
2024/05/24 星期五 00:44:06.027,1716482646027,NH-DC-NM129-D06-ROCE-Leaf-8.GPU.S9825,FourHundredGigE1/0/54,0,0,0,0,0,0
2024/05/24 星期五 00:44:06.713,1716482646713,NH-DC-NM129-D06-ROCE-Leaf-8.GPU.S9825,FourHundredGigE1/0/54,308826,1217582178,231831,868273954,2.20,1.57
2024/05/24 星期五 00:44:07.253,1716482647253,NH-DC-NM129-D06-ROCE-Leaf-8.GPU.S9825,FourHundredGigE1/0/54,624252,2510536022,779421,3123638146,5.81,7.22
2024/05/24 星期五 00:44:07.835,1716482647835,NH-DC-NM129-D06-ROCE-Leaf-8.GPU.S9825,FourHundredGigE1/0/54,0,0,0,0,0,0
2024/05/24 星期五 00:44:08.337,1716482648337,NH-DC-NM129-D06-ROCE-Leaf-8.GPU.S9825,FourHundredGigE1/0/54,312368,1168416334,187144,667990712,2.89,1.64
2024/05/24 星期五 00:44:08.838,1716482648838,NH-DC-NM129-D06-ROCE-Leaf-8.GPU.S9825,FourHundredGigE1/0/54,0,0,0,0,0,0
2024/05/24 星期五 00:44:09.556,1716482649556,NH-DC-NM129-D06-ROCE-Leaf-8.GPU.S9825,FourHundredGigE1/0/54,228492,852187174,141767,521520314,1.48,0.91
2024/05/24 星期五 00:44:10.219,1716482650219,NH-DC-NM129-D06-ROCE-Leaf-8.GPU.S9825,FourHundredGigE1/0/54,693050,2806330228,310728,1218664672,5.28,2.28
2024/05/24 星期五 00:44:10.734,1716482650734,NH-DC-NM129-D06-ROCE-Leaf-8.GPU.S9825,FourHundredGigE1/0/54,0,0,0,0,0,0
2024/05/24 星期五 00:44:12.213,1716482652213,NH-DC-NM129-D06-ROCE-Leaf-8.GPU.S9825,FourHundredGigE1/0/54,192405,707283298,201769,811193498,0.59,0.68
2024/05/24 星期五 00:44:12.713,1716482652713,NH-DC-NM129-D06-ROCE-Leaf-8.GPU.S9825,FourHundredGigE1/0/54,204288,800593322,176939,686722578,2,1.7
2024/05/24 星期五 00:44:13.555,1716482653555,NH-DC-NM129-D06-ROCE-Leaf-8.GPU.S9825,FourHundredGigE1/0/54,127295,472570720,112004,250299208,0.70,0.37
2024/05/24 星期五 00:44:14.113,1716482654113,NH-DC-NM129-D06-ROCE-Leaf-8.GPU.S9825,FourHundredGigE1/0/54,0,0,0,0,0,0
2024/05/24 星期五 00:44:14.696,1716482654696,NH-DC-NM129-D06-ROCE-Leaf-8.GPU.S9825,FourHundredGigE1/0/54,307846,1173911540,140833,457420262,2.51,0.96
2024/05/24 星期五 00:44:15.199,1716482655199,NH-DC-NM129-D06-ROCE-Leaf-8.GPU.S9825,FourHundredGigE1/0/54,0,0,0,0,0,0
2024/05/24 星期五 00:44:15.710,1716482655710,NH-DC-NM129-D06-ROCE-Leaf-8.GPU.S9825,FourHundredGigE1/0/54,102164,346653296,104405,388297583,0.83,0.93
2024/05/24 星期五 00:44:16.347,1716482656347,NH-DC-NM129-D06-ROCE-Leaf-8.GPU.S9825,FourHundredGigE1/0/54,116832,432717988,70453,241299618,0.84,0.47
2024/05/24 星期五 00:44:17.071,1716482657071,NH-DC-NM129-D06-ROCE-Leaf-8.GPU.S9825,FourHundredGigE1/0/54,0,0,0,0,0,0
2024/05/24 星期五 00:44:17.646,1716482657646,NH-DC-NM129-D06-ROCE-Leaf-8.GPU.S9825,FourHundredGigE1/0/54,243305,952635122,278623,1064264954,2.07,2.30
2024/05/24 星期五 00:44:18.175,1716482658175,NH-DC-NM129-D06-ROCE-Leaf-8.GPU.S9825,FourHundredGigE1/0/54,0,0,0,0,0,0
2024/05/24 星期五 00:44:18.849,1716482658849,NH-DC-NM129-D06-ROCE-Leaf-8.GPU.S9825,FourHundredGigE1/0/54,357311,1320864050,383169,1503037760,2.45,2.78
2024/05/24 星期五 00:44:19.933,1716482659933,NH-DC-NM129-D06-ROCE-Leaf-8.GPU.S9825,FourHundredGigE1/0/54,0,0,0,0,0,0
2024/05/24 星期五 00:44:20.651,1716482660651,NH-DC-NM129-D06-ROCE-Leaf-8.GPU.S9825,FourHundredGigE1/0/54,185358,750428076,174632,680130106,1.31,1.18
2024/05/24 星期五 00:44:21.243,1716482661243,NH-DC-NM129-D06-ROCE-Leaf-8.GPU.S9825,FourHundredGigE1/0/54,167805,639406390,719273,2895252104,1.33,6.10
2024/05/24 星期五 00:44:21.764,1716482661764,NH-DC-NM129-D06-ROCE-Leaf-8.GPU.S9825,FourHundredGigE1/0/54,0,0,0,0,0,0
2024/05/24 星期五 00:44:22.274,1716482662274,NH-DC-NM129-D06-ROCE-Leaf-8.GPU.S9825,FourHundredGigE1/0/54,129990,487808680,2419389,9891853644,1.18,24.24
2024/05/24 星期五 00:44:22.831,1716482662831,NH-DC-NM129-D06-ROCE-Leaf-8.GPU.S9825,FourHundredGigE1/0/54,0,0,0,0,0,0
2024/05/24 星期五 00:44:23.439,1716482663439,NH-DC-NM129-D06-ROCE-Leaf-8.GPU.S9825,FourHundredGigE1/0/54,409167,1608657046,1576228,6439060312,3.29,13.22
2024/05/24 星期五 00:44:24.176,1716482664176,NH-DC-NM129-D06-ROCE-Leaf-8.GPU.S9825,FourHundredGigE1/0/54,0,0,0,0,0,0
2024/05/24 星期五 00:44:24.756,1716482664756,NH-DC-NM129-D06-ROCE-Leaf-8.GPU.S9825,FourHundredGigE1/0/54,467764,1817709141,147474,542727664,3.90,1.16
2024/05/24 星期五 00:44:25.275,1716482665275,NH-DC-NM129-D06-ROCE-Leaf-8.GPU.S9825,FourHundredGigE1/0/54,466207,1847707582,409608,1608719332,4.43,3.85
2024/05/24 星期五 00:44:26.279,1716482666279,NH-DC-NM129-D06-ROCE-Leaf-8.GPU.S9825,FourHundredGigE1/0/54,157741,621154542,103776,366653172,0.77,0.45
2024/05/24 星期五 00:44:26.778,1716482666778,NH-DC-NM129-D06-ROCE-Leaf-8.GPU.S9825,FourHundredGigE1/0/54,0,0,0,0,0,0
2024/05/24 星期五 00:44:27.794,1716482667794,NH-DC-NM129-D06-ROCE-Leaf-8.GPU.S9825,FourHundredGigE1/0/54,227535,892918730,87304,288674568,1.09,0.34
2024/05/24 星期五 00:44:28.336,1716482668336,NH-DC-NM129-D06-ROCE-Leaf-8.GPU.S9825,FourHundredGigE1/0/54,246624,952226748,112255,400631282,2.19,0.92
2024/05/24 星期五 00:44:28.849,1716482668849,NH-DC-NM129-D06-ROCE-Leaf-8.GPU.S9825,FourHundredGigE1/0/54,0,0,0,0,0,0
2024/05/24 星期五 00:44:29.349,1716482669349,NH-DC-NM129-D06-ROCE-Leaf-8.GPU.S9825,FourHundredGigE1/0/54,171201,647381310,138077,553919242,1.6,1.38
2024/05/24 星期五 00:44:29.850,1716482669850,NH-DC-NM129-D06-ROCE-Leaf-8.GPU.S9825,FourHundredGigE1/0/54,0,0,0,0,0,0
2024/05/24 星期五 00:44:30.442,1716482670442,NH-DC-NM129-D06-ROCE-Leaf-8.GPU.S9825,FourHundredGigE1/0/54,149290,570542348,599362,2401311912,1.20,5.07
2024/05/24 星期五 00:44:31.253,1716482671253,NH-DC-NM129-D06-ROCE-Leaf-8.GPU.S9825,FourHundredGigE1/0/54,374833,1406336282,110202,389992776,2.16,0.59
2024/05/24 星期五 00:44:31.924,1716482671924,NH-DC-NM129-D06-ROCE-Leaf-8.GPU.S9825,FourHundredGigE1/0/54,0,0,0,0,0,0
2024/05/24 星期五 00:44:32.425,1716482672425,NH-DC-NM129-D06-ROCE-Leaf-8.GPU.S9825,FourHundredGigE1/0/54,476371,1735642650,319823,1265440663,4.32,3.14
2024/05/24 星期五 00:44:32.979,1716482672979,NH-DC-NM129-D06-ROCE-Leaf-8.GPU.S9825,FourHundredGigE1/0/54,0,0,0,0,0,0
2024/05/24 星期五 00:44:33.486,1716482673486,NH-DC-NM129-D06-ROCE-Leaf-8.GPU.S9825,FourHundredGigE1/0/54,146930,471581236,161917,606802694,1.16,1.48
2024/05/24 星期五 00:44:34.179,1716482674179,NH-DC-NM129-D06-ROCE-Leaf-8.GPU.S9825,FourHundredGigE1/0/54,162614,654947342,191112,742934682,1.17,1.33
2024/05/24 星期五 00:44:34.925,1716482674925,NH-DC-NM129-D06-ROCE-Leaf-8.GPU.S9825,FourHundredGigE1/0/54,0,0,0,0,0,0
2024/05/24 星期五 00:44:35.432,1716482675432,NH-DC-NM129-D06-ROCE-Leaf-8.GPU.S9825,FourHundredGigE1/0/54,147303,573126760,140451,552567904,1.41,1.36
2024/05/24 星期五 00:44:35.933,1716482675933,NH-DC-NM129-D06-ROCE-Leaf-8.GPU.S9825,FourHundredGigE1/0/54,0,0,0,0,0,0
2024/05/24 星期五 00:44:36.473,1716482676473,NH-DC-NM129-D06-ROCE-Leaf-8.GPU.S9825,FourHundredGigE1/0/54,481674,1892500192,309419,1193246674,4.38,2.75
2024/05/24 星期五 00:44:37.024,1716482677024,NH-DC-NM129-D06-ROCE-Leaf-8.GPU.S9825,FourHundredGigE1/0/54,118205,473853882,173646,662561204,1.07,1.50
2024/05/24 星期五 00:44:38.042,1716482678042,NH-DC-NM129-D06-ROCE-Leaf-8.GPU.S9825,FourHundredGigE1/0/54,81928,214420060,201227,718752078,0.26,0.87
2024/05/24 星期五 00:44:39.593,1716482679593,NH-DC-NM129-D06-ROCE-Leaf-8.GPU.S9825,FourHundredGigE1/0/54,77641,266347986,270144,1075306638,0.21,0.86
2024/05/24 星期五 00:44:40.309,1716482680309,NH-DC-NM129-D06-ROCE-Leaf-8.GPU.S9825,FourHundredGigE1/0/54,211118,819403000,99061,264025024,1.41,0.45
2024/05/24 星期五 00:44:40.921,1716482680921,NH-DC-NM129-D06-ROCE-Leaf-8.GPU.S9825,FourHundredGigE1/0/54,0,0,0,0,0,0
2024/05/24 星期五 00:44:41.606,1716482681606,NH-DC-NM129-D06-ROCE-Leaf-8.GPU.S9825,FourHundredGigE1/0/54,157887,593424814,127945,496807130,1.08,0.89
2024/05/24 星期五 00:44:42.207,1716482682207,NH-DC-NM129-D06-ROCE-Leaf-8.GPU.S9825,FourHundredGigE1/0/54,0,0,0,0,0,0
2024/05/24 星期五 00:44:42.710,1716482682710,NH-DC-NM129-D06-ROCE-Leaf-8.GPU.S9825,FourHundredGigE1/0/54,118216,419054148,146310,573164168,1.02,1.42
2024/05/24 星期五 00:44:43.267,1716482683267,NH-DC-NM129-D06-ROCE-Leaf-8.GPU.S9825,FourHundredGigE1/0/54,214271,833541954,573298,2301591616,1.86,5.16
2024/05/24 星期五 00:44:43.958,1716482683958,NH-DC-NM129-D06-ROCE-Leaf-8.GPU.S9825,FourHundredGigE1/0/54,0,0,0,0,0,0
2024/05/24 星期五 00:44:44.526,1716482684526,NH-DC-NM129-D06-ROCE-Leaf-8.GPU.S9825,FourHundredGigE1/0/54,57306,191269244,152204,576067532,0.42,1.25
2024/05/24 星期五 00:44:45.219,1716482685219,NH-DC-NM129-D06-ROCE-Leaf-8.GPU.S9825,FourHundredGigE1/0/54,92907,364292058,158630,623904064,0.65,1.12
2024/05/24 星期五 00:44:45.850,1716482685850,NH-DC-NM129-D06-ROCE-Leaf-8.GPU.S9825,FourHundredGigE1/0/54,0,0,0,0,0,0
2024/05/24 星期五 00:44:46.350,1716482686350,NH-DC-NM129-D06-ROCE-Leaf-8.GPU.S9825,FourHundredGigE1/0/54,116605,456921210,141943,519095566,1.12,1.28
2024/05/24 星期五 00:44:46.915,1716482686915,NH-DC-NM129-D06-ROCE-Leaf-8.GPU.S9825,FourHundredGigE1/0/54,0,0,0,0,0,0
2024/05/24 星期五 00:44:47.541,1716482687541,NH-DC-NM129-D06-ROCE-Leaf-8.GPU.S9825,FourHundredGigE1/0/54,223539,778240902,1285280,5203353108,1.54,10.38
2024/05/24 星期五 00:44:48.041,1716482688041,NH-DC-NM129-D06-ROCE-Leaf-8.GPU.S9825,FourHundredGigE1/0/54,0,0,0,0,0,0
2024/05/24 星期五 00:44:48.623,1716482688623,NH-DC-NM129-D06-ROCE-Leaf-8.GPU.S9825,FourHundredGigE1/0/54,155416,256591730,3126512,12716507684,0.54,27.30
2024/05/24 星期五 00:44:49.189,1716482689189,NH-DC-NM129-D06-ROCE-Leaf-8.GPU.S9825,FourHundredGigE1/0/54,0,0,0,0,0,0
2024/05/24 星期五 00:44:49.691,1716482689691,NH-DC-NM129-D06-ROCE-Leaf-8.GPU.S9825,FourHundredGigE1/0/54,250358,807937134,2193301,8914809050,1.99,22.19
2024/05/24 星期五 00:44:50.263,1716482690263,NH-DC-NM129-D06-ROCE-Leaf-8.GPU.S9825,FourHundredGigE1/0/54,125155,430388226,1221029,4945159294,0.94,10.80
2024/05/24 星期五 00:44:50.864,1716482690864,NH-DC-NM129-D06-ROCE-Leaf-8.GPU.S9825,FourHundredGigE1/0/54,0,0,0,0,0,0
2024/05/24 星期五 00:44:51.420,1716482691420,NH-DC-NM129-D06-ROCE-Leaf-8.GPU.S9825,FourHundredGigE1/0/54,242462,929660500,1517200,6142381972,2.07,13.80
2024/05/24 星期五 00:44:52.103,1716482692103,NH-DC-NM129-D06-ROCE-Leaf-8.GPU.S9825,FourHundredGigE1/0/54,0,0,0,0,0,0
2024/05/24 星期五 00:44:52.714,1716482692714,NH-DC-NM129-D06-ROCE-Leaf-8.GPU.S9825,FourHundredGigE1/0/54,74285,272415334,1419437,5764158686,0.55,11.78
2024/05/24 星期五 00:44:53.215,1716482693215,NH-DC-NM129-D06-ROCE-Leaf-8.GPU.S9825,FourHundredGigE1/0/54,0,0,0,0,0,0
2024/05/24 星期五 00:44:55.398,1716482695398,NH-DC-NM129-D06-ROCE-Leaf-8.GPU.S9825,FourHundredGigE1/0/54,336865,1194717043,1765071,6545222930,0.68,3.74
2024/05/24 星期五 00:44:55.933,1716482695933,NH-DC-NM129-D06-ROCE-Leaf-8.GPU.S9825,FourHundredGigE1/0/54,0,0,0,0,0,0
2024/05/24 星期五 00:44:56.503,1716482696503,NH-DC-NM129-D06-ROCE-Leaf-8.GPU.S9825,FourHundredGigE1/0/54,166457,619975226,399438,1534737952,1.34,3.36
2024/05/24 星期五 00:44:57.126,1716482697126,NH-DC-NM129-D06-ROCE-Leaf-8.GPU.S9825,FourHundredGigE1/0/54,0,0,0,0,0,0
2024/05/24 星期五 00:44:57.656,1716482697656,NH-DC-NM129-D06-ROCE-Leaf-8.GPU.S9825,FourHundredGigE1/0/54,185093,751529858,258511,1015498298,1.77,2.38
2024/05/24 星期五 00:44:58.282,1716482698282,NH-DC-NM129-D06-ROCE-Leaf-8.GPU.S9825,FourHundredGigE1/0/54,196413,724507448,303649,1204729418,1.44,2.40
2024/05/24 星期五 00:44:58.894,1716482698894,NH-DC-NM129-D06-ROCE-Leaf-8.GPU.S9825,FourHundredGigE1/0/54,0,0,0,0,0,0
2024/05/24 星期五 00:44:59.474,1716482699474,NH-DC-NM129-D06-ROCE-Leaf-8.GPU.S9825,FourHundredGigE1/0/54,247855,941138768,125890,392157368,2.03,0.84
2024/05/24 星期五 00:44:59.996,1716482699996,NH-DC-NM129-D06-ROCE-Leaf-8.GPU.S9825,FourHundredGigE1/0/54,0,0,0,0,0,0
2024/05/24 星期五 00:45:00.655,1716482700655,NH-DC-NM129-D06-ROCE-Leaf-8.GPU.S9825,FourHundredGigE1/0/54,165574,651004360,233602,902762120,1.23,1.71
2024/05/24 星期五 00:45:01.270,1716482701270,NH-DC-NM129-D06-ROCE-Leaf-8.GPU.S9825,FourHundredGigE1/0/54,300421,1178984662,318692,1214004816,2.38,2.46
2024/05/24 星期五 00:45:01.773,1716482701773,NH-DC-NM129-D06-ROCE-Leaf-8.GPU.S9825,FourHundredGigE1/0/54,0,0,0,0,0,0
2024/05/24 星期五 00:45:02.357,1716482702357,NH-DC-NM129-D06-ROCE-Leaf-8.GPU.S9825,FourHundredGigE1/0/54,281368,1088841332,908143,3633683050,2.31,7.77
2024/05/24 星期五 00:45:02.915,1716482702915,NH-DC-NM129-D06-ROCE-Leaf-8.GPU.S9825,FourHundredGigE1/0/54,0,0,0,0,0,0
2024/05/24 星期五 00:45:03.418,1716482703418,NH-DC-NM129-D06-ROCE-Leaf-8.GPU.S9825,FourHundredGigE1/0/54,200979,768757518,176240,648830690,1.89,1.59
2024/05/24 星期五 00:45:04.109,1716482704109,NH-DC-NM129-D06-ROCE-Leaf-8.GPU.S9825,FourHundredGigE1/0/54,0,0,0,0,0,0
2024/05/24 星期五 00:45:04.690,1716482704690,NH-DC-NM129-D06-ROCE-Leaf-8.GPU.S9825,FourHundredGigE1/0/54,137911,519038018,161773,593737574,1.10,1.27
2024/05/24 星期五 00:45:05.272,1716482705272,NH-DC-NM129-D06-ROCE-Leaf-8.GPU.S9825,FourHundredGigE1/0/54,71235,247529162,105492,350300776,0.52,0.75
2024/05/24 星期五 00:45:05.825,1716482705825,NH-DC-NM129-D06-ROCE-Leaf-8.GPU.S9825,FourHundredGigE1/0/54,0,0,0,0,0,0
2024/05/24 星期五 00:45:06.357,1716482706357,NH-DC-NM129-D06-ROCE-Leaf-8.GPU.S9825,FourHundredGigE1/0/54,75123,250769994,102501,348919754,0.59,0.80
2024/05/24 星期五 00:45:06.926,1716482706926,NH-DC-NM129-D06-ROCE-Leaf-8.GPU.S9825,FourHundredGigE1/0/54,0,0,0,0,0,0
2024/05/24 星期五 00:45:07.524,1716482707524,NH-DC-NM129-D06-ROCE-Leaf-8.GPU.S9825,FourHundredGigE1/0/54,142027,548857050,185795,646977510,1.13,1.34
2024/05/24 星期五 00:45:08.096,1716482708096,NH-DC-NM129-D06-ROCE-Leaf-8.GPU.S9825,FourHundredGigE1/0/54,0,0,0,0,0,0
2024/05/24 星期五 00:45:08.601,1716482708601,NH-DC-NM129-D06-ROCE-Leaf-8.GPU.S9825,FourHundredGigE1/0/54,115313,433784862,105333,370720834,1.06,0.92
2024/05/24 星期五 00:45:09.152,1716482709152,NH-DC-NM129-D06-ROCE-Leaf-8.GPU.S9825,FourHundredGigE1/0/54,0,0,0,0,0,0
2024/05/24 星期五 00:45:09.653,1716482709653,NH-DC-NM129-D06-ROCE-Leaf-8.GPU.S9825,FourHundredGigE1/0/54,387765,1560586622,105798,392575536,3.89,0.97
2024/05/24 星期五 00:45:10.258,1716482710258,NH-DC-NM129-D06-ROCE-Leaf-8.GPU.S9825,FourHundredGigE1/0/54,76584,273173558,145987,525649706,0.56,1.07
2024/05/24 星期五 00:45:10.759,1716482710759,NH-DC-NM129-D06-ROCE-Leaf-8.GPU.S9825,FourHundredGigE1/0/54,0,0,0,0,0,0
2024/05/24 星期五 00:45:11.363,1716482711363,NH-DC-NM129-D06-ROCE-Leaf-8.GPU.S9825,FourHundredGigE1/0/54,119859,435881752,163423,586902622,0.89,1.20
2024/05/24 星期五 00:45:11.924,1716482711924,NH-DC-NM129-D06-ROCE-Leaf-8.GPU.S9825,FourHundredGigE1/0/54,0,0,0,0,0,0
2024/05/24 星期五 00:45:12.457,1716482712457,NH-DC-NM129-D06-ROCE-Leaf-8.GPU.S9825,FourHundredGigE1/0/54,170928,656133856,519037,2044714042,1.52,4.78
2024/05/24 星期五 00:45:13.121,1716482713121,NH-DC-NM129-D06-ROCE-Leaf-8.GPU.S9825,FourHundredGigE1/0/54,0,0,0,0,0,0
2024/05/24 星期五 00:45:13.627,1716482713627,NH-DC-NM129-D06-ROCE-Leaf-8.GPU.S9825,FourHundredGigE1/0/54,407480,1601049876,302167,1166378262,3.95,2.87
2024/05/24 星期五 00:45:14.247,1716482714247,NH-DC-NM129-D06-ROCE-Leaf-8.GPU.S9825,FourHundredGigE1/0/54,271908,1063909258,157239,588108666,2.14,1.17
2024/05/24 星期五 00:45:14.870,1716482714870,NH-DC-NM129-D06-ROCE-Leaf-8.GPU.S9825,FourHundredGigE1/0/54,0,0,0,0,0,0
2024/05/24 星期五 00:45:15.461,1716482715461,NH-DC-NM129-D06-ROCE-Leaf-8.GPU.S9825,FourHundredGigE1/0/54,144859,557555908,122361,483759674,1.16,1.02
2024/05/24 星期五 00:45:15.962,1716482715962,NH-DC-NM129-D06-ROCE-Leaf-8.GPU.S9825,FourHundredGigE1/0/54,0,0,0,0,0,0
2024/05/24 星期五 00:45:16.591,1716482716591,NH-DC-NM129-D06-ROCE-Leaf-8.GPU.S9825,FourHundredGigE1/0/54,376102,1505213300,535993,1881307770,2.98,3.74
2024/05/24 星期五 00:45:17.159,1716482717159,NH-DC-NM129-D06-ROCE-Leaf-8.GPU.S9825,FourHundredGigE1/0/54,0,0,0,0,0,0
2024/05/24 星期五 00:45:17.663,1716482717663,NH-DC-NM129-D06-ROCE-Leaf-8.GPU.S9825,FourHundredGigE1/0/54,166069,677388630,189565,588698324,1.66,1.44
2024/05/24 星期五 00:45:18.297,1716482718297,NH-DC-NM129-D06-ROCE-Leaf-8.GPU.S9825,FourHundredGigE1/0/54,168357,661491994,140085,533117482,1.30,1.04
2024/05/24 星期五 00:45:19.439,1716482719439,NH-DC-NM129-D06-ROCE-Leaf-8.GPU.S9825,FourHundredGigE1/0/54,176837,686241046,100359,374793515,0.74,0.40
2024/05/24 星期五 00:45:20.154,1716482720154,NH-DC-NM129-D06-ROCE-Leaf-8.GPU.S9825,FourHundredGigE1/0/54,310318,1273480592,16170,33784308,2.22,0.05
2024/05/24 星期五 00:45:20.952,1716482720952,NH-DC-NM129-D06-ROCE-Leaf-8.GPU.S9825,FourHundredGigE1/0/54,0,0,0,0,0,0
2024/05/24 星期五 00:45:21.632,1716482721632,NH-DC-NM129-D06-ROCE-Leaf-8.GPU.S9825,FourHundredGigE1/0/54,101717,323746552,91822,363313646,0.59,0.66
2024/05/24 星期五 00:45:22.206,1716482722206,NH-DC-NM129-D06-ROCE-Leaf-8.GPU.S9825,FourHundredGigE1/0/54,0,0,0,0,0,0
2024/05/24 星期五 00:45:22.707,1716482722707,NH-DC-NM129-D06-ROCE-Leaf-8.GPU.S9825,FourHundredGigE1/0/54,233236,892058866,185703,741155488,2.22,1.85
2024/05/24 星期五 00:45:23.347,1716482723347,NH-DC-NM129-D06-ROCE-Leaf-8.GPU.S9825,FourHundredGigE1/0/54,555217,2245306446,214938,829919116,4.38,1.60
2024/05/24 星期五 00:45:23.922,1716482723922,NH-DC-NM129-D06-ROCE-Leaf-8.GPU.S9825,FourHundredGigE1/0/54,0,0,0,0,0,0
2024/05/24 星期五 00:45:24.578,1716482724578,NH-DC-NM129-D06-ROCE-Leaf-8.GPU.S9825,FourHundredGigE1/0/54,280238,1082217541,160173,607746948,2.06,1.14
2024/05/24 星期五 00:45:25.131,1716482725131,NH-DC-NM129-D06-ROCE-Leaf-8.GPU.S9825,FourHundredGigE1/0/54,223784,848635556,221192,886383322,1.90,1.99
2024/05/24 星期五 00:45:25.718,1716482725718,NH-DC-NM129-D06-ROCE-Leaf-8.GPU.S9825,FourHundredGigE1/0/54,0,0,0,0,0,0
2024/05/24 星期五 00:45:26.217,1716482726217,NH-DC-NM129-D06-ROCE-Leaf-8.GPU.S9825,FourHundredGigE1/0/54,0,0,0,0,0,0
2024/05/24 星期五 00:45:26.717,1716482726717,NH-DC-NM129-D06-ROCE-Leaf-8.GPU.S9825,FourHundredGigE1/0/54,277243,1091046986,219394,872169120,2.72,2.18
2024/05/24 星期五 00:45:27.394,1716482727394,NH-DC-NM129-D06-ROCE-Leaf-8.GPU.S9825,FourHundredGigE1/0/54,418767,1648334930,484766,1885023778,3.03,3.47
2024/05/24 星期五 00:45:28.074,1716482728074,NH-DC-NM129-D06-ROCE-Leaf-8.GPU.S9825,FourHundredGigE1/0/54,0,0,0,0,0,0
2024/05/24 星期五 00:45:28.743,1716482728743,NH-DC-NM129-D06-ROCE-Leaf-8.GPU.S9825,FourHundredGigE1/0/54,223903,855741722,335343,1267253424,1.59,2.35
2024/05/24 星期五 00:45:29.333,1716482729333,NH-DC-NM129-D06-ROCE-Leaf-8.GPU.S9825,FourHundredGigE1/0/54,0,0,0,0,0,0
2024/05/24 星期五 00:45:29.834,1716482729834,NH-DC-NM129-D06-ROCE-Leaf-8.GPU.S9825,FourHundredGigE1/0/54,239747,835869598,270369,1030757438,2.07,2.57
2024/05/24 星期五 00:45:30.467,1716482730467,NH-DC-NM129-D06-ROCE-Leaf-8.GPU.S9825,FourHundredGigE1/0/54,170662,627478944,461049,1871351822,1.22,3.69
2024/05/24 星期五 00:45:31.138,1716482731138,NH-DC-NM129-D06-ROCE-Leaf-8.GPU.S9825,FourHundredGigE1/0/54,390148,1549379964,153443,608435106,2.87,1.12
2024/05/24 星期五 00:45:31.811,1716482731811,NH-DC-NM129-D06-ROCE-Leaf-8.GPU.S9825,FourHundredGigE1/0/54,0,0,0,0,0,0
2024/05/24 星期五 00:45:32.985,1716482732985,NH-DC-NM129-D06-ROCE-Leaf-8.GPU.S9825,FourHundredGigE1/0/54,99633,345174752,201610,774115772,0.36,0.82
2024/05/24 星期五 00:45:33.500,1716482733500,NH-DC-NM129-D06-ROCE-Leaf-8.GPU.S9825,FourHundredGigE1/0/54,162136,639941786,157241,597430378,1.53,1.43
2024/05/24 星期五 00:45:34.185,1716482734185,NH-DC-NM129-D06-ROCE-Leaf-8.GPU.S9825,FourHundredGigE1/0/54,457070,1819268600,193243,661030186,3.30,1.20
2024/05/24 星期五 00:45:34.911,1716482734911,NH-DC-NM129-D06-ROCE-Leaf-8.GPU.S9825,FourHundredGigE1/0/54,0,0,0,0,0,0
2024/05/24 星期五 00:45:35.499,1716482735499,NH-DC-NM129-D06-ROCE-Leaf-8.GPU.S9825,FourHundredGigE1/0/54,87395,320807826,144576,495248872,0.68,1.04
2024/05/24 星期五 00:45:36.082,1716482736082,NH-DC-NM129-D06-ROCE-Leaf-8.GPU.S9825,FourHundredGigE1/0/54,0,0,0,0,0,0
2024/05/24 星期五 00:45:36.583,1716482736583,NH-DC-NM129-D06-ROCE-Leaf-8.GPU.S9825,FourHundredGigE1/0/54,88346,325899456,63438,219776648,0.80,0.52
2024/05/24 星期五 00:45:37.135,1716482737135,NH-DC-NM129-D06-ROCE-Leaf-8.GPU.S9825,FourHundredGigE1/0/54,99999,368510870,178647,676789662,0.82,1.52
2024/05/24 星期五 00:45:38.287,1716482738287,NH-DC-NM129-D06-ROCE-Leaf-8.GPU.S9825,FourHundredGigE1/0/54,238143,950642982,158624,542707908,1.03,0.59
2024/05/24 星期五 00:45:39.776,1716482739776,NH-DC-NM129-D06-ROCE-Leaf-8.GPU.S9825,FourHundredGigE1/0/54,167031,647724042,396004,1405181432,0.54,1.18
2024/05/24 星期五 00:45:40.311,1716482740311,NH-DC-NM129-D06-ROCE-Leaf-8.GPU.S9825,FourHundredGigE1/0/54,125690,524145508,251619,734845386,1.21,1.71
2024/05/24 星期五 00:45:41.054,1716482741054,NH-DC-NM129-D06-ROCE-Leaf-8.GPU.S9825,FourHundredGigE1/0/54,0,0,0,0,0,0
2024/05/24 星期五 00:45:41.649,1716482741649,NH-DC-NM129-D06-ROCE-Leaf-8.GPU.S9825,FourHundredGigE1/0/54,213797,826433032,252458,851938916,1.72,1.79
2024/05/24 星期五 00:45:42.167,1716482742167,NH-DC-NM129-D06-ROCE-Leaf-8.GPU.S9825,FourHundredGigE1/0/54,178998,671314586,571568,2300908492,1.62,5.55
2024/05/24 星期五 00:45:43.002,1716482743002,NH-DC-NM129-D06-ROCE-Leaf-8.GPU.S9825,FourHundredGigE1/0/54,0,0,0,0,0,0
2024/05/24 星期五 00:45:43.528,1716482743528,NH-DC-NM129-D06-ROCE-Leaf-8.GPU.S9825,FourHundredGigE1/0/54,275967,1060229762,126241,427249186,2.52,1.00
2024/05/24 星期五 00:45:44.076,1716482744076,NH-DC-NM129-D06-ROCE-Leaf-8.GPU.S9825,FourHundredGigE1/0/54,0,0,0,0,0,0
2024/05/24 星期五 00:45:44.740,1716482744740,NH-DC-NM129-D06-ROCE-Leaf-8.GPU.S9825,FourHundredGigE1/0/54,175747,677584500,132784,418587396,1.26,0.77
2024/05/24 星期五 00:45:45.272,1716482745272,NH-DC-NM129-D06-ROCE-Leaf-8.GPU.S9825,FourHundredGigE1/0/54,0,0,0,0,0,0
2024/05/24 星期五 00:45:45.769,1716482745769,NH-DC-NM129-D06-ROCE-Leaf-8.GPU.S9825,FourHundredGigE1/0/54,177130,728403434,204810,758398868,1.81,1.89
2024/05/24 星期五 00:45:46.504,1716482746504,NH-DC-NM129-D06-ROCE-Leaf-8.GPU.S9825,FourHundredGigE1/0/54,162544,596262668,129880,487069832,1.00,0.82
2024/05/24 星期五 00:45:49.507,1716482749507,NH-DC-NM129-D06-ROCE-Leaf-8.GPU.S9825,FourHundredGigE1/0/54,753568,2890466324,785133,3014416914,1.20,1.25
2024/05/24 星期五 00:45:50.060,1716482750060,NH-DC-NM129-D06-ROCE-Leaf-8.GPU.S9825,FourHundredGigE1/0/54,0,0,0,0,0,0
2024/05/24 星期五 00:45:50.559,1716482750559,NH-DC-NM129-D06-ROCE-Leaf-8.GPU.S9825,FourHundredGigE1/0/54,213327,810130098,159113,551264730,2.03,1.38
2024/05/24 星期五 00:45:51.194,1716482751194,NH-DC-NM129-D06-ROCE-Leaf-8.GPU.S9825,FourHundredGigE1/0/54,354439,1362716066,155332,583345396,2.68,1.14
2024/05/24 星期五 00:45:51.714,1716482751714,NH-DC-NM129-D06-ROCE-Leaf-8.GPU.S9825,FourHundredGigE1/0/54,0,0,0,0,0,0
2024/05/24 星期五 00:45:52.215,1716482752215,NH-DC-NM129-D06-ROCE-Leaf-8.GPU.S9825,FourHundredGigE1/0/54,355778,1411631812,418983,1669190396,3.52,4.14
2024/05/24 星期五 00:45:52.877,1716482752877,NH-DC-NM129-D06-ROCE-Leaf-8.GPU.S9825,FourHundredGigE1/0/54,0,0,0,0,0,0
2024/05/24 星期五 00:45:53.408,1716482753408,NH-DC-NM129-D06-ROCE-Leaf-8.GPU.S9825,FourHundredGigE1/0/54,167698,624165044,166374,589666026,1.46,1.37
2024/05/24 星期五 00:45:53.909,1716482753909,NH-DC-NM129-D06-ROCE-Leaf-8.GPU.S9825,FourHundredGigE1/0/54,0,0,0,0,0,0
2024/05/24 星期五 00:45:54.409,1716482754409,NH-DC-NM129-D06-ROCE-Leaf-8.GPU.S9825,FourHundredGigE1/0/54,195702,735969935,196182,749490160,1.82,1.85
2024/05/24 星期五 00:45:55.123,1716482755123,NH-DC-NM129-D06-ROCE-Leaf-8.GPU.S9825,FourHundredGigE1/0/54,0,0,0,0,0,0
2024/05/24 星期五 00:45:55.626,1716482755626,NH-DC-NM129-D06-ROCE-Leaf-8.GPU.S9825,FourHundredGigE1/0/54,119331,457306404,145052,495381532,1.12,1.22
2024/05/24 星期五 00:45:56.544,1716482756544,NH-DC-NM129-D06-ROCE-Leaf-8.GPU.S9825,FourHundredGigE1/0/54,136657,547660350,168826,638803032,0.74,0.86
2024/05/24 星期五 00:45:57.164,1716482757164,NH-DC-NM129-D06-ROCE-Leaf-8.GPU.S9825,FourHundredGigE1/0/54,0,0,0,0,0,0
2024/05/24 星期五 00:45:57.670,1716482757670,NH-DC-NM129-D06-ROCE-Leaf-8.GPU.S9825,FourHundredGigE1/0/54,206535,808694228,237774,901544064,1.98,2.22
2024/05/24 星期五 00:45:58.541,1716482758541,NH-DC-NM129-D06-ROCE-Leaf-8.GPU.S9825,FourHundredGigE1/0/54,54703,168892834,169900,604777292,0.23,0.86
2024/05/24 星期五 00:45:59.150,1716482759150,NH-DC-NM129-D06-ROCE-Leaf-8.GPU.S9825,FourHundredGigE1/0/54,80951,297280896,316913,1253852422,0.60,2.57
2024/05/24 星期五 00:45:59.844,1716482759844,NH-DC-NM129-D06-ROCE-Leaf-8.GPU.S9825,FourHundredGigE1/0/54,0,0,0,0,0,0
2024/05/24 星期五 00:46:00.465,1716482760465,NH-DC-NM129-D06-ROCE-Leaf-8.GPU.S9825,FourHundredGigE1/0/54,209730,847177032,66677,230181010,1.69,0.46
2024/05/24 星期五 00:46:00.986,1716482760986,NH-DC-NM129-D06-ROCE-Leaf-8.GPU.S9825,FourHundredGigE1/0/54,0,0,0,0,0,0
2024/05/24 星期五 00:46:01.489,1716482761489,NH-DC-NM129-D06-ROCE-Leaf-8.GPU.S9825,FourHundredGigE1/0/54,107244,417327184,94176,346960472,1.02,0.84
2024/05/24 星期五 00:46:02.232,1716482762232,NH-DC-NM129-D06-ROCE-Leaf-8.GPU.S9825,FourHundredGigE1/0/54,109426,395660452,120977,472766450,0.66,0.79
2024/05/24 星期五 00:46:03.594,1716482763594,NH-DC-NM129-D06-ROCE-Leaf-8.GPU.S9825,FourHundredGigE1/0/54,157671,591036504,289175,1156219506,0.54,1.06
2024/05/24 星期五 00:46:04.205,1716482764205,NH-DC-NM129-D06-ROCE-Leaf-8.GPU.S9825,FourHundredGigE1/0/54,0,0,0,0,0,0
2024/05/24 星期五 00:46:04.706,1716482764706,NH-DC-NM129-D06-ROCE-Leaf-8.GPU.S9825,FourHundredGigE1/0/54,252152,1020955322,156640,594341820,2.54,1.47
2024/05/24 星期五 00:46:05.235,1716482765235,NH-DC-NM129-D06-ROCE-Leaf-8.GPU.S9825,FourHundredGigE1/0/54,150430,616783044,63491,227348362,1.44,0.52
2024/05/24 星期五 00:46:05.897,1716482765897,NH-DC-NM129-D06-ROCE-Leaf-8.GPU.S9825,FourHundredGigE1/0/54,0,0,0,0,0,0
2024/05/24 星期五 00:46:06.565,1716482766565,NH-DC-NM129-D06-ROCE-Leaf-8.GPU.S9825,FourHundredGigE1/0/54,103135,409382694,79421,304096704,0.75,0.56
2024/05/24 星期五 00:46:07.603,1716482767603,NH-DC-NM129-D06-ROCE-Leaf-8.GPU.S9825,FourHundredGigE1/0/54,250560,877623344,107262,432887820,1.05,0.52
2024/05/24 星期五 00:46:08.113,1716482768113,NH-DC-NM129-D06-ROCE-Leaf-8.GPU.S9825,FourHundredGigE1/0/54,0,0,0,0,0,0
2024/05/24 星期五 00:46:08.622,1716482768622,NH-DC-NM129-D06-ROCE-Leaf-8.GPU.S9825,FourHundredGigE1/0/54,149172,489445400,157737,607226834,1.18,1.47
2024/05/24 星期五 00:46:09.312,1716482769312,NH-DC-NM129-D06-ROCE-Leaf-8.GPU.S9825,FourHundredGigE1/0/54,138811,370183762,172898,634272136,0.67,1.14
2024/05/24 星期五 00:46:09.982,1716482769982,NH-DC-NM129-D06-ROCE-Leaf-8.GPU.S9825,FourHundredGigE1/0/54,0,0,0,0,0,0
2024/05/24 星期五 00:46:10.551,1716482770551,NH-DC-NM129-D06-ROCE-Leaf-8.GPU.S9825,FourHundredGigE1/0/54,143281,481619334,173740,637620248,1.05,1.38
2024/05/24 星期五 00:46:11.057,1716482771057,NH-DC-NM129-D06-ROCE-Leaf-8.GPU.S9825,FourHundredGigE1/0/54,0,0,0,0,0,0
2024/05/24 星期五 00:46:11.557,1716482771557,NH-DC-NM129-D06-ROCE-Leaf-8.GPU.S9825,FourHundredGigE1/0/54,75476,279450516,339170,1253341332,0.68,3.12
2024/05/24 星期五 00:46:12.121,1716482772121,NH-DC-NM129-D06-ROCE-Leaf-8.GPU.S9825,FourHundredGigE1/0/54,68757,259077634,270217,737323750,0.55,1.62
2024/05/24 星期五 00:46:12.778,1716482772778,NH-DC-NM129-D06-ROCE-Leaf-8.GPU.S9825,FourHundredGigE1/0/54,0,0,0,0,0,0
2024/05/24 星期五 00:46:13.406,1716482773406,NH-DC-NM129-D06-ROCE-Leaf-8.GPU.S9825,FourHundredGigE1/0/54,244217,900409450,266166,906538692,1.79,1.79
2024/05/24 星期五 00:46:14.006,1716482774006,NH-DC-NM129-D06-ROCE-Leaf-8.GPU.S9825,FourHundredGigE1/0/54,0,0,0,0,0,0
2024/05/24 星期五 00:46:14.509,1716482774509,NH-DC-NM129-D06-ROCE-Leaf-8.GPU.S9825,FourHundredGigE1/0/54,374204,1469107436,549842,2199266548,3.63,5.44
2024/05/24 星期五 00:46:15.017,1716482775017,NH-DC-NM129-D06-ROCE-Leaf-8.GPU.S9825,FourHundredGigE1/0/54,0,0,0,0,0,0
2024/05/24 星期五 00:46:15.518,1716482775518,NH-DC-NM129-D06-ROCE-Leaf-8.GPU.S9825,FourHundredGigE1/0/54,152563,591588842,174754,636016728,1.47,1.57
2024/05/24 星期五 00:46:16.176,1716482776176,NH-DC-NM129-D06-ROCE-Leaf-8.GPU.S9825,FourHundredGigE1/0/54,179155,695755734,199710,765055964,1.31,1.44
2024/05/24 星期五 00:46:16.876,1716482776876,NH-DC-NM129-D06-ROCE-Leaf-8.GPU.S9825,FourHundredGigE1/0/54,0,0,0,0,0,0
2024/05/24 星期五 00:46:17.447,1716482777447,NH-DC-NM129-D06-ROCE-Leaf-8.GPU.S9825,FourHundredGigE1/0/54,206532,814586972,98596,359210510,1.77,0.77
2024/05/24 星期五 00:46:17.974,1716482777974,NH-DC-NM129-D06-ROCE-Leaf-8.GPU.S9825,FourHundredGigE1/0/54,0,0,0,0,0,0
2024/05/24 星期五 00:46:18.477,1716482778477,NH-DC-NM129-D06-ROCE-Leaf-8.GPU.S9825,FourHundredGigE1/0/54,594911,1902815544,425055,1148217790,4.72,2.83
2024/05/24 星期五 00:46:19.863,1716482779863,NH-DC-NM129-D06-ROCE-Leaf-8.GPU.S9825,FourHundredGigE1/0/54,0,385291658,0,532889283,0.34,0.48
2024/05/24 星期五 00:46:20.574,1716482780574,NH-DC-NM129-D06-ROCE-Leaf-8.GPU.S9825,FourHundredGigE1/0/54,128769,499762886,146371,545002402,0.86,0.95
2024/05/24 星期五 00:46:21.136,1716482781136,NH-DC-NM129-D06-ROCE-Leaf-8.GPU.S9825,FourHundredGigE1/0/54,0,0,0,0,0,0
2024/05/24 星期五 00:46:21.650,1716482781650,NH-DC-NM129-D06-ROCE-Leaf-8.GPU.S9825,FourHundredGigE1/0/54,481093,1922315770,428950,1718935666,4.67,4.16
2024/05/24 星期五 00:46:22.220,1716482782220,NH-DC-NM129-D06-ROCE-Leaf-8.GPU.S9825,FourHundredGigE1/0/54,253112,899035130,121074,444803636,1.95,0.96
2024/05/24 星期五 00:46:22.774,1716482782774,NH-DC-NM129-D06-ROCE-Leaf-8.GPU.S9825,FourHundredGigE1/0/54,0,0,0,0,0,0
2024/05/24 星期五 00:46:23.432,1716482783432,NH-DC-NM129-D06-ROCE-Leaf-8.GPU.S9825,FourHundredGigE1/0/54,100372,364602334,132897,510868938,0.68,0.97
2024/05/24 星期五 00:46:24.134,1716482784134,NH-DC-NM129-D06-ROCE-Leaf-8.GPU.S9825,FourHundredGigE1/0/54,0,0,0,0,0,0
2024/05/24 星期五 00:46:25.237,1716482785237,NH-DC-NM129-D06-ROCE-Leaf-8.GPU.S9825,FourHundredGigE1/0/54,671715,2656523483,449046,1761965136,3.00,1.99
2024/05/24 星期五 00:46:25.748,1716482785748,NH-DC-NM129-D06-ROCE-Leaf-8.GPU.S9825,FourHundredGigE1/0/54,0,0,0,0,0,0
2024/05/24 星期五 00:46:26.311,1716482786311,NH-DC-NM129-D06-ROCE-Leaf-8.GPU.S9825,FourHundredGigE1/0/54,123237,427382154,197186,768776120,0.93,1.69
2024/05/24 星期五 00:46:27.037,1716482787037,NH-DC-NM129-D06-ROCE-Leaf-8.GPU.S9825,FourHundredGigE1/0/54,0,0,0,0,0,0
2024/05/24 星期五 00:46:27.709,1716482787709,NH-DC-NM129-D06-ROCE-Leaf-8.GPU.S9825,FourHundredGigE1/0/54,112312,408825608,122883,403574362,0.74,0.74
2024/05/24 星期五 00:46:28.210,1716482788210,NH-DC-NM129-D06-ROCE-Leaf-8.GPU.S9825,FourHundredGigE1/0/54,0,0,0,0,0,0
2024/05/24 星期五 00:46:28.726,1716482788726,NH-DC-NM129-D06-ROCE-Leaf-8.GPU.S9825,FourHundredGigE1/0/54,113950,434933424,115517,427252838,1.04,1.02
2024/05/24 星期五 00:46:29.301,1716482789301,NH-DC-NM129-D06-ROCE-Leaf-8.GPU.S9825,FourHundredGigE1/0/54,0,0,0,0,0,0
2024/05/24 星期五 00:46:29.805,1716482789805,NH-DC-NM129-D06-ROCE-Leaf-8.GPU.S9825,FourHundredGigE1/0/54,208781,849552754,213584,844275408,2.08,2.08
2024/05/24 星期五 00:46:31.234,1716482791234,NH-DC-NM129-D06-ROCE-Leaf-8.GPU.S9825,FourHundredGigE1/0/54,90381,337432126,83349,299896774,0.29,0.25
2024/05/24 星期五 00:46:31.741,1716482791741,NH-DC-NM129-D06-ROCE-Leaf-8.GPU.S9825,FourHundredGigE1/0/54,198156,797334444,194720,751519568,1.95,1.85
2024/05/24 星期五 00:46:32.336,1716482792336,NH-DC-NM129-D06-ROCE-Leaf-8.GPU.S9825,FourHundredGigE1/0/54,604611,2412624548,517206,2093044342,5.06,4.39
2024/05/24 星期五 00:46:32.871,1716482792871,NH-DC-NM129-D06-ROCE-Leaf-8.GPU.S9825,FourHundredGigE1/0/54,0,0,0,0,0,0
2024/05/24 星期五 00:46:33.373,1716482793373,NH-DC-NM129-D06-ROCE-Leaf-8.GPU.S9825,FourHundredGigE1/0/54,131334,364078480,1214504,4890327586,0.90,12.18
2024/05/24 星期五 00:46:34.235,1716482794235,NH-DC-NM129-D06-ROCE-Leaf-8.GPU.S9825,FourHundredGigE1/0/54,224670,711923820,71629,255592190,1.03,0.36
2024/05/24 星期五 00:46:34.785,1716482794785,NH-DC-NM129-D06-ROCE-Leaf-8.GPU.S9825,FourHundredGigE1/0/54,0,0,0,0,0,0
2024/05/24 星期五 00:46:35.285,1716482795285,NH-DC-NM129-D06-ROCE-Leaf-8.GPU.S9825,FourHundredGigE1/0/54,180525,580062804,119847,457970002,1.45,1.12
2024/05/24 星期五 00:46:35.799,1716482795799,NH-DC-NM129-D06-ROCE-Leaf-8.GPU.S9825,FourHundredGigE1/0/54,0,0,0,0,0,0
2024/05/24 星期五 00:46:36.354,1716482796354,NH-DC-NM129-D06-ROCE-Leaf-8.GPU.S9825,FourHundredGigE1/0/54,356210,1267582840,330309,1316498934,2.84,2.95
2024/05/24 星期五 00:46:37.033,1716482797033,NH-DC-NM129-D06-ROCE-Leaf-8.GPU.S9825,FourHundredGigE1/0/54,117419,381041314,147072,545867224,0.70,0.99
2024/05/24 星期五 00:46:38.524,1716482798524,NH-DC-NM129-D06-ROCE-Leaf-8.GPU.S9825,FourHundredGigE1/0/54,197144,776804800,165869,580643502,0.65,0.49
2024/05/24 星期五 00:46:39.632,1716482799632,NH-DC-NM129-D06-ROCE-Leaf-8.GPU.S9825,FourHundredGigE1/0/54,443160,1741985148,384586,1548431522,1.96,1.74
2024/05/24 星期五 00:46:40.261,1716482800261,NH-DC-NM129-D06-ROCE-Leaf-8.GPU.S9825,FourHundredGigE1/0/54,205050,712304948,307145,1244814216,1.41,2.46
2024/05/24 星期五 00:46:40.994,1716482800994,NH-DC-NM129-D06-ROCE-Leaf-8.GPU.S9825,FourHundredGigE1/0/54,131927,0,156963,0,0,0
2024/05/24 星期五 00:46:41.738,1716482801738,NH-DC-NM129-D06-ROCE-Leaf-8.GPU.S9825,FourHundredGigE1/0/54,0,517660562,0,571193310,0.86,0.96
2024/05/24 星期五 00:46:42.251,1716482802251,NH-DC-NM129-D06-ROCE-Leaf-8.GPU.S9825,FourHundredGigE1/0/54,189583,734706042,183227,725250570,1.78,1.75
2024/05/24 星期五 00:46:42.860,1716482802860,NH-DC-NM129-D06-ROCE-Leaf-8.GPU.S9825,FourHundredGigE1/0/54,0,0,0,0,0,0
2024/05/24 星期五 00:46:43.394,1716482803394,NH-DC-NM129-D06-ROCE-Leaf-8.GPU.S9825,FourHundredGigE1/0/54,170367,640242712,290381,1118520242,1.50,2.60
2024/05/24 星期五 00:46:43.978,1716482803978,NH-DC-NM129-D06-ROCE-Leaf-8.GPU.S9825,FourHundredGigE1/0/54,0,0,0,0,0,0
2024/05/24 星期五 00:46:44.788,1716482804788,NH-DC-NM129-D06-ROCE-Leaf-8.GPU.S9825,FourHundredGigE1/0/54,225386,889215434,251873,1003150480,1.36,1.54
2024/05/24 星期五 00:46:45.362,1716482805362,NH-DC-NM129-D06-ROCE-Leaf-8.GPU.S9825,FourHundredGigE1/0/54,210367,788974126,244830,949308766,1.70,2.05
2024/05/24 星期五 00:46:46.317,1716482806317,NH-DC-NM129-D06-ROCE-Leaf-8.GPU.S9825,FourHundredGigE1/0/54,144381,530972046,159394,591850188,0.69,0.77
2024/05/24 星期五 00:46:46.821,1716482806821,NH-DC-NM129-D06-ROCE-Leaf-8.GPU.S9825,FourHundredGigE1/0/54,0,0,0,0,0,0
2024/05/24 星期五 00:46:47.840,1716482807840,NH-DC-NM129-D06-ROCE-Leaf-8.GPU.S9825,FourHundredGigE1/0/54,234134,930866612,244915,982291058,1.14,1.20
2024/05/24 星期五 00:46:48.491,1716482808491,NH-DC-NM129-D06-ROCE-Leaf-8.GPU.S9825,FourHundredGigE1/0/54,108226,406763716,225683,873133438,0.77,1.67
2024/05/24 星期五 00:46:48.991,1716482808991,NH-DC-NM129-D06-ROCE-Leaf-8.GPU.S9825,FourHundredGigE1/0/54,0,0,0,0,0,0
2024/05/24 星期五 00:46:49.490,1716482809490,NH-DC-NM129-D06-ROCE-Leaf-8.GPU.S9825,FourHundredGigE1/0/54,81231,258138270,134810,421878248,0.63,1.05
2024/05/24 星期五 00:46:50.018,1716482810018,NH-DC-NM129-D06-ROCE-Leaf-8.GPU.S9825,FourHundredGigE1/0/54,0,0,0,0,0,0
2024/05/24 星期五 00:46:50.518,1716482810518,NH-DC-NM129-D06-ROCE-Leaf-8.GPU.S9825,FourHundredGigE1/0/54,218881,874251358,89256,319439744,2.18,0.78
2024/05/24 星期五 00:46:51.226,1716482811226,NH-DC-NM129-D06-ROCE-Leaf-8.GPU.S9825,FourHundredGigE1/0/54,198140,796209528,221275,837987870,1.39,1.47
2024/05/24 星期五 00:46:51.893,1716482811893,NH-DC-NM129-D06-ROCE-Leaf-8.GPU.S9825,FourHundredGigE1/0/54,0,0,0,0,0,0
2024/05/24 星期五 00:46:52.393,1716482812393,NH-DC-NM129-D06-ROCE-Leaf-8.GPU.S9825,FourHundredGigE1/0/54,246353,908598410,69455,268446815,2.25,0.65
2024/05/24 星期五 00:46:52.970,1716482812970,NH-DC-NM129-D06-ROCE-Leaf-8.GPU.S9825,FourHundredGigE1/0/54,0,0,0,0,0,0
2024/05/24 星期五 00:46:53.473,1716482813473,NH-DC-NM129-D06-ROCE-Leaf-8.GPU.S9825,FourHundredGigE1/0/54,77848,290824884,177815,646252794,0.72,1.59
2024/05/24 星期五 00:46:54.110,1716482814110,NH-DC-NM129-D06-ROCE-Leaf-8.GPU.S9825,FourHundredGigE1/0/54,306218,1202184389,404711,1596043242,2.35,3.12
2024/05/24 星期五 00:46:54.859,1716482814859,NH-DC-NM129-D06-ROCE-Leaf-8.GPU.S9825,FourHundredGigE1/0/54,0,0,0,0,0,0
2024/05/24 星期五 00:46:55.447,1716482815447,NH-DC-NM129-D06-ROCE-Leaf-8.GPU.S9825,FourHundredGigE1/0/54,79402,275425786,98820,351514012,0.57,0.74
2024/05/24 星期五 00:46:55.947,1716482815947,NH-DC-NM129-D06-ROCE-Leaf-8.GPU.S9825,FourHundredGigE1/0/54,0,0,0,0,0,0
2024/05/24 星期五 00:46:56.541,1716482816541,NH-DC-NM129-D06-ROCE-Leaf-8.GPU.S9825,FourHundredGigE1/0/54,59397,225037148,143377,494290994,0.46,1.03
2024/05/24 星期五 00:46:57.042,1716482817042,NH-DC-NM129-D06-ROCE-Leaf-8.GPU.S9825,FourHundredGigE1/0/54,0,0,0,0,0,0
2024/05/24 星期五 00:46:57.545,1716482817545,NH-DC-NM129-D06-ROCE-Leaf-8.GPU.S9825,FourHundredGigE1/0/54,142502,537913224,184334,649243548,1.32,1.59
2024/05/24 星期五 00:46:58.321,1716482818321,NH-DC-NM129-D06-ROCE-Leaf-8.GPU.S9825,FourHundredGigE1/0/54,294443,1000797550,102184,336005004,1.61,0.53
2024/05/24 星期五 00:46:59.010,1716482819010,NH-DC-NM129-D06-ROCE-Leaf-8.GPU.S9825,FourHundredGigE1/0/54,0,0,0,0,0,0
2024/05/24 星期五 00:46:59.509,1716482819509,NH-DC-NM129-D06-ROCE-Leaf-8.GPU.S9825,FourHundredGigE1/0/54,236713,660674010,190029,708684842,1.65,1.75
2024/05/24 星期五 00:47:01.891,1716482821891,NH-DC-NM129-D06-ROCE-Leaf-8.GPU.S9825,FourHundredGigE1/0/54,338831,1148246730,331365,1239381944,0.60,0.65
2024/05/24 星期五 00:47:02.693,1716482822693,NH-DC-NM129-D06-ROCE-Leaf-8.GPU.S9825,FourHundredGigE1/0/54,407353,1654219446,525878,2123056258,2.57,3.30
2024/05/24 星期五 00:47:03.205,1716482823205,NH-DC-NM129-D06-ROCE-Leaf-8.GPU.S9825,FourHundredGigE1/0/54,0,0,0,0,0,0
2024/05/24 星期五 00:47:03.705,1716482823705,NH-DC-NM129-D06-ROCE-Leaf-8.GPU.S9825,FourHundredGigE1/0/54,460315,1620549394,116460,407213100,4.05,1
2024/05/24 星期五 00:47:04.295,1716482824295,NH-DC-NM129-D06-ROCE-Leaf-8.GPU.S9825,FourHundredGigE1/0/54,382258,1497865616,154163,470170578,3.16,1.00
2024/05/24 星期五 00:47:04.869,1716482824869,NH-DC-NM129-D06-ROCE-Leaf-8.GPU.S9825,FourHundredGigE1/0/54,0,0,0,0,0,0
2024/05/24 星期五 00:47:05.691,1716482825691,NH-DC-NM129-D06-ROCE-Leaf-8.GPU.S9825,FourHundredGigE1/0/54,45011,169975098,88809,249419290,0.24,0.36
2024/05/24 星期五 00:47:06.199,1716482826199,NH-DC-NM129-D06-ROCE-Leaf-8.GPU.S9825,FourHundredGigE1/0/54,89983,288521174,195753,724989830,0.69,1.77
2024/05/24 星期五 00:47:07.097,1716482827097,NH-DC-NM129-D06-ROCE-Leaf-8.GPU.S9825,FourHundredGigE1/0/54,0,0,0,0,0,0
2024/05/24 星期五 00:47:07.597,1716482827597,NH-DC-NM129-D06-ROCE-Leaf-8.GPU.S9825,FourHundredGigE1/0/54,230708,893549188,117069,391902146,2.22,0.98
2024/05/24 星期五 00:47:08.227,1716482828227,NH-DC-NM129-D06-ROCE-Leaf-8.GPU.S9825,FourHundredGigE1/0/54,172415,673036794,131983,463434022,1.33,0.91
2024/05/24 星期五 00:47:08.924,1716482828924,NH-DC-NM129-D06-ROCE-Leaf-8.GPU.S9825,FourHundredGigE1/0/54,0,0,0,0,0,0
2024/05/24 星期五 00:47:09.427,1716482829427,NH-DC-NM129-D06-ROCE-Leaf-8.GPU.S9825,FourHundredGigE1/0/54,437845,1732954734,307350,1201717604,4.30,2.98
2024/05/24 星期五 00:47:10.007,1716482830007,NH-DC-NM129-D06-ROCE-Leaf-8.GPU.S9825,FourHundredGigE1/0/54,0,0,0,0,0,0
2024/05/24 星期五 00:47:10.508,1716482830508,NH-DC-NM129-D06-ROCE-Leaf-8.GPU.S9825,FourHundredGigE1/0/54,268677,999420030,120356,460665688,2.47,1.15
2024/05/24 星期五 00:47:11.448,1716482831448,NH-DC-NM129-D06-ROCE-Leaf-8.GPU.S9825,FourHundredGigE1/0/54,159872,608446292,142724,520276656,0.80,0.69
2024/05/24 星期五 00:47:12.087,1716482832087,NH-DC-NM129-D06-ROCE-Leaf-8.GPU.S9825,FourHundredGigE1/0/54,0,0,0,0,0,0
2024/05/24 星期五 00:47:12.661,1716482832661,NH-DC-NM129-D06-ROCE-Leaf-8.GPU.S9825,FourHundredGigE1/0/54,411366,1591738708,158398,559859142,3.46,1.20
2024/05/24 星期五 00:47:13.246,1716482833246,NH-DC-NM129-D06-ROCE-Leaf-8.GPU.S9825,FourHundredGigE1/0/54,0,0,0,0,0,0
2024/05/24 星期五 00:47:13.748,1716482833748,NH-DC-NM129-D06-ROCE-Leaf-8.GPU.S9825,FourHundredGigE1/0/54,348122,1370456720,225201,874966356,3.41,2.17
2024/05/24 星期五 00:47:14.410,1716482834410,NH-DC-NM129-D06-ROCE-Leaf-8.GPU.S9825,FourHundredGigE1/0/54,236412,945334976,223782,831855584,1.77,1.57
2024/05/24 星期五 00:47:14.973,1716482834973,NH-DC-NM129-D06-ROCE-Leaf-8.GPU.S9825,FourHundredGigE1/0/54,0,0,0,0,0,0
2024/05/24 星期五 00:47:15.498,1716482835498,NH-DC-NM129-D06-ROCE-Leaf-8.GPU.S9825,FourHundredGigE1/0/54,88633,325262683,50554,183429884,0.76,0.43
2024/05/24 星期五 00:47:16.090,1716482836090,NH-DC-NM129-D06-ROCE-Leaf-8.GPU.S9825,FourHundredGigE1/0/54,0,0,0,0,0,0
2024/05/24 星期五 00:47:16.671,1716482836671,NH-DC-NM129-D06-ROCE-Leaf-8.GPU.S9825,FourHundredGigE1/0/54,197762,784572976,322963,1296579146,1.68,2.78
2024/05/24 星期五 00:47:17.169,1716482837169,NH-DC-NM129-D06-ROCE-Leaf-8.GPU.S9825,FourHundredGigE1/0/54,0,0,0,0,0,0
2024/05/24 星期五 00:47:17.678,1716482837678,NH-DC-NM129-D06-ROCE-Leaf-8.GPU.S9825,FourHundredGigE1/0/54,110691,399559318,178202,644606592,0.96,1.57
2024/05/24 星期五 00:47:18.312,1716482838312,NH-DC-NM129-D06-ROCE-Leaf-8.GPU.S9825,FourHundredGigE1/0/54,109935,397335518,320276,1251057080,0.77,2.46
2024/05/24 星期五 00:47:19.815,1716482839815,NH-DC-NM129-D06-ROCE-Leaf-8.GPU.S9825,FourHundredGigE1/0/54,218619,839025250,147965,552222962,0.69,0.46
2024/05/24 星期五 00:47:20.357,1716482840357,NH-DC-NM129-D06-ROCE-Leaf-8.GPU.S9825,FourHundredGigE1/0/54,304814,1184236734,315738,1274063052,2.72,2.93
2024/05/24 星期五 00:47:20.858,1716482840858,NH-DC-NM129-D06-ROCE-Leaf-8.GPU.S9825,FourHundredGigE1/0/54,0,0,0,0,0,0
2024/05/24 星期五 00:47:21.649,1716482841649,NH-DC-NM129-D06-ROCE-Leaf-8.GPU.S9825,FourHundredGigE1/0/54,132107,509219078,167661,653090530,0.79,1.03
2024/05/24 星期五 00:47:22.296,1716482842296,NH-DC-NM129-D06-ROCE-Leaf-8.GPU.S9825,FourHundredGigE1/0/54,188573,743605532,97201,387375021,1.43,0.73
2024/05/24 星期五 00:47:22.850,1716482842850,NH-DC-NM129-D06-ROCE-Leaf-8.GPU.S9825,FourHundredGigE1/0/54,0,0,0,0,0,0
2024/05/24 星期五 00:47:23.434,1716482843434,NH-DC-NM129-D06-ROCE-Leaf-8.GPU.S9825,FourHundredGigE1/0/54,98701,359573234,294791,1117873427,0.75,2.38
2024/05/24 星期五 00:47:23.947,1716482843947,NH-DC-NM129-D06-ROCE-Leaf-8.GPU.S9825,FourHundredGigE1/0/54,0,0,0,0,0,0
2024/05/24 星期五 00:47:24.449,1716482844449,NH-DC-NM129-D06-ROCE-Leaf-8.GPU.S9825,FourHundredGigE1/0/54,214689,854827963,195198,679702724,2.12,1.67
2024/05/24 星期五 00:47:25.163,1716482845163,NH-DC-NM129-D06-ROCE-Leaf-8.GPU.S9825,FourHundredGigE1/0/54,183428,728654260,58161,224664342,1.26,0.39
2024/05/24 星期五 00:47:25.862,1716482845862,NH-DC-NM129-D06-ROCE-Leaf-8.GPU.S9825,FourHundredGigE1/0/54,0,0,0,0,0,0
2024/05/24 星期五 00:47:26.449,1716482846449,NH-DC-NM129-D06-ROCE-Leaf-8.GPU.S9825,FourHundredGigE1/0/54,78431,202888310,183600,572284348,0.43,1.21
2024/05/24 星期五 00:47:26.998,1716482846998,NH-DC-NM129-D06-ROCE-Leaf-8.GPU.S9825,FourHundredGigE1/0/54,0,0,0,0,0,0
2024/05/24 星期五 00:47:27.499,1716482847499,NH-DC-NM129-D06-ROCE-Leaf-8.GPU.S9825,FourHundredGigE1/0/54,448743,1678257518,407717,1640508742,4.17,4.09
2024/05/24 星期五 00:47:28.152,1716482848152,NH-DC-NM129-D06-ROCE-Leaf-8.GPU.S9825,FourHundredGigE1/0/54,267781,955233902,123896,426147056,1.82,0.80
2024/05/24 星期五 00:47:28.973,1716482848973,NH-DC-NM129-D06-ROCE-Leaf-8.GPU.S9825,FourHundredGigE1/0/54,0,0,0,0,0,0
2024/05/24 星期五 00:47:29.577,1716482849577,NH-DC-NM129-D06-ROCE-Leaf-8.GPU.S9825,FourHundredGigE1/0/54,420527,1691349976,231530,871073468,3.50,1.80
2024/05/24 星期五 00:47:30.156,1716482850156,NH-DC-NM129-D06-ROCE-Leaf-8.GPU.S9825,FourHundredGigE1/0/54,0,0,0,0,0,0
2024/05/24 星期五 00:47:30.659,1716482850659,NH-DC-NM129-D06-ROCE-Leaf-8.GPU.S9825,FourHundredGigE1/0/54,305030,1209732798,138800,510728488,2.98,1.27
2024/05/24 星期五 00:47:31.161,1716482851161,NH-DC-NM129-D06-ROCE-Leaf-8.GPU.S9825,FourHundredGigE1/0/54,365207,1270638974,157177,569528662,3.16,1.39
2024/05/24 星期五 00:47:31.830,1716482851830,NH-DC-NM129-D06-ROCE-Leaf-8.GPU.S9825,FourHundredGigE1/0/54,0,0,0,0,0,0
2024/05/24 星期五 00:47:32.552,1716482852552,NH-DC-NM129-D06-ROCE-Leaf-8.GPU.S9825,FourHundredGigE1/0/54,363890,1432447076,192595,703912338,2.48,1.21
2024/05/24 星期五 00:47:33.158,1716482853158,NH-DC-NM129-D06-ROCE-Leaf-8.GPU.S9825,FourHundredGigE1/0/54,0,0,0,0,0,0
2024/05/24 星期五 00:47:33.766,1716482853766,NH-DC-NM129-D06-ROCE-Leaf-8.GPU.S9825,FourHundredGigE1/0/54,260504,997473524,191824,709413174,2.04,1.44
2024/05/24 星期五 00:47:34.267,1716482854267,NH-DC-NM129-D06-ROCE-Leaf-8.GPU.S9825,FourHundredGigE1/0/54,0,0,0,0,0,0
2024/05/24 星期五 00:47:34.769,1716482854769,NH-DC-NM129-D06-ROCE-Leaf-8.GPU.S9825,FourHundredGigE1/0/54,177673,629689786,173735,635281224,1.54,1.57
2024/05/24 星期五 00:47:35.536,1716482855536,NH-DC-NM129-D06-ROCE-Leaf-8.GPU.S9825,FourHundredGigE1/0/54,168394,642714152,246773,972436170,1.04,1.58
2024/05/24 星期五 00:47:36.210,1716482856210,NH-DC-NM129-D06-ROCE-Leaf-8.GPU.S9825,FourHundredGigE1/0/54,210452,805736204,177507,661366958,1.48,1.22
2024/05/24 星期五 00:47:36.827,1716482856827,NH-DC-NM129-D06-ROCE-Leaf-8.GPU.S9825,FourHundredGigE1/0/54,0,0,0,0,0,0
2024/05/24 星期五 00:47:37.329,1716482857329,NH-DC-NM129-D06-ROCE-Leaf-8.GPU.S9825,FourHundredGigE1/0/54,515396,2026275640,599164,2397359312,5.03,5.95
2024/05/24 星期五 00:47:39.262,1716482859262,NH-DC-NM129-D06-ROCE-Leaf-8.GPU.S9825,FourHundredGigE1/0/54,84862,322213492,259358,970453040,0.21,0.63
2024/05/24 星期五 00:47:40.083,1716482860083,NH-DC-NM129-D06-ROCE-Leaf-8.GPU.S9825,FourHundredGigE1/0/54,0,0,0,0,0,0
2024/05/24 星期五 00:47:40.675,1716482860675,NH-DC-NM129-D06-ROCE-Leaf-8.GPU.S9825,FourHundredGigE1/0/54,228246,869539072,254326,977526252,1.82,2.05
2024/05/24 星期五 00:47:41.195,1716482861195,NH-DC-NM129-D06-ROCE-Leaf-8.GPU.S9825,FourHundredGigE1/0/54,0,0,0,0,0,0
2024/05/24 星期五 00:47:41.696,1716482861696,NH-DC-NM129-D06-ROCE-Leaf-8.GPU.S9825,FourHundredGigE1/0/54,137949,531986510,141679,512996310,1.32,1.27
2024/05/24 星期五 00:47:42.394,1716482862394,NH-DC-NM129-D06-ROCE-Leaf-8.GPU.S9825,FourHundredGigE1/0/54,762580,3079844688,345028,1345349217,5.50,2.40
2024/05/24 星期五 00:47:42.989,1716482862989,NH-DC-NM129-D06-ROCE-Leaf-8.GPU.S9825,FourHundredGigE1/0/54,0,0,0,0,0,0
2024/05/24 星期五 00:47:43.670,1716482863670,NH-DC-NM129-D06-ROCE-Leaf-8.GPU.S9825,FourHundredGigE1/0/54,246511,965409943,188829,716722785,1.76,1.30
2024/05/24 星期五 00:47:44.259,1716482864259,NH-DC-NM129-D06-ROCE-Leaf-8.GPU.S9825,FourHundredGigE1/0/54,0,0,0,0,0,0
2024/05/24 星期五 00:47:44.760,1716482864760,NH-DC-NM129-D06-ROCE-Leaf-8.GPU.S9825,FourHundredGigE1/0/54,133297,417593998,212416,839920422,1.02,2.07
2024/05/24 星期五 00:47:45.282,1716482865282,NH-DC-NM129-D06-ROCE-Leaf-8.GPU.S9825,FourHundredGigE1/0/54,291478,1111773708,381777,1491153114,2.66,3.57
2024/05/24 星期五 00:47:45.879,1716482865879,NH-DC-NM129-D06-ROCE-Leaf-8.GPU.S9825,FourHundredGigE1/0/54,0,0,0,0,0,0
2024/05/24 星期五 00:47:46.520,1716482866520,NH-DC-NM129-D06-ROCE-Leaf-8.GPU.S9825,FourHundredGigE1/0/54,123915,454453414,96878,303665324,0.88,0.59
2024/05/24 星期五 00:47:47.159,1716482867159,NH-DC-NM129-D06-ROCE-Leaf-8.GPU.S9825,FourHundredGigE1/0/54,0,0,0,0,0,0
2024/05/24 星期五 00:47:48.072,1716482868072,NH-DC-NM129-D06-ROCE-Leaf-8.GPU.S9825,FourHundredGigE1/0/54,92257,281145398,53067,156347230,0.38,0.21
2024/05/24 星期五 00:47:48.576,1716482868576,NH-DC-NM129-D06-ROCE-Leaf-8.GPU.S9825,FourHundredGigE1/0/54,99604,392618808,116098,431017172,0.97,1.07
2024/05/24 星期五 00:47:49.184,1716482869184,NH-DC-NM129-D06-ROCE-Leaf-8.GPU.S9825,FourHundredGigE1/0/54,0,0,0,0,0,0
2024/05/24 星期五 00:47:49.727,1716482869727,NH-DC-NM129-D06-ROCE-Leaf-8.GPU.S9825,FourHundredGigE1/0/54,402199,1593692360,125355,460402318,3.66,1.06
2024/05/24 星期五 00:47:50.451,1716482870451,NH-DC-NM129-D06-ROCE-Leaf-8.GPU.S9825,FourHundredGigE1/0/54,268498,1029989106,94897,381727914,1.76,0.66
2024/05/24 星期五 00:47:50.997,1716482870997,NH-DC-NM129-D06-ROCE-Leaf-8.GPU.S9825,FourHundredGigE1/0/54,0,0,0,0,0,0
2024/05/24 星期五 00:47:51.497,1716482871497,NH-DC-NM129-D06-ROCE-Leaf-8.GPU.S9825,FourHundredGigE1/0/54,345036,1284036476,100499,332573602,3.2,0.82
2024/05/24 星期五 00:47:52.033,1716482872033,NH-DC-NM129-D06-ROCE-Leaf-8.GPU.S9825,FourHundredGigE1/0/54,0,0,0,0,0,0
2024/05/24 星期五 00:47:52.541,1716482872541,NH-DC-NM129-D06-ROCE-Leaf-8.GPU.S9825,FourHundredGigE1/0/54,1268011,5124223096,149922,554142724,12.60,1.35
2024/05/24 星期五 00:47:53.153,1716482873153,NH-DC-NM129-D06-ROCE-Leaf-8.GPU.S9825,FourHundredGigE1/0/54,1065765,4349380398,155881,551936942,8.86,1.12
2024/05/24 星期五 00:47:53.870,1716482873870,NH-DC-NM129-D06-ROCE-Leaf-8.GPU.S9825,FourHundredGigE1/0/54,0,0,0,0,0,0
2024/05/24 星期五 00:47:54.428,1716482874428,NH-DC-NM129-D06-ROCE-Leaf-8.GPU.S9825,FourHundredGigE1/0/54,1320212,5312921755,172204,599336524,11.90,1.32
2024/05/24 星期五 00:47:54.929,1716482874929,NH-DC-NM129-D06-ROCE-Leaf-8.GPU.S9825,FourHundredGigE1/0/54,0,0,0,0,0,0
2024/05/24 星期五 00:47:55.478,1716482875478,NH-DC-NM129-D06-ROCE-Leaf-8.GPU.S9825,FourHundredGigE1/0/54,1054185,4285711088,306627,1192187766,9.74,2.71
2024/05/24 星期五 00:47:56.090,1716482876090,NH-DC-NM129-D06-ROCE-Leaf-8.GPU.S9825,FourHundredGigE1/0/54,0,0,0,0,0,0
2024/05/24 星期五 00:47:56.747,1716482876747,NH-DC-NM129-D06-ROCE-Leaf-8.GPU.S9825,FourHundredGigE1/0/54,511751,2032893540,547439,2242504618,3.86,4.26
2024/05/24 星期五 00:47:57.420,1716482877420,NH-DC-NM129-D06-ROCE-Leaf-8.GPU.S9825,FourHundredGigE1/0/54,177030,697874196,129037,497929422,1.28,0.91
2024/05/24 星期五 00:47:57.992,1716482877992,NH-DC-NM129-D06-ROCE-Leaf-8.GPU.S9825,FourHundredGigE1/0/54,0,0,0,0,0,0
2024/05/24 星期五 00:47:58.586,1716482878586,NH-DC-NM129-D06-ROCE-Leaf-8.GPU.S9825,FourHundredGigE1/0/54,175549,667203470,234705,912190310,1.39,1.91
2024/05/24 星期五 00:47:59.173,1716482879173,NH-DC-NM129-D06-ROCE-Leaf-8.GPU.S9825,FourHundredGigE1/0/54,419506,1656319136,510638,2062353588,3.51,4.39
2024/05/24 星期五 00:47:59.887,1716482879887,NH-DC-NM129-D06-ROCE-Leaf-8.GPU.S9825,FourHundredGigE1/0/54,0,0,0,0,0,0
2024/05/24 星期五 00:48:00.672,1716482880672,NH-DC-NM129-D06-ROCE-Leaf-8.GPU.S9825,FourHundredGigE1/0/54,175882,717035728,167410,645337024,1.13,1.02
2024/05/24 星期五 00:48:01.304,1716482881304,NH-DC-NM129-D06-ROCE-Leaf-8.GPU.S9825,FourHundredGigE1/0/54,266132,841898184,216340,766371248,1.66,1.50
2024/05/24 星期五 00:48:01.813,1716482881813,NH-DC-NM129-D06-ROCE-Leaf-8.GPU.S9825,FourHundredGigE1/0/54,0,0,0,0,0,0
2024/05/24 星期五 00:48:02.341,1716482882341,NH-DC-NM129-D06-ROCE-Leaf-8.GPU.S9825,FourHundredGigE1/0/54,224372,912637137,150171,570018646,2.15,1.35
2024/05/24 星期五 00:48:02.900,1716482882900,NH-DC-NM129-D06-ROCE-Leaf-8.GPU.S9825,FourHundredGigE1/0/54,0,0,0,0,0,0
2024/05/24 星期五 00:48:06.574,1716482886574,NH-DC-NM129-D06-ROCE-Leaf-8.GPU.S9825,FourHundredGigE1/0/54,880719,3432338330,847518,3302019572,1.17,1.12
2024/05/24 星期五 00:48:07.391,1716482887391,NH-DC-NM129-D06-ROCE-Leaf-8.GPU.S9825,FourHundredGigE1/0/54,273833,1120242070,199563,798225414,1.71,1.21
2024/05/24 星期五 00:48:07.933,1716482887933,NH-DC-NM129-D06-ROCE-Leaf-8.GPU.S9825,FourHundredGigE1/0/54,0,0,0,0,0,0
2024/05/24 星期五 00:48:08.433,1716482888433,NH-DC-NM129-D06-ROCE-Leaf-8.GPU.S9825,FourHundredGigE1/0/54,233984,850268413,95254,353339476,2.12,0.88
2024/05/24 星期五 00:48:09.612,1716482889612,NH-DC-NM129-D06-ROCE-Leaf-8.GPU.S9825,FourHundredGigE1/0/54,89840,309678452,89994,308856420,0.32,0.32
2024/05/24 星期五 00:48:10.354,1716482890354,NH-DC-NM129-D06-ROCE-Leaf-8.GPU.S9825,FourHundredGigE1/0/54,114745,426923558,271711,1088466390,0.71,1.82
2024/05/24 星期五 00:48:11.079,1716482891079,NH-DC-NM129-D06-ROCE-Leaf-8.GPU.S9825,FourHundredGigE1/0/54,0,0,0,0,0,0
2024/05/24 星期五 00:48:11.581,1716482891581,NH-DC-NM129-D06-ROCE-Leaf-8.GPU.S9825,FourHundredGigE1/0/54,103562,403381566,361989,1442495062,1.00,3.59
2024/05/24 星期五 00:48:12.082,1716482892082,NH-DC-NM129-D06-ROCE-Leaf-8.GPU.S9825,FourHundredGigE1/0/54,0,0,0,0,0,0
2024/05/24 星期五 00:48:12.587,1716482892587,NH-DC-NM129-D06-ROCE-Leaf-8.GPU.S9825,FourHundredGigE1/0/54,235381,768251144,48613,184685246,1.88,0.45
2024/05/24 星期五 00:48:13.089,1716482893089,NH-DC-NM129-D06-ROCE-Leaf-8.GPU.S9825,FourHundredGigE1/0/54,0,0,0,0,0,0
2024/05/24 星期五 00:48:13.587,1716482893587,NH-DC-NM129-D06-ROCE-Leaf-8.GPU.S9825,FourHundredGigE1/0/54,80585,294627614,124926,462706408,0.73,1.15
2024/05/24 星期五 00:48:14.425,1716482894425,NH-DC-NM129-D06-ROCE-Leaf-8.GPU.S9825,FourHundredGigE1/0/54,201043,773111970,288007,1148218718,1.15,1.70
2024/05/24 星期五 00:48:14.930,1716482894930,NH-DC-NM129-D06-ROCE-Leaf-8.GPU.S9825,FourHundredGigE1/0/54,0,0,0,0,0,0
2024/05/24 星期五 00:48:15.430,1716482895430,NH-DC-NM129-D06-ROCE-Leaf-8.GPU.S9825,FourHundredGigE1/0/54,162626,613395572,95398,358830524,1.52,0.88
2024/05/24 星期五 00:48:16.108,1716482896108,NH-DC-NM129-D06-ROCE-Leaf-8.GPU.S9825,FourHundredGigE1/0/54,0,0,0,0,0,0
2024/05/24 星期五 00:48:16.609,1716482896609,NH-DC-NM129-D06-ROCE-Leaf-8.GPU.S9825,FourHundredGigE1/0/54,111663,406932534,133959,504569774,1.00,1.25
2024/05/24 星期五 00:48:17.424,1716482897424,NH-DC-NM129-D06-ROCE-Leaf-8.GPU.S9825,FourHundredGigE1/0/54,160364,612980032,184879,692466860,0.94,1.06
2024/05/24 星期五 00:48:18.093,1716482898093,NH-DC-NM129-D06-ROCE-Leaf-8.GPU.S9825,FourHundredGigE1/0/54,0,0,0,0,0,0
2024/05/24 星期五 00:48:18.748,1716482898748,NH-DC-NM129-D06-ROCE-Leaf-8.GPU.S9825,FourHundredGigE1/0/54,195666,648191028,502029,1923107948,1.22,3.66
2024/05/24 星期五 00:48:19.886,1716482899886,NH-DC-NM129-D06-ROCE-Leaf-8.GPU.S9825,FourHundredGigE1/0/54,0,0,0,0,0,0
2024/05/24 星期五 00:48:20.421,1716482900421,NH-DC-NM129-D06-ROCE-Leaf-8.GPU.S9825,FourHundredGigE1/0/54,71520,231643900,113182,334504108,0.54,0.77
2024/05/24 星期五 00:48:21.213,1716482901213,NH-DC-NM129-D06-ROCE-Leaf-8.GPU.S9825,FourHundredGigE1/0/54,283710,1101775068,271895,1080830262,1.74,1.70
2024/05/24 星期五 00:48:21.925,1716482901925,NH-DC-NM129-D06-ROCE-Leaf-8.GPU.S9825,FourHundredGigE1/0/54,0,0,0,0,0,0
2024/05/24 星期五 00:48:22.428,1716482902428,NH-DC-NM129-D06-ROCE-Leaf-8.GPU.S9825,FourHundredGigE1/0/54,111954,413536866,172968,686479252,1.02,1.69
2024/05/24 星期五 00:48:22.954,1716482902954,NH-DC-NM129-D06-ROCE-Leaf-8.GPU.S9825,FourHundredGigE1/0/54,0,0,0,0,0,0
2024/05/24 星期五 00:48:23.470,1716482903470,NH-DC-NM129-D06-ROCE-Leaf-8.GPU.S9825,FourHundredGigE1/0/54,192278,762551378,73132,235570236,1.84,0.56
2024/05/24 星期五 00:48:24.038,1716482904038,NH-DC-NM129-D06-ROCE-Leaf-8.GPU.S9825,FourHundredGigE1/0/54,0,0,0,0,0,0
2024/05/24 星期五 00:48:24.801,1716482904801,NH-DC-NM129-D06-ROCE-Leaf-8.GPU.S9825,FourHundredGigE1/0/54,183385,639210699,130010,488569664,1.03,0.79
2024/05/24 星期五 00:48:25.435,1716482905435,NH-DC-NM129-D06-ROCE-Leaf-8.GPU.S9825,FourHundredGigE1/0/54,397005,1530119754,234186,925459624,3.02,1.81
2024/05/24 星期五 00:48:25.937,1716482905937,NH-DC-NM129-D06-ROCE-Leaf-8.GPU.S9825,FourHundredGigE1/0/54,0,0,0,0,0,0
2024/05/24 星期五 00:48:26.454,1716482906454,NH-DC-NM129-D06-ROCE-Leaf-8.GPU.S9825,FourHundredGigE1/0/54,165636,640022796,229079,860638280,1.55,2.08
2024/05/24 星期五 00:48:26.976,1716482906976,NH-DC-NM129-D06-ROCE-Leaf-8.GPU.S9825,FourHundredGigE1/0/54,0,0,0,0,0,0
2024/05/24 星期五 00:48:29.140,1716482909140,NH-DC-NM129-D06-ROCE-Leaf-8.GPU.S9825,FourHundredGigE1/0/54,621430,2489804285,388383,1514175604,1.43,0.87
2024/05/24 星期五 00:48:29.644,1716482909644,NH-DC-NM129-D06-ROCE-Leaf-8.GPU.S9825,FourHundredGigE1/0/54,567721,2295225360,177767,616457762,5.68,1.51
2024/05/24 星期五 00:48:30.205,1716482910205,NH-DC-NM129-D06-ROCE-Leaf-8.GPU.S9825,FourHundredGigE1/0/54,0,0,0,0,0,0
2024/05/24 星期五 00:48:30.705,1716482910705,NH-DC-NM129-D06-ROCE-Leaf-8.GPU.S9825,FourHundredGigE1/0/54,225335,871838768,215015,820147574,2.18,2.05
2024/05/24 星期五 00:48:31.455,1716482911455,NH-DC-NM129-D06-ROCE-Leaf-8.GPU.S9825,FourHundredGigE1/0/54,169784,640544161,170227,641288972,1.07,1.07
2024/05/24 星期五 00:48:32.270,1716482912270,NH-DC-NM129-D06-ROCE-Leaf-8.GPU.S9825,FourHundredGigE1/0/54,0,0,0,0,0,0
2024/05/24 星期五 00:48:32.767,1716482912767,NH-DC-NM129-D06-ROCE-Leaf-8.GPU.S9825,FourHundredGigE1/0/54,146180,561061312,371024,1468795988,1.41,3.67
2024/05/24 星期五 00:48:33.268,1716482913268,NH-DC-NM129-D06-ROCE-Leaf-8.GPU.S9825,FourHundredGigE1/0/54,0,0,0,0,0,0
2024/05/24 星期五 00:48:33.772,1716482913772,NH-DC-NM129-D06-ROCE-Leaf-8.GPU.S9825,FourHundredGigE1/0/54,62418,183624477,218156,803241668,0.45,1.98
2024/05/24 星期五 00:48:34.358,1716482914358,NH-DC-NM129-D06-ROCE-Leaf-8.GPU.S9825,FourHundredGigE1/0/54,480725,1853586970,263825,1008292418,3.95,2.13
2024/05/24 星期五 00:48:35.137,1716482915137,NH-DC-NM129-D06-ROCE-Leaf-8.GPU.S9825,FourHundredGigE1/0/54,553981,2124371610,145990,553279956,3.40,0.88
2024/05/24 星期五 00:48:35.736,1716482915736,NH-DC-NM129-D06-ROCE-Leaf-8.GPU.S9825,FourHundredGigE1/0/54,0,0,0,0,0,0
2024/05/24 星期五 00:48:36.237,1716482916237,NH-DC-NM129-D06-ROCE-Leaf-8.GPU.S9825,FourHundredGigE1/0/54,627524,2513690088,460323,1862991657,6.26,4.64
2024/05/24 星期五 00:48:36.738,1716482916738,NH-DC-NM129-D06-ROCE-Leaf-8.GPU.S9825,FourHundredGigE1/0/54,0,0,0,0,0,0
2024/05/24 星期五 00:48:37.239,1716482917239,NH-DC-NM129-D06-ROCE-Leaf-8.GPU.S9825,FourHundredGigE1/0/54,127586,483241956,167779,636812096,1.20,1.57
2024/05/24 星期五 00:48:38.860,1716482918860,NH-DC-NM129-D06-ROCE-Leaf-8.GPU.S9825,FourHundredGigE1/0/54,152502,524012978,540974,2183993426,0.40,1.68
2024/05/24 星期五 00:48:39.863,1716482919863,NH-DC-NM129-D06-ROCE-Leaf-8.GPU.S9825,FourHundredGigE1/0/54,0,0,0,0,0,0
2024/05/24 星期五 00:48:40.509,1716482920509,NH-DC-NM129-D06-ROCE-Leaf-8.GPU.S9825,FourHundredGigE1/0/54,207504,655392550,120572,460218764,1.26,0.89
2024/05/24 星期五 00:48:41.132,1716482921132,NH-DC-NM129-D06-ROCE-Leaf-8.GPU.S9825,FourHundredGigE1/0/54,0,0,0,0,0,0
2024/05/24 星期五 00:48:41.633,1716482921633,NH-DC-NM129-D06-ROCE-Leaf-8.GPU.S9825,FourHundredGigE1/0/54,130343,235647358,204296,765382876,0.57,1.90
2024/05/24 星期五 00:48:42.211,1716482922211,NH-DC-NM129-D06-ROCE-Leaf-8.GPU.S9825,FourHundredGigE1/0/54,146886,476390176,491860,1925568300,1.02,4.15
2024/05/24 星期五 00:48:42.950,1716482922950,NH-DC-NM129-D06-ROCE-Leaf-8.GPU.S9825,FourHundredGigE1/0/54,0,0,0,0,0,0
2024/05/24 星期五 00:48:43.490,1716482923490,NH-DC-NM129-D06-ROCE-Leaf-8.GPU.S9825,FourHundredGigE1/0/54,696226,2845002808,1655345,6644859862,6.57,15.37
2024/05/24 星期五 00:48:44.119,1716482924119,NH-DC-NM129-D06-ROCE-Leaf-8.GPU.S9825,FourHundredGigE1/0/54,0,0,0,0,0,0
2024/05/24 星期五 00:48:44.665,1716482924665,NH-DC-NM129-D06-ROCE-Leaf-8.GPU.S9825,FourHundredGigE1/0/54,141630,562142264,1069726,4253651272,1.28,9.73
2024/05/24 星期五 00:48:45.178,1716482925178,NH-DC-NM129-D06-ROCE-Leaf-8.GPU.S9825,FourHundredGigE1/0/54,418004,1627391256,960569,3752342328,3.95,9.14
2024/05/24 星期五 00:48:45.742,1716482925742,NH-DC-NM129-D06-ROCE-Leaf-8.GPU.S9825,FourHundredGigE1/0/54,0,0,0,0,0,0
2024/05/24 星期五 00:48:46.452,1716482926452,NH-DC-NM129-D06-ROCE-Leaf-8.GPU.S9825,FourHundredGigE1/0/54,106087,405763450,782918,3097539022,0.70,5.44
2024/05/24 星期五 00:48:47.160,1716482927160,NH-DC-NM129-D06-ROCE-Leaf-8.GPU.S9825,FourHundredGigE1/0/54,0,0,0,0,0,0
2024/05/24 星期五 00:48:47.665,1716482927665,NH-DC-NM129-D06-ROCE-Leaf-8.GPU.S9825,FourHundredGigE1/0/54,27355,19420308,351439,1408877414,0.02,3.47
2024/05/24 星期五 00:48:48.289,1716482928289,NH-DC-NM129-D06-ROCE-Leaf-8.GPU.S9825,FourHundredGigE1/0/54,126069,345036244,240057,905120838,0.68,1.80
2024/05/24 星期五 00:48:48.908,1716482928908,NH-DC-NM129-D06-ROCE-Leaf-8.GPU.S9825,FourHundredGigE1/0/54,0,0,0,0,0,0
2024/05/24 星期五 00:48:49.410,1716482929410,NH-DC-NM129-D06-ROCE-Leaf-8.GPU.S9825,FourHundredGigE1/0/54,316118,1229404232,186554,713186540,3.04,1.77
2024/05/24 星期五 00:48:50.193,1716482930193,NH-DC-NM129-D06-ROCE-Leaf-8.GPU.S9825,FourHundredGigE1/0/54,527021,2139092026,487076,1953459532,3.40,3.11
2024/05/24 星期五 00:48:50.742,1716482930742,NH-DC-NM129-D06-ROCE-Leaf-8.GPU.S9825,FourHundredGigE1/0/54,0,0,0,0,0,0
2024/05/24 星期五 00:48:51.449,1716482931449,NH-DC-NM129-D06-ROCE-Leaf-8.GPU.S9825,FourHundredGigE1/0/54,198905,782155182,484718,1969612444,1.38,3.47
2024/05/24 星期五 00:48:51.997,1716482931997,NH-DC-NM129-D06-ROCE-Leaf-8.GPU.S9825,FourHundredGigE1/0/54,0,0,0,0,0,0
2024/05/24 星期五 00:48:52.655,1716482932655,NH-DC-NM129-D06-ROCE-Leaf-8.GPU.S9825,FourHundredGigE1/0/54,259486,971192208,182306,697155960,1.84,1.31
2024/05/24 星期五 00:48:53.235,1716482933235,NH-DC-NM129-D06-ROCE-Leaf-8.GPU.S9825,FourHundredGigE1/0/54,0,0,0,0,0,0
2024/05/24 星期五 00:48:53.736,1716482933736,NH-DC-NM129-D06-ROCE-Leaf-8.GPU.S9825,FourHundredGigE1/0/54,125100,409742968,187200,698499444,1.00,1.72
2024/05/24 星期五 00:48:54.286,1716482934286,NH-DC-NM129-D06-ROCE-Leaf-8.GPU.S9825,FourHundredGigE1/0/54,368149,1455502911,571353,2309177534,3.30,5.23
2024/05/24 星期五 00:48:54.849,1716482934849,NH-DC-NM129-D06-ROCE-Leaf-8.GPU.S9825,FourHundredGigE1/0/54,0,0,0,0,0,0
2024/05/24 星期五 00:48:55.420,1716482935420,NH-DC-NM129-D06-ROCE-Leaf-8.GPU.S9825,FourHundredGigE1/0/54,164037,588755282,190209,679009634,1.27,1.47
2024/05/24 星期五 00:48:56.072,1716482936072,NH-DC-NM129-D06-ROCE-Leaf-8.GPU.S9825,FourHundredGigE1/0/54,0,0,0,0,0,0
2024/05/24 星期五 00:48:56.648,1716482936648,NH-DC-NM129-D06-ROCE-Leaf-8.GPU.S9825,FourHundredGigE1/0/54,231375,895863134,96222,326694248,1.93,0.69
2024/05/24 星期五 00:48:57.208,1716482937208,NH-DC-NM129-D06-ROCE-Leaf-8.GPU.S9825,FourHundredGigE1/0/54,0,0,0,0,0,0
2024/05/24 星期五 00:48:57.712,1716482937712,NH-DC-NM129-D06-ROCE-Leaf-8.GPU.S9825,FourHundredGigE1/0/54,123713,487863222,140191,551237834,1.19,1.36
2024/05/24 星期五 00:48:58.424,1716482938424,NH-DC-NM129-D06-ROCE-Leaf-8.GPU.S9825,FourHundredGigE1/0/54,324759,1266957564,224226,813000240,2.21,1.42
2024/05/24 星期五 00:48:59.017,1716482939017,NH-DC-NM129-D06-ROCE-Leaf-8.GPU.S9825,FourHundredGigE1/0/54,0,0,0,0,0,0
2024/05/24 星期五 00:48:59.700,1716482939700,NH-DC-NM129-D06-ROCE-Leaf-8.GPU.S9825,FourHundredGigE1/0/54,106246,417751546,165655,648430058,0.75,1.17
2024/05/24 星期五 00:49:00.245,1716482940245,NH-DC-NM129-D06-ROCE-Leaf-8.GPU.S9825,FourHundredGigE1/0/54,66023,203636358,236613,941716618,0.46,2.16
2024/05/24 星期五 00:49:00.786,1716482940786,NH-DC-NM129-D06-ROCE-Leaf-8.GPU.S9825,FourHundredGigE1/0/54,0,0,0,0,0,0
2024/05/24 星期五 00:49:01.286,1716482941286,NH-DC-NM129-D06-ROCE-Leaf-8.GPU.S9825,FourHundredGigE1/0/54,248317,970671622,88231,293889730,2.42,0.72
2024/05/24 星期五 00:49:01.826,1716482941826,NH-DC-NM129-D06-ROCE-Leaf-8.GPU.S9825,FourHundredGigE1/0/54,0,0,0,0,0,0
2024/05/24 星期五 00:49:02.426,1716482942426,NH-DC-NM129-D06-ROCE-Leaf-8.GPU.S9825,FourHundredGigE1/0/54,128185,468481418,110558,416727784,0.96,0.85
2024/05/24 星期五 00:49:03.081,1716482943081,NH-DC-NM129-D06-ROCE-Leaf-8.GPU.S9825,FourHundredGigE1/0/54,0,0,0,0,0,0
2024/05/24 星期五 00:49:03.690,1716482943690,NH-DC-NM129-D06-ROCE-Leaf-8.GPU.S9825,FourHundredGigE1/0/54,217454,830665952,142055,485201310,1.70,0.99
2024/05/24 星期五 00:49:04.283,1716482944283,NH-DC-NM129-D06-ROCE-Leaf-8.GPU.S9825,FourHundredGigE1/0/54,0,0,0,0,0,0
2024/05/24 星期五 00:49:04.797,1716482944797,NH-DC-NM129-D06-ROCE-Leaf-8.GPU.S9825,FourHundredGigE1/0/54,140642,516547194,102437,370793958,1.24,0.90
2024/05/24 星期五 00:49:05.414,1716482945414,NH-DC-NM129-D06-ROCE-Leaf-8.GPU.S9825,FourHundredGigE1/0/54,129307,481609256,133386,479764176,0.97,0.95
2024/05/24 星期五 00:49:06.005,1716482946005,NH-DC-NM129-D06-ROCE-Leaf-8.GPU.S9825,FourHundredGigE1/0/54,0,0,0,0,0,0
2024/05/24 星期五 00:49:06.622,1716482946622,NH-DC-NM129-D06-ROCE-Leaf-8.GPU.S9825,FourHundredGigE1/0/54,178122,687473606,131708,485679380,1.38,0.97
2024/05/24 星期五 00:49:07.188,1716482947188,NH-DC-NM129-D06-ROCE-Leaf-8.GPU.S9825,FourHundredGigE1/0/54,0,0,0,0,0,0
2024/05/24 星期五 00:49:07.689,1716482947689,NH-DC-NM129-D06-ROCE-Leaf-8.GPU.S9825,FourHundredGigE1/0/54,86993,299611728,98642,288359104,0.72,0.70
2024/05/24 星期五 00:49:08.189,1716482948189,NH-DC-NM129-D06-ROCE-Leaf-8.GPU.S9825,FourHundredGigE1/0/54,250236,990824804,234675,879905106,2.48,2.18
2024/05/24 星期五 00:49:08.823,1716482948823,NH-DC-NM129-D06-ROCE-Leaf-8.GPU.S9825,FourHundredGigE1/0/54,0,0,0,0,0,0
2024/05/24 星期五 00:49:09.413,1716482949413,NH-DC-NM129-D06-ROCE-Leaf-8.GPU.S9825,FourHundredGigE1/0/54,287664,1051975364,326088,1297427108,2.22,2.73
2024/05/24 星期五 00:49:10.077,1716482950077,NH-DC-NM129-D06-ROCE-Leaf-8.GPU.S9825,FourHundredGigE1/0/54,0,0,0,0,0,0
2024/05/24 星期五 00:49:10.677,1716482950677,NH-DC-NM129-D06-ROCE-Leaf-8.GPU.S9825,FourHundredGigE1/0/54,367892,1458516556,53821,192263430,3.02,0.40
2024/05/24 星期五 00:49:11.273,1716482951273,NH-DC-NM129-D06-ROCE-Leaf-8.GPU.S9825,FourHundredGigE1/0/54,0,0,0,0,0,0
2024/05/24 星期五 00:49:11.777,1716482951777,NH-DC-NM129-D06-ROCE-Leaf-8.GPU.S9825,FourHundredGigE1/0/54,197254,788730740,184055,717482882,1.93,1.76
2024/05/24 星期五 00:49:12.527,1716482952527,NH-DC-NM129-D06-ROCE-Leaf-8.GPU.S9825,FourHundredGigE1/0/54,433894,1744562420,238664,820498368,2.9,1.37
2024/05/24 星期五 00:49:13.202,1716482953202,NH-DC-NM129-D06-ROCE-Leaf-8.GPU.S9825,FourHundredGigE1/0/54,0,0,0,0,0,0
2024/05/24 星期五 00:49:13.702,1716482953702,NH-DC-NM129-D06-ROCE-Leaf-8.GPU.S9825,FourHundredGigE1/0/54,216782,835733820,237112,702230666,2.08,1.75
2024/05/24 星期五 00:49:14.313,1716482954313,NH-DC-NM129-D06-ROCE-Leaf-8.GPU.S9825,FourHundredGigE1/0/54,351213,1408223810,210105,669695528,2.86,1.35
2024/05/24 星期五 00:49:14.814,1716482954814,NH-DC-NM129-D06-ROCE-Leaf-8.GPU.S9825,FourHundredGigE1/0/54,0,0,0,0,0,0
2024/05/24 星期五 00:49:15.317,1716482955317,NH-DC-NM129-D06-ROCE-Leaf-8.GPU.S9825,FourHundredGigE1/0/54,162106,592906544,346607,1359450072,1.47,3.35
2024/05/24 星期五 00:49:15.982,1716482955982,NH-DC-NM129-D06-ROCE-Leaf-8.GPU.S9825,FourHundredGigE1/0/54,0,0,0,0,0,0
2024/05/24 星期五 00:49:16.611,1716482956611,NH-DC-NM129-D06-ROCE-Leaf-8.GPU.S9825,FourHundredGigE1/0/54,445081,1782499982,276455,1061784152,3.54,2.11
2024/05/24 星期五 00:49:17.165,1716482957165,NH-DC-NM129-D06-ROCE-Leaf-8.GPU.S9825,FourHundredGigE1/0/54,0,0,0,0,0,0
2024/05/24 星期五 00:49:17.751,1716482957751,NH-DC-NM129-D06-ROCE-Leaf-8.GPU.S9825,FourHundredGigE1/0/54,173474,671132608,511432,2038938508,1.43,4.33
2024/05/24 星期五 00:49:18.840,1716482958840,NH-DC-NM129-D06-ROCE-Leaf-8.GPU.S9825,FourHundredGigE1/0/54,371519,1408327498,983103,3863215866,1.61,4.43
2024/05/24 星期五 00:49:20.859,1716482960859,NH-DC-NM129-D06-ROCE-Leaf-8.GPU.S9825,FourHundredGigE1/0/54,154723,544449619,1153899,4612545832,0.33,2.85
2024/05/24 星期五 00:49:21.448,1716482961448,NH-DC-NM129-D06-ROCE-Leaf-8.GPU.S9825,FourHundredGigE1/0/54,98633,366590514,1597626,6410899544,0.76,13.60
2024/05/24 星期五 00:49:21.949,1716482961949,NH-DC-NM129-D06-ROCE-Leaf-8.GPU.S9825,FourHundredGigE1/0/54,0,0,0,0,0,0
2024/05/24 星期五 00:49:22.453,1716482962453,NH-DC-NM129-D06-ROCE-Leaf-8.GPU.S9825,FourHundredGigE1/0/54,268528,1053651160,886210,3564855570,2.60,8.83
2024/05/24 星期五 00:49:23.137,1716482963137,NH-DC-NM129-D06-ROCE-Leaf-8.GPU.S9825,FourHundredGigE1/0/54,342858,1392577164,464982,1915409624,2.54,3.49
2024/05/24 星期五 00:49:23.822,1716482963822,NH-DC-NM129-D06-ROCE-Leaf-8.GPU.S9825,FourHundredGigE1/0/54,0,0,0,0,0,0
2024/05/24 星期五 00:49:24.453,1716482964453,NH-DC-NM129-D06-ROCE-Leaf-8.GPU.S9825,FourHundredGigE1/0/54,201222,801350505,143867,566337150,1.58,1.11
2024/05/24 星期五 00:49:24.954,1716482964954,NH-DC-NM129-D06-ROCE-Leaf-8.GPU.S9825,FourHundredGigE1/0/54,0,0,0,0,0,0
2024/05/24 星期五 00:49:25.471,1716482965471,NH-DC-NM129-D06-ROCE-Leaf-8.GPU.S9825,FourHundredGigE1/0/54,163863,656964038,151679,609866190,1.57,1.45
2024/05/24 星期五 00:49:26.028,1716482966028,NH-DC-NM129-D06-ROCE-Leaf-8.GPU.S9825,FourHundredGigE1/0/54,0,0,0,0,0,0
2024/05/24 星期五 00:49:26.737,1716482966737,NH-DC-NM129-D06-ROCE-Leaf-8.GPU.S9825,FourHundredGigE1/0/54,111425,388823986,125990,476267500,0.67,0.83
2024/05/24 星期五 00:49:27.418,1716482967418,NH-DC-NM129-D06-ROCE-Leaf-8.GPU.S9825,FourHundredGigE1/0/54,38301,86717100,155864,578194464,0.15,1.05
2024/05/24 星期五 00:49:28.016,1716482968016,NH-DC-NM129-D06-ROCE-Leaf-8.GPU.S9825,FourHundredGigE1/0/54,0,0,0,0,0,0
2024/05/24 星期五 00:49:28.518,1716482968518,NH-DC-NM129-D06-ROCE-Leaf-8.GPU.S9825,FourHundredGigE1/0/54,344452,1363847258,72221,244730970,3.39,0.60
2024/05/24 星期五 00:49:29.075,1716482969075,NH-DC-NM129-D06-ROCE-Leaf-8.GPU.S9825,FourHundredGigE1/0/54,0,0,0,0,0,0
2024/05/24 星期五 00:49:29.577,1716482969577,NH-DC-NM129-D06-ROCE-Leaf-8.GPU.S9825,FourHundredGigE1/0/54,241926,932411918,91449,316457918,2.32,0.77
2024/05/24 星期五 00:49:30.312,1716482970312,NH-DC-NM129-D06-ROCE-Leaf-8.GPU.S9825,FourHundredGigE1/0/54,44511,141886246,198226,740004624,0.24,1.26
2024/05/24 星期五 00:49:30.939,1716482970939,NH-DC-NM129-D06-ROCE-Leaf-8.GPU.S9825,FourHundredGigE1/0/54,0,0,0,0,0,0
2024/05/24 星期五 00:49:31.602,1716482971602,NH-DC-NM129-D06-ROCE-Leaf-8.GPU.S9825,FourHundredGigE1/0/54,58690,154655704,61653,151209154,0.28,0.28
2024/05/24 星期五 00:49:32.160,1716482972160,NH-DC-NM129-D06-ROCE-Leaf-8.GPU.S9825,FourHundredGigE1/0/54,0,0,0,0,0,0
2024/05/24 星期五 00:49:32.664,1716482972664,NH-DC-NM129-D06-ROCE-Leaf-8.GPU.S9825,FourHundredGigE1/0/54,129078,266781780,247292,861770996,0.64,2.13
2024/05/24 星期五 00:49:33.179,1716482973179,NH-DC-NM129-D06-ROCE-Leaf-8.GPU.S9825,FourHundredGigE1/0/54,0,0,0,0,0,0
2024/05/24 星期五 00:49:33.691,1716482973691,NH-DC-NM129-D06-ROCE-Leaf-8.GPU.S9825,FourHundredGigE1/0/54,553714,1942642024,92352,342532708,4.74,0.83
2024/05/24 星期五 00:49:34.557,1716482974557,NH-DC-NM129-D06-ROCE-Leaf-8.GPU.S9825,FourHundredGigE1/0/54,311863,1243259594,672786,2770861176,1.79,4.00
2024/05/24 星期五 00:49:35.087,1716482975087,NH-DC-NM129-D06-ROCE-Leaf-8.GPU.S9825,FourHundredGigE1/0/54,0,0,0,0,0,0
2024/05/24 星期五 00:49:35.612,1716482975612,NH-DC-NM129-D06-ROCE-Leaf-8.GPU.S9825,FourHundredGigE1/0/54,109104,419861714,87908,331952776,0.98,0.79
2024/05/24 星期五 00:49:36.279,1716482976279,NH-DC-NM129-D06-ROCE-Leaf-8.GPU.S9825,FourHundredGigE1/0/54,165849,574791120,54399,158352628,1.07,0.28
2024/05/24 星期五 00:49:36.844,1716482976844,NH-DC-NM129-D06-ROCE-Leaf-8.GPU.S9825,FourHundredGigE1/0/54,200161,684696222,154865,562380346,1.50,1.24
2024/05/24 星期五 00:49:38.063,1716482978063,NH-DC-NM129-D06-ROCE-Leaf-8.GPU.S9825,FourHundredGigE1/0/54,111155,390702134,264450,1040518140,0.40,1.07
2024/05/24 星期五 00:49:39.623,1716482979623,NH-DC-NM129-D06-ROCE-Leaf-8.GPU.S9825,FourHundredGigE1/0/54,131340,472496064,200207,802587974,0.38,0.64
2024/05/24 星期五 00:49:40.272,1716482980272,NH-DC-NM129-D06-ROCE-Leaf-8.GPU.S9825,FourHundredGigE1/0/54,116962,442319624,99361,379492134,0.85,0.71
2024/05/24 星期五 00:49:40.778,1716482980778,NH-DC-NM129-D06-ROCE-Leaf-8.GPU.S9825,FourHundredGigE1/0/54,0,0,0,0,0,0
2024/05/24 星期五 00:49:41.716,1716482981716,NH-DC-NM129-D06-ROCE-Leaf-8.GPU.S9825,FourHundredGigE1/0/54,181039,704565990,405271,1596497262,0.93,2.12
2024/05/24 星期五 00:49:42.301,1716482982301,NH-DC-NM129-D06-ROCE-Leaf-8.GPU.S9825,FourHundredGigE1/0/54,162219,618871360,84060,313175588,1.30,0.66
2024/05/24 星期五 00:49:42.802,1716482982802,NH-DC-NM129-D06-ROCE-Leaf-8.GPU.S9825,FourHundredGigE1/0/54,0,0,0,0,0,0
2024/05/24 星期五 00:49:43.303,1716482983303,NH-DC-NM129-D06-ROCE-Leaf-8.GPU.S9825,FourHundredGigE1/0/54,195285,767847416,170629,672255374,1.90,1.67
2024/05/24 星期五 00:49:43.894,1716482983894,NH-DC-NM129-D06-ROCE-Leaf-8.GPU.S9825,FourHundredGigE1/0/54,0,0,0,0,0,0
2024/05/24 星期五 00:49:44.394,1716482984394,NH-DC-NM129-D06-ROCE-Leaf-8.GPU.S9825,FourHundredGigE1/0/54,242979,927277896,411355,1613146258,2.3,4.02
2024/05/24 星期五 00:49:45.256,1716482985256,NH-DC-NM129-D06-ROCE-Leaf-8.GPU.S9825,FourHundredGigE1/0/54,150246,615516956,159497,628088554,0.88,0.90
2024/05/24 星期五 00:49:45.927,1716482985927,NH-DC-NM129-D06-ROCE-Leaf-8.GPU.S9825,FourHundredGigE1/0/54,0,0,0,0,0,0
2024/05/24 星期五 00:49:46.431,1716482986431,NH-DC-NM129-D06-ROCE-Leaf-8.GPU.S9825,FourHundredGigE1/0/54,222838,819758108,635618,2531296072,2.01,6.27
2024/05/24 星期五 00:49:46.956,1716482986956,NH-DC-NM129-D06-ROCE-Leaf-8.GPU.S9825,FourHundredGigE1/0/54,0,0,0,0,0,0
2024/05/24 星期五 00:49:47.460,1716482987460,NH-DC-NM129-D06-ROCE-Leaf-8.GPU.S9825,FourHundredGigE1/0/54,133482,504271812,184490,649467848,1.24,1.59
2024/05/24 星期五 00:49:47.961,1716482987961,NH-DC-NM129-D06-ROCE-Leaf-8.GPU.S9825,FourHundredGigE1/0/54,0,0,0,0,0,0
2024/05/24 星期五 00:49:48.774,1716482988774,NH-DC-NM129-D06-ROCE-Leaf-8.GPU.S9825,FourHundredGigE1/0/54,513046,2091990670,492664,1957284782,3.21,3.00
2024/05/24 星期五 00:49:49.402,1716482989402,NH-DC-NM129-D06-ROCE-Leaf-8.GPU.S9825,FourHundredGigE1/0/54,163515,649794580,170631,668560888,1.27,1.31
2024/05/24 星期五 00:49:49.905,1716482989905,NH-DC-NM129-D06-ROCE-Leaf-8.GPU.S9825,FourHundredGigE1/0/54,0,0,0,0,0,0
2024/05/24 星期五 00:49:50.406,1716482990406,NH-DC-NM129-D06-ROCE-Leaf-8.GPU.S9825,FourHundredGigE1/0/54,201133,734986662,118093,459891954,1.82,1.12
2024/05/24 星期五 00:49:50.933,1716482990933,NH-DC-NM129-D06-ROCE-Leaf-8.GPU.S9825,FourHundredGigE1/0/54,0,0,0,0,0,0
2024/05/24 星期五 00:49:51.433,1716482991433,NH-DC-NM129-D06-ROCE-Leaf-8.GPU.S9825,FourHundredGigE1/0/54,115518,419876060,249882,978464016,1.02,2.42
2024/05/24 星期五 00:49:52.120,1716482992120,NH-DC-NM129-D06-ROCE-Leaf-8.GPU.S9825,FourHundredGigE1/0/54,75577,204195357,406863,1628300882,0.36,2.95
2024/05/24 星期五 00:49:52.857,1716482992857,NH-DC-NM129-D06-ROCE-Leaf-8.GPU.S9825,FourHundredGigE1/0/54,0,0,0,0,0,0
2024/05/24 星期五 00:49:53.366,1716482993366,NH-DC-NM129-D06-ROCE-Leaf-8.GPU.S9825,FourHundredGigE1/0/54,150500,572841932,171972,664052376,1.40,1.62
2024/05/24 星期五 00:49:53.956,1716482993956,NH-DC-NM129-D06-ROCE-Leaf-8.GPU.S9825,FourHundredGigE1/0/54,0,0,0,0,0,0
2024/05/24 星期五 00:49:54.479,1716482994479,NH-DC-NM129-D06-ROCE-Leaf-8.GPU.S9825,FourHundredGigE1/0/54,133835,512651973,144406,566436844,1.22,1.34
2024/05/24 星期五 00:49:55.059,1716482995059,NH-DC-NM129-D06-ROCE-Leaf-8.GPU.S9825,FourHundredGigE1/0/54,417266,1621126242,187534,662591764,3.49,1.42
2024/05/24 星期五 00:49:55.965,1716482995965,NH-DC-NM129-D06-ROCE-Leaf-8.GPU.S9825,FourHundredGigE1/0/54,0,0,0,0,0,0
2024/05/24 星期五 00:49:56.488,1716482996488,NH-DC-NM129-D06-ROCE-Leaf-8.GPU.S9825,FourHundredGigE1/0/54,87013,280417702,165521,606555954,0.67,1.43
2024/05/24 星期五 00:49:56.989,1716482996989,NH-DC-NM129-D06-ROCE-Leaf-8.GPU.S9825,FourHundredGigE1/0/54,0,0,0,0,0,0
2024/05/24 星期五 00:49:57.494,1716482997494,NH-DC-NM129-D06-ROCE-Leaf-8.GPU.S9825,FourHundredGigE1/0/54,234131,931525654,204909,676648734,2.30,1.66
2024/05/24 星期五 00:49:58.162,1716482998162,NH-DC-NM129-D06-ROCE-Leaf-8.GPU.S9825,FourHundredGigE1/0/54,159575,619481702,122116,450713484,1.14,0.84
2024/05/24 星期五 00:49:58.897,1716482998897,NH-DC-NM129-D06-ROCE-Leaf-8.GPU.S9825,FourHundredGigE1/0/54,0,0,0,0,0,0
2024/05/24 星期五 00:50:01.468,1716483001468,NH-DC-NM129-D06-ROCE-Leaf-8.GPU.S9825,FourHundredGigE1/0/54,1077320,4230264644,518218,1861870496,2.06,0.90
2024/05/24 星期五 00:50:02.114,1716483002114,NH-DC-NM129-D06-ROCE-Leaf-8.GPU.S9825,FourHundredGigE1/0/54,1068787,4289908506,232113,903041094,8.28,1.74
2024/05/24 星期五 00:50:02.851,1716483002851,NH-DC-NM129-D06-ROCE-Leaf-8.GPU.S9825,FourHundredGigE1/0/54,0,0,0,0,0,0
2024/05/24 星期五 00:50:03.376,1716483003376,NH-DC-NM129-D06-ROCE-Leaf-8.GPU.S9825,FourHundredGigE1/0/54,713245,2814825422,195209,718113070,6.69,1.69
2024/05/24 星期五 00:50:03.898,1716483003898,NH-DC-NM129-D06-ROCE-Leaf-8.GPU.S9825,FourHundredGigE1/0/54,0,0,0,0,0,0
2024/05/24 星期五 00:50:04.502,1716483004502,NH-DC-NM129-D06-ROCE-Leaf-8.GPU.S9825,FourHundredGigE1/0/54,398878,1451853208,303447,1157484230,3.00,2.38
2024/05/24 星期五 00:50:05.001,1716483005001,NH-DC-NM129-D06-ROCE-Leaf-8.GPU.S9825,FourHundredGigE1/0/54,0,0,0,0,0,0
2024/05/24 星期五 00:50:05.516,1716483005516,NH-DC-NM129-D06-ROCE-Leaf-8.GPU.S9825,FourHundredGigE1/0/54,407009,1581028710,118669,404008026,3.83,0.97
2024/05/24 星期五 00:50:06.252,1716483006252,NH-DC-NM129-D06-ROCE-Leaf-8.GPU.S9825,FourHundredGigE1/0/54,272670,1019667774,575516,2330083096,1.72,3.96
2024/05/24 星期五 00:50:06.837,1716483006837,NH-DC-NM129-D06-ROCE-Leaf-8.GPU.S9825,FourHundredGigE1/0/54,0,0,0,0,0,0
2024/05/24 星期五 00:50:07.337,1716483007337,NH-DC-NM129-D06-ROCE-Leaf-8.GPU.S9825,FourHundredGigE1/0/54,217826,833628734,205793,726684814,2.08,1.8
2024/05/24 星期五 00:50:07.965,1716483007965,NH-DC-NM129-D06-ROCE-Leaf-8.GPU.S9825,FourHundredGigE1/0/54,0,0,0,0,0,0
2024/05/24 星期五 00:50:08.617,1716483008617,NH-DC-NM129-D06-ROCE-Leaf-8.GPU.S9825,FourHundredGigE1/0/54,130030,469191464,552806,2232293164,0.88,4.28
2024/05/24 星期五 00:50:09.190,1716483009190,NH-DC-NM129-D06-ROCE-Leaf-8.GPU.S9825,FourHundredGigE1/0/54,352901,1314489162,110188,355549496,2.86,0.76
2024/05/24 星期五 00:50:09.979,1716483009979,NH-DC-NM129-D06-ROCE-Leaf-8.GPU.S9825,FourHundredGigE1/0/54,0,0,0,0,0,0
2024/05/24 星期五 00:50:10.545,1716483010545,NH-DC-NM129-D06-ROCE-Leaf-8.GPU.S9825,FourHundredGigE1/0/54,176635,668215206,266707,1002021904,1.46,2.21
2024/05/24 星期五 00:50:11.077,1716483011077,NH-DC-NM129-D06-ROCE-Leaf-8.GPU.S9825,FourHundredGigE1/0/54,0,0,0,0,0,0
2024/05/24 星期五 00:50:11.579,1716483011579,NH-DC-NM129-D06-ROCE-Leaf-8.GPU.S9825,FourHundredGigE1/0/54,200575,632026886,158995,623065576,1.57,1.54
2024/05/24 星期五 00:50:12.152,1716483012152,NH-DC-NM129-D06-ROCE-Leaf-8.GPU.S9825,FourHundredGigE1/0/54,0,0,0,0,0,0
2024/05/24 星期五 00:50:12.677,1716483012677,NH-DC-NM129-D06-ROCE-Leaf-8.GPU.S9825,FourHundredGigE1/0/54,171084,638843532,344108,1333667190,1.5,3.17
2024/05/24 星期五 00:50:13.463,1716483013463,NH-DC-NM129-D06-ROCE-Leaf-8.GPU.S9825,FourHundredGigE1/0/54,610432,2441566772,644545,2591822770,3.88,4.12
2024/05/24 星期五 00:50:13.967,1716483013967,NH-DC-NM129-D06-ROCE-Leaf-8.GPU.S9825,FourHundredGigE1/0/54,0,0,0,0,0,0
2024/05/24 星期五 00:50:14.471,1716483014471,NH-DC-NM129-D06-ROCE-Leaf-8.GPU.S9825,FourHundredGigE1/0/54,242481,952226658,207240,773458588,2.36,1.91
2024/05/24 星期五 00:50:15.062,1716483015062,NH-DC-NM129-D06-ROCE-Leaf-8.GPU.S9825,FourHundredGigE1/0/54,0,0,0,0,0,0
2024/05/24 星期五 00:50:15.577,1716483015577,NH-DC-NM129-D06-ROCE-Leaf-8.GPU.S9825,FourHundredGigE1/0/54,109787,392765452,78708,268888660,0.95,0.63
2024/05/24 星期五 00:50:16.222,1716483016222,NH-DC-NM129-D06-ROCE-Leaf-8.GPU.S9825,FourHundredGigE1/0/54,200084,777300974,140833,541030574,1.49,1.05
2024/05/24 星期五 00:50:16.920,1716483016920,NH-DC-NM129-D06-ROCE-Leaf-8.GPU.S9825,FourHundredGigE1/0/54,0,0,0,0,0,0
2024/05/24 星期五 00:50:17.436,1716483017436,NH-DC-NM129-D06-ROCE-Leaf-8.GPU.S9825,FourHundredGigE1/0/54,257683,1056586154,247783,1011598414,2.54,2.45
2024/05/24 星期五 00:50:18.001,1716483018001,NH-DC-NM129-D06-ROCE-Leaf-8.GPU.S9825,FourHundredGigE1/0/54,116747,394928098,135665,494654374,0.86,1.08
2024/05/24 星期五 00:50:18.911,1716483018911,NH-DC-NM129-D06-ROCE-Leaf-8.GPU.S9825,FourHundredGigE1/0/54,86747,267503922,260716,1047084676,0.36,1.43
2024/05/24 星期五 00:50:20.113,1716483020113,NH-DC-NM129-D06-ROCE-Leaf-8.GPU.S9825,FourHundredGigE1/0/54,0,0,0,0,0,0
2024/05/24 星期五 00:50:20.667,1716483020667,NH-DC-NM129-D06-ROCE-Leaf-8.GPU.S9825,FourHundredGigE1/0/54,279687,1091521098,408766,1656844996,2.46,3.72
2024/05/24 星期五 00:50:21.172,1716483021172,NH-DC-NM129-D06-ROCE-Leaf-8.GPU.S9825,FourHundredGigE1/0/54,131099,446714298,190080,746286532,1.09,1.83
2024/05/24 星期五 00:50:21.737,1716483021737,NH-DC-NM129-D06-ROCE-Leaf-8.GPU.S9825,FourHundredGigE1/0/54,0,0,0,0,0,0
2024/05/24 星期五 00:50:22.334,1716483022334,NH-DC-NM129-D06-ROCE-Leaf-8.GPU.S9825,FourHundredGigE1/0/54,87654,314138888,130273,481033698,0.65,1.01
2024/05/24 星期五 00:50:22.877,1716483022877,NH-DC-NM129-D06-ROCE-Leaf-8.GPU.S9825,FourHundredGigE1/0/54,0,0,0,0,0,0
2024/05/24 星期五 00:50:23.719,1716483023719,NH-DC-NM129-D06-ROCE-Leaf-8.GPU.S9825,FourHundredGigE1/0/54,127622,454230128,102130,353696780,0.67,0.52
2024/05/24 星期五 00:50:24.223,1716483024223,NH-DC-NM129-D06-ROCE-Leaf-8.GPU.S9825,FourHundredGigE1/0/54,0,0,0,0,0,0
2024/05/24 星期五 00:50:24.725,1716483024725,NH-DC-NM129-D06-ROCE-Leaf-8.GPU.S9825,FourHundredGigE1/0/54,231273,857293739,435339,1716982470,2.12,4.26
2024/05/24 星期五 00:50:25.322,1716483025322,NH-DC-NM129-D06-ROCE-Leaf-8.GPU.S9825,FourHundredGigE1/0/54,134394,521013840,994511,3965825012,1.09,8.29
2024/05/24 星期五 00:50:25.933,1716483025933,NH-DC-NM129-D06-ROCE-Leaf-8.GPU.S9825,FourHundredGigE1/0/54,0,0,0,0,0,0
2024/05/24 星期五 00:50:26.456,1716483026456,NH-DC-NM129-D06-ROCE-Leaf-8.GPU.S9825,FourHundredGigE1/0/54,81266,231964172,1029466,4191000878,0.55,10.01
2024/05/24 星期五 00:50:27.240,1716483027240,NH-DC-NM129-D06-ROCE-Leaf-8.GPU.S9825,FourHundredGigE1/0/54,0,0,0,0,0,0
2024/05/24 星期五 00:50:28.091,1716483028091,NH-DC-NM129-D06-ROCE-Leaf-8.GPU.S9825,FourHundredGigE1/0/54,539950,2141210788,1139789,4635381302,3.14,6.80
2024/05/24 星期五 00:50:28.628,1716483028628,NH-DC-NM129-D06-ROCE-Leaf-8.GPU.S9825,FourHundredGigE1/0/54,196620,765638712,1056260,4310900592,1.77,10.03
2024/05/24 星期五 00:50:29.183,1716483029183,NH-DC-NM129-D06-ROCE-Leaf-8.GPU.S9825,FourHundredGigE1/0/54,0,0,0,0,0,0
2024/05/24 星期五 00:50:29.682,1716483029682,NH-DC-NM129-D06-ROCE-Leaf-8.GPU.S9825,FourHundredGigE1/0/54,104094,338542600,262409,1049338006,0.83,2.61
2024/05/24 星期五 00:50:30.394,1716483030394,NH-DC-NM129-D06-ROCE-Leaf-8.GPU.S9825,FourHundredGigE1/0/54,138573,527634966,176890,657825496,0.91,1.14
2024/05/24 星期五 00:50:30.904,1716483030904,NH-DC-NM129-D06-ROCE-Leaf-8.GPU.S9825,FourHundredGigE1/0/54,0,0,0,0,0,0
2024/05/24 星期五 00:50:31.420,1716483031420,NH-DC-NM129-D06-ROCE-Leaf-8.GPU.S9825,FourHundredGigE1/0/54,216547,842475762,336977,1328283254,2.03,3.20
2024/05/24 星期五 00:50:32.105,1716483032105,NH-DC-NM129-D06-ROCE-Leaf-8.GPU.S9825,FourHundredGigE1/0/54,0,0,0,0,0,0
2024/05/24 星期五 00:50:32.652,1716483032652,NH-DC-NM129-D06-ROCE-Leaf-8.GPU.S9825,FourHundredGigE1/0/54,259116,1012095344,136727,515092834,2.31,1.17
2024/05/24 星期五 00:50:33.210,1716483033210,NH-DC-NM129-D06-ROCE-Leaf-8.GPU.S9825,FourHundredGigE1/0/54,220602,856956328,188487,725764026,1.90,1.61
2024/05/24 星期五 00:50:33.850,1716483033850,NH-DC-NM129-D06-ROCE-Leaf-8.GPU.S9825,FourHundredGigE1/0/54,0,0,0,0,0,0
2024/05/24 星期五 00:50:34.363,1716483034363,NH-DC-NM129-D06-ROCE-Leaf-8.GPU.S9825,FourHundredGigE1/0/54,572753,2273976718,164918,550210664,5.53,1.34
2024/05/24 星期五 00:50:34.950,1716483034950,NH-DC-NM129-D06-ROCE-Leaf-8.GPU.S9825,FourHundredGigE1/0/54,0,0,0,0,0,0
2024/05/24 星期五 00:50:35.469,1716483035469,NH-DC-NM129-D06-ROCE-Leaf-8.GPU.S9825,FourHundredGigE1/0/54,266564,1035295268,201480,807863152,2.48,1.93
2024/05/24 星期五 00:50:36.027,1716483036027,NH-DC-NM129-D06-ROCE-Leaf-8.GPU.S9825,FourHundredGigE1/0/54,0,0,0,0,0,0
2024/05/24 星期五 00:50:36.560,1716483036560,NH-DC-NM129-D06-ROCE-Leaf-8.GPU.S9825,FourHundredGigE1/0/54,273018,1067128856,282325,1025891714,2.49,2.39
2024/05/24 星期五 00:50:37.261,1716483037261,NH-DC-NM129-D06-ROCE-Leaf-8.GPU.S9825,FourHundredGigE1/0/54,307545,1203127758,453987,1792947134,2.14,3.19
2024/05/24 星期五 00:50:38.891,1716483038891,NH-DC-NM129-D06-ROCE-Leaf-8.GPU.S9825,FourHundredGigE1/0/54,290215,1157926424,474053,1892573334,0.88,1.45
2024/05/24 星期五 00:50:39.750,1716483039750,NH-DC-NM129-D06-ROCE-Leaf-8.GPU.S9825,FourHundredGigE1/0/54,180556,722196362,248788,861468876,1.05,1.25
2024/05/24 星期五 00:50:40.442,1716483040442,NH-DC-NM129-D06-ROCE-Leaf-8.GPU.S9825,FourHundredGigE1/0/54,38017,121259242,24428,83975372,0.22,0.14
2024/05/24 星期五 00:50:41.213,1716483041213,NH-DC-NM129-D06-ROCE-Leaf-8.GPU.S9825,FourHundredGigE1/0/54,0,0,0,0,0,0
2024/05/24 星期五 00:50:41.713,1716483041713,NH-DC-NM129-D06-ROCE-Leaf-8.GPU.S9825,FourHundredGigE1/0/54,389618,1495656224,145446,360161456,3.72,0.9
2024/05/24 星期五 00:50:42.286,1716483042286,NH-DC-NM129-D06-ROCE-Leaf-8.GPU.S9825,FourHundredGigE1/0/54,104866,441275388,130713,406876530,0.96,0.87
2024/05/24 星期五 00:50:42.966,1716483042966,NH-DC-NM129-D06-ROCE-Leaf-8.GPU.S9825,FourHundredGigE1/0/54,0,0,0,0,0,0
2024/05/24 星期五 00:50:43.467,1716483043467,NH-DC-NM129-D06-ROCE-Leaf-8.GPU.S9825,FourHundredGigE1/0/54,151404,605170360,333902,1066540494,1.50,2.64
2024/05/24 星期五 00:50:44.199,1716483044199,NH-DC-NM129-D06-ROCE-Leaf-8.GPU.S9825,FourHundredGigE1/0/54,0,0,0,0,0,0
2024/05/24 星期五 00:50:44.795,1716483044795,NH-DC-NM129-D06-ROCE-Leaf-8.GPU.S9825,FourHundredGigE1/0/54,61265,229585042,243916,854293986,0.46,1.78
2024/05/24 星期五 00:50:45.304,1716483045304,NH-DC-NM129-D06-ROCE-Leaf-8.GPU.S9825,FourHundredGigE1/0/54,225723,887446086,155672,610787516,2.16,1.50
2024/05/24 星期五 00:50:45.814,1716483045814,NH-DC-NM129-D06-ROCE-Leaf-8.GPU.S9825,FourHundredGigE1/0/54,0,0,0,0,0,0
2024/05/24 星期五 00:50:46.473,1716483046473,NH-DC-NM129-D06-ROCE-Leaf-8.GPU.S9825,FourHundredGigE1/0/54,277965,1129409584,67876,248494684,2.12,0.46
2024/05/24 星期五 00:50:46.987,1716483046987,NH-DC-NM129-D06-ROCE-Leaf-8.GPU.S9825,FourHundredGigE1/0/54,0,0,0,0,0,0
2024/05/24 星期五 00:50:48.181,1716483048181,NH-DC-NM129-D06-ROCE-Leaf-8.GPU.S9825,FourHundredGigE1/0/54,208419,798884940,206699,802321106,0.83,0.84
2024/05/24 星期五 00:50:48.682,1716483048682,NH-DC-NM129-D06-ROCE-Leaf-8.GPU.S9825,FourHundredGigE1/0/54,127991,472619486,145515,541263250,1.17,1.35
2024/05/24 星期五 00:50:50.178,1716483050178,NH-DC-NM129-D06-ROCE-Leaf-8.GPU.S9825,FourHundredGigE1/0/54,270126,1079325776,628077,2221470282,0.89,1.85
2024/05/24 星期五 00:50:50.677,1716483050677,NH-DC-NM129-D06-ROCE-Leaf-8.GPU.S9825,FourHundredGigE1/0/54,78252,292513968,143166,428449712,0.73,1.05
2024/05/24 星期五 00:50:51.403,1716483051403,NH-DC-NM129-D06-ROCE-Leaf-8.GPU.S9825,FourHundredGigE1/0/54,829194,3332197424,58846,202457268,5.73,0.34
2024/05/24 星期五 00:50:51.951,1716483051951,NH-DC-NM129-D06-ROCE-Leaf-8.GPU.S9825,FourHundredGigE1/0/54,0,0,0,0,0,0
2024/05/24 星期五 00:50:52.464,1716483052464,NH-DC-NM129-D06-ROCE-Leaf-8.GPU.S9825,FourHundredGigE1/0/54,135516,512110368,121316,418095132,1.24,1.00
2024/05/24 星期五 00:50:53.120,1716483053120,NH-DC-NM129-D06-ROCE-Leaf-8.GPU.S9825,FourHundredGigE1/0/54,0,0,0,0,0,0
2024/05/24 星期五 00:50:56.199,1716483056199,NH-DC-NM129-D06-ROCE-Leaf-8.GPU.S9825,FourHundredGigE1/0/54,4720867,19220691219,689149,2606202242,7.80,1.06
2024/05/24 星期五 00:50:56.858,1716483056858,NH-DC-NM129-D06-ROCE-Leaf-8.GPU.S9825,FourHundredGigE1/0/54,0,0,0,0,0,0
2024/05/24 星期五 00:50:57.605,1716483057605,NH-DC-NM129-D06-ROCE-Leaf-8.GPU.S9825,FourHundredGigE1/0/54,272101,1060156268,164325,577418102,1.77,0.95
2024/05/24 星期五 00:50:58.245,1716483058245,NH-DC-NM129-D06-ROCE-Leaf-8.GPU.S9825,FourHundredGigE1/0/54,261540,975351950,157337,555345820,1.89,1.07
2024/05/24 星期五 00:50:58.847,1716483058847,NH-DC-NM129-D06-ROCE-Leaf-8.GPU.S9825,FourHundredGigE1/0/54,0,0,0,0,0,0
2024/05/24 星期五 00:50:59.499,1716483059499,NH-DC-NM129-D06-ROCE-Leaf-8.GPU.S9825,FourHundredGigE1/0/54,170904,647013324,327390,1243548638,1.23,2.38
2024/05/24 星期五 00:51:00.063,1716483060063,NH-DC-NM129-D06-ROCE-Leaf-8.GPU.S9825,FourHundredGigE1/0/54,0,0,0,0,0,0
2024/05/24 星期五 00:51:00.579,1716483060579,NH-DC-NM129-D06-ROCE-Leaf-8.GPU.S9825,FourHundredGigE1/0/54,301996,1204897732,285418,1050774312,2.91,2.54
2024/05/24 星期五 00:51:01.383,1716483061383,NH-DC-NM129-D06-ROCE-Leaf-8.GPU.S9825,FourHundredGigE1/0/54,201695,776197650,206608,763787300,1.20,1.18
2024/05/24 星期五 00:51:01.909,1716483061909,NH-DC-NM129-D06-ROCE-Leaf-8.GPU.S9825,FourHundredGigE1/0/54,0,0,0,0,0,0
2024/05/24 星期五 00:51:02.422,1716483062422,NH-DC-NM129-D06-ROCE-Leaf-8.GPU.S9825,FourHundredGigE1/0/54,150419,623172918,319804,1262151280,1.51,3.07
2024/05/24 星期五 00:51:03.029,1716483063029,NH-DC-NM129-D06-ROCE-Leaf-8.GPU.S9825,FourHundredGigE1/0/54,0,0,0,0,0,0
2024/05/24 星期五 00:51:03.600,1716483063600,NH-DC-NM129-D06-ROCE-Leaf-8.GPU.S9825,FourHundredGigE1/0/54,571115,2295819694,385928,1535078800,5.01,3.35
2024/05/24 星期五 00:51:04.104,1716483064104,NH-DC-NM129-D06-ROCE-Leaf-8.GPU.S9825,FourHundredGigE1/0/54,242379,876884834,92621,310549198,2.16,0.77
2024/05/24 星期五 00:51:04.975,1716483064975,NH-DC-NM129-D06-ROCE-Leaf-8.GPU.S9825,FourHundredGigE1/0/54,0,0,0,0,0,0
2024/05/24 星期五 00:51:05.480,1716483065480,NH-DC-NM129-D06-ROCE-Leaf-8.GPU.S9825,FourHundredGigE1/0/54,202749,775110966,124235,471033370,1.91,1.16
2024/05/24 星期五 00:51:05.989,1716483065989,NH-DC-NM129-D06-ROCE-Leaf-8.GPU.S9825,FourHundredGigE1/0/54,0,0,0,0,0,0
2024/05/24 星期五 00:51:06.514,1716483066514,NH-DC-NM129-D06-ROCE-Leaf-8.GPU.S9825,FourHundredGigE1/0/54,167756,588825516,89635,349299026,1.38,0.81
2024/05/24 星期五 00:51:07.103,1716483067103,NH-DC-NM129-D06-ROCE-Leaf-8.GPU.S9825,FourHundredGigE1/0/54,0,0,0,0,0,0
2024/05/24 星期五 00:51:07.604,1716483067604,NH-DC-NM129-D06-ROCE-Leaf-8.GPU.S9825,FourHundredGigE1/0/54,203886,777985230,396505,1614725094,1.92,4.02
2024/05/24 星期五 00:51:08.413,1716483068413,NH-DC-NM129-D06-ROCE-Leaf-8.GPU.S9825,FourHundredGigE1/0/54,124754,480099422,142617,514209226,0.74,0.79
2024/05/24 星期五 00:51:08.913,1716483068913,NH-DC-NM129-D06-ROCE-Leaf-8.GPU.S9825,FourHundredGigE1/0/54,0,0,0,0,0,0
2024/05/24 星期五 00:51:09.414,1716483069414,NH-DC-NM129-D06-ROCE-Leaf-8.GPU.S9825,FourHundredGigE1/0/54,73813,238633998,155779,618076410,0.57,1.52
2024/05/24 星期五 00:51:09.985,1716483069985,NH-DC-NM129-D06-ROCE-Leaf-8.GPU.S9825,FourHundredGigE1/0/54,0,0,0,0,0,0
2024/05/24 星期五 00:51:10.548,1716483070548,NH-DC-NM129-D06-ROCE-Leaf-8.GPU.S9825,FourHundredGigE1/0/54,315581,1264399096,92739,325316050,2.80,0.71
2024/05/24 星期五 00:51:11.121,1716483071121,NH-DC-NM129-D06-ROCE-Leaf-8.GPU.S9825,FourHundredGigE1/0/54,456399,1821306776,168630,626914432,3.97,1.35
2024/05/24 星期五 00:51:11.839,1716483071839,NH-DC-NM129-D06-ROCE-Leaf-8.GPU.S9825,FourHundredGigE1/0/54,0,0,0,0,0,0
2024/05/24 星期五 00:51:12.338,1716483072338,NH-DC-NM129-D06-ROCE-Leaf-8.GPU.S9825,FourHundredGigE1/0/54,107397,401656490,203165,819965370,1.00,2.03
2024/05/24 星期五 00:51:13.263,1716483073263,NH-DC-NM129-D06-ROCE-Leaf-8.GPU.S9825,FourHundredGigE1/0/54,0,0,0,0,0,0
2024/05/24 星期五 00:51:13.791,1716483073791,NH-DC-NM129-D06-ROCE-Leaf-8.GPU.S9825,FourHundredGigE1/0/54,337059,1295290646,140790,550669908,3.05,1.30
2024/05/24 星期五 00:51:14.375,1716483074375,NH-DC-NM129-D06-ROCE-Leaf-8.GPU.S9825,FourHundredGigE1/0/54,261771,1056170394,395526,1458106476,2.25,3.10
2024/05/24 星期五 00:51:15.075,1716483075075,NH-DC-NM129-D06-ROCE-Leaf-8.GPU.S9825,FourHundredGigE1/0/54,0,0,0,0,0,0
2024/05/24 星期五 00:51:15.660,1716483075660,NH-DC-NM129-D06-ROCE-Leaf-8.GPU.S9825,FourHundredGigE1/0/54,209259,816849066,139818,570909128,1.73,1.22
2024/05/24 星期五 00:51:16.239,1716483076239,NH-DC-NM129-D06-ROCE-Leaf-8.GPU.S9825,FourHundredGigE1/0/54,421889,0,177592,0,0,0
2024/05/24 星期五 00:51:16.741,1716483076741,NH-DC-NM129-D06-ROCE-Leaf-8.GPU.S9825,FourHundredGigE1/0/54,0,1707773072,0,599987488,4.23,1.47
2024/05/24 星期五 00:51:17.281,1716483077281,NH-DC-NM129-D06-ROCE-Leaf-8.GPU.S9825,FourHundredGigE1/0/54,206516,736825576,337512,1217026074,1.69,2.80
2024/05/24 星期五 00:51:17.782,1716483077782,NH-DC-NM129-D06-ROCE-Leaf-8.GPU.S9825,FourHundredGigE1/0/54,0,0,0,0,0,0
2024/05/24 星期五 00:51:18.611,1716483078611,NH-DC-NM129-D06-ROCE-Leaf-8.GPU.S9825,FourHundredGigE1/0/54,516227,1333543948,709650,2196262127,2.01,3.30
2024/05/24 星期五 00:51:19.797,1716483079797,NH-DC-NM129-D06-ROCE-Leaf-8.GPU.S9825,FourHundredGigE1/0/54,0,679848796,0,402011098,0.71,0.42
2024/05/24 星期五 00:51:20.374,1716483080374,NH-DC-NM129-D06-ROCE-Leaf-8.GPU.S9825,FourHundredGigE1/0/54,413497,1664521092,325630,1202406778,3.60,2.60
2024/05/24 星期五 00:51:20.963,1716483080963,NH-DC-NM129-D06-ROCE-Leaf-8.GPU.S9825,FourHundredGigE1/0/54,0,0,0,0,0,0
2024/05/24 星期五 00:51:21.747,1716483081747,NH-DC-NM129-D06-ROCE-Leaf-8.GPU.S9825,FourHundredGigE1/0/54,270024,1092166954,312895,1245787934,1.74,1.98
2024/05/24 星期五 00:51:22.289,1716483082289,NH-DC-NM129-D06-ROCE-Leaf-8.GPU.S9825,FourHundredGigE1/0/54,147800,530336702,327343,1283037270,1.22,2.95
2024/05/24 星期五 00:51:22.857,1716483082857,NH-DC-NM129-D06-ROCE-Leaf-8.GPU.S9825,FourHundredGigE1/0/54,0,0,0,0,0,0
2024/05/24 星期五 00:51:23.405,1716483083405,NH-DC-NM129-D06-ROCE-Leaf-8.GPU.S9825,FourHundredGigE1/0/54,373937,1505884376,238817,912614118,3.42,2.08
2024/05/24 星期五 00:51:23.990,1716483083990,NH-DC-NM129-D06-ROCE-Leaf-8.GPU.S9825,FourHundredGigE1/0/54,0,0,0,0,0,0
2024/05/24 星期五 00:51:24.558,1716483084558,NH-DC-NM129-D06-ROCE-Leaf-8.GPU.S9825,FourHundredGigE1/0/54,187849,725739199,203903,771133550,1.58,1.69
2024/05/24 星期五 00:51:25.324,1716483085324,NH-DC-NM129-D06-ROCE-Leaf-8.GPU.S9825,FourHundredGigE1/0/54,88137,336113182,392372,1581499500,0.54,2.58
2024/05/24 星期五 00:51:25.855,1716483085855,NH-DC-NM129-D06-ROCE-Leaf-8.GPU.S9825,FourHundredGigE1/0/54,0,0,0,0,0,0
2024/05/24 星期五 00:51:26.517,1716483086517,NH-DC-NM129-D06-ROCE-Leaf-8.GPU.S9825,FourHundredGigE1/0/54,162121,596925066,245718,956950238,1.11,1.79
2024/05/24 星期五 00:51:27.063,1716483087063,NH-DC-NM129-D06-ROCE-Leaf-8.GPU.S9825,FourHundredGigE1/0/54,0,0,0,0,0,0
2024/05/24 星期五 00:51:27.567,1716483087567,NH-DC-NM129-D06-ROCE-Leaf-8.GPU.S9825,FourHundredGigE1/0/54,256847,1014406952,525569,2096382988,2.50,5.18
2024/05/24 星期五 00:51:28.137,1716483088137,NH-DC-NM129-D06-ROCE-Leaf-8.GPU.S9825,FourHundredGigE1/0/54,355057,1381992820,244273,946673562,3.03,2.06
2024/05/24 星期五 00:51:28.933,1716483088933,NH-DC-NM129-D06-ROCE-Leaf-8.GPU.S9825,FourHundredGigE1/0/54,0,0,0,0,0,0
2024/05/24 星期五 00:51:29.434,1716483089434,NH-DC-NM129-D06-ROCE-Leaf-8.GPU.S9825,FourHundredGigE1/0/54,203584,757603556,281868,1077404220,1.87,2.67
2024/05/24 星期五 00:51:30.010,1716483090010,NH-DC-NM129-D06-ROCE-Leaf-8.GPU.S9825,FourHundredGigE1/0/54,0,0,0,0,0,0
2024/05/24 星期五 00:51:30.621,1716483090621,NH-DC-NM129-D06-ROCE-Leaf-8.GPU.S9825,FourHundredGigE1/0/54,136219,518580898,263824,1022203958,1.04,2.09
2024/05/24 星期五 00:51:31.238,1716483091238,NH-DC-NM129-D06-ROCE-Leaf-8.GPU.S9825,FourHundredGigE1/0/54,95782,356978396,248992,993607966,0.71,2.01
2024/05/24 星期五 00:51:31.920,1716483091920,NH-DC-NM129-D06-ROCE-Leaf-8.GPU.S9825,FourHundredGigE1/0/54,0,0,0,0,0,0
2024/05/24 星期五 00:51:32.537,1716483092537,NH-DC-NM129-D06-ROCE-Leaf-8.GPU.S9825,FourHundredGigE1/0/54,152830,601318952,339840,1356412025,1.22,2.74
2024/05/24 星期五 00:51:33.104,1716483093104,NH-DC-NM129-D06-ROCE-Leaf-8.GPU.S9825,FourHundredGigE1/0/54,0,0,0,0,0,0
2024/05/24 星期五 00:51:33.607,1716483093607,NH-DC-NM129-D06-ROCE-Leaf-8.GPU.S9825,FourHundredGigE1/0/54,153640,533405596,271528,1100739796,1.32,2.73
2024/05/24 星期五 00:51:34.264,1716483094264,NH-DC-NM129-D06-ROCE-Leaf-8.GPU.S9825,FourHundredGigE1/0/54,86542,329302560,122353,451606898,0.61,0.86
2024/05/24 星期五 00:51:34.829,1716483094829,NH-DC-NM129-D06-ROCE-Leaf-8.GPU.S9825,FourHundredGigE1/0/54,0,0,0,0,0,0
2024/05/24 星期五 00:51:35.507,1716483095507,NH-DC-NM129-D06-ROCE-Leaf-8.GPU.S9825,FourHundredGigE1/0/54,97602,390081308,76028,263771976,0.72,0.48
2024/05/24 星期五 00:51:36.059,1716483096059,NH-DC-NM129-D06-ROCE-Leaf-8.GPU.S9825,FourHundredGigE1/0/54,0,0,0,0,0,0
2024/05/24 星期五 00:51:36.604,1716483096604,NH-DC-NM129-D06-ROCE-Leaf-8.GPU.S9825,FourHundredGigE1/0/54,424388,1747419316,410975,1661064174,3.99,3.81
2024/05/24 星期五 00:51:37.107,1716483097107,NH-DC-NM129-D06-ROCE-Leaf-8.GPU.S9825,FourHundredGigE1/0/54,148328,590395256,97791,375543822,1.47,0.92
2024/05/24 星期五 00:51:38.816,1716483098816,NH-DC-NM129-D06-ROCE-Leaf-8.GPU.S9825,FourHundredGigE1/0/54,613549,2400123548,400683,1588650950,1.76,1.16
2024/05/24 星期五 00:51:39.873,1716483099873,NH-DC-NM129-D06-ROCE-Leaf-8.GPU.S9825,FourHundredGigE1/0/54,0,0,0,0,0,0
2024/05/24 星期五 00:51:40.510,1716483100510,NH-DC-NM129-D06-ROCE-Leaf-8.GPU.S9825,FourHundredGigE1/0/54,136565,548321172,149006,589060500,1.06,1.14
2024/05/24 星期五 00:51:41.119,1716483101119,NH-DC-NM129-D06-ROCE-Leaf-8.GPU.S9825,FourHundredGigE1/0/54,0,0,0,0,0,0
2024/05/24 星期五 00:51:41.720,1716483101720,NH-DC-NM129-D06-ROCE-Leaf-8.GPU.S9825,FourHundredGigE1/0/54,87301,312368470,46774,171564224,0.64,0.35
2024/05/24 星期五 00:51:42.254,1716483102254,NH-DC-NM129-D06-ROCE-Leaf-8.GPU.S9825,FourHundredGigE1/0/54,94914,303700084,130416,455019700,0.70,1.05
2024/05/24 星期五 00:51:42.909,1716483102909,NH-DC-NM129-D06-ROCE-Leaf-8.GPU.S9825,FourHundredGigE1/0/54,0,0,0,0,0,0
2024/05/24 星期五 00:51:43.543,1716483103543,NH-DC-NM129-D06-ROCE-Leaf-8.GPU.S9825,FourHundredGigE1/0/54,385593,1385177650,155049,620912262,2.72,1.22
2024/05/24 星期五 00:51:44.080,1716483104080,NH-DC-NM129-D06-ROCE-Leaf-8.GPU.S9825,FourHundredGigE1/0/54,0,0,0,0,0,0
2024/05/24 星期五 00:51:44.623,1716483104623,NH-DC-NM129-D06-ROCE-Leaf-8.GPU.S9825,FourHundredGigE1/0/54,199843,733913274,104077,367485870,1.68,0.83
2024/05/24 星期五 00:51:45.255,1716483105255,NH-DC-NM129-D06-ROCE-Leaf-8.GPU.S9825,FourHundredGigE1/0/54,165228,652408704,170954,598800564,1.29,1.17
2024/05/24 星期五 00:51:45.762,1716483105762,NH-DC-NM129-D06-ROCE-Leaf-8.GPU.S9825,FourHundredGigE1/0/54,0,0,0,0,0,0
2024/05/24 星期五 00:51:46.493,1716483106493,NH-DC-NM129-D06-ROCE-Leaf-8.GPU.S9825,FourHundredGigE1/0/54,339895,1344645300,316506,1188528728,2.29,2.02
2024/05/24 星期五 00:51:47.090,1716483107090,NH-DC-NM129-D06-ROCE-Leaf-8.GPU.S9825,FourHundredGigE1/0/54,0,0,0,0,0,0
2024/05/24 星期五 00:51:47.594,1716483107594,NH-DC-NM129-D06-ROCE-Leaf-8.GPU.S9825,FourHundredGigE1/0/54,249075,1012946628,88979,201818866,2.50,0.50
2024/05/24 星期五 00:51:48.124,1716483108124,NH-DC-NM129-D06-ROCE-Leaf-8.GPU.S9825,FourHundredGigE1/0/54,0,0,0,0,0,0
2024/05/24 星期五 00:51:48.686,1716483108686,NH-DC-NM129-D06-ROCE-Leaf-8.GPU.S9825,FourHundredGigE1/0/54,289242,1133046076,175358,662401564,2.51,1.47
2024/05/24 星期五 00:51:49.189,1716483109189,NH-DC-NM129-D06-ROCE-Leaf-8.GPU.S9825,FourHundredGigE1/0/54,0,0,0,0,0,0
2024/05/24 星期五 00:51:49.743,1716483109743,NH-DC-NM129-D06-ROCE-Leaf-8.GPU.S9825,FourHundredGigE1/0/54,202591,733024970,145398,539771584,1.65,1.20
2024/05/24 星期五 00:51:50.338,1716483110338,NH-DC-NM129-D06-ROCE-Leaf-8.GPU.S9825,FourHundredGigE1/0/54,528916,2112246698,172945,645704242,4.43,1.34
2024/05/24 星期五 00:51:50.931,1716483110931,NH-DC-NM129-D06-ROCE-Leaf-8.GPU.S9825,FourHundredGigE1/0/54,0,0,0,0,0,0
2024/05/24 星期五 00:51:51.663,1716483111663,NH-DC-NM129-D06-ROCE-Leaf-8.GPU.S9825,FourHundredGigE1/0/54,360236,1418387830,127515,463050654,2.41,0.79
2024/05/24 星期五 00:51:52.214,1716483112214,NH-DC-NM129-D06-ROCE-Leaf-8.GPU.S9825,FourHundredGigE1/0/54,131519,465750162,126039,435830442,1.04,0.98
2024/05/24 星期五 00:51:52.800,1716483112800,NH-DC-NM129-D06-ROCE-Leaf-8.GPU.S9825,FourHundredGigE1/0/54,0,0,0,0,0,0
2024/05/24 星期五 00:51:53.435,1716483113435,NH-DC-NM129-D06-ROCE-Leaf-8.GPU.S9825,FourHundredGigE1/0/54,324944,1256790588,446780,1711016514,2.46,3.37
2024/05/24 星期五 00:51:53.970,1716483113970,NH-DC-NM129-D06-ROCE-Leaf-8.GPU.S9825,FourHundredGigE1/0/54,0,0,0,0,0,0
2024/05/24 星期五 00:51:54.518,1716483114518,NH-DC-NM129-D06-ROCE-Leaf-8.GPU.S9825,FourHundredGigE1/0/54,218394,852778037,349384,1406685220,1.94,3.19
2024/05/24 星期五 00:51:55.093,1716483115093,NH-DC-NM129-D06-ROCE-Leaf-8.GPU.S9825,FourHundredGigE1/0/54,0,0,0,0,0,0
2024/05/24 星期五 00:51:55.605,1716483115605,NH-DC-NM129-D06-ROCE-Leaf-8.GPU.S9825,FourHundredGigE1/0/54,213685,793357984,224500,777475854,1.93,1.88
2024/05/24 星期五 00:51:56.216,1716483116216,NH-DC-NM129-D06-ROCE-Leaf-8.GPU.S9825,FourHundredGigE1/0/54,191114,718233326,149693,569948314,1.45,1.15
2024/05/24 星期五 00:51:56.843,1716483116843,NH-DC-NM129-D06-ROCE-Leaf-8.GPU.S9825,FourHundredGigE1/0/54,0,0,0,0,0,0
2024/05/24 星期五 00:51:57.345,1716483117345,NH-DC-NM129-D06-ROCE-Leaf-8.GPU.S9825,FourHundredGigE1/0/54,342343,1315643270,349784,1365593676,3.26,3.39
2024/05/24 星期五 00:51:57.870,1716483117870,NH-DC-NM129-D06-ROCE-Leaf-8.GPU.S9825,FourHundredGigE1/0/54,0,0,0,0,0,0
2024/05/24 星期五 00:51:58.657,1716483118657,NH-DC-NM129-D06-ROCE-Leaf-8.GPU.S9825,FourHundredGigE1/0/54,179282,691657572,109295,385743546,1.10,0.60
2024/05/24 星期五 00:51:59.304,1716483119304,NH-DC-NM129-D06-ROCE-Leaf-8.GPU.S9825,FourHundredGigE1/0/54,142833,554472034,75521,207716390,1.06,0.39
2024/05/24 星期五 00:52:00.001,1716483120001,NH-DC-NM129-D06-ROCE-Leaf-8.GPU.S9825,FourHundredGigE1/0/54,0,0,0,0,0,0
2024/05/24 星期五 00:52:00.923,1716483120923,NH-DC-NM129-D06-ROCE-Leaf-8.GPU.S9825,FourHundredGigE1/0/54,88400,332607188,294602,1137333428,0.45,1.53
2024/05/24 星期五 00:52:01.568,1716483121568,NH-DC-NM129-D06-ROCE-Leaf-8.GPU.S9825,FourHundredGigE1/0/54,288977,1147447590,482594,1922942800,2.21,3.72
2024/05/24 星期五 00:52:02.186,1716483122186,NH-DC-NM129-D06-ROCE-Leaf-8.GPU.S9825,FourHundredGigE1/0/54,107257,359645490,115598,429313272,0.71,0.85
2024/05/24 星期五 00:52:02.768,1716483122768,NH-DC-NM129-D06-ROCE-Leaf-8.GPU.S9825,FourHundredGigE1/0/54,0,0,0,0,0,0
2024/05/24 星期五 00:52:03.388,1716483123388,NH-DC-NM129-D06-ROCE-Leaf-8.GPU.S9825,FourHundredGigE1/0/54,312581,1260835974,56314,178321368,2.54,0.34
2024/05/24 星期五 00:52:03.979,1716483123979,NH-DC-NM129-D06-ROCE-Leaf-8.GPU.S9825,FourHundredGigE1/0/54,0,0,0,0,0,0
2024/05/24 星期五 00:52:04.497,1716483124497,NH-DC-NM129-D06-ROCE-Leaf-8.GPU.S9825,FourHundredGigE1/0/54,280727,1109663070,224336,836006570,2.65,2.00
2024/05/24 星期五 00:52:05.150,1716483125150,NH-DC-NM129-D06-ROCE-Leaf-8.GPU.S9825,FourHundredGigE1/0/54,0,0,0,0,0,0
2024/05/24 星期五 00:52:05.683,1716483125683,NH-DC-NM129-D06-ROCE-Leaf-8.GPU.S9825,FourHundredGigE1/0/54,93748,344056744,136552,495587757,0.80,1.15
2024/05/24 星期五 00:52:06.262,1716483126262,NH-DC-NM129-D06-ROCE-Leaf-8.GPU.S9825,FourHundredGigE1/0/54,189958,696387462,111012,394538656,1.49,0.84
2024/05/24 星期五 00:52:06.854,1716483126854,NH-DC-NM129-D06-ROCE-Leaf-8.GPU.S9825,FourHundredGigE1/0/54,0,0,0,0,0,0
2024/05/24 星期五 00:52:07.368,1716483127368,NH-DC-NM129-D06-ROCE-Leaf-8.GPU.S9825,FourHundredGigE1/0/54,126412,387794120,168925,610481784,0.92,1.48
2024/05/24 星期五 00:52:07.880,1716483127880,NH-DC-NM129-D06-ROCE-Leaf-8.GPU.S9825,FourHundredGigE1/0/54,0,0,0,0,0,0
2024/05/24 星期五 00:52:08.414,1716483128414,NH-DC-NM129-D06-ROCE-Leaf-8.GPU.S9825,FourHundredGigE1/0/54,138475,386758075,164846,631378830,0.89,1.47
2024/05/24 星期五 00:52:08.972,1716483128972,NH-DC-NM129-D06-ROCE-Leaf-8.GPU.S9825,FourHundredGigE1/0/54,0,0,0,0,0,0
2024/05/24 星期五 00:52:09.473,1716483129473,NH-DC-NM129-D06-ROCE-Leaf-8.GPU.S9825,FourHundredGigE1/0/54,144310,418992070,120656,456948624,1.02,1.12
2024/05/24 星期五 00:52:10.121,1716483130121,NH-DC-NM129-D06-ROCE-Leaf-8.GPU.S9825,FourHundredGigE1/0/54,0,0,0,0,0,0
2024/05/24 星期五 00:52:10.686,1716483130686,NH-DC-NM129-D06-ROCE-Leaf-8.GPU.S9825,FourHundredGigE1/0/54,126081,338752096,194383,686778310,0.73,1.50
2024/05/24 星期五 00:52:11.187,1716483131187,NH-DC-NM129-D06-ROCE-Leaf-8.GPU.S9825,FourHundredGigE1/0/54,0,0,0,0,0,0
2024/05/24 星期五 00:52:11.689,1716483131689,NH-DC-NM129-D06-ROCE-Leaf-8.GPU.S9825,FourHundredGigE1/0/54,467461,1810264802,94545,323391354,4.51,0.80
2024/05/24 星期五 00:52:12.341,1716483132341,NH-DC-NM129-D06-ROCE-Leaf-8.GPU.S9825,FourHundredGigE1/0/54,285818,1113630364,55636,68632088,2.13,0.12
2024/05/24 星期五 00:52:12.907,1716483132907,NH-DC-NM129-D06-ROCE-Leaf-8.GPU.S9825,FourHundredGigE1/0/54,0,0,0,0,0,0
2024/05/24 星期五 00:52:13.565,1716483133565,NH-DC-NM129-D06-ROCE-Leaf-8.GPU.S9825,FourHundredGigE1/0/54,279239,1079919354,223506,817079526,2.03,1.54
2024/05/24 星期五 00:52:14.161,1716483134161,NH-DC-NM129-D06-ROCE-Leaf-8.GPU.S9825,FourHundredGigE1/0/54,0,0,0,0,0,0
2024/05/24 星期五 00:52:14.975,1716483134975,NH-DC-NM129-D06-ROCE-Leaf-8.GPU.S9825,FourHundredGigE1/0/54,316122,1233748600,257674,995586630,1.89,1.52
2024/05/24 星期五 00:52:15.572,1716483135572,NH-DC-NM129-D06-ROCE-Leaf-8.GPU.S9825,FourHundredGigE1/0/54,599162,2461469662,186691,686449994,5.15,1.42
2024/05/24 星期五 00:52:16.091,1716483136091,NH-DC-NM129-D06-ROCE-Leaf-8.GPU.S9825,FourHundredGigE1/0/54,0,0,0,0,0,0
2024/05/24 星期五 00:52:16.686,1716483136686,NH-DC-NM129-D06-ROCE-Leaf-8.GPU.S9825,FourHundredGigE1/0/54,221719,826924064,431259,1634020362,1.72,3.42
2024/05/24 星期五 00:52:17.331,1716483137331,NH-DC-NM129-D06-ROCE-Leaf-8.GPU.S9825,FourHundredGigE1/0/54,246219,972407030,185226,703939136,1.88,1.36
2024/05/24 星期五 00:52:17.833,1716483137833,NH-DC-NM129-D06-ROCE-Leaf-8.GPU.S9825,FourHundredGigE1/0/54,0,0,0,0,0,0
2024/05/24 星期五 00:52:18.354,1716483138354,NH-DC-NM129-D06-ROCE-Leaf-8.GPU.S9825,FourHundredGigE1/0/54,551463,2122277614,151478,580635116,5.09,1.39
2024/05/24 星期五 00:52:19.765,1716483139765,NH-DC-NM129-D06-ROCE-Leaf-8.GPU.S9825,FourHundredGigE1/0/54,430991,1625842318,229605,835868498,1.44,0.74
2024/05/24 星期五 00:52:20.482,1716483140482,NH-DC-NM129-D06-ROCE-Leaf-8.GPU.S9825,FourHundredGigE1/0/54,162570,618075282,204773,797333758,1.06,1.38
2024/05/24 星期五 00:52:21.057,1716483141057,NH-DC-NM129-D06-ROCE-Leaf-8.GPU.S9825,FourHundredGigE1/0/54,0,0,0,0,0,0
2024/05/24 星期五 00:52:21.557,1716483141557,NH-DC-NM129-D06-ROCE-Leaf-8.GPU.S9825,FourHundredGigE1/0/54,262115,1016276992,534757,2122550706,2.52,5.3
2024/05/24 星期五 00:52:22.256,1716483142256,NH-DC-NM129-D06-ROCE-Leaf-8.GPU.S9825,FourHundredGigE1/0/54,113690,356782752,643418,2562360092,0.63,4.58
2024/05/24 星期五 00:52:22.851,1716483142851,NH-DC-NM129-D06-ROCE-Leaf-8.GPU.S9825,FourHundredGigE1/0/54,0,0,0,0,0,0
2024/05/24 星期五 00:52:23.469,1716483143469,NH-DC-NM129-D06-ROCE-Leaf-8.GPU.S9825,FourHundredGigE1/0/54,129892,233495356,208040,783948404,0.47,1.58
2024/05/24 星期五 00:52:24.107,1716483144107,NH-DC-NM129-D06-ROCE-Leaf-8.GPU.S9825,FourHundredGigE1/0/54,0,0,0,0,0,0
2024/05/24 星期五 00:52:24.635,1716483144635,NH-DC-NM129-D06-ROCE-Leaf-8.GPU.S9825,FourHundredGigE1/0/54,111724,396207449,178710,708382628,0.92,1.66
2024/05/24 星期五 00:52:25.138,1716483145138,NH-DC-NM129-D06-ROCE-Leaf-8.GPU.S9825,FourHundredGigE1/0/54,0,0,0,0,0,0
2024/05/24 星期五 00:52:25.652,1716483145652,NH-DC-NM129-D06-ROCE-Leaf-8.GPU.S9825,FourHundredGigE1/0/54,112023,438931210,201734,802261632,1.05,1.95
2024/05/24 星期五 00:52:26.296,1716483146296,NH-DC-NM129-D06-ROCE-Leaf-8.GPU.S9825,FourHundredGigE1/0/54,227876,900352396,131758,475162360,1.75,0.91
2024/05/24 星期五 00:52:26.950,1716483146950,NH-DC-NM129-D06-ROCE-Leaf-8.GPU.S9825,FourHundredGigE1/0/54,0,0,0,0,0,0
2024/05/24 星期五 00:52:27.544,1716483147544,NH-DC-NM129-D06-ROCE-Leaf-8.GPU.S9825,FourHundredGigE1/0/54,100920,335216116,131183,505194426,0.69,1.05
2024/05/24 星期五 00:52:28.071,1716483148071,NH-DC-NM129-D06-ROCE-Leaf-8.GPU.S9825,FourHundredGigE1/0/54,0,0,0,0,0,0
2024/05/24 星期五 00:52:28.574,1716483148574,NH-DC-NM129-D06-ROCE-Leaf-8.GPU.S9825,FourHundredGigE1/0/54,107628,349219504,128854,443258324,0.84,1.09
2024/05/24 星期五 00:52:29.237,1716483149237,NH-DC-NM129-D06-ROCE-Leaf-8.GPU.S9825,FourHundredGigE1/0/54,166831,0,0,0,0,0
2024/05/24 星期五 00:52:29.788,1716483149788,NH-DC-NM129-D06-ROCE-Leaf-8.GPU.S9825,FourHundredGigE1/0/54,0,604328088,518382,2010293944,1.36,4.56
2024/05/24 星期五 00:52:30.469,1716483150469,NH-DC-NM129-D06-ROCE-Leaf-8.GPU.S9825,FourHundredGigE1/0/54,161304,535341370,285323,1090929122,0.97,2.00
2024/05/24 星期五 00:52:31.031,1716483151031,NH-DC-NM129-D06-ROCE-Leaf-8.GPU.S9825,FourHundredGigE1/0/54,0,0,0,0,0,0
2024/05/24 星期五 00:52:31.532,1716483151532,NH-DC-NM129-D06-ROCE-Leaf-8.GPU.S9825,FourHundredGigE1/0/54,211402,805521726,216505,810056018,2.00,2.02
2024/05/24 星期五 00:52:32.113,1716483152113,NH-DC-NM129-D06-ROCE-Leaf-8.GPU.S9825,FourHundredGigE1/0/54,0,0,0,0,0,0
2024/05/24 星期五 00:52:32.632,1716483152632,NH-DC-NM129-D06-ROCE-Leaf-8.GPU.S9825,FourHundredGigE1/0/54,145002,495496882,145253,532277478,1.18,1.28
2024/05/24 星期五 00:52:33.237,1716483153237,NH-DC-NM129-D06-ROCE-Leaf-8.GPU.S9825,FourHundredGigE1/0/54,81724,255950408,565486,2281538620,0.52,4.71
2024/05/24 星期五 00:52:33.917,1716483153917,NH-DC-NM129-D06-ROCE-Leaf-8.GPU.S9825,FourHundredGigE1/0/54,0,0,0,0,0,0
2024/05/24 星期五 00:52:34.542,1716483154542,NH-DC-NM129-D06-ROCE-Leaf-8.GPU.S9825,FourHundredGigE1/0/54,124504,345132044,156906,580475380,0.68,1.16
2024/05/24 星期五 00:52:38.041,1716483158041,NH-DC-NM129-D06-ROCE-Leaf-8.GPU.S9825,FourHundredGigE1/0/54,691228,2618063730,5994806,24336709564,0.93,8.69
2024/05/24 星期五 00:52:40.032,1716483160032,NH-DC-NM129-D06-ROCE-Leaf-8.GPU.S9825,FourHundredGigE1/0/54,192706,749641508,447008,1771934804,0.46,1.11
2024/05/24 星期五 00:52:40.667,1716483160667,NH-DC-NM129-D06-ROCE-Leaf-8.GPU.S9825,FourHundredGigE1/0/54,327164,1290896990,404891,1610576108,2.54,3.17
2024/05/24 星期五 00:52:41.267,1716483161267,NH-DC-NM129-D06-ROCE-Leaf-8.GPU.S9825,FourHundredGigE1/0/54,202513,716977942,297437,1159692276,1.48,2.40
2024/05/24 星期五 00:52:41.770,1716483161770,NH-DC-NM129-D06-ROCE-Leaf-8.GPU.S9825,FourHundredGigE1/0/54,0,0,0,0,0,0
2024/05/24 星期五 00:52:42.278,1716483162278,NH-DC-NM129-D06-ROCE-Leaf-8.GPU.S9825,FourHundredGigE1/0/54,311972,1197451864,272871,1087067498,2.93,2.66
2024/05/24 星期五 00:52:42.792,1716483162792,NH-DC-NM129-D06-ROCE-Leaf-8.GPU.S9825,FourHundredGigE1/0/54,0,0,0,0,0,0
2024/05/24 星期五 00:52:43.570,1716483163570,NH-DC-NM129-D06-ROCE-Leaf-8.GPU.S9825,FourHundredGigE1/0/54,204161,763245682,179650,693076592,1.22,1.11
2024/05/24 星期五 00:52:44.207,1716483164207,NH-DC-NM129-D06-ROCE-Leaf-8.GPU.S9825,FourHundredGigE1/0/54,0,0,0,0,0,0
2024/05/24 星期五 00:52:44.761,1716483164761,NH-DC-NM129-D06-ROCE-Leaf-8.GPU.S9825,FourHundredGigE1/0/54,344158,1370753210,328525,1262357666,3.09,2.84
2024/05/24 星期五 00:52:45.262,1716483165262,NH-DC-NM129-D06-ROCE-Leaf-8.GPU.S9825,FourHundredGigE1/0/54,0,0,0,0,0,0
2024/05/24 星期五 00:52:45.767,1716483165767,NH-DC-NM129-D06-ROCE-Leaf-8.GPU.S9825,FourHundredGigE1/0/54,194951,780916052,171541,652314674,1.93,1.61
2024/05/24 星期五 00:52:46.345,1716483166345,NH-DC-NM129-D06-ROCE-Leaf-8.GPU.S9825,FourHundredGigE1/0/54,278584,1019247460,181184,668910396,2.18,1.43
2024/05/24 星期五 00:52:47.072,1716483167072,NH-DC-NM129-D06-ROCE-Leaf-8.GPU.S9825,FourHundredGigE1/0/54,0,0,0,0,0,0
2024/05/24 星期五 00:52:47.681,1716483167681,NH-DC-NM129-D06-ROCE-Leaf-8.GPU.S9825,FourHundredGigE1/0/54,159328,627329748,401606,1611610774,1.27,3.30
2024/05/24 星期五 00:52:48.248,1716483168248,NH-DC-NM129-D06-ROCE-Leaf-8.GPU.S9825,FourHundredGigE1/0/54,0,0,0,0,0,0
2024/05/24 星期五 00:52:48.749,1716483168749,NH-DC-NM129-D06-ROCE-Leaf-8.GPU.S9825,FourHundredGigE1/0/54,151484,525535412,208375,756049768,1.30,1.87
2024/05/24 星期五 00:52:49.250,1716483169250,NH-DC-NM129-D06-ROCE-Leaf-8.GPU.S9825,FourHundredGigE1/0/54,0,0,0,0,0,0
2024/05/24 星期五 00:52:49.751,1716483169751,NH-DC-NM129-D06-ROCE-Leaf-8.GPU.S9825,FourHundredGigE1/0/54,208474,800887580,171755,629183434,2.00,1.55
2024/05/24 星期五 00:52:50.525,1716483170525,NH-DC-NM129-D06-ROCE-Leaf-8.GPU.S9825,FourHundredGigE1/0/54,96402,376564508,151236,549008872,0.60,0.87
2024/05/24 星期五 00:52:51.169,1716483171169,NH-DC-NM129-D06-ROCE-Leaf-8.GPU.S9825,FourHundredGigE1/0/54,0,0,0,0,0,0
2024/05/24 星期五 00:52:51.690,1716483171690,NH-DC-NM129-D06-ROCE-Leaf-8.GPU.S9825,FourHundredGigE1/0/54,312469,1270490506,390756,1478062478,3.05,3.53
2024/05/24 星期五 00:52:52.200,1716483172200,NH-DC-NM129-D06-ROCE-Leaf-8.GPU.S9825,FourHundredGigE1/0/54,0,0,0,0,0,0
2024/05/24 星期五 00:52:52.705,1716483172705,NH-DC-NM129-D06-ROCE-Leaf-8.GPU.S9825,FourHundredGigE1/0/54,180105,688472794,255081,955804378,1.68,2.35
2024/05/24 星期五 00:52:53.206,1716483173206,NH-DC-NM129-D06-ROCE-Leaf-8.GPU.S9825,FourHundredGigE1/0/54,0,0,0,0,0,0
2024/05/24 星期五 00:52:53.709,1716483173709,NH-DC-NM129-D06-ROCE-Leaf-8.GPU.S9825,FourHundredGigE1/0/54,106794,296999868,280525,1117863739,0.72,2.76
2024/05/24 星期五 00:52:55.089,1716483175089,NH-DC-NM129-D06-ROCE-Leaf-8.GPU.S9825,FourHundredGigE1/0/54,156860,561257377,374512,1498599620,0.51,1.35
2024/05/24 星期五 00:52:55.592,1716483175592,NH-DC-NM129-D06-ROCE-Leaf-8.GPU.S9825,FourHundredGigE1/0/54,66275,274552630,126139,484330960,0.67,1.19
2024/05/24 星期五 00:52:56.185,1716483176185,NH-DC-NM129-D06-ROCE-Leaf-8.GPU.S9825,FourHundredGigE1/0/54,0,0,0,0,0,0
2024/05/24 星期五 00:52:56.686,1716483176686,NH-DC-NM129-D06-ROCE-Leaf-8.GPU.S9825,FourHundredGigE1/0/54,3011638,12265622548,83807,227241894,30.59,0.55
2024/05/24 星期五 00:52:57.187,1716483177187,NH-DC-NM129-D06-ROCE-Leaf-8.GPU.S9825,FourHundredGigE1/0/54,4939888,20204973002,79095,280547384,50.40,0.70
2024/05/24 星期五 00:52:58.593,1716483178593,NH-DC-NM129-D06-ROCE-Leaf-8.GPU.S9825,FourHundredGigE1/0/54,2684902,10845124590,432716,1650751176,9.64,1.47
2024/05/24 星期五 00:52:59.093,1716483179093,NH-DC-NM129-D06-ROCE-Leaf-8.GPU.S9825,FourHundredGigE1/0/54,0,0,0,0,0,0
2024/05/24 星期五 00:52:59.594,1716483179594,NH-DC-NM129-D06-ROCE-Leaf-8.GPU.S9825,FourHundredGigE1/0/54,1180789,4785496514,230097,825708821,11.93,2.05
2024/05/24 星期五 00:53:00.180,1716483180180,NH-DC-NM129-D06-ROCE-Leaf-8.GPU.S9825,FourHundredGigE1/0/54,0,0,0,0,0,0
2024/05/24 星期五 00:53:00.682,1716483180682,NH-DC-NM129-D06-ROCE-Leaf-8.GPU.S9825,FourHundredGigE1/0/54,1191441,4863265760,740769,2988069144,12.10,7.42
2024/05/24 星期五 00:53:01.699,1716483181699,NH-DC-NM129-D06-ROCE-Leaf-8.GPU.S9825,FourHundredGigE1/0/54,1200851,4901414728,219300,778340986,6.02,0.95
2024/05/24 星期五 00:53:02.199,1716483182199,NH-DC-NM129-D06-ROCE-Leaf-8.GPU.S9825,FourHundredGigE1/0/54,0,0,0,0,0,0
2024/05/24 星期五 00:53:02.702,1716483182702,NH-DC-NM129-D06-ROCE-Leaf-8.GPU.S9825,FourHundredGigE1/0/54,682431,2792779554,82316,282526220,6.93,0.70
2024/05/24 星期五 00:53:03.209,1716483183209,NH-DC-NM129-D06-ROCE-Leaf-8.GPU.S9825,FourHundredGigE1/0/54,0,0,0,0,0,0
2024/05/24 星期五 00:53:03.714,1716483183714,NH-DC-NM129-D06-ROCE-Leaf-8.GPU.S9825,FourHundredGigE1/0/54,139530,513195718,114411,392429940,1.26,0.97
2024/05/24 星期五 00:53:05.125,1716483185125,NH-DC-NM129-D06-ROCE-Leaf-8.GPU.S9825,FourHundredGigE1/0/54,156659,604873946,169707,665366836,0.53,0.58
2024/05/24 星期五 00:53:05.708,1716483185708,NH-DC-NM129-D06-ROCE-Leaf-8.GPU.S9825,FourHundredGigE1/0/54,197063,793799088,124069,472712514,1.69,1.01
2024/05/24 星期五 00:53:06.282,1716483186282,NH-DC-NM129-D06-ROCE-Leaf-8.GPU.S9825,FourHundredGigE1/0/54,187090,720279226,86856,275260620,1.57,0.59
2024/05/24 星期五 00:53:06.809,1716483186809,NH-DC-NM129-D06-ROCE-Leaf-8.GPU.S9825,FourHundredGigE1/0/54,0,0,0,0,0,0
2024/05/24 星期五 00:53:07.311,1716483187311,NH-DC-NM129-D06-ROCE-Leaf-8.GPU.S9825,FourHundredGigE1/0/54,451167,1814537044,315949,1216169322,4.51,3.01
2024/05/24 星期五 00:53:07.880,1716483187880,NH-DC-NM129-D06-ROCE-Leaf-8.GPU.S9825,FourHundredGigE1/0/54,0,0,0,0,0,0
2024/05/24 星期五 00:53:08.705,1716483188705,NH-DC-NM129-D06-ROCE-Leaf-8.GPU.S9825,FourHundredGigE1/0/54,520315,2014760240,143450,560053635,3.05,0.85
2024/05/24 星期五 00:53:09.206,1716483189206,NH-DC-NM129-D06-ROCE-Leaf-8.GPU.S9825,FourHundredGigE1/0/54,0,0,0,0,0,0
2024/05/24 星期五 00:53:09.706,1716483189706,NH-DC-NM129-D06-ROCE-Leaf-8.GPU.S9825,FourHundredGigE1/0/54,460332,1845435276,358125,1363132926,4.6,3.4
2024/05/24 星期五 00:53:10.511,1716483190511,NH-DC-NM129-D06-ROCE-Leaf-8.GPU.S9825,FourHundredGigE1/0/54,85587,310198562,200936,740526552,0.48,1.15
2024/05/24 星期五 00:53:11.081,1716483191081,NH-DC-NM129-D06-ROCE-Leaf-8.GPU.S9825,FourHundredGigE1/0/54,231910,900740604,172863,684962696,1.97,1.49
2024/05/24 星期五 00:53:11.756,1716483191756,NH-DC-NM129-D06-ROCE-Leaf-8.GPU.S9825,FourHundredGigE1/0/54,0,0,0,0,0,0
2024/05/24 星期五 00:53:12.293,1716483192293,NH-DC-NM129-D06-ROCE-Leaf-8.GPU.S9825,FourHundredGigE1/0/54,574837,0,205003,0,0,0
2024/05/24 星期五 00:53:12.793,1716483192793,NH-DC-NM129-D06-ROCE-Leaf-8.GPU.S9825,FourHundredGigE1/0/54,0,2308361122,0,758049656,5.75,1.88
2024/05/24 星期五 00:53:13.297,1716483193297,NH-DC-NM129-D06-ROCE-Leaf-8.GPU.S9825,FourHundredGigE1/0/54,127595,512957546,261383,1044564754,1.26,2.58
2024/05/24 星期五 00:53:13.798,1716483193798,NH-DC-NM129-D06-ROCE-Leaf-8.GPU.S9825,FourHundredGigE1/0/54,0,0,0,0,0,0
2024/05/24 星期五 00:53:14.325,1716483194325,NH-DC-NM129-D06-ROCE-Leaf-8.GPU.S9825,FourHundredGigE1/0/54,210308,802981531,132205,460257870,1.90,1.09
2024/05/24 星期五 00:53:15.078,1716483195078,NH-DC-NM129-D06-ROCE-Leaf-8.GPU.S9825,FourHundredGigE1/0/54,153172,602537830,96950,343524400,1.00,0.56
2024/05/24 星期五 00:53:15.772,1716483195772,NH-DC-NM129-D06-ROCE-Leaf-8.GPU.S9825,FourHundredGigE1/0/54,0,0,0,0,0,0
2024/05/24 星期五 00:53:16.273,1716483196273,NH-DC-NM129-D06-ROCE-Leaf-8.GPU.S9825,FourHundredGigE1/0/54,277873,1054828518,412987,1615626202,2.62,4.02
2024/05/24 星期五 00:53:16.774,1716483196774,NH-DC-NM129-D06-ROCE-Leaf-8.GPU.S9825,FourHundredGigE1/0/54,0,0,0,0,0,0
2024/05/24 星期五 00:53:17.289,1716483197289,NH-DC-NM129-D06-ROCE-Leaf-8.GPU.S9825,FourHundredGigE1/0/54,94978,366674016,43016,136050256,0.87,0.32
2024/05/24 星期五 00:53:17.791,1716483197791,NH-DC-NM129-D06-ROCE-Leaf-8.GPU.S9825,FourHundredGigE1/0/54,0,0,0,0,0,0
2024/05/24 星期五 00:53:18.612,1716483198612,NH-DC-NM129-D06-ROCE-Leaf-8.GPU.S9825,FourHundredGigE1/0/54,245657,928879778,198531,766479762,1.40,1.16
2024/05/24 星期五 00:53:23.630,1716483203630,NH-DC-NM129-D06-ROCE-Leaf-8.GPU.S9825,FourHundredGigE1/0/54,988543,3454728670,870338,3361971420,0.86,0.84
2024/05/24 星期五 00:53:24.134,1716483204134,NH-DC-NM129-D06-ROCE-Leaf-8.GPU.S9825,FourHundredGigE1/0/54,0,0,0,0,0,0
2024/05/24 星期五 00:53:24.654,1716483204654,NH-DC-NM129-D06-ROCE-Leaf-8.GPU.S9825,FourHundredGigE1/0/54,1063782,4290025501,434764,1747761074,10.31,4.18
2024/05/24 星期五 00:53:25.396,1716483205396,NH-DC-NM129-D06-ROCE-Leaf-8.GPU.S9825,FourHundredGigE1/0/54,951367,3772090502,127999,466050030,6.35,0.77
2024/05/24 星期五 00:53:26.039,1716483206039,NH-DC-NM129-D06-ROCE-Leaf-8.GPU.S9825,FourHundredGigE1/0/54,0,0,0,0,0,0
2024/05/24 星期五 00:53:26.632,1716483206632,NH-DC-NM129-D06-ROCE-Leaf-8.GPU.S9825,FourHundredGigE1/0/54,1475472,6012289768,128174,469591456,12.67,0.97
2024/05/24 星期五 00:53:27.226,1716483207226,NH-DC-NM129-D06-ROCE-Leaf-8.GPU.S9825,FourHundredGigE1/0/54,0,0,0,0,0,0
2024/05/24 星期五 00:53:27.744,1716483207744,NH-DC-NM129-D06-ROCE-Leaf-8.GPU.S9825,FourHundredGigE1/0/54,1449213,5916521682,560772,2267479640,14.26,5.45
2024/05/24 星期五 00:53:28.388,1716483208388,NH-DC-NM129-D06-ROCE-Leaf-8.GPU.S9825,FourHundredGigE1/0/54,1427979,5829041812,142402,545131432,11.30,1.05
2024/05/24 星期五 00:53:29.219,1716483209219,NH-DC-NM129-D06-ROCE-Leaf-8.GPU.S9825,FourHundredGigE1/0/54,0,0,0,0,0,0
2024/05/24 星期五 00:53:29.727,1716483209727,NH-DC-NM129-D06-ROCE-Leaf-8.GPU.S9825,FourHundredGigE1/0/54,2314992,9469487548,193998,760011180,23.28,1.87
2024/05/24 星期五 00:53:30.296,1716483210296,NH-DC-NM129-D06-ROCE-Leaf-8.GPU.S9825,FourHundredGigE1/0/54,1220775,4973264424,345765,1310245418,10.92,2.88
2024/05/24 星期五 00:53:30.798,1716483210798,NH-DC-NM129-D06-ROCE-Leaf-8.GPU.S9825,FourHundredGigE1/0/54,0,0,0,0,0,0
2024/05/24 星期五 00:53:31.316,1716483211316,NH-DC-NM129-D06-ROCE-Leaf-8.GPU.S9825,FourHundredGigE1/0/54,518704,2082444430,426562,1718551796,5.02,4.13
2024/05/24 星期五 00:53:32.150,1716483212150,NH-DC-NM129-D06-ROCE-Leaf-8.GPU.S9825,FourHundredGigE1/0/54,0,0,0,0,0,0
2024/05/24 星期五 00:53:32.745,1716483212745,NH-DC-NM129-D06-ROCE-Leaf-8.GPU.S9825,FourHundredGigE1/0/54,248791,915775088,168251,650363040,1.91,1.37
2024/05/24 星期五 00:53:33.260,1716483213260,NH-DC-NM129-D06-ROCE-Leaf-8.GPU.S9825,FourHundredGigE1/0/54,0,0,0,0,0,0
2024/05/24 星期五 00:53:33.800,1716483213800,NH-DC-NM129-D06-ROCE-Leaf-8.GPU.S9825,FourHundredGigE1/0/54,309224,1238542884,367776,1406523850,2.85,3.24
2024/05/24 星期五 00:53:34.301,1716483214301,NH-DC-NM129-D06-ROCE-Leaf-8.GPU.S9825,FourHundredGigE1/0/54,419110,1666168520,541537,2155152650,4.14,5.36
2024/05/24 星期五 00:53:34.893,1716483214893,NH-DC-NM129-D06-ROCE-Leaf-8.GPU.S9825,FourHundredGigE1/0/54,0,0,0,0,0,0
2024/05/24 星期五 00:53:35.701,1716483215701,NH-DC-NM129-D06-ROCE-Leaf-8.GPU.S9825,FourHundredGigE1/0/54,229521,885901904,105662,388684138,1.36,0.59
2024/05/24 星期五 00:53:36.220,1716483216220,NH-DC-NM129-D06-ROCE-Leaf-8.GPU.S9825,FourHundredGigE1/0/54,266515,1026437940,321771,1290990538,2.46,3.11
2024/05/24 星期五 00:53:36.782,1716483216782,NH-DC-NM129-D06-ROCE-Leaf-8.GPU.S9825,FourHundredGigE1/0/54,0,0,0,0,0,0
2024/05/24 星期五 00:53:37.311,1716483217311,NH-DC-NM129-D06-ROCE-Leaf-8.GPU.S9825,FourHundredGigE1/0/54,328793,1173314934,237660,926579769,2.76,2.17
2024/05/24 星期五 00:53:39.204,1716483219204,NH-DC-NM129-D06-ROCE-Leaf-8.GPU.S9825,FourHundredGigE1/0/54,122766,452430693,115710,428123404,0.30,0.28
2024/05/24 星期五 00:53:39.968,1716483219968,NH-DC-NM129-D06-ROCE-Leaf-8.GPU.S9825,FourHundredGigE1/0/54,0,0,0,0,0,0
2024/05/24 星期五 00:53:40.608,1716483220608,NH-DC-NM129-D06-ROCE-Leaf-8.GPU.S9825,FourHundredGigE1/0/54,110910,386251996,184036,716732284,0.74,1.39
2024/05/24 星期五 00:53:41.161,1716483221161,NH-DC-NM129-D06-ROCE-Leaf-8.GPU.S9825,FourHundredGigE1/0/54,197902,783554916,72547,242937938,1.76,0.54
2024/05/24 星期五 00:53:41.721,1716483221721,NH-DC-NM129-D06-ROCE-Leaf-8.GPU.S9825,FourHundredGigE1/0/54,0,0,0,0,0,0
2024/05/24 星期五 00:53:42.305,1716483222305,NH-DC-NM129-D06-ROCE-Leaf-8.GPU.S9825,FourHundredGigE1/0/54,152183,585164982,218139,769740058,1.24,1.63
2024/05/24 星期五 00:53:42.951,1716483222951,NH-DC-NM129-D06-ROCE-Leaf-8.GPU.S9825,FourHundredGigE1/0/54,0,0,0,0,0,0
2024/05/24 星期五 00:53:43.543,1716483223543,NH-DC-NM129-D06-ROCE-Leaf-8.GPU.S9825,FourHundredGigE1/0/54,330224,1311294956,67963,256074946,2.77,0.53
2024/05/24 星期五 00:53:44.126,1716483224126,NH-DC-NM129-D06-ROCE-Leaf-8.GPU.S9825,FourHundredGigE1/0/54,0,0,0,0,0,0
2024/05/24 星期五 00:53:44.911,1716483224911,NH-DC-NM129-D06-ROCE-Leaf-8.GPU.S9825,FourHundredGigE1/0/54,214645,829213090,103500,401903646,1.31,0.64
2024/05/24 星期五 00:53:45.550,1716483225550,NH-DC-NM129-D06-ROCE-Leaf-8.GPU.S9825,FourHundredGigE1/0/54,290453,1159802770,410437,1664555604,2.25,3.25
2024/05/24 星期五 00:53:46.136,1716483226136,NH-DC-NM129-D06-ROCE-Leaf-8.GPU.S9825,FourHundredGigE1/0/54,0,0,0,0,0,0
2024/05/24 星期五 00:53:46.733,1716483226733,NH-DC-NM129-D06-ROCE-Leaf-8.GPU.S9825,FourHundredGigE1/0/54,124271,459965050,117916,451460944,0.94,0.94
2024/05/24 星期五 00:53:47.314,1716483227314,NH-DC-NM129-D06-ROCE-Leaf-8.GPU.S9825,FourHundredGigE1/0/54,128677,503202626,161789,619669078,1.08,1.31
2024/05/24 星期五 00:53:47.834,1716483227834,NH-DC-NM129-D06-ROCE-Leaf-8.GPU.S9825,FourHundredGigE1/0/54,0,0,0,0,0,0
2024/05/24 星期五 00:53:48.409,1716483228409,NH-DC-NM129-D06-ROCE-Leaf-8.GPU.S9825,FourHundredGigE1/0/54,194007,732276686,76488,279837608,1.59,0.59
2024/05/24 星期五 00:53:48.999,1716483228999,NH-DC-NM129-D06-ROCE-Leaf-8.GPU.S9825,FourHundredGigE1/0/54,0,0,0,0,0,0
2024/05/24 星期五 00:53:49.501,1716483229501,NH-DC-NM129-D06-ROCE-Leaf-8.GPU.S9825,FourHundredGigE1/0/54,549084,2204949816,363793,1402077338,5.48,3.49
2024/05/24 星期五 00:53:50.141,1716483230141,NH-DC-NM129-D06-ROCE-Leaf-8.GPU.S9825,FourHundredGigE1/0/54,0,0,0,0,0,0
2024/05/24 星期五 00:53:50.692,1716483230692,NH-DC-NM129-D06-ROCE-Leaf-8.GPU.S9825,FourHundredGigE1/0/54,163789,628169918,104265,353403477,1.41,0.79
2024/05/24 星期五 00:53:51.193,1716483231193,NH-DC-NM129-D06-ROCE-Leaf-8.GPU.S9825,FourHundredGigE1/0/54,0,0,0,0,0,0
2024/05/24 星期五 00:53:51.699,1716483231699,NH-DC-NM129-D06-ROCE-Leaf-8.GPU.S9825,FourHundredGigE1/0/54,94100,297013244,196176,772837369,0.72,1.90
2024/05/24 星期五 00:53:52.269,1716483232269,NH-DC-NM129-D06-ROCE-Leaf-8.GPU.S9825,FourHundredGigE1/0/54,229553,854635338,148380,535046780,1.86,1.16
2024/05/24 星期五 00:53:52.898,1716483232898,NH-DC-NM129-D06-ROCE-Leaf-8.GPU.S9825,FourHundredGigE1/0/54,0,0,0,0,0,0
2024/05/24 星期五 00:53:53.417,1716483233417,NH-DC-NM129-D06-ROCE-Leaf-8.GPU.S9825,FourHundredGigE1/0/54,61333,238784110,116917,364426678,0.55,0.87
2024/05/24 星期五 00:53:54.028,1716483234028,NH-DC-NM129-D06-ROCE-Leaf-8.GPU.S9825,FourHundredGigE1/0/54,0,0,0,0,0,0
2024/05/24 星期五 00:53:54.534,1716483234534,NH-DC-NM129-D06-ROCE-Leaf-8.GPU.S9825,FourHundredGigE1/0/54,199157,725404487,46042,130514998,1.78,0.32
2024/05/24 星期五 00:53:55.190,1716483235190,NH-DC-NM129-D06-ROCE-Leaf-8.GPU.S9825,FourHundredGigE1/0/54,0,0,0,0,0,0
2024/05/24 星期五 00:53:55.712,1716483235712,NH-DC-NM129-D06-ROCE-Leaf-8.GPU.S9825,FourHundredGigE1/0/54,125739,466877606,279876,1122944866,1.10,2.68
2024/05/24 星期五 00:53:56.304,1716483236304,NH-DC-NM129-D06-ROCE-Leaf-8.GPU.S9825,FourHundredGigE1/0/54,499831,2038773850,592789,2421329180,4.29,5.11
2024/05/24 星期五 00:53:56.899,1716483236899,NH-DC-NM129-D06-ROCE-Leaf-8.GPU.S9825,FourHundredGigE1/0/54,0,0,0,0,0,0
2024/05/24 星期五 00:53:57.465,1716483237465,NH-DC-NM129-D06-ROCE-Leaf-8.GPU.S9825,FourHundredGigE1/0/54,255617,978111846,270588,1093466452,2.14,2.41
2024/05/24 星期五 00:53:58.072,1716483238072,NH-DC-NM129-D06-ROCE-Leaf-8.GPU.S9825,FourHundredGigE1/0/54,66804,199455234,204211,785999010,0.39,1.61
2024/05/24 星期五 00:53:58.942,1716483238942,NH-DC-NM129-D06-ROCE-Leaf-8.GPU.S9825,FourHundredGigE1/0/54,0,0,0,0,0,0
2024/05/24 星期五 00:53:59.630,1716483239630,NH-DC-NM129-D06-ROCE-Leaf-8.GPU.S9825,FourHundredGigE1/0/54,218320,848461378,237521,921801550,1.53,1.67
2024/05/24 星期五 00:54:00.275,1716483240275,NH-DC-NM129-D06-ROCE-Leaf-8.GPU.S9825,FourHundredGigE1/0/54,380356,1548582362,99475,291920542,2.98,0.56
2024/05/24 星期五 00:54:00.823,1716483240823,NH-DC-NM129-D06-ROCE-Leaf-8.GPU.S9825,FourHundredGigE1/0/54,0,0,0,0,0,0
2024/05/24 星期五 00:54:01.455,1716483241455,NH-DC-NM129-D06-ROCE-Leaf-8.GPU.S9825,FourHundredGigE1/0/54,222018,865508750,359149,1406263010,1.70,2.77
2024/05/24 星期五 00:54:01.976,1716483241976,NH-DC-NM129-D06-ROCE-Leaf-8.GPU.S9825,FourHundredGigE1/0/54,0,0,0,0,0,0
2024/05/24 星期五 00:54:02.699,1716483242699,NH-DC-NM129-D06-ROCE-Leaf-8.GPU.S9825,FourHundredGigE1/0/54,347508,1363984948,326932,1223391884,2.35,2.11
2024/05/24 星期五 00:54:03.444,1716483243444,NH-DC-NM129-D06-ROCE-Leaf-8.GPU.S9825,FourHundredGigE1/0/54,388086,1509185048,466487,1897110370,2.52,3.17
2024/05/24 星期五 00:54:03.947,1716483243947,NH-DC-NM129-D06-ROCE-Leaf-8.GPU.S9825,FourHundredGigE1/0/54,0,0,0,0,0,0
2024/05/24 星期五 00:54:04.503,1716483244503,NH-DC-NM129-D06-ROCE-Leaf-8.GPU.S9825,FourHundredGigE1/0/54,161339,597357118,175199,526953250,1.33,1.17
2024/05/24 星期五 00:54:05.021,1716483245021,NH-DC-NM129-D06-ROCE-Leaf-8.GPU.S9825,FourHundredGigE1/0/54,0,0,0,0,0,0
2024/05/24 星期五 00:54:05.521,1716483245521,NH-DC-NM129-D06-ROCE-Leaf-8.GPU.S9825,FourHundredGigE1/0/54,256227,986979418,156703,565192730,2.45,1.4
2024/05/24 星期五 00:54:06.232,1716483246232,NH-DC-NM129-D06-ROCE-Leaf-8.GPU.S9825,FourHundredGigE1/0/54,198630,783391664,216818,768782426,1.37,1.34
2024/05/24 星期五 00:54:06.981,1716483246981,NH-DC-NM129-D06-ROCE-Leaf-8.GPU.S9825,FourHundredGigE1/0/54,0,0,0,0,0,0
2024/05/24 星期五 00:54:07.481,1716483247481,NH-DC-NM129-D06-ROCE-Leaf-8.GPU.S9825,FourHundredGigE1/0/54,419563,1643248166,311060,1203480046,4.1,3
2024/05/24 星期五 00:54:08.100,1716483248100,NH-DC-NM129-D06-ROCE-Leaf-8.GPU.S9825,FourHundredGigE1/0/54,0,0,0,0,0,0
2024/05/24 星期五 00:54:08.643,1716483248643,NH-DC-NM129-D06-ROCE-Leaf-8.GPU.S9825,FourHundredGigE1/0/54,134404,481926489,161034,560747579,1.10,1.29
2024/05/24 星期五 00:54:09.145,1716483249145,NH-DC-NM129-D06-ROCE-Leaf-8.GPU.S9825,FourHundredGigE1/0/54,0,0,0,0,0,0
2024/05/24 星期五 00:54:09.688,1716483249688,NH-DC-NM129-D06-ROCE-Leaf-8.GPU.S9825,FourHundredGigE1/0/54,89311,340940716,150129,567741238,0.78,1.29
2024/05/24 星期五 00:54:10.400,1716483250400,NH-DC-NM129-D06-ROCE-Leaf-8.GPU.S9825,FourHundredGigE1/0/54,326790,1329988462,445833,1765841710,2.32,3.09
2024/05/24 星期五 00:54:10.902,1716483250902,NH-DC-NM129-D06-ROCE-Leaf-8.GPU.S9825,FourHundredGigE1/0/54,0,0,0,0,0,0
2024/05/24 星期五 00:54:11.402,1716483251402,NH-DC-NM129-D06-ROCE-Leaf-8.GPU.S9825,FourHundredGigE1/0/54,91086,340195052,99374,375739208,0.85,0.92
2024/05/24 星期五 00:54:11.931,1716483251931,NH-DC-NM129-D06-ROCE-Leaf-8.GPU.S9825,FourHundredGigE1/0/54,0,0,0,0,0,0
2024/05/24 星期五 00:54:12.429,1716483252429,NH-DC-NM129-D06-ROCE-Leaf-8.GPU.S9825,FourHundredGigE1/0/54,79020,229814804,73691,263525350,0.55,0.65
2024/05/24 星期五 00:54:13.151,1716483253151,NH-DC-NM129-D06-ROCE-Leaf-8.GPU.S9825,FourHundredGigE1/0/54,140228,545593216,160431,603030345,0.93,1.04
2024/05/24 星期五 00:54:13.855,1716483253855,NH-DC-NM129-D06-ROCE-Leaf-8.GPU.S9825,FourHundredGigE1/0/54,0,0,0,0,0,0
2024/05/24 星期五 00:54:14.357,1716483254357,NH-DC-NM129-D06-ROCE-Leaf-8.GPU.S9825,FourHundredGigE1/0/54,307630,1178765838,745062,2979886718,2.91,7.40
2024/05/24 星期五 00:54:14.896,1716483254896,NH-DC-NM129-D06-ROCE-Leaf-8.GPU.S9825,FourHundredGigE1/0/54,0,0,0,0,0,0
2024/05/24 星期五 00:54:15.397,1716483255397,NH-DC-NM129-D06-ROCE-Leaf-8.GPU.S9825,FourHundredGigE1/0/54,736939,3004297284,1048989,4137638236,7.49,10.30
2024/05/24 星期五 00:54:15.910,1716483255910,NH-DC-NM129-D06-ROCE-Leaf-8.GPU.S9825,FourHundredGigE1/0/54,0,0,0,0,0,0
2024/05/24 星期五 00:54:16.666,1716483256666,NH-DC-NM129-D06-ROCE-Leaf-8.GPU.S9825,FourHundredGigE1/0/54,127757,475047214,1036106,4197809900,0.78,6.93
2024/05/24 星期五 00:54:17.308,1716483257308,NH-DC-NM129-D06-ROCE-Leaf-8.GPU.S9825,FourHundredGigE1/0/54,0,0,0,0,0,0
2024/05/24 星期五 00:54:17.813,1716483257813,NH-DC-NM129-D06-ROCE-Leaf-8.GPU.S9825,FourHundredGigE1/0/54,1228173,4978069766,1047176,4253847036,12.30,10.52
2024/05/24 星期五 00:54:18.401,1716483258401,NH-DC-NM129-D06-ROCE-Leaf-8.GPU.S9825,FourHundredGigE1/0/54,839316,3413591008,916042,3688032032,7.25,7.82
2024/05/24 星期五 00:54:19.581,1716483259581,NH-DC-NM129-D06-ROCE-Leaf-8.GPU.S9825,FourHundredGigE1/0/54,68902,253639060,89482,327373324,0.26,0.34
2024/05/24 星期五 00:54:20.481,1716483260481,NH-DC-NM129-D06-ROCE-Leaf-8.GPU.S9825,FourHundredGigE1/0/54,88372,334489680,101167,376139202,0.46,0.51
2024/05/24 星期五 00:54:20.982,1716483260982,NH-DC-NM129-D06-ROCE-Leaf-8.GPU.S9825,FourHundredGigE1/0/54,0,0,0,0,0,0
2024/05/24 星期五 00:54:21.512,1716483261512,NH-DC-NM129-D06-ROCE-Leaf-8.GPU.S9825,FourHundredGigE1/0/54,128730,475175392,362354,1425789212,1.11,3.35
2024/05/24 星期五 00:54:22.089,1716483262089,NH-DC-NM129-D06-ROCE-Leaf-8.GPU.S9825,FourHundredGigE1/0/54,0,0,0,0,0,0
2024/05/24 星期五 00:54:22.589,1716483262589,NH-DC-NM129-D06-ROCE-Leaf-8.GPU.S9825,FourHundredGigE1/0/54,201023,800774162,171838,662478060,2,1.65
2024/05/24 星期五 00:54:23.215,1716483263215,NH-DC-NM129-D06-ROCE-Leaf-8.GPU.S9825,FourHundredGigE1/0/54,186639,689823274,115002,359257776,1.36,0.70
2024/05/24 星期五 00:54:24.035,1716483264035,NH-DC-NM129-D06-ROCE-Leaf-8.GPU.S9825,FourHundredGigE1/0/54,0,0,0,0,0,0
2024/05/24 星期五 00:54:24.535,1716483264535,NH-DC-NM129-D06-ROCE-Leaf-8.GPU.S9825,FourHundredGigE1/0/54,219207,857290639,289700,1165366036,2.12,2.9
2024/05/24 星期五 00:54:25.060,1716483265060,NH-DC-NM129-D06-ROCE-Leaf-8.GPU.S9825,FourHundredGigE1/0/54,0,0,0,0,0,0
2024/05/24 星期五 00:54:25.562,1716483265562,NH-DC-NM129-D06-ROCE-Leaf-8.GPU.S9825,FourHundredGigE1/0/54,231279,872525442,367584,1472370384,2.17,3.66
2024/05/24 星期五 00:54:26.063,1716483266063,NH-DC-NM129-D06-ROCE-Leaf-8.GPU.S9825,FourHundredGigE1/0/54,0,0,0,0,0,0
2024/05/24 星期五 00:54:26.565,1716483266565,NH-DC-NM129-D06-ROCE-Leaf-8.GPU.S9825,FourHundredGigE1/0/54,190644,741765926,170364,646499048,1.84,1.59
2024/05/24 星期五 00:54:27.426,1716483267426,NH-DC-NM129-D06-ROCE-Leaf-8.GPU.S9825,FourHundredGigE1/0/54,168288,689787774,140828,531426388,0.99,0.77
2024/05/24 星期五 00:54:27.931,1716483267931,NH-DC-NM129-D06-ROCE-Leaf-8.GPU.S9825,FourHundredGigE1/0/54,0,0,0,0,0,0
2024/05/24 星期五 00:54:28.444,1716483268444,NH-DC-NM129-D06-ROCE-Leaf-8.GPU.S9825,FourHundredGigE1/0/54,397146,1605174980,585349,2234807850,3.90,5.43
2024/05/24 星期五 00:54:29.088,1716483269088,NH-DC-NM129-D06-ROCE-Leaf-8.GPU.S9825,FourHundredGigE1/0/54,0,0,0,0,0,0
2024/05/24 星期五 00:54:29.594,1716483269594,NH-DC-NM129-D06-ROCE-Leaf-8.GPU.S9825,FourHundredGigE1/0/54,289446,1152613800,877062,3454750460,2.84,8.52
2024/05/24 星期五 00:54:30.171,1716483270171,NH-DC-NM129-D06-ROCE-Leaf-8.GPU.S9825,FourHundredGigE1/0/54,137757,541258498,176746,699712484,1.17,1.49
2024/05/24 星期五 00:54:30.857,1716483270857,NH-DC-NM129-D06-ROCE-Leaf-8.GPU.S9825,FourHundredGigE1/0/54,0,0,0,0,0,0
2024/05/24 星期五 00:54:31.451,1716483271451,NH-DC-NM129-D06-ROCE-Leaf-8.GPU.S9825,FourHundredGigE1/0/54,92109,346672070,75466,273258192,0.72,0.57
2024/05/24 星期五 00:54:32.076,1716483272076,NH-DC-NM129-D06-ROCE-Leaf-8.GPU.S9825,FourHundredGigE1/0/54,0,0,0,0,0,0
2024/05/24 星期五 00:54:32.596,1716483272596,NH-DC-NM129-D06-ROCE-Leaf-8.GPU.S9825,FourHundredGigE1/0/54,203765,782014483,225488,895727916,1.88,2.14
2024/05/24 星期五 00:54:33.098,1716483273098,NH-DC-NM129-D06-ROCE-Leaf-8.GPU.S9825,FourHundredGigE1/0/54,0,0,0,0,0,0
2024/05/24 星期五 00:54:33.600,1716483273600,NH-DC-NM129-D06-ROCE-Leaf-8.GPU.S9825,FourHundredGigE1/0/54,149272,571041232,57421,192601354,1.42,0.47
2024/05/24 星期五 00:54:34.507,1716483274507,NH-DC-NM129-D06-ROCE-Leaf-8.GPU.S9825,FourHundredGigE1/0/54,115777,455159410,132869,494531426,0.62,0.68
2024/05/24 星期五 00:54:35.011,1716483275011,NH-DC-NM129-D06-ROCE-Leaf-8.GPU.S9825,FourHundredGigE1/0/54,0,0,0,0,0,0
2024/05/24 星期五 00:54:35.575,1716483275575,NH-DC-NM129-D06-ROCE-Leaf-8.GPU.S9825,FourHundredGigE1/0/54,281720,1101675500,61038,213726996,2.44,0.47
2024/05/24 星期五 00:54:36.139,1716483276139,NH-DC-NM129-D06-ROCE-Leaf-8.GPU.S9825,FourHundredGigE1/0/54,0,0,0,0,0,0
2024/05/24 星期五 00:54:36.643,1716483276643,NH-DC-NM129-D06-ROCE-Leaf-8.GPU.S9825,FourHundredGigE1/0/54,241613,919096258,211835,784454094,2.26,1.93
2024/05/24 星期五 00:54:37.214,1716483277214,NH-DC-NM129-D06-ROCE-Leaf-8.GPU.S9825,FourHundredGigE1/0/54,143732,542858736,99959,307460658,1.18,0.66
2024/05/24 星期五 00:54:38.683,1716483278683,NH-DC-NM129-D06-ROCE-Leaf-8.GPU.S9825,FourHundredGigE1/0/54,963401,3772182450,240544,629103552,3.21,0.53
2024/05/24 星期五 00:54:39.873,1716483279873,NH-DC-NM129-D06-ROCE-Leaf-8.GPU.S9825,FourHundredGigE1/0/54,0,0,0,0,0,0
2024/05/24 星期五 00:54:40.435,1716483280435,NH-DC-NM129-D06-ROCE-Leaf-8.GPU.S9825,FourHundredGigE1/0/54,432163,1603483102,88428,338565284,3.56,0.73
2024/05/24 星期五 00:54:41.133,1716483281133,NH-DC-NM129-D06-ROCE-Leaf-8.GPU.S9825,FourHundredGigE1/0/54,0,0,0,0,0,0
2024/05/24 星期五 00:54:41.696,1716483281696,NH-DC-NM129-D06-ROCE-Leaf-8.GPU.S9825,FourHundredGigE1/0/54,128703,450487894,92164,274400276,1.00,0.60
2024/05/24 星期五 00:54:42.398,1716483282398,NH-DC-NM129-D06-ROCE-Leaf-8.GPU.S9825,FourHundredGigE1/0/54,126320,456304100,97518,339912020,0.80,0.59
2024/05/24 星期五 00:54:42.997,1716483282997,NH-DC-NM129-D06-ROCE-Leaf-8.GPU.S9825,FourHundredGigE1/0/54,0,0,0,0,0,0
2024/05/24 星期五 00:54:43.502,1716483283502,NH-DC-NM129-D06-ROCE-Leaf-8.GPU.S9825,FourHundredGigE1/0/54,981354,3990063188,464895,1827272723,9.88,4.50
2024/05/24 星期五 00:54:44.001,1716483284001,NH-DC-NM129-D06-ROCE-Leaf-8.GPU.S9825,FourHundredGigE1/0/54,0,0,0,0,0,0
2024/05/24 星期五 00:54:44.683,1716483284683,NH-DC-NM129-D06-ROCE-Leaf-8.GPU.S9825,FourHundredGigE1/0/54,132846,490245468,191098,710140764,0.90,1.30
2024/05/24 星期五 00:54:45.249,1716483285249,NH-DC-NM129-D06-ROCE-Leaf-8.GPU.S9825,FourHundredGigE1/0/54,224102,891921836,172370,593873220,1.97,1.30
2024/05/24 星期五 00:54:45.925,1716483285925,NH-DC-NM129-D06-ROCE-Leaf-8.GPU.S9825,FourHundredGigE1/0/54,0,0,0,0,0,0
2024/05/24 星期五 00:54:46.509,1716483286509,NH-DC-NM129-D06-ROCE-Leaf-8.GPU.S9825,FourHundredGigE1/0/54,276494,1032171468,171000,633057452,2.20,1.35
2024/05/24 星期五 00:54:47.059,1716483287059,NH-DC-NM129-D06-ROCE-Leaf-8.GPU.S9825,FourHundredGigE1/0/54,0,0,0,0,0,0
2024/05/24 星期五 00:54:47.560,1716483287560,NH-DC-NM129-D06-ROCE-Leaf-8.GPU.S9825,FourHundredGigE1/0/54,464931,1834760382,337196,1320034229,4.57,3.29
2024/05/24 星期五 00:54:48.221,1716483288221,NH-DC-NM129-D06-ROCE-Leaf-8.GPU.S9825,FourHundredGigE1/0/54,0,0,0,0,0,0
2024/05/24 星期五 00:54:48.769,1716483288769,NH-DC-NM129-D06-ROCE-Leaf-8.GPU.S9825,FourHundredGigE1/0/54,190238,672167412,660013,2593636158,1.53,5.91
2024/05/24 星期五 00:54:49.453,1716483289453,NH-DC-NM129-D06-ROCE-Leaf-8.GPU.S9825,FourHundredGigE1/0/54,235358,883692436,118369,439648690,1.61,0.79
2024/05/24 星期五 00:54:50.081,1716483290081,NH-DC-NM129-D06-ROCE-Leaf-8.GPU.S9825,FourHundredGigE1/0/54,0,0,0,0,0,0
2024/05/24 星期五 00:54:50.583,1716483290583,NH-DC-NM129-D06-ROCE-Leaf-8.GPU.S9825,FourHundredGigE1/0/54,270399,1100857122,544705,2080889238,2.74,5.18
2024/05/24 星期五 00:54:51.192,1716483291192,NH-DC-NM129-D06-ROCE-Leaf-8.GPU.S9825,FourHundredGigE1/0/54,0,0,0,0,0,0
2024/05/24 星期五 00:54:51.737,1716483291737,NH-DC-NM129-D06-ROCE-Leaf-8.GPU.S9825,FourHundredGigE1/0/54,205756,606312084,607862,2298575768,1.38,5.25
2024/05/24 星期五 00:54:52.293,1716483292293,NH-DC-NM129-D06-ROCE-Leaf-8.GPU.S9825,FourHundredGigE1/0/54,247834,751699736,660690,2561137688,1.69,5.76
2024/05/24 星期五 00:54:52.894,1716483292894,NH-DC-NM129-D06-ROCE-Leaf-8.GPU.S9825,FourHundredGigE1/0/54,0,0,0,0,0,0
2024/05/24 星期五 00:54:53.401,1716483293401,NH-DC-NM129-D06-ROCE-Leaf-8.GPU.S9825,FourHundredGigE1/0/54,286378,1116401604,113534,420966100,2.74,1.04
2024/05/24 星期五 00:54:53.990,1716483293990,NH-DC-NM129-D06-ROCE-Leaf-8.GPU.S9825,FourHundredGigE1/0/54,0,0,0,0,0,0
2024/05/24 星期五 00:54:54.493,1716483294493,NH-DC-NM129-D06-ROCE-Leaf-8.GPU.S9825,FourHundredGigE1/0/54,247293,984008733,136190,513282924,2.44,1.27
2024/05/24 星期五 00:54:55.139,1716483295139,NH-DC-NM129-D06-ROCE-Leaf-8.GPU.S9825,FourHundredGigE1/0/54,0,0,0,0,0,0
2024/05/24 星期五 00:54:55.638,1716483295638,NH-DC-NM129-D06-ROCE-Leaf-8.GPU.S9825,FourHundredGigE1/0/54,118237,428616336,117338,413477848,1.05,1.03
2024/05/24 星期五 00:54:57.511,1716483297511,NH-DC-NM129-D06-ROCE-Leaf-8.GPU.S9825,FourHundredGigE1/0/54,302807,1132491282,484938,1814429168,0.75,1.21
2024/05/24 星期五 00:54:58.227,1716483298227,NH-DC-NM129-D06-ROCE-Leaf-8.GPU.S9825,FourHundredGigE1/0/54,143006,500823680,144859,514173702,0.87,0.89
2024/05/24 星期五 00:54:59.699,1716483299699,NH-DC-NM129-D06-ROCE-Leaf-8.GPU.S9825,FourHundredGigE1/0/54,397547,1591897906,136278,534602308,1.35,0.45
2024/05/24 星期五 00:55:00.286,1716483300286,NH-DC-NM129-D06-ROCE-Leaf-8.GPU.S9825,FourHundredGigE1/0/54,0,0,0,0,0,0
2024/05/24 星期五 00:55:00.789,1716483300789,NH-DC-NM129-D06-ROCE-Leaf-8.GPU.S9825,FourHundredGigE1/0/54,384914,1545028688,137214,516380976,3.83,1.27
2024/05/24 星期五 00:55:01.292,1716483301292,NH-DC-NM129-D06-ROCE-Leaf-8.GPU.S9825,FourHundredGigE1/0/54,191860,744543554,340907,1390716010,1.84,3.45
2024/05/24 星期五 00:55:01.893,1716483301893,NH-DC-NM129-D06-ROCE-Leaf-8.GPU.S9825,FourHundredGigE1/0/54,0,0,0,0,0,0
2024/05/24 星期五 00:55:02.613,1716483302613,NH-DC-NM129-D06-ROCE-Leaf-8.GPU.S9825,FourHundredGigE1/0/54,190149,789131232,401855,1571529750,1.35,2.73
2024/05/24 星期五 00:55:03.194,1716483303194,NH-DC-NM129-D06-ROCE-Leaf-8.GPU.S9825,FourHundredGigE1/0/54,0,0,0,0,0,0
2024/05/24 星期五 00:55:03.733,1716483303733,NH-DC-NM129-D06-ROCE-Leaf-8.GPU.S9825,FourHundredGigE1/0/54,56252,221031512,680513,2690902534,0.51,6.24
2024/05/24 星期五 00:55:04.234,1716483304234,NH-DC-NM129-D06-ROCE-Leaf-8.GPU.S9825,FourHundredGigE1/0/54,0,0,0,0,0,0
2024/05/24 星期五 00:55:04.736,1716483304736,NH-DC-NM129-D06-ROCE-Leaf-8.GPU.S9825,FourHundredGigE1/0/54,324963,1186425548,172190,680737588,2.94,1.69
2024/05/24 星期五 00:55:05.440,1716483305440,NH-DC-NM129-D06-ROCE-Leaf-8.GPU.S9825,FourHundredGigE1/0/54,471481,1855748688,98594,332162912,3.28,0.59
2024/05/24 星期五 00:55:06.206,1716483306206,NH-DC-NM129-D06-ROCE-Leaf-8.GPU.S9825,FourHundredGigE1/0/54,185535,698987638,98822,380093229,1.13,0.62
2024/05/24 星期五 00:55:06.789,1716483306789,NH-DC-NM129-D06-ROCE-Leaf-8.GPU.S9825,FourHundredGigE1/0/54,0,0,0,0,0,0
2024/05/24 星期五 00:55:07.291,1716483307291,NH-DC-NM129-D06-ROCE-Leaf-8.GPU.S9825,FourHundredGigE1/0/54,0,0,0,0,0,0
2024/05/24 星期五 00:55:07.799,1716483307799,NH-DC-NM129-D06-ROCE-Leaf-8.GPU.S9825,FourHundredGigE1/0/54,71578,290467840,235428,902502221,0.71,2.21
2024/05/24 星期五 00:55:08.360,1716483308360,NH-DC-NM129-D06-ROCE-Leaf-8.GPU.S9825,FourHundredGigE1/0/54,186247,687013734,305585,1205669900,1.52,2.67
2024/05/24 星期五 00:55:09.067,1716483309067,NH-DC-NM129-D06-ROCE-Leaf-8.GPU.S9825,FourHundredGigE1/0/54,0,0,0,0,0,0
2024/05/24 星期五 00:55:09.723,1716483309723,NH-DC-NM129-D06-ROCE-Leaf-8.GPU.S9825,FourHundredGigE1/0/54,507000,2021018960,394680,1585800455,3.85,3.01
2024/05/24 星期五 00:55:10.297,1716483310297,NH-DC-NM129-D06-ROCE-Leaf-8.GPU.S9825,FourHundredGigE1/0/54,2162155,8843270838,147859,573151916,19.25,1.24
2024/05/24 星期五 00:55:10.797,1716483310797,NH-DC-NM129-D06-ROCE-Leaf-8.GPU.S9825,FourHundredGigE1/0/54,0,0,0,0,0,0
2024/05/24 星期五 00:55:11.301,1716483311301,NH-DC-NM129-D06-ROCE-Leaf-8.GPU.S9825,FourHundredGigE1/0/54,1961124,8010541586,164175,594124627,19.87,1.46
2024/05/24 星期五 00:55:11.826,1716483311826,NH-DC-NM129-D06-ROCE-Leaf-8.GPU.S9825,FourHundredGigE1/0/54,0,0,0,0,0,0
2024/05/24 星期五 00:55:12.454,1716483312454,NH-DC-NM129-D06-ROCE-Leaf-8.GPU.S9825,FourHundredGigE1/0/54,352060,1407102118,665499,2706098096,2.79,5.37
2024/05/24 星期五 00:55:13.205,1716483313205,NH-DC-NM129-D06-ROCE-Leaf-8.GPU.S9825,FourHundredGigE1/0/54,123408,453174104,179517,704740202,0.75,1.17
2024/05/24 星期五 00:55:13.853,1716483313853,NH-DC-NM129-D06-ROCE-Leaf-8.GPU.S9825,FourHundredGigE1/0/54,0,0,0,0,0,0
2024/05/24 星期五 00:55:14.355,1716483314355,NH-DC-NM129-D06-ROCE-Leaf-8.GPU.S9825,FourHundredGigE1/0/54,178704,703905556,115670,412631738,1.74,1.02
2024/05/24 星期五 00:55:14.907,1716483314907,NH-DC-NM129-D06-ROCE-Leaf-8.GPU.S9825,FourHundredGigE1/0/54,0,0,0,0,0,0
2024/05/24 星期五 00:55:15.422,1716483315422,NH-DC-NM129-D06-ROCE-Leaf-8.GPU.S9825,FourHundredGigE1/0/54,175927,705051774,190364,753233567,1.70,1.82
2024/05/24 星期五 00:55:16.038,1716483316038,NH-DC-NM129-D06-ROCE-Leaf-8.GPU.S9825,FourHundredGigE1/0/54,301583,1225681694,294092,1121529230,2.48,2.27
2024/05/24 星期五 00:55:16.804,1716483316804,NH-DC-NM129-D06-ROCE-Leaf-8.GPU.S9825,FourHundredGigE1/0/54,0,0,0,0,0,0
2024/05/24 星期五 00:55:17.324,1716483317324,NH-DC-NM129-D06-ROCE-Leaf-8.GPU.S9825,FourHundredGigE1/0/54,0,0,0,0,0,0
2024/05/24 星期五 00:55:17.825,1716483317825,NH-DC-NM129-D06-ROCE-Leaf-8.GPU.S9825,FourHundredGigE1/0/54,255269,995071952,366052,1413772380,2.47,3.52
2024/05/24 星期五 00:55:18.340,1716483318340,NH-DC-NM129-D06-ROCE-Leaf-8.GPU.S9825,FourHundredGigE1/0/54,192423,745175168,317647,1244083122,1.80,3.01
2024/05/24 星期五 00:55:19.677,1716483319677,NH-DC-NM129-D06-ROCE-Leaf-8.GPU.S9825,FourHundredGigE1/0/54,558345,2234456334,448862,1809703523,2.08,1.68
2024/05/24 星期五 00:55:20.594,1716483320594,NH-DC-NM129-D06-ROCE-Leaf-8.GPU.S9825,FourHundredGigE1/0/54,253406,1000061970,282377,1108263998,1.36,1.50
2024/05/24 星期五 00:55:21.096,1716483321096,NH-DC-NM129-D06-ROCE-Leaf-8.GPU.S9825,FourHundredGigE1/0/54,0,0,0,0,0,0
2024/05/24 星期五 00:55:21.644,1716483321644,NH-DC-NM129-D06-ROCE-Leaf-8.GPU.S9825,FourHundredGigE1/0/54,255201,958445922,110994,426398141,2.17,0.96
2024/05/24 星期五 00:55:22.221,1716483322221,NH-DC-NM129-D06-ROCE-Leaf-8.GPU.S9825,FourHundredGigE1/0/54,0,0,0,0,0,0
2024/05/24 星期五 00:55:22.743,1716483322743,NH-DC-NM129-D06-ROCE-Leaf-8.GPU.S9825,FourHundredGigE1/0/54,113511,421269160,241287,903322452,1.01,2.16
2024/05/24 星期五 00:55:23.491,1716483323491,NH-DC-NM129-D06-ROCE-Leaf-8.GPU.S9825,FourHundredGigE1/0/54,707220,2859599924,127849,462121895,4.76,0.77
2024/05/24 星期五 00:55:24.641,1716483324641,NH-DC-NM129-D06-ROCE-Leaf-8.GPU.S9825,FourHundredGigE1/0/54,116611,465812743,49576,183006601,0.5,0.20
2024/05/24 星期五 00:55:25.326,1716483325326,NH-DC-NM129-D06-ROCE-Leaf-8.GPU.S9825,FourHundredGigE1/0/54,47313,141704686,30559,88258589,0.26,0.15
2024/05/24 星期五 00:55:25.856,1716483325856,NH-DC-NM129-D06-ROCE-Leaf-8.GPU.S9825,FourHundredGigE1/0/54,0,0,0,0,0,0
2024/05/24 星期五 00:55:27.190,1716483327190,NH-DC-NM129-D06-ROCE-Leaf-8.GPU.S9825,FourHundredGigE1/0/54,210937,773801684,328291,1256353165,0.72,1.17
2024/05/24 星期五 00:55:27.774,1716483327774,NH-DC-NM129-D06-ROCE-Leaf-8.GPU.S9825,FourHundredGigE1/0/54,0,0,0,0,0,0
2024/05/24 星期五 00:55:28.274,1716483328274,NH-DC-NM129-D06-ROCE-Leaf-8.GPU.S9825,FourHundredGigE1/0/54,175576,671176070,72715,275366982,1.68,0.68
2024/05/24 星期五 00:55:28.957,1716483328957,NH-DC-NM129-D06-ROCE-Leaf-8.GPU.S9825,FourHundredGigE1/0/54,0,0,0,0,0,0
2024/05/24 星期五 00:55:29.459,1716483329459,NH-DC-NM129-D06-ROCE-Leaf-8.GPU.S9825,FourHundredGigE1/0/54,118604,443201604,149559,533989306,1.10,1.32
2024/05/24 星期五 00:55:29.962,1716483329962,NH-DC-NM129-D06-ROCE-Leaf-8.GPU.S9825,FourHundredGigE1/0/54,402050,1610288600,253005,963966390,4.00,2.39
2024/05/24 星期五 00:55:30.935,1716483330935,NH-DC-NM129-D06-ROCE-Leaf-8.GPU.S9825,FourHundredGigE1/0/54,0,0,0,0,0,0
2024/05/24 星期五 00:55:31.462,1716483331462,NH-DC-NM129-D06-ROCE-Leaf-8.GPU.S9825,FourHundredGigE1/0/54,2094593,8544872688,131620,455838684,20.26,1.07
2024/05/24 星期五 00:55:32.102,1716483332102,NH-DC-NM129-D06-ROCE-Leaf-8.GPU.S9825,FourHundredGigE1/0/54,0,0,0,0,0,0
2024/05/24 星期五 00:55:32.677,1716483332677,NH-DC-NM129-D06-ROCE-Leaf-8.GPU.S9825,FourHundredGigE1/0/54,2380396,9733471834,88343,302067789,21.15,0.65
2024/05/24 星期五 00:55:33.177,1716483333177,NH-DC-NM129-D06-ROCE-Leaf-8.GPU.S9825,FourHundredGigE1/0/54,0,0,0,0,0,0
2024/05/24 星期五 00:55:33.679,1716483333679,NH-DC-NM129-D06-ROCE-Leaf-8.GPU.S9825,FourHundredGigE1/0/54,680888,2744559016,329153,1296148834,6.82,3.21
2024/05/24 星期五 00:55:34.651,1716483334651,NH-DC-NM129-D06-ROCE-Leaf-8.GPU.S9825,FourHundredGigE1/0/54,254351,986888314,333904,1356344068,1.26,1.74
2024/05/24 星期五 00:55:35.154,1716483335154,NH-DC-NM129-D06-ROCE-Leaf-8.GPU.S9825,FourHundredGigE1/0/54,0,0,0,0,0,0
2024/05/24 星期五 00:55:35.703,1716483335703,NH-DC-NM129-D06-ROCE-Leaf-8.GPU.S9825,FourHundredGigE1/0/54,174944,663696240,155215,590190177,1.50,1.34
2024/05/24 星期五 00:55:36.374,1716483336374,NH-DC-NM129-D06-ROCE-Leaf-8.GPU.S9825,FourHundredGigE1/0/54,204644,833056816,95882,362789051,1.55,0.67
2024/05/24 星期五 00:55:36.878,1716483336878,NH-DC-NM129-D06-ROCE-Leaf-8.GPU.S9825,FourHundredGigE1/0/54,0,0,0,0,0,0
2024/05/24 星期五 00:55:37.379,1716483337379,NH-DC-NM129-D06-ROCE-Leaf-8.GPU.S9825,FourHundredGigE1/0/54,288976,979007156,260832,948504387,2.42,2.35
2024/05/24 星期五 00:55:39.547,1716483339547,NH-DC-NM129-D06-ROCE-Leaf-8.GPU.S9825,FourHundredGigE1/0/54,212823,750166758,195363,781148246,0.43,0.45
2024/05/24 星期五 00:55:40.180,1716483340180,NH-DC-NM129-D06-ROCE-Leaf-8.GPU.S9825,FourHundredGigE1/0/54,206694,814141956,179275,688452549,1.60,1.34
2024/05/24 星期五 00:55:40.707,1716483340707,NH-DC-NM129-D06-ROCE-Leaf-8.GPU.S9825,FourHundredGigE1/0/54,0,0,0,0,0,0
2024/05/24 星期五 00:55:41.253,1716483341253,NH-DC-NM129-D06-ROCE-Leaf-8.GPU.S9825,FourHundredGigE1/0/54,508145,2058055190,509938,2026930886,4.69,4.62
2024/05/24 星期五 00:55:42.252,1716483342252,NH-DC-NM129-D06-ROCE-Leaf-8.GPU.S9825,FourHundredGigE1/0/54,251256,972019952,244125,960870270,1.21,1.20
2024/05/24 星期五 00:55:42.766,1716483342766,NH-DC-NM129-D06-ROCE-Leaf-8.GPU.S9825,FourHundredGigE1/0/54,0,0,0,0,0,0
2024/05/24 星期五 00:55:43.711,1716483343711,NH-DC-NM129-D06-ROCE-Leaf-8.GPU.S9825,FourHundredGigE1/0/54,231567,907779806,123863,450927634,1.19,0.60
2024/05/24 星期五 00:55:44.209,1716483344209,NH-DC-NM129-D06-ROCE-Leaf-8.GPU.S9825,FourHundredGigE1/0/54,0,0,0,0,0,0
2024/05/24 星期五 00:55:44.709,1716483344709,NH-DC-NM129-D06-ROCE-Leaf-8.GPU.S9825,FourHundredGigE1/0/54,946084,3775536824,314562,1139023344,9.42,2.82
2024/05/24 星期五 00:55:46.226,1716483346226,NH-DC-NM129-D06-ROCE-Leaf-8.GPU.S9825,FourHundredGigE1/0/54,0,0,0,0,0,0
2024/05/24 星期五 00:55:46.729,1716483346729,NH-DC-NM129-D06-ROCE-Leaf-8.GPU.S9825,FourHundredGigE1/0/54,164682,628047584,273808,1077093172,1.54,2.66
2024/05/24 星期五 00:55:47.243,1716483347243,NH-DC-NM129-D06-ROCE-Leaf-8.GPU.S9825,FourHundredGigE1/0/54,0,0,0,0,0,0
2024/05/24 星期五 00:55:47.745,1716483347745,NH-DC-NM129-D06-ROCE-Leaf-8.GPU.S9825,FourHundredGigE1/0/54,118874,494393178,191454,742034490,1.22,1.84
2024/05/24 星期五 00:55:48.244,1716483348244,NH-DC-NM129-D06-ROCE-Leaf-8.GPU.S9825,FourHundredGigE1/0/54,248220,980853282,324075,1300825146,2.45,3.26
2024/05/24 星期五 00:55:49.727,1716483349727,NH-DC-NM129-D06-ROCE-Leaf-8.GPU.S9825,FourHundredGigE1/0/54,147655,558645146,121806,431633570,0.46,0.36
2024/05/24 星期五 00:55:50.233,1716483350233,NH-DC-NM129-D06-ROCE-Leaf-8.GPU.S9825,FourHundredGigE1/0/54,0,0,0,0,0,0
2024/05/24 星期五 00:55:50.737,1716483350737,NH-DC-NM129-D06-ROCE-Leaf-8.GPU.S9825,FourHundredGigE1/0/54,200014,728017064,94721,334541932,1.79,0.82
2024/05/24 星期五 00:55:51.237,1716483351237,NH-DC-NM129-D06-ROCE-Leaf-8.GPU.S9825,FourHundredGigE1/0/54,0,0,0,0,0,0
2024/05/24 星期五 00:55:51.739,1716483351739,NH-DC-NM129-D06-ROCE-Leaf-8.GPU.S9825,FourHundredGigE1/0/54,230462,918748814,121708,455025762,2.27,1.12
2024/05/24 星期五 00:55:52.489,1716483352489,NH-DC-NM129-D06-ROCE-Leaf-8.GPU.S9825,FourHundredGigE1/0/54,162757,653868328,232066,882494025,1.08,1.47
2024/05/24 星期五 00:55:53.176,1716483353176,NH-DC-NM129-D06-ROCE-Leaf-8.GPU.S9825,FourHundredGigE1/0/54,0,0,0,0,0,0
2024/05/24 星期五 00:55:53.741,1716483353741,NH-DC-NM129-D06-ROCE-Leaf-8.GPU.S9825,FourHundredGigE1/0/54,104209,413192248,122855,448918611,0.91,0.97
2024/05/24 星期五 00:55:54.292,1716483354292,NH-DC-NM129-D06-ROCE-Leaf-8.GPU.S9825,FourHundredGigE1/0/54,0,0,0,0,0,0
2024/05/24 星期五 00:55:54.793,1716483354793,NH-DC-NM129-D06-ROCE-Leaf-8.GPU.S9825,FourHundredGigE1/0/54,211742,854874880,210058,547554442,2.12,1.35
2024/05/24 星期五 00:55:55.294,1716483355294,NH-DC-NM129-D06-ROCE-Leaf-8.GPU.S9825,FourHundredGigE1/0/54,377260,1550182282,372299,1239300178,3.87,3.07
2024/05/24 星期五 00:55:56.019,1716483356019,NH-DC-NM129-D06-ROCE-Leaf-8.GPU.S9825,FourHundredGigE1/0/54,186975,738398692,187865,530873002,1.26,0.91
2024/05/24 星期五 00:55:56.793,1716483356793,NH-DC-NM129-D06-ROCE-Leaf-8.GPU.S9825,FourHundredGigE1/0/54,0,0,0,0,0,0
2024/05/24 星期五 00:55:57.421,1716483357421,NH-DC-NM129-D06-ROCE-Leaf-8.GPU.S9825,FourHundredGigE1/0/54,54203,202159968,94913,266057685,0.40,0.52
2024/05/24 星期五 00:55:58.070,1716483358070,NH-DC-NM129-D06-ROCE-Leaf-8.GPU.S9825,FourHundredGigE1/0/54,0,0,0,0,0,0
2024/05/24 星期五 00:55:58.662,1716483358662,NH-DC-NM129-D06-ROCE-Leaf-8.GPU.S9825,FourHundredGigE1/0/54,63244,214266190,188810,405105727,0.44,0.84
2024/05/24 星期五 00:55:59.276,1716483359276,NH-DC-NM129-D06-ROCE-Leaf-8.GPU.S9825,FourHundredGigE1/0/54,167371,668502338,151217,350840798,1.34,0.71
2024/05/24 星期五 00:56:00.221,1716483360221,NH-DC-NM129-D06-ROCE-Leaf-8.GPU.S9825,FourHundredGigE1/0/54,0,0,0,0,0,0
2024/05/24 星期五 00:56:00.723,1716483360723,NH-DC-NM129-D06-ROCE-Leaf-8.GPU.S9825,FourHundredGigE1/0/54,253299,1027528198,108817,364969326,2.54,0.90
2024/05/24 星期五 00:56:01.374,1716483361374,NH-DC-NM129-D06-ROCE-Leaf-8.GPU.S9825,FourHundredGigE1/0/54,166456,657362228,150143,607449566,1.25,1.15
2024/05/24 星期五 00:56:01.896,1716483361896,NH-DC-NM129-D06-ROCE-Leaf-8.GPU.S9825,FourHundredGigE1/0/54,0,0,0,0,0,0
2024/05/24 星期五 00:56:02.397,1716483362397,NH-DC-NM129-D06-ROCE-Leaf-8.GPU.S9825,FourHundredGigE1/0/54,267727,1038609538,472983,1785158314,2.57,4.44
2024/05/24 星期五 00:56:02.983,1716483362983,NH-DC-NM129-D06-ROCE-Leaf-8.GPU.S9825,FourHundredGigE1/0/54,202473,799509578,787726,3059043718,1.69,6.51
2024/05/24 星期五 00:56:03.906,1716483363906,NH-DC-NM129-D06-ROCE-Leaf-8.GPU.S9825,FourHundredGigE1/0/54,0,0,0,0,0,0
2024/05/24 星期五 00:56:04.440,1716483364440,NH-DC-NM129-D06-ROCE-Leaf-8.GPU.S9825,FourHundredGigE1/0/54,206464,802582924,2780481,11336463524,1.87,26.52
2024/05/24 星期五 00:56:05.001,1716483365001,NH-DC-NM129-D06-ROCE-Leaf-8.GPU.S9825,FourHundredGigE1/0/54,0,0,0,0,0,0
2024/05/24 星期五 00:56:06.341,1716483366341,NH-DC-NM129-D06-ROCE-Leaf-8.GPU.S9825,FourHundredGigE1/0/54,538866,2060612140,2260548,9148997718,1.92,8.53
2024/05/24 星期五 00:56:07.064,1716483367064,NH-DC-NM129-D06-ROCE-Leaf-8.GPU.S9825,FourHundredGigE1/0/54,0,0,0,0,0,0
2024/05/24 星期五 00:56:07.675,1716483367675,NH-DC-NM129-D06-ROCE-Leaf-8.GPU.S9825,FourHundredGigE1/0/54,168037,620032262,285488,1090284807,1.27,2.23
2024/05/24 星期五 00:56:08.286,1716483368286,NH-DC-NM129-D06-ROCE-Leaf-8.GPU.S9825,FourHundredGigE1/0/54,232636,846210100,216343,798499789,1.72,1.62
2024/05/24 星期五 00:56:08.804,1716483368804,NH-DC-NM129-D06-ROCE-Leaf-8.GPU.S9825,FourHundredGigE1/0/54,0,0,0,0,0,0
2024/05/24 星期五 00:56:09.305,1716483369305,NH-DC-NM129-D06-ROCE-Leaf-8.GPU.S9825,FourHundredGigE1/0/54,184850,643338988,261524,928931530,1.60,2.30
2024/05/24 星期五 00:56:09.842,1716483369842,NH-DC-NM129-D06-ROCE-Leaf-8.GPU.S9825,FourHundredGigE1/0/54,0,0,0,0,0,0
2024/05/24 星期五 00:56:10.614,1716483370614,NH-DC-NM129-D06-ROCE-Leaf-8.GPU.S9825,FourHundredGigE1/0/54,284578,993397812,101771,345029120,1.60,0.55
2024/05/24 星期五 00:56:11.232,1716483371232,NH-DC-NM129-D06-ROCE-Leaf-8.GPU.S9825,FourHundredGigE1/0/54,130765,483251133,196649,719021422,0.97,1.44
2024/05/24 星期五 00:56:11.799,1716483371799,NH-DC-NM129-D06-ROCE-Leaf-8.GPU.S9825,FourHundredGigE1/0/54,0,0,0,0,0,0
2024/05/24 星期五 00:56:16.016,1716483376016,NH-DC-NM129-D06-ROCE-Leaf-8.GPU.S9825,FourHundredGigE1/0/54,1225542,4797530646,715485,2610318670,1.42,0.77
2024/05/24 星期五 00:56:16.517,1716483376517,NH-DC-NM129-D06-ROCE-Leaf-8.GPU.S9825,FourHundredGigE1/0/54,211403,773411226,86421,297259172,1.92,0.72
2024/05/24 星期五 00:56:17.303,1716483377303,NH-DC-NM129-D06-ROCE-Leaf-8.GPU.S9825,FourHundredGigE1/0/54,98042,333268048,307750,1234529762,0.52,1.96
2024/05/24 星期五 00:56:17.976,1716483377976,NH-DC-NM129-D06-ROCE-Leaf-8.GPU.S9825,FourHundredGigE1/0/54,0,0,0,0,0,0
2024/05/24 星期五 00:56:18.506,1716483378506,NH-DC-NM129-D06-ROCE-Leaf-8.GPU.S9825,FourHundredGigE1/0/54,159013,598446858,131110,509437008,1.39,1.18
2024/05/24 星期五 00:56:19.572,1716483379572,NH-DC-NM129-D06-ROCE-Leaf-8.GPU.S9825,FourHundredGigE1/0/54,336390,1356411608,151660,593378060,1.58,0.69
2024/05/24 星期五 00:56:20.182,1716483380182,NH-DC-NM129-D06-ROCE-Leaf-8.GPU.S9825,FourHundredGigE1/0/54,100104,367844916,242190,939750184,0.74,1.91
2024/05/24 星期五 00:56:20.812,1716483380812,NH-DC-NM129-D06-ROCE-Leaf-8.GPU.S9825,FourHundredGigE1/0/54,0,0,0,0,0,0
2024/05/24 星期五 00:56:21.585,1716483381585,NH-DC-NM129-D06-ROCE-Leaf-8.GPU.S9825,FourHundredGigE1/0/54,220763,899493174,492168,1914319568,1.44,3.09
2024/05/24 星期五 00:56:22.086,1716483382086,NH-DC-NM129-D06-ROCE-Leaf-8.GPU.S9825,FourHundredGigE1/0/54,0,0,0,0,0,0
2024/05/24 星期五 00:56:22.591,1716483382591,NH-DC-NM129-D06-ROCE-Leaf-8.GPU.S9825,FourHundredGigE1/0/54,92736,356313436,159299,578157474,0.87,1.41
2024/05/24 星期五 00:56:23.188,1716483383188,NH-DC-NM129-D06-ROCE-Leaf-8.GPU.S9825,FourHundredGigE1/0/54,0,0,0,0,0,0
2024/05/24 星期五 00:56:23.689,1716483383689,NH-DC-NM129-D06-ROCE-Leaf-8.GPU.S9825,FourHundredGigE1/0/54,380983,1466942850,132798,513518324,3.64,1.27
2024/05/24 星期五 00:56:24.395,1716483384395,NH-DC-NM129-D06-ROCE-Leaf-8.GPU.S9825,FourHundredGigE1/0/54,384652,1566567691,228443,894510646,2.76,1.58
2024/05/24 星期五 00:56:25.045,1716483385045,NH-DC-NM129-D06-ROCE-Leaf-8.GPU.S9825,FourHundredGigE1/0/54,0,0,0,0,0,0
2024/05/24 星期五 00:56:25.577,1716483385577,NH-DC-NM129-D06-ROCE-Leaf-8.GPU.S9825,FourHundredGigE1/0/54,109506,408838726,128512,478196920,0.94,1.10
2024/05/24 星期五 00:56:26.123,1716483386123,NH-DC-NM129-D06-ROCE-Leaf-8.GPU.S9825,FourHundredGigE1/0/54,0,0,0,0,0,0
2024/05/24 星期五 00:56:26.642,1716483386642,NH-DC-NM129-D06-ROCE-Leaf-8.GPU.S9825,FourHundredGigE1/0/54,375216,1488131118,137203,438637554,3.56,1.04
2024/05/24 星期五 00:56:27.244,1716483387244,NH-DC-NM129-D06-ROCE-Leaf-8.GPU.S9825,FourHundredGigE1/0/54,198965,748161468,553061,2221727662,1.54,4.61
2024/05/24 星期五 00:56:27.793,1716483387793,NH-DC-NM129-D06-ROCE-Leaf-8.GPU.S9825,FourHundredGigE1/0/54,0,0,0,0,0,0
2024/05/24 星期五 00:56:28.612,1716483388612,NH-DC-NM129-D06-ROCE-Leaf-8.GPU.S9825,FourHundredGigE1/0/54,350573,1377492778,307509,1179238950,2.09,1.79
2024/05/24 星期五 00:56:29.113,1716483389113,NH-DC-NM129-D06-ROCE-Leaf-8.GPU.S9825,FourHundredGigE1/0/54,0,0,0,0,0,0
2024/05/24 星期五 00:56:29.614,1716483389614,NH-DC-NM129-D06-ROCE-Leaf-8.GPU.S9825,FourHundredGigE1/0/54,133206,510410212,205469,783801058,1.27,1.95
2024/05/24 星期五 00:56:30.260,1716483390260,NH-DC-NM129-D06-ROCE-Leaf-8.GPU.S9825,FourHundredGigE1/0/54,139906,560243024,118247,456376942,1.08,0.87
2024/05/24 星期五 00:56:30.894,1716483390894,NH-DC-NM129-D06-ROCE-Leaf-8.GPU.S9825,FourHundredGigE1/0/54,0,0,0,0,0,0
2024/05/24 星期五 00:56:31.395,1716483391395,NH-DC-NM129-D06-ROCE-Leaf-8.GPU.S9825,FourHundredGigE1/0/54,242645,918611174,533437,1957269846,2.27,4.87
2024/05/24 星期五 00:56:32.121,1716483392121,NH-DC-NM129-D06-ROCE-Leaf-8.GPU.S9825,FourHundredGigE1/0/54,0,0,0,0,0,0
2024/05/24 星期五 00:56:32.655,1716483392655,NH-DC-NM129-D06-ROCE-Leaf-8.GPU.S9825,FourHundredGigE1/0/54,161667,613459538,193393,604219078,1.43,1.40
2024/05/24 星期五 00:56:33.220,1716483393220,NH-DC-NM129-D06-ROCE-Leaf-8.GPU.S9825,FourHundredGigE1/0/54,0,0,0,0,0,0
2024/05/24 星期五 00:56:35.443,1716483395443,NH-DC-NM129-D06-ROCE-Leaf-8.GPU.S9825,FourHundredGigE1/0/54,482556,1894931480,1237606,4714541296,1.06,2.65
2024/05/24 星期五 00:56:36.015,1716483396015,NH-DC-NM129-D06-ROCE-Leaf-8.GPU.S9825,FourHundredGigE1/0/54,0,0,0,0,0,0
2024/05/24 星期五 00:56:36.551,1716483396551,NH-DC-NM129-D06-ROCE-Leaf-8.GPU.S9825,FourHundredGigE1/0/54,253224,963334688,426106,1699511312,2.24,3.94
2024/05/24 星期五 00:56:37.102,1716483397102,NH-DC-NM129-D06-ROCE-Leaf-8.GPU.S9825,FourHundredGigE1/0/54,303669,1010276948,319973,1240272902,2.29,2.81
2024/05/24 星期五 00:56:38.438,1716483398438,NH-DC-NM129-D06-ROCE-Leaf-8.GPU.S9825,FourHundredGigE1/0/54,170828,664051486,97426,375778404,0.62,0.35
2024/05/24 星期五 00:56:39.715,1716483399715,NH-DC-NM129-D06-ROCE-Leaf-8.GPU.S9825,FourHundredGigE1/0/54,137429,481997462,222837,826189306,0.47,0.80
2024/05/24 星期五 00:56:40.397,1716483400397,NH-DC-NM129-D06-ROCE-Leaf-8.GPU.S9825,FourHundredGigE1/0/54,248727,918710696,198832,717828600,1.67,1.30
2024/05/24 星期五 00:56:40.972,1716483400972,NH-DC-NM129-D06-ROCE-Leaf-8.GPU.S9825,FourHundredGigE1/0/54,0,0,0,0,0,0
2024/05/24 星期五 00:56:41.601,1716483401601,NH-DC-NM129-D06-ROCE-Leaf-8.GPU.S9825,FourHundredGigE1/0/54,437926,1618730158,156983,576486006,3.20,1.13
2024/05/24 星期五 00:56:42.177,1716483402177,NH-DC-NM129-D06-ROCE-Leaf-8.GPU.S9825,FourHundredGigE1/0/54,0,0,0,0,0,0
2024/05/24 星期五 00:56:42.679,1716483402679,NH-DC-NM129-D06-ROCE-Leaf-8.GPU.S9825,FourHundredGigE1/0/54,243414,964496792,313125,1214462730,2.39,3.01
2024/05/24 星期五 00:56:43.248,1716483403248,NH-DC-NM129-D06-ROCE-Leaf-8.GPU.S9825,FourHundredGigE1/0/54,65842,191050684,105658,314236922,0.42,0.68
2024/05/24 星期五 00:56:43.929,1716483403929,NH-DC-NM129-D06-ROCE-Leaf-8.GPU.S9825,FourHundredGigE1/0/54,0,0,0,0,0,0
2024/05/24 星期五 00:56:44.468,1716483404468,NH-DC-NM129-D06-ROCE-Leaf-8.GPU.S9825,FourHundredGigE1/0/54,164159,620185634,156034,477042208,1.44,1.09
2024/05/24 星期五 00:56:45.040,1716483405040,NH-DC-NM129-D06-ROCE-Leaf-8.GPU.S9825,FourHundredGigE1/0/54,113099,412569786,110399,381691094,0.90,0.83
2024/05/24 星期五 00:56:45.736,1716483405736,NH-DC-NM129-D06-ROCE-Leaf-8.GPU.S9825,FourHundredGigE1/0/54,0,0,0,0,0,0
2024/05/24 星期五 00:56:46.275,1716483406275,NH-DC-NM129-D06-ROCE-Leaf-8.GPU.S9825,FourHundredGigE1/0/54,254309,1016891274,70317,253232506,2.34,0.58
2024/05/24 星期五 00:56:46.856,1716483406856,NH-DC-NM129-D06-ROCE-Leaf-8.GPU.S9825,FourHundredGigE1/0/54,0,0,0,0,0,0
2024/05/24 星期五 00:56:47.457,1716483407457,NH-DC-NM129-D06-ROCE-Leaf-8.GPU.S9825,FourHundredGigE1/0/54,141687,517586062,137087,511135174,1.06,1.06
2024/05/24 星期五 00:56:47.998,1716483407998,NH-DC-NM129-D06-ROCE-Leaf-8.GPU.S9825,FourHundredGigE1/0/54,0,0,0,0,0,0
2024/05/24 星期五 00:56:48.573,1716483408573,NH-DC-NM129-D06-ROCE-Leaf-8.GPU.S9825,FourHundredGigE1/0/54,73925,211693886,135725,500960422,0.46,1.09
2024/05/24 星期五 00:56:49.129,1716483409129,NH-DC-NM129-D06-ROCE-Leaf-8.GPU.S9825,FourHundredGigE1/0/54,0,0,0,0,0,0
2024/05/24 星期五 00:56:49.643,1716483409643,NH-DC-NM129-D06-ROCE-Leaf-8.GPU.S9825,FourHundredGigE1/0/54,114564,402225956,134438,478345876,0.97,1.14
2024/05/24 星期五 00:56:50.271,1716483410271,NH-DC-NM129-D06-ROCE-Leaf-8.GPU.S9825,FourHundredGigE1/0/54,44311,97778462,777414,3078043956,0.18,6.11
2024/05/24 星期五 00:56:50.832,1716483410832,NH-DC-NM129-D06-ROCE-Leaf-8.GPU.S9825,FourHundredGigE1/0/54,0,0,0,0,0,0
2024/05/24 星期五 00:56:52.050,1716483412050,NH-DC-NM129-D06-ROCE-Leaf-8.GPU.S9825,FourHundredGigE1/0/54,142683,540725202,865640,3494372120,0.55,3.58
2024/05/24 星期五 00:56:52.557,1716483412557,NH-DC-NM129-D06-ROCE-Leaf-8.GPU.S9825,FourHundredGigE1/0/54,288083,1149520542,99442,279665348,2.81,0.67
2024/05/24 星期五 00:56:53.158,1716483413158,NH-DC-NM129-D06-ROCE-Leaf-8.GPU.S9825,FourHundredGigE1/0/54,0,0,0,0,0,0
2024/05/24 星期五 00:56:53.661,1716483413661,NH-DC-NM129-D06-ROCE-Leaf-8.GPU.S9825,FourHundredGigE1/0/54,290520,1159590020,351462,1382801842,2.86,3.43
2024/05/24 星期五 00:56:54.291,1716483414291,NH-DC-NM129-D06-ROCE-Leaf-8.GPU.S9825,FourHundredGigE1/0/54,82572,286406557,223869,857575280,0.56,1.69
2024/05/24 星期五 00:56:54.875,1716483414875,NH-DC-NM129-D06-ROCE-Leaf-8.GPU.S9825,FourHundredGigE1/0/54,0,0,0,0,0,0
2024/05/24 星期五 00:56:55.376,1716483415376,NH-DC-NM129-D06-ROCE-Leaf-8.GPU.S9825,FourHundredGigE1/0/54,289157,1030245034,66321,253725162,2.57,0.62
2024/05/24 星期五 00:56:56.005,1716483416005,NH-DC-NM129-D06-ROCE-Leaf-8.GPU.S9825,FourHundredGigE1/0/54,0,0,0,0,0,0
2024/05/24 星期五 00:56:56.591,1716483416591,NH-DC-NM129-D06-ROCE-Leaf-8.GPU.S9825,FourHundredGigE1/0/54,283865,1141686290,227723,894791388,2.43,1.90
2024/05/24 星期五 00:56:57.119,1716483417119,NH-DC-NM129-D06-ROCE-Leaf-8.GPU.S9825,FourHundredGigE1/0/54,0,0,0,0,0,0
2024/05/24 星期五 00:56:57.727,1716483417727,NH-DC-NM129-D06-ROCE-Leaf-8.GPU.S9825,FourHundredGigE1/0/54,66071,116237638,132211,496376060,0.23,1.01
2024/05/24 星期五 00:56:58.354,1716483418354,NH-DC-NM129-D06-ROCE-Leaf-8.GPU.S9825,FourHundredGigE1/0/54,160560,637690836,126011,438378950,1.26,0.86
2024/05/24 星期五 00:56:59.050,1716483419050,NH-DC-NM129-D06-ROCE-Leaf-8.GPU.S9825,FourHundredGigE1/0/54,0,0,0,0,0,0
2024/05/24 星期五 00:56:59.592,1716483419592,NH-DC-NM129-D06-ROCE-Leaf-8.GPU.S9825,FourHundredGigE1/0/54,179411,682468466,267676,1037644764,1.57,2.38
2024/05/24 星期五 00:57:00.170,1716483420170,NH-DC-NM129-D06-ROCE-Leaf-8.GPU.S9825,FourHundredGigE1/0/54,229164,866438502,215251,829820304,1.86,1.77
2024/05/24 星期五 00:57:00.825,1716483420825,NH-DC-NM129-D06-ROCE-Leaf-8.GPU.S9825,FourHundredGigE1/0/54,0,0,0,0,0,0
2024/05/24 星期五 00:57:01.424,1716483421424,NH-DC-NM129-D06-ROCE-Leaf-8.GPU.S9825,FourHundredGigE1/0/54,273698,1074865086,343581,1364274276,2.23,2.84
2024/05/24 星期五 00:57:01.997,1716483421997,NH-DC-NM129-D06-ROCE-Leaf-8.GPU.S9825,FourHundredGigE1/0/54,0,0,0,0,0,0
2024/05/24 星期五 00:57:02.559,1716483422559,NH-DC-NM129-D06-ROCE-Leaf-8.GPU.S9825,FourHundredGigE1/0/54,193502,686864370,415248,1654085824,1.51,3.67
2024/05/24 星期五 00:57:03.088,1716483423088,NH-DC-NM129-D06-ROCE-Leaf-8.GPU.S9825,FourHundredGigE1/0/54,0,0,0,0,0,0
2024/05/24 星期五 00:57:03.667,1716483423667,NH-DC-NM129-D06-ROCE-Leaf-8.GPU.S9825,FourHundredGigE1/0/54,226024,861607906,270026,1044701124,1.86,2.25
2024/05/24 星期五 00:57:04.335,1716483424335,NH-DC-NM129-D06-ROCE-Leaf-8.GPU.S9825,FourHundredGigE1/0/54,337668,1307157144,190803,699036266,2.43,1.29
2024/05/24 星期五 00:57:04.898,1716483424898,NH-DC-NM129-D06-ROCE-Leaf-8.GPU.S9825,FourHundredGigE1/0/54,0,0,0,0,0,0
2024/05/24 星期五 00:57:05.493,1716483425493,NH-DC-NM129-D06-ROCE-Leaf-8.GPU.S9825,FourHundredGigE1/0/54,124491,463227326,136403,525533814,0.97,1.09
2024/05/24 星期五 00:57:06.062,1716483426062,NH-DC-NM129-D06-ROCE-Leaf-8.GPU.S9825,FourHundredGigE1/0/54,0,0,0,0,0,0
2024/05/24 星期五 00:57:06.635,1716483426635,NH-DC-NM129-D06-ROCE-Leaf-8.GPU.S9825,FourHundredGigE1/0/54,394234,1604576160,45394,144639428,3.49,0.31
2024/05/24 星期五 00:57:07.219,1716483427219,NH-DC-NM129-D06-ROCE-Leaf-8.GPU.S9825,FourHundredGigE1/0/54,0,0,0,0,0,0
2024/05/24 星期五 00:57:07.746,1716483427746,NH-DC-NM129-D06-ROCE-Leaf-8.GPU.S9825,FourHundredGigE1/0/54,129450,490640484,77338,295512716,1.16,0.69
2024/05/24 星期五 00:57:08.309,1716483428309,NH-DC-NM129-D06-ROCE-Leaf-8.GPU.S9825,FourHundredGigE1/0/54,256928,1004942072,207137,656881362,2.22,1.44
2024/05/24 星期五 00:57:08.888,1716483428888,NH-DC-NM129-D06-ROCE-Leaf-8.GPU.S9825,FourHundredGigE1/0/54,0,0,0,0,0,0
2024/05/24 星期五 00:57:09.406,1716483429406,NH-DC-NM129-D06-ROCE-Leaf-8.GPU.S9825,FourHundredGigE1/0/54,277528,1133190836,114501,354094742,2.73,0.84
2024/05/24 星期五 00:57:09.955,1716483429955,NH-DC-NM129-D06-ROCE-Leaf-8.GPU.S9825,FourHundredGigE1/0/54,0,0,0,0,0,0
2024/05/24 星期五 00:57:10.610,1716483430610,NH-DC-NM129-D06-ROCE-Leaf-8.GPU.S9825,FourHundredGigE1/0/54,95601,381747650,102662,377704584,0.73,0.71
2024/05/24 星期五 00:57:11.179,1716483431179,NH-DC-NM129-D06-ROCE-Leaf-8.GPU.S9825,FourHundredGigE1/0/54,0,0,0,0,0,0
2024/05/24 星期五 00:57:11.677,1716483431677,NH-DC-NM129-D06-ROCE-Leaf-8.GPU.S9825,FourHundredGigE1/0/54,114948,445526272,84197,313883242,1.10,0.78
2024/05/24 星期五 00:57:12.243,1716483432243,NH-DC-NM129-D06-ROCE-Leaf-8.GPU.S9825,FourHundredGigE1/0/54,133172,403693192,127751,461711450,0.88,1.02
2024/05/24 星期五 00:57:12.773,1716483432773,NH-DC-NM129-D06-ROCE-Leaf-8.GPU.S9825,FourHundredGigE1/0/54,0,0,0,0,0,0
2024/05/24 星期五 00:57:13.284,1716483433284,NH-DC-NM129-D06-ROCE-Leaf-8.GPU.S9825,FourHundredGigE1/0/54,682616,2355942568,152667,546224030,5.75,1.32
2024/05/24 星期五 00:57:13.858,1716483433858,NH-DC-NM129-D06-ROCE-Leaf-8.GPU.S9825,FourHundredGigE1/0/54,0,0,0,0,0,0
2024/05/24 星期五 00:57:14.507,1716483434507,NH-DC-NM129-D06-ROCE-Leaf-8.GPU.S9825,FourHundredGigE1/0/54,169586,402661040,203451,524879710,0.77,1.00
2024/05/24 星期五 00:57:15.073,1716483435073,NH-DC-NM129-D06-ROCE-Leaf-8.GPU.S9825,FourHundredGigE1/0/54,0,0,0,0,0,0
2024/05/24 星期五 00:57:15.603,1716483435603,NH-DC-NM129-D06-ROCE-Leaf-8.GPU.S9825,FourHundredGigE1/0/54,80931,201221467,752443,2987933714,0.47,7.03
2024/05/24 星期五 00:57:16.216,1716483436216,NH-DC-NM129-D06-ROCE-Leaf-8.GPU.S9825,FourHundredGigE1/0/54,215523,750961806,1108863,4512709738,1.53,9.20
2024/05/24 星期五 00:57:16.763,1716483436763,NH-DC-NM129-D06-ROCE-Leaf-8.GPU.S9825,FourHundredGigE1/0/54,0,0,0,0,0,0
2024/05/24 星期五 00:57:17.346,1716483437346,NH-DC-NM129-D06-ROCE-Leaf-8.GPU.S9825,FourHundredGigE1/0/54,574477,2228688218,1009633,4110000446,4.76,8.81
2024/05/24 星期五 00:57:17.929,1716483437929,NH-DC-NM129-D06-ROCE-Leaf-8.GPU.S9825,FourHundredGigE1/0/54,0,0,0,0,0,0
2024/05/24 星期五 00:57:18.701,1716483438701,NH-DC-NM129-D06-ROCE-Leaf-8.GPU.S9825,FourHundredGigE1/0/54,258679,1011024930,1061442,4339772982,1.64,7.01
2024/05/24 星期五 00:57:19.768,1716483439768,NH-DC-NM129-D06-ROCE-Leaf-8.GPU.S9825,FourHundredGigE1/0/54,142987,582622970,361440,1468041342,0.68,1.71
2024/05/24 星期五 00:57:20.343,1716483440343,NH-DC-NM129-D06-ROCE-Leaf-8.GPU.S9825,FourHundredGigE1/0/54,592931,2278010464,248521,995445974,4.93,2.15
2024/05/24 星期五 00:57:21.027,1716483441027,NH-DC-NM129-D06-ROCE-Leaf-8.GPU.S9825,FourHundredGigE1/0/54,0,0,0,0,0,0
2024/05/24 星期五 00:57:21.571,1716483441571,NH-DC-NM129-D06-ROCE-Leaf-8.GPU.S9825,FourHundredGigE1/0/54,149677,570466466,356691,1440526616,1.31,3.31
2024/05/24 星期五 00:57:22.147,1716483442147,NH-DC-NM129-D06-ROCE-Leaf-8.GPU.S9825,FourHundredGigE1/0/54,0,0,0,0,0,0
2024/05/24 星期五 00:57:22.646,1716483442646,NH-DC-NM129-D06-ROCE-Leaf-8.GPU.S9825,FourHundredGigE1/0/54,223459,855421916,272190,1078887926,2.13,2.68
2024/05/24 星期五 00:57:23.319,1716483443319,NH-DC-NM129-D06-ROCE-Leaf-8.GPU.S9825,FourHundredGigE1/0/54,152494,577033420,116145,397415379,1.06,0.72
2024/05/24 星期五 00:57:23.935,1716483443935,NH-DC-NM129-D06-ROCE-Leaf-8.GPU.S9825,FourHundredGigE1/0/54,0,0,0,0,0,0
2024/05/24 星期五 00:57:24.557,1716483444557,NH-DC-NM129-D06-ROCE-Leaf-8.GPU.S9825,FourHundredGigE1/0/54,416689,1704999891,343971,1340989714,3.42,2.69
2024/05/24 星期五 00:57:25.124,1716483445124,NH-DC-NM129-D06-ROCE-Leaf-8.GPU.S9825,FourHundredGigE1/0/54,0,0,0,0,0,0
2024/05/24 星期五 00:57:25.680,1716483445680,NH-DC-NM129-D06-ROCE-Leaf-8.GPU.S9825,FourHundredGigE1/0/54,133606,527353852,161005,612730410,1.17,1.37
2024/05/24 星期五 00:57:26.181,1716483446181,NH-DC-NM129-D06-ROCE-Leaf-8.GPU.S9825,FourHundredGigE1/0/54,0,0,0,0,0,0
2024/05/24 星期五 00:57:26.734,1716483446734,NH-DC-NM129-D06-ROCE-Leaf-8.GPU.S9825,FourHundredGigE1/0/54,286118,1112287032,148767,537970990,2.51,1.20
2024/05/24 星期五 00:57:27.415,1716483447415,NH-DC-NM129-D06-ROCE-Leaf-8.GPU.S9825,FourHundredGigE1/0/54,870784,3515280112,562639,2264412840,6.44,4.15
2024/05/24 星期五 00:57:28.009,1716483448009,NH-DC-NM129-D06-ROCE-Leaf-8.GPU.S9825,FourHundredGigE1/0/54,0,0,0,0,0,0
2024/05/24 星期五 00:57:28.712,1716483448712,NH-DC-NM129-D06-ROCE-Leaf-8.GPU.S9825,FourHundredGigE1/0/54,385977,1514086547,322045,1283585240,2.68,2.28
2024/05/24 星期五 00:57:29.235,1716483449235,NH-DC-NM129-D06-ROCE-Leaf-8.GPU.S9825,FourHundredGigE1/0/54,0,0,0,0,0,0
2024/05/24 星期五 00:57:29.734,1716483449734,NH-DC-NM129-D06-ROCE-Leaf-8.GPU.S9825,FourHundredGigE1/0/54,234342,929282408,133375,436672946,2.30,1.08
2024/05/24 星期五 00:57:30.452,1716483450452,NH-DC-NM129-D06-ROCE-Leaf-8.GPU.S9825,FourHundredGigE1/0/54,100811,394636994,87750,288681916,0.68,0.49
2024/05/24 星期五 00:57:31.179,1716483451179,NH-DC-NM129-D06-ROCE-Leaf-8.GPU.S9825,FourHundredGigE1/0/54,0,0,0,0,0,0
2024/05/24 星期五 00:57:32.227,1716483452227,NH-DC-NM129-D06-ROCE-Leaf-8.GPU.S9825,FourHundredGigE1/0/54,312140,1256647736,169625,671104074,1.49,0.80
2024/05/24 星期五 00:57:32.730,1716483452730,NH-DC-NM129-D06-ROCE-Leaf-8.GPU.S9825,FourHundredGigE1/0/54,66057,256427718,184784,745331520,0.62,1.84
2024/05/24 星期五 00:57:33.256,1716483453256,NH-DC-NM129-D06-ROCE-Leaf-8.GPU.S9825,FourHundredGigE1/0/54,76780,249870108,69311,217976714,0.57,0.50
2024/05/24 星期五 00:57:33.932,1716483453932,NH-DC-NM129-D06-ROCE-Leaf-8.GPU.S9825,FourHundredGigE1/0/54,0,0,0,0,0,0
2024/05/24 星期五 00:57:34.675,1716483454675,NH-DC-NM129-D06-ROCE-Leaf-8.GPU.S9825,FourHundredGigE1/0/54,303433,1208026166,101701,381852162,2.02,0.64
2024/05/24 星期五 00:57:35.253,1716483455253,NH-DC-NM129-D06-ROCE-Leaf-8.GPU.S9825,FourHundredGigE1/0/54,152484,626183996,86212,330958644,1.34,0.71
2024/05/24 星期五 00:57:35.882,1716483455882,NH-DC-NM129-D06-ROCE-Leaf-8.GPU.S9825,FourHundredGigE1/0/54,0,0,0,0,0,0
2024/05/24 星期五 00:57:36.383,1716483456383,NH-DC-NM129-D06-ROCE-Leaf-8.GPU.S9825,FourHundredGigE1/0/54,102274,363758904,112606,422762716,0.90,1.05
2024/05/24 星期五 00:57:36.906,1716483456906,NH-DC-NM129-D06-ROCE-Leaf-8.GPU.S9825,FourHundredGigE1/0/54,85059,313329166,130155,495703306,0.74,1.17
2024/05/24 星期五 00:57:38.085,1716483458085,NH-DC-NM129-D06-ROCE-Leaf-8.GPU.S9825,FourHundredGigE1/0/54,395436,1565490230,390820,1525748272,1.65,1.61
2024/05/24 星期五 00:57:39.731,1716483459731,NH-DC-NM129-D06-ROCE-Leaf-8.GPU.S9825,FourHundredGigE1/0/54,174791,420919204,100558,376094788,0.32,0.28
2024/05/24 星期五 00:57:40.286,1716483460286,NH-DC-NM129-D06-ROCE-Leaf-8.GPU.S9825,FourHundredGigE1/0/54,206559,617288370,45404,109292852,1.37,0.23
2024/05/24 星期五 00:57:41.019,1716483461019,NH-DC-NM129-D06-ROCE-Leaf-8.GPU.S9825,FourHundredGigE1/0/54,0,0,0,0,0,0
2024/05/24 星期五 00:57:41.566,1716483461566,NH-DC-NM129-D06-ROCE-Leaf-8.GPU.S9825,FourHundredGigE1/0/54,180871,595087412,177247,662821370,1.35,1.51
2024/05/24 星期五 00:57:42.070,1716483462070,NH-DC-NM129-D06-ROCE-Leaf-8.GPU.S9825,FourHundredGigE1/0/54,336062,1218539604,66602,91456904,3.00,0.22
2024/05/24 星期五 00:57:43.232,1716483463232,NH-DC-NM129-D06-ROCE-Leaf-8.GPU.S9825,FourHundredGigE1/0/54,0,0,0,0,0,0
2024/05/24 星期五 00:57:43.733,1716483463733,NH-DC-NM129-D06-ROCE-Leaf-8.GPU.S9825,FourHundredGigE1/0/54,348792,1252688874,491334,1894023056,3.12,4.72
2024/05/24 星期五 00:57:44.441,1716483464441,NH-DC-NM129-D06-ROCE-Leaf-8.GPU.S9825,FourHundredGigE1/0/54,225860,745320808,55876,208216484,1.31,0.35
2024/05/24 星期五 00:57:44.979,1716483464979,NH-DC-NM129-D06-ROCE-Leaf-8.GPU.S9825,FourHundredGigE1/0/54,0,0,0,0,0,0
2024/05/24 星期五 00:57:45.490,1716483465490,NH-DC-NM129-D06-ROCE-Leaf-8.GPU.S9825,FourHundredGigE1/0/54,382174,1488838756,322372,1284707756,3.62,3.13
2024/05/24 星期五 00:57:46.334,1716483466334,NH-DC-NM129-D06-ROCE-Leaf-8.GPU.S9825,FourHundredGigE1/0/54,588950,2375956828,120430,470108476,3.51,0.70
2024/05/24 星期五 00:57:46.837,1716483466837,NH-DC-NM129-D06-ROCE-Leaf-8.GPU.S9825,FourHundredGigE1/0/54,0,0,0,0,0,0
2024/05/24 星期五 00:57:47.338,1716483467338,NH-DC-NM129-D06-ROCE-Leaf-8.GPU.S9825,FourHundredGigE1/0/54,177163,709360100,182921,671234842,1.75,1.67
2024/05/24 星期五 00:57:47.985,1716483467985,NH-DC-NM129-D06-ROCE-Leaf-8.GPU.S9825,FourHundredGigE1/0/54,0,0,0,0,0,0
2024/05/24 星期五 00:57:48.559,1716483468559,NH-DC-NM129-D06-ROCE-Leaf-8.GPU.S9825,FourHundredGigE1/0/54,258455,984254468,195002,699436704,2.13,1.50
2024/05/24 星期五 00:57:49.057,1716483469057,NH-DC-NM129-D06-ROCE-Leaf-8.GPU.S9825,FourHundredGigE1/0/54,0,0,0,0,0,0
2024/05/24 星期五 00:57:49.748,1716483469748,NH-DC-NM129-D06-ROCE-Leaf-8.GPU.S9825,FourHundredGigE1/0/54,788775,3181631300,375569,1394926094,5.75,2.51
2024/05/24 星期五 00:57:50.274,1716483470274,NH-DC-NM129-D06-ROCE-Leaf-8.GPU.S9825,FourHundredGigE1/0/54,0,0,0,0,0,0
2024/05/24 星期五 00:57:50.777,1716483470777,NH-DC-NM129-D06-ROCE-Leaf-8.GPU.S9825,FourHundredGigE1/0/54,189402,717401990,159136,581681972,1.76,1.44
2024/05/24 星期五 00:57:51.359,1716483471359,NH-DC-NM129-D06-ROCE-Leaf-8.GPU.S9825,FourHundredGigE1/0/54,216385,842660550,200193,734591994,1.80,1.57
2024/05/24 星期五 00:57:52.763,1716483472763,NH-DC-NM129-D06-ROCE-Leaf-8.GPU.S9825,FourHundredGigE1/0/54,137879,521132170,294332,1166112202,0.46,1.03
2024/05/24 星期五 00:57:53.428,1716483473428,NH-DC-NM129-D06-ROCE-Leaf-8.GPU.S9825,FourHundredGigE1/0/54,106585,396556466,128694,476673554,0.73,0.88
2024/05/24 星期五 00:57:53.930,1716483473930,NH-DC-NM129-D06-ROCE-Leaf-8.GPU.S9825,FourHundredGigE1/0/54,0,0,0,0,0,0
2024/05/24 星期五 00:57:54.492,1716483474492,NH-DC-NM129-D06-ROCE-Leaf-8.GPU.S9825,FourHundredGigE1/0/54,277786,1060472995,149717,563990058,2.36,1.25
2024/05/24 星期五 00:57:55.158,1716483475158,NH-DC-NM129-D06-ROCE-Leaf-8.GPU.S9825,FourHundredGigE1/0/54,0,0,0,0,0,0
2024/05/24 星期五 00:57:56.268,1716483476268,NH-DC-NM129-D06-ROCE-Leaf-8.GPU.S9825,FourHundredGigE1/0/54,655619,2614341984,386548,1505515716,2.94,1.69
2024/05/24 星期五 00:57:56.842,1716483476842,NH-DC-NM129-D06-ROCE-Leaf-8.GPU.S9825,FourHundredGigE1/0/54,0,0,0,0,0,0
2024/05/24 星期五 00:57:57.342,1716483477342,NH-DC-NM129-D06-ROCE-Leaf-8.GPU.S9825,FourHundredGigE1/0/54,191842,735135060,182257,711445623,1.82,1.78
2024/05/24 星期五 00:57:59.457,1716483479457,NH-DC-NM129-D06-ROCE-Leaf-8.GPU.S9825,FourHundredGigE1/0/54,332575,1316628100,362910,1428711124,0.77,0.84
2024/05/24 星期五 00:58:00.289,1716483480289,NH-DC-NM129-D06-ROCE-Leaf-8.GPU.S9825,FourHundredGigE1/0/54,314122,1235325348,144147,437178414,1.85,0.65
2024/05/24 星期五 00:58:00.799,1716483480799,NH-DC-NM129-D06-ROCE-Leaf-8.GPU.S9825,FourHundredGigE1/0/54,0,0,0,0,0,0
2024/05/24 星期五 00:58:01.328,1716483481328,NH-DC-NM129-D06-ROCE-Leaf-8.GPU.S9825,FourHundredGigE1/0/54,102007,408036716,211609,792442102,0.95,1.87
2024/05/24 星期五 00:58:01.952,1716483481952,NH-DC-NM129-D06-ROCE-Leaf-8.GPU.S9825,FourHundredGigE1/0/54,0,0,0,0,0,0
2024/05/24 星期五 00:58:02.454,1716483482454,NH-DC-NM129-D06-ROCE-Leaf-8.GPU.S9825,FourHundredGigE1/0/54,80947,283855866,130743,476871239,0.70,1.17
2024/05/24 星期五 00:58:02.972,1716483482972,NH-DC-NM129-D06-ROCE-Leaf-8.GPU.S9825,FourHundredGigE1/0/54,0,0,0,0,0,0
2024/05/24 星期五 00:58:03.796,1716483483796,NH-DC-NM129-D06-ROCE-Leaf-8.GPU.S9825,FourHundredGigE1/0/54,354345,1444206798,105714,377506576,2.18,0.56
2024/05/24 星期五 00:58:04.298,1716483484298,NH-DC-NM129-D06-ROCE-Leaf-8.GPU.S9825,FourHundredGigE1/0/54,0,0,0,0,0,0
2024/05/24 星期五 00:58:04.798,1716483484798,NH-DC-NM129-D06-ROCE-Leaf-8.GPU.S9825,FourHundredGigE1/0/54,75865,282468230,165834,627127720,0.7,1.55
2024/05/24 星期五 00:58:05.520,1716483485520,NH-DC-NM129-D06-ROCE-Leaf-8.GPU.S9825,FourHundredGigE1/0/54,17740,67527920,56202,134792156,0.10,0.23
2024/05/24 星期五 00:58:06.021,1716483486021,NH-DC-NM129-D06-ROCE-Leaf-8.GPU.S9825,FourHundredGigE1/0/54,0,0,0,0,0,0
2024/05/24 星期五 00:58:06.522,1716483486522,NH-DC-NM129-D06-ROCE-Leaf-8.GPU.S9825,FourHundredGigE1/0/54,71825,288463718,105307,385070470,0.70,0.95
2024/05/24 星期五 00:58:07.267,1716483487267,NH-DC-NM129-D06-ROCE-Leaf-8.GPU.S9825,FourHundredGigE1/0/54,0,0,0,0,0,0
2024/05/24 星期五 00:58:07.767,1716483487767,NH-DC-NM129-D06-ROCE-Leaf-8.GPU.S9825,FourHundredGigE1/0/54,306523,1251540732,251593,990365454,3.12,2.48
2024/05/24 星期五 00:58:08.269,1716483488269,NH-DC-NM129-D06-ROCE-Leaf-8.GPU.S9825,FourHundredGigE1/0/54,170755,657324072,106033,392484470,1.62,0.97
2024/05/24 星期五 00:58:08.865,1716483488865,NH-DC-NM129-D06-ROCE-Leaf-8.GPU.S9825,FourHundredGigE1/0/54,0,0,0,0,0,0
2024/05/24 星期五 00:58:09.399,1716483489399,NH-DC-NM129-D06-ROCE-Leaf-8.GPU.S9825,FourHundredGigE1/0/54,227399,910195448,100255,347068502,2.13,0.80
2024/05/24 星期五 00:58:10.043,1716483490043,NH-DC-NM129-D06-ROCE-Leaf-8.GPU.S9825,FourHundredGigE1/0/54,168651,652513028,51327,175226302,1.26,0.33
2024/05/24 星期五 00:58:10.727,1716483490727,NH-DC-NM129-D06-ROCE-Leaf-8.GPU.S9825,FourHundredGigE1/0/54,0,0,0,0,0,0
2024/05/24 星期五 00:58:11.229,1716483491229,NH-DC-NM129-D06-ROCE-Leaf-8.GPU.S9825,FourHundredGigE1/0/54,0,0,0,0,0,0
2024/05/24 星期五 00:58:11.733,1716483491733,NH-DC-NM129-D06-ROCE-Leaf-8.GPU.S9825,FourHundredGigE1/0/54,186765,712383694,452761,1810851726,1.76,4.49
2024/05/24 星期五 00:58:12.390,1716483492390,NH-DC-NM129-D06-ROCE-Leaf-8.GPU.S9825,FourHundredGigE1/0/54,67453,230086014,155787,535023282,0.44,1.01
2024/05/24 星期五 00:58:12.893,1716483492893,NH-DC-NM129-D06-ROCE-Leaf-8.GPU.S9825,FourHundredGigE1/0/54,0,0,0,0,0,0
2024/05/24 星期五 00:58:13.394,1716483493394,NH-DC-NM129-D06-ROCE-Leaf-8.GPU.S9825,FourHundredGigE1/0/54,285074,1082371700,222161,870090786,2.69,2.17
2024/05/24 星期五 00:58:14.106,1716483494106,NH-DC-NM129-D06-ROCE-Leaf-8.GPU.S9825,FourHundredGigE1/0/54,0,0,0,0,0,0
2024/05/24 星期五 00:58:14.607,1716483494607,NH-DC-NM129-D06-ROCE-Leaf-8.GPU.S9825,FourHundredGigE1/0/54,405102,1600694786,366049,1416372450,3.99,3.52
2024/05/24 星期五 00:58:15.151,1716483495151,NH-DC-NM129-D06-ROCE-Leaf-8.GPU.S9825,FourHundredGigE1/0/54,0,0,0,0,0,0
2024/05/24 星期五 00:58:15.654,1716483495654,NH-DC-NM129-D06-ROCE-Leaf-8.GPU.S9825,FourHundredGigE1/0/54,398878,1538989230,226374,869285010,3.80,2.14
2024/05/24 星期五 00:58:16.222,1716483496222,NH-DC-NM129-D06-ROCE-Leaf-8.GPU.S9825,FourHundredGigE1/0/54,177881,672559538,556708,2132037846,1.47,4.69
2024/05/24 星期五 00:58:16.836,1716483496836,NH-DC-NM129-D06-ROCE-Leaf-8.GPU.S9825,FourHundredGigE1/0/54,0,0,0,0,0,0
2024/05/24 星期五 00:58:17.542,1716483497542,NH-DC-NM129-D06-ROCE-Leaf-8.GPU.S9825,FourHundredGigE1/0/54,184633,694552862,170857,636697370,1.22,1.12
2024/05/24 星期五 00:58:18.045,1716483498045,NH-DC-NM129-D06-ROCE-Leaf-8.GPU.S9825,FourHundredGigE1/0/54,0,0,0,0,0,0
2024/05/24 星期五 00:58:18.546,1716483498546,NH-DC-NM129-D06-ROCE-Leaf-8.GPU.S9825,FourHundredGigE1/0/54,506267,2026927384,425169,1614136852,5.04,4.02
2024/05/24 星期五 00:58:19.802,1716483499802,NH-DC-NM129-D06-ROCE-Leaf-8.GPU.S9825,FourHundredGigE1/0/54,0,0,0,0,0,0
2024/05/24 星期五 00:58:20.566,1716483500566,NH-DC-NM129-D06-ROCE-Leaf-8.GPU.S9825,FourHundredGigE1/0/54,186595,704036487,146054,548070346,1.15,0.88
2024/05/24 星期五 00:58:21.182,1716483501182,NH-DC-NM129-D06-ROCE-Leaf-8.GPU.S9825,FourHundredGigE1/0/54,0,0,0,0,0,0
2024/05/24 星期五 00:58:21.685,1716483501685,NH-DC-NM129-D06-ROCE-Leaf-8.GPU.S9825,FourHundredGigE1/0/54,610670,2436115834,112724,387260708,6.04,0.94
2024/05/24 星期五 00:58:22.269,1716483502269,NH-DC-NM129-D06-ROCE-Leaf-8.GPU.S9825,FourHundredGigE1/0/54,120632,461408480,85857,282254918,0.98,0.60
2024/05/24 星期五 00:58:22.869,1716483502869,NH-DC-NM129-D06-ROCE-Leaf-8.GPU.S9825,FourHundredGigE1/0/54,0,0,0,0,0,0
2024/05/24 星期五 00:58:23.370,1716483503370,NH-DC-NM129-D06-ROCE-Leaf-8.GPU.S9825,FourHundredGigE1/0/54,188855,749618678,152251,572937414,1.85,1.42
2024/05/24 星期五 00:58:24.119,1716483504119,NH-DC-NM129-D06-ROCE-Leaf-8.GPU.S9825,FourHundredGigE1/0/54,0,0,0,0,0,0
2024/05/24 星期五 00:58:24.718,1716483504718,NH-DC-NM129-D06-ROCE-Leaf-8.GPU.S9825,FourHundredGigE1/0/54,164073,611932075,159564,585871376,1.27,1.21
2024/05/24 星期五 00:58:25.217,1716483505217,NH-DC-NM129-D06-ROCE-Leaf-8.GPU.S9825,FourHundredGigE1/0/54,316127,1253622026,322714,1245948832,3.13,3.11
2024/05/24 星期五 00:58:25.784,1716483505784,NH-DC-NM129-D06-ROCE-Leaf-8.GPU.S9825,FourHundredGigE1/0/54,0,0,0,0,0,0
2024/05/24 星期五 00:58:26.417,1716483506417,NH-DC-NM129-D06-ROCE-Leaf-8.GPU.S9825,FourHundredGigE1/0/54,112448,428529548,513162,2003914100,0.83,3.95
2024/05/24 星期五 00:58:26.919,1716483506919,NH-DC-NM129-D06-ROCE-Leaf-8.GPU.S9825,FourHundredGigE1/0/54,0,0,0,0,0,0
2024/05/24 星期五 00:58:30.394,1716483510394,NH-DC-NM129-D06-ROCE-Leaf-8.GPU.S9825,FourHundredGigE1/0/54,1136803,4042440230,1110211,4278530199,1.45,1.54
2024/05/24 星期五 00:58:31.184,1716483511184,NH-DC-NM129-D06-ROCE-Leaf-8.GPU.S9825,FourHundredGigE1/0/54,301899,996522428,96875,302510674,1.57,0.47
2024/05/24 星期五 00:58:31.787,1716483511787,NH-DC-NM129-D06-ROCE-Leaf-8.GPU.S9825,FourHundredGigE1/0/54,0,0,0,0,0,0
2024/05/24 星期五 00:58:32.378,1716483512378,NH-DC-NM129-D06-ROCE-Leaf-8.GPU.S9825,FourHundredGigE1/0/54,411057,1514653958,268778,1062881112,3.19,2.24
2024/05/24 星期五 00:58:32.930,1716483512930,NH-DC-NM129-D06-ROCE-Leaf-8.GPU.S9825,FourHundredGigE1/0/54,0,0,0,0,0,0
2024/05/24 星期五 00:58:33.432,1716483513432,NH-DC-NM129-D06-ROCE-Leaf-8.GPU.S9825,FourHundredGigE1/0/54,252147,909660174,55336,152509068,2.24,0.37
2024/05/24 星期五 00:58:34.004,1716483514004,NH-DC-NM129-D06-ROCE-Leaf-8.GPU.S9825,FourHundredGigE1/0/54,0,0,0,0,0,0
2024/05/24 星期五 00:58:34.778,1716483514778,NH-DC-NM129-D06-ROCE-Leaf-8.GPU.S9825,FourHundredGigE1/0/54,224649,818896476,213784,833144720,1.31,1.34
2024/05/24 星期五 00:58:35.282,1716483515282,NH-DC-NM129-D06-ROCE-Leaf-8.GPU.S9825,FourHundredGigE1/0/54,263448,985231040,106264,379830348,2.43,0.92
2024/05/24 星期五 00:58:35.850,1716483515850,NH-DC-NM129-D06-ROCE-Leaf-8.GPU.S9825,FourHundredGigE1/0/54,0,0,0,0,0,0
2024/05/24 星期五 00:58:36.437,1716483516437,NH-DC-NM129-D06-ROCE-Leaf-8.GPU.S9825,FourHundredGigE1/0/54,176325,648046356,349721,1377202550,1.36,2.92
2024/05/24 星期五 00:58:36.941,1716483516941,NH-DC-NM129-D06-ROCE-Leaf-8.GPU.S9825,FourHundredGigE1/0/54,0,0,0,0,0,0
2024/05/24 星期五 00:58:37.446,1716483517446,NH-DC-NM129-D06-ROCE-Leaf-8.GPU.S9825,FourHundredGigE1/0/54,1202982,4389440464,376304,1487726684,10.84,3.66
2024/05/24 星期五 00:58:39.498,1716483519498,NH-DC-NM129-D06-ROCE-Leaf-8.GPU.S9825,FourHundredGigE1/0/54,773183,2855534022,247134,988285064,1.74,0.60
2024/05/24 星期五 00:58:40.233,1716483520233,NH-DC-NM129-D06-ROCE-Leaf-8.GPU.S9825,FourHundredGigE1/0/54,83969,299535870,61846,215499020,0.49,0.36
2024/05/24 星期五 00:58:40.803,1716483520803,NH-DC-NM129-D06-ROCE-Leaf-8.GPU.S9825,FourHundredGigE1/0/54,0,0,0,0,0,0
2024/05/24 星期五 00:58:41.468,1716483521468,NH-DC-NM129-D06-ROCE-Leaf-8.GPU.S9825,FourHundredGigE1/0/54,233816,770938168,317612,1196007440,1.45,2.24
2024/05/24 星期五 00:58:42.024,1716483522024,NH-DC-NM129-D06-ROCE-Leaf-8.GPU.S9825,FourHundredGigE1/0/54,0,0,0,0,0,0
2024/05/24 星期五 00:58:42.695,1716483522695,NH-DC-NM129-D06-ROCE-Leaf-8.GPU.S9825,FourHundredGigE1/0/54,102444,302803272,95083,364455822,0.56,0.67
2024/05/24 星期五 00:58:43.289,1716483523289,NH-DC-NM129-D06-ROCE-Leaf-8.GPU.S9825,FourHundredGigE1/0/54,298838,1109265524,421204,1623724092,2.31,3.41
2024/05/24 星期五 00:58:43.857,1716483523857,NH-DC-NM129-D06-ROCE-Leaf-8.GPU.S9825,FourHundredGigE1/0/54,0,0,0,0,0,0
2024/05/24 星期五 00:58:44.408,1716483524408,NH-DC-NM129-D06-ROCE-Leaf-8.GPU.S9825,FourHundredGigE1/0/54,498387,1880614586,210465,800681370,4.26,1.81
2024/05/24 星期五 00:58:45.196,1716483525196,NH-DC-NM129-D06-ROCE-Leaf-8.GPU.S9825,FourHundredGigE1/0/54,208572,812415344,427531,1710504422,1.28,2.71
2024/05/24 星期五 00:58:45.896,1716483525896,NH-DC-NM129-D06-ROCE-Leaf-8.GPU.S9825,FourHundredGigE1/0/54,0,0,0,0,0,0
2024/05/24 星期五 00:58:46.495,1716483526495,NH-DC-NM129-D06-ROCE-Leaf-8.GPU.S9825,FourHundredGigE1/0/54,346747,1383131158,304272,1110944852,2.88,2.32
2024/05/24 星期五 00:58:47.097,1716483527097,NH-DC-NM129-D06-ROCE-Leaf-8.GPU.S9825,FourHundredGigE1/0/54,0,0,0,0,0,0
2024/05/24 星期五 00:58:47.600,1716483527600,NH-DC-NM129-D06-ROCE-Leaf-8.GPU.S9825,FourHundredGigE1/0/54,393768,1463490543,584154,2262802174,3.63,5.62
2024/05/24 星期五 00:58:48.179,1716483528179,NH-DC-NM129-D06-ROCE-Leaf-8.GPU.S9825,FourHundredGigE1/0/54,0,0,0,0,0,0
2024/05/24 星期五 00:58:48.682,1716483528682,NH-DC-NM129-D06-ROCE-Leaf-8.GPU.S9825,FourHundredGigE1/0/54,297122,1061729826,85724,269278506,2.63,0.65
2024/05/24 星期五 00:58:49.351,1716483529351,NH-DC-NM129-D06-ROCE-Leaf-8.GPU.S9825,FourHundredGigE1/0/54,41618,138791290,83173,203768290,0.24,0.37
2024/05/24 星期五 00:58:49.896,1716483529896,NH-DC-NM129-D06-ROCE-Leaf-8.GPU.S9825,FourHundredGigE1/0/54,0,0,0,0,0,0
2024/05/24 星期五 00:58:50.467,1716483530467,NH-DC-NM129-D06-ROCE-Leaf-8.GPU.S9825,FourHundredGigE1/0/54,271678,1015997466,356191,1414329974,2.21,3.09
2024/05/24 星期五 00:58:50.968,1716483530968,NH-DC-NM129-D06-ROCE-Leaf-8.GPU.S9825,FourHundredGigE1/0/54,0,0,0,0,0,0
2024/05/24 星期五 00:58:51.469,1716483531469,NH-DC-NM129-D06-ROCE-Leaf-8.GPU.S9825,FourHundredGigE1/0/54,58413,213739466,89024,343906372,0.52,0.85
2024/05/24 星期五 00:58:51.974,1716483531974,NH-DC-NM129-D06-ROCE-Leaf-8.GPU.S9825,FourHundredGigE1/0/54,0,0,0,0,0,0
2024/05/24 星期五 00:58:52.633,1716483532633,NH-DC-NM129-D06-ROCE-Leaf-8.GPU.S9825,FourHundredGigE1/0/54,118752,409632088,167990,665533572,0.76,1.25
2024/05/24 星期五 00:58:53.211,1716483533211,NH-DC-NM129-D06-ROCE-Leaf-8.GPU.S9825,FourHundredGigE1/0/54,0,0,0,0,0,0
2024/05/24 星期五 00:58:53.715,1716483533715,NH-DC-NM129-D06-ROCE-Leaf-8.GPU.S9825,FourHundredGigE1/0/54,262634,988642572,209849,766932350,2.43,1.88
2024/05/24 星期五 00:58:54.296,1716483534296,NH-DC-NM129-D06-ROCE-Leaf-8.GPU.S9825,FourHundredGigE1/0/54,312380,1236303317,224480,827939388,2.65,1.76
2024/05/24 星期五 00:58:54.868,1716483534868,NH-DC-NM129-D06-ROCE-Leaf-8.GPU.S9825,FourHundredGigE1/0/54,0,0,0,0,0,0
2024/05/24 星期五 00:58:55.369,1716483535369,NH-DC-NM129-D06-ROCE-Leaf-8.GPU.S9825,FourHundredGigE1/0/54,1160939,4748502762,136986,541891492,11.83,1.35
2024/05/24 星期五 00:58:56.138,1716483536138,NH-DC-NM129-D06-ROCE-Leaf-8.GPU.S9825,FourHundredGigE1/0/54,0,0,0,0,0,0
2024/05/24 星期五 00:58:56.739,1716483536739,NH-DC-NM129-D06-ROCE-Leaf-8.GPU.S9825,FourHundredGigE1/0/54,4876067,19941965990,187214,684944096,41.47,1.41
2024/05/24 星期五 00:58:57.317,1716483537317,NH-DC-NM129-D06-ROCE-Leaf-8.GPU.S9825,FourHundredGigE1/0/54,3063935,12517117682,410382,1623763348,27.05,3.50
2024/05/24 星期五 00:58:57.872,1716483537872,NH-DC-NM129-D06-ROCE-Leaf-8.GPU.S9825,FourHundredGigE1/0/54,0,0,0,0,0,0
2024/05/24 星期五 00:58:58.514,1716483538514,NH-DC-NM129-D06-ROCE-Leaf-8.GPU.S9825,FourHundredGigE1/0/54,244785,982463956,115440,424870907,1.91,0.82
2024/05/24 星期五 00:58:59.976,1716483539976,NH-DC-NM129-D06-ROCE-Leaf-8.GPU.S9825,FourHundredGigE1/0/54,122131,422817458,214116,771327118,0.36,0.66
2024/05/24 星期五 00:59:00.482,1716483540482,NH-DC-NM129-D06-ROCE-Leaf-8.GPU.S9825,FourHundredGigE1/0/54,132553,513297467,108662,422244616,1.26,1.04
2024/05/24 星期五 00:59:01.078,1716483541078,NH-DC-NM129-D06-ROCE-Leaf-8.GPU.S9825,FourHundredGigE1/0/54,0,0,0,0,0,0
2024/05/24 星期五 00:59:01.730,1716483541730,NH-DC-NM129-D06-ROCE-Leaf-8.GPU.S9825,FourHundredGigE1/0/54,383723,1531560491,113637,441309922,2.93,0.84
2024/05/24 星期五 00:59:02.362,1716483542362,NH-DC-NM129-D06-ROCE-Leaf-8.GPU.S9825,FourHundredGigE1/0/54,148773,531299820,153080,556731584,1.05,1.09
2024/05/24 星期五 00:59:02.941,1716483542941,NH-DC-NM129-D06-ROCE-Leaf-8.GPU.S9825,FourHundredGigE1/0/54,0,0,0,0,0,0
2024/05/24 星期五 00:59:03.460,1716483543460,NH-DC-NM129-D06-ROCE-Leaf-8.GPU.S9825,FourHundredGigE1/0/54,243115,888838008,154318,571414780,2.12,1.37
2024/05/24 星期五 00:59:04.060,1716483544060,NH-DC-NM129-D06-ROCE-Leaf-8.GPU.S9825,FourHundredGigE1/0/54,0,0,0,0,0,0
2024/05/24 星期五 00:59:04.604,1716483544604,NH-DC-NM129-D06-ROCE-Leaf-8.GPU.S9825,FourHundredGigE1/0/54,389866,1515363748,123988,436066156,3.47,0.99
2024/05/24 星期五 00:59:05.197,1716483545197,NH-DC-NM129-D06-ROCE-Leaf-8.GPU.S9825,FourHundredGigE1/0/54,0,0,0,0,0,0
2024/05/24 星期五 00:59:05.706,1716483545706,NH-DC-NM129-D06-ROCE-Leaf-8.GPU.S9825,FourHundredGigE1/0/54,190431,728119588,120471,442006146,1.77,1.08
2024/05/24 星期五 00:59:06.327,1716483546327,NH-DC-NM129-D06-ROCE-Leaf-8.GPU.S9825,FourHundredGigE1/0/54,223842,800871802,125206,442787816,1.61,0.89
2024/05/24 星期五 00:59:06.898,1716483546898,NH-DC-NM129-D06-ROCE-Leaf-8.GPU.S9825,FourHundredGigE1/0/54,0,0,0,0,0,0
2024/05/24 星期五 00:59:08.016,1716483548016,NH-DC-NM129-D06-ROCE-Leaf-8.GPU.S9825,FourHundredGigE1/0/54,247781,992372422,310036,1211804776,1.11,1.35
2024/05/24 星期五 00:59:08.518,1716483548518,NH-DC-NM129-D06-ROCE-Leaf-8.GPU.S9825,FourHundredGigE1/0/54,166708,619315048,542200,2154306216,1.52,5.35
2024/05/24 星期五 00:59:09.088,1716483549088,NH-DC-NM129-D06-ROCE-Leaf-8.GPU.S9825,FourHundredGigE1/0/54,0,0,0,0,0,0
2024/05/24 星期五 00:59:09.606,1716483549606,NH-DC-NM129-D06-ROCE-Leaf-8.GPU.S9825,FourHundredGigE1/0/54,293486,1104800444,403005,1558349494,2.65,3.74
2024/05/24 星期五 00:59:10.188,1716483550188,NH-DC-NM129-D06-ROCE-Leaf-8.GPU.S9825,FourHundredGigE1/0/54,0,0,0,0,0,0
2024/05/24 星期五 00:59:10.690,1716483550690,NH-DC-NM129-D06-ROCE-Leaf-8.GPU.S9825,FourHundredGigE1/0/54,165345,580180362,282514,1108955896,1.44,2.74
2024/05/24 星期五 00:59:11.306,1716483551306,NH-DC-NM129-D06-ROCE-Leaf-8.GPU.S9825,FourHundredGigE1/0/54,185006,699657284,299657,1177217978,1.40,2.37
2024/05/24 星期五 00:59:11.820,1716483551820,NH-DC-NM129-D06-ROCE-Leaf-8.GPU.S9825,FourHundredGigE1/0/54,0,0,0,0,0,0
2024/05/24 星期五 00:59:12.417,1716483552417,NH-DC-NM129-D06-ROCE-Leaf-8.GPU.S9825,FourHundredGigE1/0/54,307121,1217962618,145181,510573882,2.53,1.07
2024/05/24 星期五 00:59:13.050,1716483553050,NH-DC-NM129-D06-ROCE-Leaf-8.GPU.S9825,FourHundredGigE1/0/54,0,0,0,0,0,0
2024/05/24 星期五 00:59:13.553,1716483553553,NH-DC-NM129-D06-ROCE-Leaf-8.GPU.S9825,FourHundredGigE1/0/54,99876,403061276,75732,287960916,0.99,0.70
2024/05/24 星期五 00:59:14.122,1716483554122,NH-DC-NM129-D06-ROCE-Leaf-8.GPU.S9825,FourHundredGigE1/0/54,0,0,0,0,0,0
2024/05/24 星期五 00:59:14.679,1716483554679,NH-DC-NM129-D06-ROCE-Leaf-8.GPU.S9825,FourHundredGigE1/0/54,99620,339789036,136073,540271734,0.74,1.21
2024/05/24 星期五 00:59:15.217,1716483555217,NH-DC-NM129-D06-ROCE-Leaf-8.GPU.S9825,FourHundredGigE1/0/54,0,0,0,0,0,0
2024/05/24 星期五 00:59:15.722,1716483555722,NH-DC-NM129-D06-ROCE-Leaf-8.GPU.S9825,FourHundredGigE1/0/54,156732,572920504,90749,289721098,1.41,0.69
2024/05/24 星期五 00:59:16.394,1716483556394,NH-DC-NM129-D06-ROCE-Leaf-8.GPU.S9825,FourHundredGigE1/0/54,215517,821881966,292946,1179374497,1.53,2.18
2024/05/24 星期五 00:59:16.908,1716483556908,NH-DC-NM129-D06-ROCE-Leaf-8.GPU.S9825,FourHundredGigE1/0/54,0,0,0,0,0,0
2024/05/24 星期五 00:59:17.409,1716483557409,NH-DC-NM129-D06-ROCE-Leaf-8.GPU.S9825,FourHundredGigE1/0/54,225873,886245700,106148,418173216,2.20,1.02
2024/05/24 星期五 00:59:17.980,1716483557980,NH-DC-NM129-D06-ROCE-Leaf-8.GPU.S9825,FourHundredGigE1/0/54,0,0,0,0,0,0
2024/05/24 星期五 00:59:18.720,1716483558720,NH-DC-NM129-D06-ROCE-Leaf-8.GPU.S9825,FourHundredGigE1/0/54,800359,3185325912,388458,1562165158,5.37,2.64
2024/05/24 星期五 00:59:19.938,1716483559938,NH-DC-NM129-D06-ROCE-Leaf-8.GPU.S9825,FourHundredGigE1/0/54,0,0,0,0,0,0
2024/05/24 星期五 00:59:20.470,1716483560470,NH-DC-NM129-D06-ROCE-Leaf-8.GPU.S9825,FourHundredGigE1/0/54,127060,508015404,179017,653070298,1.17,1.53
2024/05/24 星期五 00:59:21.002,1716483561002,NH-DC-NM129-D06-ROCE-Leaf-8.GPU.S9825,FourHundredGigE1/0/54,0,0,0,0,0,0
2024/05/24 星期五 00:59:21.646,1716483561646,NH-DC-NM129-D06-ROCE-Leaf-8.GPU.S9825,FourHundredGigE1/0/54,210334,741865020,175427,494329754,1.44,0.95
2024/05/24 星期五 00:59:22.163,1716483562163,NH-DC-NM129-D06-ROCE-Leaf-8.GPU.S9825,FourHundredGigE1/0/54,0,0,0,0,0,0
2024/05/24 星期五 00:59:22.739,1716483562739,NH-DC-NM129-D06-ROCE-Leaf-8.GPU.S9825,FourHundredGigE1/0/54,74531,278698954,120716,456756448,0.59,0.98
2024/05/24 星期五 00:59:23.434,1716483563434,NH-DC-NM129-D06-ROCE-Leaf-8.GPU.S9825,FourHundredGigE1/0/54,441337,1723557206,363516,1487582140,3.09,2.66
2024/05/24 星期五 00:59:23.999,1716483563999,NH-DC-NM129-D06-ROCE-Leaf-8.GPU.S9825,FourHundredGigE1/0/54,0,0,0,0,0,0
2024/05/24 星期五 00:59:24.517,1716483564517,NH-DC-NM129-D06-ROCE-Leaf-8.GPU.S9825,FourHundredGigE1/0/54,335625,1145765123,204208,350652840,2.75,0.84
2024/05/24 星期五 00:59:25.101,1716483565101,NH-DC-NM129-D06-ROCE-Leaf-8.GPU.S9825,FourHundredGigE1/0/54,0,0,0,0,0,0
2024/05/24 星期五 00:59:25.635,1716483565635,NH-DC-NM129-D06-ROCE-Leaf-8.GPU.S9825,FourHundredGigE1/0/54,194286,670544428,242607,868159226,1.57,2.01
2024/05/24 星期五 00:59:26.275,1716483566275,NH-DC-NM129-D06-ROCE-Leaf-8.GPU.S9825,FourHundredGigE1/0/54,574345,2251957278,252555,1004181674,4.39,1.95
2024/05/24 星期五 00:59:26.887,1716483566887,NH-DC-NM129-D06-ROCE-Leaf-8.GPU.S9825,FourHundredGigE1/0/54,0,0,0,0,0,0
2024/05/24 星期五 00:59:27.388,1716483567388,NH-DC-NM129-D06-ROCE-Leaf-8.GPU.S9825,FourHundredGigE1/0/54,155458,620917708,203006,752616960,1.55,1.87
2024/05/24 星期五 00:59:27.938,1716483567938,NH-DC-NM129-D06-ROCE-Leaf-8.GPU.S9825,FourHundredGigE1/0/54,0,0,0,0,0,0
2024/05/24 星期五 00:59:28.608,1716483568608,NH-DC-NM129-D06-ROCE-Leaf-8.GPU.S9825,FourHundredGigE1/0/54,94802,344058692,91332,332809288,0.63,0.62
2024/05/24 星期五 00:59:29.119,1716483569119,NH-DC-NM129-D06-ROCE-Leaf-8.GPU.S9825,FourHundredGigE1/0/54,0,0,0,0,0,0
2024/05/24 星期五 00:59:29.621,1716483569621,NH-DC-NM129-D06-ROCE-Leaf-8.GPU.S9825,FourHundredGigE1/0/54,96638,323406322,106729,391248742,0.80,0.97
2024/05/24 星期五 00:59:30.226,1716483570226,NH-DC-NM129-D06-ROCE-Leaf-8.GPU.S9825,FourHundredGigE1/0/54,236125,950507616,245994,967210024,1.96,1.98
2024/05/24 星期五 00:59:30.795,1716483570795,NH-DC-NM129-D06-ROCE-Leaf-8.GPU.S9825,FourHundredGigE1/0/54,0,0,0,0,0,0
2024/05/24 星期五 00:59:31.368,1716483571368,NH-DC-NM129-D06-ROCE-Leaf-8.GPU.S9825,FourHundredGigE1/0/54,110702,371451884,127227,470580326,0.81,1.03
2024/05/24 星期五 00:59:32.642,1716483572642,NH-DC-NM129-D06-ROCE-Leaf-8.GPU.S9825,FourHundredGigE1/0/54,520140,2091854762,238571,949666258,2.05,0.92
2024/05/24 星期五 00:59:33.236,1716483573236,NH-DC-NM129-D06-ROCE-Leaf-8.GPU.S9825,FourHundredGigE1/0/54,0,0,0,0,0,0
2024/05/24 星期五 00:59:33.885,1716483573885,NH-DC-NM129-D06-ROCE-Leaf-8.GPU.S9825,FourHundredGigE1/0/54,345668,1388631046,297289,1187162892,2.66,2.27
2024/05/24 星期五 00:59:34.498,1716483574498,NH-DC-NM129-D06-ROCE-Leaf-8.GPU.S9825,FourHundredGigE1/0/54,152546,578267112,717242,2910327334,1.16,5.93
2024/05/24 星期五 00:59:35.069,1716483575069,NH-DC-NM129-D06-ROCE-Leaf-8.GPU.S9825,FourHundredGigE1/0/54,0,0,0,0,0,0
2024/05/24 星期五 00:59:35.615,1716483575615,NH-DC-NM129-D06-ROCE-Leaf-8.GPU.S9825,FourHundredGigE1/0/54,297814,1069224054,277154,1102463010,2.43,2.52
2024/05/24 星期五 00:59:36.274,1716483576274,NH-DC-NM129-D06-ROCE-Leaf-8.GPU.S9825,FourHundredGigE1/0/54,146066,474134526,173754,692405386,0.89,1.31
2024/05/24 星期五 00:59:36.875,1716483576875,NH-DC-NM129-D06-ROCE-Leaf-8.GPU.S9825,FourHundredGigE1/0/54,0,0,0,0,0,0
2024/05/24 星期五 00:59:37.383,1716483577383,NH-DC-NM129-D06-ROCE-Leaf-8.GPU.S9825,FourHundredGigE1/0/54,663886,2663060013,986752,3953747300,6.55,9.72
2024/05/24 星期五 00:59:39.355,1716483579355,NH-DC-NM129-D06-ROCE-Leaf-8.GPU.S9825,FourHundredGigE1/0/54,110621,401802934,375506,1461636488,0.25,0.93
2024/05/24 星期五 00:59:40.138,1716483580138,NH-DC-NM129-D06-ROCE-Leaf-8.GPU.S9825,FourHundredGigE1/0/54,214042,826970736,219744,852161136,1.31,1.36
2024/05/24 星期五 00:59:41.375,1716483581375,NH-DC-NM129-D06-ROCE-Leaf-8.GPU.S9825,FourHundredGigE1/0/54,154831,581722024,347618,1345017768,0.59,1.35
2024/05/24 星期五 00:59:41.912,1716483581912,NH-DC-NM129-D06-ROCE-Leaf-8.GPU.S9825,FourHundredGigE1/0/54,0,0,0,0,0,0
2024/05/24 星期五 00:59:42.488,1716483582488,NH-DC-NM129-D06-ROCE-Leaf-8.GPU.S9825,FourHundredGigE1/0/54,160447,607321700,112426,422554368,1.30,0.91
2024/05/24 星期五 00:59:43.050,1716483583050,NH-DC-NM129-D06-ROCE-Leaf-8.GPU.S9825,FourHundredGigE1/0/54,0,0,0,0,0,0
2024/05/24 星期五 00:59:43.700,1716483583700,NH-DC-NM129-D06-ROCE-Leaf-8.GPU.S9825,FourHundredGigE1/0/54,48224,173129744,84738,327450660,0.33,0.62
2024/05/24 星期五 00:59:44.278,1716483584278,NH-DC-NM129-D06-ROCE-Leaf-8.GPU.S9825,FourHundredGigE1/0/54,451457,1820751794,362641,1435931386,3.94,3.09
2024/05/24 星期五 00:59:44.838,1716483584838,NH-DC-NM129-D06-ROCE-Leaf-8.GPU.S9825,FourHundredGigE1/0/54,0,0,0,0,0,0
2024/05/24 星期五 00:59:45.438,1716483585438,NH-DC-NM129-D06-ROCE-Leaf-8.GPU.S9825,FourHundredGigE1/0/54,178172,713124864,94722,346768492,1.48,0.71
2024/05/24 星期五 00:59:45.949,1716483585949,NH-DC-NM129-D06-ROCE-Leaf-8.GPU.S9825,FourHundredGigE1/0/54,0,0,0,0,0,0
2024/05/24 星期五 00:59:46.453,1716483586453,NH-DC-NM129-D06-ROCE-Leaf-8.GPU.S9825,FourHundredGigE1/0/54,51720,189137244,61147,222314827,0.45,0.55
2024/05/24 星期五 00:59:47.115,1716483587115,NH-DC-NM129-D06-ROCE-Leaf-8.GPU.S9825,FourHundredGigE1/0/54,0,0,0,0,0,0
2024/05/24 星期五 00:59:47.623,1716483587623,NH-DC-NM129-D06-ROCE-Leaf-8.GPU.S9825,FourHundredGigE1/0/54,46961,148444454,114616,430739556,0.34,1.06
2024/05/24 星期五 00:59:48.215,1716483588215,NH-DC-NM129-D06-ROCE-Leaf-8.GPU.S9825,FourHundredGigE1/0/54,0,0,0,0,0,0
2024/05/24 星期五 00:59:48.740,1716483588740,NH-DC-NM129-D06-ROCE-Leaf-8.GPU.S9825,FourHundredGigE1/0/54,311068,1186853776,413400,1518876060,2.81,3.60
2024/05/24 星期五 00:59:49.298,1716483589298,NH-DC-NM129-D06-ROCE-Leaf-8.GPU.S9825,FourHundredGigE1/0/54,0,0,0,0,0,0
2024/05/24 星期五 00:59:49.801,1716483589801,NH-DC-NM129-D06-ROCE-Leaf-8.GPU.S9825,FourHundredGigE1/0/54,193102,747660160,116028,401173936,1.84,0.99
2024/05/24 星期五 00:59:50.511,1716483590511,NH-DC-NM129-D06-ROCE-Leaf-8.GPU.S9825,FourHundredGigE1/0/54,169552,526876980,77193,237651242,0.92,0.40
2024/05/24 星期五 00:59:51.130,1716483591130,NH-DC-NM129-D06-ROCE-Leaf-8.GPU.S9825,FourHundredGigE1/0/54,0,0,0,0,0,0
2024/05/24 星期五 00:59:51.652,1716483591652,NH-DC-NM129-D06-ROCE-Leaf-8.GPU.S9825,FourHundredGigE1/0/54,247361,875058466,340820,1296510218,2.08,3.09
2024/05/24 星期五 00:59:52.326,1716483592326,NH-DC-NM129-D06-ROCE-Leaf-8.GPU.S9825,FourHundredGigE1/0/54,284326,1039755849,283272,1120648136,1.91,2.08
2024/05/24 星期五 00:59:52.872,1716483592872,NH-DC-NM129-D06-ROCE-Leaf-8.GPU.S9825,FourHundredGigE1/0/54,0,0,0,0,0,0
2024/05/24 星期五 00:59:53.399,1716483593399,NH-DC-NM129-D06-ROCE-Leaf-8.GPU.S9825,FourHundredGigE1/0/54,127371,460594962,238125,916061252,1.09,2.16
2024/05/24 星期五 00:59:54.043,1716483594043,NH-DC-NM129-D06-ROCE-Leaf-8.GPU.S9825,FourHundredGigE1/0/54,0,0,0,0,0,0
2024/05/24 星期五 00:59:54.628,1716483594628,NH-DC-NM129-D06-ROCE-Leaf-8.GPU.S9825,FourHundredGigE1/0/54,118987,428767360,130407,474446486,0.90,1.00
2024/05/24 星期五 00:59:55.194,1716483595194,NH-DC-NM129-D06-ROCE-Leaf-8.GPU.S9825,FourHundredGigE1/0/54,222847,883375308,292656,1140416204,1.94,2.52
2024/05/24 星期五 00:59:55.790,1716483595790,NH-DC-NM129-D06-ROCE-Leaf-8.GPU.S9825,FourHundredGigE1/0/54,0,0,0,0,0,0
2024/05/24 星期五 00:59:56.321,1716483596321,NH-DC-NM129-D06-ROCE-Leaf-8.GPU.S9825,FourHundredGigE1/0/54,256088,993460642,166219,584100722,2.33,1.37
2024/05/24 星期五 00:59:56.963,1716483596963,NH-DC-NM129-D06-ROCE-Leaf-8.GPU.S9825,FourHundredGigE1/0/54,0,0,0,0,0,0
2024/05/24 星期五 00:59:57.534,1716483597534,NH-DC-NM129-D06-ROCE-Leaf-8.GPU.S9825,FourHundredGigE1/0/54,403807,1634868358,164471,549150142,3.57,1.18
2024/05/24 星期五 00:59:58.203,1716483598203,NH-DC-NM129-D06-ROCE-Leaf-8.GPU.S9825,FourHundredGigE1/0/54,331479,1348288206,91818,316083668,2.50,0.58
2024/05/24 星期五 00:59:58.893,1716483598893,NH-DC-NM129-D06-ROCE-Leaf-8.GPU.S9825,FourHundredGigE1/0/54,0,0,0,0,0,0
2024/05/24 星期五 00:59:59.478,1716483599478,NH-DC-NM129-D06-ROCE-Leaf-8.GPU.S9825,FourHundredGigE1/0/54,389566,1554790268,190562,674988652,3.31,1.43
